NaN
NaN
NaN
NaN
NaN
NaN
NaN
NaN
NaN
NaN
NaN
NaN
NaN
NaN
NaN
NaN
NaN
NaN
NaN
NaN
248.099877
NaN
NaN
NaN
NaN
NaN
NaN
NaN
NaN
NaN
NaN
NaN
NaN
NaN
NaN
NaN
NaN
NaN
NaN
NaN
NaN
920.456365
NaN
NaN
NaN
NaN
165.898787
52.425404
NaN
310.890097
770.385438
622.832618
26548.617640
NaN
301.085777
NaN
NaN
NaN
35.269409
145.603751
0.829186
46.857311
105.608332
910.028150
407.324554
2043.366194
NaN
17.561584
336.622251
773.401658
93.271502
0.798617
NaN
NaN
395.724807
1409.435669
0.554756
0.554984
0.414965
0.476796
0.358624
1.636636
0.796678
0.456823
0.448893
0.539731
0.767772
0.763727
0.839291
0.777991
0.483064
0.829884
0.534177
0.508751
0.653225
0.776799
1.488870
0.637534
0.609497
0.625278
0.665777
1577.365931
26.697911
0.657016
82.487427
NaN
356.443496
0.634596
0.798637
0.862951
0.661000
1.110641
0.730672
NaN
118.616616
770.461805
0.627439
0.429446
1.448900
0.930293
91.057709
14.563758
101.769721
NaN
161.259299
1491.104897
0.871475
48.111918
3276.008360
NaN
NaN
NaN
NaN
NaN
6.381242
0.803313
0.580944
0.691098
33.371031
NaN
NaN
NaN
NaN
NaN
NaN
NaN
NaN
NaN
NaN
NaN
NaN
1004.250675
192.613452
NaN
NaN
NaN
NaN
NaN
NaN
NaN
NaN
187.800373
2.387275
1026.258043
NaN
353.564524
NaN
NaN
194.118643
152.049007
NaN
NaN
NaN
19166.842499
NaN
NaN
NaN
1175.736311
410.430590
NaN
NaN
NaN
274.559957
2.270611
473.799478
NaN
548.026110
NaN
NaN
NaN
NaN
NaN
NaN
NaN
NaN
NaN
NaN
NaN
NaN
307.444496
NaN
NaN
NaN
NaN
NaN
NaN
NaN
NaN
NaN
NaN
NaN
NaN
NaN
NaN
NaN
NaN
NaN
NaN
NaN
NaN
NaN
NaN
NaN
NaN
NaN
233.270820
NaN
NaN
NaN
NaN
NaN
NaN
NaN
NaN
NaN
NaN
NaN
NaN
NaN
NaN
NaN
NaN
NaN
NaN
NaN
NaN
NaN
NaN
NaN
NaN
NaN
NaN
NaN
260.736899
NaN
NaN
NaN
NaN
NaN
NaN
NaN
NaN
NaN
NaN
NaN
NaN
NaN
NaN
NaN
NaN
NaN
778.146509
1.108091
NaN
NaN
NaN
NaN
NaN
NaN
NaN
250.419939
NaN
NaN
NaN
NaN
