NaN
NaN
125.978678
355.322783
NaN
NaN
NaN
NaN
388.521234
NaN
NaN
NaN
NaN
NaN
NaN
NaN
NaN
NaN
NaN
108.740382
NaN
NaN
NaN
220.538100
NaN
183.902190
NaN
NaN
23.070435
NaN
NaN
NaN
NaN
NaN
NaN
NaN
NaN
NaN
NaN
NaN
NaN
NaN
522.162465
NaN
NaN
NaN
NaN
179.450042
NaN
NaN
NaN
NaN
NaN
NaN
113.500646
NaN
NaN
274.947256
NaN
NaN
NaN
229.981693
NaN
NaN
NaN
NaN
NaN
2588.749122
NaN
1212.138155
316.514758
NaN
NaN
NaN
NaN
NaN
NaN
6878.373547
398.274800
NaN
426.119707
NaN
137.672040
NaN
617.186761
NaN
NaN
462.365641
378.660531
184.648098
NaN
NaN
NaN
NaN
661.810348
308.486589
984.239953
NaN
NaN
NaN
208.679628
194.231646
399.253236
NaN
NaN
NaN
NaN
139.967787
197.856829
NaN
18.036813
NaN
NaN
NaN
NaN
289.697778
NaN
460.836597
NaN
400.600855
NaN
1006.800304
413.728096
NaN
2109.852371
376.196896
94.764960
NaN
459.412600
NaN
887.870903
769.063808
NaN
149.078183
NaN
NaN
NaN
383.198604
NaN
NaN
NaN
NaN
NaN
NaN
NaN
206.052073
357.876863
1014.907396
NaN
283.093848
NaN
NaN
NaN
NaN
531.344595
NaN
NaN
NaN
NaN
783.503103
192.036345
390.181387
355.030988
72.161915
NaN
1089.349194
NaN
NaN
138.869330
NaN
NaN
424.161558
519.933292
99.031532
168.208588
NaN
NaN
NaN
208.875282
37.657313
NaN
NaN
NaN
NaN
NaN
337.296200
102.721869
750.507943
NaN
NaN
11.533114
6.238213
1.152772
379.593297
103.224309
665.391705
0.519283
0.844057
439.634482
NaN
NaN
12.793087
0.747929
0.496205
0.381780
0.698018
0.498689
0.447613
0.545128
0.531685
0.667704
0.475498
0.465587
0.658381
0.600465
0.509023
NaN
NaN
0.577053
0.823693
1.110741
0.521843
125.401346
NaN
NaN
0.408814
3.316654
259.826997
1.571568
15.338084
3844.922473
516.561808
0.845442
0.990468
4.704706
311.801144
263.200393
NaN
NaN
101.243561
148.959283
NaN
NaN
1.105076
0.770577
51.747440
5.396320
426.899426
NaN
1.595757
1139.948070
1151.019525
1685.431244
NaN
NaN
849.252646
NaN
NaN
NaN
NaN
NaN
NaN
0.761497
0.892518
NaN
NaN
NaN
498.979125
NaN
NaN
NaN
NaN
NaN
71.476704
NaN
NaN
NaN
299.330620
NaN
NaN
402.572527
NaN
NaN
NaN
57.690494
