0.837775
0.641996
0.590522
0.537098
0.839487
0.525107
0.590110
0.751465
0.629328
5.720101
1.605145
0.943637
0.926035
0.844750
0.785398
1.550382
0.908449
10.894883
0.701884
0.740910
0.651991
0.350858
140.404250
1.135452
47.984928
0.343027
0.759212
0.513480
1.262486
148.585998
0.522821
205.988927
Inf
335.724844
1.135350
166.032121
17.221865
7.216140
3.203062
2.607652
3.292061
0.500469
1.162173
NaN
NaN
NaN
318.638089
54.286071
56.374200
NaN
9.774415
20.201551
80.023882
196.606870
NaN
NaN
NaN
NaN
NaN
NaN
312.609851
288.862077
NaN
NaN
NaN
315.655143
NaN
NaN
NaN
NaN
NaN
NaN
NaN
1.222980
0.565069
NaN
NaN
NaN
350.057923
318.163033
188.884151
NaN
NaN
NaN
NaN
NaN
NaN
NaN
NaN
NaN
NaN
NaN
NaN
NaN
1047.489082
NaN
NaN
179.108064
NaN
NaN
NaN
NaN
NaN
230.921916
NaN
37.508384
762.919646
NaN
66.648610
NaN
NaN
215.543255
NaN
NaN
NaN
NaN
NaN
360.511096
NaN
NaN
NaN
NaN
NaN
NaN
177.314287
NaN
211.975295
NaN
NaN
NaN
NaN
NaN
136.132973
NaN
NaN
NaN
NaN
NaN
NaN
NaN
NaN
NaN
NaN
NaN
NaN
386.052338
NaN
NaN
NaN
NaN
244.446493
NaN
NaN
NaN
NaN
NaN
NaN
NaN
NaN
3120.398487
163.619515
NaN
169.301902
94.316401
7.593501
137.090661
72.851168
40.159680
NaN
NaN
218.247875
NaN
2.365048
1.664558
NaN
NaN
288.504606
NaN
NaN
715.413980
NaN
NaN
NaN
NaN
NaN
NaN
577.355698
511.203306
NaN
NaN
NaN
234.547076
415.633830
NaN
NaN
291.003364
NaN
NaN
NaN
NaN
NaN
NaN
NaN
89.697481
NaN
NaN
245.952317
276.729328
NaN
NaN
NaN
NaN
NaN
NaN
NaN
NaN
NaN
NaN
410.862848
NaN
320.776555
NaN
NaN
NaN
NaN
235.512162
NaN
NaN
NaN
NaN
NaN
NaN
NaN
NaN
NaN
NaN
NaN
461.628507
NaN
NaN
NaN
NaN
NaN
NaN
NaN
NaN
NaN
NaN
NaN
251.500757
NaN
280.914957
143.117632
270.348845
NaN
NaN
NaN
NaN
NaN
NaN
NaN
NaN
NaN
NaN
1653.439930
NaN
NaN
807.325915
NaN
NaN
130.905998
202.685038
NaN
408.911151
1.971091
NaN
1.803680
NaN
NaN
35.304767
72.292410
NaN
NaN
NaN
NaN
