0.555149
0.613661
0.649711
0.902886
0.566470
0.612816
0.428184
0.538913
0.829414
0.473312
0.616909
0.673317
0.401971
0.926427
0.707432
0.880464
0.915509
0.860783
0.496553
0.743619
27.256460
0.750728
1.028360
0.899846
1.402544
12.168458
0.560680
0.624191
0.894792
1.245185
169.715688
0.664993
0.663417
150.574057
1947.229251
1101.286056
254.676446
79.635503
4.729324
100.241540
128.322031
NaN
NaN
NaN
436.964735
808.393706
135.112131
NaN
NaN
1273.647732
1416.054453
3220.260417
NaN
97.076132
62.992245
NaN
120.203690
NaN
393.180638
344.256832
NaN
251.003187
NaN
NaN
2092.395411
NaN
NaN
NaN
NaN
611.746063
1079.142393
NaN
268.332133
2951.326186
1423.140657
NaN
NaN
385.511315
NaN
NaN
388.219412
196.902396
NaN
NaN
NaN
69.526470
NaN
NaN
NaN
NaN
329.288564
NaN
52.154273
991.595888
308.898069
NaN
473.933162
NaN
164.145187
NaN
NaN
NaN
NaN
555.945428
NaN
NaN
339.675966
170.952633
NaN
NaN
NaN
NaN
NaN
463.168550
NaN
NaN
NaN
510.520320
NaN
448.882624
NaN
NaN
595.289598
NaN
552.132785
200.296612
NaN
475.140191
NaN
NaN
NaN
NaN
218.636377
516.220666
NaN
NaN
NaN
NaN
NaN
NaN
NaN
NaN
NaN
NaN
NaN
NaN
NaN
156.170772
NaN
NaN
NaN
NaN
382.147509
NaN
NaN
NaN
NaN
NaN
NaN
NaN
592.629388
NaN
309.856823
6.174367
1.284349
3.429462
0.689346
11.354875
321.725045
NaN
236.097664
424.481313
2.618843
309.454402
883.348922
NaN
174.156958
389.987996
416.428735
NaN
NaN
NaN
NaN
251.223239
NaN
NaN
311.388630
3215.341000
692.106268
NaN
5272.769017
NaN
NaN
NaN
NaN
1019.273043
NaN
NaN
NaN
1770.086124
NaN
NaN
266.529714
NaN
NaN
Inf
NaN
335.622203
NaN
170.778808
NaN
NaN
NaN
NaN
NaN
597.511740
NaN
NaN
NaN
NaN
NaN
NaN
NaN
NaN
NaN
NaN
NaN
NaN
NaN
NaN
NaN
NaN
NaN
535.165999
NaN
NaN
NaN
NaN
NaN
223.884257
NaN
NaN
NaN
NaN
NaN
NaN
Inf
NaN
NaN
NaN
NaN
NaN
NaN
745.638459
NaN
NaN
NaN
419.483173
NaN
NaN
NaN
821.550035
683.392654
NaN
NaN
130.774791
302.283139
NaN
NaN
NaN
NaN
NaN
NaN
NaN
564.816080
NaN
176.818805
NaN
NaN
NaN
NaN
NaN
NaN
179.164819
NaN
