NaN
NaN
NaN
NaN
NaN
NaN
NaN
NaN
243.701510
NaN
NaN
NaN
NaN
NaN
NaN
625.391214
1.381274
0.151416
2.038568
NaN
NaN
NaN
NaN
321.426171
35.464729
1969.119559
NaN
NaN
621.846960
NaN
NaN
NaN
126.674789
NaN
358.135266
138.564591
214.489355
53.914089
4662.035166
1.070310
26.691715
1.173391
0.613181
80.355272
0.890345
0.615625
1.232558
0.672039
0.645422
0.698176
0.487072
0.460838
2.269338
0.776991
0.547387
0.723536
0.572554
1.086049
0.781911
0.629292
0.549794
1.921362
0.802919
0.555948
0.912665
0.896693
0.673065
7.345895
74.300563
4.493269
85.846427
94.215005
101.829824
NaN
0.641506
329.514965
NaN
138.367321
188.717155
148.677643
1199.211399
231.726605
NaN
433.623930
128.683330
710.389284
713.958054
3413.859559
NaN
476.183840
286.015896
181.037156
NaN
NaN
NaN
NaN
NaN
2840.100610
268.466630
NaN
4604.366613
238.180346
19.529460
NaN
188.294707
NaN
NaN
1616.717610
NaN
NaN
NaN
114.392972
201.975439
0.725634
1.429125
NaN
NaN
59.766385
170.498976
NaN
NaN
176.726365
3042.939846
123.833727
NaN
NaN
588.251477
NaN
311.163044
NaN
NaN
NaN
605.596145
1483.743335
NaN
NaN
NaN
923.795381
NaN
NaN
NaN
NaN
NaN
NaN
NaN
839.622471
NaN
NaN
NaN
NaN
501.893159
1820.359734
NaN
203.054555
NaN
NaN
NaN
NaN
NaN
248.008337
538.301298
668.060284
414.382044
NaN
NaN
NaN
NaN
NaN
223.427036
356.232851
954.893599
NaN
NaN
404.889111
NaN
NaN
NaN
NaN
198.118649
NaN
NaN
NaN
13.815236
NaN
NaN
NaN
NaN
815.715087
NaN
NaN
391.981177
NaN
NaN
NaN
2260.774696
NaN
NaN
NaN
NaN
NaN
NaN
NaN
NaN
NaN
NaN
NaN
NaN
NaN
NaN
NaN
NaN
NaN
NaN
NaN
NaN
NaN
NaN
NaN
NaN
NaN
NaN
NaN
NaN
NaN
NaN
NaN
NaN
NaN
NaN
NaN
NaN
NaN
NaN
NaN
NaN
NaN
NaN
NaN
NaN
NaN
NaN
NaN
NaN
NaN
1061.161171
NaN
NaN
NaN
976.846392
205.049575
NaN
NaN
NaN
351.257250
NaN
747.334822
NaN
NaN
NaN
NaN
NaN
NaN
NaN
184.627639
261.412276
NaN
NaN
NaN
537.286894
NaN
NaN
283.521678
NaN
NaN
NaN
NaN
NaN
NaN
NaN
239.057502
93.060049
NaN
NaN
NaN
NaN
