292.970574
NaN
NaN
339.793361
347.108491
NaN
NaN
NaN
779.608721
NaN
107.361184
NaN
NaN
NaN
845.865955
352.341465
NaN
NaN
NaN
NaN
NaN
NaN
NaN
NaN
611.289572
NaN
239.727729
NaN
NaN
880.603533
NaN
NaN
NaN
169.222997
237.469287
NaN
52.209688
39.217379
97.641040
61.268871
152.520443
403.614587
17.425895
NaN
0.905356
20.426083
0.828309
56.880813
2500.173814
144.724678
672.949262
511.769046
240.888267
0.696641
4.713744
0.809037
0.856999
0.537198
0.779574
0.574319
0.505025
0.675273
0.561719
0.736303
1.060095
0.971421
0.854886
0.758686
0.557509
0.645085
0.935641
0.795928
0.980830
12.150952
153.557784
NaN
0.647544
1.279214
2.474269
1.034251
11.485273
1.907070
1.230436
2.325122
420.092372
139.180437
38.761655
518.508797
27.070178
427.197819
145.042356
61.493320
1326.611239
218.768118
192.219046
118.692605
268.620609
935.820238
304.947562
299.358161
806.454693
1.708849
1.070327
1.433419
0.895793
NaN
NaN
81.837718
135.934427
709.284043
3.392829
0.850145
157.909369
1.081616
1.030753
290.378403
778.297603
NaN
212.961311
165.645898
363.540572
643.922441
1521.132452
283.549397
309.163508
228.313039
473.456360
1383.654327
348.489919
NaN
NaN
NaN
637.897758
1964.226237
NaN
1219.975696
581.910388
278.967381
1204.140751
NaN
NaN
NaN
NaN
NaN
NaN
NaN
265.887180
246.503296
NaN
NaN
220.584671
214.031533
1276.997585
NaN
NaN
NaN
NaN
NaN
NaN
NaN
NaN
NaN
136.174834
NaN
NaN
NaN
NaN
NaN
0.851554
2.820863
NaN
NaN
NaN
1201.689950
NaN
NaN
1000.856956
NaN
1060.887497
197.487223
NaN
NaN
3.705275
NaN
701.164261
NaN
3876.015053
NaN
NaN
NaN
NaN
NaN
NaN
NaN
559.899432
NaN
NaN
NaN
NaN
NaN
NaN
NaN
NaN
NaN
NaN
NaN
261.307302
295.401233
3681.331516
NaN
NaN
NaN
NaN
NaN
NaN
195.330934
NaN
NaN
NaN
NaN
NaN
NaN
NaN
NaN
NaN
NaN
NaN
NaN
NaN
NaN
NaN
NaN
NaN
NaN
456.208063
NaN
NaN
NaN
NaN
NaN
NaN
NaN
NaN
NaN
3145.855330
273.933992
NaN
281.342166
NaN
NaN
NaN
NaN
NaN
NaN
NaN
NaN
NaN
NaN
NaN
NaN
NaN
947.228902
807.644510
NaN
NaN
NaN
95.664617
559.070799
NaN
NaN
NaN
2.597702
559.795115
NaN
NaN
NaN
NaN
NaN
NaN
NaN
291.740603
NaN
NaN
NaN
NaN
