NaN
NaN
NaN
NaN
NaN
NaN
NaN
NaN
NaN
NaN
NaN
NaN
51.235049
NaN
NaN
325.541700
NaN
NaN
NaN
NaN
NaN
435.897533
NaN
NaN
NaN
213.559151
NaN
NaN
NaN
NaN
NaN
NaN
NaN
NaN
NaN
NaN
NaN
NaN
NaN
NaN
NaN
NaN
NaN
NaN
NaN
NaN
NaN
220.092003
NaN
140.737937
NaN
317.775184
NaN
596.756546
72.488973
NaN
225.532262
0.819879
128.757899
1428.255100
1.553960
0.537441
0.672469
1.062616
48.765024
9.144969
0.549802
0.869217
0.622651
0.408332
0.561581
0.515300
0.982625
NaN
NaN
NaN
17135.482339
0.559669
0.521746
0.623813
0.555923
0.609605
0.448850
0.528435
45.493687
1.641161
1058.125777
0.702932
5.293435
0.482499
0.617920
0.634237
0.644651
447.534651
16.068704
0.500956
72.603557
0.627606
450.805658
2.934750
0.654232
0.729049
1.151326
0.487870
0.671005
NaN
564.451195
1.669407
0.419210
1.219450
0.499829
0.483155
1.154216
133.556107
0.947393
540.713206
4.250226
266.059972
111.728163
76.813831
197.628102
208.840044
976.665669
NaN
248.287568
114.667824
283.444570
231.410684
274.404944
NaN
NaN
NaN
2664.145036
350.849479
222.722514
230.491604
3.376976
769.566259
NaN
NaN
NaN
NaN
NaN
NaN
NaN
3414.460962
NaN
NaN
NaN
1242.481523
NaN
NaN
NaN
170.388666
NaN
NaN
NaN
NaN
NaN
NaN
2548.639473
3.397688
0.468506
NaN
NaN
362.759762
NaN
NaN
0.598868
0.469962
NaN
NaN
NaN
433.345243
NaN
NaN
NaN
NaN
252.134566
NaN
NaN
NaN
1.004006
23.005354
8.914233
NaN
NaN
NaN
NaN
NaN
NaN
NaN
NaN
NaN
253.147954
NaN
390.079420
NaN
NaN
186.564590
NaN
NaN
NaN
NaN
NaN
NaN
NaN
NaN
94.292487
NaN
156.642091
NaN
NaN
NaN
NaN
NaN
NaN
NaN
NaN
NaN
NaN
NaN
NaN
NaN
NaN
NaN
207.107506
NaN
NaN
NaN
NaN
NaN
NaN
NaN
NaN
NaN
NaN
NaN
NaN
NaN
NaN
NaN
NaN
NaN
NaN
NaN
NaN
NaN
NaN
NaN
NaN
NaN
NaN
NaN
NaN
212.219253
NaN
NaN
NaN
NaN
NaN
366.406699
NaN
NaN
NaN
NaN
NaN
NaN
NaN
NaN
NaN
0.631033
42.026123
NaN
NaN
NaN
NaN
NaN
NaN
NaN
662.642951
NaN
NaN
NaN
NaN
