NaN
NaN
NaN
205.987747
NaN
NaN
NaN
NaN
NaN
NaN
NaN
NaN
NaN
NaN
298.391297
NaN
NaN
NaN
NaN
22.853946
491.910130
NaN
NaN
NaN
NaN
NaN
NaN
158.888686
NaN
598.961040
NaN
NaN
NaN
278.989107
265.282368
NaN
NaN
NaN
NaN
NaN
NaN
NaN
NaN
NaN
NaN
NaN
NaN
NaN
NaN
NaN
NaN
NaN
67.021797
NaN
361.074666
NaN
NaN
NaN
NaN
NaN
NaN
491.050305
319.866949
NaN
NaN
1645.117042
NaN
NaN
NaN
NaN
NaN
NaN
NaN
NaN
NaN
NaN
NaN
170.259104
NaN
NaN
NaN
NaN
351.338904
115.394764
NaN
NaN
1609.399545
25.909146
NaN
NaN
NaN
NaN
NaN
NaN
378.269099
NaN
248.202526
483.705630
698.158850
NaN
NaN
NaN
246.575034
NaN
NaN
426.434816
NaN
225.052725
NaN
NaN
365.781970
NaN
NaN
NaN
NaN
NaN
537.870503
NaN
215.563058
2383.790686
NaN
284.214297
561.243260
NaN
255.175219
80.995266
51.391928
NaN
262.945511
NaN
389.038518
1698.937922
NaN
NaN
30.170984
277.730804
NaN
NaN
NaN
NaN
NaN
NaN
NaN
NaN
NaN
611.542922
NaN
NaN
NaN
153.102846
329.866031
599.305153
347.091710
649.008195
NaN
NaN
NaN
NaN
NaN
800.037682
NaN
173.010509
NaN
NaN
995.610195
5062.457476
NaN
49.586125
337.695977
NaN
414.790458
185.668545
NaN
NaN
326.636239
NaN
237.422429
NaN
NaN
39.903709
397.376547
NaN
NaN
65.004236
NaN
NaN
3.474910
442.691201
220.871684
NaN
NaN
4.689910
1.306786
1.372059
0.622061
0.430116
0.540282
1.372158
93.355764
NaN
17.594740
0.555156
0.567390
0.514782
0.531862
2.523203
1.540086
0.542461
0.488381
0.681990
1.337503
0.937192
93.805666
6.888108
0.646174
1.464471
NaN
NaN
9.476749
1680.508276
0.376452
0.717322
0.853526
NaN
NaN
55.496120
216.669786
309.615036
1.189253
0.808538
0.899060
1.199401
2.636606
2.100507
NaN
NaN
19.891659
90.654607
NaN
NaN
NaN
NaN
NaN
12.015942
583.477864
742.405094
718.219375
NaN
NaN
529.997661
NaN
209.218793
130.039201
242.787894
NaN
NaN
NaN
NaN
NaN
NaN
NaN
837.458719
75.132151
0.651086
649.850808
NaN
NaN
NaN
276.835048
NaN
150.623005
NaN
NaN
134.582913
NaN
1252.176227
NaN
0.612036
NaN
NaN
NaN
NaN
NaN
NaN
0.780285
