NaN
NaN
NaN
NaN
NaN
NaN
NaN
NaN
95.683594
NaN
NaN
44.857292
765.612122
422.374248
NaN
NaN
483.413610
NaN
NaN
NaN
NaN
NaN
NaN
NaN
NaN
NaN
NaN
NaN
NaN
NaN
649.426774
NaN
NaN
NaN
NaN
NaN
NaN
NaN
187.483341
NaN
NaN
NaN
347.270565
NaN
NaN
NaN
NaN
211.209870
NaN
2461.945349
348.129588
217.724089
440.013973
635.536899
983.777711
NaN
NaN
57.100872
NaN
514.000217
NaN
529.042841
NaN
NaN
299.976597
NaN
NaN
NaN
NaN
320.748727
802.509652
NaN
NaN
NaN
324.246072
1070.562760
360.982818
NaN
NaN
NaN
764.470222
NaN
897.503482
NaN
NaN
NaN
240.714832
NaN
NaN
NaN
NaN
NaN
NaN
NaN
296.308217
275.524444
NaN
228.724043
NaN
NaN
NaN
NaN
467.643501
NaN
NaN
NaN
NaN
844.803837
584.225815
NaN
NaN
307.260309
NaN
NaN
NaN
NaN
NaN
187.332434
NaN
NaN
NaN
1265.685238
NaN
NaN
NaN
282.825734
123.604120
1237.949876
1028.323565
NaN
252.744102
NaN
NaN
105.379430
70.556998
676.468787
NaN
169.510336
853.073081
NaN
NaN
NaN
NaN
NaN
NaN
222.608829
418.117221
NaN
229.038421
181.856271
NaN
498.889238
48.484634
106.073649
0.644635
NaN
NaN
NaN
NaN
467.222265
2484.583062
271.657536
728.104603
720.302568
NaN
NaN
NaN
423.544303
NaN
NaN
NaN
14.299892
NaN
773.442877
200.477235
NaN
123.976094
NaN
1128.157053
NaN
142.858471
483.998912
NaN
NaN
NaN
3348.548321
NaN
237.022157
NaN
NaN
550.979628
NaN
1078.265396
NaN
784.314136
433.096969
2182.588985
NaN
NaN
978.102523
NaN
NaN
NaN
NaN
403.327304
NaN
246.051513
NaN
1673.379648
NaN
NaN
NaN
NaN
NaN
453.562532
NaN
NaN
NaN
NaN
NaN
537.527206
1133.652366
NaN
NaN
NaN
NaN
504.241793
62.734636
NaN
245.471238
94.615549
412.509757
NaN
NaN
52.312954
66.007347
197.883907
0.897776
94.107733
0.632046
NaN
NaN
NaN
343.646763
737.300992
64.741993
182.517196
1.191091
0.671069
50.570311
0.717804
0.678392
1574.344107
0.908228
0.632784
0.826412
0.627039
0.961317
NaN
NaN
NaN
168.745500
327.940869
NaN
93.728048
12.406717
51.869986
395.749670
37.782490
268.566983
NaN
NaN
NaN
NaN
NaN
NaN
96.102899
26.316042
NaN
76.433207
322.076300
NaN
1.312923
686.872763
213.718051
