NaN
NaN
NaN
1329.049354
NaN
NaN
NaN
NaN
209.402670
NaN
NaN
NaN
NaN
NaN
NaN
NaN
NaN
NaN
NaN
NaN
NaN
183.108814
NaN
NaN
NaN
NaN
NaN
154.231766
326.244410
NaN
186.274329
309.035830
NaN
NaN
NaN
2261.658745
NaN
NaN
NaN
324.293670
NaN
NaN
NaN
NaN
NaN
NaN
2482.119648
NaN
NaN
NaN
NaN
21075.584974
1084.375570
756.857102
NaN
NaN
230.460540
610.088407
939.284643
602.998164
NaN
452.726033
NaN
6479.177400
NaN
NaN
NaN
369.512501
NaN
1614.740341
1497.413338
NaN
NaN
NaN
289.677271
NaN
637.300171
NaN
363.738791
319.512151
NaN
NaN
NaN
544.782824
NaN
NaN
NaN
316.544897
NaN
NaN
NaN
NaN
NaN
88.368846
91.567565
NaN
878.525268
NaN
52.688130
NaN
NaN
NaN
NaN
NaN
NaN
NaN
NaN
NaN
NaN
NaN
1630.402323
NaN
NaN
NaN
NaN
NaN
NaN
596.179881
NaN
NaN
417.219001
595.105111
216.827403
501.169828
590.436843
NaN
4047.889206
NaN
243.619587
NaN
352.192403
335.186189
382.272900
694.023140
NaN
NaN
NaN
NaN
NaN
NaN
NaN
NaN
NaN
NaN
NaN
NaN
NaN
NaN
485.917908
NaN
523.468557
NaN
1839.059257
321.698479
NaN
NaN
NaN
NaN
NaN
NaN
1979.958201
NaN
NaN
1487.296530
NaN
194.835922
7.784211
269.561826
NaN
4124.331100
NaN
492.032067
2.134526
1506.278320
1.644795
0.314080
612.102519
0.487091
2.385595
0.671857
3.366677
4.583469
NaN
NaN
NaN
0.550354
2.081301
449.389255
0.738692
0.780718
0.509474
1.957052
1.082016
1.167110
7.244007
200.879331
396.941041
0.612147
0.512008
0.610349
0.517684
1.512879
598.309345
NaN
393.389695
161.327791
NaN
4924.672462
600.947666
NaN
530.070193
NaN
NaN
NaN
63.607977
180.348719
NaN
NaN
NaN
183.136245
NaN
612.115643
NaN
NaN
NaN
248.634572
NaN
9.805558
NaN
NaN
357.729624
130.858531
NaN
1222.571871
NaN
NaN
NaN
415.547791
263.709857
NaN
NaN
NaN
NaN
178.348110
321.126971
46.028436
232.305525
23.377855
461.099242
NaN
553.054208
NaN
1581.694700
397.722276
NaN
NaN
NaN
NaN
NaN
NaN
NaN
28429.356634
NaN
NaN
NaN
817.538556
NaN
NaN
374514.934212
NaN
NaN
NaN
NaN
NaN
NaN
1.009301
NaN
612.588730
90.915020
NaN
384.564608
NaN
NaN
1.321290
NaN
