NaN
NaN
NaN
NaN
NaN
NaN
NaN
NaN
NaN
NaN
NaN
NaN
NaN
NaN
NaN
NaN
NaN
NaN
NaN
NaN
NaN
NaN
NaN
308.601687
NaN
NaN
NaN
NaN
NaN
NaN
NaN
NaN
NaN
NaN
NaN
NaN
NaN
NaN
NaN
NaN
NaN
NaN
NaN
NaN
435.095758
67.230658
45.831587
22.959577
3.201085
394.767352
86.751653
1483.765767
108.049579
432.391701
1.004203
0.277416
1.411007
0.651570
0.636962
0.933075
0.649801
0.622673
0.930749
0.550447
1.392584
0.713098
0.520273
0.959594
0.416245
0.554707
0.570049
0.975698
0.914785
NaN
39.735843
NaN
0.676292
1.128187
6.695077
0.619207
30.767494
0.774633
0.560437
64.775499
293.445809
12.267183
133.873995
231.276238
151.144366
54.905162
16.378911
275.661038
166.685738
217.887472
NaN
281.905369
66.769228
285.620891
1.356929
1.201250
0.384018
0.509697
0.547654
0.931265
1.780027
NaN
NaN
0.501894
0.663023
57.008371
0.607671
0.579852
122.613174
0.888420
0.582561
92.127544
334.414670
NaN
1099.513177
929.933673
NaN
2545.644605
19.881050
NaN
109.129424
NaN
12.851600
NaN
196.010765
NaN
NaN
NaN
2532.158432
NaN
33.666292
344.090006
200.103513
5.135223
NaN
NaN
NaN
NaN
NaN
NaN
NaN
NaN
NaN
NaN
NaN
NaN
NaN
NaN
673.577058
NaN
119.959809
NaN
NaN
NaN
NaN
NaN
NaN
NaN
0.677915
NaN
NaN
90.434867
NaN
NaN
0.568503
0.671853
NaN
NaN
NaN
175.411178
1939.609726
NaN
NaN
NaN
NaN
NaN
NaN
NaN
0.634456
509.824155
2.366943
492.321492
NaN
NaN
NaN
NaN
NaN
575.906438
NaN
NaN
507.749583
NaN
NaN
NaN
NaN
NaN
NaN
NaN
NaN
NaN
NaN
927.439821
NaN
NaN
NaN
NaN
NaN
NaN
NaN
NaN
NaN
NaN
NaN
NaN
427.238904
NaN
NaN
NaN
68.172494
NaN
NaN
NaN
NaN
NaN
NaN
7418.819647
NaN
NaN
147.483814
NaN
NaN
NaN
NaN
NaN
NaN
NaN
NaN
NaN
NaN
NaN
577.831774
NaN
NaN
NaN
NaN
320.617303
NaN
NaN
646.611055
31.813373
NaN
NaN
NaN
NaN
NaN
NaN
NaN
NaN
NaN
NaN
141.765671
NaN
NaN
NaN
NaN
NaN
NaN
0.654010
14.203949
NaN
NaN
NaN
NaN
NaN
NaN
NaN
NaN
NaN
NaN
NaN
NaN
