NaN
NaN
NaN
1896.506635
NaN
640.773427
NaN
7414.695598
191.362623
NaN
NaN
NaN
NaN
NaN
NaN
NaN
NaN
NaN
NaN
NaN
NaN
NaN
NaN
NaN
122.623149
NaN
222.336324
NaN
NaN
328.750860
NaN
NaN
NaN
303.087429
NaN
264.723627
NaN
856.415747
NaN
NaN
NaN
121.453068
1963.987422
NaN
NaN
NaN
3338.438965
111.654742
NaN
NaN
NaN
NaN
NaN
NaN
231.130410
NaN
264.458180
NaN
23378.511110
318.483727
207.852410
NaN
NaN
NaN
NaN
594.832405
NaN
1817.168995
NaN
594.608983
NaN
NaN
438.180905
210.062104
NaN
NaN
NaN
NaN
41217.928251
166.261380
467.772086
NaN
53.458558
191.154710
290.639776
199.970322
581.689512
4144.526039
NaN
NaN
NaN
NaN
NaN
Inf
744.105701
275.563534
890.469984
NaN
626.894036
NaN
NaN
249.752549
NaN
NaN
NaN
NaN
NaN
176.442984
NaN
NaN
NaN
252.026192
766.442001
NaN
421.238355
NaN
443.281363
NaN
193.700447
NaN
NaN
447.613255
NaN
233.645393
272.903555
1278.793451
892.628422
NaN
3039.166042
209.022142
1.156278
2101.511360
2.948353
111.230726
NaN
NaN
NaN
NaN
249.047033
NaN
NaN
NaN
NaN
NaN
NaN
1.253689
1.014884
15.157131
0.361755
2.645022
0.649216
0.706766
0.484337
8.407307
1.043347
NaN
NaN
NaN
NaN
466.861924
265.081151
432.091221
281.257178
1100.131707
NaN
NaN
NaN
310.441772
3927.245811
NaN
1.641171
1.228853
NaN
403.865375
NaN
134.161472
NaN
NaN
361.615423
NaN
NaN
NaN
NaN
283.384043
NaN
NaN
219.692886
NaN
NaN
NaN
717.112519
NaN
7477.683836
NaN
970.433579
NaN
1971.806216
NaN
367.463938
2195.884215
NaN
NaN
NaN
253.338116
459.988314
380.415013
NaN
NaN
NaN
NaN
1370.877737
NaN
NaN
NaN
281.648126
NaN
NaN
NaN
NaN
NaN
336.634468
448.427534
NaN
NaN
NaN
8.227169
634.776528
NaN
NaN
NaN
178.168373
NaN
NaN
NaN
517.350500
NaN
2139.761092
366.661408
NaN
12.098478
NaN
NaN
NaN
12.220321
287.648683
610.650616
NaN
85.982109
125.314291
NaN
574.231909
727.887882
NaN
534.021965
106.820344
216.092474
1138.810044
130.913188
NaN
NaN
NaN
453.711336
424.574122
NaN
1.073970
1.341520
81.033376
2.487480
1.629253
52.659834
NaN
NaN
NaN
46.838864
NaN
NaN
284.193272
NaN
NaN
254.134453
470.190152
NaN
NaN
NaN
NaN
