0.695058
1.450077
230.817197
333.619268
0.487284
0.491801
0.606601
408.973198
0.490879
0.986103
37.449638
784.503803
0.581353
77.769648
0.716907
0.775125
0.717321
0.604251
0.655563
4.770996
55.102426
524.517332
NaN
0.644597
0.713346
0.921890
11.668396
22.512813
17.393837
2.278724
1.898324
1.896818
28.540212
39.281704
1.104179
31.947371
NaN
136.218017
NaN
NaN
72.640481
278.255515
NaN
48.342051
NaN
NaN
NaN
NaN
72.834314
1152.644900
293.969036
283.995378
NaN
NaN
1522.987390
NaN
NaN
NaN
NaN
2735.846004
NaN
NaN
NaN
NaN
677.314584
380.749070
NaN
NaN
NaN
NaN
NaN
NaN
NaN
NaN
1394.061940
438.235184
NaN
NaN
4127.000750
250.371054
NaN
NaN
247.511189
NaN
NaN
NaN
NaN
224.690446
NaN
310.999067
NaN
NaN
NaN
NaN
NaN
300.294849
NaN
NaN
NaN
NaN
NaN
NaN
NaN
NaN
NaN
300.153138
31.761042
NaN
NaN
NaN
NaN
NaN
NaN
194.469009
NaN
NaN
NaN
NaN
NaN
731.548163
255.870921
NaN
NaN
NaN
155.000037
NaN
NaN
358.756867
674.890447
NaN
NaN
NaN
NaN
948.669982
NaN
122.100883
NaN
NaN
607.309050
NaN
NaN
NaN
NaN
NaN
NaN
NaN
NaN
474.421716
169.329570
194.601684
577.561792
NaN
375.014061
NaN
NaN
NaN
NaN
NaN
NaN
99.545601
313.501724
NaN
NaN
129.877685
349.468420
1.631857
NaN
NaN
NaN
NaN
214.393143
1074.113411
NaN
1229.167882
NaN
NaN
NaN
NaN
706.090480
NaN
NaN
NaN
NaN
NaN
NaN
NaN
NaN
NaN
NaN
NaN
2201.318912
NaN
NaN
NaN
NaN
NaN
NaN
NaN
NaN
NaN
NaN
NaN
NaN
NaN
NaN
NaN
NaN
NaN
NaN
NaN
NaN
NaN
NaN
NaN
NaN
NaN
NaN
NaN
NaN
NaN
NaN
NaN
NaN
NaN
NaN
9.604139
NaN
NaN
NaN
NaN
NaN
NaN
NaN
463.020580
NaN
NaN
NaN
NaN
NaN
NaN
388.718703
NaN
NaN
NaN
NaN
NaN
NaN
NaN
NaN
NaN
NaN
NaN
3142.228362
NaN
NaN
NaN
871.197355
NaN
NaN
NaN
NaN
NaN
3142.488047
NaN
NaN
NaN
NaN
NaN
NaN
NaN
105.193098
NaN
NaN
141.293178
0.838013
160.026258
0.979037
NaN
NaN
3.404975
1.110459
4.678304
NaN
NaN
NaN
