NaN
NaN
NaN
4140.180903
NaN
NaN
NaN
2236.539738
NaN
NaN
NaN
NaN
239.825082
1072.454176
NaN
397.412159
1443.714364
NaN
NaN
NaN
NaN
NaN
NaN
NaN
NaN
579.406268
404.019204
476.336658
NaN
NaN
NaN
NaN
NaN
NaN
1045.905883
NaN
278.648893
NaN
NaN
NaN
NaN
NaN
NaN
NaN
NaN
247.874845
NaN
290.910337
NaN
NaN
107.337326
280.340015
NaN
NaN
353.213464
NaN
NaN
NaN
NaN
467.528841
156.136512
459.667636
NaN
1589.705907
NaN
2066.547139
NaN
38.399715
170.193704
971.856066
255.488276
NaN
373.385830
NaN
184.711792
NaN
NaN
129.825832
327.711939
220.013236
357.994532
619.981136
255.509308
NaN
NaN
439.539613
309.813782
356.068956
236.421267
289.750258
NaN
NaN
861.211835
469.111248
401.627051
488.160011
585.566871
2.951065
492.906543
NaN
162.110921
NaN
182.812922
NaN
NaN
NaN
1539.941974
187.159211
1302.911127
129.467095
NaN
NaN
176.865747
NaN
NaN
91.122461
239.131441
5.000890
0.532394
0.632856
0.929573
0.726053
0.615770
0.599196
0.502141
0.660233
1.029987
0.783076
1.117562
0.810598
0.423527
0.595327
0.660809
0.824462
102.761108
2.098352
NaN
314.217049
0.657573
NaN
NaN
NaN
NaN
NaN
NaN
0.587908
0.774731
1.855018
1.608889
62.621404
149.156628
NaN
101.020582
NaN
110.788147
NaN
NaN
NaN
NaN
1.026096
15.878399
0.939296
367.799593
NaN
NaN
550.068589
NaN
NaN
NaN
265.595583
675.744949
42.734589
306.338607
287.132992
358.430551
NaN
NaN
NaN
271.946581
NaN
NaN
535.580456
192.110709
27.227569
178.109885
129.244850
701.549336
203.270952
NaN
NaN
NaN
NaN
NaN
710.585783
243.645013
269.658829
NaN
NaN
NaN
NaN
NaN
NaN
2288.761113
NaN
NaN
NaN
471.973386
142.090328
NaN
NaN
NaN
NaN
NaN
NaN
204.015723
286.605511
NaN
NaN
NaN
NaN
333.133428
NaN
NaN
NaN
NaN
NaN
434.196997
NaN
NaN
NaN
NaN
NaN
NaN
NaN
369.050755
NaN
NaN
NaN
410.261973
NaN
NaN
NaN
NaN
1036.437001
466.602110
NaN
164.034920
NaN
NaN
184.006212
980.926120
468.432056
369.212683
284.276252
1814.644378
239.248718
727.208972
NaN
NaN
NaN
NaN
0.869959
NaN
NaN
132.926170
NaN
163.042513
NaN
2154.939035
42.926521
NaN
123.640734
NaN
NaN
NaN
1095.418971
NaN
NaN
NaN
286.504061
NaN
NaN
NaN
NaN
792.124808
