NaN
NaN
NaN
NaN
NaN
673.167663
NaN
NaN
478.484070
NaN
NaN
348.827670
315.209636
NaN
NaN
550.495599
NaN
34.872879
NaN
NaN
156.974748
635.592580
NaN
NaN
NaN
81.275272
NaN
NaN
NaN
NaN
14123.672738
NaN
NaN
NaN
NaN
NaN
NaN
NaN
51.672935
NaN
NaN
NaN
NaN
NaN
NaN
NaN
NaN
NaN
NaN
2743.579256
NaN
873.978104
NaN
583.910748
1324.038201
918.381158
118.294709
NaN
678.026687
171.623954
NaN
10041.517391
396.378574
5411.073003
1179.752085
NaN
NaN
466.647378
1045.103905
7.558385
224.746744
485.521630
139.961926
NaN
13629.672078
1605.814291
0.998008
1.004033
1.995034
0.703431
487.195261
30.476257
4.260999
0.698485
0.970713
0.686192
0.765010
0.702075
0.604867
1.020039
0.534100
0.852365
0.733809
0.579375
0.609572
0.578559
0.626529
0.978889
0.490735
1.806334
1.107308
815.300594
505.026962
650.536582
284.320950
NaN
NaN
0.974007
442.410844
1.240062
126.098244
1.844568
0.891640
NaN
NaN
0.757253
0.711800
1.557134
1.168911
1.289979
1207.312388
1837.001490
294.806652
285.434981
842.689918
NaN
6384.241018
239.681024
753.361195
203.711369
NaN
NaN
348.623735
NaN
1.036937
3.078806
1.076696
3.107738
349.229916
NaN
NaN
NaN
NaN
NaN
NaN
NaN
NaN
285.241756
NaN
429.030456
NaN
231.702728
NaN
154.395289
NaN
NaN
NaN
NaN
NaN
556.416374
NaN
378.872113
4.322938
NaN
NaN
NaN
NaN
NaN
408.658654
514.141297
NaN
NaN
NaN
336.242774
NaN
NaN
NaN
NaN
319.952684
NaN
NaN
NaN
208.977553
3.709161
268.759505
NaN
NaN
NaN
NaN
NaN
NaN
NaN
279.220400
NaN
254.833234
NaN
NaN
NaN
399.408425
1303.289834
NaN
NaN
NaN
NaN
NaN
NaN
408.228761
NaN
NaN
111.857895
403.390241
NaN
NaN
NaN
NaN
NaN
NaN
NaN
NaN
228.817862
NaN
507.109782
NaN
NaN
NaN
NaN
NaN
NaN
NaN
NaN
NaN
NaN
NaN
383.163742
NaN
NaN
NaN
NaN
NaN
NaN
NaN
NaN
NaN
NaN
NaN
NaN
NaN
NaN
NaN
NaN
NaN
NaN
NaN
NaN
171.209749
NaN
NaN
NaN
NaN
NaN
NaN
512.172668
NaN
NaN
116.513366
NaN
NaN
NaN
279.555895
NaN
NaN
110.748815
2.652291
NaN
NaN
NaN
NaN
NaN
NaN
NaN
NaN
NaN
NaN
NaN
NaN
