NaN
NaN
NaN
NaN
NaN
22804.162356
NaN
NaN
NaN
102.988422
NaN
NaN
697.266943
NaN
129.154678
NaN
292.596996
NaN
NaN
NaN
NaN
NaN
NaN
NaN
NaN
NaN
NaN
621.348564
NaN
437.657067
205.489055
NaN
192.078803
NaN
NaN
NaN
NaN
NaN
NaN
NaN
NaN
728.226142
NaN
NaN
NaN
NaN
NaN
284.876019
259.151934
NaN
162.869537
417.865465
1740.054668
NaN
233.140793
NaN
NaN
NaN
361.089692
315.655651
NaN
368.892752
NaN
NaN
413.807160
NaN
NaN
NaN
NaN
NaN
513.589178
NaN
40.637367
NaN
NaN
NaN
NaN
NaN
245.313102
131.136726
NaN
NaN
1044.932561
413.555488
299.763787
NaN
451.355268
598.074954
3633.563883
NaN
NaN
NaN
NaN
NaN
NaN
1142.389665
NaN
NaN
858.510127
NaN
NaN
417.915526
245.417488
NaN
NaN
NaN
425.983102
438.523476
317.875454
NaN
NaN
NaN
NaN
NaN
NaN
328.430753
242.307855
281.374328
323.740063
379.800542
10.748820
118.113117
973.677167
0.767239
0.649425
1.103136
68.673678
101.416759
499.318456
456.511127
3.188588
0.951285
1.708627
1.128223
339.025441
NaN
NaN
NaN
231.053991
244.372018
2.677753
NaN
NaN
NaN
NaN
202.154563
35.214235
2.684081
11.878422
390.659949
378.321139
88.916376
512.643413
249.257250
NaN
NaN
NaN
NaN
NaN
415.153024
387.779857
272.372839
4681.630948
797.216898
NaN
NaN
NaN
NaN
747.318580
245.032822
314.748759
260.876532
NaN
826.017399
392.502520
NaN
NaN
NaN
NaN
NaN
NaN
NaN
NaN
NaN
NaN
NaN
230.721849
NaN
NaN
NaN
274.031602
NaN
406.017501
76.016121
494.189480
708.612516
330.494549
NaN
NaN
NaN
NaN
NaN
NaN
NaN
151.633164
NaN
NaN
356.116844
897.631857
282.479292
NaN
NaN
NaN
NaN
NaN
NaN
NaN
NaN
230.318076
NaN
1877.835515
346.390325
NaN
NaN
NaN
NaN
NaN
NaN
NaN
592.395174
NaN
NaN
NaN
NaN
89.029826
NaN
NaN
862.135496
NaN
NaN
NaN
NaN
NaN
NaN
1526.847088
NaN
NaN
NaN
NaN
NaN
NaN
NaN
NaN
951.161357
NaN
NaN
NaN
626.712856
NaN
NaN
NaN
296.848676
NaN
NaN
374.831338
NaN
NaN
NaN
NaN
NaN
NaN
NaN
NaN
NaN
NaN
NaN
NaN
NaN
NaN
NaN
226.353187
NaN
NaN
NaN
NaN
