0.701196
0.609083
0.649005
115.955490
0.597252
1.067937
0.655736
4.360090
0.562348
0.565372
1.186060
261.976872
0.652575
294.723998
0.555581
0.781170
0.751919
0.618009
0.668444
0.925773
0.651500
1.814278
25.502529
0.762326
0.721983
0.817252
24.880677
211.144758
0.403726
374.357697
80.355939
33.126818
NaN
279.905335
4864.619792
176.259626
243.227591
89.889797
NaN
371.962321
NaN
286.708246
78.072414
122.729182
NaN
NaN
NaN
2.972075
520.634144
884.611859
5184.958640
14.947423
1.106595
756.843250
557.006203
NaN
NaN
NaN
NaN
NaN
NaN
445.639693
282.110982
NaN
NaN
NaN
NaN
193.687354
NaN
NaN
NaN
NaN
NaN
63.602788
0.531709
81.550526
3729.426632
NaN
576.518742
559.073682
634.846486
952.266167
NaN
NaN
1388.020465
135.066508
405.290230
28902.049924
3954.301033
NaN
NaN
NaN
NaN
203.592409
1265.772713
NaN
21.437292
NaN
NaN
NaN
NaN
NaN
706.020022
327.083086
NaN
1.977597
27.033118
278.949726
438.013558
NaN
NaN
NaN
NaN
NaN
NaN
NaN
252.449597
NaN
NaN
NaN
NaN
207.162690
421.940871
NaN
283.682976
NaN
178.014967
NaN
662.565355
NaN
220.866280
407.643928
95.891603
98.832151
NaN
NaN
NaN
NaN
338.770678
NaN
NaN
NaN
NaN
NaN
NaN
98.651916
NaN
NaN
NaN
312.699515
NaN
NaN
NaN
NaN
NaN
NaN
NaN
NaN
NaN
242.865404
3126.721518
228.361904
877.525670
647.703916
165.782662
2.454242
32.463333
267.010161
NaN
NaN
181.468657
NaN
NaN
NaN
NaN
NaN
561.948514
NaN
NaN
NaN
NaN
NaN
NaN
NaN
NaN
460.051362
NaN
229.497619
323.699515
NaN
3104.311624
NaN
NaN
256.199867
NaN
407.933197
NaN
NaN
NaN
NaN
NaN
NaN
465.041664
NaN
357.169070
NaN
83.750177
NaN
NaN
NaN
NaN
NaN
NaN
NaN
175.634202
215.445231
NaN
NaN
NaN
NaN
NaN
NaN
599.012512
NaN
NaN
NaN
NaN
NaN
NaN
NaN
NaN
NaN
NaN
NaN
NaN
NaN
NaN
349.280494
NaN
NaN
NaN
NaN
NaN
776.848387
NaN
NaN
337.641192
NaN
NaN
300.000640
NaN
235.939166
NaN
1271.236617
NaN
NaN
NaN
NaN
NaN
NaN
NaN
NaN
329.691809
125.735651
415.730746
364.017290
248.886412
345.073100
NaN
NaN
NaN
NaN
NaN
NaN
0.749050
NaN
0.734898
NaN
275.940511
301.480803
504.519148
NaN
NaN
223.071075
NaN
