NaN
NaN
NaN
NaN
NaN
NaN
NaN
NaN
NaN
NaN
NaN
NaN
NaN
NaN
NaN
NaN
NaN
NaN
NaN
569.704915
NaN
NaN
661.914503
NaN
NaN
191.272589
1454.273317
NaN
NaN
NaN
165.365970
293.595035
NaN
NaN
NaN
NaN
NaN
NaN
NaN
NaN
NaN
NaN
29.474477
NaN
209.887825
278.586760
269.101289
91.813607
NaN
504.152609
522.789951
4315.378285
490.460110
77.969189
NaN
NaN
1.371808
0.893619
1.533230
0.805010
1.042318
0.615272
0.730245
1.266745
1.041657
1.045736
2.208977
0.647208
0.634684
0.586950
0.955544
1.041612
0.678136
185.825415
511.864553
NaN
0.677852
0.701063
0.843224
2.212346
2.450513
1781.711583
8.778586
229.219575
0.503809
104.122243
4021.960534
537.487319
722.403562
110.354520
209.701177
NaN
5194.310221
772.738453
157.702550
71.898009
4009.230770
72.001791
457.643538
358.180617
221.464792
7.130227
129.907482
287.212041
0.945928
NaN
NaN
119.762388
888.958011
77.756775
3780.568228
1.365101
125.858737
NaN
1.721106
218.794413
538.742332
314.848198
75.393071
NaN
865.853605
3274.741205
794.175656
176.767785
351.809287
NaN
165.716254
NaN
500.983584
NaN
409.832532
NaN
368.104989
NaN
NaN
NaN
NaN
NaN
343.377722
NaN
NaN
NaN
NaN
NaN
NaN
171.545110
NaN
486.183373
NaN
NaN
NaN
NaN
795.287137
NaN
309.310265
NaN
NaN
NaN
NaN
NaN
NaN
1133.979421
435.139390
NaN
NaN
NaN
NaN
619.630319
2.246428
24.709960
384.972035
274.619234
NaN
1276.684369
NaN
NaN
NaN
NaN
1239.697258
NaN
NaN
NaN
5888.209737
NaN
NaN
NaN
NaN
NaN
NaN
NaN
NaN
NaN
501.690786
NaN
5891.790694
615.291673
1186.294584
NaN
NaN
397.481258
NaN
NaN
NaN
NaN
NaN
NaN
NaN
251.124346
NaN
208.386923
NaN
NaN
NaN
NaN
NaN
NaN
NaN
NaN
NaN
NaN
195.984366
NaN
NaN
NaN
NaN
432.140548
813.094224
NaN
NaN
NaN
349.605149
NaN
NaN
NaN
NaN
NaN
585.086817
NaN
NaN
NaN
NaN
NaN
NaN
NaN
NaN
NaN
NaN
NaN
NaN
NaN
782.830974
NaN
245.963333
NaN
NaN
NaN
NaN
NaN
NaN
NaN
NaN
122138.060240
260.932218
NaN
NaN
NaN
NaN
NaN
NaN
NaN
NaN
90.298623
NaN
NaN
NaN
NaN
NaN
NaN
NaN
NaN
NaN
NaN
NaN
NaN
NaN
