NaN
124.513674
309.361302
6.353835
NaN
NaN
NaN
NaN
224.549351
NaN
NaN
NaN
NaN
NaN
NaN
NaN
NaN
NaN
NaN
498.035234
299.187683
237.457822
NaN
NaN
94.737352
NaN
1.079137
8.985341
854.969043
NaN
NaN
NaN
NaN
NaN
NaN
NaN
NaN
NaN
NaN
NaN
NaN
NaN
NaN
NaN
NaN
NaN
150.776975
NaN
NaN
NaN
NaN
NaN
NaN
NaN
NaN
NaN
NaN
378.570353
NaN
106.351884
391.485731
353.641759
NaN
NaN
NaN
522.014150
NaN
409.570511
NaN
NaN
479.707421
326.004299
NaN
NaN
NaN
NaN
NaN
NaN
NaN
NaN
1284.961896
NaN
NaN
NaN
NaN
NaN
NaN
383.521536
NaN
NaN
NaN
317.543837
1149.112751
480.370761
NaN
NaN
NaN
NaN
NaN
NaN
78.386298
NaN
NaN
NaN
NaN
NaN
NaN
NaN
NaN
NaN
NaN
NaN
NaN
NaN
NaN
NaN
NaN
217.359032
NaN
NaN
108.395434
NaN
317.788303
NaN
NaN
438.220543
375.975630
NaN
285.618428
NaN
2357.832354
NaN
NaN
463.058905
NaN
NaN
NaN
NaN
NaN
NaN
NaN
NaN
NaN
NaN
NaN
NaN
NaN
212.730311
NaN
224.534808
NaN
NaN
NaN
605.530668
236.070226
NaN
NaN
NaN
NaN
463.552720
146.532635
522.132780
NaN
0.699669
1.496678
49.558846
NaN
0.572294
355.679680
NaN
43.615478
324.988544
0.716848
57.135731
0.651919
2.597146
1.128321
0.697744
0.728325
25.663945
2.360760
0.725246
NaN
NaN
688.810517
0.582757
1.302203
2.038554
456.220564
2.056106
0.921538
NaN
363.912227
130.201685
350.463372
156.545917
505.952927
110.625432
2.657123
1.616447
225.838055
344.792141
56.656282
NaN
NaN
266.580105
NaN
360.588639
NaN
NaN
147.872225
NaN
NaN
NaN
104.522884
NaN
NaN
NaN
NaN
NaN
138.762026
NaN
NaN
NaN
NaN
NaN
111.663909
34.435801
NaN
2207.262738
264.535659
NaN
NaN
NaN
325.871117
NaN
NaN
NaN
NaN
47.889205
NaN
NaN
NaN
NaN
NaN
237.071398
NaN
702.931049
335.704119
328.314726
Inf
NaN
271.614848
NaN
NaN
127.547802
NaN
NaN
NaN
NaN
NaN
NaN
NaN
NaN
3057.429554
NaN
NaN
74.842230
NaN
NaN
73.619847
935.921482
NaN
NaN
NaN
2632.345206
334.807158
NaN
1.413689
NaN
NaN
NaN
NaN
1.351166
422.322241
