NaN
NaN
NaN
NaN
NaN
731.177740
NaN
NaN
292.634439
279.531787
NaN
NaN
1744.622191
NaN
NaN
426.234386
NaN
NaN
NaN
NaN
NaN
NaN
NaN
NaN
NaN
70.188949
NaN
NaN
NaN
NaN
NaN
NaN
NaN
NaN
NaN
NaN
NaN
NaN
NaN
NaN
NaN
NaN
NaN
NaN
NaN
499.512167
NaN
230.457507
NaN
378.244985
NaN
NaN
NaN
2186.828289
NaN
NaN
NaN
NaN
NaN
395.784610
NaN
190.569890
NaN
NaN
NaN
NaN
133.434909
21.164841
NaN
129.444457
237.550726
113.761248
NaN
NaN
NaN
373.310020
NaN
301.404270
222.149964
NaN
432.259453
1154.258725
75.150163
1172.575495
NaN
NaN
1423.083430
119.879203
109.060434
29.116738
NaN
28.769665
167.540210
343.958652
256.692548
101.110460
33.593579
9.501678
172.424608
15.049090
55.096250
NaN
NaN
90.059095
NaN
NaN
245.577312
167.718639
169.492558
62.737589
NaN
134.266559
3.277144
NaN
NaN
53.634565
22.356530
1.588924
0.748763
9.904651
0.669025
0.472731
0.774173
0.761160
0.722705
1.450794
0.636460
0.601483
0.657878
0.685081
3.846951
2.981418
246.257324
399.921221
0.697370
0.642404
102.530987
8.071913
498.610395
NaN
NaN
NaN
NaN
NaN
NaN
36.592073
102.025008
NaN
94.583279
NaN
1133.077451
NaN
NaN
NaN
28.818470
NaN
NaN
NaN
NaN
2.069567
0.863427
0.615284
45.842685
NaN
NaN
NaN
NaN
NaN
NaN
198.474425
787.306483
1.842702
NaN
213.745915
NaN
NaN
230.597401
NaN
NaN
NaN
372.139959
NaN
NaN
0.744211
129.868949
NaN
NaN
NaN
NaN
NaN
NaN
NaN
NaN
NaN
665.226446
NaN
NaN
NaN
NaN
NaN
NaN
332.477208
NaN
NaN
NaN
NaN
NaN
NaN
NaN
NaN
414.869479
NaN
NaN
NaN
NaN
7.249983
NaN
NaN
NaN
NaN
NaN
NaN
NaN
NaN
NaN
NaN
NaN
NaN
NaN
NaN
1373.600887
NaN
NaN
NaN
NaN
NaN
NaN
NaN
NaN
NaN
NaN
NaN
NaN
275.629324
151.187792
NaN
NaN
1237.810755
NaN
NaN
NaN
NaN
NaN
NaN
15.075875
NaN
3.020638
3.166949
NaN
NaN
NaN
1.557560
241.989412
NaN
473.478713
NaN
220.274488
NaN
287.380896
154.302153
NaN
NaN
43.615828
NaN
NaN
NaN
NaN
NaN
NaN
NaN
NaN
NaN
NaN
NaN
NaN
