6.753417
4.139137
543.873506
224.401982
111.004894
572.889693
NaN
932.861681
0.877999
6848.391640
NaN
NaN
0.510708
0.654650
0.661703
NaN
NaN
74.034276
1.677112
NaN
461.002475
NaN
NaN
NaN
33.891085
1.072740
NaN
198.324552
NaN
0.614075
0.564766
0.485552
0.340297
0.734710
0.621514
0.600966
0.757323
0.681528
0.538671
0.535555
0.534985
0.795743
0.431770
0.605824
0.594458
0.969114
1.034026
200.633370
6.716077
216.291261
170.942281
1.114594
56.344294
0.685873
140.973391
NaN
50.835179
12.002097
184.721975
98.815037
886.363093
NaN
NaN
NaN
40.400308
60.135950
NaN
NaN
NaN
171.307033
NaN
827.053718
144.055365
0.504253
1.118196
1.250677
659.230252
527.704842
275.933468
NaN
NaN
NaN
408.950356
NaN
341.177156
NaN
NaN
93.746604
NaN
187.096550
144.554658
NaN
NaN
NaN
285.333686
437.346819
590.216634
NaN
1231.407742
NaN
308.368896
NaN
671.814201
NaN
NaN
1.183627
0.705750
296.438889
NaN
NaN
NaN
NaN
140.995212
216.319964
NaN
NaN
NaN
299.689883
NaN
NaN
NaN
NaN
NaN
255.139575
64.199313
NaN
NaN
NaN
497.351142
NaN
NaN
NaN
NaN
310.834218
NaN
240.882076
NaN
NaN
780.676102
NaN
NaN
NaN
NaN
NaN
NaN
1045.420076
NaN
NaN
NaN
473.879047
247.702821
220.027575
207.559242
1159.949237
618.219532
NaN
NaN
NaN
NaN
NaN
NaN
299.565948
NaN
NaN
940.985803
297.963694
NaN
NaN
NaN
NaN
NaN
NaN
75.222103
195.963508
NaN
NaN
NaN
NaN
NaN
NaN
NaN
NaN
NaN
NaN
NaN
NaN
NaN
NaN
NaN
NaN
286.066178
NaN
801.776925
NaN
84.880307
129.157271
NaN
NaN
NaN
570.007106
NaN
NaN
346.151422
Inf
NaN
NaN
NaN
469.960092
NaN
89.651257
NaN
NaN
NaN
NaN
NaN
332.959801
NaN
NaN
NaN
NaN
NaN
NaN
NaN
NaN
NaN
NaN
NaN
NaN
129.992992
NaN
NaN
NaN
NaN
NaN
NaN
NaN
NaN
NaN
NaN
NaN
NaN
NaN
NaN
NaN
NaN
NaN
NaN
NaN
NaN
NaN
NaN
571.598904
528.711573
418.572622
NaN
NaN
NaN
NaN
NaN
NaN
NaN
683.088571
307.469381
192.928569
7176.626040
80.336408
NaN
NaN
NaN
547.395762
NaN
NaN
NaN
NaN
NaN
NaN
149.764124
NaN
NaN
0.811678
0.839200
1.477931
NaN
NaN
NaN
