NaN
NaN
715.641673
1493.720619
NaN
NaN
NaN
NaN
NaN
175.154989
NaN
NaN
644.096569
NaN
NaN
NaN
NaN
NaN
416.212189
315.573573
NaN
NaN
161.856442
NaN
NaN
NaN
NaN
103.793915
NaN
NaN
NaN
149.156807
NaN
NaN
NaN
273.912433
NaN
475.078726
NaN
NaN
NaN
283.613105
NaN
NaN
1449.006841
NaN
NaN
307.368616
NaN
7716.329269
1300.128564
101.352919
287.489385
NaN
1781.498881
NaN
NaN
1934.735146
NaN
408.902348
481.147333
148.395236
90.662043
823.890715
NaN
342.963610
NaN
NaN
NaN
219.675884
587.329472
NaN
NaN
NaN
NaN
NaN
NaN
203.171265
244.989097
NaN
558.881509
NaN
NaN
279.915075
169.331277
NaN
NaN
1491.689272
5167.581493
NaN
1022.738321
NaN
NaN
326.350295
NaN
336.774997
NaN
NaN
383.413415
NaN
NaN
NaN
NaN
NaN
NaN
NaN
5801.074154
185.045186
350.745588
NaN
NaN
NaN
NaN
NaN
NaN
NaN
NaN
183.440462
947.576640
NaN
116.464766
355.888617
121.553135
2.529751
0.822578
1.647648
5883.701261
NaN
3102.615902
93.281718
0.608998
0.534369
1.041548
1.009898
145.107196
409.989689
NaN
NaN
450.512951
154.852186
NaN
NaN
NaN
NaN
0.717603
2.194495
0.748060
0.945452
1.679268
68.038032
643.084138
178.995463
430.726232
195.077941
142.151049
NaN
NaN
NaN
NaN
451.485123
391.042047
421.701627
NaN
506.644004
NaN
NaN
NaN
NaN
298.058738
NaN
487.614023
142.715219
NaN
1469.125231
NaN
NaN
NaN
NaN
NaN
NaN
NaN
NaN
NaN
NaN
NaN
4344.100526
NaN
NaN
NaN
NaN
NaN
NaN
NaN
342.899265
NaN
NaN
629.630968
NaN
NaN
NaN
NaN
NaN
244.953523
89.176172
NaN
NaN
NaN
448.766905
NaN
NaN
906.644901
NaN
NaN
NaN
240.805411
NaN
NaN
NaN
349.280075
NaN
NaN
837.468674
NaN
NaN
NaN
1031.704557
NaN
NaN
NaN
209.527126
NaN
NaN
NaN
NaN
NaN
285.179668
18.787691
4395.773819
NaN
157.651522
NaN
NaN
NaN
NaN
NaN
NaN
NaN
362.965031
NaN
109.945105
NaN
190.519592
289.106503
362.411300
NaN
NaN
505.727067
240.902425
NaN
NaN
NaN
578.411201
NaN
NaN
226.715154
242.461105
NaN
NaN
NaN
NaN
NaN
NaN
NaN
NaN
NaN
NaN
NaN
NaN
NaN
NaN
NaN
NaN
NaN
NaN
NaN
