86.416514
NaN
NaN
764.290455
NaN
127.703574
NaN
NaN
NaN
NaN
NaN
NaN
NaN
NaN
Inf
61.826510
NaN
NaN
NaN
5815.970423
NaN
NaN
NaN
NaN
193.762694
13.455117
NaN
NaN
NaN
180.575642
222.981841
NaN
NaN
234.042798
NaN
NaN
386.993698
42.741157
271.565073
280.246173
NaN
2254.221595
1395.130434
180.301858
8.159964
592.803450
101.147444
19046.188815
NaN
419.475836
489.987919
760.737366
1206.648549
1.117050
388.112435
4.144031
1.303630
0.779398
0.742555
0.789877
28.927857
0.520284
0.533367
1.793697
88.691241
1.140524
0.921495
0.785365
0.727440
0.594711
0.714333
1.041022
0.755991
NaN
230.432935
1640.518705
0.657723
37.072878
1.014445
0.974188
1.215793
1.759658
0.794431
1.756471
0.879081
487.357230
1.509798
68.015687
487.716867
10.251174
1.464913
1203.019058
259.858517
471.286847
394.263039
142.787833
1440.169926
722.479594
4747.931966
998.574790
1.192818
1.064423
0.844889
0.898997
0.941736
NaN
438.039304
1.605179
89.843867
708.084680
1.294912
1.209359
38.256528
1.297692
1.665035
225.856466
913.110607
247.896749
NaN
223.445059
504.614991
278.479256
99.999222
130.572454
761.729370
308.638532
433.295657
102.315687
302.514878
NaN
287.394321
NaN
346.462336
182.547583
577.993137
286.943255
450.182724
168.658984
NaN
NaN
NaN
NaN
NaN
NaN
NaN
NaN
NaN
255.664990
NaN
867.994606
329.933871
NaN
304.123748
NaN
NaN
NaN
NaN
NaN
NaN
NaN
NaN
227.258475
4.140582
NaN
NaN
NaN
NaN
NaN
1.018709
2.805616
NaN
NaN
NaN
242.388038
NaN
NaN
NaN
NaN
406.485765
NaN
214.680670
NaN
1.326283
NaN
34.179162
311.778577
180.400283
NaN
NaN
NaN
NaN
1316.063248
NaN
NaN
3174.535666
NaN
NaN
NaN
NaN
NaN
NaN
123.704192
416.130481
NaN
NaN
213.399791
254.623005
671.818289
251.897364
865.047082
NaN
NaN
NaN
NaN
555.028643
NaN
NaN
NaN
NaN
NaN
58.791224
658.597158
NaN
NaN
NaN
451.275337
169.726134
NaN
NaN
NaN
NaN
NaN
152.987673
251.231538
394.736547
NaN
262.152529
NaN
NaN
NaN
NaN
NaN
NaN
NaN
NaN
NaN
NaN
NaN
NaN
48.538742
236.473956
NaN
NaN
NaN
NaN
NaN
NaN
NaN
NaN
NaN
NaN
552.751278
85.479507
NaN
NaN
NaN
NaN
NaN
NaN
NaN
NaN
1.647616
229.769452
NaN
NaN
634.690826
NaN
NaN
NaN
NaN
1106.624887
NaN
NaN
159.948262
NaN
