NaN
NaN
171.311916
NaN
NaN
NaN
NaN
NaN
NaN
NaN
NaN
NaN
NaN
NaN
NaN
NaN
NaN
NaN
NaN
184.532086
NaN
NaN
NaN
NaN
NaN
NaN
NaN
518.046203
NaN
NaN
155.181406
NaN
NaN
365.178791
126.776741
NaN
NaN
NaN
NaN
NaN
445.050664
NaN
891.299010
NaN
NaN
NaN
NaN
51.237696
NaN
385.090741
NaN
344.541537
1705.382006
439.618831
1168.962824
NaN
NaN
155.501817
197.382753
NaN
NaN
NaN
NaN
NaN
NaN
NaN
NaN
335.397824
NaN
NaN
1213.009871
NaN
NaN
NaN
389.938319
NaN
552.609254
NaN
363.773034
NaN
256.931202
NaN
238.422537
NaN
432.412909
NaN
392.357802
NaN
169.617935
NaN
NaN
NaN
NaN
836.057445
371.586310
NaN
NaN
360.171043
330.042476
NaN
NaN
NaN
168.724673
NaN
NaN
NaN
NaN
195.147020
NaN
NaN
567.040251
66.654634
NaN
NaN
NaN
NaN
NaN
NaN
1103.485499
194.006226
4758.850708
150.944229
NaN
1267.269650
387.686315
NaN
NaN
NaN
NaN
NaN
NaN
242.899589
NaN
NaN
NaN
NaN
NaN
NaN
NaN
NaN
NaN
NaN
NaN
NaN
NaN
596.456637
404.012749
NaN
201.084921
279.602063
1688.607575
535.740281
1241.035977
1060.162424
NaN
NaN
NaN
NaN
NaN
461.846864
271.726810
NaN
NaN
NaN
NaN
236.787582
NaN
220.099499
NaN
NaN
NaN
NaN
NaN
NaN
147.382719
348.167421
2330.469555
4072.467952
NaN
66.937254
81.265045
NaN
NaN
NaN
NaN
NaN
90.676808
602.326234
2.474131
NaN
710.986977
0.648562
0.730979
2.123504
0.575294
0.479317
0.492067
0.389488
35.276141
1.461510
0.980332
0.369924
0.568792
0.500711
0.539496
0.623163
0.427075
0.452754
2.950267
0.573811
0.923513
0.562363
4.953179
1.820824
1.804510
1.081714
NaN
NaN
0.826769
112.348364
573.545442
0.561162
0.561537
NaN
NaN
3.383910
1.858098
0.815927
1.098164
0.755563
0.635659
1.666616
1.716004
1.937718
46.595908
NaN
393.697317
1354.240118
NaN
NaN
NaN
NaN
NaN
46.887490
0.618421
713.519628
698.921941
NaN
NaN
103.832730
245.681084
NaN
864.843959
317.170647
NaN
258.298340
NaN
NaN
NaN
NaN
NaN
NaN
57.026917
3.139387
211.213327
NaN
NaN
NaN
439.914106
NaN
NaN
2054.082860
NaN
6.032534
NaN
523.361611
NaN
1.046762
1047.765304
NaN
385.549361
NaN
NaN
NaN
1.036561
