NaN
NaN
NaN
NaN
NaN
NaN
NaN
NaN
NaN
NaN
NaN
NaN
NaN
NaN
NaN
339.383859
NaN
NaN
NaN
NaN
NaN
NaN
NaN
NaN
NaN
NaN
NaN
NaN
NaN
NaN
NaN
NaN
NaN
NaN
NaN
NaN
NaN
NaN
69.820094
NaN
NaN
NaN
NaN
NaN
NaN
NaN
680.854436
NaN
NaN
NaN
162.069137
7616.043402
686.249842
92.316960
NaN
588.062269
NaN
10.450689
43.683382
250.296125
364.684313
1.943973
2.575060
702.784887
NaN
191.192009
240.911295
1.090585
1.203409
1.332529
0.998179
1.140705
3.242686
NaN
260.572382
136.536290
2.115612
0.666992
0.581442
0.596465
0.696125
0.916325
0.478888
4.869018
1.609450
1.240941
1.163655
4.425149
1.694939
0.835429
0.434288
5.206000
1.481759
73.173029
57.071659
1.523922
7.908197
66.867984
93.202564
0.770955
0.636489
85.281737
0.975765
0.412175
0.835953
NaN
NaN
0.768444
0.684580
1.303775
0.783168
0.966553
2.489961
NaN
287.600270
435.153289
1.340719
468.689910
392.287719
0.720366
NaN
352.700909
NaN
NaN
390.261344
NaN
NaN
NaN
111.261520
NaN
NaN
NaN
127.552831
5.475218
1.031387
2840.480207
2.361121
5.983380
158.391993
NaN
NaN
NaN
NaN
NaN
NaN
NaN
NaN
150.075052
NaN
NaN
NaN
NaN
704.296051
NaN
NaN
NaN
NaN
NaN
NaN
NaN
NaN
354.522430
0.844732
NaN
NaN
NaN
NaN
NaN
1.578463
1.849982
3140.438820
945.148616
NaN
