NaN
NaN
NaN
1568.043336
NaN
NaN
NaN
NaN
NaN
NaN
NaN
NaN
NaN
NaN
119.835938
1071.552239
NaN
310.288948
NaN
464.086160
NaN
NaN
NaN
NaN
NaN
NaN
NaN
NaN
NaN
574.458028
370.372425
NaN
NaN
NaN
NaN
NaN
NaN
NaN
222.839550
NaN
NaN
NaN
316.821775
NaN
NaN
NaN
NaN
NaN
NaN
NaN
63.307432
977.839028
262.447900
NaN
NaN
NaN
NaN
1258.016166
NaN
NaN
NaN
97.284044
NaN
NaN
NaN
NaN
NaN
NaN
NaN
758.989432
NaN
NaN
NaN
NaN
NaN
166.811340
189.688744
209.913767
NaN
NaN
NaN
NaN
441.063267
22695.102455
1243.145410
NaN
NaN
NaN
NaN
241.237660
NaN
NaN
373.434186
226.570811
404.876730
1450.874165
233.155042
NaN
17958.926651
NaN
NaN
NaN
1008.889600
NaN
NaN
NaN
NaN
629.492040
NaN
NaN
NaN
NaN
NaN
137.527973
NaN
NaN
NaN
700.484745
418.838264
498.823884
337.710051
NaN
NaN
NaN
239.273134
287.328211
463.847206
NaN
649.088106
NaN
1410.218971
NaN
NaN
181.270987
NaN
NaN
NaN
NaN
NaN
NaN
NaN
NaN
NaN
NaN
NaN
NaN
266.233055
NaN
NaN
540.609577
95.294959
NaN
NaN
1259.357580
96.216300
NaN
NaN
NaN
NaN
NaN
NaN
331.585897
NaN
139.862738
452.167588
NaN
NaN
NaN
487.545080
NaN
400.950888
NaN
NaN
NaN
NaN
NaN
NaN
NaN
NaN
NaN
NaN
NaN
NaN
283.649779
NaN
NaN
11.729490
6253.038774
NaN
NaN
113.250234
277.288702
1108.388923
301.819101
531.927159
463.058210
NaN
NaN
423.367757
499.693254
121.080719
NaN
4.565659
101.761951
115.075465
231.977844
0.852048
0.650128
0.778404
1.328832
425.738325
0.882083
0.994623
0.698286
0.810443
0.857041
NaN
NaN
0.762009
0.678346
0.752465
1.136294
NaN
0.444643
NaN
0.703235
0.730897
NaN
NaN
NaN
NaN
NaN
226.432493
283.059686
0.780596
0.656066
0.607738
2.091180
2.257584
5651.916684
0.735789
NaN
NaN
2.079782
1.552176
1.036968
1.767854
1.311753
130.892475
1.594233
786.469681
810.158503
1.090943
231.325977
NaN
1844.914951
NaN
NaN
NaN
NaN
NaN
NaN
2.233081
23.606777
601.461140
437.669960
537.632123
NaN
NaN
NaN
NaN
NaN
NaN
186.284003
NaN
205.475457
NaN
NaN
NaN
NaN
NaN
NaN
NaN
NaN
2937.632849
