NaN
NaN
NaN
692.207915
NaN
257.659949
NaN
NaN
64.940812
339.476515
NaN
435.984579
666.328295
70.568940
NaN
NaN
NaN
NaN
NaN
NaN
NaN
NaN
NaN
NaN
747.139642
NaN
267.090785
NaN
NaN
325.850734
395.185463
267.255026
NaN
425033.608526
375.691797
NaN
NaN
114.598421
346.566378
91.168281
NaN
NaN
NaN
NaN
NaN
NaN
784.928814
NaN
1391.821559
NaN
166.696725
NaN
970.957807
NaN
NaN
NaN
227.905180
NaN
352.956967
143.464270
661.344391
NaN
NaN
NaN
NaN
1125.902118
NaN
265.594014
NaN
153.186049
563.892073
NaN
128.765802
NaN
170.492584
NaN
NaN
136.247363
469.337794
NaN
247.145985
2035.025003
NaN
286.314451
NaN
NaN
NaN
1616.449899
393.224207
NaN
NaN
NaN
934.556777
NaN
1139.093382
NaN
281.142843
2862.550340
676.241264
NaN
NaN
NaN
172.387741
NaN
NaN
NaN
NaN
1250.540518
339.439707
NaN
NaN
532.683703
NaN
135.061834
NaN
NaN
NaN
NaN
286.977805
NaN
749.234711
165.586730
649.605884
62.169326
267.329308
16.513607
206.050402
251.111415
651.452169
380.748357
3.129769
0.817364
0.606483
0.882821
NaN
247.041451
NaN
529.479974
1860.094819
NaN
NaN
NaN
NaN
NaN
NaN
18.895787
0.510902
0.720730
0.761292
0.622945
0.591069
0.546598
6.215757
1.781702
1.482858
NaN
NaN
NaN
NaN
10.927427
1.203325
436.477762
2143.090731
NaN
NaN
NaN
294.928404
365.898796
NaN
NaN
1.451621
1.250586
NaN
229.444864
NaN
NaN
NaN
375.175531
NaN
NaN
68.277734
NaN
NaN
260.300900
NaN
NaN
NaN
NaN
NaN
NaN
NaN
NaN
591.593670
NaN
NaN
NaN
NaN
NaN
NaN
405.380948
NaN
NaN
NaN
NaN
NaN
NaN
NaN
NaN
815.040090
NaN
NaN
NaN
NaN
NaN
179.759169
NaN
NaN
NaN
NaN
NaN
NaN
72.341820
NaN
NaN
NaN
241.465592
307.350848
NaN
NaN
NaN
NaN
NaN
NaN
NaN
62.459250
6.108326
2006.880566
112.623932
1148.062423
10.996845
NaN
NaN
NaN
277.580751
908.772444
NaN
74.524151
NaN
37.165032
675.655041
1284.499127
2028.589315
428.231357
505.353866
NaN
391.921740
212.233515
424.905463
NaN
NaN
NaN
91.891645
NaN
NaN
52.265057
7.012093
1.345135
1.956400
2.002004
1.975647
NaN
NaN
NaN
375.331524
NaN
NaN
NaN
NaN
NaN
1840.134312
101.900849
NaN
NaN
NaN
NaN
