415.871683
323.614160
30.312605
188.764359
30.225119
216.808848
NaN
108.452401
81.272834
9.329599
122.130062
205.384028
14.910726
0.444992
0.337639
185.640303
NaN
225.153140
572.262178
NaN
564.715817
120.095113
NaN
425.246159
229.158627
1.280610
NaN
277.328606
NaN
1.146071
0.734022
0.603330
0.438772
1.368371
0.472992
0.536396
0.523281
0.547472
0.819176
0.797425
0.683729
0.598690
0.610019
0.617780
0.507701
0.586939
1.960793
0.791244
1028.272999
1518.282897
1.246016
0.906168
1.984932
79.092157
1595.478889
NaN
1.049101
727.209714
635.702632
4797.833837
371.592657
NaN
65.438005
5295.206922
16.122381
320.433686
NaN
191.008259
490.449502
145.847022
NaN
NaN
NaN
0.620430
989.301337
1.026542
127.516193
187.836740
130.028537
NaN
237.109010
NaN
269.568255
674.671458
1003.634342
NaN
NaN
2708.943498
2111.464014
NaN
NaN
NaN
1442.716555
1105.386720
552.358655
246.479082
NaN
301.749565
550.016136
NaN
NaN
NaN
NaN
NaN
NaN
0.510843
236.396871
NaN
169.581101
NaN
NaN
NaN
NaN
NaN
NaN
NaN
NaN
561.391281
277.556166
151.119233
NaN
388.499269
373.874871
NaN
419.791804
NaN
50.934962
NaN
NaN
NaN
3061.209469
NaN
320.385116
506.598522
NaN
468.725077
NaN
244.655755
NaN
NaN
NaN
NaN
NaN
NaN
NaN
451.811965
NaN
105.557444
615.060445
301.646684
50.453648
NaN
365.912786
NaN
267.434770
NaN
NaN
NaN
NaN
236.224133
244.754724
NaN
1915.060705
360.431101
NaN
NaN
NaN
NaN
NaN
286.014887
987.273965
206.328728
321.584673
211.875739
NaN
NaN
NaN
NaN
NaN
601.851166
NaN
NaN
NaN
196.978508
NaN
5314.661782
NaN
NaN
NaN
NaN
NaN
NaN
NaN
NaN
NaN
451.539331
NaN
NaN
NaN
NaN
NaN
NaN
NaN
1219.748797
NaN
286.320096
277.500973
NaN
NaN
NaN
NaN
NaN
NaN
NaN
NaN
381.514803
NaN
NaN
126.986842
NaN
NaN
158.829978
NaN
NaN
NaN
NaN
NaN
NaN
NaN
NaN
NaN
NaN
NaN
NaN
204.386253
NaN
384.746425
NaN
NaN
NaN
NaN
NaN
NaN
NaN
566.446432
NaN
NaN
NaN
456.824346
NaN
272.521215
NaN
242.767929
NaN
NaN
NaN
NaN
NaN
NaN
NaN
NaN
NaN
NaN
NaN
NaN
NaN
NaN
NaN
175.174702
NaN
NaN
NaN
NaN
NaN
NaN
NaN
5.140292
NaN
NaN
1.339214
1.549881
0.988570
NaN
NaN
NaN
