NaN
NaN
NaN
221.694025
NaN
NaN
NaN
NaN
247.656491
NaN
NaN
NaN
NaN
NaN
NaN
387.422504
NaN
NaN
NaN
181.048075
NaN
NaN
NaN
NaN
NaN
NaN
NaN
NaN
NaN
316.326441
366.364700
NaN
NaN
NaN
NaN
NaN
340.122794
464.418161
NaN
NaN
NaN
NaN
200.244651
NaN
NaN
NaN
NaN
NaN
NaN
NaN
NaN
NaN
NaN
NaN
NaN
NaN
NaN
NaN
NaN
NaN
NaN
NaN
NaN
NaN
NaN
329.203811
NaN
NaN
NaN
NaN
21199.281422
NaN
NaN
NaN
NaN
NaN
NaN
NaN
294.761453
NaN
NaN
NaN
NaN
NaN
NaN
NaN
NaN
253.933764
NaN
NaN
NaN
NaN
88.509699
NaN
NaN
NaN
NaN
NaN
NaN
NaN
1086.999209
NaN
NaN
NaN
NaN
NaN
NaN
NaN
NaN
NaN
NaN
NaN
818.751971
NaN
NaN
NaN
NaN
NaN
324.765151
NaN
NaN
1569.680636
334.795821
NaN
851.562741
318.859349
800.367090
77.693902
444.549736
NaN
459.115499
479.989977
321.457780
2246.267353
NaN
NaN
NaN
NaN
33.271582
NaN
NaN
NaN
NaN
NaN
NaN
233.978442
NaN
786.988015
11.422130
NaN
3657.342744
1432.640686
546.732163
NaN
NaN
NaN
NaN
NaN
NaN
1762.017366
969.203056
NaN
NaN
NaN
NaN
NaN
NaN
NaN
NaN
NaN
898.036571
2.878379
NaN
5341.562357
NaN
NaN
NaN
733.459647
NaN
NaN
NaN
950.758611
NaN
NaN
NaN
NaN
145.506114
251.200999
412.697506
NaN
361.695188
68.582066
2918.026021
495.886604
198.267654
NaN
NaN
NaN
NaN
137.732237
449.860866
NaN
245.576199
84.464655
NaN
152.413689
300.446102
0.976334
245.327536
220.463125
NaN
1.079250
208.980450
4.854104
56.499844
0.570325
NaN
NaN
6.614498
12.907590
2.909680
2151.990237
NaN
NaN
NaN
0.650501
0.531759
NaN
8.218774
NaN
2.476822
574.515924
76.052364
0.856794
0.766400
0.465847
0.829373
124.875303
1.329615
649.923758
220.970024
NaN
NaN
0.665031
0.778395
0.602045
1.128430
0.562099
0.616403
0.809927
3.098629
1.197105
0.562199
352.168877
3.570860
35.406950
719.503822
96.826398
NaN
NaN
NaN
335.553036
0.814497
0.792128
120.388805
NaN
1.913746
NaN
605.726314
NaN
NaN
240.797878
NaN
2.254217
NaN
2807.478749
NaN
264.936536
NaN
NaN
NaN
NaN
NaN
NaN
497.342739
