0.586877
0.737482
118.695456
75.686402
53.316111
0.638775
1301.728039
0.625754
0.717160
4.540547
355.390585
166.852422
0.610487
0.957609
0.600321
124.615790
129.195441
0.801796
1.444169
334.408454
312.852161
NaN
NaN
1.799798
0.958135
52.713392
205729.983459
5383.900860
NaN
0.517424
0.449147
0.814303
0.713159
0.917984
0.644449
0.504668
0.780087
0.554157
1.710577
146.310240
4.969168
35.356895
47.181683
36.494552
977.650428
264.629381
88.308575
451.320688
66.473200
3791.351991
322.314690
1378.909671
241.492690
NaN
189.039364
NaN
NaN
NaN
329.287215
219.057368
769.876288
NaN
NaN
NaN
NaN
291.668911
NaN
NaN
NaN
NaN
NaN
NaN
NaN
0.720370
NaN
11.362412
NaN
NaN
767.168519
NaN
NaN
344.699270
485.816667
918.066538
587.894769
NaN
1132.333885
260.039576
NaN
1113.194974
NaN
71.100682
NaN
NaN
NaN
442.736928
NaN
NaN
349.369328
NaN
NaN
NaN
NaN
NaN
NaN
0.931171
0.718882
NaN
232.851305
NaN
NaN
NaN
NaN
NaN
NaN
NaN
NaN
83.006589
NaN
NaN
NaN
187.057706
405.236370
NaN
441.047676
NaN
8537.466106
NaN
375.438952
NaN
NaN
NaN
NaN
NaN
NaN
NaN
NaN
285.724184
NaN
NaN
NaN
NaN
NaN
NaN
NaN
321.294849
NaN
NaN
NaN
NaN
NaN
NaN
207.384114
NaN
603.148523
NaN
NaN
NaN
NaN
113.433275
310.081881
590.882433
NaN
1628.784599
NaN
NaN
NaN
NaN
263.097968
NaN
743.567752
NaN
NaN
299.952601
NaN
NaN
NaN
NaN
NaN
NaN
NaN
NaN
NaN
NaN
NaN
NaN
324.008598
NaN
NaN
NaN
2601.846459
NaN
767.474675
NaN
1488.834780
NaN
NaN
NaN
NaN
NaN
NaN
NaN
NaN
NaN
NaN
192.870663
NaN
NaN
NaN
NaN
NaN
NaN
NaN
490.025988
NaN
NaN
NaN
NaN
NaN
255.869518
NaN
NaN
NaN
NaN
NaN
NaN
188.101516
NaN
NaN
NaN
NaN
NaN
NaN
NaN
738.275909
NaN
NaN
NaN
NaN
NaN
NaN
NaN
NaN
NaN
NaN
NaN
NaN
NaN
NaN
96.713991
351.458497
NaN
NaN
NaN
NaN
NaN
NaN
NaN
NaN
NaN
NaN
429.135536
NaN
NaN
1791.183761
NaN
NaN
NaN
NaN
NaN
NaN
NaN
NaN
3422.058369
0.964086
NaN
1.023848
NaN
NaN
0.993626
37.905586
1.281067
NaN
NaN
NaN
