NaN
334.261061
NaN
288.927533
NaN
1059.349437
NaN
NaN
NaN
NaN
NaN
NaN
NaN
400.630440
NaN
802.708872
NaN
NaN
NaN
NaN
NaN
NaN
NaN
NaN
NaN
NaN
NaN
275.500627
NaN
NaN
NaN
NaN
NaN
545.781367
NaN
NaN
1307.668055
NaN
49.247360
473.630432
NaN
NaN
NaN
NaN
NaN
NaN
NaN
NaN
NaN
560.314343
318.677062
19008.255675
280.653124
NaN
NaN
NaN
441.909714
NaN
NaN
NaN
NaN
458.113283
73.385132
741.304105
110.971989
NaN
NaN
NaN
NaN
391.313784
NaN
NaN
NaN
NaN
NaN
376.963672
275.591951
NaN
178.565224
NaN
1343.025765
NaN
368.575810
176.918012
224.712173
239.496197
NaN
555.195281
225.339948
NaN
NaN
NaN
NaN
NaN
227.776286
NaN
437.780879
NaN
68.057443
NaN
NaN
NaN
NaN
NaN
NaN
NaN
1877.498644
1303.363938
217.842757
NaN
NaN
NaN
4840.539005
NaN
63.615133
NaN
NaN
703.649643
1618.526815
387.497966
NaN
NaN
6531.587114
1486.648649
537.249281
210.677754
817.300941
NaN
385.778499
439.245374
883.115766
106.351931
NaN
3831.433531
NaN
NaN
NaN
408.130685
NaN
NaN
NaN
NaN
NaN
NaN
NaN
415.292383
8.531853
NaN
NaN
438.141402
60.873636
528.644048
16.414904
0.752124
0.790117
NaN
NaN
NaN
NaN
617.423633
918.121066
NaN
351.062148
NaN
NaN
343.498936
NaN
NaN
4416.831012
NaN
253.064564
NaN
NaN
44148.685026
NaN
NaN
NaN
NaN
275.394219
NaN
NaN
NaN
NaN
NaN
NaN
NaN
NaN
786.129226
NaN
NaN
NaN
790.375227
123.350074
123.244712
317.001833
448.584296
NaN
NaN
NaN
155.034918
NaN
NaN
119.920529
NaN
558.640248
188.800692
NaN
NaN
NaN
642.806213
66.251556
233.022594
NaN
NaN
NaN
NaN
NaN
NaN
NaN
2563.977797
NaN
NaN
NaN
NaN
NaN
18236.104197
109.976046
NaN
NaN
NaN
NaN
NaN
NaN
NaN
3.349706
3.116041
493.233225
0.730175
1.478378
0.621333
69.093075
NaN
NaN
NaN
618.080039
NaN
NaN
80.993688
743.525024
NaN
297.621057
462.802307
100.268966
35.878302
52.310657
385.243963
17.386008
492.561673
NaN
NaN
NaN
1822.607330
NaN
NaN
182.597865
NaN
209.650300
NaN
405.576729
NaN
NaN
NaN
NaN
NaN
NaN
NaN
NaN
NaN
NaN
NaN
NaN
NaN
NaN
NaN
NaN
