222.850167
87.723253
1.034507
1.022532
2.668732
1.113044
74.922996
6.506378
NaN
296.107972
138.476794
11.749599
NaN
NaN
NaN
949.638950
106.104237
405.220029
NaN
1.918044
1.535731
55.953377
3.345610
1006.851862
236.448000
NaN
0.849670
0.639356
1.898476
NaN
209.306052
199.176740
NaN
NaN
282.797365
NaN
NaN
NaN
NaN
NaN
NaN
NaN
NaN
NaN
NaN
NaN
289.610001
NaN
NaN
NaN
865.637307
NaN
NaN
NaN
NaN
NaN
NaN
609.331184
NaN
329.151734
124.259522
NaN
NaN
NaN
NaN
NaN
NaN
286.142977
NaN
168.212168
58.133829
NaN
NaN
NaN
NaN
NaN
NaN
NaN
NaN
NaN
NaN
NaN
NaN
NaN
NaN
NaN
NaN
NaN
NaN
757.410209
NaN
NaN
NaN
82.720883
274.347969
NaN
NaN
NaN
591.760272
NaN
NaN
NaN
NaN
NaN
NaN
NaN
NaN
NaN
NaN
NaN
NaN
NaN
NaN
NaN
NaN
NaN
NaN
422.276012
NaN
NaN
350.518241
236.005827
119.831847
NaN
196.602336
NaN
503.101834
352.787518
NaN
NaN
165.399301
216.979820
NaN
NaN
NaN
NaN
NaN
NaN
NaN
NaN
NaN
NaN
NaN
NaN
NaN
503.680887
NaN
NaN
NaN
132.010753
NaN
NaN
NaN
275.601193
NaN
NaN
NaN
NaN
NaN
2442.285053
1113.297699
NaN
NaN
1.025377
1.635127
0.976971
1.885669
0.679579
NaN
NaN
NaN
NaN
0.632099
0.943359
0.986993
1.628974
0.957203
0.644058
0.719836
4.535020
16.379507
120.066583
134.236040
NaN
224.688367
1.392895
1008.124916
114.481432
NaN
279.057885
4.606179
NaN
NaN
NaN
NaN
NaN
269.214688
NaN
3.570862
63.768720
234.459384
NaN
340.812643
396.344131
NaN
272.563426
64.048898
3106.865573
NaN
NaN
NaN
NaN
NaN
NaN
NaN
142.256681
NaN
NaN
NaN
NaN
626.937745
NaN
NaN
NaN
NaN
NaN
NaN
NaN
NaN
NaN
332.918716
NaN
NaN
NaN
92.352293
NaN
205.325466
NaN
NaN
236.967421
NaN
NaN
NaN
NaN
148.524430
75.998605
NaN
NaN
354.964626
2374.690780
NaN
321.728235
NaN
NaN
NaN
98.574510
NaN
NaN
NaN
NaN
NaN
NaN
NaN
NaN
361.116168
NaN
NaN
492.161783
NaN
NaN
0.853550
NaN
NaN
239.206138
NaN
72.343188
115.195609
NaN
1.189871
NaN
NaN
NaN
NaN
1.762523
NaN
