NaN
NaN
NaN
NaN
NaN
NaN
NaN
NaN
NaN
NaN
NaN
NaN
NaN
NaN
NaN
NaN
NaN
NaN
519.327143
NaN
541.952591
NaN
NaN
NaN
311.350415
NaN
NaN
NaN
NaN
NaN
410.996365
NaN
NaN
NaN
NaN
NaN
NaN
NaN
NaN
NaN
NaN
NaN
124.558525
NaN
NaN
NaN
NaN
NaN
NaN
NaN
NaN
NaN
NaN
NaN
NaN
NaN
NaN
NaN
NaN
1137.752704
NaN
NaN
NaN
NaN
NaN
NaN
NaN
67.150394
NaN
473.962529
389.545480
NaN
NaN
NaN
233.602748
NaN
NaN
363.781328
400.513158
NaN
NaN
NaN
248.071160
840.118850
193.132004
NaN
504.242136
330.921332
NaN
274.962954
NaN
NaN
NaN
217.769767
130.820035
541.223280
NaN
NaN
10204.569537
NaN
472.242930
NaN
NaN
NaN
NaN
NaN
NaN
98.234295
271.138241
NaN
NaN
NaN
NaN
NaN
NaN
NaN
NaN
NaN
NaN
NaN
NaN
NaN
NaN
NaN
NaN
339.178844
763.668336
NaN
303.382576
NaN
475.059806
NaN
NaN
783.710215
NaN
714.354772
NaN
NaN
NaN
NaN
NaN
NaN
NaN
NaN
NaN
259.472878
NaN
NaN
NaN
444.247073
429.849569
NaN
NaN
NaN
NaN
NaN
NaN
NaN
NaN
683.154688
488.822959
737.031648
156.643619
NaN
303.750611
NaN
NaN
NaN
NaN
NaN
NaN
NaN
NaN
784.442996
NaN
52.858578
87.031154
NaN
361.650472
NaN
NaN
NaN
NaN
239.897530
NaN
NaN
NaN
2.467555
23.766674
NaN
640.155386
20.444555
13.654114
1089.586767
0.512829
0.435613
0.538870
5.405493
NaN
985.591349
NaN
8.343194
0.579446
0.473880
0.683794
0.488648
0.469295
0.980823
8.010788
22.088652
3.790137
446.628633
NaN
189.017683
0.638600
238.900512
NaN
NaN
NaN
264.632186
9.009432
2379.789916
29.035051
NaN
NaN
4429.130673
NaN
86.791888
0.710039
0.404687
0.642705
0.650176
2.681809
0.848785
104.938186
NaN
NaN
570.374443
NaN
NaN
NaN
NaN
NaN
2.522221
1130.864132
627.180533
124.127800
385.108899
205.718698
130.302888
107.711835
901.837766
139.564739
NaN
NaN
275.710847
NaN
NaN
NaN
NaN
NaN
353.078650
9.825158
4.397514
257.358487
436.327107
NaN
NaN
NaN
NaN
NaN
NaN
NaN
0.897732
NaN
184.683336
NaN
0.373262
NaN
NaN
NaN
NaN
NaN
192.653766
0.495522
