NaN
NaN
NaN
371.455507
2191.836287
NaN
NaN
NaN
300.989655
NaN
NaN
NaN
NaN
NaN
NaN
562.411251
129.208553
NaN
NaN
326.522077
137.548844
NaN
NaN
NaN
NaN
225.720383
NaN
311.474586
NaN
38.540041
33418.914694
NaN
724.631423
262.185365
879.168853
NaN
209.246170
223.236085
345.772670
NaN
NaN
323.973212
NaN
NaN
NaN
186.862404
NaN
NaN
NaN
660.522948
35.852681
NaN
539.666578
NaN
NaN
NaN
NaN
NaN
NaN
NaN
438.338668
879.647110
898.055341
744.133350
787.695333
289.041032
NaN
NaN
NaN
629.998343
597.869697
NaN
NaN
NaN
NaN
NaN
NaN
699.551778
2093.806734
135.008308
867.653952
NaN
46.026466
143.444859
425.271461
NaN
NaN
185.205599
NaN
493.025222
NaN
NaN
NaN
333.862072
382.699865
207.057529
NaN
NaN
227.227990
NaN
938.127911
627.589070
239.552336
742.845698
NaN
225.909296
383.797350
