1.885598
0.739626
68.195364
401.665511
274.156816
192.128335
0.555977
0.425802
0.487028
7.593208
49.943313
107.701788
0.987345
0.657995
0.700281
1.222732
0.926542
0.684445
0.633336
33.491712
83.412889
NaN
499.829076
784.505908
0.672610
0.678545
309.641568
NaN
340.501125
0.656104
0.712364
0.504623
0.578400
726.752873
0.587219
0.695885
175.215431
34.280821
93.446479
1.173207
42.131702
NaN
312.142962
1079.383600
NaN
169.591328
579.439655
64.448679
195.249556
201.093207
1459.059228
67.383422
2091.475042
NaN
155.362595
NaN
NaN
NaN
460.798912
NaN
NaN
NaN
NaN
NaN
NaN
155.523791
NaN
NaN
NaN
272.264912
NaN
NaN
NaN
1.449588
NaN
1.335491
514.582021
NaN
355.362451
268.338846
NaN
436.360525
NaN
328.000597
NaN
NaN
NaN
379.797546
NaN
61.707978
NaN
NaN
NaN
NaN
654.449515
1148.788464
NaN
NaN
NaN
NaN
NaN
NaN
NaN
NaN
NaN
0.694654
0.714131
NaN
1036.256725
NaN
NaN
NaN
NaN
NaN
NaN
NaN
NaN
NaN
NaN
NaN
489.123227
77.007686
378.716002
NaN
437.657466
NaN
NaN
163.340204
946.418486
634.280492
NaN
1344.419522
56.055195
653.471469
NaN
171.936826
NaN
NaN
NaN
NaN
NaN
NaN
NaN
NaN
NaN
1582.677442
NaN
NaN
331.113706
NaN
NaN
NaN
NaN
NaN
NaN
NaN
NaN
NaN
NaN
351.418176
1587.217662
277.335878
NaN
169.335499
NaN
NaN
NaN
NaN
NaN
NaN
1236.614834
NaN
NaN
652.640431
NaN
NaN
NaN
NaN
438.952481
NaN
NaN
573.198923
NaN
NaN
NaN
217.784277
555.815741
145.935224
NaN
NaN
NaN
NaN
329.373671
NaN
NaN
NaN
NaN
NaN
NaN
NaN
NaN
NaN
1853.670365
705.986089
NaN
NaN
NaN
NaN
2369.595419
NaN
NaN
NaN
NaN
NaN
NaN
250.455248
NaN
NaN
NaN
NaN
NaN
239.660227
NaN
NaN
NaN
NaN
NaN
NaN
NaN
NaN
NaN
NaN
NaN
NaN
NaN
NaN
NaN
NaN
NaN
NaN
NaN
NaN
NaN
NaN
NaN
NaN
NaN
NaN
NaN
NaN
NaN
NaN
616.059240
NaN
NaN
NaN
NaN
NaN
NaN
NaN
NaN
NaN
NaN
NaN
177.935608
NaN
NaN
186.390311
NaN
NaN
320.561879
1405.223645
NaN
NaN
0.830429
NaN
0.615263
NaN
NaN
0.669198
0.998782
0.748378
NaN
NaN
NaN
