NaN
NaN
NaN
490.991575
NaN
NaN
NaN
NaN
NaN
152.556259
NaN
NaN
143.915850
NaN
NaN
NaN
NaN
NaN
NaN
NaN
NaN
NaN
NaN
NaN
NaN
NaN
NaN
NaN
NaN
256.521832
398.873023
NaN
NaN
NaN
NaN
NaN
NaN
406.007474
NaN
NaN
NaN
NaN
NaN
NaN
1205.220880
NaN
12394.687552
NaN
556.962244
841.483913
303.478544
168.412684
559.231077
NaN
199.020184
NaN
NaN
671.674575
183.449192
872.951006
1491.143130
26.910201
173.668810
2677.537296
229.364257
758.740801
NaN
NaN
272.735611
570.195387
1080.937853
NaN
202.644872
NaN
1196.714219
