0.740900
0.536663
73.866287
772.025376
7.794086
0.616120
7.652044
142.644191
0.574954
0.740697
192.878461
88.295073
0.833061
0.562523
0.510954
374.248372
1147.343101
0.620567
0.902646
148.879676
NaN
2653.332338
NaN
102.955900
0.936913
0.783568
37.687297
188.459189
84.395636
0.572994
0.546387
0.537416
0.867917
0.565484
0.550826
0.986407
0.490162
0.516413
0.696171
0.367983
0.934448
0.396498
1.748089
0.972664
0.728647
3.875235
13.072393
NaN
271.379498
208.597111
383.138989
136.775499
844.415689
8.471301
NaN
NaN
198.581182
193.351507
169.827374
3136.211971
NaN
293.295174
NaN
NaN
151.654466
NaN
NaN
NaN
NaN
NaN
NaN
NaN
NaN
0.481343
1900.556889
113.413217
NaN
NaN
1309.235531
NaN
NaN
149.999818
916.886080
NaN
NaN
225.678541
NaN
145.101513
NaN
NaN
NaN
NaN
NaN
NaN
NaN
483.149245
NaN
NaN
NaN
NaN
NaN
NaN
NaN
NaN
NaN
0.779228
0.630858
10463.990709
754.944087
NaN
NaN
NaN
NaN
NaN
NaN
NaN
NaN
104.084189
164.415257
2364.355794
NaN
214.007621
NaN
NaN
NaN
NaN
284.239433
NaN
Inf
256.896978
380.385447
NaN
762.841204
NaN
NaN
80.258444
NaN
105.244313
NaN
NaN
NaN
NaN
NaN
NaN
NaN
105.385563
NaN
NaN
NaN
NaN
NaN
287.501075
67555.961631
490.360395
NaN
NaN
NaN
NaN
NaN
170.157992
183.656842
NaN
NaN
1032.620820
NaN
NaN
NaN
NaN
254.351439
NaN
185.873206
NaN
NaN
860.143550
NaN
NaN
NaN
NaN
NaN
NaN
NaN
NaN
NaN
NaN
NaN
NaN
305.253400
NaN
NaN
NaN
NaN
NaN
NaN
NaN
NaN
NaN
NaN
NaN
715.788667
NaN
NaN
NaN
NaN
82.403475
NaN
186.843743
NaN
342.968310
NaN
NaN
NaN
NaN
NaN
NaN
NaN
NaN
NaN
NaN
NaN
358.444859
NaN
NaN
NaN
NaN
NaN
NaN
NaN
NaN
NaN
NaN
NaN
NaN
NaN
480.021706
NaN
NaN
NaN
NaN
NaN
163.725513
NaN
NaN
NaN
239.787502
438.119641
NaN
NaN
NaN
NaN
508.526996
NaN
505.018501
340.489180
1286.210314
NaN
NaN
NaN
NaN
NaN
NaN
NaN
NaN
NaN
273.591091
NaN
NaN
NaN
NaN
181.392195
NaN
440.457379
NaN
NaN
NaN
329.071343
888.057489
0.950596
NaN
NaN
1.953165
1.096808
1.348530
NaN
NaN
NaN
