127.891101
239.456647
NaN
426.841428
884.010192
NaN
570.117166
NaN
1148.242275
NaN
NaN
NaN
407.664861
NaN
NaN
539.186876
NaN
563.851484
NaN
402.862228
NaN
388.840998
NaN
NaN
NaN
NaN
247.066337
NaN
66.710795
364.459091
NaN
1599.701832
NaN
27.761932
NaN
NaN
1056.230702
NaN
174.653093
336.833616
NaN
NaN
NaN
NaN
NaN
NaN
NaN
163.973196
101.202840
457.750431
NaN
NaN
NaN
NaN
346.755857
NaN
NaN
1929.141272
270.068216
393.170553
374.108845
323.077985
NaN
1312.789911
NaN
190.703152
NaN
311.664091
NaN
257.025218
2110.612917
NaN
NaN
NaN
314.440103
NaN
585.425064
1277.785364
378.000710
NaN
719.251131
NaN
2.319677
636.511506
NaN
NaN
NaN
85.407139
NaN
NaN
NaN
NaN
NaN
NaN
428.641017
NaN
589.741589
NaN
NaN
NaN
NaN
73.023714
452.631984
NaN
NaN
NaN
269.217937
1981.062242
393.148344
NaN
NaN
482.093875
NaN
NaN
NaN
NaN
NaN
461.598718
1161.969002
245.860199
1032.393015
118.626351
4800.239617
2.261675
59.847664
0.918434
844.347510
835.684422
29.403061
6.978072
0.636101
0.571401
0.386039
0.549619
NaN
855.164920
NaN
743.005190
10.094069
NaN
NaN
NaN
NaN
NaN
NaN
0.476117
0.527695
0.630969
0.757904
0.607299
255.922029
0.552546
48.600060
36.486509
1.741930
NaN
NaN
NaN
NaN
1.509563
2.439281
429.479621
576.806519
275.151768
NaN
NaN
NaN
NaN
327.877771
NaN
0.738468
1.594109
NaN
402.181530
NaN
NaN
NaN
NaN
NaN
NaN
406.660971
NaN
NaN
554.789486
NaN
643.464012
NaN
387.880172
NaN
NaN
NaN
104.650088
329.362681
334.202737
NaN
NaN
NaN
NaN
NaN
NaN
NaN
NaN
640.175138
392.789331
NaN
311.205849
420.256029
442.458283
NaN
NaN
NaN
NaN
NaN
NaN
NaN
304.732259
NaN
NaN
252.670691
724.755086
NaN
NaN
NaN
NaN
NaN
NaN
582.292585
NaN
NaN
309.777353
NaN
NaN
NaN
NaN
218.739194
14.450927
151.396457
397.212497
NaN
714.510948
NaN
NaN
NaN
NaN
872.487576
472.938346
169.175116
627.243054
139.237417
196.516894
304.546651
590.945043
325.606410
451.214512
NaN
1427.675018
170.123378
3167.537109
NaN
NaN
NaN
1.224250
32518.779483
NaN
1.366911
1.411154
223.497439
86.321961
414.495078
0.547856
NaN
NaN
NaN
NaN
NaN
NaN
NaN
NaN
NaN
NaN
504.797612
NaN
NaN
NaN
NaN
