NaN
NaN
NaN
297.186450
NaN
284.449531
NaN
576.071823
NaN
NaN
NaN
NaN
NaN
NaN
NaN
NaN
NaN
NaN
NaN
514.112957
NaN
NaN
390.538280
NaN
NaN
NaN
NaN
NaN
NaN
NaN
124.876583
NaN
NaN
NaN
NaN
88.067366
NaN
NaN
NaN
1094.347609
NaN
1062.950863
NaN
NaN
NaN
NaN
654.245370
NaN
NaN
890.627201
NaN
323.338977
298.797993
NaN
152.810184
872.372192
389.046777
263.091436
261.415137
238.070408
431.800499
282.831910
33.011764
181484.856271
231.836129
NaN
NaN
2.751699
4.429465
4.272892
464.810983
144.575611
1.177166
NaN
NaN
19500.965839
1.338822
0.676365
0.553286
1.092725
1.827413
0.711798
0.777881
0.556149
0.652155
0.485582
0.644957
1.640948
0.962885
1.968234
0.706166
4.885199
0.660433
1.484181
754.634467
2.101373
0.593682
1.169773
207.148995
2.819470
1.604081
493.720640
660.099969
54.537531
353.698018
NaN
195.107476
1.092754
1.284433
2.942307
0.781647
0.927229
0.739087
NaN
378.731485
0.651232
5.619544
2741.885486
377.038796
837.158438
213.526934
290.873066
933.886233
NaN
223.746999
313.320095
993.159103
NaN
535.419585
176.935903
NaN
NaN
302.584624
280.968675
510.953606
509.006992
274.141346
132.166306
260.264150
NaN
NaN
NaN
NaN
NaN
NaN
NaN
NaN
NaN
NaN
908.648577
NaN
NaN
201.883932
474.928189
NaN
NaN
NaN
NaN
NaN
828.815378
NaN
108.722884
5.729304
546.286715
NaN
NaN
NaN
NaN
75.161813
245.169601
371.302904
NaN
NaN
7897.676095
NaN
NaN
NaN
NaN
1101.459702
NaN
NaN
NaN
141.323186
235.871454
3.362430
NaN
NaN
NaN
254.056846
NaN
NaN
NaN
90.624202
NaN
340.012389
461.035700
257.546732
NaN
NaN
150.392084
NaN
NaN
NaN
NaN
NaN
647.974576
283.302157
NaN
NaN
322.560281
NaN
NaN
NaN
NaN
NaN
NaN
NaN
NaN
NaN
NaN
214.637492
210.266729
NaN
NaN
NaN
124.832324
NaN
NaN
NaN
NaN
128.500154
NaN
314.395368
416.019135
NaN
NaN
NaN
NaN
NaN
NaN
NaN
NaN
NaN
380.253363
NaN
NaN
NaN
NaN
NaN
NaN
NaN
NaN
NaN
NaN
NaN
NaN
NaN
NaN
NaN
NaN
NaN
4142.533737
NaN
NaN
NaN
NaN
NaN
NaN
466.323285
NaN
NaN
6.519928
2872.245547
NaN
NaN
NaN
NaN
NaN
NaN
NaN
NaN
NaN
NaN
NaN
NaN
