NaN
NaN
NaN
NaN
NaN
NaN
NaN
NaN
NaN
NaN
NaN
NaN
12.438074
133.997853
124.118741
NaN
NaN
NaN
NaN
NaN
NaN
NaN
NaN
NaN
NaN
NaN
NaN
NaN
NaN
NaN
NaN
NaN
NaN
NaN
NaN
NaN
NaN
NaN
NaN
NaN
NaN
NaN
498.068201
NaN
NaN
NaN
NaN
NaN
NaN
196.041593
1959.061555
128.404973
145.592259
NaN
NaN
301.052205
NaN
NaN
900.460702
738.047186
440.493045
131.828622
NaN
847.346031
NaN
NaN
NaN
38.119753
299.319972
3.787453
25.655637
2.260855
NaN
NaN
NaN
NaN
130.951521
1.998292
1.934011
0.909486
3.062123
0.833471
0.748840
0.599787
29.117772
0.523377
0.466772
0.645474
0.895899
1.042044
0.693030
0.599517
0.895215
1.277015
0.848483
0.628840
5.373192
0.796816
6.657516
1.710170
1.024150
2.229242
116.528692
0.633988
0.503065
NaN
NaN
0.736853
0.957201
1.014132
1.107503
0.849469
1.311631
NaN
NaN
3.036251
0.901195
0.907164
107.117617
1.189481
13.175146
170.692659
NaN
NaN
NaN
288.960480
456.004028
1871.225334
180.376792
NaN
NaN
NaN
158.713113
NaN
19.862479
1.438349
0.977199
1.437404
200.150301
NaN
NaN
NaN
NaN
NaN
NaN
NaN
NaN
NaN
NaN
NaN
2140.790021
NaN
402.198407
NaN
NaN
NaN
NaN
NaN
NaN
NaN
NaN
34.704311
1.106674
NaN
NaN
NaN
NaN
NaN
101.712736
93.644040
NaN
NaN
NaN
