357.932738
NaN
190.599073
NaN
NaN
NaN
NaN
NaN
57.213615
NaN
NaN
NaN
NaN
546.821076
424.352686
297.892093
NaN
NaN
NaN
231.189195
NaN
671.497319
NaN
NaN
NaN
NaN
593.734147
NaN
NaN
NaN
NaN
NaN
NaN
NaN
NaN
NaN
NaN
NaN
NaN
NaN
2439.821163
398.743017
NaN
NaN
NaN
NaN
460.818886
NaN
424.445038
430.539392
300.512788
916.923134
NaN
6780.051171
162.761791
NaN
NaN
734.398264
NaN
NaN
268.704961
415.174075
NaN
2118.992242
NaN
NaN
437.766927
NaN
NaN
914.349889
NaN
NaN
256.457038
NaN
NaN
NaN
416.417828
NaN
2326.581234
NaN
213.064276
NaN
NaN
622.614214
NaN
265.566483
NaN
717.737059
345.172085
NaN
NaN
NaN
NaN
1258.216731
296.865461
492.658987
4530.504645
NaN
411.276694
NaN
NaN
NaN
NaN
NaN
NaN
NaN
NaN
5735.829938
NaN
NaN
NaN
835.225473
NaN
561.410878
423.477906
NaN
NaN
148.480841
776.678677
308.854047
NaN
198.637265
198.615258
111.439619
1798.927674
624.414440
728.652864
NaN
414.462811
NaN
NaN
688.601097
NaN
555.599502
NaN
NaN
NaN
NaN
91.893465
NaN
NaN
NaN
NaN
NaN
NaN
145.757145
NaN
330.707312
57.273282
NaN
151.808938
748.801036
276.459627
151.439500
NaN
NaN
NaN
NaN
NaN
376.424686
NaN
NaN
299.841922
635.904283
NaN
52.232605
682.224505
NaN
NaN
NaN
NaN
NaN
308.994538
374.297116
565.685511
NaN
471.826814
NaN
325.589733
33.935891
NaN
NaN
NaN
NaN
NaN
325.525907
322.862036
218.040508
NaN
174.591504
56.494196
948.406050
64.728417
156.653118
1133.590780
123.485963
702.049243
171.539416
66.027273
317.344671
6.321996
NaN
5.020162
5.558938
1.439681
1.205248
0.427099
0.559801
0.376332
0.504084
0.406562
0.452028
0.605098
0.581189
0.532983
0.544764
NaN
NaN
0.387805
0.460332
2.613981
0.490602
837.870555
NaN
NaN
0.604114
0.528933
NaN
1225.877986
158.111808
299.548920
1047.661655
1.610379
0.939595
100.169147
2.304465
406.967621
NaN
0.587630
330.266657
323.375310
NaN
NaN
1.084424
1.446245
0.798065
1.533150
1.807208
139.567767
6.948269
910.917100
NaN
4.145090
NaN
NaN
NaN
NaN
NaN
NaN
NaN
NaN
3353.954729
0.925235
0.810059
NaN
NaN
NaN
223.141466
NaN
NaN
NaN
NaN
577.799131
118.043351
NaN
214.581817
NaN
NaN
NaN
NaN
351.299224
NaN
NaN
NaN
NaN
