322.011840
71.414651
221.542673
NaN
460.487064
1277.307026
221.503364
388.417805
0.817891
0.494229
NaN
113.340083
2.163665
93.537743
1.102697
94.021978
64.940495
3.853344
16.158426
343.754519
361.504676
356.321215
NaN
291.460762
1.482135
307.448068
41.634267
NaN
NaN
0.582372
0.696879
0.620467
0.566989
0.643079
0.688298
0.817997
1.964690
0.540212
0.597520
0.591842
0.884564
0.729403
77.909907
0.538128
1.031253
0.760515
0.610809
0.972036
198.765369
238.927648
32.389329
1660.922337
0.708008
120.974620
184.057291
NaN
64.102435
NaN
563.083456
454.991693
256.159481
NaN
189.742425
803.587222
NaN
555.995850
NaN
NaN
NaN
775.669005
NaN
NaN
NaN
0.775368
375.916705
1.054765
NaN
NaN
4812.361176
NaN
209.981590
116.869531
547.578570
NaN
NaN
NaN
NaN
NaN
NaN
NaN
NaN
NaN
NaN
61.506419
NaN
364.174505
NaN
NaN
574.252409
NaN
NaN
195.575269
NaN
NaN
NaN
1.942261
4.187626
NaN
NaN
NaN
NaN
NaN
802.425430
1232.018757
NaN
NaN
NaN
NaN
NaN
NaN
NaN
1097.454565
NaN
NaN
422.526573
286.904512
NaN
NaN
NaN
NaN
401.885340
248.568841
NaN
803.171766
NaN
958.027049
NaN
456.562420
433.381609
NaN
NaN
NaN
NaN
NaN
NaN
NaN
NaN
NaN
304.597947
NaN
NaN
145.298570
1438.404214
114.339113
NaN
NaN
NaN
NaN
NaN
182.906303
198.454626
NaN
206.244443
248.387009
NaN
673.999206
NaN
NaN
NaN
NaN
63.350683
NaN
951.494863
NaN
394.227396
1039.940235
NaN
NaN
NaN
290.896709
NaN
NaN
NaN
NaN
NaN
NaN
NaN
215.239573
NaN
NaN
156.047317
NaN
NaN
NaN
NaN
NaN
181.200800
NaN
NaN
NaN
NaN
NaN
310.918738
NaN
NaN
340.459208
249.790841
NaN
NaN
NaN
NaN
NaN
NaN
NaN
NaN
960.188573
NaN
NaN
NaN
NaN
172.192181
NaN
NaN
NaN
NaN
289.319641
NaN
NaN
NaN
NaN
492.673989
NaN
NaN
NaN
NaN
NaN
NaN
NaN
NaN
NaN
NaN
NaN
NaN
140.827956
NaN
NaN
NaN
NaN
199.502744
NaN
83.380602
797.723313
528.065870
NaN
NaN
NaN
NaN
NaN
NaN
NaN
NaN
NaN
NaN
NaN
NaN
NaN
NaN
NaN
NaN
NaN
NaN
NaN
NaN
NaN
53.427411
NaN
3.888980
NaN
NaN
0.871102
1.037864
1.109959
NaN
283.675966
NaN
