NaN
NaN
122.404462
426.271121
NaN
NaN
NaN
NaN
NaN
45.356491
NaN
NaN
NaN
NaN
151.217088
NaN
NaN
NaN
NaN
313.251090
NaN
NaN
NaN
NaN
NaN
309.559000
NaN
NaN
NaN
NaN
NaN
NaN
NaN
332.764225
393.658695
NaN
NaN
NaN
NaN
NaN
NaN
NaN
267.317277
NaN
NaN
NaN
NaN
359.859706
NaN
178.922903
NaN
NaN
371.998369
NaN
NaN
NaN
83.236651
296.716780
NaN
NaN
NaN
105.869556
NaN
NaN
NaN
NaN
NaN
107.544874
NaN
547.737670
864.908224
308.060978
NaN
NaN
NaN
NaN
654.002599
NaN
NaN
902.654581
477.663877
NaN
221.514768
339.430369
NaN
NaN
NaN
893.273065
172.089094
NaN
NaN
NaN
304.615790
1212.030953
1164.070532
NaN
143.674807
251.749824
357.285277
NaN
NaN
NaN
280.249815
231.918179
NaN
NaN
NaN
NaN
296.934130
533.884128
NaN
NaN
NaN
NaN
NaN
NaN
395.790341
NaN
NaN
260.922634
NaN
120.271931
NaN
696.712685
229.252669
NaN
1876.959812
NaN
479.591353
849.448928
355.109307
NaN
NaN
1220.694207
NaN
NaN
NaN
NaN
NaN
NaN
NaN
NaN
NaN
NaN
NaN
4831.634034
NaN
357.797786
NaN
NaN
2361.483400
479.858997
150.233423
NaN
NaN
NaN
NaN
NaN
NaN
690.032566
121.310931
NaN
237.249949
NaN
NaN
361.385797
NaN
94.784041
NaN
NaN
NaN
NaN
NaN
NaN
NaN
NaN
228.097210
NaN
2005.424689
113.044330
178.192966
NaN
NaN
207.683579
NaN
9673.680317
2.879701
1011.518259
415.751246
NaN
455.733506
1.060653
0.779657
1.328651
0.578885
0.443983
0.558199
0.447383
518.818858
NaN
1.474861
0.476300
0.531203
0.472807
0.569425
0.556219
0.542984
0.380832
1.372717
0.506918
0.706659
2.006771
18.911555
0.359101
0.768777
0.618680
NaN
NaN
0.363240
2.324561
476.774798
0.638596
0.761953
NaN
NaN
7.049129
634.698510
0.764112
0.810896
0.899558
332.174300
4.289376
2.043560
1369.587891
404.935723
NaN
811.067991
2879.303123
NaN
NaN
NaN
NaN
NaN
50.153204
2584.892682
NaN
354.053281
400.636392
549.384281
1257.989593
NaN
NaN
91.546275
1205.665578
NaN
541.249844
NaN
NaN
NaN
NaN
NaN
NaN
1.294239
3.815527
506.902497
403.350885
NaN
222.580215
NaN
NaN
NaN
NaN
NaN
1.066312
NaN
993.949010
179.261897
1.173464
NaN
NaN
NaN
NaN
NaN
NaN
0.959551
