NaN
NaN
NaN
NaN
NaN
NaN
NaN
NaN
293.765072
NaN
NaN
NaN
NaN
NaN
NaN
NaN
81.466158
134.623458
NaN
NaN
NaN
NaN
NaN
NaN
NaN
263.116934
742.222348
167.260950
NaN
NaN
NaN
NaN
NaN
NaN
NaN
NaN
339.498283
NaN
53.702285
NaN
NaN
NaN
NaN
NaN
NaN
NaN
NaN
NaN
185.209662
148.092839
NaN
362.106576
141.888465
NaN
584.720842
NaN
NaN
716.000946
40.485121
291.885175
161.404056
120.315800
NaN
NaN
316.677424
NaN
183.776593
871.188425
241.538862
949.490207
NaN
NaN
NaN
NaN
228.701318
NaN
199.736394
111.900658
307.116105
204.931008
259.863199
357.455418
224.790285
132.818400
140.531072
48.137426
87.005825
1135.039048
NaN
397.803360
NaN
304.938218
87.837664
2.322701
166.952664
0.834424
1.133523
148.495258
156.133238
15.094593
NaN
NaN
500.657222
20211.289747
72.613487
NaN
1780.788151
1012.028871
152.018785
107.330642
140.777996
184.740514
92.770138
294.271972
283.425539
2.803647
192.054462
1.289075
0.821622
0.500559
0.591394
0.760912
0.496995
0.679486
0.559589
0.650675
0.854290
1.108639
5.531905
0.925925
0.349419
1.084407
1.093031
600.187890
1.372358
0.854093
54.962984
5.251816
1.362890
NaN
NaN
NaN
NaN
NaN
NaN
107.430999
69.318388
121.632814
243.681516
NaN
139.814333
NaN
NaN
2.770924
210.960345
NaN
NaN
NaN
NaN
3.911431
84.336636
1.049317
101.485254
420.286080
NaN
NaN
NaN
NaN
303.612386
296.705379
389.749466
73.672613
NaN
233.457467
591.911777
NaN
NaN
NaN
64453.112955
NaN
NaN
NaN
843.585553
0.779618
232.421604
163.410635
NaN
215.224869
NaN
NaN
564.208383
NaN
NaN
NaN
276.177175
NaN
165.881259
NaN
NaN
149.558975
NaN
NaN
NaN
NaN
NaN
NaN
NaN
NaN
NaN
NaN
NaN
232.826044
NaN
NaN
NaN
1001.027231
NaN
NaN
NaN
NaN
NaN
NaN
NaN
NaN
NaN
NaN
NaN
NaN
NaN
NaN
474.753259
NaN
NaN
NaN
NaN
NaN
173.671081
815.591774
NaN
NaN
NaN
NaN
NaN
NaN
NaN
241.150005
NaN
308.076201
NaN
293.922463
NaN
NaN
NaN
2599.287983
14.305086
5153.324621
876.111149
515.431024
NaN
NaN
NaN
3270.378497
NaN
NaN
1631.589874
1266.768789
NaN
NaN
243.961347
NaN
NaN
945.375908
367.632602
NaN
NaN
NaN
NaN
NaN
NaN
197.035543
288.671300
NaN
NaN
NaN
NaN
