NaN
NaN
NaN
1616.203121
NaN
NaN
NaN
NaN
NaN
NaN
NaN
NaN
371.821997
NaN
NaN
NaN
NaN
NaN
NaN
1384.428842
134.025495
117.991633
NaN
NaN
NaN
NaN
NaN
208.545208
NaN
NaN
NaN
NaN
NaN
NaN
NaN
NaN
NaN
NaN
NaN
NaN
NaN
NaN
NaN
NaN
NaN
NaN
NaN
NaN
NaN
NaN
NaN
NaN
2043.501034
285.534046
286.838100
NaN
NaN
NaN
NaN
809.653909
385.876927
593.052466
1189.240060
689.883463
258.724326
NaN
NaN
425.488456
362.928506
260.873690
1218.325741
147.986161
NaN
NaN
327.449987
NaN
3478.801728
NaN
1221.049270
NaN
350.648470
NaN
NaN
522.750544
NaN
649.169739
NaN
1267.935445
518.171103
NaN
NaN
1027.100923
877.892747
364.779050
738.905819
861.733092
306.099013
NaN
316.370278
NaN
NaN
NaN
NaN
NaN
NaN
NaN
722.829806
NaN
NaN
NaN
1348.991771
NaN
NaN
NaN
459.517621
NaN
417.445280
549.525454
NaN
NaN
NaN
279.615982
NaN
226.922305
823.134597
NaN
NaN
NaN
551.364109
480.970023
NaN
NaN
183.069543
69.685794
NaN
NaN
NaN
NaN
NaN
NaN
NaN
NaN
NaN
NaN
NaN
NaN
NaN
323.461035
NaN
NaN
NaN
1072.226544
5896.987419
236.697444
227.404341
NaN
NaN
NaN
NaN
323.433284
507.983665
377.721957
185.875758
250.668803
NaN
297.055701
NaN
NaN
NaN
10547.422666
NaN
28261.817131
NaN
346.532263
NaN
337.478881
NaN
375.594224
489.704199
162.999103
NaN
NaN
NaN
373.175658
NaN
151.566011
316.428942
1.408542
166.453468
2.375421
7.687355
1.765897
0.888364
2.240790
1.303592
0.619830
0.458329
0.553645
0.686113
0.656737
0.605787
0.537185
0.552109
0.869699
1.449856
0.750390
0.527217
4.551339
0.860299
1.245627
0.609680
0.802708
363.223735
30.505260
457.765611
413.726436
NaN
NaN
5.882443
543.955264
1.600427
35.327925
1.220594
NaN
NaN
NaN
201.891485
2.457688
2.604232
2.160092
3.848547
0.950496
201.957355
269.361493
NaN
NaN
NaN
NaN
NaN
NaN
10344.214289
NaN
NaN
NaN
NaN
NaN
NaN
NaN
NaN
NaN
351.592199
NaN
NaN
