0.812468
0.625056
3.072475
5262.575675
0.642875
0.580262
967.342160
0.408694
0.575585
0.560104
9.048939
341.015386
0.618939
0.626178
0.750150
0.551757
0.640487
0.604034
0.757344
0.554262
10.053749
95.594153
83.790826
0.884022
1.082093
0.697668
1.833432
2.130610
1.409614
0.866251
1.275758
186.456511
15.931855
143.828482
155.482342
333.724108
378.364897
151.725782
400.816309
NaN
1223.500466
0.632934
14.168145
86.500069
NaN
430.217594
NaN
3.169208
7.342615
83.466054
352.963715
361.372635
143.599820
NaN
NaN
NaN
NaN
358.705402
279.330208
377.015018
NaN
NaN
NaN
NaN
NaN
NaN
NaN
NaN
NaN
240.601362
NaN
NaN
NaN
314.323274
34.902747
222.348324
191.122057
281.563663
890.306210
NaN
658.234013
NaN
43.629866
NaN
NaN
NaN
NaN
NaN
NaN
NaN
NaN
NaN
NaN
26.814216
531.904693
217.048360
