53.060935
1159.414698
NaN
238.065821
NaN
3783.179888
NaN
NaN
NaN
NaN
NaN
NaN
816.433237
223.982798
NaN
NaN
NaN
NaN
NaN
NaN
1070.287619
NaN
NaN
NaN
478.573792
6093.193903
NaN
NaN
NaN
444.100159
4252.344739
336.210781
NaN
1089.313334
NaN
1161.422668
290.544492
NaN
259.151305
NaN
96.133614
NaN
NaN
NaN
NaN
NaN
205.028556
270.116622
842.099503
NaN
616.869148
NaN
442.970659
506.441129
280.710446
411.676417
NaN
NaN
357.062700
395.234990
253.450139
195.533341
874.420198
134.322475
NaN
NaN
NaN
NaN
NaN
407.931798
NaN
NaN
NaN
NaN
156.475520
NaN
NaN
NaN
NaN
NaN
358.361801
680.562337
NaN
1591.822856
NaN
469.175567
1035.055724
418.986452
267.702034
NaN
NaN
NaN
NaN
119.067834
3068.446326
NaN
354.932591
NaN
NaN
NaN
NaN
NaN
NaN
NaN
NaN
NaN
NaN
