NaN
NaN
NaN
1375.811603
457.834399
27.465340
313.478502
NaN
NaN
NaN
NaN
239.475183
NaN
NaN
NaN
NaN
NaN
NaN
NaN
NaN
NaN
NaN
NaN
NaN
NaN
NaN
NaN
1974.924952
NaN
4365.243650
NaN
NaN
NaN
NaN
NaN
242.507314
NaN
NaN
NaN
NaN
NaN
NaN
3317.311094
NaN
NaN
NaN
189.538583
621.460930
NaN
NaN
NaN
104.238151
283.221281
NaN
NaN
NaN
NaN
NaN
267.931335
2000.354034
NaN
1082.648463
472.947814
NaN
973.383372
355.275819
320.599073
NaN
NaN
NaN
NaN
NaN
NaN
NaN
NaN
NaN
280.503406
162.403448
238.598698
NaN
NaN
NaN
NaN
595.223273
235.884064
NaN
NaN
1545.519560
NaN
NaN
NaN
NaN
NaN
703.415882
818.036156
2171.555349
405.831748
265.438725
304.318230
NaN
NaN
NaN
NaN
NaN
NaN
NaN
NaN
844.962738
