NaN
NaN
230.775806
NaN
NaN
NaN
NaN
NaN
NaN
NaN
NaN
NaN
NaN
NaN
NaN
284.479229
386.670760
NaN
NaN
376.739705
475.353810
NaN
NaN
NaN
426.673953
NaN
NaN
NaN
1261.403339
277.324087
NaN
NaN
NaN
NaN
NaN
NaN
NaN
NaN
NaN
NaN
17.574577
NaN
NaN
NaN
NaN
NaN
NaN
NaN
NaN
263.188100
NaN
445.076590
258.395654
NaN
190.293254
NaN
NaN
507.667704
NaN
114.123373
NaN
902.417292
NaN
610.757368
NaN
NaN
578.324299
384.642407
NaN
191.845171
236.151699
4034.966676
NaN
NaN
NaN
NaN
NaN
NaN
364.377885
NaN
214.766222
211.763644
NaN
NaN
NaN
NaN
NaN
NaN
NaN
309.555041
NaN
NaN
NaN
NaN
NaN
326.919807
NaN
NaN
NaN
NaN
NaN
NaN
NaN
189.903414
NaN
NaN
175.791652
NaN
2234.507091
NaN
NaN
NaN
NaN
NaN
62.261662
NaN
NaN
NaN
NaN
NaN
NaN
NaN
181.959825
NaN
2.268594
736.778640
852.449477
NaN
NaN
NaN
447.134893
NaN
NaN
455.115716
NaN
NaN
NaN
NaN
NaN
NaN
NaN
NaN
NaN
NaN
NaN
NaN
NaN
159.541119
NaN
NaN
NaN
NaN
NaN
NaN
NaN
NaN
NaN
NaN
NaN
415.464108
2247.750775
NaN
NaN
NaN
106.597857
191.529132
NaN
NaN
464.374945
NaN
216.848099
1264.685541
NaN
212.937080
NaN
1955.941753
22.502245
NaN
NaN
NaN
NaN
14.246691
NaN
NaN
NaN
NaN
329.240768
274.409815
121.413902
NaN
18.815062
59.248448
1.892092
185.644015
0.537826
0.494674
0.559444
1.289674
122.023296
226.225322
NaN
0.712332
0.528807
0.572516
0.494754
0.502857
0.615959
1.362479
617.833650
91.296109
20.750132
212.660287
74.892238
10.596505
184.077037
0.884876
NaN
NaN
312.647588
575.066006
110.577263
95.018254
262.609126
NaN
NaN
NaN
NaN
NaN
0.577635
0.575254
0.649693
0.637107
0.991456
0.986421
NaN
NaN
166.774054
NaN
NaN
NaN
NaN
NaN
NaN
319.320635
152.194582
85.532061
344.752107
NaN
27277.985326
221.082479
2095.489405
126.664766
28.888325
NaN
NaN
NaN
NaN
NaN
NaN
NaN
NaN
160.941163
1193.672734
630.796788
18.515666
NaN
370.906449
NaN
NaN
NaN
NaN
NaN
NaN
0.765971
NaN
NaN
NaN
0.447143
NaN
NaN
NaN
NaN
NaN
118.300283
0.396386
