NaN
NaN
91.527725
186.981705
418.895869
NaN
NaN
NaN
461.932607
NaN
NaN
NaN
NaN
NaN
NaN
NaN
214.816336
115.161744
NaN
595.220268
116.706584
36.967390
NaN
NaN
NaN
NaN
NaN
72.970072
246.158277
NaN
NaN
NaN
NaN
NaN
NaN
732.028608
NaN
92.654142
NaN
NaN
NaN
NaN
NaN
749.385178
NaN
371.565834
NaN
NaN
NaN
NaN
1090.501052
NaN
NaN
NaN
96.405513
NaN
NaN
150.257491
1111.868019
598.475712
NaN
88.761551
NaN
334.904300
NaN
7922.734320
NaN
NaN
NaN
232.548463
NaN
NaN
NaN
NaN
NaN
NaN
NaN
NaN
NaN
NaN
NaN
NaN
NaN
NaN
NaN
NaN
NaN
NaN
NaN
NaN
NaN
NaN
NaN
NaN
1930.815206
43843.493637
NaN
NaN
631.473269
NaN
NaN
NaN
NaN
NaN
NaN
NaN
NaN
NaN
125.263717
NaN
NaN
161.564499
NaN
NaN
NaN
NaN
NaN
NaN
NaN
1254.593664
NaN
4890.734240
1097.353676
110.518856
NaN
NaN
26255.981617
NaN
72.304514
NaN
531.245763
NaN
NaN
305.965288
NaN
317.158506
NaN
NaN
881.401393
NaN
NaN
NaN
NaN
NaN
NaN
752.963215
326.005696
437.966908
NaN
4766.837905
NaN
271.021537
NaN
NaN
NaN
NaN
NaN
NaN
NaN
1495.520789
NaN
NaN
494.377318
0.300308
6.593208
0.903543
177.644993
1.105942
218.945947
NaN
NaN
NaN
22.375042
106.807775
0.745111
1.560546
1.059273
4.053959
2.008055
0.701005
0.776206
0.715225
NaN
229.195948
NaN
1.294371
1.128842
0.801704
0.495639
2.691254
0.516188
1.675987
393.794566
0.704956
33.030369
54.632422
NaN
NaN
15.993450
2.802212
78.542897
NaN
275.991278
NaN
NaN
174.392200
271.767363
NaN
NaN
316.621793
NaN
NaN
NaN
NaN
NaN
178.658430
NaN
NaN
NaN
NaN
NaN
287.090479
NaN
NaN
NaN
NaN
NaN
416.584737
NaN
182.246974
30.359217
39.062882
302.449289
NaN
NaN
NaN
NaN
NaN
NaN
268.471487
NaN
NaN
NaN
5651.849323
1405.513065
590.424913
NaN
NaN
543.762606
231.884466
218.232697
2006.610163
160.224798
427.438225
NaN
NaN
1136.237179
184.991593
NaN
NaN
NaN
NaN
415.053505
NaN
662.710164
2113.198566
NaN
NaN
NaN
NaN
232.187571
1771.668222
NaN
160.516911
NaN
0.730895
NaN
91.330787
0.912360
NaN
NaN
NaN
NaN
0.591477
198.163322
