0.789825
0.712761
0.477868
544.159498
0.605036
0.852684
0.790901
0.387693
0.664138
0.981551
0.877749
1.510129
0.476437
0.891745
0.720927
1.408988
0.776591
0.940075
0.766728
0.471919
6.001540
NaN
NaN
1.279663
0.783188
1.247770
962.023912
2130.416435
55.048770
0.806019
0.449985
0.570342
3.457638
0.662654
0.649696
0.719856
1.090571
234.784545
222.901783
8.237575
906.421578
0.621952
0.467563
519.873649
2.340138
32.948960
209.676095
6.241517
71.748523
102.746935
45.506403
29.922370
420.619958
NaN
85.231215
NaN
NaN
NaN
NaN
32548.722303
NaN
185.086658
214.437881
436.393041
585.879842
579.727654
NaN
495.646189
NaN
NaN
NaN
NaN
NaN
0.568914
10.854889
NaN
NaN
NaN
1080.218653
NaN
97.147350
285.476760
NaN
NaN
764.788028
423.520122
NaN
525.874974
NaN
NaN
NaN
NaN
NaN
5892.298215
347.178180
NaN
NaN
NaN
183.908318
NaN
NaN
NaN
NaN
NaN
NaN
210.829127
1.189212
271.479837
155.521345
NaN
NaN
NaN
81.331464
NaN
254.592147
NaN
20.218796
NaN
NaN
522.663884
NaN
NaN
194.561014
574.264711
585.195830
217.502987
169.398563
416.838158
NaN
NaN
NaN
169.897401
1184.886287
NaN
NaN
NaN
NaN
NaN
NaN
NaN
NaN
NaN
NaN
NaN
NaN
NaN
NaN
NaN
NaN
225.909854
701.275179
NaN
NaN
NaN
NaN
NaN
NaN
NaN
NaN
954.520693
495.930029
NaN
NaN
305.688022
165.082923
2420.345099
NaN
NaN
26046.733200
NaN
158.565230
NaN
NaN
NaN
NaN
NaN
211.651715
NaN
NaN
727.459838
NaN
NaN
NaN
NaN
NaN
336.578193
868.843115
NaN
NaN
NaN
1257.018388
NaN
331.065936
NaN
NaN
244.645657
NaN
NaN
NaN
NaN
NaN
NaN
NaN
639.830225
NaN
NaN
157.013373
199.225448
NaN
NaN
NaN
NaN
NaN
NaN
39.030737
NaN
NaN
NaN
NaN
321.112151
NaN
NaN
NaN
NaN
NaN
NaN
NaN
NaN
NaN
NaN
398.491385
NaN
NaN
94.654233
NaN
NaN
NaN
406.996172
NaN
NaN
NaN
NaN
NaN
NaN
NaN
NaN
NaN
NaN
169.538052
334.835746
483.598268
384.175510
127.904136
940.185685
NaN
106.268583
NaN
169.925221
NaN
NaN
NaN
NaN
NaN
NaN
1152.320715
429.669471
NaN
NaN
1424.142905
NaN
302.928315
NaN
NaN
NaN
1.728893
NaN
20.671847
NaN
NaN
1640.103197
145.601051
NaN
NaN
NaN
NaN
