NaN
NaN
703.396133
866.710570
NaN
400.417271
NaN
NaN
NaN
NaN
NaN
NaN
NaN
NaN
NaN
231.773775
290.340320
NaN
897.694028
197.487905
NaN
NaN
583.074155
308.354968
480.462929
538.344767
NaN
NaN
NaN
392.801249
409.284080
415.199314
NaN
769.787155
NaN
NaN
NaN
NaN
795.461846
198.573073
NaN
153.391803
NaN
NaN
NaN
NaN
247.330677
159.383715
304.457308
3079.432754
NaN
NaN
NaN
157.854738
90.487057
208.250222
NaN
849.593252
686.985820
2839.021104
531.869050
532.053597
NaN
NaN
NaN
NaN
NaN
NaN
NaN
737.463560
207.710176
NaN
NaN
NaN
321.126397
NaN
NaN
NaN
NaN
NaN
415.641302
NaN
657.405636
421.433971
3152.593996
571.461017
NaN
6422.897772
88.430880
NaN
NaN
NaN
NaN
422.587103
770.795084
315.396214
292.689766
NaN
174.006631
NaN
NaN
NaN
253.164170
220.631817
NaN
889.889083
350.148410
199.053582
230.131027
NaN
NaN
NaN
1309.488515
3296.624266
NaN
NaN
NaN
NaN
183.977174
NaN
483.191463
NaN
NaN
264.787184
379.015888
461.100970
NaN
190.234521
597.849220
NaN
471.941522
305.361827
NaN
728.940050
NaN
112.086567
NaN
NaN
NaN
NaN
NaN
NaN
NaN
NaN
NaN
608.386527
87.961030
170.346249
109.215370
27.197583
4.439413
21.851755
3.276308
5.266271
6.434951
NaN
NaN
NaN
NaN
1840.799648
323.071166
1725.804917
849.186038
NaN
NaN
23.470557
NaN
NaN
506.706593
NaN
448.747599
NaN
NaN
749.225699
NaN
NaN
NaN
NaN
80.842706
NaN
192.469237
NaN
NaN
NaN
NaN
NaN
NaN
306.841683
NaN
NaN
NaN
NaN
439.616246
49.396152
1481.079239
591.482666
28.612430
NaN
NaN
NaN
NaN
NaN
NaN
3324.308999
NaN
NaN
NaN
NaN
NaN
NaN
NaN
NaN
NaN
NaN
557.462440
374.430098
NaN
NaN
NaN
NaN
161.773245
NaN
462.091936
NaN
NaN
240.652612
84.449236
NaN
NaN
2416.211557
330.716252
198.837692
378.299985
NaN
0.816619
1.564649
0.873607
0.747108
1.494772
0.753196
0.716131
NaN
NaN
6255.828527
950.951798
465.969130
1311.982124
283.594867
673.766719
528.600978
2.164518
2.331858
263.334648
1.269091
1.783540
1.504459
2.403341
17.619470
NaN
NaN
NaN
571.105189
507.010441
NaN
1511.902141
314.275890
298.715826
310.286593
1525.701522
471.817501
NaN
NaN
524.944764
502.096054
NaN
254.505488
355.497073
NaN
3395.234375
2405.741812
823.732737
NaN
2.329737
NaN
137.905367
