NaN
NaN
NaN
NaN
NaN
NaN
NaN
NaN
233.643061
NaN
NaN
628.723761
NaN
NaN
398.015077
591.526818
NaN
NaN
NaN
NaN
NaN
NaN
328.861475
NaN
NaN
NaN
NaN
NaN
NaN
NaN
132.200397
NaN
NaN
NaN
NaN
NaN
3226.276708
482.671495
260.429559
NaN
NaN
NaN
NaN
NaN
NaN
66.308535
390.441781
NaN
NaN
6055.387870
NaN
12447.113834
822.523917
290.568332
85.232380
304.871209
260.103730
566.972203
394.868367
216.301976
195.568778
2.924417
0.751778
423.266618
68.373012
1211.985129
NaN
0.800491
1.471253
1.926889
0.749735
1.444531
0.680833
NaN
400.832231
