NaN
NaN
NaN
NaN
NaN
NaN
NaN
NaN
NaN
NaN
NaN
NaN
NaN
NaN
NaN
230.474468
NaN
NaN
NaN
342.314594
NaN
NaN
NaN
NaN
NaN
264.643996
NaN
195.734761
NaN
NaN
NaN
NaN
NaN
689.684982
NaN
NaN
557.462486
NaN
320.376199
NaN
NaN
NaN
NaN
NaN
NaN
NaN
NaN
NaN
NaN
282.620541
NaN
217.615144
157.493455
236.582978
NaN
NaN
NaN
397.573688
1205.575195
390.911911
NaN
390.741866
NaN
404.662395
1396.716328
NaN
197.157629
84.090654
197.291959
1243.020665
931.590602
163.633064
125.065262
NaN
NaN
NaN
63.613081
200.824455
350.903050
259.777233
438.176920
75.579106
349.858763
0.729113
194.334322
202.062358
0.667949
1.454454
46.240744
2.804984
3.040451
1.108584
3.693134
1.080069
0.611204
0.567649
0.656901
0.616352
0.594985
2.859293
2.218487
65.352740
840.655316
843.348504
877.886554
NaN
NaN
55.579986
403.498965
1.879937
598.728422
3678.805233
35.001506
152.459676
133.049841
0.461278
0.948680
0.741562
0.551830
0.535309
1.555865
0.550482
0.865245
0.746179
27.998695
1.068356
4.447899
1.259824
533.800873
255.420524
155.600194
404.326125
375.084993
218.397513
0.916099
1.093586
3.401746
1.882151
411.745632
NaN
NaN
NaN
NaN
NaN
NaN
115.220749
NaN
NaN
NaN
NaN
NaN
NaN
NaN
2758.555622
283.011834
NaN
NaN
NaN
NaN
609.664188
421.193022
6.001163
1100.934933
NaN
NaN
NaN
NaN
NaN
319.634844
1365.453210
268.471100
226.554720
NaN
1328.523805
NaN
NaN
NaN
268.563227
65.237372
NaN
NaN
NaN
226.603685
0.716816
2.438349
NaN
NaN
186.748980
NaN
NaN
NaN
5.985875
NaN
627.599097
NaN
NaN
NaN
NaN
NaN
NaN
NaN
NaN
NaN
NaN
239.548297
NaN
NaN
NaN
NaN
NaN
NaN
NaN
NaN
NaN
NaN
NaN
NaN
NaN
NaN
NaN
NaN
NaN
NaN
NaN
NaN
NaN
NaN
NaN
NaN
NaN
NaN
NaN
NaN
NaN
NaN
NaN
NaN
NaN
NaN
NaN
NaN
NaN
NaN
NaN
NaN
171.884857
NaN
1402.882987
NaN
NaN
NaN
NaN
258.200885
NaN
NaN
NaN
387.855432
1231.504102
NaN
NaN
NaN
NaN
NaN
NaN
342.708298
271.675538
NaN
NaN
NaN
NaN
NaN
101.353806
0.554004
NaN
NaN
262.653987
NaN
NaN
416.354838
NaN
682.790341
NaN
NaN
NaN
NaN
