NaN
NaN
NaN
NaN
NaN
NaN
NaN
NaN
NaN
NaN
NaN
NaN
NaN
NaN
NaN
212.193134
NaN
NaN
NaN
NaN
NaN
411.673079
219.841445
NaN
NaN
141.148245
1963.178827
NaN
NaN
133.041805
NaN
NaN
NaN
NaN
NaN
NaN
271.258145
NaN
NaN
NaN
NaN
NaN
NaN
NaN
NaN
NaN
894.650115
351.446261
366.376292
NaN
1050.604706
1169.927558
454.044624
NaN
NaN
NaN
NaN
210.454172
475.516223
83.772030
193.234767
1133.146766
NaN
NaN
NaN
NaN
3262.322246
22.551952
143.884407
294.840794
NaN
NaN
751.399828
NaN
3469.685791
NaN
NaN
125.003829
NaN
112.120697
564.781374
154.080252
7509.517489
359.695310
NaN
530.540526
NaN
759.491636
NaN
681.897675
NaN
168.013176
2382.840073
554.861193
217.472789
138.146291
278.246596
251.026363
274.000689
NaN
NaN
NaN
NaN
NaN
1979.270652
NaN
252.893554
836.227553
725.515320
NaN
NaN
244.597717
NaN
285.585625
NaN
418.096603
935.277978
1.458875
3.303877
0.823318
1.113037
0.896620
0.517350
0.607371
0.630267
0.711175
0.744559
0.624813
1.010644
0.765429
0.908893
0.405133
0.529684
0.734390
16.369002
20.834671
NaN
380.075225
0.781931
NaN
NaN
NaN
NaN
NaN
NaN
1.051631
0.707574
12.914705
0.745357
774.897340
139.810949
NaN
399.407620
279.747502
256.690226
NaN
NaN
NaN
NaN
0.602488
0.977032
1.166730
NaN
1212.615964
NaN
NaN
NaN
NaN
353.108359
NaN
429.744682
56.136324
NaN
NaN
NaN
NaN
NaN
NaN
NaN
NaN
NaN
NaN
388.081658
2.929673
NaN
NaN
NaN
90.650673
NaN
NaN
323.837917
NaN
NaN
367.870214
364.028002
NaN
NaN
NaN
NaN
NaN
NaN
NaN
NaN
NaN
NaN
NaN
NaN
456.912471
881.532758
NaN
NaN
NaN
NaN
NaN
1219.924479
NaN
NaN
NaN
NaN
NaN
73.696639
431.538932
NaN
NaN
NaN
NaN
102.964108
NaN
NaN
NaN
43.805622
NaN
NaN
NaN
NaN
NaN
NaN
49.678773
NaN
286.844545
NaN
NaN
NaN
593.772158
344.917778
NaN
NaN
418.306098
732.186561
NaN
535.582494
NaN
NaN
NaN
244.194260
292.101321
329.202054
263.085233
NaN
NaN
NaN
1.886578
1349.175828
NaN
78.751056
370.202213
NaN
NaN
319.069831
51.893888
NaN
1073.925936
NaN
NaN
NaN
NaN
NaN
NaN
NaN
NaN
NaN
NaN
NaN
2115.770705
NaN
