NaN
NaN
NaN
603.956421
NaN
NaN
NaN
NaN
NaN
NaN
NaN
NaN
525.115820
39.063296
NaN
NaN
NaN
NaN
NaN
NaN
NaN
NaN
NaN
NaN
NaN
NaN
NaN
NaN
NaN
NaN
NaN
NaN
NaN
NaN
NaN
NaN
NaN
NaN
692.527347
NaN
729.337427
NaN
NaN
NaN
NaN
NaN
NaN
NaN
NaN
NaN
NaN
NaN
NaN
NaN
NaN
NaN
NaN
NaN
NaN
99.844856
319.794511
173.180586
NaN
261.010504
NaN
232.149656
208.745910
128.605954
NaN
160.837869
NaN
NaN
NaN
NaN
NaN
NaN
93.626813
116.151775
100.372143
576.752541
340.975487
6.312014
253.712213
128.920772
NaN
30.271640
0.710713
0.645209
1.184662
0.938947
1.763622
0.623128
0.871770
0.855334
1.614297
0.842171
0.724195
0.606143
0.576584
0.808950
2.116961
8.375163
291.034685
229.344488
192.701004
NaN
NaN
308.597275
76.106470
1.294693
47.426786
NaN
4.623590
NaN
NaN
0.768755
1.127859
0.805288
0.701415
1.679250
0.628506
0.774156
0.918242
0.985715
468.144340
1.140152
0.822323
0.938137
1.152893
1.148036
NaN
177.661567
478.992428
1031.808328
0.793612
0.744388
0.647637
1.526073
1.068529
NaN
NaN
NaN
NaN
NaN
NaN
NaN
NaN
NaN
NaN
196.821873
NaN
NaN
NaN
NaN
NaN
NaN
NaN
NaN
NaN
115.366169
24.883739
1.073678
285.435191
250.877362
NaN
NaN
NaN
NaN
NaN
NaN
NaN
96.676230
NaN
606.488118
NaN
NaN
NaN
NaN
NaN
NaN
NaN
NaN
88.733395
1.064687
64.309194
NaN
NaN
