NaN
NaN
NaN
216.242777
NaN
NaN
NaN
NaN
NaN
NaN
NaN
NaN
NaN
NaN
NaN
NaN
NaN
NaN
NaN
NaN
NaN
NaN
NaN
NaN
NaN
1788.513918
NaN
331.285232
NaN
428.699843
NaN
NaN
NaN
NaN
NaN
NaN
280.895022
NaN
NaN
NaN
560.103537
NaN
NaN
NaN
NaN
NaN
NaN
NaN
NaN
2592.799638
136.848143
601.095825
230.362283
NaN
NaN
NaN
NaN
NaN
NaN
95.490099
NaN
416.288778
NaN
158.542175
NaN
NaN
NaN
1610.164384
965.316663
239.729664
424.058196
NaN
182.245736
NaN
NaN
1002.691117
NaN
229.491146
252.819261
230.440884
330.043494
1069.424715
826.811435
275.888851
286.259230
429.288507
382.535546
254.048937
238.785199
319.081842
55.267746
NaN
516.229434
125.205298
163.106359
395.949196
291.105664
33.200548
633.524704
NaN
833.955256
407.835835
NaN
NaN
NaN
NaN
697.143047
265.999426
876.187676
NaN
642.664734
244.016946
444.882869
NaN
NaN
6.707627
3.405930
1.423090
2.856738
1.002906
8.369538
0.936071
1.010192
1.183469
2.950619
1.163890
321.197975
3359.098871
444.460727
284.805132
1282.417279
40.487121
551.123591
1.250985
178.902103
174.405609
NaN
230.008527
1.961804
NaN
NaN
NaN
NaN
NaN
NaN
260.066004
NaN
NaN
175.611891
461.425367
68.942118
NaN
140.314413
0.868669
NaN
NaN
NaN
NaN
NaN
NaN
592.315462
2.626578
231.918296
NaN
NaN
NaN
NaN
NaN
3389.758815
NaN
468.279761
NaN
NaN
4816.246694
NaN
NaN
NaN
NaN
NaN
NaN
NaN
NaN
393.865705
3.900618
NaN
485.123926
NaN
NaN
NaN
NaN
NaN
NaN
299.572283
NaN
NaN
NaN
NaN
NaN
NaN
NaN
NaN
NaN
NaN
NaN
NaN
NaN
412.966983
490.130429
NaN
NaN
NaN
687.828868
NaN
NaN
NaN
811.691821
NaN
NaN
NaN
426.721085
NaN
1225.246556
NaN
NaN
NaN
NaN
NaN
NaN
NaN
NaN
NaN
NaN
NaN
NaN
151.692864
NaN
222.515134
NaN
NaN
NaN
NaN
NaN
NaN
224.876944
344.215069
NaN
NaN
NaN
NaN
607.798037
1556.592679
438.553471
751.320217
2062.886474
NaN
NaN
439.541469
NaN
NaN
NaN
NaN
805.297123
NaN
NaN
NaN
NaN
NaN
NaN
NaN
314.766771
218.590594
296.413908
NaN
NaN
NaN
54.723923
NaN
NaN
NaN
NaN
186.011665
NaN
NaN
NaN
NaN
