NaN
NaN
NaN
NaN
NaN
400.530749
NaN
NaN
371.855178
NaN
NaN
NaN
NaN
50.405031
NaN
136.577121
NaN
NaN
244.831914
NaN
NaN
NaN
NaN
NaN
NaN
528.014272
NaN
NaN
NaN
151.343205
NaN
NaN
NaN
NaN
NaN
NaN
778.299435
NaN
233.797161
NaN
NaN
NaN
NaN
NaN
NaN
319.378800
164.018006
211.964150
391.903790
1039.984305
NaN
NaN
751.826253
526.785017
89.637920
NaN
NaN
1534.686843
4.002142
308.162605
270.945695
2.357131
5.799683
210.546142
311.409723
2176.290529
93.978050
1.249620
0.790459
0.764901
0.858905
0.710156
0.764848
NaN
NaN
751.386097
0.555435
0.583403
0.655532
0.660982
0.830186
0.948220
0.947901
0.616145
0.517904
0.745871
1.696468
1.518787
1.372795
0.999753
1.130338
0.863710
56.465663
38.735792
500.229546
2.133906
155.678050
27.124582
403.305094
1.323252
0.885316
1.063397
8.592550
0.913851
1.116601
NaN
662.603605
1.013647
0.997557
1.587167
0.706908
0.754328
1.333106
133.939372
1385.672833
41.628421
4.546749
2334.476760
481.309345
1013.034153
191.632404
504.210998
927.612096
162.564374
206.530655
518.960607
NaN
170.256478
458.369690
211.680631
NaN
NaN
NaN
NaN
7156.028419
478.621903
291.105281
2.906463
NaN
NaN
NaN
NaN
NaN
NaN
NaN
658.636886
1024.023026
NaN
NaN
NaN
NaN
NaN
NaN
105.001661
NaN
NaN
NaN
NaN
NaN
NaN
NaN
NaN
0.887483
NaN
NaN
NaN
NaN
NaN
449.126646
38.992961
NaN
NaN
NaN
464.430186
106.804270
210.894643
NaN
NaN
NaN
NaN
NaN
NaN
1.283570
459.409051
0.983153
235.754645
NaN
NaN
NaN
NaN
NaN
NaN
NaN
NaN
802.117146
NaN
NaN
NaN
390.622397
227.668572
NaN
NaN
NaN
NaN
199.622153
NaN
276.128532
1311.218750
NaN
NaN
500.607187
NaN
NaN
NaN
NaN
NaN
NaN
NaN
NaN
NaN
NaN
293.023308
NaN
NaN
NaN
NaN
NaN
NaN
NaN
NaN
NaN
NaN
NaN
NaN
323.019864
NaN
390.869732
NaN
NaN
NaN
NaN
NaN
NaN
NaN
NaN
160.721039
NaN
NaN
NaN
NaN
311.513460
NaN
NaN
NaN
207.189599
NaN
197.456759
NaN
NaN
NaN
NaN
NaN
258.702765
NaN
NaN
NaN
NaN
NaN
NaN
NaN
NaN
2.028217
96.686949
NaN
NaN
NaN
NaN
NaN
NaN
NaN
NaN
NaN
NaN
NaN
NaN
