0.773587
0.479680
0.513995
1.231244
2.403108
0.851380
0.556278
1.129811
0.812312
0.948034
1.369377
0.550441
0.776288
0.586126
0.440321
1.350839
1.276329
1.205338
1.621939
0.935341
0.798400
7.655617
41.153666
1.195019
11.798169
5.672175
141.254858
6.011257
1.408710
0.650398
5906.331783
161.134219
0.730177
579.702258
0.939243
257.666441
868.021472
2.843062
0.580689
0.951368
0.315813
0.474972
0.870208
NaN
NaN
725.187341
1591.854310
3.766029
39.675720
NaN
739.845484
1.608648
408.660032
NaN
NaN
NaN
NaN
NaN
NaN
686.282700
151.490558
250.754478
265.282804
NaN
765.025474
410.429180
NaN
307.192014
NaN
359.008085
NaN
NaN
267.525927
125.768985
370.423872
NaN
201.898345
NaN
52.001364
NaN
NaN
NaN
279.435550
308.954601
NaN
NaN
NaN
224.161384
490.896898
NaN
NaN
NaN
NaN
NaN
NaN
NaN
NaN
NaN
213.932640
NaN
NaN
NaN
NaN
635.094094
NaN
21.116765
55.989266
NaN
NaN
NaN
NaN
NaN
333.860116
216.835699
153.253324
NaN
NaN
174.782559
NaN
837.606439
190.321766
3016.516512
NaN
NaN
4485.444177
269.641498
596.532635
291.563821
NaN
NaN
225.073787
505.214601
NaN
46.425451
NaN
NaN
NaN
NaN
NaN
NaN
NaN
NaN
NaN
NaN
NaN
349.754535
138.831458
340.232701
NaN
221.473404
25414.664352
NaN
NaN
NaN
577.298738
NaN
NaN
NaN
NaN
455.311486
357.152989
Inf
NaN
0.756363
29.121434
193.393588
60.415952
132.297098
325.533349
NaN
329.298678
NaN
598.948756
24.399679
NaN
647.437293
136.744552
NaN
NaN
NaN
NaN
NaN
NaN
NaN
NaN
NaN
NaN
411.786694
39.451154
NaN
2293.584174
NaN
993.439203
70.926560
NaN
569.398140
NaN
NaN
NaN
430.477642
NaN
NaN
NaN
366.620720
NaN
NaN
753.851893
NaN
NaN
NaN
NaN
NaN
NaN
NaN
NaN
249.432629
NaN
NaN
NaN
NaN
1909.387028
NaN
NaN
NaN
NaN
1515.365328
NaN
NaN
NaN
NaN
380.092104
NaN
NaN
NaN
NaN
NaN
NaN
NaN
NaN
NaN
NaN
NaN
NaN
NaN
NaN
37804.691038
NaN
NaN
NaN
NaN
3889.241029
931.391537
NaN
453.139641
NaN
NaN
NaN
NaN
NaN
NaN
NaN
NaN
NaN
NaN
674.167120
NaN
NaN
492.149640
NaN
NaN
112.655377
4407.804078
NaN
695.942382
138.301814
NaN
46.921970
NaN
816.575498
229.429224
37.586936
NaN
NaN
NaN
NaN
