0.499706
0.653815
0.582700
32.043662
0.514168
0.740393
0.945698
0.539193
0.861555
0.714894
0.578360
0.387024
0.459221
0.715062
0.653579
1.170496
1.252021
1.206995
81.653946
1.403354
114.303347
0.753253
1.986083
0.889517
3.689440
0.904010
0.927926
68.197996
0.745263
0.806950
1.500409
0.517530
0.602204
1.218288
1.158021
1.030705
1.198970
283.693548
1742.994567
110.793316
127.561113
102.361750
162.862014
715.474939
216.044026
1592.258128
621.664975
251.021645
135.314654
NaN
434.339181
1095.282361
178.853193
313.390192
NaN
NaN
100.009434
468.484834
NaN
251.492886
NaN
325.570755
218.975381
NaN
NaN
NaN
NaN
637.498791
NaN
NaN
NaN
NaN
NaN
306.649865
49.101894
NaN
NaN
1870.037798
125.670005
NaN
769.984349
NaN
NaN
NaN
596.196397
NaN
NaN
1352.144290
775.369590
NaN
175.642521
NaN
NaN
153.488306
684.191966
105.687574
NaN
94.534130
145.700645
NaN
NaN
NaN
NaN
1536.813876
NaN
27.629640
374.224032
NaN
115.314747
NaN
1096.931619
NaN
157.139108
NaN
NaN
NaN
NaN
NaN
84.333124
763.829047
127.107985
446.842464
376.756797
5270.858186
955.995441
NaN
677.607889
248.050641
468.482534
NaN
78.619201
NaN
181.001743
766.587001
NaN
NaN
NaN
355.118052
355.125047
NaN
NaN
NaN
NaN
NaN
NaN
NaN
177.142396
287.482300
NaN
520.103401
NaN
262.825214
NaN
387.119776
110.874509
NaN
NaN
NaN
NaN
72.779955
177.205245
149.777604
581.536277
397.939096
81.345683
157.365149
166.768608
1927.026101
5184.542321
NaN
NaN
NaN
338.681464
331.063457
220.473072
NaN
309.548209
NaN
NaN
NaN
NaN
1642.386559
NaN
NaN
NaN
NaN
NaN
189.177354
75.778850
NaN
579.282197
NaN
457.547203
161.046280
252.933408
NaN
372.337512
NaN
144.122720
282.706953
NaN
NaN
556.987063
694.088864
1555.317195
363.376739
501.927683
NaN
324.149765
NaN
NaN
NaN
NaN
NaN
167.090750
NaN
NaN
NaN
NaN
807.737530
395.315593
NaN
NaN
NaN
NaN
NaN
NaN
649.563640
NaN
NaN
NaN
NaN
NaN
528.630303
732.069775
NaN
NaN
NaN
NaN
340.816339
NaN
NaN
NaN
189.240133
2088.900631
NaN
NaN
NaN
NaN
NaN
NaN
NaN
NaN
NaN
9391.416586
170.232862
NaN
NaN
NaN
NaN
NaN
2424.462684
NaN
NaN
322.673250
NaN
NaN
NaN
NaN
NaN
103.746222
NaN
NaN
NaN
0.959993
273.527242
1208.815342
NaN
101.462330
267.802702
300.374235
NaN
NaN
NaN
34.605396
