831.925705
NaN
0.865628
0.656307
287.292794
216.070892
1.575207
NaN
26.604831
NaN
NaN
117.339974
NaN
NaN
NaN
1.596499
1.202638
60.254642
256.129542
0.597382
0.562702
2.308574
0.822444
52.453974
536.910702
45.212858
0.550218
0.834923
0.669626
NaN
68.146579
NaN
167.194237
NaN
276.614856
NaN
NaN
NaN
NaN
NaN
NaN
NaN
NaN
NaN
NaN
NaN
NaN
249.059273
NaN
132.210371
37.104221
NaN
NaN
419.420426
NaN
NaN
NaN
NaN
NaN
244.304238
NaN
NaN
NaN
NaN
NaN
NaN
NaN
NaN
NaN
NaN
315.177085
NaN
NaN
2155.897857
NaN
NaN
NaN
NaN
187.288418
2671.162542
NaN
NaN
786.646099
278.740710
432.940183
NaN
NaN
322.112199
NaN
NaN
NaN
NaN
NaN
427.888285
610.950006
393.793029
1021.415994
NaN
63.620978
NaN
829.509046
NaN
NaN
NaN
NaN
NaN
298.575171
NaN
NaN
NaN
NaN
NaN
NaN
NaN
NaN
NaN
NaN
292.974346
NaN
NaN
744.698985
NaN
NaN
NaN
983.777549
NaN
756.519233
NaN
NaN
NaN
609.496581
NaN
NaN
475.978896
NaN
NaN
NaN
NaN
NaN
NaN
NaN
NaN
NaN
NaN
NaN
NaN
160.087656
NaN
NaN
NaN
NaN
280.421519
3863.428029
NaN
NaN
NaN
NaN
NaN
NaN
46.908947
617.840558
NaN
15904.094533
0.681737
0.679735
0.726580
1.379301
0.480352
NaN
NaN
NaN
NaN
0.658505
1.482764
0.817283
0.815880
0.709494
281.612204
68.933555
1321.731640
0.481615
9.401813
NaN
NaN
NaN
281.193558
235.453571
452.626719
36.117090
8.785822
329.489384
NaN
NaN
216.044135
NaN
NaN
NaN
NaN
NaN
269.456562
301.546722
NaN
NaN
NaN
NaN
NaN
177.367366
NaN
NaN
NaN
NaN
NaN
NaN
NaN
369.671540
334.472010
NaN
NaN
NaN
NaN
NaN
NaN
NaN
NaN
NaN
NaN
NaN
NaN
NaN
NaN
639.655187
NaN
NaN
NaN
NaN
NaN
NaN
NaN
NaN
NaN
NaN
NaN
NaN
NaN
NaN
1261.780356
1091.966999
NaN
238.942110
NaN
NaN
NaN
NaN
NaN
NaN
NaN
NaN
NaN
NaN
NaN
NaN
NaN
369.300245
NaN
NaN
NaN
188.310322
68.345869
NaN
NaN
0.983802
750.480889
NaN
342.167431
NaN
133.342517
NaN
NaN
1.087581
NaN
207.166483
NaN
NaN
131.948768
NaN
