1.946596
0.928865
703.261513
NaN
296.635733
0.848393
1.815113
132.479009
0.886587
NaN
536.950303
NaN
0.571454
3.099337
0.812849
0.642696
0.765406
0.661049
0.787489
111.032131
NaN
NaN
NaN
0.954649
0.911588
1.717857
NaN
NaN
92.421675
1.223578
2.097744
6639.225884
30.811270
78.673495
0.617111
226.154300
162.560502
40.371248
180.679797
NaN
4.127665
1023.155229
NaN
32.820597
NaN
129.426013
236.755018
680.985326
238.128365
5043.899257
204.132836
253.349421
148.392009
NaN
NaN
NaN
NaN
NaN
NaN
NaN
NaN
NaN
NaN
NaN
NaN
NaN
NaN
NaN
NaN
NaN
309.569871
NaN
NaN
1.734339
NaN
18.086091
NaN
NaN
284.755570
NaN
NaN
NaN
527.370277
NaN
509.788578
506.197325
182.241119
235.435613
NaN
NaN
NaN
NaN
582.584813
304.351000
198.400253
NaN
1037.539505
NaN
NaN
NaN
NaN
NaN
NaN
NaN
NaN
0.925802
0.661787
NaN
5002.031293
NaN
NaN
NaN
NaN
NaN
NaN
NaN
NaN
NaN
NaN
NaN
236.748261
1559.177613
NaN
NaN
733.534884
NaN
2129.997626
NaN
181.551832
NaN
NaN
NaN
NaN
249.146063
NaN
273.810025
NaN
1750.308288
401.873205
NaN
NaN
NaN
NaN
NaN
NaN
971.044246
181.694445
NaN
NaN
NaN
NaN
NaN
NaN
NaN
279.179521
NaN
NaN
NaN
NaN
NaN
178.648233
NaN
NaN
NaN
108.889804
69.091187
NaN
NaN
NaN
NaN
NaN
NaN
NaN
NaN
NaN
NaN
620.473586
NaN
NaN
NaN
NaN
NaN
NaN
51.941379
NaN
571.224186
414.075361
NaN
NaN
NaN
515.636071
NaN
NaN
1283.821159
NaN
NaN
NaN
NaN
263.162390
NaN
NaN
NaN
NaN
730.966420
NaN
NaN
NaN
NaN
NaN
NaN
577.594866
NaN
NaN
NaN
403.941131
NaN
NaN
NaN
NaN
NaN
188.852296
NaN
NaN
NaN
NaN
322.051230
NaN
NaN
NaN
NaN
NaN
NaN
NaN
NaN
NaN
NaN
NaN
NaN
NaN
NaN
NaN
NaN
NaN
NaN
NaN
836.248486
NaN
NaN
NaN
132.981351
NaN
393.031650
NaN
337.007116
NaN
NaN
NaN
834.074278
NaN
NaN
NaN
NaN
895.773234
NaN
NaN
NaN
NaN
NaN
NaN
NaN
429.324962
112.645625
NaN
NaN
1.245284
NaN
1.036295
NaN
NaN
1.072571
0.770135
1.239121
NaN
NaN
NaN
