NaN
59.491259
1.103238
18.886187
22.139316
NaN
NaN
23.063705
NaN
NaN
NaN
67.817165
NaN
NaN
NaN
16.706170
NaN
NaN
100.717558
22.445983
209.348236
74.556373
76.728051
718.653018
NaN
NaN
87.338520
71.878442
11.438555
NaN
NaN
NaN
NaN
NaN
NaN
NaN
NaN
NaN
254.734936
NaN
NaN
NaN
NaN
NaN
NaN
NaN
NaN
NaN
437.649110
NaN
309.890760
NaN
359.015751
328.957681
431.492516
NaN
NaN
NaN
380.286585
NaN
NaN
NaN
268.278762
296.375510
NaN
NaN
NaN
NaN
NaN
NaN
NaN
NaN
NaN
NaN
NaN
NaN
NaN
366.382917
NaN
240.636486
1252.406913
NaN
305.317327
382.199740
200.721776
NaN
NaN
718.930392
NaN
380.536196
NaN
112.933311
NaN
272.869418
NaN
NaN
NaN
NaN
NaN
NaN
NaN
NaN
NaN
NaN
NaN
NaN
NaN
10566.077218
787.932696
NaN
NaN
209.555612
NaN
NaN
NaN
NaN
752.361318
NaN
NaN
NaN
NaN
115.850563
58.562239
184.037051
104.058997
152.514268
272.709473
NaN
455.111168
NaN
549.802617
NaN
NaN
NaN
NaN
270.177996
NaN
493.836481
975.172890
NaN
NaN
NaN
NaN
NaN
NaN
NaN
NaN
NaN
NaN
NaN
NaN
NaN
NaN
143.919010
1441.440012
NaN
NaN
NaN
NaN
490.725722
762.316259
358.386514
4794.584787
0.802093
0.899328
3.888456
0.702914
0.694716
NaN
NaN
179.690059
NaN
1.749803
1.430337
0.636834
0.780535
0.782996
2.602533
1.255195
1.560477
1.422104
0.829740
NaN
NaN
279.832548
679.439066
146.583198
251.427466
3.427075
NaN
388.631582
726.886958
NaN
261.629018
72.465506
NaN
120.568142
NaN
3.377748
NaN
NaN
NaN
75.526620
NaN
NaN
54.906133
214.841596
NaN
NaN
39.470385
NaN
NaN
NaN
NaN
324.195328
NaN
NaN
NaN
NaN
NaN
203.208678
301.194719
NaN
NaN
NaN
299.194308
NaN
NaN
NaN
114.283745
NaN
NaN
NaN
NaN
206.377758
NaN
NaN
NaN
345.226324
NaN
NaN
NaN
NaN
NaN
541.452442
NaN
NaN
NaN
NaN
NaN
NaN
224.325342
NaN
NaN
NaN
NaN
NaN
NaN
NaN
NaN
NaN
418.839189
485.473213
NaN
NaN
NaN
NaN
522.360768
NaN
NaN
1.894753
577.376074
NaN
NaN
NaN
43.409069
1260.505319
189.133028
1.037475
NaN
NaN
NaN
NaN
50.183034
211.452991
