NaN
NaN
NaN
1013.536314
278.194608
NaN
NaN
NaN
497.180859
NaN
NaN
NaN
NaN
NaN
NaN
41.292318
NaN
NaN
NaN
1108.473957
NaN
NaN
NaN
NaN
436.870346
9023.189969
247.802894
371.620747
NaN
NaN
633.699590
NaN
NaN
NaN
712.927409
NaN
243.997083
NaN
NaN
NaN
NaN
NaN
11734.103354
NaN
NaN
NaN
NaN
NaN
2193.662453
NaN
323.417776
NaN
4425.929486
NaN
177.284101
NaN
134.771468
399.555767
NaN
324.409523
NaN
NaN
NaN
NaN
NaN
475.279768
NaN
175.441123
NaN
251.986533
359.751506
326.484741
NaN
NaN
700.609029
NaN
NaN
NaN
376.367099
541.786871
427.001376
NaN
NaN
3318.209101
379.828561
NaN
NaN
NaN
NaN
NaN
NaN
NaN
NaN
145.473598
NaN
NaN
NaN
NaN
NaN
NaN
NaN
267.063084
NaN
241.506040
NaN
NaN
3330.130224
