NaN
122.568111
NaN
283.654119
NaN
NaN
NaN
NaN
0.981747
NaN
NaN
NaN
0.430669
0.707203
0.599677
1329.770955
1411.179595
1750.609174
417.122747
94.977455
NaN
NaN
NaN
825.484654
1388.650023
147.167421
358.485558
2535.847019
NaN
0.790620
1.015858
0.588021
0.741120
62.240086
298.078495
0.468018
0.507454
0.560875
0.447849
0.484157
0.556189
0.668630
0.456797
0.536976
0.464533
0.723566
0.531458
0.696832
0.753852
0.860776
0.766628
0.623473
0.582272
0.512718
1.232701
2.550640
0.561432
0.606009
4.115008
6.650598
3.005843
207.498169
1080.104113
0.897928
85.763197
273.965573
316.325903
83.706727
59.818258
210.186274
NaN
NaN
NaN
1.570398
1.002493
1.275614
NaN
NaN
238.980116
167.923116
NaN
NaN
231.523580
NaN
411.195171
NaN
384.523192
232.853700
NaN
NaN
NaN
NaN
NaN
NaN
NaN
335.443660
NaN
NaN
226.312745
NaN
NaN
NaN
NaN
NaN
NaN
0.602923
203.863776
NaN
NaN
NaN
NaN
424.378849
246.990656
469.789339
264.753931
NaN
389.376719
628.648332
NaN
1741.493505
NaN
NaN
618.913071
NaN
429.144392
NaN
NaN
38.813832
NaN
NaN
274.082065
NaN
NaN
525.994809
NaN
NaN
NaN
250.969870
NaN
NaN
NaN
NaN
NaN
NaN
NaN
283.746619
NaN
NaN
NaN
NaN
1562.447224
NaN
73.036451
213.757678
NaN
NaN
NaN
NaN
NaN
555.495088
NaN
549.741506
NaN
NaN
298.332169
NaN
NaN
NaN
2268.703963
NaN
285.970502
919.949033
NaN
1523.918414
NaN
NaN
NaN
NaN
NaN
NaN
NaN
NaN
NaN
108.909570
NaN
2116.247676
133.239411
2356.925484
NaN
NaN
NaN
NaN
148.701973
NaN
NaN
NaN
NaN
NaN
NaN
NaN
NaN
NaN
NaN
182.980620
NaN
341.991159
NaN
Inf
140.690659
487.854339
NaN
NaN
NaN
NaN
0.532981
NaN
NaN
NaN
NaN
NaN
NaN
NaN
NaN
NaN
NaN
669.410324
NaN
NaN
NaN
NaN
NaN
NaN
NaN
NaN
NaN
NaN
664.937763
NaN
NaN
NaN
NaN
NaN
NaN
NaN
NaN
NaN
NaN
NaN
NaN
NaN
NaN
NaN
NaN
NaN
NaN
NaN
NaN
NaN
NaN
NaN
NaN
NaN
660.611718
NaN
NaN
NaN
NaN
NaN
NaN
NaN
NaN
NaN
NaN
NaN
34.697969
NaN
NaN
NaN
NaN
1.366193
127.627803
250.450089
NaN
NaN
NaN
