NaN
NaN
122.205940
625.850684
NaN
73.653921
NaN
NaN
NaN
NaN
NaN
NaN
NaN
NaN
NaN
NaN
NaN
NaN
NaN
184.857176
3800.535697
NaN
NaN
NaN
NaN
37995.915536
292.220672
NaN
187.401675
258.001519
1318.580262
NaN
NaN
NaN
NaN
NaN
1038.796266
14.277973
NaN
NaN
NaN
265.338186
434.310342
NaN
NaN
NaN
NaN
NaN
321.135566
NaN
1474.606806
NaN
670.857451
290.410942
133.049435
NaN
NaN
NaN
NaN
NaN
138.040642
388.372884
948.015826
441.876024
NaN
506.644197
NaN
NaN
NaN
248.200410
1044.697807
NaN
NaN
NaN
NaN
229.208404
342.796424
NaN
450.865629
NaN
456.217248
NaN
NaN
281.319750
267.054173
NaN
360.611147
190.057875
307.181784
NaN
NaN
NaN
NaN
359.921849
545.950656
418.547484
184.585259
407.043205
533.037966
NaN
54.759087
150.778877
