666.351587
NaN
NaN
NaN
NaN
112.959984
NaN
NaN
NaN
NaN
NaN
NaN
NaN
NaN
NaN
NaN
NaN
NaN
NaN
NaN
NaN
NaN
NaN
NaN
185.084408
284.918783
1804.872062
NaN
NaN
NaN
NaN
NaN
NaN
344.012581
NaN
NaN
NaN
NaN
NaN
197.987841
NaN
964.952808
NaN
NaN
NaN
NaN
NaN
210.812052
243.294111
NaN
NaN
NaN
NaN
597.303957
403.129195
NaN
NaN
NaN
NaN
435.864259
NaN
125.160811
NaN
629.917308
2602.226268
122.939982
NaN
NaN
NaN
325.095808
NaN
NaN
NaN
NaN
NaN
NaN
NaN
2558.589267
148.189972
NaN
413.443537
NaN
308.249075
2024.685510
NaN
NaN
NaN
386.951160
176.413146
NaN
NaN
NaN
NaN
NaN
265.974618
448.698814
NaN
NaN
184.747547
NaN
NaN
NaN
356.214646
NaN
NaN
NaN
330.419202
NaN
373.695066
NaN
1355.465256
103.350478
NaN
NaN
NaN
NaN
NaN
288.625648
NaN
190.473056
1155.047810
NaN
NaN
NaN
147.505454
NaN
265.802879
803.163557
446.708909
NaN
751.380019
NaN
262.513091
NaN
NaN
774.675535
NaN
NaN
NaN
NaN
NaN
NaN
NaN
NaN
NaN
NaN
NaN
364.639963
NaN
434.967084
NaN
102.331646
NaN
NaN
385.829086
NaN
NaN
NaN
NaN
972.534662
239.166178
214.366090
NaN
448.207389
NaN
NaN
42.366920
343.293266
399.719975
NaN
NaN
252.743831
NaN
NaN
NaN
436.628833
NaN
NaN
NaN
3.512706
169.921627
80.186383
NaN
NaN
NaN
3568.526707
3.049834
5.027973
1.219288
NaN
253.402567
1.982384
0.982572
0.522544
0.570520
0.603689
0.564147
0.661387
15.054305
407.835331
0.631303
0.776655
1.033151
0.653118
0.887322
0.763718
0.533800
0.534140
1.740894
1.843412
2.553061
5.232027
364.370799
56.171199
3.380388
1.386305
NaN
NaN
743.217654
240.727344
407.355940
33.356987
0.557465
NaN
NaN
62.136443
323.188950
0.724967
1.027597
0.840498
0.923951
0.902838
6.009146
5.574423
NaN
NaN
NaN
NaN
NaN
319.012736
NaN
NaN
NaN
664.896446
560.324691
688.306505
NaN
NaN
323.943991
303.638433
NaN
61.236315
331.976996
NaN
268.247887
NaN
NaN
NaN
NaN
NaN
NaN
542.224966
736.292950
294.379461
125.882001
187.612968
NaN
NaN
NaN
NaN
NaN
NaN
NaN
0.819251
NaN
604.836955
548.225339
0.768888
196.070563
NaN
162.420540
NaN
