NaN
NaN
NaN
159.068791
NaN
NaN
NaN
NaN
NaN
NaN
NaN
NaN
NaN
120.876656
NaN
NaN
227.375171
820.354492
NaN
296.894074
497.530569
650.433365
NaN
214.279163
NaN
NaN
NaN
NaN
631.276366
NaN
NaN
371.242792
NaN
NaN
NaN
NaN
NaN
NaN
NaN
NaN
NaN
340.128443
NaN
NaN
NaN
247.033724
NaN
NaN
NaN
1636.824733
NaN
NaN
NaN
NaN
NaN
NaN
NaN
NaN
NaN
NaN
NaN
948.617772
NaN
217.684188
NaN
NaN
NaN
NaN
NaN
NaN
67.834601
NaN
NaN
NaN
NaN
NaN
NaN
NaN
269.483153
228.291930
212.405019
510.332537
197.760981
NaN
202.604508
NaN
NaN
NaN
NaN
239.356056
NaN
NaN
NaN
347.293700
6140.859525
NaN
NaN
343.979037
NaN
NaN
106.119931
NaN
NaN
NaN
NaN
NaN
NaN
NaN
NaN
NaN
224.112162
342.603964
NaN
NaN
NaN
NaN
NaN
NaN
NaN
NaN
108.321425
472.378190
NaN
NaN
377.837339
432.404699
189.858583
117.617009
NaN
NaN
56.593915
858.216466
NaN
284.844197
NaN
81.207776
107.507027
NaN
NaN
NaN
NaN
NaN
NaN
NaN
NaN
253.939812
NaN
350.402382
NaN
142.533356
NaN
NaN
NaN
NaN
NaN
NaN
NaN
NaN
NaN
541.074821
NaN
NaN
NaN
287.836357
92.260811
1187.685809
390.709121
238.194628
1219.047514
NaN
NaN
NaN
NaN
193.897423
35.630564
28.260142
1.788741
36.715636
36.397793
0.736221
0.850651
74.297171
NaN
NaN
NaN
1.196912
0.723321
1.637390
0.790394
0.884315
1.494532
0.605133
0.805890
0.701276
1.082270
13.745475
6.607898
241.398497
1.105141
0.524219
1514.254828
5.119121
304.241128
58.170732
274.859081
162.122934
1090.826141
619.609160
156.385822
NaN
155.616007
NaN
NaN
NaN
NaN
552.206672
NaN
NaN
NaN
NaN
141.806167
NaN
NaN
NaN
NaN
NaN
NaN
495.129649
8.503652
53.013362
0.740210
0.810885
66.912936
141.646341
NaN
NaN
NaN
NaN
NaN
NaN
NaN
NaN
NaN
497.452014
944.499666
300.148951
566.015998
56.126314
418.659564
18.435694
244.062867
489.885206
302.177183
NaN
NaN
NaN
NaN
NaN
NaN
NaN
NaN
NaN
449.124309
214.669737
646.899743
762.544517
1238.747085
NaN
NaN
NaN
NaN
NaN
NaN
181.787579
882.144044
0.726642
NaN
1.210393
246.372776
NaN
NaN
NaN
NaN
4.099182
166.821653
