NaN
NaN
NaN
132.464740
NaN
482.021941
NaN
NaN
NaN
NaN
NaN
NaN
294.986398
NaN
NaN
NaN
NaN
NaN
NaN
NaN
13.164161
NaN
NaN
NaN
NaN
NaN
NaN
NaN
NaN
NaN
NaN
NaN
NaN
NaN
NaN
NaN
NaN
NaN
NaN
NaN
NaN
1377.980437
NaN
NaN
NaN
NaN
250.803480
280.891394
NaN
1598.958764
NaN
276.589524
482.439020
NaN
NaN
NaN
NaN
NaN
98.584760
NaN
293.912796
112.972936
NaN
637.413500
275.664975
177.949988
NaN
72.244219
80.154500
826.220774
886.515085
1861.269567
114.402390
NaN
164.956881
NaN
105.004443
70.905040
1.226861
1.582471
59.493123
1.146706
40.734792
0.672415
3.248049
1.860529
1.009189
0.730899
1.387364
0.862460
0.990707
0.865362
1.219193
0.714183
1.368491
0.656883
0.857898
0.885749
0.766691
0.926619
1.184087
54.273795
1864.137904
99.204439
0.567646
NaN
NaN
1.298296
23.586105
0.810382
15.990223
773.880933
1.530744
NaN
NaN
1.365847
0.988875
1.192199
0.899893
2.181169
129.028547
177.863591
618.996374
NaN
NaN
154.551992
146.223781
341.522078
1539.024917
185.983374
793.285762
94.631213
340.641565
172.294351
7.123940
1.830826
1.094353
0.791240
NaN
NaN
NaN
NaN
NaN
NaN
NaN
NaN
NaN
NaN
163.747296
NaN
278.474741
517.328725
278.024693
NaN
NaN
NaN
NaN
NaN
NaN
NaN
589.788766
1541.360488
191.307271
NaN
NaN
NaN
NaN
NaN
286.985337
7.105095
22516.976015
NaN
NaN
629.807586
NaN
NaN
NaN
NaN
NaN
NaN
NaN
NaN
2405.354845
0.971975
1.049213
NaN
NaN
NaN
NaN
NaN
NaN
448.436349
NaN
1551.799025
NaN
1353.724210
233.220544
NaN
NaN
453.422483
NaN
NaN
NaN
NaN
NaN
NaN
173.632068
NaN
NaN
NaN
NaN
NaN
NaN
NaN
NaN
NaN
NaN
NaN
NaN
NaN
202.225539
895.551152
NaN
NaN
NaN
NaN
NaN
NaN
NaN
NaN
NaN
NaN
360.236103
NaN
668.470590
NaN
NaN
NaN
NaN
NaN
NaN
NaN
NaN
NaN
NaN
260.919359
NaN
298.363050
NaN
NaN
NaN
NaN
NaN
NaN
NaN
NaN
NaN
NaN
NaN
NaN
NaN
296.589393
NaN
NaN
NaN
NaN
NaN
NaN
NaN
NaN
NaN
124.367752
0.855148
NaN
NaN
NaN
NaN
NaN
NaN
NaN
13.860888
NaN
NaN
NaN
NaN
