0.727290
2.467698
0.510530
0.699932
0.729132
890.119707
0.600489
6.857288
352.382175
3.433962
3.704504
0.577493
80.654986
426.104991
1011.460594
297.472922
3.489474
200.938808
1.787003
0.998322
1.025694
1.449794
1.453317
288.187663
2061.319522
226.655214
0.727655
0.632676
1.298287
1043.300689
125.520651
158.300886
NaN
72.900374
42.443908
NaN
445.790566
115.853050
NaN
NaN
NaN
3776.727851
NaN
NaN
NaN
350.479785
275.021275
NaN
200.449964
215.241668
557.141030
NaN
519.654111
NaN
NaN
NaN
NaN
NaN
NaN
1456.862813
NaN
NaN
NaN
NaN
NaN
NaN
NaN
NaN
NaN
350.804145
NaN
NaN
NaN
NaN
NaN
NaN
NaN
NaN
25.753155
692.674524
NaN
NaN
264.535443
NaN
198.340441
NaN
NaN
357.468313
NaN
NaN
NaN
NaN
NaN
2755.346138
1070.693232
NaN
NaN
NaN
543.912060
NaN
NaN
NaN
NaN
NaN
NaN
101.243812
94.540956
NaN
NaN
NaN
NaN
279.554555
151.664658
NaN
NaN
NaN
NaN
119.758520
247.985863
NaN
NaN
243.993686
NaN
260.301468
361.026930
1681.154236
414.233752
NaN
623.344999
NaN
318.620449
NaN
NaN
340.752023
NaN
432.826042
NaN
220.879805
NaN
NaN
NaN
NaN
NaN
NaN
NaN
492.299374
NaN
188.587480
62.285460
NaN
NaN
NaN
323.187473
NaN
NaN
NaN
NaN
NaN
NaN
1096.582807
NaN
465.598840
817.013631
0.758423
1.071905
1.043593
5.530503
0.760824
499.799411
NaN
NaN
146.258669
0.644835
1.026642
21.927118
32.700375
4.370181
NaN
24.054945
205.251179
279.134033
8323.932941
NaN
NaN
NaN
147.789449
252.707006
845.202194
NaN
NaN
NaN
306.401780
298.790762
333.447625
203.217552
NaN
809.263650
NaN
NaN
NaN
NaN
NaN
399.579949
303.505533
NaN
NaN
NaN
137.380600
NaN
NaN
NaN
NaN
NaN
NaN
NaN
NaN
NaN
NaN
NaN
NaN
NaN
NaN
NaN
NaN
NaN
NaN
NaN
NaN
NaN
235.207540
2955.942511
NaN
NaN
135.284274
NaN
NaN
NaN
NaN
NaN
NaN
NaN
NaN
NaN
NaN
NaN
NaN
NaN
NaN
841.703200
603.376617
484.419880
NaN
1312.236829
NaN
NaN
NaN
NaN
NaN
NaN
NaN
NaN
NaN
NaN
NaN
368.367964
NaN
369.932460
NaN
192.625626
NaN
17.010894
330.833961
NaN
NaN
NaN
NaN
75.377543
NaN
132.811888
NaN
3584.168375
346.603719
NaN
NaN
NaN
