224.449335
1.239155
68.327662
58504.492515
80.444317
NaN
NaN
NaN
343.709832
NaN
311.212343
NaN
57.895198
101.144277
0.795431
700.514833
362.185142
180.587221
140.926352
NaN
NaN
NaN
NaN
820.009934
NaN
119.002732
117.705995
529.368078
NaN
238.585906
1.979534
0.463800
1.675621
3.954494
623.761741
0.669660
1.026816
0.518863
38.178951
0.571840
0.419911
0.626968
0.553480
0.534982
0.625376
0.662025
1.459551
0.720223
0.724896
1.151280
0.695815
0.709943
0.651201
0.555901
0.976181
1.244302
0.836263
0.716665
0.890325
1.008967
0.517231
27.375264
7.203600
44.932743
1.963010
53.107512
9.653401
109.095445
22.009333
568.147319
3058.492374
NaN
1259.869237
0.685463
0.591984
0.852548
490.811786
2021.480086
1319.165903
753.682659
210.248337
356.899476
577.368700
380.487835
NaN
420.332275
687.714152
871.299668
NaN
NaN
NaN
NaN
NaN
967.007009
545.673141
NaN
NaN
NaN
926.898680
148.916637
NaN
107.631476
295.176271
274.046454
265.660931
269.366335
266.307937
NaN
559.832090
NaN
NaN
205.826707
133.451212
0.643855
185.018327
NaN
NaN
879.457670
286.855873
319.746546
160.704771
996.922167
322.467460
NaN
513.751529
NaN
1555.019214
408.786043
NaN
NaN
1159.735828
2274.171750
1010.298468
5417.465843
NaN
475.512058
NaN
NaN
611.994358
NaN
NaN
NaN
NaN
NaN
NaN
269.705564
61.029428
NaN
NaN
546.726979
304.322332
NaN
397.901401
631.020501
NaN
NaN
NaN
NaN
NaN
NaN
NaN
269.545392
NaN
745.903767
NaN
NaN
NaN
NaN
73.150575
305.140657
303.311040
NaN
NaN
352.748783
NaN
NaN
NaN
NaN
NaN
NaN
NaN
NaN
NaN
717.984080
NaN
NaN
NaN
NaN
NaN
NaN
NaN
NaN
NaN
NaN
NaN
1595.836817
NaN
NaN
NaN
NaN
NaN
NaN
NaN
NaN
488.502217
NaN
894.524228
252.251652
NaN
244.287903
NaN
NaN
64.716215
NaN
636.214224
NaN
NaN
NaN
NaN
NaN
NaN
NaN
NaN
NaN
NaN
159.346453
360.179605
NaN
NaN
NaN
295.175885
NaN
NaN
NaN
NaN
NaN
1365.926817
NaN
NaN
NaN
NaN
NaN
NaN
394.698760
NaN
NaN
NaN
NaN
NaN
NaN
NaN
NaN
470.050668
471.364638
NaN
NaN
248.848425
NaN
NaN
NaN
NaN
1333.760428
NaN
NaN
NaN
NaN
229.703123
388.078363
NaN
NaN
NaN
NaN
NaN
NaN
NaN
NaN
NaN
NaN
NaN
2423.280018
1325.356912
2.185850
NaN
NaN
NaN
