NaN
NaN
NaN
NaN
NaN
NaN
78.746750
NaN
36.101336
NaN
NaN
NaN
NaN
NaN
686.273419
390.854944
1140.235250
35.657633
1.360053
383.149006
NaN
NaN
NaN
47.773941
698.967572
44.610651
NaN
NaN
NaN
319.973760
321.895279
NaN
NaN
25.252170
426.966160
131.445465
65.966021
172.739634
178.908608
742.137010
41.622712
2.771057
1.214044
0.488414
0.531633
0.504685
0.735039
0.606627
0.610118
0.500976
1.070072
0.464123
0.572606
0.635055
0.839632
0.606945
0.598364
0.743783
0.647965
0.644875
0.543506
0.737521
0.641276
0.666783
0.643299
0.678540
0.568034
101.160598
NaN
1171.773459
104.824713
1.012259
116.307483
520.436323
0.423796
4.823180
NaN
51.934775
NaN
963.541528
1046.420953
321.222752
426.655947
468.773500
595.906871
NaN
591.187654
404.625019
NaN
27.357336
91.894017
NaN
NaN
205.532119
NaN
786.078979
272.944029
NaN
296.325763
484.276084
6796.679924
NaN
100.127301
478.472760
NaN
NaN
NaN
333.889108
229.180102
NaN
NaN
203.603792
365.097192
0.678915
0.761436
NaN
NaN
1248.037171
408.427406
381.898036
NaN
291.794128
NaN
NaN
372.123286
NaN
NaN
NaN
52.241175
NaN
NaN
NaN
NaN
277.882193
NaN
NaN
NaN
3539.615969
NaN
NaN
NaN
NaN
NaN
NaN
NaN
NaN
NaN
NaN
NaN
132.224695
NaN
NaN
NaN
NaN
NaN
NaN
NaN
NaN
NaN
NaN
1087.743846
NaN
NaN
678.671665
NaN
NaN
NaN
NaN
2.274134
221.337977
NaN
NaN
NaN
132.604676
286.900371
NaN
NaN
NaN
123.639024
NaN
NaN
NaN
57.209931
NaN
NaN
NaN
NaN
NaN
NaN
NaN
358.442092
NaN
492.021233
NaN
259.513975
NaN
NaN
NaN
NaN
NaN
NaN
NaN
NaN
NaN
NaN
NaN
NaN
NaN
NaN
NaN
NaN
105.619802
NaN
NaN
508.052059
NaN
NaN
NaN
NaN
NaN
NaN
NaN
NaN
NaN
NaN
NaN
NaN
NaN
NaN
NaN
NaN
NaN
NaN
NaN
NaN
NaN
NaN
NaN
NaN
NaN
NaN
NaN
NaN
NaN
NaN
NaN
NaN
NaN
NaN
352.888777
NaN
NaN
NaN
NaN
NaN
NaN
NaN
NaN
NaN
NaN
NaN
NaN
NaN
NaN
1373.436203
299.825944
NaN
NaN
524.937788
NaN
NaN
NaN
NaN
NaN
43.546838
NaN
267.569645
NaN
291.587520
0.324244
128.722116
NaN
NaN
NaN
NaN
