NaN
NaN
207.476936
447.628644
NaN
NaN
NaN
NaN
1507.654689
NaN
NaN
NaN
NaN
NaN
NaN
30755.830807
NaN
NaN
40.853242
823.062434
NaN
NaN
NaN
NaN
NaN
NaN
NaN
NaN
NaN
NaN
219.105368
NaN
NaN
NaN
184.709236
NaN
360.713916
NaN
1905.077890
NaN
NaN
NaN
NaN
NaN
1047.539585
NaN
NaN
NaN
123.651011
NaN
NaN
462.501386
185.827070
NaN
NaN
NaN
714.973362
NaN
280.794655
172.002134
427.542178
191.831752
2217.465724
1220.977526
593.607161
146.451946
59.145940
78.012405
44.289346
706.550075
576.929232
123.879072
101.392437
NaN
NaN
