NaN
NaN
NaN
NaN
NaN
NaN
NaN
NaN
NaN
NaN
NaN
NaN
NaN
NaN
NaN
161.751135
NaN
NaN
NaN
NaN
NaN
NaN
NaN
NaN
NaN
212.257237
NaN
NaN
NaN
NaN
NaN
NaN
NaN
NaN
NaN
NaN
311.066550
NaN
NaN
260.290420
NaN
NaN
NaN
118.845202
NaN
NaN
NaN
147.625433
61.114029
59.189215
NaN
555.334612
494.110864
6597.896459
NaN
NaN
79.843743
1.129140
2.351009
0.810758
0.747174
1.130041
0.613584
50.904049
0.997958
0.877875
0.408447
0.551160
0.712473
0.729232
0.580869
1.054375
0.597999
NaN
NaN
NaN
0.588393
0.582579
1.475054
0.783173
0.610295
0.666975
0.529715
0.538587
0.462531
1.352911
3.076056
55.625538
392.372612
0.690107
0.744670
1.513156
0.844707
476.736422
50.398949
3.906885
120.374569
1.374861
252.896480
277.626353
1.664353
0.951876
2.228056
0.967653
0.569656
NaN
NaN
0.693665
0.718201
3.076660
0.600206
0.831144
0.621854
50.311101
1.235059
193.239684
74.344793
NaN
202.776607
180.871082
1099.948002
528.183067
84.272000
NaN
NaN
176.865494
369.977420
NaN
243.135746
NaN
NaN
NaN
NaN
1137.855612
1177.821814
264.415936
436.289938
35.797528
NaN
NaN
NaN
NaN
NaN
NaN
NaN
NaN
NaN
128.195339
NaN
NaN
NaN
NaN
NaN
NaN
NaN
NaN
NaN
NaN
NaN
NaN
NaN
NaN
0.899683
NaN
NaN
NaN
NaN
NaN
1.216563
0.807442
NaN
NaN
NaN
14103.797945
NaN
NaN
NaN
NaN
NaN
NaN
NaN
NaN
0.973837
202.766609
100.551093
NaN
NaN
NaN
NaN
NaN
NaN
NaN
NaN
NaN
149.102984
NaN
127.764067
NaN
NaN
464.652850
NaN
NaN
NaN
NaN
NaN
NaN
NaN
NaN
NaN
NaN
NaN
NaN
NaN
NaN
NaN
NaN
NaN
NaN
NaN
NaN
NaN
NaN
NaN
NaN
NaN
NaN
NaN
NaN
NaN
547.025213
NaN
NaN
NaN
NaN
NaN
NaN
NaN
NaN
NaN
NaN
479.284478
NaN
NaN
537.816040
NaN
NaN
NaN
NaN
256.867135
NaN
NaN
NaN
209.571698
NaN
NaN
315.059472
NaN
NaN
NaN
NaN
NaN
NaN
NaN
NaN
NaN
NaN
NaN
NaN
NaN
NaN
NaN
0.770441
5.234355
NaN
NaN
NaN
NaN
NaN
NaN
NaN
NaN
NaN
NaN
NaN
NaN
