NaN
NaN
NaN
NaN
NaN
NaN
345.661677
NaN
NaN
NaN
NaN
NaN
244.053328
NaN
NaN
NaN
1132.380777
NaN
NaN
NaN
NaN
NaN
NaN
NaN
NaN
278.550830
NaN
NaN
NaN
589.590653
NaN
862.141414
NaN
NaN
NaN
NaN
640.980939
NaN
NaN
NaN
NaN
NaN
NaN
2303.170576
NaN
1553.283453
60.132767
NaN
NaN
NaN
123.895674
NaN
595.733372
NaN
1359.558004
NaN
NaN
353.516433
961.120326
423.340988
1524.064535
478.300664
NaN
305.689828
226.146384
4621.222300
NaN
373.248895
384.082285
384.887101
1442.460259
236.645796
300.436147
NaN
2315.642900
303.749338
2008.032013
200.878687
190.632887
237.363661
273.815467
52.395095
1504.646379
79.461425
225.919221
575.024517
1.686102
0.791006
0.471271
1.122691
68.656172
23.036576
2.068715
0.730649
0.825054
39.100749
0.492893
0.510321
10.210247
79.953869
1.814980
581.530953
307.686202
701.695694
24.161482
NaN
NaN
1684.234697
2.168557
2.390314
263.648901
444.693132
2.002777
576.771292
283.998271
0.746136
1.187771
0.727452
0.902467
0.853326
0.638763
0.578056
1.341250
0.886881
0.977866
7.851424
1.330721
240.437052
612.598483
222.371251
45.848468
227.952885
360.127450
773.284622
0.862035
1.253576
2.133644
2.067545
1497.777957
NaN
NaN
NaN
NaN
NaN
NaN
112.319498
NaN
113.224427
NaN
161.469311
NaN
126.605403
NaN
813.294023
NaN
NaN
NaN
NaN
NaN
122.385524
244.528612
2.895306
500.189996
359.408267
NaN
NaN
NaN
NaN
2218.256731
440.814450
254.091081
457.224775
NaN
271.900282
NaN
NaN
NaN
91.049757
NaN
NaN
NaN
NaN
236.771543
0.782174
68.662329
NaN
NaN
361.018056
714.491318
NaN
NaN
357.261392
NaN
NaN
492.196282
NaN
32.510618
NaN
NaN
NaN
NaN
NaN
NaN
NaN
NaN
NaN
NaN
NaN
435.327203
NaN
NaN
NaN
NaN
NaN
448.838037
NaN
NaN
NaN
449.185237
89.075926
NaN
143.876362
NaN
NaN
NaN
NaN
NaN
NaN
NaN
NaN
NaN
NaN
NaN
NaN
NaN
NaN
166.572385
NaN
NaN
NaN
NaN
NaN
NaN
NaN
NaN
NaN
NaN
NaN
NaN
44.522680
NaN
NaN
290.975773
664.666916
NaN
NaN
104.459355
NaN
NaN
NaN
NaN
NaN
NaN
NaN
NaN
NaN
NaN
NaN
129.111448
NaN
NaN
632.947474
0.993701
NaN
NaN
692.045707
NaN
NaN
NaN
NaN
649.495347
NaN
NaN
NaN
NaN
