NaN
NaN
NaN
183.239830
NaN
NaN
NaN
NaN
NaN
NaN
NaN
NaN
NaN
NaN
NaN
NaN
NaN
NaN
430.569595
261.354750
NaN
NaN
NaN
NaN
NaN
159.107657
394.540517
2110.298492
NaN
NaN
953.554611
348.000299
NaN
NaN
NaN
NaN
NaN
187.894153
194.054250
448.507335
NaN
142.832275
534.268846
NaN
567.167195
NaN
181.638617
NaN
NaN
NaN
681.226707
NaN
219.692408
381.293932
620.233196
NaN
581.598306
1044.712826
NaN
NaN
NaN
404.419541
NaN
NaN
202.275001
NaN
NaN
NaN
NaN
488.683376
NaN
NaN
NaN
NaN
NaN
NaN
NaN
NaN
604.192740
NaN
1174.179961
NaN
280.609133
1273.848118
471.607658
NaN
858.284012
273.865863
305.076046
NaN
NaN
NaN
NaN
801.281659
184.252107
NaN
360.178331
NaN
NaN
NaN
NaN
NaN
NaN
NaN
NaN
NaN
71.522829
NaN
NaN
NaN
171.942445
29.747061
NaN
NaN
NaN
NaN
NaN
593.347916
NaN
201.689490
831.300678
1062.909158
152.718319
NaN
NaN
NaN
280.474561
NaN
340.208981
NaN
944.119574
NaN
330.739433
421.566169
NaN
212.471093
NaN
383.891409
223.682142
NaN
NaN
NaN
NaN
NaN
NaN
NaN
NaN
718.051464
NaN
NaN
214.635957
127.209238
NaN
483.357591
219.994457
NaN
NaN
NaN
NaN
369.193200
1233.610014
NaN
NaN
127.291768
68.507197
189.228819
NaN
0.814569
143.290027
441.884107
NaN
NaN
2.592726
258.851047
1.236995
8.647502
2.112935
1.350636
0.824969
0.735415
1.793849
0.748709
NaN
1119.286774
NaN
0.808771
5.288331
1.037703
1.110121
0.708664
0.540482
0.529067
1.014710
1.356142
2.012439
0.697115
6.375447
16.528875
0.549938
16.232056
1.628512
389.707934
141.030232
654.943980
170.699800
167.234121
549.628201
788.269970
245.428587
NaN
358.006380
NaN
NaN
187.738377
483.569610
72.629062
NaN
NaN
NaN
NaN
418.547181
357.619352
38.904796
NaN
NaN
393.953489
NaN
1.952925
460.840348
381.380124
377.686965
539.451933
NaN
NaN
313.744596
NaN
102.876664
NaN
NaN
NaN
421.592800
NaN
NaN
347.803230
144.704078
NaN
772.003091
NaN
432.696001
NaN
1472.794787
420.135366
NaN
NaN
NaN
2074.173944
NaN
NaN
NaN
NaN
NaN
337.018708
581.774880
NaN
1060.012089
1096.734214
196.735686
290.498408
NaN
NaN
NaN
325.005564
NaN
91.080803
NaN
1.119006
NaN
40.864010
2.608528
NaN
NaN
NaN
NaN
1.678822
NaN
