NaN
NaN
268.870316
731.592122
NaN
NaN
NaN
NaN
NaN
NaN
NaN
NaN
NaN
NaN
NaN
365.675306
NaN
482.388354
NaN
NaN
NaN
NaN
NaN
NaN
NaN
NaN
274.976005
NaN
862.887481
NaN
519.061476
356.233613
NaN
639.884328
268.506151
603.384454
NaN
NaN
608.121730
NaN
NaN
645.900080
489.394455
NaN
NaN
NaN
NaN
NaN
NaN
NaN
776.082362
NaN
137.703222
261.641204
NaN
NaN
NaN
NaN
NaN
NaN
NaN
1744.679949
456.497378
NaN
NaN
118.776868
NaN
NaN
NaN
334.718706
NaN
NaN
NaN
NaN
NaN
NaN
332.920722
NaN
172.687822
396.879366
610.739533
524.326849
298.087223
461.319306
NaN
NaN
NaN
178.941531
NaN
NaN
NaN
NaN
314.029786
NaN
403.776658
NaN
NaN
NaN
355.602297
NaN
NaN
NaN
210.979490
NaN
NaN
170.750551
NaN
NaN
NaN
NaN
NaN
NaN
NaN
NaN
NaN
NaN
NaN
2756.168447
410.240035
344.262488
152.350760
NaN
1402.447468
NaN
30.534483
645.602820
517.333037
3055.886597
238.364179
NaN
169.467195
NaN
606.316061
786.124924
NaN
145.758648
NaN
399.868829
502.551510
NaN
NaN
NaN
NaN
NaN
NaN
648.842929
318.051039
378.893954
NaN
NaN
NaN
NaN
NaN
NaN
249.389010
NaN
NaN
NaN
NaN
296.856321
836.867565
NaN
NaN
1261.752099
93.082940
938.564862
NaN
1.067701
162.688727
NaN
NaN
NaN
NaN
1384.580310
2.514744
439.875573
5.074339
0.823269
1.029822
0.756820
1.289416
2.130251
NaN
NaN
NaN
0.829130
0.683003
1.079016
1.107474
11.279621
0.790029
0.698801
0.640089
0.726328
2833.562046
18.342252
8.658976
2.123009
0.830705
0.867639
7.002217
3.265181
41.598109
0.881200
0.826585
13.234915
46.813454
16.465270
467.267270
52.103308
1.613657
445.505881
NaN
347.881447
969.387903
372.512684
NaN
NaN
298.790876
NaN
1696.506519
417.891021
2.077168
NaN
NaN
2061.303729
235.706312
0.715172
27.174938
980.128563
81.292633
1.805534
311.469155
266.526184
172.643892
467.923111
279.076834
NaN
NaN
NaN
NaN
NaN
NaN
3701.936204
64.780602
304.601016
409.988609
642.560057
210.211302
918.444611
874.567444
335.965192
2316.513412
NaN
NaN
NaN
NaN
NaN
NaN
NaN
NaN
NaN
107.466814
601.821612
337.931250
940.092659
149.172980
281.493272
366.899078
NaN
NaN
4721.355867
NaN
1893.575755
NaN
1.159993
78.590788
314.289580
4552.273742
235.200274
542.764525
NaN
NaN
3.210955
591.267994
