20.165340
4.459662
263.372797
153.382361
1172.283081
382.234617
295.034616
1.458722
599.029212
1.092321
1428.645169
135.714618
2.323968
0.755969
0.980616
NaN
NaN
13.657849
352.714755
355.826025
208.150898
NaN
NaN
NaN
1.713117
0.661461
401.014433
NaN
NaN
0.733151
0.565119
3.125448
0.481748
0.839782
0.582455
0.462456
0.466826
0.672659
0.548687
0.866190
0.663511
0.835955
1.031664
0.437293
1.024707
32.974343
1133.105665
NaN
396.389996
200.309118
302.008666
181.733042
363.964851
102.803994
212.640621
NaN
331.406439
NaN
396.154686
321.512779
154.892240
140.772618
134.453494
NaN
539.588670
3498.039040
NaN
NaN
716.321821
NaN
NaN
NaN
NaN
0.578288
44.543461
57.685512
NaN
562.437040
1585.670447
246.017237
6004.944917
NaN
NaN
281.232412
417.678228
549.682391
NaN
6417.297715
NaN
NaN
NaN
NaN
NaN
NaN
NaN
1040.689101
716.018400
NaN
541.772019
NaN
NaN
1991.947117
NaN
NaN
NaN
0.757292
0.650007
NaN
NaN
NaN
NaN
NaN
NaN
NaN
NaN
236.370332
304.680029
424.125768
358.795903
NaN
NaN
586.806266
193.473947
NaN
597.003157
493.524914
112.221798
1930.703344
336.383512
NaN
363.905264
449.439200
328.414808
NaN
483.242059
NaN
NaN
NaN
206.193850
NaN
NaN
NaN
NaN
NaN
NaN
261.042020
NaN
NaN
NaN
NaN
159.183018
297.779211
394.582484
265.220648
NaN
NaN
NaN
NaN
NaN
1607.813967
241.534165
NaN
NaN
70.282379
NaN
NaN
NaN
NaN
NaN
NaN
232.786521
NaN
263.020788
2859.918057
NaN
NaN
NaN
NaN
NaN
NaN
NaN
NaN
NaN
NaN
NaN
169.601382
NaN
NaN
NaN
NaN
3096.661232
259.193915
343.234637
237.731927
NaN
NaN
NaN
NaN
NaN
NaN
NaN
NaN
226.112693
NaN
NaN
228.584941
526.052163
137.153828
185.963787
NaN
NaN
NaN
NaN
NaN
NaN
NaN
NaN
NaN
NaN
NaN
NaN
NaN
NaN
NaN
NaN
NaN
512.587712
NaN
NaN
NaN
2025.136913
NaN
NaN
NaN
89.495730
NaN
220.149179
160.596689
NaN
NaN
NaN
NaN
NaN
NaN
NaN
NaN
NaN
324.342448
NaN
1356.166348
NaN
NaN
NaN
NaN
NaN
NaN
NaN
NaN
NaN
NaN
NaN
2993.948796
NaN
NaN
NaN
NaN
NaN
513.769038
NaN
NaN
NaN
NaN
NaN
NaN
9.284589
NaN
1.928113
NaN
NaN
0.941524
0.992033
1.477865
NaN
NaN
NaN
