264.074916
183.629739
40.376894
1323.440336
156.916850
2120.095095
NaN
96.209928
2.475658
NaN
1878.652273
84.570216
564.803828
1.685989
168.347993
1000.367525
NaN
0.883127
43.244589
390.304430
278.494224
160.763561
NaN
636.313400
5.129659
20.039475
NaN
NaN
139.954551
13.398605
164.340764
0.668148
1.009673
0.916425
0.659870
5.188796
1.230799
118.573848
43.311721
0.977245
723.606406
0.280482
299.692680
463.641597
88.160696
223.476765
314.453471
600.376503
285.915978
939.325160
151.042405
48.826376
266.183892
238.604366
327.348297
NaN
NaN
381.994124
258.471650
NaN
130.250073
320.092501
NaN
NaN
NaN
197.304976
NaN
NaN
NaN
NaN
NaN
NaN
NaN
0.605691
42.189223
1.228138
103.346976
516.572122
621.062280
393.414048
432.497722
NaN
396.106885
763.835906
NaN
174.358573
485.720081
614.951900
439.301280
NaN
NaN
NaN
NaN
NaN
NaN
1614.680580
597.686720
NaN
888.211449
NaN
NaN
NaN
NaN
NaN
NaN
0.827597
7.033487
534.747901
NaN
NaN
NaN
NaN
NaN
333.936915
NaN
NaN
NaN
73.987694
NaN
NaN
NaN
NaN
344.492746
NaN
346.987949
322.030270
695.380157
NaN
427.985759
NaN
391.873408
304.040722
632.017386
324.013925
NaN
2256.401877
NaN
NaN
NaN
NaN
NaN
NaN
NaN
NaN
NaN
NaN
NaN
NaN
NaN
NaN
NaN
104.589424
NaN
NaN
NaN
NaN
NaN
NaN
NaN
255.069009
356.586088
NaN
NaN
113.503124
200.378582
NaN
743.586836
NaN
NaN
NaN
NaN
NaN
NaN
1230.714867
885.912910
NaN
NaN
NaN
NaN
NaN
NaN
NaN
NaN
Inf
NaN
NaN
NaN
1392.469381
NaN
NaN
NaN
NaN
572.903204
NaN
NaN
240.979175
NaN
NaN
NaN
627.385268
NaN
NaN
266.101808
434.850351
NaN
NaN
NaN
152.831280
NaN
NaN
NaN
NaN
NaN
NaN
NaN
NaN
NaN
NaN
NaN
NaN
NaN
1005.340036
NaN
NaN
NaN
NaN
NaN
NaN
NaN
NaN
NaN
NaN
NaN
379.389992
30.372905
NaN
NaN
NaN
NaN
NaN
414.401016
NaN
NaN
NaN
367.649659
NaN
NaN
NaN
NaN
NaN
3097.720845
NaN
221.049481
208.707064
NaN
NaN
NaN
NaN
NaN
NaN
NaN
NaN
207.642411
NaN
NaN
NaN
NaN
NaN
1059.972734
NaN
NaN
NaN
NaN
417.397043
260.683136
114.497632
0.518714
NaN
NaN
0.628588
0.768935
0.791842
NaN
NaN
NaN
