NaN
41.264540
NaN
337.616164
NaN
NaN
NaN
NaN
153.222733
NaN
NaN
NaN
NaN
165.902133
218.649313
654.344501
13.513570
15.063134
316.761709
6.612742
NaN
NaN
NaN
1.579871
87.088229
153.647613
NaN
NaN
NaN
437.937106
446.291070
NaN
243.192881
214.440859
1211.931959
401.823507
0.675842
0.477859
0.498163
0.789241
0.839428
0.571440
1.373168
0.439497
0.680335
0.546460
0.939674
0.642131
0.803116
0.561744
0.527386
0.707106
0.642478
0.640449
1.178750
0.749317
0.986342
314.284742
629.613285
150.753393
0.465133
401.560585
774.714730
1871.591228
72.620454
31.611283
87.882729
NaN
NaN
NaN
NaN
NaN
NaN
523.304338
0.870204
1.146525
NaN
NaN
885.452611
NaN
NaN
NaN
NaN
NaN
NaN
NaN
545.429736
NaN
NaN
89.533903
NaN
NaN
NaN
NaN
NaN
NaN
2678.137170
NaN
NaN
NaN
NaN
NaN
NaN
2101.911344
NaN
505.194312
775.227357
1111.188735
647.884435
NaN
NaN
NaN
NaN
0.684564
574.411950
NaN
NaN
398.980240
NaN
NaN
NaN
NaN
NaN
NaN
146.968655
NaN
427.009635
1823.171573
NaN
NaN
7732.467123
294.154279
151.782845
811.778037
NaN
857.729484
1087.190959
218.492690
NaN
NaN
NaN
NaN
NaN
NaN
NaN
NaN
NaN
NaN
NaN
2170.560747
149.279524
NaN
NaN
NaN
NaN
NaN
NaN
NaN
NaN
NaN
NaN
NaN
NaN
NaN
NaN
NaN
NaN
NaN
NaN
NaN
NaN
277.308008
NaN
386.466819
NaN
NaN
NaN
NaN
NaN
NaN
NaN
NaN
230.516980
146.951987
NaN
NaN
NaN
NaN
309.500150
NaN
1725.038606
NaN
802.590325
NaN
NaN
NaN
NaN
NaN
NaN
NaN
NaN
NaN
NaN
NaN
NaN
NaN
NaN
NaN
NaN
NaN
NaN
NaN
NaN
NaN
425.074146
NaN
NaN
NaN
NaN
NaN
NaN
Inf
NaN
NaN
NaN
NaN
NaN
NaN
NaN
NaN
NaN
NaN
NaN
241.611603
NaN
NaN
NaN
NaN
NaN
NaN
NaN
NaN
NaN
NaN
NaN
NaN
NaN
NaN
NaN
NaN
NaN
NaN
1433.867900
NaN
NaN
NaN
NaN
NaN
NaN
NaN
NaN
NaN
452.541647
NaN
1123.059527
NaN
NaN
NaN
912.626112
NaN
NaN
NaN
NaN
NaN
26.987766
NaN
151.482640
NaN
NaN
0.690456
2.098991
1.965334
NaN
NaN
NaN
