NaN
NaN
NaN
326.111304
508.807329
1876.159341
NaN
NaN
NaN
NaN
NaN
NaN
355.263568
123.121702
NaN
NaN
NaN
NaN
289.708136
NaN
NaN
NaN
NaN
NaN
NaN
NaN
NaN
NaN
NaN
NaN
244.452680
NaN
81.286354
106.289849
248.463654
143.619410
253.089966
86.667541
237.336936
167.403748
102.368139
1.140946
36.487661
8.552057
0.624945
1.086652
0.761458
1.049102
25.757282
2.261707
278.643816
714.466270
546.874096
0.596164
1.236759
0.710573
0.480737
0.600488
1.796714
0.624782
0.659522
11.625447
3.976170
0.976368
0.971236
0.766901
0.810682
0.759553
0.519270
0.629563
1.059434
1.643022
0.868597
1051.496667
2.952341
699.512032
0.848383
9.385528
844.603262
400.062184
1.879673
2382.954347
169.500814
367.571881
433.490816
564.642046
429.080768
814.680906
166.034570
65.136466
515.481787
5899.173428
NaN
NaN
4708.788072
208.818963
4542.653170
462.817183
1488.070798
197.691847
371.390989
2203.655048
270.578660
269.435864
NaN
NaN
NaN
486.564234
315.212453
5364.890930
251.918784
0.824376
NaN
0.906120
1.034509
NaN
NaN
501.332355
2411.085299
131.279665
293.410084
NaN
392.151354
576.243370
360.372668
757.334602
171.719241
NaN
NaN
NaN
NaN
215.471277
835.142930
603.231516
NaN
NaN
NaN
840.036846
NaN
NaN
NaN
NaN
NaN
NaN
NaN
496.914451
NaN
694.464155
NaN
56.749841
882.420208
1401.933282
352.785323
NaN
337.272525
NaN
NaN
NaN
NaN
NaN
NaN
NaN
163.113215
NaN
NaN
83.377064
NaN
5407.371812
2011.749282
1.307112
526.161466
NaN
NaN
1082.212286
370.182170
NaN
NaN
NaN
589.097330
364.990638
NaN
NaN
7.732971
NaN
NaN
NaN
991.192888
NaN
NaN
NaN
519.454275
NaN
211.050687
NaN
290.388787
2225.662224
NaN
NaN
NaN
4525.788448
NaN
NaN
131.655330
NaN
NaN
195.040574
86.067967
1020.348830
NaN
NaN
NaN
NaN
NaN
NaN
NaN
NaN
NaN
NaN
266.693182
135.968502
13381.769936
NaN
NaN
NaN
NaN
276.672761
NaN
NaN
NaN
NaN
446.567762
NaN
NaN
381.948786
NaN
NaN
NaN
NaN
NaN
NaN
NaN
NaN
NaN
NaN
737.004110
NaN
NaN
NaN
NaN
NaN
NaN
NaN
NaN
NaN
NaN
140.274720
NaN
NaN
NaN
NaN
NaN
259.765208
NaN
455.307285
NaN
261.096701
NaN
138.254233
164.152040
NaN
NaN
389.461535
313.566875
NaN
NaN
NaN
NaN
NaN
NaN
NaN
361.949874
NaN
NaN
NaN
NaN
