NaN
NaN
NaN
220.154725
158.626780
NaN
NaN
NaN
274.458185
NaN
NaN
NaN
NaN
NaN
NaN
NaN
NaN
NaN
NaN
NaN
NaN
NaN
NaN
NaN
NaN
650.705828
NaN
NaN
NaN
NaN
NaN
NaN
NaN
NaN
NaN
401.731029
NaN
313.152522
NaN
NaN
NaN
NaN
NaN
NaN
NaN
104.967138
NaN
NaN
NaN
NaN
NaN
3923.938514
154.345848
104.188227
130.556856
NaN
NaN
NaN
206.921716
NaN
251.640346
NaN
595.444120
285.580785
NaN
13633.783050
1118.746113
NaN
NaN
615.153862
NaN
NaN
NaN
NaN
NaN
NaN
NaN
71.681716
302.135855
126.946463
324.859851
NaN
171.441948
207.829240
120.546388
99.903111
210.831877
NaN
NaN
NaN
NaN
NaN
NaN
606.303900
NaN
NaN
157.638654
216.061683
NaN
NaN
NaN
509.709994
NaN
NaN
NaN
NaN
10172046.490652
NaN
133.074756
NaN
NaN
NaN
NaN
596.403343
NaN
NaN
NaN
388.637697
1094.143805
1790.108750
270.793596
NaN
821.618584
188.524498
534.992890
2.156611
99.027763
198.433453
85.323311
2.314385
2.072605
673.267346
418.692398
57.460973
NaN
191.611298
NaN
NaN
0.609800
NaN
NaN
NaN
NaN
NaN
NaN
1.025209
1.530850
0.872815
0.549006
0.831630
8.461003
123.528443
482.571881
63.346080
NaN
NaN
NaN
NaN
NaN
0.868239
1.086572
509.033628
NaN
NaN
NaN
NaN
NaN
NaN
NaN
NaN
0.691195
0.554687
NaN
522.300231
NaN
166.558167
NaN
