NaN
NaN
NaN
248.396693
1161.362301
241.596954
NaN
NaN
NaN
NaN
NaN
NaN
616.491066
NaN
NaN
812.444291
NaN
NaN
NaN
398.535656
622.168000
NaN
NaN
160.271632
NaN
450.074675
NaN
624.730950
NaN
NaN
620.604012
NaN
NaN
NaN
NaN
NaN
NaN
NaN
97.829086
NaN
NaN
NaN
NaN
NaN
NaN
NaN
NaN
NaN
NaN
108.132157
NaN
NaN
558.345035
NaN
236.365433
NaN
NaN
844.362820
NaN
NaN
1088.666389
637.962458
115.323633
211.463585
NaN
NaN
NaN
218.635753
NaN
NaN
174.800332
NaN
NaN
2570.933307
NaN
NaN
NaN
489.035504
397.398122
565.312189
NaN
447.260761
1279.682488
NaN
NaN
91.228757
NaN
631.788488
NaN
NaN
NaN
NaN
NaN
NaN
201.030625
NaN
NaN
NaN
206.677479
2737.991647
NaN
NaN
NaN
NaN
NaN
NaN
NaN
3462.120134
521.110060
NaN
293.740006
259.925451
114.330981
NaN
NaN
NaN
NaN
NaN
NaN
NaN
NaN
224.689737
183.647325
285.487006
187.953117
123.644724
1481.693213
2433.327902
137.613942
296.938646
983.967855
78.259406
412.571924
NaN
NaN
NaN
NaN
293.803447
NaN
NaN
NaN
NaN
NaN
NaN
NaN
1364.891260
NaN
581.200906
6465.789317
1559.599303
511.569166
123.208178
813.531146
1123.616088
1675.613720
NaN
NaN
NaN
NaN
453.450362
16755.024865
NaN
405.776653
NaN
NaN
766.397260
396.368054
NaN
267.831417
NaN
485.205968
851.545179
290.591146
NaN
NaN
NaN
NaN
NaN
NaN
NaN
NaN
NaN
NaN
NaN
NaN
NaN
253.719485
NaN
NaN
NaN
NaN
28.907760
NaN
NaN
632.665309
574.081594
759.909208
NaN
NaN
NaN
NaN
NaN
NaN
457.479907
NaN
NaN
410.125858
1405.295706
15.978079
NaN
NaN
NaN
167.114433
NaN
139.466885
89.192062
NaN
NaN
2.196714
368.978425
359.473378
104.250961
NaN
NaN
NaN
0.829792
0.843050
NaN
NaN
NaN
1200.905766
3503.150771
NaN
111.704330
0.810646
1.445215
0.678799
0.760559
0.914868
1.633135
1.137479
NaN
NaN
1254.690611
514.788696
404.900234
658.327769
2.159464
2.362723
2.300838
1029.703902
1407.845933
3.910294
1064.695448
770.828954
2.438605
NaN
NaN
NaN
NaN
NaN
287.388225
695.225835
255.250487
687.224659
NaN
560.834528
337.233507
NaN
NaN
NaN
NaN
NaN
434.372667
NaN
NaN
NaN
NaN
NaN
NaN
NaN
NaN
818.167577
385.470372
NaN
