NaN
NaN
NaN
NaN
NaN
332.081089
NaN
NaN
NaN
111.092352
NaN
NaN
NaN
85.357771
NaN
NaN
NaN
NaN
NaN
NaN
798.259171
NaN
NaN
NaN
93.093703
416.738655
345.898839
NaN
NaN
86.866150
NaN
NaN
NaN
640.877887
NaN
NaN
109.791880
NaN
NaN
190.462078
NaN
NaN
NaN
NaN
NaN
202.083084
440.869858
203.617169
366.156475
NaN
NaN
NaN
176.760989
97.819428
NaN
NaN
NaN
391.509868
NaN
NaN
NaN
59.015712
207.068390
347.458391
142.164940
NaN
463.252006
310.177269
NaN
2221.411600
312.203911
NaN
263.151440
NaN
NaN
NaN
606.681492
526.925185
916.925872
734.489794
226.533522
0.838657
148.212016
914.617392
68.645039
280.555488
309.796460
7.998062
357.835144
167.103476
1.417205
396.405440
115.415319
27.512950
505.372366
1.862125
1.777180
0.928810
0.859260
171.024849
95.097958
271.084817
175.533321
241.885785
31.188014
NaN
NaN
66.078361
489.348679
248.361652
26.630494
718.234260
553.255774
NaN
NaN
0.518099
1.710355
1.172508
0.662781
0.753936
0.826662
0.571099
0.671754
0.601121
0.555198
0.740952
0.831870
1.003248
0.820158
1.231613
2.794267
0.835156
9308.962631
10532.912064
0.797660
1.140597
124.093625
3.408180
1.082458
NaN
NaN
NaN
NaN
NaN
NaN
157.267937
NaN
90.366902
NaN
NaN
113.334930
NaN
NaN
284.721865
182.377120
NaN
NaN
NaN
NaN
5.727809
249.352495
1.301515
NaN
NaN
NaN
570.423053
NaN
66.498104
744.210509
NaN
220.684671
486.869520
NaN
368.085121
NaN
NaN
NaN
NaN
350.319192
NaN
NaN
NaN
340.273598
0.870203
26.572926
52.611173
NaN
NaN
NaN
NaN
613.285479
NaN
109.645739
3228.156113
465.030396
NaN
404.918384
NaN
NaN
275.257836
NaN
NaN
NaN
NaN
NaN
NaN
362.490686
NaN
NaN
NaN
NaN
213.849535
NaN
94.688566
NaN
NaN
NaN
NaN
NaN
NaN
NaN
NaN
NaN
NaN
NaN
NaN
NaN
NaN
NaN
NaN
NaN
NaN
NaN
NaN
NaN
NaN
NaN
188.555884
NaN
296.339629
NaN
NaN
NaN
NaN
1671.341591
NaN
NaN
NaN
NaN
NaN
NaN
NaN
NaN
209.353998
77.018532
764.905056
1337.262156
20.848331
NaN
NaN
NaN
464.293800
338.658979
NaN
151.429672
NaN
NaN
77.820506
139.988021
NaN
NaN
8139.739357
100.108650
NaN
NaN
NaN
NaN
NaN
NaN
NaN
NaN
NaN
NaN
NaN
NaN
