NaN
NaN
NaN
298.909113
962.095388
NaN
NaN
NaN
NaN
NaN
NaN
NaN
NaN
NaN
NaN
NaN
NaN
NaN
NaN
NaN
NaN
NaN
NaN
NaN
NaN
NaN
NaN
108.832152
NaN
NaN
NaN
NaN
NaN
1305.455833
NaN
NaN
NaN
242.968289
NaN
NaN
NaN
NaN
NaN
NaN
NaN
NaN
283.808257
NaN
NaN
NaN
152.089469
282.734803
542.537877
515.134322
NaN
NaN
NaN
NaN
NaN
NaN
NaN
NaN
451.464091
580.535029
NaN
NaN
NaN
NaN
158.445209
504.478545
NaN
NaN
288.699886
NaN
NaN
NaN
NaN
NaN
430.865509
NaN
1865.738205
NaN
283.222608
132.069689
NaN
912.427989
NaN
NaN
NaN
NaN
NaN
NaN
NaN
NaN
232.858859
145.543128
NaN
270.482984
590.047950
NaN
NaN
NaN
NaN
NaN
NaN
NaN
447.699697
Inf
343.727042
NaN
200.232644
NaN
NaN
NaN
NaN
NaN
NaN
NaN
NaN
NaN
458.654605
445.316528
950.518200
NaN
1241.226514
NaN
NaN
NaN
565.887608
NaN
1275.543480
13198.213428
695.413051
1035.427789
NaN
NaN
NaN
802.560506
NaN
NaN
NaN
NaN
NaN
NaN
NaN
NaN
NaN
294.167404
NaN
NaN
NaN
406.232354
526.431918
562.431358
NaN
NaN
NaN
NaN
NaN
3297.425702
2435.797471
NaN
3455.543507
NaN
NaN
317.007290
NaN
NaN
NaN
NaN
NaN
NaN
24.285678
539.502552
86.343265
288.902683
176.190887
3.048200
4.041231
2.057390
1.364899
NaN
NaN
NaN
NaN
2.494617
0.760671
1.149104
3.014314
0.453998
1.187343
0.609556
0.737706
0.695035
0.598269
1.266135
0.654658
0.648570
0.574578
0.622870
1.018590
0.503834
1780.508572
576.740182
191.194146
108.726513
2693.117699
571.029194
186.598443
458.169282
525.074816
286.166721
NaN
80.747984
628.484917
926.049859
NaN
NaN
188.055525
606.120512
527.128493
6.198062
2.909451
NaN
NaN
1586.381325
690.919525
1.203276
615.025743
593.807497
499.419091
641.421322
294.827391
NaN
NaN
NaN
NaN
Inf
NaN
NaN
1203.014874
NaN
NaN
60.418843
2161.719469
868.418109
81.103841
NaN
155.138321
272.726049
840.066774
6194.603327
104.998107
304.029600
NaN
NaN
NaN
NaN
NaN
NaN
NaN
1150.667262
NaN
305.696971
NaN
NaN
NaN
NaN
345.137403
NaN
NaN
NaN
NaN
58.400786
NaN
1.140942
NaN
9728.714664
7.161345
NaN
566.282660
NaN
NaN
615.481575
NaN
