97.620500
NaN
NaN
NaN
NaN
NaN
NaN
NaN
NaN
NaN
NaN
NaN
NaN
NaN
NaN
1199.383812
NaN
NaN
333.667965
171.788633
NaN
NaN
NaN
NaN
NaN
NaN
305.459612
NaN
437.427397
NaN
589.969211
NaN
NaN
NaN
111.783857
NaN
NaN
NaN
NaN
NaN
NaN
NaN
NaN
NaN
NaN
NaN
NaN
NaN
NaN
NaN
NaN
NaN
NaN
NaN
NaN
NaN
NaN
NaN
383.423222
NaN
NaN
33.533840
NaN
NaN
249.509671
169.659688
NaN
NaN
NaN
953.594230
NaN
NaN
NaN
NaN
NaN
NaN
NaN
NaN
NaN
NaN
NaN
NaN
NaN
NaN
NaN
NaN
NaN
169.921108
NaN
NaN
NaN
NaN
NaN
350.714865
NaN
269.395752
NaN
111.018175
NaN
NaN
NaN
NaN
NaN
856.076284
NaN
NaN
NaN
225.821930
NaN
NaN
NaN
NaN
NaN
NaN
NaN
452.521222
NaN
632.813425
NaN
2209.416189
NaN
432.537768
145.993318
NaN
227.298861
4578.453160
823.911686
NaN
25523.708442
NaN
79.734844
NaN
NaN
667.649917
NaN
NaN
NaN
NaN
95.017051
NaN
NaN
NaN
NaN
NaN
NaN
258.644145
NaN
310.198218
740.593576
NaN
NaN
1191.655364
NaN
NaN
NaN
NaN
NaN
NaN
NaN
NaN
187.696677
533.643226
373.581841
NaN
NaN
499.460663
NaN
NaN
NaN
NaN
614.919804
NaN
385.476624
84.298147
NaN
NaN
NaN
NaN
176.040556
NaN
NaN
NaN
135.243296
NaN
NaN
NaN
241.358495
NaN
NaN
NaN
NaN
NaN
551.961966
128.479207
6639.103197
397.272861
82.512924
0.372765
NaN
1323.737646
21.292091
7.441704
1.364349
0.705653
0.622032
0.513307
0.473901
0.610893
0.630066
0.396066
0.931892
0.715300
0.510076
0.690388
0.720685
0.704924
NaN
NaN
0.668621
0.546112
0.821886
17.576973
4.358151
NaN
NaN
0.467058
0.675308
374.870806
NaN
253.683889
325.328494
NaN
0.835486
4.292824
10.931865
1.422859
265.294633
27.901571
33.440659
NaN
14.101677
NaN
NaN
0.867043
3.669215
1.718682
14.924986
70.710545
1332.942582
27.159122
354.202078
1072.790073
0.998279
233.033880
NaN
166.504418
NaN
NaN
NaN
NaN
NaN
NaN
1.517695
1.230643
595.955509
NaN
224.730656
455.914862
NaN
NaN
NaN
NaN
NaN
599.931020
NaN
231.948100
NaN
NaN
NaN
NaN
NaN
NaN
NaN
NaN
1341.775922
