0.541204
6.068582
0.702808
0.781595
0.551905
0.627585
0.785002
0.594960
1.017742
0.671727
0.671701
0.448434
1.192450
0.577292
485.258441
0.734640
1.877802
1.382413
264.935509
0.798786
0.849945
0.479474
0.616386
2.350774
134.179597
NaN
0.523366
0.490863
1.863987
403.835137
129.230723
0.645952
243.884223
100.977673
51.200204
499.521783
45.723770
164.831094
NaN
230.442494
370.039382
NaN
NaN
3076.269869
1.612302
4699.792620
NaN
NaN
149.942488
3348.009122
114.172931
2045.828419
NaN
NaN
NaN
NaN
378.981375
267.705025
77.588874
NaN
NaN
318.955636
NaN
201.550727
196.755258
NaN
NaN
NaN
NaN
709.704796
NaN
NaN
NaN
425.833697
NaN
NaN
NaN
NaN
355.175331
NaN
552.960306
NaN
NaN
414.221745
NaN
NaN
NaN
1045.339992
NaN
NaN
NaN
NaN
224.429489
NaN
Inf
NaN
444.532502
NaN
NaN
NaN
NaN
NaN
NaN
NaN
NaN
NaN
NaN
447.240552
NaN
NaN
NaN
NaN
1452.429599
NaN
NaN
NaN
NaN
155.413432
336.341020
366.217859
NaN
NaN
1365.743333
962.612105
1636.581129
251.842576
4098.621598
NaN
376.002099
NaN
NaN
233.647077
385.185363
395.678078
NaN
NaN
NaN
436.926632
NaN
NaN
NaN
NaN
NaN
NaN
NaN
439.014910
2909.773775
369.072631
NaN
209.523070
246.839618
NaN
2203.042819
NaN
NaN
NaN
NaN
NaN
NaN
550.478351
69.110148
312.968914
786.747752
0.540555
1.026332
1.759699
0.559253
321.927269
296.115581
NaN
2377.725897
1215.114462
0.760255
21.238358
511.606756
116.797821
1.715203
290.583512
811.229719
73.981898
NaN
NaN
NaN
NaN
NaN
NaN
336.525041
335.885862
78.763534
NaN
NaN
NaN
356.326051
401.854558
NaN
NaN
NaN
NaN
NaN
5983.217030
NaN
NaN
1016.242981
129.984011
NaN
288.488947
251.334421
3894.383756
NaN
186.022780
NaN
NaN
NaN
NaN
NaN
177.628506
NaN
NaN
NaN
NaN
NaN
NaN
NaN
NaN
NaN
34438.675629
NaN
NaN
NaN
NaN
NaN
NaN
NaN
NaN
356.019022
334.812307
18.535268
347.839248
NaN
227.492793
NaN
NaN
NaN
10751.607815
290.555311
NaN
NaN
NaN
1016.489350
470.600111
890.217985
NaN
680.504416
401.192263
NaN
2107.158656
NaN
NaN
NaN
NaN
NaN
5557.347137
264.126284
NaN
NaN
251.199234
NaN
NaN
2605.411044
NaN
0.464746
NaN
NaN
NaN
4750.176499
NaN
240.279878
NaN
NaN
NaN
NaN
NaN
NaN
1380.567062
NaN
