NaN
NaN
NaN
NaN
NaN
NaN
NaN
NaN
NaN
NaN
NaN
NaN
NaN
NaN
NaN
NaN
NaN
NaN
NaN
NaN
209.010944
NaN
NaN
NaN
NaN
NaN
NaN
NaN
650.258015
NaN
NaN
732.606315
NaN
NaN
NaN
NaN
NaN
NaN
910.348633
NaN
NaN
NaN
NaN
NaN
NaN
NaN
NaN
NaN
NaN
241.840637
NaN
2536.482651
122.061752
NaN
NaN
NaN
NaN
205.661473
NaN
NaN
611.228105
252.306388
NaN
6069.261741
311.475963
1131.158567
NaN
NaN
458.484918
NaN
718085.407246
NaN
1685.321708
NaN
842.487395
NaN
390.592699
1026.262657
88.956020
129.773176
NaN
NaN
NaN
NaN
NaN
NaN
163.538977
NaN
3996.097142
NaN
NaN
NaN
NaN
105.455550
354.935658
NaN
NaN
NaN
181.433936
NaN
NaN
NaN
701.723523
NaN
NaN
NaN
NaN
1575.795496
NaN
NaN
NaN
NaN
NaN
NaN
18181.075331
NaN
NaN
268.094904
155.892216
NaN
608.002189
285.103053
NaN
NaN
323.628617
603.866265
NaN
NaN
450.457665
NaN
163.781679
182.932507
175.699454
547.655097
NaN
NaN
NaN
NaN
NaN
NaN
NaN
NaN
NaN
NaN
NaN
NaN
NaN
NaN
NaN
NaN
NaN
NaN
610.899438
NaN
NaN
NaN
NaN
NaN
NaN
NaN
NaN
NaN
447.697130
1536.248266
NaN
421.056139
NaN
NaN
NaN
321.736898
NaN
NaN
558.655355
757.499472
NaN
NaN
370.551064
NaN
1938.762370
17.091398
NaN
NaN
NaN
122.686035
NaN
357.571602
491.978471
802.216317
NaN
NaN
90.417113
139.959381
713.475164
304.214019
3105.860717
239.881987
202.177539
0.706661
466.263356
108.788970
84.034677
1.127087
6.231278
0.721058
2.263069
0.519156
0.444762
0.748547
1.451977
1.735458
3.471577
0.610628
0.545040
0.404263
155.053428
1.046616
NaN
NaN
0.557726
0.565590
0.668196
0.460718
225.718803
NaN
NaN
3.292972
0.433444
3375.439566
NaN
224.634586
NaN
178.432960
0.839037
1.296328
60.237189
2.932713
248.379358
513.908973
5.983907
NaN
5.510373
NaN
NaN
1.185900
1013.221782
267.062399
4.828462
2.030426
350.640075
50.654256
257.460378
NaN
1.921260
2161.778855
NaN
NaN
NaN
NaN
NaN
NaN
NaN
484.782584
1.031346
2.379363
NaN
NaN
NaN
NaN
