NaN
NaN
NaN
NaN
NaN
NaN
NaN
NaN
NaN
NaN
NaN
NaN
NaN
NaN
97.825471
NaN
NaN
NaN
NaN
NaN
NaN
NaN
NaN
NaN
NaN
NaN
NaN
NaN
NaN
NaN
NaN
NaN
NaN
NaN
NaN
NaN
NaN
NaN
NaN
NaN
NaN
NaN
NaN
NaN
NaN
NaN
3279.284819
NaN
NaN
667.257766
154.123648
670.939532
709.263475
514.228979
88.876176
NaN
299.063040
158.174176
5746.397030
706.700395
1.469300
80.471998
0.721497
133.136610
23.417782
0.505697
53.930669
0.907263
1.217675
0.597187
0.495961
0.693024
16.890303
NaN
NaN
412.668308
2.395519
0.396443
0.635284
0.672151
0.488961
0.676956
0.490453
0.516264
1.467037
4.395521
0.591184
1.209195
1.770826
0.570872
0.738332
7.499480
0.664259
157.971117
151.253749
0.965112
374.412244
0.389766
37.550646
0.620460
0.462745
0.620785
4.164878
0.638840
0.538959
NaN
NaN
0.651084
0.584052
1.337207
0.530122
0.441896
1.036424
68.669422
24.583190
1.739336
1837.822640
220.716527
426.398036
26.991092
390.260752
187.340185
1382.428758
NaN
304.298238
NaN
105.748217
101.217876
NaN
NaN
1255.149028
NaN
42.808080
45.221391
279.345261
59.141021
262.284802
748.259870
NaN
NaN
NaN
NaN
NaN
NaN
NaN
NaN
NaN
NaN
NaN
NaN
NaN
NaN
NaN
NaN
NaN
NaN
NaN
NaN
NaN
NaN
184.178778
42.058429
0.644336
NaN
563.697774
NaN
NaN
1715.383276
0.515086
0.668482
154.372468
NaN
NaN
NaN
NaN
NaN
NaN
NaN
NaN
NaN
NaN
NaN
1.838570
310.945929
1.217445
NaN
185.854500
NaN
NaN
NaN
NaN
NaN
NaN
NaN
286.155671
NaN
NaN
NaN
NaN
785.844719
NaN
NaN
NaN
NaN
NaN
NaN
NaN
NaN
NaN
NaN
648.498860
NaN
NaN
NaN
NaN
NaN
NaN
NaN
NaN
NaN
NaN
NaN
NaN
NaN
NaN
NaN
NaN
NaN
NaN
NaN
NaN
NaN
NaN
NaN
NaN
NaN
NaN
NaN
NaN
NaN
NaN
NaN
NaN
NaN
NaN
116.716316
NaN
NaN
NaN
NaN
338.320975
NaN
NaN
NaN
NaN
NaN
NaN
NaN
NaN
NaN
NaN
NaN
NaN
NaN
NaN
NaN
NaN
NaN
118.052505
NaN
NaN
0.697168
111.290328
NaN
NaN
NaN
NaN
NaN
NaN
NaN
NaN
NaN
NaN
NaN
NaN
