0.711916
3.019597
1.034703
789.079264
51.925391
0.789171
2491.405463
224.691203
0.486749
1.453811
106.486936
153.287738
32.191457
0.588815
0.536832
825.276852
16.329845
362.970025
1.133420
69.865347
232.551197
NaN
232.321330
338.550792
0.806932
0.792698
571.495761
202.369956
NaN
0.687766
0.477216
0.557973
0.561307
0.510359
0.721335
1.233120
0.545203
0.770555
0.910165
0.556162
1.565762
0.771129
1.004561
1.499134
1.218531
422.169914
912.483643
712.143693
218.204591
737.635637
834.682705
142.585260
184.358900
98.902041
38.314470
NaN
231.616306
NaN
516.695561
147.418658
NaN
NaN
NaN
NaN
211.701856
NaN
NaN
NaN
NaN
309.213167
NaN
NaN
NaN
0.386074
NaN
453.898437
NaN
262.775603
404.180662
235.516443
NaN
NaN
501.723101
NaN
NaN
NaN
NaN
NaN
NaN
NaN
113.273650
NaN
NaN
NaN
487.889736
311.461575
NaN
NaN
119.188047
NaN
NaN
270.446703
337.981007
NaN
NaN
0.743554
0.743933
NaN
1540.728090
NaN
NaN
NaN
NaN
354.419610
NaN
NaN
NaN
220.954436
NaN
592.623934
NaN
617.652955
431.285219
NaN
325.052886
NaN
NaN
NaN
534.125621
NaN
243.639767
210.518363
NaN
189.829156
NaN
241.752632
NaN
318.515794
NaN
NaN
NaN
NaN
NaN
NaN
NaN
417.402542
381.377641
10.771841
NaN
21.618196
393.275164
348.729529
NaN
344.472767
NaN
NaN
NaN
NaN
NaN
NaN
NaN
NaN
NaN
248.053226
136.197534
NaN
NaN
294.726478
NaN
NaN
1113.768354
560.366194
NaN
229.777961
NaN
NaN
NaN
NaN
271.981762
NaN
NaN
NaN
NaN
NaN
NaN
463.839925
85.994485
352.782829
NaN
NaN
NaN
NaN
NaN
NaN
NaN
162.679526
NaN
NaN
1469.475487
NaN
NaN
NaN
886.285275
NaN
NaN
148.456576
379.555873
NaN
NaN
NaN
NaN
NaN
NaN
NaN
154.114626
NaN
NaN
NaN
NaN
NaN
NaN
NaN
NaN
NaN
NaN
NaN
NaN
NaN
NaN
NaN
NaN
NaN
NaN
NaN
535.756437
NaN
NaN
NaN
NaN
NaN
NaN
NaN
NaN
1160.538822
365.347310
NaN
NaN
NaN
NaN
221.923907
NaN
NaN
542.778549
NaN
NaN
NaN
NaN
NaN
NaN
NaN
NaN
2632.784370
NaN
340.058838
145.227447
NaN
NaN
NaN
NaN
NaN
NaN
NaN
NaN
NaN
1.521842
NaN
0.943533
NaN
NaN
0.917125
1.337271
14.112702
NaN
NaN
NaN
