NaN
NaN
NaN
57.085674
NaN
NaN
NaN
NaN
486.726324
NaN
NaN
NaN
NaN
NaN
NaN
NaN
NaN
NaN
NaN
NaN
NaN
867.604269
NaN
535.733485
NaN
NaN
NaN
NaN
NaN
NaN
531.264705
NaN
NaN
NaN
NaN
NaN
NaN
NaN
NaN
NaN
NaN
NaN
NaN
NaN
NaN
NaN
NaN
NaN
226.159336
162.663552
932.051983
NaN
774.626734
NaN
NaN
NaN
NaN
NaN
NaN
208.940849
491.528444
NaN
NaN
NaN
1265.631171
NaN
Inf
NaN
NaN
NaN
NaN
NaN
NaN
NaN
198.078220
NaN
NaN
NaN
317.792668
NaN
1838.811356
NaN
NaN
NaN
NaN
NaN
305.395516
NaN
NaN
NaN
NaN
NaN
NaN
NaN
NaN
615.427457
NaN
NaN
NaN
NaN
NaN
NaN
NaN
NaN
NaN
NaN
NaN
372.836507
79.616467
NaN
227.961001
NaN
NaN
233.936775
1028.093190
NaN
NaN
NaN
NaN
NaN
43.077539
904.205541
NaN
NaN
NaN
322.911153
270.647519
377.258886
120.062034
NaN
316.603163
NaN
NaN
NaN
NaN
NaN
NaN
NaN
444.745550
NaN
NaN
NaN
NaN
NaN
NaN
NaN
NaN
NaN
NaN
262.015886
15.727446
NaN
82.506536
71.925847
202.534041
NaN
NaN
NaN
NaN
287.074360
72.135462
NaN
226.380197
291.204778
NaN
NaN
NaN
NaN
NaN
NaN
482.979468
1040.902022
NaN
372.988864
196.511404
NaN
NaN
560.681429
NaN
NaN
129.540047
NaN
NaN
NaN
NaN
141.483598
NaN
1154.941889
707.093427
NaN
NaN
242.363005
592.649205
NaN
150.115668
134.222072
333.395717
195.770228
127.963781
154.145977
NaN
NaN
NaN
270.311932
552.840736
NaN
NaN
NaN
NaN
NaN
NaN
NaN
NaN
NaN
NaN
NaN
NaN
NaN
NaN
NaN
NaN
NaN
NaN
NaN
NaN
0.777371
1.087121
NaN
NaN
357.295168
55.105164
NaN
NaN
12428.092147
1.016456
2.153163
0.860501
0.761919
4.315253
1.667866
141.870602
NaN
NaN
0.685274
357.193744
1.517673
1.129645
0.563478
1.043708
6.239421
0.661193
0.665849
13.430202
1.027339
0.687455
1.133474
0.892724
0.657830
NaN
NaN
NaN
657.909995
74.961902
NaN
1151.008416
416.087427
10.935380
124.246380
6.193886
222.194878
NaN
NaN
NaN
NaN
NaN
161.391404
NaN
1.861143
NaN
NaN
424.164160
NaN
0.872323
NaN
59.729765
