NaN
NaN
NaN
NaN
NaN
NaN
NaN
NaN
NaN
NaN
NaN
NaN
NaN
NaN
NaN
176.912650
NaN
NaN
NaN
99.362336
NaN
NaN
NaN
NaN
189.255395
138.793284
NaN
NaN
220.149789
NaN
NaN
NaN
NaN
272.014531
844.171312
NaN
NaN
NaN
NaN
NaN
NaN
NaN
392.748385
NaN
NaN
NaN
NaN
NaN
NaN
827.029426
NaN
NaN
329.132819
377.351282
325.986432
NaN
NaN
NaN
NaN
NaN
84.452393
NaN
NaN
572.701978
NaN
NaN
NaN
NaN
NaN
NaN
231.011913
NaN
NaN
NaN
NaN
NaN
NaN
NaN
442.409946
445.817098
184.301410
NaN
NaN
NaN
342.746765
230.383976
NaN
2337.376430
NaN
NaN
NaN
287.664565
NaN
265.742980
2591.957228
NaN
NaN
NaN
96.218171
NaN
NaN
NaN
NaN
NaN
NaN
NaN
339.052551
NaN
328.956612
NaN
NaN
304.272624
NaN
NaN
NaN
NaN
577.516692
NaN
NaN
NaN
351.248515
184.518019
NaN
NaN
471.646273
NaN
210.866516
NaN
225.059817
NaN
235.014175
NaN
165.090040
512.325381
NaN
NaN
NaN
332.514492
NaN
NaN
NaN
NaN
NaN
NaN
NaN
217.976597
121.077624
396.091033
NaN
NaN
NaN
985.649925
487.609138
268.117885
NaN
NaN
NaN
NaN
NaN
1299.462798
NaN
1741.638227
NaN
2494.942446
NaN
NaN
NaN
NaN
NaN
NaN
NaN
NaN
NaN
NaN
NaN
NaN
NaN
NaN
NaN
NaN
NaN
NaN
NaN
NaN
NaN
396.713563
219.908356
NaN
139.037098
NaN
794.529646
0.582232
0.608203
0.635974
0.876106
0.762249
0.451186
0.720262
4.516695
1.691608
0.672111
0.574628
0.679389
0.549997
0.745279
0.545699
0.709748
409.350686
21.926458
72.849691
1.385546
603.882357
79.563722
NaN
540.037254
848.226386
NaN
NaN
217.696213
163.130657
31.618307
3.008126
1.219803
NaN
NaN
NaN
117.259248
1.032476
8.219907
282.220135
1.080371
1.680697
599.423877
1222.844733
NaN
291.294208
2641.799533
NaN
NaN
546.792146
505.822358
NaN
NaN
NaN
2264.597258
NaN
NaN
NaN
NaN
NaN
NaN
520.030565
NaN
NaN
NaN
322.545905
NaN
NaN
NaN
NaN
NaN
NaN
249.967114
460.076366
NaN
NaN
NaN
NaN
NaN
NaN
NaN
NaN
NaN
174.093448
NaN
447.975981
NaN
1.228111
NaN
NaN
NaN
NaN
NaN
NaN
1.792544
