0.562958
0.777229
0.748646
350.028162
0.690638
0.551299
0.934552
0.594138
0.663826
0.610022
0.510507
1.028020
0.552858
0.495641
0.517281
0.970455
0.678757
1.033005
1.048092
247.767234
316.018396
12.199065
853.781546
0.812416
1.542276
0.825194
228.010883
66.561804
NaN
0.840149
0.498271
0.989843
0.477333
0.700524
0.554840
0.464194
521.913192
0.517085
14151.819830
66.396029
17.372060
3.197427
26.322798
207.714482
1.233365
90.630400
331.359466
16.019143
712.371876
286.218037
391.653180
1742.973539
327.827245
NaN
1942.332454
NaN
4794.941385
NaN
339.167771
233.623671
684.939573
628.503807
913.393661
270.225635
263.312252
344.238470
NaN
151.107192
NaN
NaN
973.632999
NaN
NaN
2.049839
270.349321
2442.742380
NaN
56.901201
547.128460
1230.991214
325.108566
279.697311
994.954008
228.786927
348.090457
392.247007
163.512993
655.017232
NaN
392.439368
NaN
NaN
NaN
525.046588
NaN
351.322038
NaN
NaN
679.134585
NaN
NaN
NaN
NaN
NaN
NaN
0.811774
1.770716
NaN
432.887748
NaN
NaN
573.286223
NaN
NaN
NaN
158.436716
74.057793
2832.566390
549.155160
150.808881
258.304196
432.869402
NaN
NaN
981.197846
382.605872
457.942940
216.400664
496.319546
NaN
194.068014
394.307016
241.058296
NaN
NaN
926.401053
NaN
NaN
NaN
NaN
NaN
NaN
NaN
NaN
NaN
1148.520909
NaN
NaN
NaN
237.810248
NaN
NaN
782.350563
74.900626
142.570425
NaN
NaN
NaN
NaN
5780.687969
255.621877
189.430674
