NaN
NaN
NaN
NaN
NaN
NaN
NaN
NaN
NaN
225.758906
NaN
NaN
641.472124
NaN
NaN
439.978914
NaN
NaN
NaN
NaN
NaN
NaN
NaN
NaN
NaN
NaN
NaN
NaN
NaN
NaN
NaN
NaN
NaN
277.663302
985.730171
94.390041
NaN
NaN
NaN
207.668961
NaN
352.629414
NaN
NaN
161.459659
NaN
NaN
NaN
93.500134
182.996481
1781.662950
140.723762
501.379095
233.626368
182.649845
145.720694
NaN
NaN
223.782024
30.630603
121.330188
37.287981
82.498639
360.231822
146.115199
249.944798
334.622479
5054.165246
1.359607
40.047110
0.901324
104.005836
80.265726
NaN
NaN
526.120593
6.659043
0.949263
0.714878
1.188739
1.258650
0.638077
328.463671
0.727008
1.229083
0.589681
0.743074
0.619978
0.759045
0.677552
0.810993
0.848091
0.612558
0.821073
4.108249
0.676708
149.807381
1.209134
0.842734
0.759455
0.699981
245.848263
399.558553
23.402329
0.817309
NaN
1826.395054
1.640284
0.616175
0.644166
0.765170
0.735414
0.710450
NaN
259.662319
0.908708
0.693094
1.385769
179.675204
280.049086
NaN
267.920931
963.794262
211.396047
NaN
300.893914
319.974932
98.353270
302.707555
331.666722
693.052952
NaN
706.628356
NaN
18.686398
2.903592
1.432297
0.757335
NaN
NaN
NaN
NaN
NaN
NaN
NaN
NaN
NaN
NaN
NaN
161.586129
NaN
NaN
4100.905252
875.489349
NaN
NaN
NaN
NaN
NaN
227.804630
NaN
258.689385
0.726964
406.011647
NaN
NaN
NaN
NaN
285.537934
105.825826
190.220548
NaN
NaN
NaN
NaN
105.882232
NaN
NaN
NaN
NaN
NaN
NaN
374.335224
118.373887
0.713831
NaN
NaN
NaN
NaN
NaN
NaN
NaN
NaN
NaN
195.559241
NaN
316.989191
NaN
137.973383
NaN
NaN
NaN
NaN
NaN
NaN
NaN
186.577647
NaN
NaN
NaN
2237.734070
NaN
NaN
NaN
NaN
NaN
NaN
NaN
NaN
NaN
101.869619
198.209665
NaN
NaN
NaN
NaN
NaN
NaN
NaN
8.541755
347.655407
NaN
NaN
NaN
NaN
NaN
NaN
NaN
NaN
NaN
NaN
NaN
NaN
NaN
NaN
NaN
NaN
192.717936
NaN
NaN
NaN
NaN
131.177767
NaN
NaN
NaN
NaN
NaN
NaN
NaN
NaN
NaN
NaN
NaN
NaN
NaN
NaN
NaN
NaN
NaN
NaN
1.267879
0.906830
NaN
NaN
133.401684
NaN
NaN
NaN
NaN
NaN
NaN
NaN
NaN
NaN
