549.309283
NaN
NaN
1638.045251
NaN
NaN
NaN
NaN
124.807702
NaN
NaN
NaN
NaN
1184.138603
57.154607
NaN
NaN
NaN
NaN
411.084135
NaN
63024.268130
NaN
192.962183
NaN
NaN
NaN
NaN
NaN
NaN
1318.522601
NaN
NaN
676.388971
NaN
NaN
NaN
NaN
236.704861
NaN
NaN
NaN
64.608059
NaN
NaN
NaN
NaN
544.464315
635.696380
386.852520
NaN
3495.257721
659.867174
NaN
133.077703
NaN
NaN
67.687097
NaN
294.086898
NaN
NaN
NaN
96.232140
NaN
NaN
578.605585
NaN
NaN
NaN
185.408250
NaN
NaN
NaN
589.715351
NaN
NaN
1070.351095
NaN
NaN
1375.110009
223.745229
NaN
387.005201
NaN
579.779970
275.288587
591.024335
NaN
NaN
NaN
621.185435
366.499032
NaN
NaN
836.570888
NaN
635.452620
NaN
NaN
NaN
NaN
NaN
524.507441
NaN
NaN
266.262516
NaN
22772.117430
NaN
NaN
NaN
852.972915
NaN
NaN
NaN
NaN
NaN
159.795835
NaN
784.297178
508.303407
798.224256
259.105944
390.998701
NaN
594.318426
NaN
5034.552793
321.703761
158.471546
183.409879
NaN
NaN
162.939699
405.504014
NaN
NaN
4863.814333
NaN
NaN
NaN
NaN
NaN
NaN
118.105077
NaN
171.833790
NaN
229.018057
NaN
124.680060
217.470413
128.514679
240.390503
NaN
NaN
NaN
NaN
158.355352
418.174874
NaN
209.639847
301.136222
NaN
NaN
NaN
120.174139
NaN
NaN
NaN
88.371132
NaN
538.925997
NaN
NaN
NaN
NaN
437.025181
NaN
NaN
NaN
NaN
1055.114004
NaN
NaN
NaN
NaN
NaN
NaN
NaN
516.483593
241.876159
NaN
671.815734
19.946150
580.523677
NaN
NaN
2176.582343
NaN
NaN
569.350405
164.936836
NaN
NaN
NaN
NaN
322.831504
NaN
NaN
NaN
NaN
NaN
209.380302
NaN
NaN
NaN
NaN
NaN
513.830956
57.230045
NaN
NaN
NaN
581.642495
1.197398
NaN
NaN
39.950401
97.183048
57.321364
433.551860
NaN
1.041831
36.538828
0.557219
0.514219
168.958597
1.121834
110.447741
NaN
NaN
141.556198
1035.524000
1.254602
1.089754
0.627053
0.661750
0.746687
0.577274
0.504764
0.770617
0.593477
0.564173
0.804449
0.961301
2.023241
NaN
NaN
NaN
634.944382
198.865577
NaN
81.833382
223.919112
727.759649
140.804078
233.035461
NaN
NaN
NaN
NaN
NaN
NaN
360.891851
NaN
64.515545
NaN
NaN
NaN
NaN
1.362490
NaN
94.935994
