NaN
NaN
NaN
NaN
NaN
NaN
NaN
NaN
260.488977
NaN
NaN
NaN
NaN
NaN
NaN
694.678789
840.172258
NaN
NaN
163.182292
NaN
NaN
NaN
NaN
NaN
NaN
NaN
NaN
NaN
NaN
81.870682
NaN
NaN
2619.561812
NaN
NaN
NaN
NaN
NaN
NaN
NaN
128.642041
NaN
NaN
NaN
182.455278
186.561793
NaN
116.954202
130.888900
10044.979940
3.620089
146.337515
74.962977
70.200179
45.969946
NaN
668.916622
61.159338
253.082113
151.141754
105.061793
2.428690
73.491536
NaN
161.880307
NaN
0.937864
198.201382
0.704043
1.246234
1.824473
NaN
NaN
NaN
186.010514
67.802176
0.756729
0.652479
0.621951
0.833094
0.680820
0.696441
0.508510
1.260120
44.263867
0.740194
0.732851
0.729821
0.886048
0.513288
0.662116
1.023604
393.934997
271.168845
0.831081
38.785668
282.959440
743.304668
0.976901
0.678531
0.607134
0.830456
0.472723
0.653112
150.092535
NaN
0.724048
0.561485
0.475489
0.850085
0.534181
0.542353
NaN
NaN
336.177796
11.933201
320.147462
367.779726
459.114386
157.687544
180.985183
107.003979
NaN
386.395601
143.638021
1021.270844
241.323343
276.629587
NaN
NaN
NaN
NaN
NaN
563.639612
2.393877
0.364762
23.881013
NaN
NaN
NaN
NaN
NaN
NaN
NaN
NaN
NaN
NaN
NaN
NaN
NaN
NaN
NaN
NaN
NaN
NaN
NaN
NaN
NaN
NaN
NaN
26.284627
0.707665
NaN
NaN
NaN
NaN
NaN
8.532279
107.099996
564.177160
NaN
NaN
NaN
NaN
NaN
NaN
NaN
NaN
NaN
NaN
NaN
1.090369
113.779740
0.707601
NaN
NaN
NaN
385.168107
NaN
NaN
NaN
NaN
NaN
NaN
NaN
NaN
NaN
NaN
135.302495
NaN
NaN
NaN
NaN
NaN
NaN
405.680902
NaN
NaN
NaN
297.832691
NaN
NaN
NaN
NaN
NaN
NaN
NaN
NaN
NaN
177.973095
NaN
NaN
NaN
NaN
NaN
NaN
NaN
NaN
NaN
NaN
NaN
NaN
NaN
2065.744838
NaN
NaN
NaN
NaN
NaN
NaN
NaN
NaN
NaN
NaN
NaN
NaN
NaN
NaN
NaN
NaN
NaN
NaN
NaN
NaN
NaN
NaN
NaN
NaN
NaN
NaN
NaN
NaN
NaN
2125.257401
NaN
NaN
NaN
1280.785596
NaN
NaN
0.966150
70.666201
NaN
NaN
NaN
NaN
NaN
NaN
NaN
NaN
NaN
NaN
NaN
NaN
