121.700864
2.311150
98.536367
614.305017
265.120639
64.527491
138.084095
64.759641
0.697446
0.506705
379.347724
105.584719
0.463047
0.515451
0.477361
276.313353
1580.932115
0.777543
0.834369
484.121609
188.982986
255.383318
NaN
76.535948
0.860560
0.686215
142.956841
112.885490
NaN
0.635149
0.528816
0.455940
0.573869
1.175525
0.626967
0.572958
1.125711
0.604717
18.202770
0.801759
1.249444
32.774165
0.765053
1.084895
0.978892
277.400166
295.760949
97.680670
43.892113
NaN
382.848168
309.077684
146.708864
203.862688
264.264218
NaN
NaN
NaN
614.187972
4627.334089
96.820626
NaN
212.163468
NaN
305.723679
18801.463481
NaN
NaN
NaN
41.415824
NaN
NaN
NaN
0.616450
452.691160
1442.740223
NaN
NaN
427.136698
2098.010956
784.590562
519.419533
463.853920
NaN
NaN
192.225002
2735.240922
273.028642
NaN
NaN
NaN
NaN
84.280778
NaN
1415.488175
NaN
NaN
NaN
286.421012
NaN
NaN
NaN
NaN
NaN
NaN
0.834013
3.482890
NaN
NaN
NaN
NaN
167.539319
NaN
242.745258
NaN
582.596444
NaN
660.125989
38.225015
1069.648205
84.734485
785.015445
NaN
175.865976
2213.394524
753.667098
80.269206
NaN
6740.441257
NaN
368.805372
154.342340
274.892371
NaN
NaN
NaN
NaN
414.087746
NaN
NaN
NaN
NaN
NaN
NaN
NaN
250.436362
NaN
770.864808
192.699234
576.661811
NaN
733.861211
201.477729
NaN
305.260150
NaN
NaN
NaN
NaN
284.595344
320.042439
629.199341
NaN
481.034574
NaN
NaN
NaN
356.781883
394.879901
NaN
101.687248
NaN
NaN
561.567233
NaN
NaN
234.368735
NaN
NaN
NaN
NaN
NaN
368.749371
286.975863
NaN
NaN
2239.294233
NaN
NaN
NaN
42.531179
283.324698
183.649580
NaN
465.579179
354.323620
941.462624
NaN
NaN
959.520930
NaN
NaN
219.334890
NaN
244.696327
431.401909
1776.565497
454.511879
1070.102038
NaN
NaN
NaN
NaN
NaN
NaN
NaN
NaN
NaN
NaN
NaN
NaN
NaN
NaN
NaN
NaN
NaN
955.542377
302.434656
NaN
NaN
NaN
NaN
NaN
NaN
645.777630
NaN
NaN
950.387891
NaN
350.396838
NaN
NaN
NaN
345.982222
229.292270
NaN
NaN
NaN
NaN
9213.967146
NaN
NaN
365.609496
470.115195
756.472153
208.011667
NaN
57.611552
NaN
NaN
NaN
336.724211
NaN
NaN
NaN
NaN
NaN
NaN
NaN
NaN
NaN
NaN
NaN
NaN
252.417562
1505.059881
2.341026
NaN
NaN
7.263043
2.419081
3.538865
NaN
NaN
NaN
