NaN
266.401610
NaN
368.382850
258.350429
412.275866
308.798732
NaN
331.915111
NaN
NaN
NaN
NaN
3474.132035
NaN
772.225003
96.423070
NaN
576.067904
94.622380
43.367097
NaN
270.179532
1825.170294
NaN
NaN
NaN
NaN
NaN
NaN
1218.286615
NaN
NaN
NaN
491.490194
NaN
1092.637226
303.051232
NaN
NaN
206.985709
NaN
NaN
174.473815
NaN
NaN
259.188904
NaN
NaN
112.250566
203.407064
NaN
550.154990
NaN
541.066889
NaN
NaN
50.101938
217.974086
NaN
493.386754
227.793168
NaN
NaN
281.309175
690.835446
270.812303
NaN
NaN
318.778479
NaN
NaN
NaN
NaN
393.804124
NaN
740.928753
302.342931
546.797558
NaN
NaN
NaN
NaN
NaN
858.785487
NaN
101.095382
198.239211
234.881361
NaN
NaN
336.259931
501.985432
1617.939197
508.708220
758.386437
NaN
140.238821
283.695730
NaN
166.932162
NaN
546.306154
229.517139
NaN
NaN
92.542148
358.703115
10398.935502
269.728191
NaN
105.708627
216.809640
337.966000
NaN
168.646515
NaN
155.742502
718.016429
170.409276
2.638511
1.285220
634.765833
1.279744
9.133350
1.139835
45.154503
34.285151
1.239199
1.463829
0.597855
0.620510
0.781081
1.097780
499.854688
487.616188
NaN
1717.723555
15.464779
NaN
NaN
NaN
NaN
NaN
NaN
0.548711
49.956656
0.578829
0.603746
0.629848
1.037578
341.252687
0.724404
10.807275
67.744708
NaN
NaN
NaN
NaN
1.112943
49.722167
83.404063
297.006344
498.259766
NaN
220.430546
NaN
380.260756
470.666492
NaN
125.546628
21.717836
NaN
374.802395
452.671782
NaN
NaN
NaN
2463.070435
98.069050
NaN
NaN
NaN
12283.659542
NaN
244.029337
256.474307
113.358914
NaN
NaN
474.761039
527.332891
667.499235
334.735815
3602.924530
NaN
136.295566
NaN
NaN
NaN
NaN
NaN
154.888480
NaN
2507.421668
541.963193
NaN
NaN
533.301065
NaN
NaN
NaN
NaN
NaN
377.390941
NaN
NaN
NaN
NaN
NaN
NaN
1129.668742
NaN
NaN
NaN
1838.654049
NaN
125.982942
NaN
NaN
293.543227
NaN
211.734882
280.875840
1071.940635
239.976504
421.743581
320.562643
NaN
0.214951
NaN
NaN
NaN
1056.541887
539.711075
220.757664
461.099376
479.749923
NaN
266.086741
470.607571
457.840506
685.532725
276.806382
381.591081
NaN
139.234248
1774.573104
NaN
NaN
NaN
0.949286
300.925508
NaN
377.911147
329.746672
349.852870
242.003793
347.240174
1.904992
NaN
NaN
NaN
NaN
NaN
235.097547
1974.008902
NaN
316.154948
142.325824
359.834692
NaN
NaN
NaN
NaN
