0.540528
0.332388
NaN
NaN
NaN
132.062928
NaN
161.175283
60.362041
3.281846
NaN
57.267102
88.819617
44.090298
1.075779
182.215459
295.162034
224.201768
30.665524
126.024328
NaN
NaN
NaN
622.796369
538.490093
303.084415
2696.101772
106560.409168
396.882610
1.992673
0.645789
0.775781
0.364038
0.942388
0.730220
0.476972
0.453092
0.689529
0.474666
0.603179
0.598515
0.431311
0.531950
0.566991
0.591609
0.586099
0.831323
0.581781
0.965349
0.727839
0.744929
0.556997
1.341052
1.282309
925.681356
91.942616
180.535222
1.605224
41.085963
119.116321
291.117237
NaN
NaN
499.246819
244.761481
282.377594
NaN
NaN
193.019762
NaN
NaN
NaN
NaN
0.950934
1.227459
0.772298
NaN
366.581485
403.700084
142.441535
127.490000
210.784848
1307.783492
218.705460
1898.445047
126.181441
373.069825
177.479093
NaN
275.743045
304.744331
NaN
NaN
354.915700
NaN
406.906192
NaN
NaN
505.526488
NaN
NaN
NaN
NaN
NaN
NaN
0.800113
1.149121
329.197330
193.513936
130.204043
NaN
NaN
68.007413
269.781677
NaN
NaN
330.621863
2717.165251
NaN
NaN
307.399691
740.254236
1925.335305
63.057558
226.619230
NaN
NaN
NaN
210.864451
NaN
475.193049
517.249024
424.420919
192.328885
NaN
93.126447
NaN
169.189827
1749.239506
NaN
NaN
NaN
NaN
NaN
NaN
129.858883
NaN
640.158229
NaN
NaN
260.628735
NaN
82.165306
NaN
NaN
NaN
NaN
NaN
NaN
NaN
247.355599
NaN
311.241143
NaN
NaN
NaN
NaN
NaN
NaN
NaN
NaN
NaN
NaN
110.015806
NaN
NaN
NaN
NaN
NaN
NaN
NaN
NaN
NaN
NaN
NaN
NaN
581.507657
201.688796
NaN
NaN
NaN
NaN
NaN
NaN
NaN
NaN
NaN
NaN
NaN
NaN
NaN
NaN
NaN
NaN
518.989502
146.409960
NaN
NaN
NaN
NaN
NaN
NaN
NaN
NaN
NaN
NaN
NaN
NaN
738.563406
NaN
264.173997
NaN
NaN
NaN
NaN
NaN
726.575894
NaN
NaN
NaN
NaN
NaN
NaN
NaN
NaN
NaN
NaN
NaN
NaN
NaN
415.054732
NaN
NaN
193.552006
NaN
NaN
NaN
NaN
NaN
NaN
NaN
NaN
NaN
NaN
NaN
1859.981094
NaN
NaN
NaN
NaN
NaN
30.480117
373.551013
415.965833
307.693578
208.064152
NaN
NaN
NaN
NaN
NaN
NaN
NaN
NaN
376.174275
NaN
NaN
NaN
NaN
75.176452
184.664587
0.850172
NaN
NaN
NaN
