NaN
NaN
NaN
NaN
NaN
NaN
325.955833
NaN
179.424476
NaN
NaN
NaN
455.580690
NaN
NaN
319.056876
188.981005
NaN
NaN
NaN
358.498364
NaN
NaN
NaN
NaN
539.367064
NaN
NaN
NaN
301.939113
276.876275
NaN
NaN
NaN
NaN
NaN
246.958696
579.505761
585.400870
NaN
NaN
NaN
NaN
NaN
NaN
109.132274
133.526218
NaN
NaN
NaN
90.297926
2491.446180
145.844806
5600.767129
798.427467
NaN
NaN
125.545619
165.641969
480.038802
NaN
18.543670
350.960593
1538.074708
NaN
656.068064
79.120713
1.019388
204.234084
0.624967
378.461600
852.714191
748.009401
NaN
304.090753
254.915049
0.380076
0.838519
0.563385
0.814980
0.880091
0.828388
0.882564
0.625044
0.549631
1.288790
0.802945
1.805622
0.783934
1.023598
0.800791
1.293518
1.282802
1.124162
0.699978
2.145015
0.710932
1.526351
3.974042
1.273625
1.297155
0.902957
174.823645
0.764648
1.421252
NaN
NaN
151.527562
2.106351
2.553050
0.724834
0.648076
16.429539
NaN
226.658179
25.031295
2.074691
664.384312
349.777762
641.095982
982.170986
746.616811
1548.680010
101.921921
935.325296
NaN
1145.508189
334.158824
330.841437
262.137334
246.394805
279.099078
265.461559
NaN
204.614626
50.157094
284.397374
1.805980
NaN
NaN
NaN
NaN
NaN
NaN
NaN
728.293568
NaN
NaN
285.867566
NaN
210.032342
405.407311
NaN
NaN
NaN
NaN
NaN
NaN
NaN
NaN
NaN
8.894117
1.551164
94.797000
NaN
804.973104
NaN
NaN
58.788683
2.911152
271.761914
NaN
NaN
837.096493
643.247217
NaN
NaN
NaN
NaN
NaN
NaN
NaN
101.757186
198.313246
1.847895
NaN
NaN
NaN
NaN
NaN
NaN
189.748132
NaN
669.191123
NaN
561.728821
NaN
NaN
NaN
2273.604856
NaN
NaN
NaN
731.934542
NaN
NaN
431.775361
NaN
NaN
NaN
NaN
NaN
NaN
NaN
NaN
NaN
NaN
NaN
495.126988
156.712324
323.356046
NaN
NaN
NaN
NaN
NaN
NaN
NaN
NaN
NaN
NaN
NaN
NaN
NaN
1831.917433
NaN
361.250826
NaN
NaN
NaN
NaN
NaN
NaN
NaN
NaN
NaN
NaN
NaN
NaN
513.330045
NaN
113.520094
170.839198
NaN
NaN
NaN
NaN
NaN
NaN
NaN
NaN
526.904185
NaN
NaN
342.460448
NaN
NaN
210.009219
275.804767
NaN
NaN
1.416811
5.003083
NaN
NaN
NaN
NaN
NaN
NaN
4699.309080
NaN
NaN
NaN
NaN
NaN
