NaN
NaN
NaN
631.667530
220.075887
NaN
NaN
1052.647212
NaN
NaN
NaN
NaN
NaN
NaN
NaN
NaN
NaN
NaN
220.980693
NaN
NaN
NaN
NaN
NaN
NaN
105.234241
NaN
NaN
NaN
131.418313
125.957502
402.131704
NaN
NaN
NaN
1034.486852
481.014001
286.507949
168.637721
301.657775
NaN
NaN
948.639124
NaN
NaN
NaN
NaN
7624.044903
410.783161
130.746846
756.571861
NaN
NaN
NaN
186.870230
197.004530
NaN
NaN
NaN
NaN
262.803334
NaN
5935.505510
NaN
239.526611
NaN
NaN
NaN
NaN
NaN
NaN
NaN
NaN
155.536941
101.796398
NaN
200.356904
351.959669
NaN
NaN
646.082121
NaN
NaN
480.726861
NaN
NaN
NaN
NaN
16718.577419
NaN
NaN
NaN
973.248125
535.773438
292.731747
349.072646
336.498730
585.131507
NaN
NaN
NaN
NaN
698.634208
NaN
NaN
NaN
625.905074
NaN
367.892407
NaN
NaN
174.532077
NaN
NaN
129.135109
NaN
1509.542898
367.102290
NaN
401.566600
225.407257
136.754891
NaN
1504.639841
380.865771
473.741408
1995.080486
597.932726
977.899360
NaN
85.965127
608.623690
47.178618
1129.457499
NaN
391.709169
NaN
191.870257
574.145514
NaN
NaN
NaN
NaN
NaN
NaN
1290.873785
5.118680
3.575951
0.844848
1.874960
1.377275
0.454527
0.570773
0.711105
0.497918
NaN
NaN
NaN
NaN
839.800715
479.247083
186.620878
243.341659
297.869400
NaN
180.478976
NaN
NaN
10523.790462
NaN
161.062700
1678.210362
NaN
286.618235
NaN
NaN
NaN
NaN
230.129012
NaN
NaN
NaN
NaN
NaN
NaN
NaN
NaN
510.134675
NaN
NaN
NaN
97.965400
416.437671
125.829067
NaN
165.484127
134.959912
NaN
2107.107802
192.175491
NaN
NaN
2142.012420
93.532005
1102.749911
NaN
325.702104
NaN
NaN
NaN
NaN
NaN
NaN
NaN
257.633259
NaN
NaN
NaN
NaN
573.133325
247.298489
NaN
NaN
NaN
NaN
198.819296
527.208490
NaN
NaN
405.895125
NaN
NaN
NaN
NaN
1148.689839
NaN
45567.002807
40.633778
653.799213
5.896868
95.709661
NaN
NaN
NaN
336.530805
9833.808038
222.175094
NaN
NaN
NaN
3598.356890
328.584143
3289.690155
279.299756
6.272169
770.262414
1.102574
1.463779
NaN
NaN
NaN
592.618597
NaN
NaN
52.655755
30074.412962
1.590437
1.049963
1.095816
773.561449
NaN
NaN
496.617024
438.167652
NaN
9.015024
225.263327
NaN
57.122934
345.541602
592.831593
NaN
NaN
NaN
NaN
