NaN
78.146742
NaN
337.243814
NaN
NaN
NaN
683.815125
NaN
NaN
NaN
NaN
NaN
339.199191
330.196928
293.645866
NaN
403.863538
NaN
NaN
NaN
NaN
NaN
NaN
NaN
262.258000
NaN
NaN
NaN
NaN
708.228279
2041.589936
NaN
247.734332
NaN
77.226079
115.229312
NaN
NaN
124.089784
229.021116
NaN
NaN
NaN
NaN
119.672871
233.977227
NaN
NaN
NaN
614.767425
NaN
610.536525
NaN
793.839256
NaN
224.567985
356.937555
276.611107
12788.995604
1179.457694
354.731610
NaN
178.340899
332.872220
1222.699929
310.525007
48.782065
149.110488
264.268500
NaN
NaN
449.485698
NaN
NaN
394.803718
NaN
NaN
NaN
53.915154
296.675598
416.507642
239.444406
807.404131
513.372347
NaN
86.228413
365.364638
263.895698
2989.073686
NaN
148.180060
217.945281
1116.503707
462.575557
37.038581
248.579042
39.001610
483.222339
NaN
NaN
NaN
76.291122
NaN
NaN
NaN
2915.442255
2747.917977
4436.831806
64.406202
NaN
449.398432
106.743413
NaN
NaN
96.332762
522.807094
2.308856
1.350135
1.186156
1.178587
0.625606
0.969109
0.744780
0.723527
0.660566
0.894671
0.859544
1.128232
1.091980
0.518574
0.626509
0.503280
0.681701
32.291214
325.655550
NaN
NaN
0.861667
NaN
NaN
NaN
NaN
NaN
NaN
1.078471
10.866175
74.157818
2.037931
171.644699
313.763908
NaN
60.134250
16.019126
228.255181
NaN
NaN
NaN
NaN
1.049689
15.815406
1.098109
NaN
NaN
NaN
194.954895
NaN
89.431633
2376.960240
322.554715
21310.423869
555.725119
NaN
483.390564
NaN
NaN
NaN
NaN
231.773936
NaN
361.085531
NaN
144.919969
9.100657
NaN
264.387542
NaN
NaN
NaN
NaN
827.656494
NaN
98.314476
635.004043
785.816830
NaN
NaN
NaN
NaN
660.153602
NaN
NaN
NaN
210.075895
NaN
NaN
551.391924
268.181303
NaN
NaN
306.211309
NaN
NaN
NaN
NaN
278.998358
NaN
NaN
NaN
133.360651
730.821388
NaN
NaN
NaN
NaN
NaN
156.505141
NaN
NaN
NaN
156.802910
NaN
NaN
250.810697
NaN
NaN
85.364762
NaN
NaN
NaN
NaN
NaN
NaN
13638.559074
351.580855
NaN
NaN
NaN
178.947178
19.906755
NaN
NaN
NaN
459.787928
256.760407
337.369739
1390.101693
22.159356
NaN
NaN
NaN
97.732230
323.951879
509.619216
75.679339
323.634842
NaN
NaN
1107.097772
124.976411
NaN
NaN
NaN
792.665205
NaN
1421.461744
NaN
NaN
NaN
NaN
262.330468
NaN
NaN
NaN
NaN
