548.177147
NaN
NaN
446.060933
NaN
NaN
NaN
NaN
NaN
NaN
NaN
NaN
NaN
NaN
NaN
251.744581
NaN
NaN
NaN
213.352358
1235.273026
NaN
NaN
NaN
193.626092
145.803537
328.619120
NaN
NaN
NaN
112.860663
NaN
524.503707
NaN
841.385441
NaN
NaN
NaN
NaN
NaN
NaN
148.287593
NaN
NaN
NaN
NaN
318.899008
NaN
NaN
NaN
547.092111
NaN
227.625738
NaN
NaN
NaN
NaN
NaN
NaN
NaN
301.978241
NaN
NaN
491.257661
NaN
NaN
NaN
279.360319
169.495772
NaN
174.338311
NaN
NaN
NaN
NaN
269.102232
306.098864
NaN
199.295606
482.638195
NaN
NaN
NaN
NaN
308.133640
NaN
NaN
358.172348
NaN
1175.186759
NaN
NaN
NaN
NaN
NaN
76.716963
190.585837
NaN
NaN
NaN
NaN
316.500306
NaN
500.074474
NaN
NaN
NaN
670.416586
315.495993
NaN
NaN
NaN
NaN
NaN
NaN
NaN
NaN
NaN
NaN
414.287933
NaN
NaN
245.080808
834.771440
303.466669
255.272817
142.341589
NaN
NaN
NaN
NaN
NaN
321.919025
362.394263
1246.229379
NaN
NaN
NaN
NaN
NaN
NaN
NaN
NaN
NaN
NaN
NaN
405.854455
NaN
NaN
NaN
NaN
616.779672
478.903283
NaN
NaN
NaN
NaN
NaN
NaN
NaN
294.103659
NaN
NaN
NaN
247.161343
NaN
NaN
NaN
353.653848
NaN
433.321596
1142.383062
NaN
503.976635
NaN
139.553230
170.068268
NaN
NaN
13.488392
43.214309
248.304864
NaN
NaN
NaN
163.661034
293.805953
0.916508
0.640823
NaN
NaN
0.424430
0.673416
0.516220
0.534764
0.464027
0.433446
0.737586
4.924618
182.172622
0.609634
253.420001
1.558876
677.055941
1.162890
29.163268
0.387908
597.013827
1329.352332
88.045120
276.126192
NaN
NaN
NaN
156.619131
473.629204
NaN
NaN
NaN
NaN
NaN
277.950083
73.128076
NaN
NaN
57.254228
127.644462
0.921646
4.109377
0.580794
0.504220
0.511406
4.157826
145.932678
139.048157
NaN
NaN
NaN
NaN
NaN
142.731687
NaN
NaN
969.018859
458.255217
244.030743
657.957485
211.918714
197.670772
3251.835309
149.632880
238.139501
1998.610779
NaN
NaN
NaN
NaN
NaN
NaN
NaN
NaN
NaN
101.223461
NaN
195.859514
NaN
NaN
NaN
NaN
NaN
215.443297
NaN
NaN
419.929857
NaN
0.674843
NaN
0.546027
340.448762
NaN
825.444800
NaN
NaN
NaN
0.785776
