NaN
NaN
NaN
NaN
48.298117
NaN
NaN
NaN
NaN
NaN
NaN
NaN
NaN
136.947007
NaN
NaN
NaN
NaN
NaN
NaN
908.892677
NaN
NaN
NaN
NaN
NaN
4183.037160
193.066526
NaN
NaN
NaN
NaN
NaN
NaN
NaN
NaN
NaN
NaN
NaN
NaN
NaN
NaN
NaN
NaN
NaN
NaN
NaN
NaN
NaN
238.875608
NaN
937.065450
NaN
NaN
NaN
NaN
NaN
NaN
472.874556
NaN
464.206580
823.784612
NaN
1155.532230
207.421411
555.614324
NaN
NaN
NaN
NaN
223.005103
NaN
1324.452162
NaN
422.847801
NaN
NaN
NaN
NaN
NaN
100.110442
NaN
NaN
NaN
89.442219
NaN
272.562362
96.798840
NaN
NaN
NaN
NaN
NaN
354.832800
NaN
NaN
NaN
NaN
165.724865
NaN
NaN
239.688342
1814.142609
NaN
NaN
NaN
740.894312
329.198118
NaN
NaN
NaN
NaN
579.680717
NaN
3814.103302
540.314391
NaN
518.466347
NaN
95.368587
343.447184
NaN
184.069373
170.025268
768.642210
638.713221
1515.935303
NaN
487.026627
NaN
405.766702
258.260955
544.274559
NaN
NaN
NaN
NaN
422.625186
NaN
NaN
NaN
NaN
NaN
NaN
NaN
NaN
NaN
NaN
NaN
NaN
NaN
183.980239
235.502742
NaN
NaN
NaN
NaN
NaN
NaN
1893.309708
NaN
NaN
NaN
380.050827
NaN
103.467308
NaN
143.812005
NaN
281.608859
NaN
NaN
200.758931
419.579451
NaN
NaN
NaN
15.123375
513.016346
229.925066
NaN
NaN
NaN
NaN
393.896304
225.795111
283.150618
442.386394
NaN
1285.456141
385.879732
NaN
113.505996
69.966566
8638.469688
192.818292
229.936729
316.023176
0.853746
46.891672
62.942641
1.404219
6.081006
0.746573
2.011338
0.988236
0.681298
0.545775
0.521197
0.710468
2.323886
0.419147
0.443461
0.523534
0.905549
0.823976
NaN
NaN
0.474631
0.724715
0.615471
0.843618
2243.001709
NaN
NaN
0.776297
2.959158
23.075614
1327.497860
1052.869371
NaN
NaN
1.335213
29.562084
572.754671
144.779793
4160.179102
3850.998571
13.003721
NaN
1011.818574
NaN
NaN
2.081483
134.674030
1.207691
3.792502
2.513846
275.038460
7.182652
1763.982624
NaN
1.260362
411.050705
NaN
NaN
NaN
NaN
NaN
NaN
NaN
616.818101
1.259366
1.859621
NaN
464.220327
NaN
NaN
NaN
NaN
NaN
NaN
NaN
56.214010
NaN
598.675646
NaN
NaN
NaN
NaN
NaN
NaN
NaN
NaN
25.603075
