NaN
NaN
NaN
NaN
NaN
NaN
NaN
NaN
NaN
NaN
NaN
NaN
345.204699
NaN
NaN
7576.574947
NaN
NaN
NaN
NaN
NaN
NaN
NaN
NaN
NaN
NaN
NaN
451.411281
NaN
NaN
NaN
NaN
NaN
NaN
NaN
NaN
NaN
NaN
NaN
72.825944
NaN
NaN
NaN
NaN
NaN
NaN
NaN
NaN
NaN
160.470148
140.482162
522.931238
851.781791
NaN
NaN
NaN
NaN
28.120458
129.607280
19.701561
NaN
74.330583
444.296917
253.150027
517.158360
NaN
NaN
1.258174
3.055563
0.791925
19.892762
279.350112
49.221592
NaN
159.037316
710.924077
0.559320
0.503297
0.765909
67.051682
0.593757
0.465083
0.626519
0.498090
0.628232
0.670819
0.495007
1.043358
0.489307
0.749130
0.693262
0.873687
0.705064
0.598075
162.189222
109.355158
321.847668
0.406695
1.260969
1.036620
0.756377
411.386664
151.381013
0.714192
0.573618
NaN
NaN
0.729880
0.510026
0.960221
1.039689
0.732949
0.942934
NaN
22.129756
0.825106
0.841851
3.246900
50.133221
1854.271933
20.853048
207.077708
712.698769
NaN
74.692615
230.935337
139.133225
296.829209
837.650647
NaN
170.358407
NaN
194.912531
385.697392
239.641240
17.427146
1.298802
0.704787
335.961224
NaN
NaN
NaN
NaN
NaN
NaN
NaN
NaN
NaN
NaN
231.692529
NaN
NaN
NaN
NaN
NaN
NaN
NaN
NaN
NaN
NaN
305.762031
111.712386
0.959078
NaN
NaN
NaN
NaN
NaN
2.144149
0.525115
NaN
368.966162
NaN
1729.793288
272.681433
NaN
NaN
2335.411947
192.712477
NaN
NaN
NaN
96.371764
114.611954
1.081251
NaN
NaN
NaN
NaN
NaN
NaN
NaN
NaN
NaN
NaN
NaN
NaN
NaN
NaN
NaN
303.509227
NaN
NaN
386.009464
NaN
NaN
NaN
NaN
NaN
NaN
NaN
NaN
NaN
NaN
NaN
NaN
NaN
NaN
NaN
NaN
NaN
NaN
NaN
NaN
NaN
NaN
NaN
NaN
NaN
NaN
NaN
NaN
NaN
NaN
NaN
NaN
NaN
NaN
NaN
NaN
NaN
NaN
NaN
NaN
398.686811
NaN
NaN
NaN
NaN
NaN
NaN
NaN
NaN
518.713497
NaN
NaN
NaN
NaN
NaN
NaN
NaN
NaN
NaN
NaN
200.912467
NaN
NaN
242.098436
NaN
NaN
NaN
7.393051
1.262522
NaN
NaN
NaN
NaN
NaN
NaN
NaN
Inf
NaN
NaN
NaN
NaN
