NaN
135.871548
NaN
NaN
NaN
NaN
NaN
NaN
91.568696
NaN
NaN
NaN
NaN
260.612910
1844.343307
12.959902
1185.705855
3484.327348
6089.126117
2.560031
34222.222588
NaN
NaN
178.186739
NaN
82.963399
NaN
NaN
NaN
426.276368
NaN
NaN
6.968922
127.774524
NaN
59.712158
93.324958
108.819020
0.385411
0.585018
1.126732
0.611645
0.611653
0.514163
0.648614
0.667460
0.632853
0.591749
0.586655
0.627724
0.650650
0.415125
0.427661
0.602490
0.648832
0.520821
1.655588
0.938387
4.583271
0.792885
0.654945
74.732987
150.580826
1.856276
321.785348
0.556263
105.335137
263.951675
NaN
553.887997
215.193680
315.837624
392.602876
223.281815
0.688216
101.431098
NaN
745.134740
476.313269
133.440811
249.367801
866.655617
449.982226
391.322621
NaN
90.692793
478.981935
NaN
NaN
28.404995
NaN
NaN
236.148953
NaN
NaN
NaN
NaN
NaN
88.194395
NaN
207.960803
182.448794
83.114900
NaN
NaN
NaN
933.129899
485.489653
2699.517922
NaN
NaN
NaN
NaN
0.630149
0.762777
NaN
NaN
138.376193
284.856628
NaN
NaN
429.996545
NaN
NaN
79.431741
331.380935
273.568495
NaN
NaN
388.298188
NaN
NaN
806.508513
NaN
NaN
NaN
NaN
267.199068
NaN
NaN
NaN
NaN
NaN
NaN
NaN
1805.303297
NaN
NaN
NaN
319.476601
NaN
NaN
NaN
338.369259
NaN
NaN
NaN
NaN
NaN
NaN
NaN
NaN
NaN
240.236762
NaN
672.479062
NaN
NaN
NaN
NaN
NaN
NaN
NaN
NaN
1093.277543
NaN
NaN
NaN
NaN
NaN
NaN
NaN
NaN
280.638131
NaN
196.399560
NaN
NaN
NaN
NaN
229.827641
NaN
546.983541
NaN
NaN
NaN
NaN
NaN
NaN
NaN
NaN
NaN
NaN
NaN
NaN
NaN
NaN
NaN
NaN
NaN
NaN
NaN
NaN
NaN
NaN
NaN
NaN
NaN
NaN
11573.118497
NaN
NaN
NaN
NaN
NaN
NaN
NaN
NaN
NaN
NaN
NaN
NaN
NaN
233.350430
NaN
NaN
402.867418
NaN
NaN
NaN
NaN
NaN
NaN
NaN
NaN
NaN
NaN
NaN
NaN
NaN
NaN
NaN
NaN
1038.152668
NaN
NaN
NaN
NaN
NaN
NaN
NaN
NaN
NaN
NaN
NaN
NaN
197.100753
NaN
1977.752722
NaN
NaN
NaN
NaN
NaN
489.120405
NaN
124.608085
NaN
NaN
29.790232
65.146118
0.754245
NaN
NaN
NaN
