NaN
NaN
NaN
257.874899
NaN
NaN
667.516170
NaN
273.057291
NaN
NaN
NaN
NaN
421.961305
NaN
NaN
NaN
338.666108
NaN
NaN
NaN
NaN
1044.316931
NaN
NaN
NaN
298.729656
NaN
NaN
410.334908
1114.595710
NaN
NaN
489.335796
NaN
NaN
126.345458
NaN
224.497798
350.258725
NaN
3699.332885
NaN
NaN
NaN
NaN
13021.006668
187.881862
271.939137
NaN
NaN
NaN
289.239748
NaN
314.613683
NaN
NaN
NaN
647.003227
968.478040
331.322969
NaN
NaN
378.583040
NaN
NaN
NaN
333.613235
NaN
NaN
184.078404
NaN
NaN
NaN
789.558392
NaN
435.860434
493.974582
214.553988
NaN
NaN
NaN
NaN
733.625217
819.285108
188.535726
1040.556695
1869.301951
NaN
NaN
NaN
NaN
NaN
NaN
559.686899
NaN
78.406446
NaN
654.606132
NaN
NaN
NaN
316.098734
NaN
NaN
NaN
NaN
NaN
22573.854818
NaN
NaN
NaN
NaN
1008.308524
NaN
NaN
NaN
586.038337
521.812059
1366.443822
151.207581
379.527614
690.770484
1.602839
44.822932
1.364039
NaN
2196.350606
272.027829
21.672070
14.227206
0.394226
0.573545
0.517126
NaN
114.121378
NaN
334.224137
0.723389
NaN
NaN
NaN
NaN
NaN
NaN
0.555210
0.576197
0.600735
0.873272
0.688231
0.472127
195.486095
1.077973
187.249980
1.550644
NaN
NaN
NaN
NaN
1.591909
0.704700
215.463197
112.266611
NaN
NaN
NaN
NaN
NaN
1685.090653
NaN
0.824232
0.839222
NaN
NaN
NaN
NaN
NaN
NaN
183.056545
NaN
NaN
NaN
NaN
278.474736
NaN
NaN
NaN
616.173333
NaN
NaN
NaN
NaN
NaN
NaN
NaN
NaN
408.142116
NaN
97.905908
25.914244
NaN
NaN
311.525914
391.530973
244.690209
NaN
564.394967
NaN
158.260358
NaN
NaN
NaN
NaN
108.608924
170.446265
468.640924
NaN
NaN
640.881111
628.996953
NaN
337.472673
NaN
NaN
NaN
NaN
962.204364
NaN
NaN
NaN
NaN
NaN
NaN
764.463793
207.258285
32.888867
63.480563
42.264473
NaN
8.593145
NaN
NaN
NaN
279.976204
7528.316206
3781.189539
293.724066
181.704626
375.478072
355.911105
254.073873
102.476361
486.801722
938.947836
NaN
816.449384
342.436866
369.616282
NaN
NaN
NaN
0.947859
16.079608
NaN
1.760067
2.248220
1793.476288
14.345825
226.880858
0.767344
NaN
NaN
NaN
NaN
NaN
NaN
NaN
NaN
NaN
NaN
183.743315
NaN
NaN
NaN
NaN
