488.381229
117.238932
NaN
320.290504
NaN
NaN
NaN
NaN
206.428516
NaN
NaN
NaN
123.454618
70.426349
0.379389
164.710283
NaN
717.502024
NaN
NaN
NaN
NaN
NaN
NaN
182.147868
NaN
NaN
NaN
NaN
197.562654
33.317000
15.325440
1.362885
104.228803
1007.152712
0.825103
0.633717
1.054220
0.387183
0.767607
0.704989
0.588969
0.598190
0.718288
0.730243
0.699482
0.710658
0.828576
0.614939
0.695465
1.445539
0.806590
0.701499
0.841379
0.840090
0.746929
0.635781
0.645602
0.561413
0.734666
0.682820
0.566324
829.631664
2.055950
1.238566
160.996595
159.096139
241.163577
137.651413
887.432386
2093.482600
1051.964624
312.823246
0.748266
0.704646
19.756968
135.983259
937.927853
370.311267
198.845427
118.112074
612.688465
364.089093
154.529016
NaN
NaN
30188.074111
313.933156
NaN
554.227563
212.579670
NaN
NaN
NaN
1100.682696
263.515782
NaN
NaN
525.428939
NaN
NaN
575.193932
NaN
146.503441
NaN
99.859193
911.073408
1797.204294
535.261163
NaN
NaN
NaN
NaN
0.984284
159.611420
NaN
NaN
NaN
NaN
NaN
171.556078
NaN
149.255490
NaN
Inf
NaN
252.725573
185.889173
353.627015
NaN
1466.463461
283.660982
257.749465
NaN
NaN
256.147096
NaN
NaN
NaN
NaN
NaN
NaN
NaN
NaN
NaN
NaN
NaN
NaN
979.710576
28.451726
649.770652
1157.244654
968.045020
277.355419
282.815452
NaN
NaN
NaN
NaN
NaN
349.754001
NaN
155.347711
217.644518
NaN
NaN
NaN
NaN
52.425623
931.634469
533.953926
NaN
NaN
168.049966
NaN
359.257910
NaN
NaN
435.527304
NaN
NaN
NaN
90.182049
NaN
NaN
3220.394418
460.275323
NaN
NaN
NaN
NaN
NaN
NaN
NaN
2165.579101
NaN
NaN
NaN
NaN
NaN
NaN
NaN
NaN
122.343867
NaN
NaN
NaN
NaN
25.220871
NaN
NaN
NaN
NaN
NaN
357.467159
216.656674
NaN
NaN
NaN
NaN
NaN
NaN
NaN
NaN
NaN
1548.623016
NaN
NaN
NaN
NaN
NaN
NaN
NaN
NaN
316.900504
NaN
NaN
NaN
NaN
NaN
210.650004
NaN
NaN
NaN
190.294238
NaN
NaN
129.291914
NaN
NaN
NaN
439.324255
NaN
NaN
NaN
410.397830
NaN
NaN
NaN
NaN
NaN
NaN
189.506076
NaN
NaN
NaN
NaN
NaN
442.164386
NaN
NaN
NaN
362.250068
NaN
NaN
NaN
NaN
NaN
NaN
9.865811
674.411536
381.388538
NaN
NaN
NaN
