NaN
23.061543
NaN
156.077408
NaN
NaN
NaN
NaN
128.139805
NaN
NaN
NaN
NaN
NaN
3637.798792
3.439470
324.196849
140.504606
2.282486
0.355948
NaN
NaN
NaN
391.070763
373.079183
2505.959143
NaN
NaN
NaN
250.836220
2522.087524
56.020196
NaN
323.293541
NaN
10.301784
665.059940
1.579080
0.440783
0.549442
0.466225
0.656346
0.435274
0.485366
0.612142
0.590726
0.593390
0.684222
0.605788
0.567194
0.442596
0.522804
0.574621
0.611675
0.987188
0.578351
1.308347
0.491351
1081.041137
0.755760
0.569179
0.937361
2.451559
0.573212
23.219102
121.047739
1.556151
NaN
NaN
NaN
268.329261
NaN
445.205526
392.529290
0.674357
1.005818
NaN
NaN
408.114617
NaN
31.622293
NaN
135.088008
251.278137
NaN
NaN
113.090450
994.039497
NaN
NaN
NaN
1561.058315
NaN
136.178742
NaN
NaN
NaN
NaN
324.587057
NaN
464.160716
NaN
384.080601
50.409175
NaN
7.805532
NaN
163.849533
217.673269
NaN
NaN
NaN
NaN
0.770521
3.086685
815.795381
NaN
439.567742
241.194198
NaN
NaN
568.776145
NaN
NaN
533.538597
NaN
NaN
NaN
NaN
NaN
NaN
NaN
821.675589
NaN
NaN
NaN
NaN
NaN
418.682259
NaN
NaN
NaN
NaN
NaN
NaN
NaN
NaN
NaN
NaN
NaN
NaN
NaN
NaN
281.685330
NaN
NaN
NaN
NaN
NaN
NaN
496.174160
NaN
NaN
NaN
NaN
NaN
NaN
NaN
175.074085
972.298358
NaN
NaN
NaN
168.573670
NaN
NaN
NaN
NaN
NaN
NaN
NaN
NaN
NaN
NaN
NaN
668.279825
NaN
NaN
NaN
NaN
NaN
NaN
NaN
NaN
NaN
NaN
NaN
NaN
NaN
NaN
NaN
NaN
NaN
NaN
217.868877
171.557006
NaN
NaN
NaN
NaN
NaN
NaN
NaN
NaN
308.955389
NaN
NaN
NaN
NaN
NaN
NaN
NaN
NaN
NaN
NaN
NaN
NaN
NaN
NaN
NaN
NaN
NaN
NaN
NaN
NaN
NaN
2321.853266
NaN
NaN
NaN
NaN
NaN
NaN
NaN
NaN
361.642678
NaN
NaN
NaN
NaN
2111.044713
375.207747
NaN
NaN
NaN
371.925643
NaN
NaN
NaN
NaN
NaN
14.471614
NaN
NaN
591.820067
NaN
NaN
NaN
NaN
NaN
NaN
NaN
NaN
NaN
12619.326218
NaN
NaN
NaN
NaN
26.591390
1498.572626
6.903452
NaN
NaN
NaN
