NaN
NaN
NaN
746.173501
NaN
NaN
NaN
NaN
NaN
NaN
NaN
NaN
295.817509
NaN
NaN
NaN
NaN
NaN
NaN
NaN
NaN
NaN
NaN
NaN
134.914936
NaN
NaN
NaN
NaN
NaN
NaN
NaN
NaN
141.108599
NaN
NaN
226.084555
NaN
NaN
NaN
942.092908
100.537830
48.590866
NaN
0.634821
1.120010
0.844522
0.878875
0.700573
1.261021
335.142391
176.422277
761.404601
0.599722
0.533131
0.453424
0.741145
0.529966
0.493341
0.627414
0.457222
0.557424
0.485929
0.714241
0.978673
0.650530
0.567568
0.697152
0.591396
0.625650
0.625594
0.583759
0.640192
NaN
4.278817
NaN
27.291318
187.371925
33.576781
513.394838
1.324479
1.501308
1.435772
226.877253
283.288625
126.155094
1199.036261
541.663937
NaN
1705.533653
27.038777
186.895316
NaN
NaN
NaN
NaN
486.473044
186.969239
117.548722
404.262285
162.743454
0.872127
0.767273
2.361130
1.118151
NaN
1051.584257
11.249948
587.156755
253.840217
2.008079
0.514707
566.220677
0.650612
0.524187
443.243889
NaN
NaN
234.457939
428.842579
3726.017234
139.577409
1497.261489
NaN
245.446237
209.299244
336.484652
NaN
NaN
NaN
NaN
NaN
398.633766
118.269578
NaN
248.734675
76.951775
3.207678
NaN
NaN
NaN
NaN
NaN
NaN
NaN
NaN
NaN
NaN
NaN
NaN
225.855473
NaN
210.185283
NaN
NaN
NaN
NaN
NaN
NaN
NaN
NaN
NaN
79.561599
NaN
NaN
NaN
NaN
NaN
1.149570
1.324340
NaN
283.181101
NaN
348.175496
NaN
NaN
NaN
NaN
NaN
NaN
NaN
NaN
0.720865
92.010269
NaN
NaN
NaN
NaN
NaN
NaN
91900.475790
NaN
NaN
NaN
NaN
NaN
NaN
NaN
NaN
NaN
NaN
NaN
NaN
NaN
NaN
NaN
NaN
NaN
NaN
NaN
NaN
NaN
NaN
NaN
NaN
NaN
NaN
NaN
NaN
NaN
NaN
174.465197
NaN
NaN
NaN
NaN
NaN
NaN
NaN
NaN
NaN
NaN
NaN
51.072729
NaN
NaN
NaN
NaN
NaN
NaN
NaN
NaN
NaN
NaN
266.055176
NaN
NaN
NaN
NaN
NaN
NaN
NaN
NaN
823.327551
452.305490
NaN
NaN
NaN
NaN
NaN
NaN
NaN
NaN
340.853230
NaN
NaN
NaN
NaN
234.723651
NaN
NaN
0.942232
258.641487
NaN
NaN
NaN
NaN
NaN
NaN
NaN
NaN
NaN
NaN
NaN
NaN
