0.567541
0.665852
0.640575
0.635371
1.752772
1.320190
0.409998
17.880753
1094.644643
1.053361
0.688548
1.687367
35.088247
45.921752
27.610884
1.321633
0.591372
0.700873
0.724240
0.812641
0.690586
2.379018
0.802539
0.657701
47.045646
33.053966
0.611967
0.597680
0.588348
102.383622
4693.538156
343.162765
NaN
NaN
NaN
NaN
264.956415
NaN
NaN
0.668399
35.175651
43.479347
NaN
NaN
NaN
NaN
313.183853
25.076067
199.309983
917.838705
63.715090
3.874118
10.232743
NaN
NaN
NaN
NaN
NaN
426.284018
2637.682462
470.555502
NaN
129.556299
NaN
NaN
NaN
NaN
168.899241
NaN
174.660093
NaN
NaN
NaN
NaN
9.199277
4.943670
NaN
NaN
621.582167
311.375647
63.969821
NaN
NaN
NaN
467.310103
NaN
NaN
1476.988164
NaN
NaN
NaN
NaN
NaN
NaN
1134.003846
NaN
NaN
NaN
NaN
NaN
NaN
NaN
409.183409
220.928347
NaN
78.653607
148.050926
NaN
543.251018
NaN
331.991866
224.595402
115.101986
NaN
NaN
NaN
NaN
NaN
940.797353
816.075938
NaN
196.294029
7093.024909
NaN
684.250984
NaN
826.642744
12.790603
315.320467
NaN
NaN
NaN
158.027068
733.689309
421.619724
223.075065
NaN
504.639831
335.368286
NaN
NaN
NaN
NaN
NaN
NaN
NaN
NaN
114.367194
NaN
NaN
NaN
NaN
NaN
NaN
2774.314549
NaN
NaN
NaN
NaN
739.096546
96.220207
NaN
NaN
0.478453
0.626426
26.015085
3.431121
49.621695
NaN
NaN
NaN
NaN
41.105852
3.663133
1080.324655
3.506625
4.136243
NaN
NaN
NaN
NaN
504.182058
NaN
NaN
NaN
NaN
NaN
113.594437
171.309032
NaN
NaN
1127.760789
NaN
NaN
NaN
NaN
NaN
NaN
NaN
225.905997
NaN
NaN
2393.664387
NaN
NaN
NaN
1206.517425
NaN
NaN
NaN
NaN
NaN
NaN
NaN
NaN
NaN
NaN
NaN
NaN
NaN
NaN
NaN
NaN
NaN
NaN
320.045407
NaN
NaN
NaN
641.541014
NaN
NaN
NaN
NaN
NaN
NaN
NaN
NaN
NaN
NaN
NaN
NaN
NaN
NaN
NaN
NaN
NaN
NaN
1243.206582
NaN
2914.434091
489.431203
130.310786
NaN
NaN
NaN
NaN
NaN
NaN
NaN
NaN
NaN
1605.886642
NaN
852.599997
NaN
NaN
374.392242
NaN
NaN
6.548168
NaN
NaN
NaN
3.166855
83.394633
6.261999
NaN
1.804871
NaN
NaN
63.636355
NaN
NaN
NaN
