NaN
NaN
1037.064694
186.426907
NaN
NaN
NaN
NaN
NaN
NaN
NaN
NaN
402.893092
NaN
NaN
NaN
NaN
NaN
NaN
840.184423
NaN
NaN
NaN
NaN
NaN
303.725421
560.085331
361.921876
NaN
318.964608
123.676217
NaN
NaN
NaN
NaN
NaN
NaN
NaN
156.212679
NaN
NaN
NaN
NaN
NaN
NaN
NaN
NaN
NaN
NaN
228.975652
NaN
NaN
NaN
46.391369
NaN
NaN
NaN
NaN
NaN
341.896949
160.998194
249.733560
NaN
NaN
NaN
NaN
NaN
837.226665
NaN
NaN
NaN
NaN
NaN
NaN
NaN
NaN
NaN
NaN
NaN
NaN
NaN
NaN
NaN
NaN
NaN
NaN
NaN
210.040314
NaN
373.156407
NaN
307.523418
NaN
NaN
NaN
NaN
NaN
NaN
NaN
NaN
NaN
NaN
NaN
NaN
NaN
NaN
NaN
NaN
NaN
NaN
108.006744
NaN
NaN
NaN
NaN
NaN
NaN
649.628191
597.468275
364.015551
NaN
NaN
NaN
140.742945
162.429714
NaN
NaN
NaN
NaN
NaN
NaN
NaN
NaN
342.329599
NaN
NaN
NaN
2419.521213
566.363597
NaN
NaN
NaN
NaN
NaN
NaN
NaN
591.389674
NaN
NaN
295.030824
295.177006
3561.848418
228.340105
NaN
NaN
NaN
NaN
NaN
NaN
NaN
1265.981572
NaN
NaN
34.374435
NaN
NaN
689.636386
NaN
NaN
NaN
349.988774
172.901098
NaN
797.157479
NaN
NaN
NaN
NaN
NaN
425.782173
NaN
NaN
NaN
NaN
NaN
325.751160
28.749313
NaN
NaN
NaN
121.646946
10.552668
2.297831
14.125610
32.666161
0.648625
0.678395
4.073560
179.422318
185.810279
23.210849
210.128726
0.665623
1.473939
0.497191
0.760669
0.439675
0.488027
0.676971
0.656353
2.617259
70.598603
0.567732
0.547176
0.474817
0.456105
0.714604
NaN
0.656654
0.409192
0.518940
0.736391
3.533291
NaN
NaN
0.674770
19.470480
77.425219
NaN
446.809376
325.957441
185.412324
1.046628
3.392447
2.072653
86.824997
291.525652
655.789118
80.250966
NaN
490.275657
NaN
NaN
1.012220
0.911261
2.204146
171.606770
1549.747396
307.884306
1.359105
3439.698382
NaN
1.088952
NaN
NaN
NaN
NaN
NaN
NaN
NaN
NaN
NaN
1.346472
1.054454
234.578279
NaN
398.229864
NaN
NaN
NaN
NaN
173.578785
NaN
453.947544
241.894579
NaN
NaN
84.850845
NaN
NaN
190.193670
NaN
NaN
NaN
43.332765
