NaN
NaN
529.320874
562.586428
586.530238
112.127263
NaN
NaN
101.463457
NaN
NaN
NaN
360.586536
83.393127
365.030991
NaN
NaN
NaN
NaN
306.632821
NaN
NaN
NaN
NaN
NaN
NaN
NaN
301.702253
NaN
35.611814
218.309592
1306.240926
16.500586
58.948771
847.511054
73.368158
77.791980
82.999851
369.415855
35.226752
0.811990
1.274650
0.721134
0.472830
0.606197
0.497474
0.467873
0.951023
0.826875
1.137290
1.581392
470.582791
3.664288
0.656835
0.801104
0.798167
0.681445
0.463683
0.532026
0.518736
0.538403
0.545374
0.826616
0.683780
0.806119
0.743813
0.642855
0.951105
0.591913
131.292509
0.848911
2.054549
0.691091
27.024643
0.884773
870.467640
844.307824
468.432307
549.773190
2747.158611
205.324380
NaN
1230.755822
396.996570
145.052326
NaN
1714.884558
2914.734335
NaN
367.658365
247.772261
220.638133
NaN
360.965681
185.038534
1417.713155
277.024719
NaN
90.131173
421.683024
23.285106
238.885844
2287.838095
273.130495
NaN
NaN
NaN
77.388966
462.556875
NaN
1455.489639
348.386730
267.286806
1.905070
1.126168
NaN
NaN
2230.226196
536.518396
421.576515
91.937682
1383.188659
1725.183799
100.522820
1979.208694
475.118000
607.321495
126.300240
857.531631
NaN
396.112886
1489.819461
797.779895
1783.065676
NaN
NaN
NaN
NaN
364.417773
NaN
NaN
NaN
NaN
NaN
NaN
1990.163314
764.682952
NaN
NaN
NaN
224.178071
277.525586
NaN
NaN
1468.633117
NaN
NaN
NaN
NaN
NaN
NaN
605.832786
206.716157
118.872208
NaN
NaN
NaN
NaN
7.218790
260.657421
NaN
NaN
NaN
311.485407
779.435783
NaN
184.018145
NaN
692.262564
NaN
NaN
NaN
258.515270
428.666358
NaN
323.122547
NaN
NaN
NaN
NaN
NaN
NaN
154.737072
409.074174
NaN
NaN
NaN
NaN
NaN
614.454773
NaN
NaN
814.649623
NaN
NaN
56.307824
325.468709
1677.607329
240.446281
NaN
NaN
NaN
NaN
NaN
NaN
NaN
NaN
NaN
NaN
NaN
685.029387
NaN
NaN
NaN
NaN
509.518372
NaN
NaN
NaN
320.469371
NaN
NaN
297.388807
NaN
2019.433029
NaN
459.285916
NaN
NaN
202.616239
NaN
NaN
NaN
NaN
NaN
NaN
NaN
NaN
NaN
NaN
NaN
363.800939
NaN
NaN
NaN
723.228942
NaN
NaN
NaN
NaN
NaN
157.075330
NaN
NaN
NaN
113.692026
NaN
NaN
574.174989
NaN
NaN
NaN
NaN
NaN
NaN
NaN
NaN
NaN
NaN
606.081783
NaN
NaN
NaN
NaN
NaN
