NaN
15.696281
NaN
273.469836
NaN
NaN
NaN
NaN
77.811557
NaN
NaN
NaN
NaN
NaN
NaN
1.875454
2.029678
25.385031
0.333302
NaN
959.346979
NaN
NaN
391.032145
51.355359
130.545359
230.502231
NaN
NaN
167.248042
458.418272
109.260605
NaN
31.206091
1190.532011
26.127682
248.816690
75.461330
26.171044
0.799174
0.766773
0.591774
0.568392
0.489723
1.011894
0.860341
0.691205
0.631084
0.584210
0.813673
0.763459
0.480364
0.527099
0.683064
0.650696
0.797280
0.815999
1.546505
1.396334
0.787825
0.536902
1.256563
6.917533
0.890824
35.370452
1.100122
23.385929
184.713593
NaN
NaN
1759.919344
44.421294
87.806594
0.272115
1.370808
0.967857
330.019334
NaN
1854.540567
15.156300
NaN
269.710998
NaN
40.092783
NaN
NaN
74.861186
880.414671
NaN
63.103973
NaN
188.574468
NaN
NaN
205.492944
NaN
283.861094
NaN
17.210562
NaN
366.489902
NaN
513.541980
NaN
NaN
NaN
126.256492
110.757460
173.771270
NaN
NaN
NaN
NaN
0.526296
6.771914
256.325595
NaN
764.808956
221463.700670
NaN
NaN
NaN
NaN
NaN
288.389265
NaN
280.246553
NaN
NaN
NaN
NaN
NaN
NaN
NaN
NaN
NaN
298.679617
NaN
NaN
NaN
NaN
NaN
NaN
NaN
NaN
214.130119
NaN
NaN
NaN
NaN
NaN
NaN
NaN
NaN
NaN
NaN
NaN
NaN
NaN
NaN
789.499023
NaN
NaN
NaN
NaN
NaN
NaN
NaN
NaN
157.564565
NaN
NaN
NaN
NaN
NaN
NaN
NaN
NaN
NaN
NaN
NaN
NaN
NaN
239.764421
NaN
NaN
NaN
NaN
NaN
NaN
NaN
NaN
460.308791
NaN
150.170983
349.501284
NaN
NaN
NaN
NaN
NaN
NaN
NaN
NaN
NaN
NaN
293.365160
NaN
353.590507
NaN
NaN
NaN
NaN
NaN
NaN
NaN
NaN
NaN
NaN
NaN
NaN
NaN
NaN
NaN
NaN
NaN
NaN
NaN
NaN
NaN
NaN
NaN
NaN
NaN
NaN
NaN
NaN
NaN
NaN
NaN
NaN
NaN
NaN
NaN
NaN
NaN
NaN
NaN
230.153731
NaN
NaN
NaN
NaN
3661.753976
38.870452
208.340581
NaN
NaN
NaN
NaN
NaN
253.204886
375.983936
NaN
578.365465
NaN
690.076748
NaN
431.942576
NaN
NaN
89.441381
NaN
NaN
NaN
1861.524993
NaN
NaN
NaN
0.762424
53.184963
2.253969
NaN
399.075913
NaN
