0.428952
0.744622
0.550298
0.691750
0.700502
0.537068
0.619734
0.948180
0.843036
0.709534
1.050803
0.608149
0.957742
1.261577
16.947295
1.333447
1.182721
0.740459
1.438057
0.738989
0.659223
1.239288
0.289330
0.949351
42.535780
42.747774
0.679204
0.522711
1.696427
53.300120
264.898618
181.145763
93.799109
82.975075
0.833438
3132.708370
2128.713796
2.553924
0.868914
11.530547
0.320389
19.488193
NaN
NaN
NaN
112.252897
197.558234
638.588548
311.781715
NaN
167.876821
109.630634
91.043617
NaN
NaN
NaN
NaN
NaN
NaN
NaN
NaN
193.163801
NaN
429.434938
415.428605
909.260958
NaN
467.847862
NaN
364.774059
134.360970
NaN
364.578745
55.005983
775.792763
NaN
NaN
NaN
137.945363
384.523664
1172.751225
191.421779
NaN
128.867669
763.077997
NaN
NaN
186.641013
NaN
NaN
NaN
NaN
NaN
NaN
NaN
NaN
NaN
138.843942
NaN
NaN
NaN
NaN
NaN
NaN
NaN
NaN
714.001366
NaN
NaN
NaN
NaN
NaN
347.513469
NaN
NaN
NaN
NaN
7971.032511
420.583282
293.805358
NaN
207.676242
NaN
NaN
2832.639498
NaN
NaN
346.368345
105.348333
NaN
982.038869
NaN
420.650420
851.132008
NaN
NaN
NaN
1246.173007
NaN
NaN
NaN
NaN
NaN
NaN
NaN
50.962433
NaN
271.683022
NaN
NaN
537.907938
NaN
84553.625353
NaN
204.065987
NaN
NaN
NaN
NaN
NaN
1144.254692
NaN
NaN
3.473939
4.710045
78.201800
684.114917
0.239639
1158.973161
NaN
NaN
566.196747
0.640516
2.539587
NaN
203.273880
200.776943
NaN
382.668057
NaN
NaN
NaN
NaN
NaN
NaN
NaN
NaN
70.410140
NaN
NaN
227.674120
NaN
NaN
NaN
NaN
NaN
NaN
NaN
NaN
359.195556
NaN
NaN
602.937006
260.472531
NaN
NaN
13437.079443
NaN
NaN
NaN
NaN
NaN
1084.189075
NaN
NaN
NaN
NaN
NaN
316.967993
253.050519
NaN
NaN
NaN
NaN
NaN
333.058026
NaN
NaN
NaN
NaN
268.494683
NaN
NaN
NaN
NaN
NaN
255.910724
NaN
NaN
NaN
NaN
NaN
NaN
NaN
NaN
NaN
5162.149682
NaN
728.345410
346.315707
NaN
2752.045773
NaN
332.156008
NaN
NaN
NaN
NaN
NaN
NaN
NaN
867.255014
1792.032003
NaN
368.182953
NaN
NaN
NaN
1079.824141
NaN
37.782778
NaN
NaN
234.492300
1.407678
254.867177
35.637449
NaN
NaN
179.491836
203.635884
NaN
NaN
NaN
NaN
