215.296721
44.087609
NaN
96.558094
444.339646
615.508359
26.417201
NaN
30.717063
NaN
NaN
NaN
137.926997
389.157319
1.527235
42.124780
NaN
914.248787
NaN
159.822220
NaN
NaN
NaN
NaN
NaN
271.120651
NaN
NaN
NaN
5.048046
1136.142089
23.942538
90.085827
529.299974
1.751568
0.749256
1.353221
0.934759
2.106054
0.640706
1.874882
0.723409
0.550015
0.519530
0.735751
0.598206
0.632019
0.928512
0.670864
0.707025
0.716844
0.561251
0.643566
0.626134
0.734117
0.707693
0.601263
0.607071
0.679930
0.800934
0.731447
53.122762
10.560702
0.689831
1.190455
0.770158
0.619835
0.907405
80.212273
280.460332
208.281456
147.593111
184.319995
0.720392
0.947778
2.991464
270.163397
707.780310
272.917268
178.966850
401.560121
1238.802022
420.927377
222.420131
NaN
NaN
32.491188
2223.127023
NaN
261.117082
NaN
NaN
195.094064
NaN
NaN
153.387605
NaN
NaN
NaN
NaN
NaN
NaN
1057.698113
NaN
NaN
53.577073
320.499386
1993.652511
31.720741
NaN
242.745285
102.091216
NaN
0.772634
4.005332
NaN
NaN
409.347731
NaN
177.054046
12.780348
NaN
NaN
1613.584693
265.008817
NaN
322.298486
4433.009721
NaN
NaN
137.854958
233.635445
NaN
NaN
NaN
291.865054
NaN
NaN
NaN
NaN
NaN
NaN
NaN
NaN
NaN
328.343128
NaN
NaN
NaN
318.163416
1924.503019
NaN
139.833541
1037.313732
449.326521
NaN
NaN
NaN
NaN
NaN
409.544841
1328.379164
NaN
143.129387
NaN
NaN
NaN
NaN
290.592780
1284.870177
846.905842
NaN
NaN
1091.455191
NaN
NaN
NaN
NaN
637.616789
NaN
NaN
359.580415
251.197572
NaN
NaN
NaN
124.897162
NaN
NaN
NaN
NaN
NaN
345.078029
NaN
642.101422
151.220395
306.435483
NaN
NaN
NaN
NaN
NaN
NaN
NaN
NaN
NaN
173.771438
NaN
NaN
NaN
NaN
NaN
NaN
NaN
9258.428344
2269.307300
NaN
NaN
NaN
NaN
327.277933
NaN
NaN
NaN
NaN
122.568275
NaN
NaN
NaN
194.003832
NaN
NaN
NaN
230.571693
NaN
NaN
194.748899
234.394372
NaN
NaN
NaN
NaN
NaN
NaN
227.005460
NaN
NaN
NaN
2097.649909
NaN
NaN
817.449205
303.094851
NaN
241.077616
NaN
NaN
NaN
NaN
NaN
NaN
561.657338
NaN
NaN
703.843354
NaN
587.537822
140.592798
170.447243
NaN
NaN
513.579878
NaN
NaN
NaN
NaN
NaN
NaN
NaN
125.502137
504.928008
108.411830
NaN
NaN
NaN
