0.845624
1.701207
NaN
673.840107
154.934294
NaN
604.219668
NaN
0.545086
155.650291
NaN
434.557468
79.717791
572.196301
1.233130
73.404283
904.294728
543.891471
1672.167983
10.912724
334.283805
NaN
NaN
15.840100
389.173631
68.397454
NaN
NaN
NaN
1.222974
1.729512
619.042367
1.468409
1.185603
182.716819
0.586112
18.327397
3.197875
0.725374
0.643456
0.479847
0.559597
0.602136
0.583150
0.702567
0.677634
0.627838
0.857629
0.616805
0.888873
0.658113
0.686759
0.996294
0.869425
1.047570
1.654171
1.415488
1.185432
1.358763
0.732119
12.442782
64.362467
357.251263
0.612064
10.034768
5297.690690
1.022451
361.159622
NaN
345.832556
249.889813
172.258754
117.553980
0.800605
0.831313
1.367886
NaN
4.220539
315.141717
388.351343
547.053722
279.150245
259.524799
129.670716
NaN
NaN
342.988410
566.522378
492.558951
3119.230244
NaN
289.428866
NaN
NaN
NaN
302.865848
NaN
NaN
57.995225
NaN
NaN
NaN
NaN
407.755793
NaN
0.665145
160.223460
NaN
482.708065
92.259344
NaN
NaN
158.107695
3.858850
NaN
NaN
NaN
413.842650
NaN
NaN
NaN
NaN
943.297966
NaN
NaN
NaN
183.992208
647.803727
888.586491
NaN
219.048202
NaN
NaN
246.785729
NaN
NaN
NaN
NaN
Inf
NaN
NaN
NaN
NaN
NaN
NaN
NaN
148.755922
NaN
NaN
NaN
13454.120508
NaN
NaN
119.507388
NaN
NaN
NaN
NaN
NaN
200.142020
NaN
210.979084
NaN
443.731966
NaN
NaN
NaN
7961.386428
405.652434
NaN
563.969704
NaN
NaN
NaN
187.110449
NaN
NaN
NaN
NaN
NaN
NaN
NaN
NaN
NaN
NaN
627.988617
NaN
NaN
NaN
NaN
281.383866
NaN
205.619793
NaN
234.154527
NaN
NaN
NaN
745.629559
NaN
NaN
NaN
NaN
445.424925
NaN
NaN
NaN
NaN
NaN
NaN
NaN
NaN
NaN
NaN
NaN
NaN
NaN
NaN
NaN
NaN
NaN
NaN
NaN
NaN
NaN
556.280214
NaN
NaN
NaN
NaN
NaN
NaN
NaN
NaN
NaN
NaN
562.566978
NaN
NaN
NaN
NaN
NaN
NaN
NaN
NaN
NaN
NaN
NaN
NaN
NaN
NaN
NaN
39.903007
NaN
NaN
NaN
NaN
NaN
NaN
NaN
NaN
134.290330
1602.847600
NaN
NaN
NaN
176.420498
635.061678
NaN
NaN
NaN
NaN
NaN
NaN
20.086099
NaN
NaN
NaN
NaN
1.069178
654.090188
0.769319
NaN
NaN
NaN
