NaN
NaN
NaN
1026.223943
NaN
59.550304
NaN
NaN
NaN
NaN
NaN
NaN
72.356200
NaN
189.284939
NaN
NaN
NaN
NaN
NaN
NaN
NaN
NaN
NaN
NaN
NaN
NaN
NaN
NaN
330.928016
248.377080
NaN
NaN
NaN
769.311377
226.553089
1050.452113
106.766983
387.167167
52.937458
51.881934
0.744806
54.861339
762.086750
0.909403
0.786008
0.570949
25.783497
120.819599
0.661684
1395.045151
11482.372938
380.297835
0.510120
1.009536
0.550247
0.733581
0.648291
0.565482
0.589577
0.904528
0.706717
0.730960
0.750962
0.850648
0.793244
0.716241
1.128289
0.747718
0.545316
1.226054
0.937820
0.921612
0.144041
0.725258
NaN
1.258225
14.866117
203.460625
890.666547
854.679148
90.757098
65.371754
NaN
NaN
NaN
864.228934
135.666378
NaN
207.184844
64.404534
1059.351954
NaN
NaN
NaN
4171.010508
NaN
NaN
382.326599
44.003801
510.895520
293.990357
5.588311
288.940131
NaN
NaN
NaN
39.512569
230.161897
NaN
10.812245
2.856738
23.736826
0.760774
0.760004
NaN
NaN
3136.639451
NaN
NaN
20.228689
116.551261
NaN
NaN
862.768760
NaN
267.802314
NaN
NaN
NaN
NaN
NaN
245.303614
NaN
152.488160
218.728494
303.670620
NaN
NaN
NaN
NaN
NaN
NaN
NaN
NaN
NaN
NaN
NaN
NaN
NaN
NaN
69.589860
NaN
NaN
NaN
NaN
NaN
NaN
NaN
933.277295
NaN
NaN
86.913409
NaN
NaN
NaN
NaN
NaN
1.410317
1.792604
372.507340
NaN
NaN
260.027279
NaN
NaN
NaN
NaN
148.906135
NaN
NaN
NaN
515.991685
NaN
NaN
343.574346
NaN
NaN
NaN
NaN
185.164016
NaN
NaN
NaN
820.402707
NaN
34637.754377
NaN
NaN
NaN
NaN
NaN
NaN
276.273609
NaN
NaN
NaN
1091.548496
391.170811
NaN
NaN
NaN
NaN
NaN
NaN
NaN
NaN
NaN
NaN
NaN
202.544753
NaN
NaN
NaN
NaN
NaN
NaN
NaN
NaN
NaN
NaN
NaN
NaN
NaN
NaN
NaN
NaN
NaN
NaN
NaN
NaN
NaN
NaN
NaN
NaN
NaN
NaN
NaN
NaN
NaN
NaN
NaN
NaN
NaN
NaN
NaN
NaN
NaN
NaN
NaN
NaN
NaN
NaN
NaN
NaN
NaN
798.101023
NaN
NaN
184.979123
225.823330
233.951117
NaN
NaN
NaN
NaN
NaN
NaN
NaN
NaN
NaN
149.538732
NaN
NaN
NaN
