NaN
NaN
NaN
1200.835229
6633.362116
NaN
NaN
NaN
NaN
NaN
927.615298
NaN
NaN
NaN
NaN
NaN
NaN
NaN
NaN
NaN
149.733222
NaN
NaN
NaN
NaN
NaN
189.684879
332.717170
NaN
NaN
NaN
NaN
NaN
341.882592
NaN
NaN
NaN
372.149064
NaN
NaN
NaN
NaN
NaN
NaN
NaN
NaN
468.290767
NaN
182.834635
NaN
1951.486387
NaN
622.119102
NaN
NaN
NaN
NaN
NaN
499.022891
970.127922
306.179574
NaN
NaN
196.052090
NaN
NaN
NaN
186.856312
NaN
NaN
NaN
NaN
NaN
NaN
NaN
NaN
NaN
306.580249
1039.836639
NaN
1258.958185
681.414496
NaN
437.098664
NaN
800.608500
NaN
NaN
NaN
NaN
NaN
NaN
NaN
NaN
NaN
121.678676
NaN
NaN
NaN
NaN
NaN
NaN
NaN
NaN
NaN
NaN
NaN
11638.525417
4487.161399
NaN
NaN
1253.354564
NaN
NaN
NaN
NaN
153.354823
NaN
272.052237
155.059593
NaN
208.403373
306.847302
2.782395
152.446304
1.180891
420.382652
579.178029
184.549022
866.123695
0.606661
0.462563
0.703129
1.218473
NaN
109.659520
NaN
708.379118
2.128680
NaN
NaN
NaN
NaN
NaN
NaN
0.737593
0.777724
0.759111
0.861171
0.481423
0.549939
0.604773
0.431842
0.728364
295.553686
NaN
NaN
NaN
NaN
1.870001
0.663767
349.826678
252.517194
NaN
NaN
NaN
NaN
132.412437
142.181360
NaN
1.548995
1.358300
NaN
37.161361
351.981829
NaN
NaN
NaN
NaN
NaN
155.159996
NaN
NaN
NaN
NaN
NaN
NaN
NaN
NaN
NaN
1079.388830
NaN
203.681839
7864.557310
NaN
297.607148
NaN
NaN
NaN
NaN
NaN
NaN
557.601056
NaN
188.926359
NaN
3161.050650
NaN
NaN
NaN
NaN
NaN
NaN
NaN
NaN
183.694433
NaN
NaN
NaN
NaN
NaN
501.399255
NaN
NaN
NaN
44.580332
455.098406
NaN
NaN
NaN
NaN
NaN
NaN
34.077149
280.391032
127.578245
931.489895
59.382888
NaN
NaN
NaN
NaN
NaN
199.774023
474.808776
768.295965
1891.188219
293.204351
212.305155
519.508990
62.480429
206.728602
382.939757
312.184549
NaN
340.013963
NaN
285.291957
NaN
NaN
NaN
1.636329
176.976135
NaN
1.852759
1.720437
810.211563
16.378970
43.799897
2.306612
NaN
NaN
NaN
NaN
669.392831
701.515485
56.544291
NaN
NaN
NaN
NaN
NaN
NaN
NaN
NaN
