NaN
NaN
NaN
NaN
NaN
NaN
NaN
NaN
NaN
NaN
NaN
NaN
NaN
NaN
415.790540
NaN
NaN
NaN
NaN
506.195462
1348.690840
NaN
NaN
NaN
NaN
NaN
NaN
NaN
362.576870
NaN
595.771367
NaN
NaN
208.253376
NaN
NaN
NaN
255.496605
NaN
1344.254811
NaN
NaN
268.557555
NaN
NaN
NaN
271.395201
NaN
282.968787
NaN
323.549782
NaN
NaN
NaN
NaN
NaN
176.832415
464.113781
NaN
360.653240
642.555582
NaN
81.968997
158.232003
NaN
NaN
NaN
NaN
NaN
NaN
366.319383
NaN
NaN
NaN
NaN
NaN
NaN
562.092460
NaN
NaN
NaN
NaN
NaN
610.085530
NaN
NaN
NaN
432.682191
NaN
NaN
NaN
391.009700
NaN
747.015170
646.871793
NaN
NaN
NaN
NaN
NaN
371.947249
NaN
NaN
NaN
NaN
NaN
NaN
NaN
393.457056
NaN
6.457215
NaN
NaN
NaN
195.357763
NaN
NaN
151.486780
NaN
NaN
NaN
NaN
NaN
332.546657
5582.447255
NaN
507.405808
83.145412
NaN
NaN
1092.706084
369.070520
NaN
214.456151
NaN
NaN
NaN
488.082265
NaN
NaN
NaN
NaN
NaN
NaN
NaN
168.796351
NaN
306.802012
NaN
322.723788
NaN
NaN
2341.808426
273.066650
407.659226
NaN
NaN
NaN
NaN
2897.491707
2049.104939
278.898701
NaN
285.547942
NaN
609.176633
NaN
2.172764
236.361081
NaN
NaN
NaN
1.241859
3.190742
0.942412
28.591248
141.469984
0.764167
0.786314
1.128736
1.641451
14.548323
NaN
NaN
NaN
0.697046
1.275471
2.187402
2.944623
2.598437
0.559392
1.043919
1.352599
1.194537
1.767704
272.879361
175.084754
484.003412
0.823381
0.813382
0.576091
1.026470
742.403191
NaN
706.764786
344.913055
157.186382
