221.179436
NaN
212.561655
NaN
NaN
NaN
NaN
NaN
3432.626354
NaN
NaN
NaN
NaN
NaN
NaN
361.521457
346.935802
NaN
239.861399
161.718330
NaN
NaN
NaN
NaN
893.286213
3727.535667
NaN
NaN
NaN
NaN
1240.431450
NaN
NaN
NaN
NaN
NaN
NaN
193.071419
NaN
NaN
NaN
NaN
38.107074
NaN
NaN
NaN
531.827091
NaN
NaN
NaN
NaN
314.022035
531.111199
106.065410
NaN
NaN
NaN
1049.434101
670.320378
NaN
124.514314
418.650111
190.906099
355.586281
577.798209
393.275555
303.055040
4684.203338
NaN
6.459154
152.762369
NaN
177.214368
NaN
4076.665581
245.515563
0.751420
4.630305
8.824347
160.980981
321.035360
17.244528
598.695899
1.165065
0.917508
1.152827
1.124606
2.408411
1.195759
3.253332
1.364008
1.228902
0.924388
0.543130
0.782548
0.655643
0.838131
0.672286
0.758351
1.463317
1.027033
2157.554229
736.842985
2293.361995
238.009847
NaN
436.679775
49.320859
685.475258
1.527820
656.727290
783.062229
2.736262
NaN
930.177237
0.992936
0.764416
1.681555
1.434820
1.915028
1.035234
1.522476
37.519667
15.102488
249.924626
18648.860898
3.165284
68.135340
270.596048
504.283529
230.078712
NaN
3091.719779
725.788662
2.187464
1.127772
1.090746
1.813464
299.697207
NaN
NaN
NaN
NaN
NaN
NaN
217.839761
NaN
209.581932
NaN
NaN
98.408278
1346.013044
318.745749
NaN
NaN
NaN
NaN
NaN
NaN
370.573415
177.850246
110.119143
245.918754
NaN
NaN
NaN
NaN
NaN
200.956466
NaN
238.577775
NaN
NaN
267.036062
NaN
NaN
NaN
NaN
1081.504953
NaN
NaN
NaN
389.579537
1.214958
3.445329
NaN
NaN
NaN
NaN
NaN
NaN
395.403304
NaN
NaN
NaN
NaN
NaN
NaN
NaN
613.098582
NaN
NaN
NaN
470.245258
NaN
NaN
1048.041906
NaN
NaN
NaN
285.391892
NaN
NaN
NaN
NaN
96.159767
NaN
NaN
NaN
NaN
NaN
NaN
NaN
NaN
NaN
NaN
NaN
NaN
NaN
NaN
NaN
NaN
NaN
NaN
NaN
NaN
76.940627
NaN
NaN
NaN
NaN
NaN
NaN
NaN
480.830047
144.655672
NaN
NaN
NaN
NaN
13145.718794
NaN
NaN
NaN
NaN
NaN
NaN
NaN
NaN
NaN
NaN
1056.309778
NaN
NaN
NaN
NaN
NaN
NaN
NaN
NaN
NaN
1222.866096
1.391374
NaN
159.397671
NaN
NaN
NaN
NaN
NaN
NaN
NaN
NaN
NaN
NaN
