NaN
NaN
NaN
535.247193
NaN
NaN
NaN
NaN
296.696381
NaN
NaN
NaN
NaN
NaN
NaN
141.809327
NaN
NaN
NaN
169.452558
163.064906
NaN
NaN
NaN
2239.989421
NaN
NaN
NaN
NaN
NaN
196.356026
NaN
88.674286
326.124278
NaN
NaN
NaN
NaN
NaN
NaN
NaN
NaN
NaN
NaN
NaN
NaN
532.921608
NaN
NaN
NaN
335.520181
NaN
NaN
NaN
NaN
NaN
NaN
NaN
NaN
NaN
NaN
NaN
NaN
NaN
NaN
NaN
NaN
NaN
NaN
NaN
2215.325929
NaN
NaN
NaN
NaN
NaN
NaN
NaN
285.340898
NaN
580.811816
NaN
NaN
281.317634
NaN
NaN
587.250062
781.935288
257.973055
NaN
NaN
NaN
NaN
144.903260
NaN
636.633823
180.641901
NaN
NaN
NaN
NaN
50.643806
NaN
101.656720
NaN
NaN
NaN
2367.775505
643.567320
415.559452
NaN
NaN
NaN
NaN
NaN
NaN
NaN
NaN
248.519171
452.312483
489.448296
870.163491
NaN
NaN
1330.916117
NaN
2200.359904
NaN
429.345767
244.707009
645.263964
NaN
782.740387
250.286454
NaN
NaN
313.790064
NaN
1079.801068
NaN
NaN
NaN
NaN
NaN
NaN
319.253928
NaN
NaN
NaN
NaN
81.741693
NaN
NaN
312.437443
73.474971
NaN
NaN
NaN
NaN
494.565476
538.062318
NaN
213.644656
NaN
NaN
NaN
NaN
347.797560
NaN
NaN
783.761460
NaN
NaN
468.450547
91.943357
NaN
NaN
NaN
NaN
NaN
NaN
NaN
351.888580
896.840416
NaN
848.154397
18.261281
NaN
1080.886688
NaN
403.885338
7342.649932
347.636619
116.734876
604.185908
492.859289
569.380131
NaN
641.536643
35.904568
NaN
NaN
267.620557
6.634070
135.054680
28.072668
768.641235
0.793989
21.952115
3.812013
NaN
0.508115
1.909647
0.949951
1.794563
0.776204
NaN
NaN
1.794352
11.080383
0.741024
398.501128
NaN
NaN
NaN
0.593782
0.658152
NaN
NaN
NaN
806.602158
213.130630
193.029743
248.291517
2.384343
0.674491
0.543395
4.245086
1.356859
337.754953
0.772612
NaN
NaN
0.901560
1.036499
0.631284
14.438051
0.938190
1.553376
1.259241
9.393024
364.650716
1.429516
829.095868
NaN
2699.140076
NaN
NaN
NaN
NaN
NaN
NaN
1.446880
1.275379
739.795240
273.170368
NaN
277.234258
NaN
NaN
NaN
NaN
NaN
533.316506
NaN
285.292814
NaN
NaN
154.052230
NaN
NaN
NaN
NaN
NaN
NaN
