NaN
694.216488
NaN
931.518976
NaN
NaN
NaN
NaN
152.504102
NaN
NaN
NaN
NaN
NaN
NaN
4250.635088
NaN
NaN
NaN
NaN
3.301029
NaN
NaN
NaN
364.919152
NaN
327.218466
NaN
NaN
495.050356
259.049414
NaN
NaN
NaN
255.789702
NaN
NaN
NaN
NaN
NaN
NaN
NaN
629.250246
NaN
NaN
NaN
196.480677
NaN
522.796404
NaN
75.540981
NaN
NaN
NaN
NaN
NaN
15.837235
276.691099
NaN
NaN
NaN
296.484029
NaN
NaN
250.423566
1063.283990
NaN
NaN
NaN
4792.688903
NaN
NaN
NaN
NaN
1055.777271
NaN
NaN
NaN
284.717731
NaN
533.718875
NaN
NaN
NaN
NaN
NaN
NaN
821.929260
NaN
240.700591
NaN
NaN
NaN
NaN
295.887618
NaN
316.659181
NaN
NaN
NaN
711.511066
NaN
NaN
NaN
NaN
NaN
NaN
NaN
NaN
NaN
NaN
NaN
542.744438
166.585315
236.585100
NaN
NaN
77.953677
342.103038
NaN
157.094870
NaN
NaN
NaN
419.045347
NaN
NaN
115.458676
203.402402
NaN
NaN
247.921186
NaN
849.821092
NaN
362.603304
NaN
52.222608
624.774690
NaN
NaN
NaN
NaN
NaN
NaN
1092.574431
NaN
NaN
269.600424
338.648020
1353.188802
NaN
NaN
323.379316
NaN
NaN
NaN
NaN
NaN
1884.935420
714.630113
541.583365
NaN
NaN
NaN
NaN
NaN
NaN
182.158790
NaN
3195.086890
106.798470
NaN
NaN
NaN
NaN
NaN
NaN
1192.954997
NaN
NaN
NaN
NaN
704.410442
NaN
NaN
164.606648
386.598204
269.199583
NaN
254.148213
532.678352
563.801283
517.214254
170.591877
250.028720
47.680910
NaN
NaN
199.606680
NaN
NaN
151.802939
0.561508
188.885733
4.743559
1.749301
0.695464
0.858228
24.554549
373.259906
101.843840
0.244797
88.199698
0.544693
0.673860
NaN
NaN
21.871390
82.048644
2.412349
809.434493
264.970708
NaN
NaN
2.173876
0.818736
NaN
451.658065
0.957484
795.505799
264.525605
0.638098
0.645532
1238.262241
1387.984277
1.311445
137.280080
NaN
NaN
NaN
NaN
NaN
0.831471
1.092086
0.615725
0.768714
0.624502
1.180214
0.798262
405.055949
34.379589
0.613034
NaN
116.076450
NaN
NaN
NaN
NaN
NaN
NaN
NaN
0.655061
0.433650
2714.888426
253.976955
NaN
219.808039
653.786960
NaN
NaN
NaN
NaN
0.925325
NaN
75.223226
NaN
NaN
NaN
NaN
NaN
NaN
NaN
NaN
2.241673
