1.254404 -0.461429 -21.131108
0.349571 0.361530 30.199018
0.000349 -0.001086 1.000000
0.145277 -0.165149 80.506132
-0.169416 0.372433 136.815951
-0.000920 -0.000502 1.000000
0.267527 -0.742437 186.365014
-0.063092 -0.284901 103.676711
-0.000478 -0.001552 1.000000
1.917822 -3.396190 1580.002470
0.316123 -1.564015 -71.411542
0.002518 -0.005864 1.000000
1.372438 -1.288917 197.836307
0.437402 -0.349999 181.661090
0.000982 -0.002400 1.000000
0.751773 -0.341044 101.013295
-0.060648 0.347540 289.616449
-0.000048 -0.000774 1.000000
1.201185 -0.070442 -95.768567
0.091446 1.023596 -29.109703
0.000169 -0.000214 1.000000
1.000000 -0.000000 -0.000000
-0.000000 1.000000 0.000000
-0.000000 -0.000000 1.000000
0.207355 -0.477140 303.432709
-0.186753 0.172212 227.015780
-0.000520 -0.000779 1.000000
-1.462864 -2.293453 1301.435588
-0.261131 -3.813450 770.860189
-0.000070 -0.005616 1.000000
1.310643 -2.851263 679.512014
0.756565 -3.374289 76.470571
0.002679 -0.007217 1.000000
0.371533 -2.805013 722.941947
0.474764 -4.068396 157.533388
0.001544 -0.007025 1.000000
0.488656 0.023914 52.706652
0.098024 1.024675 -165.405945
-0.000588 0.000172 1.000000
0.613375 -3.818201 1708.981758
1.320581 -6.770167 1.038489
0.004099 -0.012294 1.000000
-0.956104 0.291210 -136.605766
-0.931388 0.158465 383.531419
-0.002368 0.000732 1.000000
-0.255306 -0.515514 230.312216
-0.316521 -0.365193 211.736253
-0.001007 -0.001129 1.000000
22.380651 10.323897 -3433.695656
9.855423 24.201965 -4101.851168
0.019939 0.019632 1.000000
-0.133228 -0.326390 189.447775
-0.228101 -0.064066 156.943118
-0.000931 -0.000748 1.000000
-0.458205 -0.056953 192.109807
-0.362800 0.307821 118.595138
-0.001481 0.000090 1.000000
-0.130423 -1.023352 203.771667
-0.131737 -0.676358 141.026463
-0.000685 -0.001889 1.000000
-0.298144 -0.969337 215.327344
-0.326085 -1.027515 195.588255
-0.000877 -0.001999 1.000000
-0.108164 -1.541785 459.255735
0.073871 -1.305138 -25.548282
-0.000039 -0.002804 1.000000
-0.172723 -1.510669 462.480297
-0.020431 -1.421711 -348.847754
-0.000076 -0.002803 1.000000
0.503534 -0.575094 168.144469
-0.041504 -0.022493 141.994317
-0.000103 -0.001224 1.000000
0.015599 -1.401286 601.613304
0.088169 -2.075633 -63.897195
0.000233 -0.004083 1.000000
0.432167 -1.880803 826.862381
0.967633 -2.213223 -568.405491
0.001792 -0.004897 1.000000
0.369013 -1.166687 315.454846
-0.088545 -0.763575 103.968948
-0.000060 -0.002329 1.000000
0.046063 -2.791214 750.329005
0.487377 -3.226288 -41.659359
0.000935 -0.006010 1.000000
-0.064818 -0.942690 191.563816
-0.232961 -0.815348 180.178151
-0.000700 -0.001885 1.000000
-0.273522 -1.442852 635.353901
-0.126274 -1.311357 -49.099545
-0.000305 -0.002756 1.000000
-0.541102 -0.802606 191.018418
-0.344366 -0.526959 49.550992
-0.001058 -0.001665 1.000000
0.209450 -1.717567 997.055895
0.012488 -1.567760 -444.475410
0.000371 -0.003625 1.000000
0.547796 -2.337955 605.863160
0.728238 -3.119395 -201.958555
0.001146 -0.005507 1.000000
-0.519628 -1.191030 223.978203
-0.324634 -0.641723 -14.075024
-0.000853 -0.001816 1.000000
0.400658 -1.558704 416.087871
0.160791 -1.019122 -64.102843
0.000236 -0.002898 1.000000
1.299732 -2.956316 1312.650161
0.594334 -1.891697 -404.828154
0.001726 -0.005106 1.000000
0.013372 -1.673085 559.320231
-0.037468 -0.955517 -311.733506
-0.000120 -0.002715 1.000000
1.222974 -2.583026 1827.127629
1.029527 -2.515545 -632.453049
0.002032 -0.005925 1.000000
-0.745297 -0.767567 934.444715
-0.354586 -0.647001 -295.988836
-0.001219 -0.001831 1.000000
-0.877834 -0.726546 1016.809111
-0.482127 -0.302389 95.338259
-0.001302 -0.001157 1.000000
-0.360195 -0.899685 873.393764
-0.231945 -0.781895 196.542741
-0.000574 -0.002013 1.000000
-0.716939 -0.793515 830.517587
-0.392766 -0.545069 149.076566
-0.001068 -0.001661 1.000000
-1.653535 0.011441 1219.324213
-0.867050 0.442780 115.495686
-0.002247 0.000056 1.000000
-0.096406 -0.789279 369.520523
0.061997 -1.199278 34.427428
-0.000011 -0.002657 1.000000
-1.220138 -0.077975 1150.329837
-0.530986 -0.107236 110.772426
-0.001965 -0.000573 1.000000
-3.176224 1.807150 2253.396481
-1.317939 1.155487 644.155141
-0.003870 0.002304 1.000000
-1.468864 0.245337 1240.666479
-0.790444 0.171551 304.181214
-0.001963 -0.000118 1.000000
-0.838184 -0.582515 945.058784
-0.428582 -0.333836 118.470482
-0.001138 -0.001102 1.000000
-1.180027 -0.277702 1220.159525
-0.567762 -0.199316 160.506811
-0.001462 -0.000709 1.000000
-1.186682 -0.098543 1050.537045
-0.736993 -0.008072 135.404796
-0.001889 -0.000322 1.000000
-0.735685 -0.634389 955.244561
-0.371663 -0.443787 184.626457
-0.001144 -0.001380 1.000000
-0.980241 -0.240298 1035.951894
-0.511293 -0.250912 129.685979
-0.001473 -0.000777 1.000000
-1.074873 -0.230281 1224.464727
-0.554177 -0.282905 92.700737
-0.001855 -0.000750 1.000000
3.373978 -7.326793 8165.309376
7.069808 -11.253812 -7388.198025
0.010445 -0.019018 1.000000
-0.684964 -0.861607 907.746214
-0.323387 -0.741992 -119.149682
-0.001047 -0.001786 1.000000
-1.047498 -0.441819 1196.202522
-0.451603 -0.309070 179.126899
-0.001322 -0.001005 1.000000
-0.415083 -0.507889 193.162520
-0.350778 -0.333884 -1110.363292
-0.001129 -0.001148 1.000000
-0.688343 0.111192 -157.105585
-0.701550 -0.069291 -175.498637
-0.001957 -0.000263 1.000000
-0.276091 -1.306161 -1639.692684
-0.051362 -1.092419 160.828961
-0.000286 -0.002606 1.000000
-1.369165 0.721607 -1595.806021
-1.640444 1.129171 -388.869395
-0.003377 0.001919 1.000000
-0.246793 -0.613985 580.027201
-0.350376 -0.307502 -543.832859
-0.000918 -0.001290 1.000000
-3.841493 4.709527 -290.041058
-3.900216 4.580721 2708.230676
-0.006930 0.008329 1.000000
0.074029 -1.287499 -564.169312
0.094397 -0.749704 -332.372394
-0.000234 -0.002470 1.000000
-0.171355 -0.936432 352.552597
-0.184463 -0.965314 -539.942043
-0.000547 -0.002231 1.000000
-0.264910 -1.130466 516.001205
-0.104550 -0.509427 -408.464119
-0.000499 -0.001937 1.000000
-1.319098 0.708810 448.403423
-2.037215 1.059078 1879.201599
-0.004128 0.002487 1.000000
1.126425 -3.908843 -2048.563075
0.925449 -3.074528 -231.652898
0.002756 -0.006960 1.000000
-0.872190 -0.212668 876.302794
-0.605056 0.080812 1158.589756
-0.001901 -0.000199 1.000000
-0.106327 -1.294839 -261.456795
-0.213762 -0.784846 -134.956556
-0.000656 -0.002335 1.000000
2.511789 -4.475611 2581.261669
3.117596 -5.244969 7176.367861
0.006449 -0.011327 1.000000
-0.162872 -2.151260 719.059551
0.132775 -1.794646 -832.597909
0.000054 -0.003748 1.000000
-4.061775 4.539053 5528.578859
-4.735128 5.961037 7013.008806
-0.009211 0.010498 1.000000
0.424284 -1.367342 -571.050301
0.036866 -1.031137 -4.819511
0.000571 -0.003200 1.000000
0.591743 -2.326114 1181.547992
0.544651 -1.690324 -413.803825
0.000997 -0.004343 1.000000
-0.825736 -0.691825 994.605899
-0.413323 -0.606036 137.379486
-0.001153 -0.001353 1.000000
-0.754078 -0.596689 538.711222
-0.359194 -0.528765 81.985123
-0.001040 -0.001230 1.000000
0.111798 -1.533734 -329.627274
0.247353 -1.229618 -478.565290
0.000300 -0.003132 1.000000
-1.167186 0.113478 1697.536366
-0.764129 0.192459 -692.942246
-0.002143 0.000138 1.000000
-4.615705 5.726354 2595.644493
-4.695133 5.679162 3964.586389
-0.008863 0.010060 1.000000
-0.305146 -0.603409 -574.744638
-0.231150 -0.696022 -215.921772
-0.000718 -0.001634 1.000000
-0.223317 -1.125208 16.462053
-0.015682 -1.140706 -67.595762
-0.000354 -0.002499 1.000000
-0.411554 -0.537608 716.379994
-0.370456 -0.511002 -116.839417
-0.000972 -0.001236 1.000000
-1.840012 0.552401 94.600509
-1.264271 0.712366 2159.519877
-0.003360 0.001622 1.000000
-0.210115 -1.241064 1579.682232
-0.221586 -1.281235 -1123.035385
-0.000655 -0.002463 1.000000
-0.044578 -0.975224 -580.525501
-0.116649 -0.449479 -126.571023
-0.000737 -0.001755 1.000000
-0.056033 -0.947641 30.523999
-0.079293 -0.732852 -315.574889
-0.000345 -0.002262 1.000000
-0.619055 -0.881861 -422.426792
-0.435721 -0.652257 174.320319
-0.001196 -0.001418 1.000000
-0.241373 -0.963245 210.164857
-0.257985 -0.889769 -1095.277243
-0.000719 -0.001981 1.000000
11.782865 -15.746709 848.956557
7.982694 -9.776696 -8863.046609
0.025445 -0.028774 1.000000
-0.949721 -0.605189 1268.309863
-0.588773 -0.296504 322.208194
-0.001403 -0.000822 1.000000
0.882274 -3.052364 689.160290
0.735249 -3.015758 -432.419376
0.001352 -0.005805 1.000000
0.122671 -2.320863 -1058.149683
0.396398 -2.061199 -74.198892
0.000543 -0.004081 1.000000
0.173524 -2.094220 563.083681
0.174242 -1.402778 -188.973390
0.000511 -0.003274 1.000000
-2.243868 1.246136 -2754.598006
-1.125805 0.825047 1736.683271
-0.004291 0.002317 1.000000
-1.028906 -0.863465 79.165196
-0.382941 -0.175877 620.727735
-0.001518 -0.000989 1.000000
-1.295003 -0.163327 -192.192003
-0.997397 0.059341 -311.949845
-0.002295 0.000017 1.000000
-0.209385 -0.954435 -732.204671
-0.298490 -0.664478 -176.453505
-0.000727 -0.001985 1.000000
-6.818658 6.366111 16557.451903
-6.769814 6.666601 -4444.518242
-0.013454 0.012301 1.000000
-2.378688 0.817822 -2729.306278
-1.686850 1.225264 1860.123049
-0.003732 0.002075 1.000000
0.708986 -2.022947 -1843.633793
0.709417 -2.224793 -467.805690
0.000993 -0.004123 1.000000
0.349449 -2.434012 -1072.680701
0.189273 -1.686971 -457.742848
0.000077 -0.003473 1.000000
23.563811 -46.372818 -574.090274
29.291437 -54.422755 -26302.571090
0.044951 -0.095629 1.000000
-0.904312 -0.249100 -87.540995
-0.727746 -0.254410 -40.194300
-0.001660 -0.000719 1.000000
0.258960 -1.614272 1709.364809
0.268260 -1.310336 -774.828793
0.000375 -0.003266 1.000000
-0.481567 -1.217051 235.970938
-0.318874 -1.278580 -36.577228
-0.000658 -0.002229 1.000000
0.142181 -1.772675 807.316483
0.211808 -1.467324 -657.199259
0.000378 -0.003613 1.000000
0.626014 -2.709037 1642.987084
0.681058 -1.736685 -584.751837
0.001586 -0.005178 1.000000
-0.955287 -0.352084 1225.123121
-0.841486 -0.111875 -8.581639
-0.001662 -0.000356 1.000000
7.432785 -11.117014 11036.150113
5.804144 -10.551864 -236.307425
0.013085 -0.022966 1.000000
-0.335456 -1.151469 -1229.385174
-0.250275 -0.793654 554.209333
-0.000669 -0.001896 1.000000
0.714157 -1.987164 -480.578493
0.287258 -1.498791 -563.946573
0.000817 -0.003807 1.000000
3.002657 -5.565166 5445.642532
2.776594 -5.235764 -259.327489
0.006348 -0.011496 1.000000
-0.419926 -0.528873 1721.000442
-0.281048 -0.447783 -167.325983
-0.001178 -0.001400 1.000000
-0.761336 -0.827882 879.504569
-0.273352 -0.597418 41.943223
-0.000830 -0.001595 1.000000
0.338612 -1.854467 -649.854424
0.111424 -1.346216 -349.815263
0.000387 -0.003518 1.000000
-0.133537 -1.010291 708.232281
-0.029935 -1.091812 -260.203691
-0.000320 -0.002263 1.000000
0.008537 -1.788302 -1217.441103
0.049385 -1.717362 352.699606
-0.000064 -0.003196 1.000000
0.069259 -1.889711 -471.857795
0.468150 -1.468658 -795.912871
0.000457 -0.003541 1.000000
-1.166666 -0.187419 1959.013272
-0.773755 -0.025884 1222.304454
-0.001847 -0.000530 1.000000
0.271408 -2.178639 -417.895422
0.369683 -1.941390 -611.968966
0.001039 -0.004439 1.000000
3.011086 -7.376153 -4323.626370
2.228509 -5.293212 -38.273398
0.005356 -0.011711 1.000000
-1.385160 0.321421 179.329763
-1.050948 0.281113 -623.241024
-0.002107 0.000035 1.000000
0.686188 -2.732679 2207.891742
1.341518 -3.777675 -818.690916
0.002467 -0.006908 1.000000
-7.219314 8.331567 1799.303104
-5.255241 5.662437 8215.446068
-0.010605 0.011314 1.000000
-0.037689 -1.700868 -127.831954
0.189174 -1.542325 -666.954688
-0.000139 -0.002942 1.000000
0.246624 -1.560051 484.082030
0.289915 -1.480709 -173.308547
0.000420 -0.003194 1.000000
-0.464844 -0.562282 362.988209
-0.450966 -0.497118 111.120031
-0.001137 -0.001152 1.000000
-0.017315 -1.774342 -270.655190
0.168727 -1.720715 -286.144546
0.000022 -0.003138 1.000000
62.273526 -93.403343 -11542.477043
55.356964 -100.822960 -43306.460614
0.096113 -0.175472 1.000000
-0.309197 -0.567830 2357.861080
-0.501227 -0.803040 -827.111722
-0.000965 -0.001603 1.000000
0.501924 -2.240366 -135.450701
0.616875 -2.064380 -1856.526538
0.001118 -0.003987 1.000000
-0.975041 -0.254482 788.660225
-0.361135 -0.362522 -680.995020
-0.001484 -0.000822 1.000000
0.648621 -2.482146 3133.375651
0.818592 -2.201671 -1389.539321
0.001060 -0.004255 1.000000
0.820694 -4.130367 252.740382
1.433126 -3.668295 -876.072493
0.001521 -0.006302 1.000000
-2.058006 2.825735 -1496.391594
-2.798752 2.258955 3751.852750
-0.005036 0.004502 1.000000
1.385993 -3.447444 -4937.664454
1.864959 -4.369267 -1363.863923
0.003715 -0.008209 1.000000
-1.119059 0.536616 1358.746691
-0.947803 0.161825 327.246117
-0.001874 0.000147 1.000000
0.080295 -1.789706 -211.400854
-0.063182 -1.232902 -61.324194
-0.000122 -0.002829 1.000000
0.156573 -1.503318 801.446088
0.213937 -1.088208 -408.051723
0.000254 -0.002725 1.000000
-0.515114 -1.530613 2853.961245
-0.200635 -0.551443 -935.782730
-0.000654 -0.002089 1.000000
-0.173148 -1.248607 1862.951896
-0.089260 -0.892458 -522.002106
-0.000452 -0.002333 1.000000
-1.839944 1.410220 3706.574712
-1.355794 1.095338 2715.002007
-0.003450 0.002557 1.000000
-0.218325 -1.418628 1849.557995
-0.012836 -0.844560 -115.336290
-0.000251 -0.002749 1.000000
-0.630591 -0.660152 344.706994
-0.413569 -0.448364 39.796298
-0.001169 -0.001177 1.000000
23.266724 -34.589865 34826.411374
12.623225 -21.166246 2039.304339
0.051132 -0.073293 1.000000
1.150958 -3.010247 -320.578224
1.309667 -2.977947 -987.887761
0.002261 -0.005829 1.000000
-1.138810 0.494023 -678.759869
-1.035403 0.551793 1243.788371
-0.002479 0.001002 1.000000
-0.024034 -1.544241 840.981073
0.232745 -1.375937 -671.009184
0.000130 -0.003505 1.000000
-0.410017 -1.055884 -103.949169
-0.229633 -0.774784 104.573866
-0.000818 -0.001679 1.000000
0.034340 -1.592372 452.969979
0.025979 -1.141337 -1048.407222
-0.000166 -0.002775 1.000000
-1.174368 0.096967 1471.963668
-0.852875 0.340533 -2605.072645
-0.002460 0.000362 1.000000
0.878408 -2.644518 -3295.411344
0.686959 -1.574613 -385.559395
0.002105 -0.005021 1.000000
-0.775749 -0.629460 451.085351
-0.571544 -0.347690 -159.065859
-0.001337 -0.000860 1.000000
3.264559 -9.790684 -5638.949902
1.850448 -6.067216 2091.498269
0.005810 -0.015079 1.000000
-0.577799 -1.003254 400.749253
-0.389934 -0.604615 -214.364584
-0.001112 -0.001438 1.000000
0.924446 -2.964772 -345.185521
0.631918 -1.644915 -1444.016800
0.001581 -0.004942 1.000000
-0.391390 -0.994759 -846.059697
-0.245689 -0.721208 1239.378739
-0.000652 -0.001955 1.000000
-0.864143 -0.775342 675.721188
-0.462821 -0.329157 -426.681625
-0.001286 -0.001015 1.000000
1.094535 -3.968884 4211.355767
0.639620 -1.966440 -1399.848103
0.002306 -0.006270 1.000000
-0.180136 -0.579210 -5.483800
-0.338387 -0.892367 206.148227
-0.000654 -0.001780 1.000000
-0.123962 -1.253473 -136.901213
-0.220433 -1.015001 -210.399408
-0.000363 -0.002263 1.000000
-2.943192 1.868359 1039.258348
-1.552777 1.219688 2463.010888
-0.004945 0.003591 1.000000
4.836810 -11.594755 -886.464619
5.563753 -9.928000 -6827.803999
0.011093 -0.021558 1.000000
0.507163 -2.503646 1149.096504
0.534180 -2.522326 -317.777937
0.000869 -0.005533 1.000000
-9.346004 9.790011 -3017.276892
-6.042632 6.994131 3398.217965
-0.015958 0.017527 1.000000
0.232078 -1.856675 834.797481
0.538929 -1.881412 -241.443432
0.000883 -0.004332 1.000000
-0.117594 -1.485714 717.843442
0.149240 -1.802198 -347.286313
0.000289 -0.003367 1.000000
1.294089 -2.501331 3821.598746
0.806589 -1.723015 -656.099538
0.002247 -0.005179 1.000000
1.667002 -3.161562 1868.601679
0.857938 -1.795379 -797.761660
0.002406 -0.005765 1.000000
0.310340 -1.855315 -1196.209522
0.241416 -1.372844 -1235.881749
0.000703 -0.003575 1.000000
-0.290963 -1.090611 362.282785
-0.224446 -1.009003 -79.809335
-0.000587 -0.002084 1.000000
1.035555 -3.020235 -1212.277045
1.088318 -2.908242 -422.358502
0.001518 -0.005205 1.000000
-0.161798 -1.477080 482.591156
0.428978 -1.666493 -442.022192
0.000146 -0.003650 1.000000
-0.223339 -1.109852 649.035839
-0.155210 -0.889041 -518.550393
-0.000378 -0.002432 1.000000
2.087102 -4.222421 845.623943
1.437713 -3.202408 -2605.076744
0.003928 -0.009436 1.000000
0.454817 -2.086244 529.176247
0.691796 -2.027294 -785.258277
0.000721 -0.004219 1.000000
-0.502756 -1.287992 564.242516
-0.290645 -1.073514 4.373245
-0.000789 -0.002100 1.000000
24.619628 -43.400122 -21556.677282
23.726307 -40.789977 -32572.348238
0.059546 -0.092357 1.000000
-0.504264 -0.671953 -242.116572
-0.356565 -0.493410 -286.863790
-0.001205 -0.001311 1.000000
-0.086383 -1.129103 471.009335
-0.091029 -0.989312 -304.262878
-0.000785 -0.002040 1.000000
8.900688 -14.668705 -22504.816920
8.048503 -14.838580 -2481.508293
0.018718 -0.031704 1.000000
-0.161205 -1.254256 153.085307
-0.026317 -1.045547 -330.500232
-0.000197 -0.002388 1.000000
0.081101 -1.453276 1469.529228
0.283812 -1.535823 -184.897683
0.000383 -0.003310 1.000000
0.115901 -1.343749 278.474661
0.031412 -0.920135 -231.265206
-0.000162 -0.002479 1.000000
0.010643 -2.175500 -1735.972079
0.380091 -1.882683 -570.309402
0.000529 -0.004280 1.000000
-0.400581 -0.820712 -645.393511
-0.526930 -0.591216 469.057604
-0.000877 -0.001562 1.000000
0.582054 -2.334204 -844.892641
0.558693 -1.832610 -187.035571
0.000990 -0.004911 1.000000
-0.377941 -0.818937 574.846005
-0.184037 -1.184229 -289.350772
-0.000765 -0.002134 1.000000
0.015744 -1.376777 516.584579
0.017431 -1.209816 -65.297910
0.000012 -0.002636 1.000000
-0.449573 -1.442325 357.377511
-0.108163 -1.040137 -122.409324
-0.000554 -0.002329 1.000000
-0.592887 -0.754076 -386.077290
-0.345653 -0.514628 -296.242024
-0.001147 -0.001155 1.000000
0.664257 -2.303655 -1918.750056
0.835704 -1.596529 -1481.921420
0.002218 -0.005593 1.000000
1.120369 -4.018665 -623.226099
0.935962 -3.042775 -534.512801
0.001681 -0.006573 1.000000
1.690061 -5.382216 -949.459623
0.921099 -3.454551 -1734.788728
0.003302 -0.009610 1.000000
0.070114 -1.893516 -1453.243115
0.041796 -1.308157 542.398866
-0.000243 -0.003308 1.000000
-0.222971 -1.490617 -625.961330
-0.261485 -1.130336 142.952188
-0.000256 -0.002715 1.000000
-3.735163 3.821717 6498.172603
-1.866001 2.250771 732.652588
-0.007138 0.007237 1.000000
0.482464 -2.679106 1204.744195
0.393434 -1.668569 -1108.050315
0.001208 -0.004122 1.000000
-0.127816 -1.015260 -86.448377
0.135898 -1.335009 -357.466588
0.000004 -0.002928 1.000000
0.052565 -1.086178 -120.611318
-0.027348 -0.750204 -416.453060
-0.000333 -0.002252 1.000000
0.547822 -2.224422 357.958489
0.682543 -2.095784 -669.989023
0.001120 -0.004521 1.000000
-0.740098 -0.705793 1049.346345
-0.301727 -0.446973 -629.686176
-0.001232 -0.001026 1.000000
-0.353435 -0.982421 496.398700
-0.103943 -0.638614 -372.755204
-0.000730 -0.001888 1.000000
-0.405260 -0.769230 869.917563
-0.193751 -0.642389 -410.034071
-0.000813 -0.001492 1.000000
1.336645 -3.040264 1575.161197
1.025928 -2.634061 -520.656657
0.002509 -0.006427 1.000000
0.117687 -1.845559 1066.458950
0.264979 -1.228180 -354.395844
0.000243 -0.003048 1.000000
0.571251 -1.924422 1345.198589
0.228107 -1.756143 -261.633029
0.000537 -0.004001 1.000000
-0.308323 -1.997830 1770.714831
0.171540 -1.437032 -1015.544331
-0.000086 -0.003289 1.000000
-0.182408 -1.173281 827.042950
-0.116110 -0.985765 -242.711908
-0.000590 -0.002008 1.000000
-9.807033 11.481612 1580.534421
-4.392572 9.213145 9115.384195
-0.013641 0.021619 1.000000
-2.602401 2.307139 -2785.724850
-1.690918 1.643375 2995.819746
-0.004526 0.003567 1.000000
0.059896 -1.957292 2883.984260
0.068511 -1.259874 -590.749626
0.000085 -0.003199 1.000000
-0.223041 -0.993702 960.174763
-0.129483 -0.865917 -227.711947
-0.000446 -0.002261 1.000000
-3.372863 4.442873 -3470.461457
-2.373305 4.561915 1244.680771
-0.006557 0.009790 1.000000
0.013971 -1.576559 220.689212
-0.182287 -1.118127 -1354.155618
0.000210 -0.003151 1.000000
-0.137964 -1.779845 1017.528961
-0.111533 -1.236309 -844.839921
0.000004 -0.003217 1.000000
-2.552557 2.432783 8662.561228
-1.046592 1.208632 -382.350771
-0.005148 0.004941 1.000000
-0.282286 -1.125436 1270.749274
0.074592 -0.725465 -65.921523
-0.000494 -0.002322 1.000000
-2.553324 2.418425 1685.898714
-1.604789 1.809853 2447.136512
-0.004940 0.004081 1.000000
0.674794 -2.515043 522.188398
0.510637 -2.537092 -713.405277
0.001139 -0.004714 1.000000
-0.419083 -0.895362 -340.445680
-0.191795 -0.698527 -162.801049
-0.000962 -0.001670 1.000000
2.156854 -4.217978 4720.412084
1.418679 -3.594605 -382.193253
0.003207 -0.008042 1.000000
-0.260181 -1.433990 365.300683
-0.214697 -1.198578 -250.199138
-0.000501 -0.002686 1.000000
-0.032269 -1.699153 180.812756
0.108481 -0.917891 -250.302030
0.000034 -0.002804 1.000000
-0.853425 -0.166385 295.119377
-0.330764 -0.208948 -271.692543
-0.001360 -0.000546 1.000000
-0.800876 -0.804805 1020.241185
-0.259488 -0.256915 -472.767443
-0.001153 -0.001017 1.000000
-0.542006 -1.004730 1018.864517
-0.217363 -0.744863 -432.758928
-0.000716 -0.001935 1.000000
-0.534928 -0.877002 991.636761
-0.389906 -0.639087 -616.336772
-0.001041 -0.001691 1.000000
1.705443 -3.986635 1563.618259
1.447957 -3.108203 -1465.318691
0.004194 -0.008081 1.000000
-0.293308 -0.677503 1315.962334
-0.336657 -0.877138 -201.048650
-0.000837 -0.001874 1.000000
1.258890 -3.623441 856.917711
1.526570 -3.663941 -1446.579150
0.002778 -0.007330 1.000000
0.090147 -1.500919 945.201476
0.198711 -1.196114 -256.585844
0.000211 -0.002918 1.000000
21.411856 -46.622858 -9501.069431
14.997358 -40.940014 -4465.825983
0.050297 -0.074175 1.000000
0.309899 -2.330043 560.987473
0.270947 -1.490316 -207.300261
0.000656 -0.003503 1.000000
-0.273705 -1.298648 1183.985370
0.028748 -1.162458 -376.377940
-0.000445 -0.002629 1.000000
-0.122424 -1.388052 1171.900077
-0.010301 -1.261878 -110.236600
-0.000260 -0.002772 1.000000
0.193454 -1.614877 484.096663
-0.068644 -1.281689 -614.593273
-0.000254 -0.002976 1.000000
-1.617544 0.687496 3116.261847
-0.828650 0.301690 -1238.479546
-0.002765 0.001038 1.000000
0.033991 -1.598519 -1103.422239
0.037226 -1.037666 -2164.291554
-0.000095 -0.002802 1.000000
-0.375842 -1.218049 -520.399783
-0.068165 -0.814053 -836.856523
-0.000770 -0.002003 1.000000
0.262310 -2.316625 1007.643827
0.398387 -1.606654 -1060.877214
0.000760 -0.004041 1.000000
0.907514 -2.861674 1059.263127
0.423826 -1.714453 -1169.408719
0.000994 -0.004799 1.000000
-0.016100 -1.630812 210.027488
0.086226 -0.804763 -524.511524
-0.000180 -0.002578 1.000000
-0.201855 -1.577947 537.354751
0.071476 -1.111198 -51.322517
-0.000196 -0.002508 1.000000
3.208266 -5.530255 -704.895797
2.006309 -5.127029 -1838.233931
0.006059 -0.010911 1.000000
0.457731 -2.047116 279.571747
0.549844 -2.295473 -328.066646
0.001649 -0.004841 1.000000
-0.318256 -1.022637 486.988406
-0.176117 -0.833383 -343.495604
-0.000628 -0.002045 1.000000
0.144955 -1.703226 410.427804
0.024353 -1.526952 -119.445647
0.000283 -0.003378 1.000000
-0.318585 -0.604314 418.177387
-0.180040 -0.770678 -252.942382
-0.000681 -0.001679 1.000000
2.020255 -4.951718 -2313.129560
1.813811 -4.969092 -3273.913964
0.005159 -0.012370 1.000000
-0.287093 -0.703124 713.002597
-0.168268 -0.739351 -145.516826
-0.000673 -0.001824 1.000000
-0.360263 -0.760749 -183.543881
-0.374018 -0.561446 -319.197009
-0.001094 -0.001391 1.000000
-0.600460 -0.926276 1212.682156
-0.188589 -0.600671 -139.608508
-0.001005 -0.001536 1.000000
-0.287225 -1.407046 170.025158
-0.128385 -1.690732 -92.369620
-0.000410 -0.003016 1.000000
-0.050560 -1.188573 833.876759
-0.070215 -1.676805 -577.265708
0.000078 -0.003048 1.000000
-0.053704 -1.183128 -6.015554
-0.017583 -1.203318 161.642750
-0.000023 -0.002524 1.000000
0.169846 -1.053373 5.454735
-0.062050 -1.416945 69.258001
-0.000102 -0.002774 1.000000
0.141256 -1.461297 916.075895
0.320108 -1.778565 -291.306094
0.000372 -0.003354 1.000000
0.296576 -2.030058 2018.704679
0.014222 -1.008151 -54.252894
0.000205 -0.003158 1.000000
-0.140241 -1.642902 699.450308
-0.137882 -0.883435 -97.580372
-0.000415 -0.002581 1.000000
1.131035 -3.049192 211.536518
0.274518 -1.489372 -838.548703
0.001249 -0.004415 1.000000
-0.174921 -1.215136 1747.386309
-0.101269 -0.793316 -874.546959
-0.000634 -0.001995 1.000000
-0.610623 -0.833165 363.652602
-0.196568 -0.505541 -171.706797
-0.000960 -0.001541 1.000000
0.171548 -2.402865 272.454661
0.355842 -1.545706 -285.612572
0.000642 -0.003716 1.000000
0.650923 -2.330720 1367.636405
0.880248 -3.419817 -991.482178
0.001844 -0.006870 1.000000
0.250666 -1.781237 -17.814948
0.318948 -1.676577 -615.233375
0.000710 -0.003483 1.000000
1.497125 -3.491844 -3155.665063
1.734995 -4.055808 -1286.832394
0.002981 -0.007032 1.000000
0.760911 -2.642594 -995.994507
0.511802 -2.541116 146.965076
0.000785 -0.004203 1.000000
0.961258 -3.675988 -243.851957
0.704285 -3.376609 8.536854
0.000991 -0.005573 1.000000
-13.718584 25.539780 22665.442748
-6.004769 11.066633 -5824.829924
-0.020590 0.033174 1.000000
0.116497 -1.892121 772.609492
0.285153 -2.020664 4.197310
0.000481 -0.003971 1.000000
2.342865 -5.471801 2609.554870
3.072627 -6.249718 -2168.071282
0.006181 -0.012064 1.000000
-0.177941 -1.739368 30.374381
-0.040006 -0.983866 -25.924394
-0.000164 -0.002859 1.000000
-0.187524 -1.476252 335.187675
0.258669 -1.756572 32.758018
0.000480 -0.003533 1.000000
0.062961 -0.995056 320.710831
-0.075882 -0.686946 120.921503
-0.000247 -0.002110 1.000000
-0.010651 -0.965191 365.683732
-0.030633 -0.947784 -26.716117
-0.000124 -0.002131 1.000000
0.152987 -1.325751 397.025961
0.110633 -0.974011 -86.647158
0.000087 -0.002729 1.000000
-0.185865 -0.946091 -330.666393
-0.079523 -0.800505 158.792394
-0.000247 -0.002092 1.000000
-0.127206 -0.902948 270.917160
-0.124886 -0.980417 10.872590
-0.000370 -0.002132 1.000000
0.266136 -1.457335 371.670808
0.215149 -1.029313 -166.540331
0.000434 -0.002860 1.000000
1.147867 -3.606316 1229.844109
0.898707 -3.353930 -978.645767
0.002198 -0.008083 1.000000
-2.364040 1.913641 -349.442951
-1.397195 1.361603 1348.805215
-0.004063 0.003125 1.000000
-0.382496 -0.824943 538.690685
-0.207537 -0.878090 -74.517258
-0.000531 -0.001942 1.000000
0.240646 -1.749651 806.024082
0.189957 -1.606508 -562.254608
0.000232 -0.003607 1.000000
-0.408636 -1.304567 424.018775
-0.176947 -1.194787 -70.683735
-0.000591 -0.002290 1.000000
