-0.043372 -1.478091 307.470038
0.049822 -1.118059 -45.323892
-0.000056 -0.002933 1.000000
-0.175602 -1.002457 401.445663
0.076337 -1.469570 -192.257808
-0.000016 -0.004045 1.000000
0.123616 -0.905327 92.954862
-0.200832 -0.674211 69.162890
0.000087 -0.002719 1.000000
-0.252990 -1.494452 173.080887
-0.035386 -1.142221 -80.335188
-0.000151 -0.003145 1.000000
0.019404 -2.078941 610.167054
0.000236 -1.989181 -238.272282
-0.000072 -0.003906 1.000000
-0.482068 -0.573822 -291.279258
-0.296809 -0.363355 125.387867
-0.001011 -0.001268 1.000000
-0.171512 -2.106053 381.806036
-0.161412 -1.594705 127.600437
-0.000014 -0.003388 1.000000
-0.144631 -1.088703 335.120473
-0.357421 -1.594633 288.473129
-0.000264 -0.002892 1.000000
-0.016350 -1.201287 298.719228
-0.132931 -1.204181 -148.380025
-0.000376 -0.002830 1.000000
-0.125759 -1.686523 542.451296
-0.263265 -2.172438 199.427441
-0.000382 -0.003457 1.000000
0.248596 -1.815578 654.739551
-0.058378 -1.112148 -102.194635
0.000362 -0.003269 1.000000
0.003601 -3.436246 -7.065511
-0.225517 -2.244826 299.018529
-0.000002 -0.004544 1.000000
-0.326428 -1.029099 365.489094
-0.416977 -1.641473 239.174821
-0.000450 -0.002956 1.000000
-0.366261 -1.110729 506.846732
-0.414980 -1.586353 332.683044
-0.000710 -0.002606 1.000000
-0.007849 -0.796051 664.096478
-0.003161 -1.741289 148.605031
0.000081 -0.003434 1.000000
-0.055288 -1.228358 429.244346
-0.148197 -1.477880 42.506127
-0.000164 -0.003593 1.000000
0.235145 -1.707606 144.180118
0.254499 -1.942045 -284.386328
0.000460 -0.004338 1.000000
0.057606 -1.490084 268.752440
0.098404 -1.430849 -21.704358
0.000624 -0.004025 1.000000
0.017858 -2.094415 109.871747
0.080214 -1.837150 -508.143181
0.000349 -0.004554 1.000000
0.131791 -2.069779 425.966639
0.043655 -1.342580 -341.400643
0.000621 -0.003855 1.000000
-0.041786 -1.181385 227.179043
-0.182374 -0.934897 136.919936
-0.000133 -0.002543 1.000000
-0.131528 -1.951584 198.619499
-0.244926 -1.581732 125.643568
-0.000549 -0.002748 1.000000
-0.919531 -0.885341 278.424412
-0.762990 -0.791398 228.353612
-0.001396 -0.001082 1.000000
0.405153 -1.606596 94.034649
0.057940 -2.212086 -56.120390
0.000508 -0.004601 1.000000
-0.128491 -1.294139 516.934055
-0.207073 -2.454627 147.316779
-0.000146 -0.004458 1.000000
-0.243829 -1.195638 428.950293
-0.194401 -1.372872 -162.250023
-0.000499 -0.002993 1.000000
-0.094045 -1.644684 15.860847
-0.181151 -1.100759 44.106260
-0.000416 -0.002799 1.000000
-0.020798 -1.519039 216.046069
-0.034280 -1.665265 106.587384
0.000003 -0.003313 1.000000
-0.250076 -1.095529 396.477513
-0.271677 -1.449777 260.280354
-0.000234 -0.002929 1.000000
-0.091898 -0.500071 200.886027
-0.425744 -2.478878 537.822375
-0.000632 -0.003530 1.000000
-0.345580 -1.467579 637.333163
0.087613 -0.985374 -473.591902
-0.000218 -0.002903 1.000000
1.300294 -3.439826 -388.336062
-0.039070 -2.824212 -502.959466
0.001888 -0.007816 1.000000
-0.031722 -0.505771 355.493281
-0.314340 -1.533999 229.746209
-0.000615 -0.002868 1.000000
-0.250352 -0.885114 365.641369
-0.142220 -1.447580 -68.109621
-0.000386 -0.002980 1.000000
-0.159878 -0.985170 475.406983
-0.228563 -1.099101 65.580117
-0.000364 -0.002540 1.000000
-0.058438 -1.369788 669.805198
0.071960 -1.239202 -295.790105
-0.000066 -0.002944 1.000000
0.252459 -1.873857 426.132042
0.029534 -1.448857 -90.649718
-0.000034 -0.003582 1.000000
-0.313270 -1.370465 347.237347
-0.218390 -1.283973 158.278238
-0.000524 -0.002380 1.000000
-0.044264 -1.433390 84.712656
-0.177916 -1.376404 48.541510
-0.000128 -0.003165 1.000000
0.011176 -0.541254 324.759725
-0.073054 -0.703867 -109.134746
-0.000527 -0.002174 1.000000
-0.477759 -0.205555 1077.427487
-0.424965 -0.196706 332.880262
-0.001337 -0.000929 1.000000
-0.075928 -1.556996 215.833355
-0.091412 -1.378003 -120.643396
-0.000037 -0.003485 1.000000
0.009120 -0.546734 357.525507
-0.203894 -1.202910 150.193691
-0.000425 -0.002876 1.000000
-0.100669 -0.976154 266.585972
0.004156 -0.845011 -321.568437
-0.000249 -0.002310 1.000000
0.383901 -1.642035 661.725265
0.007025 -0.990313 -1239.381592
0.000545 -0.003871 1.000000
-0.061200 -1.116784 809.098447
-0.129208 -0.809004 -112.620410
-0.000623 -0.002720 1.000000
0.290618 -1.561722 379.563416
0.329468 -1.496877 -482.139372
0.000317 -0.003958 1.000000
2.953802 -5.409138 -1173.994028
1.453888 -3.866962 -2370.202228
0.004807 -0.011405 1.000000
-0.365685 -0.633548 904.302330
-0.236996 -0.784787 157.087930
-0.000741 -0.001980 1.000000
-0.111184 -0.742668 493.161775
-0.288155 -1.023439 -164.402892
-0.000634 -0.002670 1.000000
0.226414 -0.882294 654.880269
0.020121 -1.191666 90.173731
-0.000136 -0.003412 1.000000
-0.051138 -0.774117 688.653327
-0.019994 -1.078644 -84.667034
-0.000186 -0.003110 1.000000
-0.117372 -1.043361 1024.407638
-0.188994 -1.000475 -392.142506
-0.000407 -0.002459 1.000000
-12.777184 17.970312 11017.361776
-11.175614 19.700025 18802.520148
-0.024807 0.048946 1.000000
0.041266 -1.566726 793.481341
0.014384 -0.963983 -51.606281
-0.000048 -0.002851 1.000000
0.048299 -1.742781 677.427050
-0.090243 -1.409325 -33.140449
-0.000333 -0.003470 1.000000
0.584135 -2.471798 890.437560
0.553174 -1.853967 -1677.997843
0.001155 -0.005754 1.000000
-0.160712 -1.329300 1302.267716
0.049936 -0.881862 -258.955691
-0.000285 -0.002808 1.000000
-0.179294 -1.211290 459.030147
-0.122341 -0.970755 -160.414174
-0.000305 -0.002930 1.000000
1.456609 -6.535171 7089.821272
1.878718 -7.008811 -3297.282510
0.005156 -0.016114 1.000000
-0.062999 -2.033922 42.246358
-0.227796 -1.982553 -255.983202
0.000703 -0.004704 1.000000
-0.174382 -1.293054 667.016514
-0.243637 -1.016603 56.668582
-0.000427 -0.002324 1.000000
0.146937 -0.714028 76.255633
-0.096998 -0.748181 -33.710155
0.000340 -0.002914 1.000000
-0.320130 -0.730416 409.358046
-0.173386 -0.825821 -59.558682
-0.000459 -0.002141 1.000000
-0.287495 -1.588189 569.947098
0.027691 -1.128046 -164.931117
-0.000245 -0.002780 1.000000
-1.237972 0.711124 1802.132892
-1.100589 0.507223 2741.926843
-0.002929 0.002015 1.000000
-0.340398 -1.318267 348.210920
-0.120136 -1.016356 -46.571430
-0.000520 -0.002578 1.000000
0.756693 -2.482273 -636.637785
0.655790 -2.454137 -858.400324
0.001877 -0.006546 1.000000
-1.466469 1.565767 2007.531615
-0.441001 0.589629 491.154791
-0.004188 0.004200 1.000000
-0.167198 -0.658160 338.019771
-0.152180 -0.727868 -338.479422
-0.000498 -0.002059 1.000000
-0.124802 -0.975379 376.035870
-0.233825 -1.469561 123.046630
-0.000338 -0.002838 1.000000
-0.099002 -1.644232 889.529081
0.007026 -1.686339 -811.999763
-0.000019 -0.004113 1.000000
0.034401 -2.842912 -1121.089458
-0.032132 -2.847570 128.526224
0.001612 -0.006992 1.000000
-0.010814 -1.570149 219.092076
-0.080999 -1.273878 -417.858133
-0.000136 -0.003345 1.000000
0.097976 -1.497025 332.012066
0.009054 -1.330254 -311.766486
0.000392 -0.004051 1.000000
0.312200 -1.664623 767.522409
0.462851 -2.082845 -466.292458
0.001229 -0.005085 1.000000
-0.111614 -0.819368 133.331675
-0.185614 -0.673512 26.919563
-0.000533 -0.001970 1.000000
-0.085184 -0.875705 197.584398
0.021824 -0.728650 -73.423800
0.000323 -0.002845 1.000000
0.059424 -2.309440 -165.277189
0.250360 -1.974304 69.044387
0.000700 -0.004666 1.000000
-0.026188 -1.093682 149.053180
-0.130649 -0.966716 -99.395832
-0.000366 -0.002444 1.000000
-0.096213 -2.528985 357.234283
-0.106799 -1.735642 123.428073
0.000069 -0.003864 1.000000
-0.251088 -2.153094 276.183749
-0.087232 -1.743847 157.648940
-0.000257 -0.003521 1.000000
0.129606 -2.162791 37.755885
-0.278156 -2.502107 58.429228
-0.000524 -0.004353 1.000000
-0.068024 -1.843555 319.409022
-0.164810 -1.411367 -430.562411
-0.000033 -0.003569 1.000000
0.125659 -0.852109 -131.720822
-0.088092 -0.926242 56.938892
0.000166 -0.002873 1.000000
0.230989 -1.226008 109.212429
0.023797 -0.862730 -1.018856
0.000463 -0.002972 1.000000
0.449331 -1.905201 -453.533965
0.639041 -2.080534 -335.942828
0.001298 -0.004808 1.000000
-0.001688 -1.469142 -50.209778
-0.098216 -1.136774 -68.120818
-0.000321 -0.002714 1.000000
0.125971 -1.180678 -607.241064
-0.192691 -1.455798 36.310187
-0.000091 -0.003536 1.000000
-0.267753 -1.130924 395.204596
-0.233855 -1.289190 -126.840259
-0.000632 -0.002466 1.000000
-0.188184 -1.411318 149.343555
-0.000245 -1.338433 -50.619127
-0.000304 -0.003336 1.000000
-0.368319 -1.629718 222.396850
-0.304324 -1.208985 -25.430124
-0.000541 -0.002960 1.000000
-0.138879 -1.122001 69.435198
-0.166221 -1.492184 168.693020
-0.000286 -0.002752 1.000000
2.814955 -10.335907 -3599.984629
0.468798 -6.806240 -567.860261
0.017409 -0.035457 1.000000
0.012310 -1.266707 503.719840
-0.030541 -0.959132 -323.548315
0.000197 -0.003342 1.000000
-0.118644 -1.364966 648.848480
-0.257894 -1.350017 35.181572
-0.000519 -0.002799 1.000000
-0.521038 -1.182027 -134.032373
-0.260527 -0.953509 -266.818780
-0.000786 -0.002567 1.000000
0.517147 -1.760342 151.949055
0.135567 -1.921052 -51.609508
0.000807 -0.004637 1.000000
0.340619 -2.124696 174.399499
0.028151 -2.441010 -146.864198
0.000284 -0.004349 1.000000
0.544745 -2.934294 -50.608401
0.098129 -2.507264 -139.307243
0.000328 -0.004884 1.000000
-0.308885 -1.384986 355.951048
-0.228087 -1.262414 90.981602
-0.000520 -0.002674 1.000000
-0.368449 -0.716268 462.045072
-0.395808 -0.811705 -95.082641
-0.000900 -0.001801 1.000000
-0.240764 -1.172815 352.302436
-0.253155 -0.929067 156.846453
-0.000407 -0.002208 1.000000
0.342559 -2.931643 -35.791440
0.508223 -2.505061 -851.995932
0.001161 -0.006480 1.000000
-0.548085 -2.897421 263.643180
-0.229756 -2.453127 124.518875
-0.000040 -0.004965 1.000000
0.173915 -1.304597 312.613852
0.309328 -1.347867 -556.539674
0.000096 -0.003763 1.000000
-0.048107 -3.272508 245.747643
-0.151034 -2.359729 -5.857527
-0.000570 -0.005655 1.000000
0.014342 -2.860535 272.838392
-0.146773 -2.027106 43.928508
-0.000060 -0.003987 1.000000
0.244508 -1.753187 103.202915
-0.004182 -1.690188 -243.922910
-0.000058 -0.003353 1.000000
-0.197505 -1.522852 173.495811
-0.083265 -1.970148 164.491923
-0.000297 -0.003510 1.000000
-0.125473 -2.559993 283.165809
0.222576 -2.767277 -22.186673
0.000425 -0.005243 1.000000
-0.142306 -1.365114 385.135587
-0.197995 -1.106900 -165.421940
-0.000548 -0.002467 1.000000
-0.157404 -0.969379 321.827604
-0.066207 -0.819111 -0.485320
-0.000457 -0.002188 1.000000
-0.221880 -1.573221 740.401719
-0.180504 -1.489738 94.439982
-0.000384 -0.002885 1.000000
-0.031049 -1.274215 245.236771
-0.066346 -1.272916 149.670434
-0.000095 -0.002831 1.000000
-0.266919 -0.899440 -125.523479
-0.334873 -1.066859 208.702215
-0.000536 -0.002334 1.000000
0.908532 -5.040402 -297.103208
0.950983 -3.879467 -457.027949
0.001893 -0.008010 1.000000
-0.452251 -2.000978 404.350134
-0.288756 -1.331466 34.796131
-0.000429 -0.003070 1.000000
-0.350514 -2.145366 411.974838
-0.219960 -1.441641 -18.782166
-0.000453 -0.003389 1.000000
-0.175368 -1.420043 369.813691
-0.262280 -1.572739 117.826827
-0.000196 -0.003006 1.000000
-0.387598 -1.128168 467.090149
-0.238127 -0.977466 35.505626
-0.000561 -0.002126 1.000000
-0.097609 -2.095578 492.284322
-0.104586 -1.602633 -25.026456
0.000071 -0.003707 1.000000
0.176210 -1.688791 348.639352
-0.169845 -1.360885 97.160607
0.000068 -0.003368 1.000000
-0.280199 -0.961120 362.178384
-0.129863 -1.058230 -74.010055
-0.000364 -0.002432 1.000000
-0.002007 -2.522315 417.716091
0.032100 -2.253434 -210.164806
0.000269 -0.004469 1.000000
0.446600 -1.930213 577.785295
-0.128891 -1.177975 63.131046
0.000229 -0.003129 1.000000
-0.332352 -1.623641 650.706290
0.073172 -2.219292 51.001365
-0.000044 -0.003844 1.000000
-0.132477 -1.727333 751.645025
-0.122353 -1.373183 -78.293444
-0.000060 -0.003349 1.000000
-0.181627 -2.132675 709.067305
-0.016802 -2.341565 -162.207010
0.000090 -0.004501 1.000000
0.448243 -1.634228 170.584956
0.016580 -2.033135 -113.541331
0.000349 -0.004216 1.000000
-0.253612 -1.787056 657.177755
-0.164861 -1.912781 123.365756
-0.000089 -0.003446 1.000000
-0.010813 -1.440206 815.897782
-0.136454 -1.186961 -45.770907
-0.000063 -0.003117 1.000000
-0.281836 -1.110176 533.204527
-0.284876 -1.266290 29.170159
-0.000673 -0.002217 1.000000
-0.298020 -1.172221 456.411091
-0.291378 -1.366793 -12.233282
-0.000548 -0.002632 1.000000
-0.438991 -2.264114 549.453722
-0.136615 -1.587650 224.437768
-0.000273 -0.003131 1.000000
-0.146168 -2.760849 407.540103
0.036569 -1.837041 -74.829975
0.000439 -0.004575 1.000000
-0.368188 -1.634090 270.427395
-0.067204 -0.961846 44.357959
-0.000317 -0.002559 1.000000
-0.036549 -2.754682 351.419800
0.407413 -2.307291 -269.629466
0.000458 -0.004642 1.000000
-0.219068 -0.977257 372.592317
-0.177178 -1.062689 214.545183
-0.000297 -0.002334 1.000000
0.425278 -2.724623 1846.052303
0.024291 -1.563791 -8.046457
0.000968 -0.004671 1.000000
-0.256889 -2.016795 1412.011096
0.215608 -2.072584 -150.247691
0.000428 -0.004698 1.000000
0.040540 -1.773824 595.741049
-0.256502 -1.946517 54.869722
-0.000217 -0.003778 1.000000
0.403798 -2.852762 2838.982282
0.493526 -1.561556 -672.377025
0.000941 -0.004932 1.000000
-2.645308 2.267118 -1127.300516
-1.482640 1.139527 910.617392
-0.004189 0.003888 1.000000
0.285149 -2.805102 1342.120323
-0.136836 -1.858360 125.649823
0.000773 -0.004607 1.000000
-0.302163 -0.840618 477.627656
-0.383988 -1.411860 242.282464
-0.000693 -0.002516 1.000000
-0.016345 -1.063441 466.944995
-0.209565 -1.521759 40.144663
-0.000176 -0.003233 1.000000
-0.326113 -1.319964 468.126913
-0.334613 -1.318431 74.267707
-0.000734 -0.002382 1.000000
-0.178473 -2.063981 331.457903
-0.136581 -1.355048 138.347015
0.000037 -0.003410 1.000000
-0.296361 -1.472120 207.194612
-0.268101 -1.093916 58.335980
-0.000441 -0.002776 1.000000
0.447764 -2.496683 -997.786995
0.043098 -0.923372 -286.795801
0.000941 -0.005365 1.000000
-0.361170 -1.081399 852.755221
-0.170795 -0.709613 -13.765420
-0.000660 -0.002293 1.000000
-0.263940 -1.502087 898.324611
-0.245136 -0.847230 55.158914
-0.000455 -0.002750 1.000000
-0.136440 -2.508941 737.881675
-0.019328 -1.127993 -426.914207
0.000118 -0.003834 1.000000
0.552145 -2.785621 963.234115
0.174275 -1.409976 -344.282971
0.000616 -0.004810 1.000000
0.106794 -1.902014 1567.266109
-0.173484 -1.110285 233.842213
-0.000041 -0.003133 1.000000
-0.277347 -1.549939 -99.858139
-0.233815 -0.989847 -189.960166
-0.000339 -0.002939 1.000000
-1.251684 0.642947 93.600133
-0.856852 0.346026 1395.821428
-0.002268 0.000804 1.000000
-0.622280 -1.202569 808.843663
-0.441277 -1.063814 22.506904
-0.000933 -0.002345 1.000000
-0.387209 -1.776151 419.218653
-0.349056 -2.020794 200.246445
-0.000469 -0.003330 1.000000
0.256961 -1.516167 381.138883
-0.115364 -1.974257 191.574082
-0.000034 -0.003621 1.000000
0.012477 -1.177702 283.460342
-0.124299 -1.225212 136.807776
0.000188 -0.003050 1.000000
-0.272548 -1.191694 482.937808
-0.244984 -1.273442 291.605610
-0.000319 -0.002527 1.000000
-0.099077 -1.883976 176.434129
-0.202149 -1.689894 166.840888
-0.000502 -0.003556 1.000000
-0.017034 -0.711520 181.499943
-0.249850 -1.338299 170.734149
-0.000480 -0.002777 1.000000
-0.049853 -0.673049 146.199892
-0.256875 -1.410962 169.835290
-0.000602 -0.002806 1.000000
-0.248118 -0.800544 501.581106
-0.517777 -1.459513 -108.772645
-0.000951 -0.002219 1.000000
-2.307249 3.322277 3091.537585
-2.151739 2.422172 409.218075
-0.006231 0.008139 1.000000
-0.561076 -1.349716 377.505403
-0.268025 -1.525803 75.309235
-0.000818 -0.002799 1.000000
-0.167468 -1.295666 323.728632
-0.132837 -1.456423 184.958728
-0.000297 -0.002794 1.000000
-0.104918 -2.443097 863.926735
0.000795 -2.196751 -100.179521
0.000360 -0.004505 1.000000
0.414385 -2.482174 204.424921
0.470339 -2.942547 -50.173972
0.001398 -0.005635 1.000000
-0.048710 -1.143621 225.437608
-0.112021 -2.486980 124.585681
-0.000170 -0.004256 1.000000
-0.123100 -0.712792 209.036593
-0.152511 -0.999701 6.954100
-0.000749 -0.002661 1.000000
-0.000447 -2.139044 27.347604
-0.064169 -1.736982 53.192676
0.000203 -0.004530 1.000000
0.229977 -1.848869 101.238028
-0.131886 -1.984269 89.538718
0.000054 -0.003885 1.000000
-0.242452 -1.975987 554.311125
-0.345643 -1.643033 243.697945
-0.000484 -0.003218 1.000000
0.027589 -0.975172 141.549014
-0.137907 -0.793085 44.383905
-0.000233 -0.002348 1.000000
-0.179817 -1.433063 -454.025919
-0.111085 -0.610877 -242.221411
-0.000119 -0.003062 1.000000
-0.046515 -1.118685 146.483136
-0.158697 -0.998098 168.245491
-0.000235 -0.002889 1.000000
-0.287392 -1.318683 89.010691
-0.339147 -1.508813 98.770113
-0.000547 -0.003153 1.000000
-0.403680 -1.742751 442.971067
-0.280662 -1.951697 288.619588
-0.000583 -0.003280 1.000000
-0.373985 -1.066184 399.582075
-0.375253 -1.260220 142.598293
-0.000885 -0.002358 1.000000
-0.351873 -1.636091 436.382156
-0.278365 -1.397505 297.366066
-0.000539 -0.002710 1.000000
-0.172410 -2.286813 424.626519
-0.034450 -1.859600 9.735834
-0.000062 -0.003935 1.000000
-0.213689 -0.982692 -676.506061
-0.236237 -0.556259 358.131327
-0.000668 -0.002115 1.000000
-0.244485 -1.402420 135.701951
-0.050249 -1.880526 135.274815
0.000264 -0.004105 1.000000
-0.020702 -1.501825 572.081459
0.031056 -1.621571 -84.507256
0.000559 -0.003944 1.000000
-0.131766 -1.788864 714.543408
0.150524 -1.036632 -235.445464
0.000162 -0.003439 1.000000
-0.365134 -1.544710 545.985018
-0.245982 -1.408634 183.774942
-0.000544 -0.002559 1.000000
-0.476592 -1.508595 731.133532
-0.342515 -1.385362 53.875365
-0.000639 -0.002425 1.000000
-0.298666 -1.265385 204.826170
-0.324457 -1.139236 -24.848823
-0.000480 -0.002739 1.000000
-0.311645 -1.478907 261.886812
-0.254337 -0.772478 121.439925
-0.000532 -0.002421 1.000000
-0.595709 -1.604972 505.934893
-0.344711 -0.991345 -49.356768
-0.000797 -0.002312 1.000000
-0.188931 -0.701319 25.778130
-0.394865 -1.289643 -68.256041
-0.000652 -0.002346 1.000000
-0.424577 -1.180047 502.692364
-0.565873 -2.115239 502.329535
-0.000666 -0.003083 1.000000
0.187974 -1.563904 360.536623
-0.194486 -1.797976 -179.348771
-0.000142 -0.003732 1.000000
-0.247012 -1.419127 554.089132
-0.107638 -3.421639 469.845281
-0.000264 -0.004890 1.000000
-0.216863 -1.373283 527.472429
0.051352 -2.510748 132.788597
-0.000029 -0.004119 1.000000
-0.368857 -1.720465 389.156697
-0.405260 -1.749923 418.661940
-0.000272 -0.003269 1.000000
-0.232313 -1.181528 370.463661
-0.348570 -1.481949 358.564723
-0.000550 -0.002426 1.000000
-0.083182 -1.678000 833.011729
-0.195022 -1.811682 7.604103
-0.000146 -0.003271 1.000000
-0.607967 -2.102743 881.253703
-0.207585 -1.476525 103.477510
-0.000500 -0.003352 1.000000
0.815711 -5.244823 2444.732176
1.784606 -3.975134 -1860.382299
0.004109 -0.011467 1.000000
-0.300287 -2.963998 1169.906892
-0.083384 -2.292709 157.534303
0.000230 -0.005400 1.000000
-0.284633 -2.514428 922.019458
-0.081279 -1.281777 20.571989
-0.000094 -0.003643 1.000000
-0.122085 -1.519844 560.253391
-0.099468 -1.350210 95.511725
-0.000203 -0.003358 1.000000
0.138195 -2.804805 1003.890524
0.259851 -1.558760 -111.243911
0.000525 -0.004448 1.000000
-0.293400 -2.333571 771.529035
-0.124185 -1.354824 46.101520
-0.000272 -0.003594 1.000000
0.027642 -2.151454 946.816120
-0.039670 -1.813931 57.261708
0.000291 -0.004180 1.000000
-0.240081 -1.471834 413.434457
-0.361585 -2.203399 363.276214
-0.000104 -0.003568 1.000000
-0.476415 -1.131620 368.241752
-0.438121 -0.958015 240.679036
-0.000943 -0.002120 1.000000
-1.685087 2.790833 -1499.363947
-1.633310 2.536006 710.974112
-0.004090 0.005370 1.000000
-0.349194 -1.994798 666.250561
-0.222656 -1.827132 211.124169
-0.000249 -0.003344 1.000000
0.892276 -3.783835 866.975099
0.427280 -2.520243 -60.461960
0.001366 -0.006625 1.000000
0.600736 -2.865564 773.536616
0.206282 -0.999409 -294.598813
0.000638 -0.004924 1.000000
-0.176416 -1.443209 424.793440
-0.078172 -0.742368 6.741722
-0.000388 -0.002864 1.000000
-0.420501 -1.098358 375.963258
-0.339467 -1.118135 91.135094
-0.000825 -0.002291 1.000000
-0.786821 -0.978443 411.039928
-0.686564 -1.219434 611.917616
-0.001238 -0.001507 1.000000
-0.924159 -0.239733 -42.258273
-0.943064 0.033504 668.933321
-0.002067 0.000585 1.000000
1.671219 -3.101942 487.309260
0.543756 -1.068786 -326.123942
0.001848 -0.005691 1.000000
-3.334201 5.437284 -938.014250
-3.110275 6.902639 1601.331146
-0.006930 0.011586 1.000000
-0.416685 -0.968794 259.940198
-0.206247 -0.963516 -184.387598
-0.000580 -0.002600 1.000000
0.176239 -1.427861 287.463871
-0.300656 -1.523878 340.821000
-0.000340 -0.003013 1.000000
0.344971 -1.412649 65.443118
0.002099 -1.066447 15.781526
0.000504 -0.003615 1.000000
-0.076943 -2.602406 801.362174
-0.048182 -1.515251 -38.073708
0.000050 -0.004527 1.000000
0.378000 -2.385002 670.242198
0.132323 -1.102178 -60.740943
0.000256 -0.004208 1.000000
-0.439466 -0.892804 610.201188
-0.443801 -0.844118 -49.934079
-0.000968 -0.001855 1.000000
0.379709 -2.014510 989.142869
0.269597 -1.337268 -78.135477
0.000788 -0.004170 1.000000
2.381391 -8.315583 2547.380380
2.063278 -9.225406 -768.255165
0.006675 -0.019953 1.000000
0.169093 -1.606230 580.512174
-0.006360 -1.840908 99.117559
0.000028 -0.003879 1.000000
0.163895 -1.590169 808.860092
0.196080 -1.209144 -238.219894
0.000699 -0.004119 1.000000
3.046197 4.777425 -1916.971201
1.864352 9.798126 -1926.594015
-0.000718 0.008591 1.000000
3.297791 1.651049 -870.339819
1.070349 4.803496 -827.498352
0.001269 0.002861 1.000000
0.185726 -1.334701 493.690992
-0.290167 -1.424465 177.251727
-0.000218 -0.003296 1.000000
-0.286614 -2.329167 749.818492
-0.158047 -1.808817 93.043507
-0.000197 -0.003663 1.000000
-0.180936 -1.514559 531.324937
-0.006397 -0.917589 -97.276026
-0.000535 -0.002723 1.000000
0.913037 -3.119762 874.489579
0.073955 -2.070119 -38.176333
0.000722 -0.005430 1.000000
-0.289151 -1.605867 618.315479
-0.209964 -0.991487 170.839049
-0.000300 -0.002267 1.000000
-0.266957 -2.051975 843.940078
-0.144388 -0.887889 -76.290047
-0.000146 -0.002826 1.000000
-0.669144 -2.113192 840.464517
-0.545479 -1.958456 491.111818
-0.000652 -0.003217 1.000000
0.192304 -2.112891 721.710722
0.103113 -0.867874 -190.542174
0.000105 -0.003200 1.000000
0.136236 -1.720969 205.554866
-0.221882 -0.876738 54.703572
0.000206 -0.003160 1.000000
1.553045 -0.585779 -8.816823
0.435386 0.702913 -89.184204
0.000839 -0.001284 1.000000
1.680923 -1.182415 221.286580
0.544940 0.831887 -204.957122
0.001099 -0.001656 1.000000
0.815109 -2.841802 849.948439
0.418316 -2.239179 111.748571
0.001322 -0.005001 1.000000
-2.310181 -9.150091 3072.422439
0.367060 -13.625947 793.724765
0.002149 -0.018784 1.000000
0.082572 -1.961398 519.239580
-0.018318 -2.215842 201.581849
0.000118 -0.004265 1.000000
-0.878924 -3.506338 1053.282184
-0.358106 -3.596948 466.045521
-0.000263 -0.005481 1.000000
-1.496876 -5.255371 1587.207220
-1.282676 -7.062247 1579.876142
-0.000275 -0.009107 1.000000
-0.331687 -1.912813 677.001894
-0.330603 -1.736199 301.034700
-0.000459 -0.003092 1.000000
0.299832 -1.577877 458.614205
0.099581 -2.510119 144.495223
0.000307 -0.004453 1.000000
0.625761 4.318626 -948.546762
0.228620 7.216225 -785.901855
-0.002351 0.009425 1.000000
0.091357 -2.869314 309.575795
-0.009300 -2.972168 159.978080
-0.000069 -0.004904 1.000000
-0.028697 -1.527913 376.735305
-0.136473 -2.696205 326.438285
-0.000113 -0.004428 1.000000
-0.335885 -1.756312 531.200716
-0.341418 -2.311151 367.554200
-0.000479 -0.003417 1.000000
-0.448604 -1.948663 411.119276
-0.187614 -2.968347 313.446886
-0.000454 -0.004394 1.000000
-0.036857 -2.006118 314.753951
-0.268110 -3.076074 345.089167
-0.000332 -0.004593 1.000000
0.203594 -2.113998 841.616508
-0.120407 -1.489637 73.682861
0.000037 -0.003939 1.000000
-0.216541 -2.043094 493.396764
-0.174376 -0.840175 -20.426513
-0.000309 -0.002729 1.000000
-0.086367 -2.261883 774.154626
-0.135445 -1.136921 30.888693
0.000037 -0.003043 1.000000
-0.168879 -2.045689 473.156860
-0.093779 -1.918015 169.202678
-0.000307 -0.003533 1.000000
1.437658 -0.062300 -146.408135
0.269559 1.393262 -185.497092
0.000452 0.000053 1.000000
1.000000 0.000000 0.000000
0.000000 1.000000 -0.000000
0.000000 0.000000 1.000000
-0.020292 -1.445612 751.569165
-0.049244 -1.662608 106.081226
-0.000061 -0.003098 1.000000
-0.104695 -1.524635 571.416951
-0.357058 -2.419823 356.484513
-0.000388 -0.003729 1.000000
-0.226026 -1.584671 575.310317
-0.226520 -1.874145 136.352215
-0.000306 -0.003173 1.000000
-0.538991 -2.189667 569.839583
-0.308487 -2.301664 463.948353
-0.000466 -0.003301 1.000000
-0.039849 -1.935022 526.358360
-0.263742 -1.978005 245.841810
-0.000243 -0.003397 1.000000
-0.176640 -2.428378 622.792257
-0.190162 -2.036498 202.056349
-0.000259 -0.003705 1.000000
-0.203446 -1.363043 460.798884
-0.371422 -1.814582 339.432944
-0.000567 -0.002879 1.000000
0.091447 -1.614258 -3.044596
-0.286484 -1.577853 -4.623827
-0.000210 -0.003499 1.000000
0.141232 -1.961642 260.970001
-0.031477 -1.485349 50.806706
0.000380 -0.003889 1.000000
2.663242 0.183412 -410.184498
1.020163 2.798194 -539.652899
0.001591 0.000260 1.000000
-0.109412 -1.326181 402.981913
-0.321540 -1.565567 151.191938
-0.000354 -0.003183 1.000000
-0.352427 -1.532278 424.112687
-0.391310 -1.958870 289.359429
-0.000516 -0.003121 1.000000
-0.051092 -1.199721 294.790130
-0.092931 -1.687219 104.039740
-0.000433 -0.003098 1.000000
0.109238 -2.149329 585.216617
-0.200932 -2.032365 264.189622
0.000127 -0.003944 1.000000
-0.407689 -1.553833 427.551382
-0.244118 -1.236595 -50.698636
-0.000587 -0.002752 1.000000
-0.117577 -3.049038 491.337879
-0.009943 -2.444788 71.618292
0.000203 -0.004557 1.000000
0.095155 -1.777031 382.160092
-0.075661 -2.651282 296.724002
-0.000125 -0.004323 1.000000
-0.253270 -1.620813 428.458762
-0.174958 -2.125668 204.282039
-0.000467 -0.003422 1.000000
-0.028506 -2.564936 484.105065
-0.145306 -2.082151 153.487801
-0.000165 -0.003661 1.000000
-0.240344 -1.314632 590.485660
-0.322178 -1.335694 213.733490
-0.000501 -0.002539 1.000000
0.408180 -1.495663 454.235426
0.276942 -1.096977 7.035258
0.000463 -0.003166 1.000000
