-0.270701 -0.876540 638.947181
-0.077100 -0.300090 -10.755279
-0.000376 -0.001503 1.000000
-0.220700 -0.586003 282.951738
-0.066260 -0.297560 -34.771968
-0.000511 -0.001484 1.000000
-0.025124 -0.374985 192.408160
-0.094523 -0.173096 21.945046
-0.000280 -0.001397 1.000000
-0.060982 -0.397548 63.884276
-0.133832 -0.402200 155.616193
-0.000412 -0.001513 1.000000
-0.284964 -0.517467 314.895972
-0.413548 -0.631712 305.614525
-0.000743 -0.001317 1.000000
-0.149154 -0.635020 290.333397
-0.126992 -0.515481 110.021220
-0.000407 -0.001637 1.000000
-0.050612 -0.338648 77.200163
-0.080882 -0.272596 37.256231
-0.000365 -0.001500 1.000000
-0.115436 -0.413097 38.735345
-0.044444 -0.312079 -16.567691
-0.000111 -0.001830 1.000000
0.107627 -0.367719 -91.133991
-0.269519 -0.757174 305.956489
-0.000199 -0.001862 1.000000
-0.273018 -1.044131 795.925149
-0.057342 -0.326662 -39.215426
-0.000366 -0.001628 1.000000
0.044310 -1.301750 479.202774
-0.085205 -0.718291 -73.537823
0.000224 -0.002580 1.000000
-0.156726 -0.325646 53.636833
-0.041964 -0.358194 76.786376
-0.000397 -0.001621 1.000000
-0.372046 -0.544235 211.436628
-0.166808 -0.283223 1.717481
-0.000520 -0.001433 1.000000
-0.119416 -1.065011 624.633809
0.038196 -0.799112 -100.053876
-0.000227 -0.002088 1.000000
-0.196101 -0.853980 466.259548
-0.020488 -0.315155 -85.390379
-0.000325 -0.001678 1.000000
-0.041071 -0.236935 102.405131
-0.009600 -0.251393 106.179153
-0.000094 -0.001487 1.000000
-0.167896 -0.423059 176.766056
-0.077652 -0.276947 -27.041828
-0.000330 -0.001599 1.000000
-0.026560 -0.214962 14.238181
-0.069548 -0.307011 134.701439
-0.000254 -0.001569 1.000000
-0.081015 -0.290403 94.310516
-0.016698 -0.255007 39.296961
-0.000309 -0.001489 1.000000
0.023149 -0.540359 226.081547
-0.073665 -0.347240 -63.749635
-0.000572 -0.001557 1.000000
0.032545 -0.743715 347.098682
-0.019467 -0.502790 -96.339101
-0.000014 -0.002039 1.000000
-2.212570 1.300253 1921.233789
-1.345903 0.929828 1552.106061
-0.004242 0.002432 1.000000
-0.441835 -0.473478 555.368309
-0.335017 -0.464144 783.664708
-0.000921 -0.001112 1.000000
-0.046536 -0.606979 253.736413
-0.081923 -0.326723 -76.360230
-0.000342 -0.001731 1.000000
-0.246409 -0.702809 381.744686
-0.176505 -0.494081 17.364309
-0.000564 -0.001663 1.000000
-0.345094 -0.434064 46.814262
-0.219630 -0.283883 24.224043
-0.000902 -0.001078 1.000000
-0.059354 -0.538770 -7.695397
-0.132303 -0.746153 235.923125
-0.000123 -0.001934 1.000000
0.012081 -0.247079 -88.312912
0.017580 -0.362014 87.407940
-0.000214 -0.001639 1.000000
-0.090261 -0.808453 563.361893
-0.156136 -0.478195 -53.408070
-0.000374 -0.001639 1.000000
-0.105297 -0.394304 171.088240
-0.196845 -0.596204 169.895125
-0.000341 -0.001692 1.000000
-0.205795 -0.619473 213.654054
-0.130340 -0.663247 45.027926
-0.000481 -0.001664 1.000000
-0.375232 -0.623076 533.717862
-0.147661 -0.330887 -127.490955
-0.000742 -0.001385 1.000000
0.006057 -0.676067 207.104225
0.015953 -0.436796 -35.942405
0.000016 -0.001987 1.000000
-0.217499 -0.837918 501.159702
-0.059421 -0.368076 -214.929759
-0.000485 -0.001553 1.000000
0.018080 -0.662139 216.189186
-0.070310 -0.464398 16.156097
-0.000261 -0.001646 1.000000
0.289175 -1.016088 275.028789
0.053859 -0.480512 -71.507475
0.000097 -0.002059 1.000000
-0.047891 -0.546351 172.124524
0.021085 -0.160357 -122.979450
-0.000415 -0.001629 1.000000
-0.019173 -0.417687 125.548832
-0.062972 -0.406168 60.537451
-0.000259 -0.001700 1.000000
-0.105645 -0.401804 163.752432
-0.075327 -0.263827 92.386910
-0.000390 -0.001388 1.000000
-0.030465 -0.364448 -37.736109
-0.143812 -0.479391 55.153848
-0.000492 -0.001535 1.000000
-0.246498 -0.539015 342.992834
-0.252866 -0.539196 113.547998
-0.000534 -0.001372 1.000000
0.079339 -0.840173 261.504283
0.044936 -0.608054 -189.902411
0.000006 -0.001911 1.000000
-0.054952 -0.783721 21.130345
-0.089051 -0.595631 8.843213
-0.000165 -0.001935 1.000000
-0.029027 -0.346322 106.940465
-0.040457 -0.151346 -37.095337
-0.000401 -0.001467 1.000000
0.029578 -0.522661 188.838318
0.034008 -0.285344 -100.903893
0.000008 -0.001838 1.000000
0.043829 -1.250201 442.514701
0.268545 -0.593388 -310.306513
0.000319 -0.002575 1.000000
-0.108940 -0.278109 82.215943
-0.074566 -0.427582 92.473168
-0.000519 -0.001406 1.000000
0.048350 -0.561926 114.864518
-0.026101 -0.386485 -11.479362
-0.000228 -0.001746 1.000000
-0.061747 -0.284020 50.610390
-0.126668 -0.364850 34.842559
-0.000655 -0.001430 1.000000
-0.170986 -0.843407 178.991822
-0.069020 -0.264817 -125.719928
-0.000523 -0.001537 1.000000
0.127446 -0.634316 168.206155
-0.029942 -0.344066 -94.543574
-0.000238 -0.001797 1.000000
-0.127485 -0.814260 419.690398
-0.112613 -0.332238 -17.075994
-0.000342 -0.001564 1.000000
-0.125231 -0.285861 69.722352
-0.126253 -0.256700 59.274405
-0.000665 -0.001296 1.000000
0.080852 -0.849210 371.211120
0.146505 -0.581952 -1.824066
0.000306 -0.002073 1.000000
-0.029665 -0.396093 57.954989
-0.096876 -0.277815 43.125913
-0.000434 -0.001515 1.000000
-0.083301 -0.520620 188.679918
-0.085263 -0.381546 90.022949
-0.000340 -0.001512 1.000000
0.049915 -0.932794 594.542602
-0.010285 -0.367351 -93.821530
0.000027 -0.002074 1.000000
-0.115148 -0.716916 305.260700
-0.053538 -0.531631 -12.192712
-0.000221 -0.001937 1.000000
0.134501 -0.798802 193.525677
0.056922 -0.375555 -49.001955
0.000331 -0.002069 1.000000
0.012282 -0.715963 350.620446
-0.203349 -0.783764 202.299840
-0.000465 -0.001797 1.000000
0.418477 -0.837782 -294.287927
0.337096 -0.708731 -181.194165
0.000998 -0.003027 1.000000
-0.037004 -1.049455 576.365537
0.036817 -0.295964 21.758030
-0.000133 -0.001674 1.000000
0.031260 -0.437521 104.385330
0.005859 -0.234074 28.856280
-0.000033 -0.001752 1.000000
0.061631 -0.742824 376.468640
-0.159686 -0.423550 84.639746
-0.000485 -0.001589 1.000000
-0.012031 -0.802788 562.253072
-0.045851 -0.334299 -120.616124
-0.000568 -0.001489 1.000000
0.051604 -1.016472 584.983473
-0.090600 -0.473186 134.996379
-0.000326 -0.001699 1.000000
0.132497 -0.954042 444.133688
0.021980 -0.592831 -71.458505
-0.000013 -0.002184 1.000000
-0.030572 -0.786568 406.173992
-0.028465 -0.270967 30.007892
-0.000265 -0.001579 1.000000
0.651677 -1.258861 211.407718
0.223834 -0.373259 -322.635498
0.000747 -0.002712 1.000000
0.011298 -0.806159 406.967239
-0.002888 -0.412817 45.549640
-0.000051 -0.001862 1.000000
0.038469 -0.862690 402.921304
-0.041410 -0.488496 54.121285
-0.000265 -0.001737 1.000000
0.027144 -0.813312 356.147366
-0.029634 -0.503975 34.825968
-0.000243 -0.001795 1.000000
0.011750 -0.299688 58.781348
-0.050627 -0.197191 58.895658
-0.000355 -0.001478 1.000000
-0.145326 -0.886274 820.256103
-0.050522 -0.695282 -108.678700
-0.000278 -0.001927 1.000000
-0.228890 -0.414020 54.973020
-0.095059 -0.379281 -214.921219
-0.000686 -0.001391 1.000000
-0.006790 -0.804914 425.738062
0.035020 -0.466436 -45.081319
-0.000158 -0.001819 1.000000
0.015050 -0.548537 173.155761
-0.030686 -0.405748 93.052781
-0.000157 -0.001696 1.000000
0.000310 -0.329801 174.252651
-0.040160 -0.127033 61.636246
-0.000382 -0.001224 1.000000
-0.111024 -0.890934 470.661633
-0.087156 -0.388622 101.496441
-0.000303 -0.001584 1.000000
-0.088589 -1.028620 606.087344
-0.043240 -0.500793 119.366673
-0.000210 -0.001717 1.000000
-0.128138 -0.928691 433.029301
-0.234402 -0.623084 221.874322
-0.000469 -0.001632 1.000000
0.055623 -1.191490 531.000957
-0.067848 -0.582435 90.868357
-0.000071 -0.002002 1.000000
-0.114210 -1.116575 475.122716
-0.128989 -0.725456 197.225524
-0.000390 -0.001838 1.000000
-0.123959 -0.848560 506.771905
-0.039856 -0.323222 31.518677
-0.000256 -0.001602 1.000000
0.001319 -0.313223 168.098448
-0.025446 -0.109792 51.103340
-0.000204 -0.001409 1.000000
-0.278804 -0.520650 290.937621
-0.100100 -0.267220 107.734649
-0.000612 -0.001252 1.000000
-0.332478 -0.936363 530.284565
-0.210318 -0.593536 222.953827
-0.000525 -0.001593 1.000000
0.450612 -0.807399 337.348188
0.120413 -0.035678 28.953947
0.000192 -0.001619 1.000000
-0.197524 -0.440576 265.101506
-0.132900 -0.256481 135.354740
-0.000591 -0.001191 1.000000
0.262017 -0.978794 487.799397
0.045597 -0.280541 92.075928
0.000074 -0.001648 1.000000
0.209882 -0.932756 467.092731
0.090878 -0.428835 80.037508
0.000072 -0.001743 1.000000
0.122973 -0.924184 469.061295
0.080815 -0.405477 96.187956
0.000088 -0.001790 1.000000
0.411182 -1.028152 405.687821
0.090351 -0.343606 55.188575
0.000180 -0.001767 1.000000
-0.116324 -0.423806 254.329839
-0.072119 -0.212062 89.799719
-0.000463 -0.001279 1.000000
-1.226034 -1.763873 1032.580183
0.015124 -2.010520 602.506500
-0.000163 -0.003462 1.000000
0.470551 -0.381391 166.013244
0.060331 0.468390 -76.822813
-0.000062 -0.001041 1.000000
-3.254995 -4.073208 2320.834231
0.353737 -5.696497 1684.921262
0.000768 -0.008041 1.000000
1.199266 0.044375 -60.294774
-0.011790 1.346815 -243.042872
0.000239 -0.000076 1.000000
0.992723 -0.320537 66.386070
0.084421 0.717815 -94.483826
0.000346 -0.000784 1.000000
0.228641 -0.770534 401.498537
0.017143 -0.192062 64.508193
-0.000008 -0.001510 1.000000
-0.126594 -1.140670 525.716975
-0.034421 -0.734717 161.903207
-0.000178 -0.002021 1.000000
0.194497 -0.939759 364.235043
0.072468 -0.633783 74.238866
-0.000006 -0.001981 1.000000
-0.050183 -0.746823 364.881231
-0.153590 -0.607397 138.303349
-0.000414 -0.001725 1.000000
-0.038244 -0.846947 370.632617
-0.172777 -0.392984 87.816992
-0.000429 -0.001575 1.000000
-0.056438 -0.856405 425.941914
-0.080168 -0.541494 108.084324
-0.000202 -0.001831 1.000000
-0.218588 -0.715344 263.458000
-0.253697 -0.571142 172.061777
-0.000633 -0.001573 1.000000
-0.158516 -0.430762 160.255536
-0.030409 -0.278597 62.847782
-0.000384 -0.001612 1.000000
-0.400124 -0.791777 462.359199
-0.275768 -0.539141 235.400046
-0.000689 -0.001340 1.000000
-0.088659 -0.966226 505.453544
-0.129414 -0.702163 108.993553
-0.000315 -0.001798 1.000000
0.787208 -0.924802 412.998402
0.245969 0.217141 -89.895086
0.000581 -0.001469 1.000000
-0.079456 -1.225084 546.262819
-0.053215 -0.612497 96.923894
-0.000111 -0.002195 1.000000
0.071144 -1.102404 494.059309
0.021382 -0.545206 68.227295
-0.000050 -0.001968 1.000000
0.226533 -1.013166 477.923756
0.012941 -0.175386 -1.815272
0.000036 -0.001744 1.000000
-0.056332 -0.901104 336.935931
-0.059554 -0.443071 -27.937186
-0.000276 -0.001790 1.000000
-0.076448 -0.709101 285.503385
-0.123942 -0.378327 28.985778
-0.000486 -0.001630 1.000000
2.286243 0.714965 -579.820598
0.229380 2.357836 -652.730086
0.000703 0.001046 1.000000
1.000000 -0.000000 -0.000000
0.000000 1.000000 0.000000
0.000000 -0.000000 1.000000
0.107687 -0.829311 429.876366
-0.006509 -0.171010 18.430329
-0.000006 -0.001601 1.000000
0.472726 -0.680869 287.233350
0.078591 0.112748 -27.133459
0.000283 -0.001481 1.000000
0.548038 -0.387576 245.029321
-0.046911 0.689278 -103.907360
-0.000002 -0.000631 1.000000
0.029888 -0.933074 412.661442
-0.067901 -0.566506 88.503523
-0.000079 -0.001959 1.000000
-0.002086 -0.930264 447.679602
-0.051924 -0.654541 132.166100
-0.000048 -0.001989 1.000000
0.155606 -0.892667 401.406424
-0.004813 -0.339096 42.891379
0.000012 -0.001811 1.000000
-0.383308 -0.816868 695.171432
-0.056551 -0.401207 -36.625331
-0.000460 -0.001582 1.000000
-0.255797 -0.972507 649.298112
-0.119920 -0.478448 79.416615
-0.000262 -0.001691 1.000000
-0.146205 -0.812392 427.806013
-0.128101 -0.602231 116.113692
-0.000347 -0.001759 1.000000
-0.201781 -0.721457 328.938239
-0.170185 -0.515311 32.987968
-0.000644 -0.001594 1.000000
-0.007344 -0.858138 444.399316
-0.148626 -0.643341 209.676328
-0.000313 -0.001683 1.000000
0.036913 -0.898255 381.887658
0.023552 -0.702400 46.001788
-0.000153 -0.002001 1.000000
0.206615 -1.371252 607.611857
0.123506 -0.489491 -110.324461
0.000027 -0.001991 1.000000
-0.092135 -1.053741 429.408930
0.018428 -0.584986 -38.998481
-0.000180 -0.001944 1.000000
-0.232751 -0.652474 405.569579
-0.116051 -0.312329 -34.045197
-0.000561 -0.001415 1.000000
-0.162854 -0.440807 234.682828
-0.054060 -0.194303 22.410704
-0.000443 -0.001374 1.000000
-0.119877 -0.497839 232.944695
-0.163467 -0.467640 109.717859
-0.000667 -0.001354 1.000000
-0.089473 -0.924586 492.541748
-0.014749 -0.553984 139.903260
-0.000188 -0.001765 1.000000
-0.118249 -1.047779 469.510601
-0.087697 -0.570574 124.334479
-0.000268 -0.001797 1.000000
-0.106684 -0.831026 454.808161
-0.085860 -0.437480 172.009699
-0.000266 -0.001573 1.000000
0.217597 -0.787587 377.109641
0.031931 -0.248949 100.657980
0.000093 -0.001640 1.000000
-0.049060 -0.614500 430.256114
-0.065926 -0.401455 11.004448
-0.000397 -0.001497 1.000000
-0.731623 -0.511661 375.927881
-0.217929 -0.282734 -62.942586
-0.001210 -0.000919 1.000000
0.014040 -1.657432 1004.484963
0.001506 -0.146576 18.749324
0.000011 -0.001838 1.000000
-0.220013 -1.173909 824.995674
-0.058564 -0.385261 -90.883293
-0.000380 -0.001823 1.000000
0.373397 -1.367425 567.225961
-0.009176 -0.375854 -46.865929
0.000408 -0.002246 1.000000
1.430718 -2.221742 1177.532447
0.616106 -1.174278 -897.302975
0.002053 -0.003974 1.000000
-0.665241 -0.730444 1186.263049
-0.139453 -0.123290 133.928740
-0.000978 -0.000941 1.000000
0.096425 -1.109281 746.863202
-0.024096 -0.496682 39.750674
0.000076 -0.001892 1.000000
-0.857121 -0.227274 257.769003
-0.475527 -0.211448 -32.086112
-0.001527 -0.000541 1.000000
-0.455694 -0.673242 605.371666
-0.177328 -0.322924 25.158742
-0.000759 -0.001238 1.000000
-0.025494 -0.643713 217.360109
-0.073526 -0.349261 55.822831
-0.000327 -0.001582 1.000000
-0.108540 -0.628790 298.551315
-0.065852 -0.375520 14.763328
-0.000171 -0.001658 1.000000
-0.453424 -0.577713 199.734797
-0.211359 -0.341565 -76.478568
-0.000819 -0.001161 1.000000
-0.558505 -1.108437 990.646243
-0.174094 -0.365853 64.259078
-0.000602 -0.001484 1.000000
-0.305011 -1.289601 759.666057
0.046435 -0.330540 -49.632159
-0.000277 -0.001693 1.000000
-0.218920 -0.765605 277.953203
-0.084404 -0.409226 -125.822934
-0.000300 -0.001710 1.000000
-0.346631 -0.825234 876.319794
-0.112243 -0.395150 32.436484
-0.000619 -0.001441 1.000000
-0.200900 -1.445526 1029.749055
-0.039492 -0.264181 90.561731
-0.000201 -0.001614 1.000000
-0.274796 -0.844141 503.120740
-0.164626 -0.703098 237.186468
-0.000402 -0.001739 1.000000
-0.328081 -0.925376 1003.377618
-0.077998 -0.440978 213.681899
-0.000662 -0.001446 1.000000
0.178784 -1.551998 1145.215695
0.081876 -0.506849 -214.550608
0.000138 -0.002164 1.000000
-0.069704 -1.190907 702.685197
-0.113915 -0.584731 71.718247
-0.000232 -0.001894 1.000000
-0.032642 -0.819254 655.558436
-0.020948 -0.428827 91.968668
-0.000154 -0.001624 1.000000
0.128406 -1.090061 445.474020
-0.039947 -0.436811 29.186733
-0.000093 -0.002079 1.000000
-0.180666 -1.077556 590.547338
-0.017124 -0.547402 121.090131
-0.000086 -0.002025 1.000000
-0.194255 -0.354448 166.405087
-0.109107 -0.219515 113.553712
-0.000479 -0.001326 1.000000
0.012255 -0.376702 13.035259
-0.023015 -0.381366 -3.751489
-0.000383 -0.001643 1.000000
-0.151565 -0.256056 21.736021
-0.195741 -0.436264 99.047817
-0.000588 -0.001451 1.000000
0.096419 -0.572670 -311.260133
0.083286 -1.172062 462.236600
0.000079 -0.002196 1.000000
-0.105042 -0.575783 7.984943
-0.091493 -0.518569 78.615699
-0.000341 -0.001794 1.000000
-0.205688 -0.722250 528.155642
-0.124112 -0.226909 77.057042
-0.000497 -0.001375 1.000000
0.029038 -1.137376 487.151512
-0.079553 -0.489841 100.504261
-0.000286 -0.001826 1.000000
0.303236 -1.396210 693.089351
0.075917 -0.862169 55.560950
0.000295 -0.002559 1.000000
-0.062253 -0.757503 462.187901
-0.233100 -0.641296 209.027917
-0.000493 -0.001601 1.000000
-0.004499 -0.235851 35.541826
-0.021280 -0.313504 118.146975
-0.000003 -0.001772 1.000000
-0.133032 -0.417375 -159.654672
-0.192618 -0.679779 144.359418
-0.000173 -0.001993 1.000000
-0.083380 -0.337657 107.730199
-0.051454 -0.336665 148.132670
-0.000152 -0.001639 1.000000
-0.075844 -0.517159 104.256451
-0.132659 -0.538057 192.370097
-0.000258 -0.001787 1.000000
0.158728 -0.995313 115.510438
-0.016472 -0.703535 96.401380
0.000175 -0.002349 1.000000
0.081834 -0.482659 117.170603
0.011362 -0.255856 -72.750998
0.000346 -0.001991 1.000000
-0.083018 -0.474331 4.116888
-0.100760 -0.417126 21.381761
-0.000381 -0.001557 1.000000
-0.041795 -0.301631 6.754958
0.008093 -0.286025 67.778080
-0.000228 -0.001639 1.000000
-0.032264 -0.381170 74.391544
-0.018565 -0.273207 49.999887
-0.000267 -0.001671 1.000000
0.082934 -0.761301 -40.017392
0.075289 -0.816119 50.807196
0.000651 -0.002687 1.000000
-0.209038 -0.818609 315.929727
-0.196359 -0.471426 95.523417
-0.000502 -0.001603 1.000000
0.212222 -0.979463 475.948216
-0.030780 -0.099524 31.555758
-0.000003 -0.001657 1.000000
0.150789 -0.906266 481.260012
0.005274 -0.162433 15.641473
-0.000075 -0.001585 1.000000
-0.173371 -0.817576 436.797569
-0.030910 -0.462372 -66.667461
0.000082 -0.002016 1.000000
-0.028345 -0.273316 9.132681
-0.084925 -0.303936 107.115164
-0.000151 -0.001674 1.000000
-0.256927 -1.019017 401.037460
-0.030751 -0.770989 -40.437010
-0.000145 -0.002184 1.000000
-0.096935 -0.466513 152.431305
-0.068962 -0.395182 73.558649
-0.000064 -0.001910 1.000000
-0.087709 -0.929890 -30.984858
-0.140180 -1.099053 867.609125
-0.000038 -0.002192 1.000000
4.211838 -1.926126 -1454.392314
2.197466 -4.271931 4974.210507
0.007099 -0.008618 1.000000
-0.115062 -0.786126 118.329121
0.079495 -0.700014 -122.781381
0.000403 -0.002496 1.000000
-0.131824 -0.390536 68.286341
-0.050546 -0.385995 86.495490
-0.000462 -0.001457 1.000000
-0.330569 -1.139536 363.887875
-0.052772 -0.462647 -216.222488
-0.000411 -0.001935 1.000000
-0.524904 -0.190390 150.694118
-0.726917 -0.108093 1251.390755
-0.001527 -0.000100 1.000000
-0.107578 -0.380100 28.494962
-0.263273 -0.786420 597.976679
-0.000506 -0.001413 1.000000
-0.234916 -1.015994 2986.424010
-0.045520 -0.568299 1077.668535
-0.000288 -0.001651 1.000000
0.882400 -2.278908 1241.135289
0.335457 -1.290945 700.405125
0.001175 -0.003095 1.000000
-0.235105 -0.503540 31.552382
-0.278216 -0.341679 168.624711
-0.000274 -0.001535 1.000000
-0.085636 -0.750976 63.250671
-0.094415 -0.449373 10.822238
-0.000111 -0.001801 1.000000
-0.606189 -0.456000 -728.377724
-0.411142 -0.241538 1275.887762
-0.001179 -0.000686 1.000000
0.436798 -1.408358 932.022155
0.363586 -1.318219 1014.228060
0.000826 -0.002355 1.000000
-0.196176 -1.511908 992.901519
-0.010418 -0.242584 27.673481
-0.000200 -0.001709 1.000000
-0.971512 -0.219326 1114.277567
-0.595768 -0.541274 1180.540364
-0.001422 -0.000537 1.000000
-0.487952 -0.965193 839.140863
-0.122665 -0.400484 60.094794
-0.000622 -0.001456 1.000000
0.339814 -2.099161 1185.887834
0.047177 -0.800447 -43.439713
0.000602 -0.002842 1.000000
-0.245357 -0.912779 351.105026
-0.224868 -0.575721 75.304037
-0.000352 -0.001590 1.000000
-0.444979 -1.024142 879.330176
-0.050077 -0.106037 -30.164858
-0.000514 -0.001283 1.000000
-0.579940 -0.776716 984.725952
-0.215906 -0.319593 156.799933
-0.000793 -0.001152 1.000000
-0.237563 -1.138846 1078.534609
-0.149589 -0.675738 341.851127
-0.000515 -0.001713 1.000000
0.522560 -1.564444 533.480340
0.224588 -1.421084 1037.161965
0.001008 -0.003144 1.000000
-0.169079 -0.842659 448.348283
-0.103482 -0.394206 -28.890368
-0.000367 -0.001644 1.000000
-0.795154 -0.411372 1077.054669
-0.524244 -0.569049 611.874354
-0.001263 -0.000659 1.000000
-0.932066 0.644773 -1546.160364
-1.075928 0.197241 794.442642
-0.002616 0.000910 1.000000
-0.290480 -1.313060 970.810382
-0.052077 -0.426498 -17.931804
-0.000248 -0.001854 1.000000
-0.501417 -0.846085 878.580991
-0.141191 -0.376112 55.844340
-0.000707 -0.001268 1.000000
-0.528301 -0.791089 1117.389312
-0.227459 -0.367348 143.895771
-0.000809 -0.001161 1.000000
-0.289353 -0.611608 366.895697
-0.202860 -0.493278 920.859770
-0.000629 -0.001272 1.000000
-0.859304 -0.159173 57.116732
-0.776753 -0.471281 -154.675153
-0.001637 -0.000388 1.000000
-0.359479 -0.855483 863.325476
-0.352150 -0.764539 756.213887
-0.000566 -0.001366 1.000000
-0.603792 -1.071460 948.331248
-0.267641 -0.477912 174.373653
-0.000739 -0.001273 1.000000
0.143290 -1.067582 36.517553
0.182066 -1.070206 885.953929
0.000419 -0.002244 1.000000
-0.194074 -0.990003 794.944475
-0.098865 -0.366302 -54.587151
-0.000384 -0.001583 1.000000
-0.565574 -0.465655 647.502958
-0.314748 -0.386587 4.779126
-0.000934 -0.001017 1.000000
-0.117950 -0.489036 298.215020
-0.075596 -0.207507 89.570835
-0.000450 -0.001338 1.000000
-0.891703 -0.796180 1093.214413
-0.193620 -0.280363 39.259838
-0.001017 -0.001023 1.000000
-0.433002 -0.757740 810.148892
-0.204855 -0.362048 -18.171392
-0.000675 -0.001334 1.000000
-0.455447 -0.766641 701.709486
-0.193568 -0.498012 -113.183725
-0.000788 -0.001472 1.000000
-0.587067 -1.059267 864.014907
-0.196959 -0.361681 77.920008
-0.000705 -0.001451 1.000000
-0.439804 -0.899412 818.066073
-0.138744 -0.524400 54.052155
-0.000592 -0.001595 1.000000
-0.546756 -1.022999 861.656895
-0.090828 -0.432545 -55.950274
-0.000567 -0.001559 1.000000
-0.043668 -1.126746 316.254195
0.059200 -0.911350 -136.407101
0.000321 -0.002725 1.000000
-0.212265 -1.213601 839.150505
-0.120642 -0.351897 98.702137
-0.000405 -0.001611 1.000000
-0.491092 -0.714846 878.223689
-0.209614 -0.297671 40.811059
-0.000790 -0.001284 1.000000
-0.276987 -1.312916 981.192835
-0.029636 -0.204476 31.846704
-0.000318 -0.001485 1.000000
0.059246 -1.399828 926.167251
-0.142823 -0.570879 92.751819
-0.000051 -0.002100 1.000000
-0.524701 -0.295464 -425.375626
-0.180337 -0.512513 282.860305
-0.000905 -0.001077 1.000000
-0.344759 -1.249247 1431.039861
-0.103971 -0.352211 -180.276257
-0.000443 -0.001670 1.000000
-0.633228 -0.485382 424.815825
-0.282167 -0.484721 264.935597
-0.000924 -0.000847 1.000000
-0.485998 -0.906563 875.750251
-0.132924 -0.303640 62.200702
-0.000652 -0.001281 1.000000
-0.323069 -1.336282 1021.086936
-0.070118 -0.482611 106.895459
-0.000344 -0.001620 1.000000
-0.287494 -1.193223 899.829945
0.036494 -0.107033 -19.607734
-0.000337 -0.001446 1.000000
-0.095548 -0.718473 228.213801
0.000287 -0.492753 -19.036242
-0.000339 -0.001783 1.000000
-0.289974 -1.090542 816.053934
-0.221580 -0.469207 115.420537
-0.000462 -0.001614 1.000000
-0.805456 -0.574257 820.530788
-0.291001 -0.201653 65.848780
-0.001093 -0.000848 1.000000
-0.421644 -0.608451 745.582125
-0.293911 -0.376726 156.107759
-0.000812 -0.001175 1.000000
-0.333717 -0.666092 649.499703
-0.340058 -0.539788 98.682544
-0.000854 -0.001349 1.000000
-0.166850 -0.717485 579.799932
-0.252819 -0.512535 154.441763
-0.000565 -0.001407 1.000000
-0.300475 -0.894746 552.835751
-0.203608 -0.541314 119.553761
-0.000529 -0.001450 1.000000
-0.502352 -1.195727 927.762255
-0.110837 -0.306027 -2.113605
-0.000587 -0.001421 1.000000
-0.371705 -0.711971 457.238158
-0.265740 -0.375189 53.367843
-0.000580 -0.001507 1.000000
-0.853513 -0.072029 631.108816
-0.788872 0.153770 -70.184903
-0.002015 -0.000073 1.000000
0.027826 -0.985547 555.316729
-0.101083 -0.478414 17.654931
-0.000280 -0.001864 1.000000
-0.547687 -0.442069 525.807339
-0.345844 -0.133323 -44.963263
-0.001165 -0.000874 1.000000
-0.271705 -0.537238 252.526243
-0.215992 -0.324187 69.592115
-0.000709 -0.001323 1.000000
-0.408788 -0.612093 499.494349
-0.301550 -0.316723 149.575123
-0.000839 -0.001115 1.000000
-0.171831 -0.809633 610.384803
-0.172262 -0.665020 101.816713
-0.000479 -0.001664 1.000000
-0.066521 -0.823342 574.131209
-0.289018 -0.727482 219.834272
-0.000489 -0.001713 1.000000
-0.250389 -1.189447 1090.913549
-0.120913 -0.335526 101.097840
-0.000427 -0.001567 1.000000
-0.225408 -0.806111 539.566510
-0.065127 -0.327164 -19.035201
-0.000444 -0.001594 1.000000
-0.271797 -1.087629 842.521937
0.005046 -0.217726 -47.906480
-0.000351 -0.001556 1.000000
-0.156918 -0.570410 183.882087
-0.128792 -0.347375 92.093409
-0.000518 -0.001487 1.000000
0.070302 -0.759388 450.439733
-0.143631 -0.408690 2.212914
-0.000333 -0.001865 1.000000
-0.328205 -1.041852 781.975254
-0.029788 -0.215006 -120.408251
-0.000256 -0.001619 1.000000
0.017990 -0.889495 191.592036
-0.102491 -0.636533 86.242821
-0.000211 -0.001954 1.000000
0.171554 -0.944057 615.755332
-0.049739 -0.815262 100.383392
-0.000130 -0.002095 1.000000
0.084016 -1.389154 602.625067
-0.010666 -0.826110 -40.270601
0.000115 -0.002445 1.000000
-0.008078 -0.661311 273.558395
-0.139342 -0.471726 124.394217
-0.000349 -0.001574 1.000000
-0.091784 -0.797743 527.031587
-0.186077 -0.685060 214.570490
-0.000382 -0.001716 1.000000
-0.177897 -0.949878 503.691286
-0.086792 -0.371364 -209.713197
-0.000325 -0.001757 1.000000
-0.172078 -0.817344 216.971601
-0.114652 -0.561967 62.399137
-0.000370 -0.001732 1.000000
-0.198474 -0.556898 238.260377
-0.193033 -0.301926 84.599875
-0.000663 -0.001422 1.000000
0.746064 -0.278241 227.369243
0.037758 0.703396 -135.063567
0.000072 -0.000430 1.000000
-0.200725 -0.793582 655.731150
-0.127773 -0.447516 -23.213623
-0.000450 -0.001611 1.000000
-0.083829 -0.648051 101.087232
-0.094689 -0.466117 83.352254
-0.000408 -0.001596 1.000000
-0.443380 -1.009921 384.495299
-0.209656 -0.541031 104.767144
-0.000562 -0.001714 1.000000
-0.257773 -1.094041 348.378049
-0.209317 -0.738198 -18.223749
-0.000378 -0.001996 1.000000
-0.671400 -0.767399 819.080289
-0.154514 -0.201942 -32.855912
-0.000967 -0.001146 1.000000
0.014164 -0.625676 86.908849
0.041797 -0.427726 -14.812876
0.000178 -0.002045 1.000000
-0.590669 -0.197277 -27.339489
-0.276427 -0.159959 172.976200
-0.001326 -0.000571 1.000000
-0.493628 -0.397639 176.250034
-0.167361 -0.156616 70.215014
-0.000949 -0.001003 1.000000
-0.182042 -0.498169 249.784926
-0.130750 -0.330912 -4.597823
-0.000557 -0.001433 1.000000
-0.842396 -0.095538 441.275004
-0.444277 -0.101106 -60.099288
-0.001496 -0.000617 1.000000
-0.142922 -0.979025 280.682371
-0.049164 -0.519503 -65.022191
-0.000288 -0.001911 1.000000
-0.806975 -0.597616 950.251827
-0.227365 -0.146431 120.273636
-0.001133 -0.000512 1.000000
