-17.341442 29.850730 -14970.903827
-8.906983 23.253329 9730.944173
-0.034033 0.056895 1.000000
0.112186 -1.695514 666.337529
-0.112277 -1.607291 -132.101719
-0.000135 -0.003565 1.000000
0.377282 -2.410464 -378.876281
0.376845 -1.829438 -980.133166
0.000442 -0.004300 1.000000
-0.804418 0.614867 2547.679072
-1.056110 0.400011 195.624210
-0.002390 0.001099 1.000000
1.062705 -3.488012 1172.375720
0.924971 -2.772523 -4960.279724
0.002147 -0.006553 1.000000
0.183287 -2.238995 390.984809
0.325607 -1.867969 -465.436377
0.000696 -0.004532 1.000000
0.368451 -1.972022 127.212370
0.337078 -1.486255 -530.096118
0.000823 -0.004002 1.000000
0.052747 -1.144773 652.951442
0.033578 -0.829538 -282.037977
-0.000047 -0.002601 1.000000
-0.062850 -0.933755 233.331918
-0.185849 -0.606820 -110.782043
-0.000587 -0.001750 1.000000
4.354130 -7.222706 1660.409366
2.529262 -5.803875 -2187.591301
0.006936 -0.012487 1.000000
0.307335 -2.730647 388.902261
0.192053 -1.982438 -373.652655
0.000701 -0.004214 1.000000
0.406946 -2.452009 72.525573
0.306637 -1.684520 -628.886136
0.000941 -0.004606 1.000000
0.257064 -1.694781 541.174099
0.208553 -1.344697 -100.510191
0.000402 -0.003255 1.000000
0.423984 -1.906793 577.741347
0.489421 -1.648708 -182.085198
0.000578 -0.003789 1.000000
-1.256474 0.819014 -627.822718
-1.117027 0.495727 420.885032
-0.002930 0.001713 1.000000
-0.050765 -1.438262 310.392550
-0.013376 -1.499694 -93.359343
-0.000084 -0.002964 1.000000
2.526870 -4.479176 1242.252271
2.023157 -5.020278 -2063.973016
0.005114 -0.010325 1.000000
-0.020926 -1.467916 524.320761
-0.035784 -1.265442 -196.833511
-0.000064 -0.002632 1.000000
0.232463 -2.015848 235.607184
0.248040 -1.605476 -565.227877
0.000449 -0.003722 1.000000
0.178206 -1.934501 533.747307
0.109532 -1.195791 -295.704231
0.000414 -0.003427 1.000000
0.591261 -2.046727 175.657767
0.521551 -2.131219 -268.197169
0.000957 -0.004185 1.000000
0.310924 -1.631127 803.281134
0.143007 -1.150874 -654.571315
0.000559 -0.003223 1.000000
-0.093682 -1.049935 -369.016725
-0.071438 -0.939253 -647.219392
-0.000482 -0.002300 1.000000
0.666156 -2.690721 228.057413
0.222746 -1.773227 -309.923226
0.001134 -0.004908 1.000000
0.283111 -1.947193 842.551623
0.350779 -1.987339 -243.335318
0.000739 -0.004061 1.000000
0.038669 -1.416802 537.300893
-0.070605 -1.616852 -252.464426
-0.000088 -0.003082 1.000000
-1.138440 1.958243 4414.733933
-1.693505 1.668832 679.694383
-0.003358 0.003234 1.000000
0.061552 -1.374682 -704.461681
0.242184 -1.178873 -945.409604
0.000133 -0.002955 1.000000
3.935312 -7.674793 -2476.702103
1.385338 -4.672477 -2579.170724
0.006081 -0.013059 1.000000
-0.243927 -0.515119 161.893381
-0.363466 -0.396973 283.028578
-0.000932 -0.001194 1.000000
1.065239 -2.077737 674.781321
0.587669 -1.335193 -108.053160
0.001252 -0.004157 1.000000
0.097665 3.469114 -536.368248
-1.404137 5.123878 272.583475
-0.002874 0.006483 1.000000
0.769574 0.042751 -3.965321
-0.097493 1.021311 4.457552
-0.000187 -0.000065 1.000000
1.762315 -1.407367 231.994781
0.577077 -0.514509 88.195035
0.001332 -0.002880 1.000000
1.401495 -3.363657 1080.650066
0.940817 -2.154234 -1126.180218
0.002106 -0.005724 1.000000
1.000000 0.000000 -0.000000
0.000000 1.000000 -0.000000
0.000000 -0.000000 1.000000
0.485754 -0.516942 153.379166
-0.125770 0.093592 268.292026
-0.000417 -0.000866 1.000000
0.628355 -0.108992 118.677441
-0.121359 0.844193 63.519784
-0.000328 -0.000052 1.000000
0.078352 -0.440001 175.345764
-0.279979 -0.127579 269.915797
-0.000737 -0.000950 1.000000
-0.303111 -0.193109 19.338264
-0.439892 -0.124632 274.272127
-0.001272 -0.000600 1.000000
0.769231 -1.092681 413.823295
0.430359 -0.298961 -16.549508
0.000407 -0.002007 1.000000
0.304593 -1.284863 329.927419
0.000969 -0.679180 -12.826343
-0.000005 -0.002365 1.000000
-0.462701 -0.186544 -38.110018
-0.443582 -0.119347 205.823889
-0.001342 -0.000542 1.000000
-0.227495 1.779517 -210.937356
-1.015520 2.935692 310.133310
-0.002517 0.004002 1.000000
0.009919 -1.213231 469.267856
0.055708 -1.248798 26.202673
-0.000001 -0.002820 1.000000
0.080423 -0.799757 584.312039
0.052133 -1.019993 -100.315226
-0.000077 -0.002722 1.000000
-1.801521 0.733875 -1194.970905
-1.346044 0.830854 1062.663160
-0.003239 0.001688 1.000000
0.054492 -1.190040 548.303999
-0.038690 -0.837618 -458.403969
-0.000233 -0.002325 1.000000
-0.198311 -1.270999 768.440553
-0.217042 -1.027260 -112.206963
-0.000323 -0.002358 1.000000
0.227304 -1.530679 860.794587
0.126319 -1.248370 -418.450635
0.000223 -0.003000 1.000000
-1.058677 0.544406 -1471.859736
-1.011817 0.376984 703.736756
-0.002455 0.000932 1.000000
-0.457638 -0.848716 427.207611
-0.301263 -0.669607 86.910003
-0.000769 -0.001577 1.000000
0.585291 -2.858156 767.307444
0.366013 -2.551635 -267.904847
0.001017 -0.005168 1.000000
0.472676 -1.330283 735.717257
0.304538 -1.512940 -1152.517463
0.000317 -0.003820 1.000000
-0.590337 -0.716106 470.264048
-0.254466 -0.424217 -176.793400
-0.000885 -0.001310 1.000000
-0.497764 -0.911664 837.441902
-0.266039 -0.696013 -218.006639
-0.000802 -0.001661 1.000000
1.655646 -4.162814 2080.803837
1.122412 -2.521650 -1477.471007
0.004370 -0.009342 1.000000
-0.351046 -0.858843 699.256536
-0.103845 -0.721699 -196.726193
-0.000407 -0.002148 1.000000
-0.291922 -0.880795 847.886478
-0.190712 -1.165717 51.352731
-0.000450 -0.002621 1.000000
-0.574197 -0.836912 1158.692312
-0.380979 -0.785959 38.246776
-0.000881 -0.001937 1.000000
-0.108557 -1.409526 386.687561
0.141404 -0.766633 -429.718511
0.000184 -0.002751 1.000000
-0.955124 -0.620659 1336.812190
-0.413035 -0.503284 222.984992
-0.001159 -0.001330 1.000000
-0.076344 -1.332804 229.315561
0.030774 -0.687466 -158.120951
-0.000083 -0.002385 1.000000
-2.844985 2.552200 -3290.364907
-3.263089 2.947929 1031.164863
-0.006808 0.006396 1.000000
0.382957 -1.707943 431.911945
0.209639 -0.873400 -250.489875
0.000563 -0.003362 1.000000
-0.668797 -0.656129 837.288253
-0.309217 -0.637818 195.636720
-0.000816 -0.001531 1.000000
-0.541431 -1.034063 1010.678445
-0.299810 -0.994107 149.266370
-0.000656 -0.002142 1.000000
-0.637719 -0.223072 -10.275073
-0.534615 -0.135385 -294.014091
-0.001550 -0.000495 1.000000
-0.118721 -1.219213 472.991435
-0.030556 -0.634341 -355.919424
-0.000096 -0.002304 1.000000
-0.153441 -1.121934 469.179821
-0.063701 -1.015162 -391.044508
-0.000497 -0.002355 1.000000
-0.621863 -1.174862 1201.346741
-0.327659 -0.877839 -36.458022
-0.000938 -0.001753 1.000000
-1.180243 -0.531918 1399.348641
-0.626050 -0.378283 6.135075
-0.001606 -0.000860 1.000000
-0.241371 -0.909524 603.256728
-0.109761 -0.816985 -306.893946
-0.000489 -0.002535 1.000000
0.667732 -0.759633 251.442430
0.012939 0.028109 183.594873
-0.000035 -0.001227 1.000000
-0.225533 -1.214315 762.992113
-0.180246 -1.331392 81.602578
-0.000274 -0.002618 1.000000
-0.001498 -0.577383 224.132255
-0.298566 -0.342306 333.095299
-0.000669 -0.001094 1.000000
0.296266 -1.834900 -493.366638
0.265802 -1.010208 -299.933663
0.000432 -0.003262 1.000000
-0.107277 -1.028009 55.321567
-0.010215 -0.723586 -411.783275
-0.000403 -0.002135 1.000000
0.126477 -1.641397 -195.361289
-0.179784 -1.075593 -421.125123
-0.000272 -0.002692 1.000000
-0.071318 -0.802097 223.253308
-0.158961 -0.842563 -112.857543
-0.000577 -0.001965 1.000000
-0.302099 -0.978568 192.349909
-0.164513 -0.683166 -42.970681
-0.000694 -0.001787 1.000000
0.395676 -1.871019 -264.385782
0.699778 -1.797519 -781.709924
0.001105 -0.004140 1.000000
-0.156808 -1.236414 436.599685
-0.352976 -1.340776 106.383194
-0.000861 -0.002444 1.000000
-0.028609 -2.007475 482.292664
-0.117643 -1.368548 -669.229397
-0.000111 -0.003454 1.000000
0.138201 -1.662759 -349.765004
0.303076 -1.104803 -879.383114
0.000538 -0.003464 1.000000
0.139502 -1.569426 984.636352
-0.001843 -1.326441 -449.220548
-0.000001 -0.003449 1.000000
-0.227985 -1.271497 -70.875952
-0.273553 -1.083829 -7.999375
-0.000616 -0.002235 1.000000
-0.743705 -0.210743 -173.000237
-0.609038 -0.415775 -284.124127
-0.001495 -0.000947 1.000000
0.046818 -1.184914 -6.471457
0.129730 -0.731047 -875.732284
-0.000082 -0.002469 1.000000
0.535513 -2.568284 -742.719007
0.175858 -1.644012 -53.488024
0.000728 -0.003916 1.000000
0.116943 -1.670058 570.349154
0.079546 -1.206002 -733.077482
0.000262 -0.003090 1.000000
-0.635443 -0.918712 106.119855
-0.359417 -0.568291 5.357569
-0.001148 -0.001503 1.000000
-0.161516 -1.930367 316.818297
-0.107276 -1.260271 45.270924
-0.000319 -0.002774 1.000000
-0.022750 -1.315965 154.097365
0.053417 -0.756448 -398.105632
-0.000030 -0.002556 1.000000
0.049518 -1.389639 51.378405
-0.039335 -0.738454 -320.429773
-0.000296 -0.002644 1.000000
-0.238474 -0.552234 238.455677
-0.315284 -0.659382 -397.370100
-0.000953 -0.001519 1.000000
-0.483021 -0.837947 93.232771
-0.136512 -0.495796 -61.723049
-0.000935 -0.001558 1.000000
0.195692 -1.483386 13.213690
0.104904 -1.322514 -445.441746
0.000249 -0.003106 1.000000
-0.258616 -0.841634 566.400974
-0.270414 -0.889878 -110.165407
-0.000714 -0.001881 1.000000
0.476292 -2.116279 672.778857
0.261602 -1.652213 -619.588412
0.000923 -0.003835 1.000000
0.026186 -1.409276 881.570348
-0.202920 -1.047940 73.745025
-0.000276 -0.002451 1.000000
-0.460461 -1.064059 205.366094
-0.224798 -0.913701 -361.223545
-0.000886 -0.001980 1.000000
-0.874495 -0.376454 656.184681
-0.685326 -0.283035 -429.261972
-0.001466 -0.000782 1.000000
-0.184336 -1.386011 667.613308
-0.163738 -1.005510 -81.645379
-0.000392 -0.002422 1.000000
-0.086042 -1.185190 333.126762
-0.223278 -1.224942 34.586795
-0.000438 -0.002450 1.000000
-0.152783 -0.319923 -21.122054
-0.542961 -0.402531 375.086832
-0.001304 -0.000801 1.000000
-0.254352 -0.228280 -91.223564
-0.619471 -0.331971 425.133005
-0.001381 -0.000623 1.000000
-0.162212 -1.470354 235.398823
-0.033031 -1.390448 -142.697388
-0.000401 -0.002677 1.000000
-0.388477 -1.021827 808.779095
-0.449138 -0.859294 141.216434
-0.000868 -0.001770 1.000000
0.316383 -2.222383 426.806121
0.348463 -1.697255 -430.226460
0.000766 -0.003713 1.000000
0.324114 -2.252823 331.410153
0.401531 -1.543052 -1165.301570
0.000725 -0.004040 1.000000
0.274021 -1.655428 295.735324
0.193262 -1.486657 -637.380284
0.000312 -0.003351 1.000000
0.523598 -2.543452 742.484411
0.452891 -1.628479 -2222.372865
0.001146 -0.004650 1.000000
-4.627778 4.411295 1985.540977
-2.626855 3.354381 3316.233139
-0.007676 0.009041 1.000000
-0.220103 -1.047212 1065.991587
-0.086528 -0.847214 104.692921
-0.000227 -0.002323 1.000000
1.285421 -3.440769 1838.161351
1.179819 -2.472261 -1429.298336
0.002414 -0.005755 1.000000
-0.332317 -0.982850 -8.439739
-0.295665 -1.025538 -180.262583
-0.000652 -0.001994 1.000000
-0.415642 -1.184980 -439.775006
-0.315713 -0.845976 274.176934
-0.000698 -0.001836 1.000000
0.476249 -2.331880 305.795371
0.296617 -1.633816 -883.042951
0.000630 -0.004000 1.000000
1.376167 -3.000289 697.459009
1.009852 -2.490690 -1354.392440
0.002074 -0.005453 1.000000
0.471424 -2.349424 144.126243
0.373748 -1.849663 -682.679779
0.000837 -0.004151 1.000000
-0.188418 -1.671036 1503.653733
-0.255859 -1.241017 116.557150
-0.000284 -0.002206 1.000000
0.028993 -1.868842 216.056976
0.032428 -1.358234 -60.003813
-0.000353 -0.003008 1.000000
-0.721081 -0.266076 -1561.867655
-0.660469 -0.106057 406.977323
-0.001673 -0.000354 1.000000
0.571246 -1.896253 993.868113
0.354371 -1.621289 -565.167061
0.000553 -0.003534 1.000000
0.738680 -2.722097 1578.386556
0.444975 -2.009463 -1395.677259
0.001013 -0.004314 1.000000
-0.262845 -1.015226 915.167335
-0.189479 -0.846901 -52.670529
-0.000509 -0.001877 1.000000
1.493464 -3.328830 2588.429160
1.914415 -4.066740 -1477.882811
0.002758 -0.007126 1.000000
0.760244 -2.006990 594.389641
0.799506 -2.998138 -771.106115
0.001599 -0.005476 1.000000
-0.160280 -1.002351 982.297066
-0.322150 -1.061577 155.847020
-0.000631 -0.002096 1.000000
2.164565 -3.964414 3356.508089
1.345653 -2.993160 -341.234463
0.003368 -0.006885 1.000000
-3.513041 3.936211 -4389.583146
-1.589574 2.110205 1726.355651
-0.005986 0.005669 1.000000
-0.137608 -0.793118 -457.077625
-0.160209 -0.899002 -806.255061
-0.000546 -0.002077 1.000000
-0.094224 -1.149766 2086.696143
-0.089555 -0.949687 519.337543
-0.000307 -0.002074 1.000000
-0.224254 -1.419625 1635.744675
-0.115142 -1.304106 -380.102389
-0.000453 -0.002546 1.000000
-0.380775 -0.751093 512.465082
-0.434021 -0.619787 -556.054413
-0.001076 -0.001565 1.000000
0.190041 -2.390645 785.015961
0.165642 -1.461394 -351.079668
0.000459 -0.003384 1.000000
0.280193 -1.782254 172.538420
-0.078673 -1.513000 -49.294869
0.000213 -0.003205 1.000000
-3.718486 4.250146 974.161332
-2.467326 2.563489 2748.166513
-0.007149 0.007676 1.000000
6.201014 -13.862966 13443.820963
3.111365 -8.906387 -16097.245392
0.011711 -0.021300 1.000000
0.154444 -1.876048 1003.094068
-0.014134 -0.956856 -375.066330
0.000290 -0.003016 1.000000
5.480111 -13.812525 1094.921245
2.995992 -10.124156 -5990.898194
0.012740 -0.027836 1.000000
0.220615 -1.541844 1538.880406
0.079073 -0.902906 -150.171387
0.000068 -0.002492 1.000000
-0.825419 -0.177770 647.687992
-0.495867 -0.174931 806.461034
-0.001560 -0.000477 1.000000
-3.505362 4.905769 -9372.768559
-2.431113 3.056983 -3419.746138
-0.008526 0.009334 1.000000
-3.417494 2.646069 1000.791950
-2.136139 1.564727 4373.867967
-0.005291 0.004482 1.000000
-1.877972 1.133717 -794.206913
-1.246452 0.896484 1465.091615
-0.003451 0.002241 1.000000
0.003192 -1.722546 211.726101
0.050467 -1.187567 -274.085306
0.000026 -0.003271 1.000000
0.267891 -1.994298 -41.648416
0.011717 -1.455388 -323.166417
-0.000074 -0.003217 1.000000
0.178155 -1.996471 -709.095073
0.139122 -1.302199 -806.258329
-0.000143 -0.003146 1.000000
-0.669747 -0.144123 -39.279753
-0.443764 -0.160291 1216.488600
-0.001652 -0.000520 1.000000
-0.295556 -1.151390 2340.766305
-0.004318 -0.947419 -416.850326
-0.000321 -0.002623 1.000000
-9.193582 17.086397 -1960.501883
-4.682492 10.407981 37069.043026
-0.014985 0.028144 1.000000
1.832855 -5.320468 -3374.222457
1.169679 -4.445271 -5368.310321
0.005461 -0.012193 1.000000
0.647787 -3.230775 1002.584226
0.562496 -1.678444 -940.825977
0.000972 -0.004767 1.000000
-3.155772 1.924608 773.041347
-1.140262 0.833999 2006.557205
-0.004031 0.002526 1.000000
-0.100049 -1.199790 581.367988
-0.053699 -0.659100 -342.360691
-0.000540 -0.002260 1.000000
8.578884 -12.327303 9669.222111
4.883625 -7.861233 -1307.819788
0.012718 -0.021184 1.000000
0.311714 -1.382296 540.690402
-0.035829 -0.841567 -924.071942
0.000170 -0.002692 1.000000
0.474700 -1.762644 765.146987
0.337215 -1.682315 -336.999793
0.000978 -0.003915 1.000000
1.583287 -2.660044 886.478891
1.162073 -2.398616 -1077.767001
0.002280 -0.005377 1.000000
-3.500094 3.939603 -1584.454978
-1.805537 2.031887 2387.164682
-0.006039 0.007090 1.000000
-0.165134 -1.164902 -225.721970
-0.190517 -0.672551 116.242783
-0.000476 -0.001926 1.000000
-0.099685 -1.252019 541.124491
-0.233932 -1.109405 -190.035941
-0.000476 -0.002495 1.000000
2.210047 -4.311797 -788.233588
1.467796 -3.856054 -2279.055058
0.004094 -0.009059 1.000000
-0.060324 -1.038112 124.209124
-0.021590 -1.049092 -31.779381
0.000045 -0.002618 1.000000
0.367711 -2.580202 -4472.846000
0.685951 -2.054633 -808.619461
0.001103 -0.004766 1.000000
0.085138 -1.673405 456.859874
-0.076143 -1.083474 -844.641179
0.000111 -0.003199 1.000000
-0.160134 -1.573282 985.980922
-0.068449 -1.481077 -12.743447
-0.000163 -0.003853 1.000000
0.962931 -3.264296 -663.400772
0.647089 -2.272519 -905.661895
0.001701 -0.005671 1.000000
0.093485 -1.699358 422.054258
0.059076 -1.406908 -220.197079
0.000123 -0.003006 1.000000
-3.469867 4.042165 885.849819
-2.538398 4.062344 2527.341781
-0.005433 0.007392 1.000000
-11.343010 15.701697 8920.649635
-7.312563 15.760954 10931.888760
-0.024102 0.032198 1.000000
0.228515 -1.644678 -645.133166
0.178473 -1.657448 -1523.752106
0.001237 -0.004793 1.000000
-0.189051 -1.539842 125.423573
-0.103260 -1.251424 -495.321450
-0.000188 -0.002927 1.000000
-0.219518 -0.912441 119.243849
-0.096549 -0.813995 -46.040229
-0.000482 -0.002073 1.000000
0.002456 -1.264686 577.660749
-0.108692 -1.107190 -170.066027
-0.000211 -0.002514 1.000000
-3.259514 4.276289 1334.657043
-2.311735 4.074167 5760.310028
-0.007345 0.009379 1.000000
-0.441235 -0.847062 154.496586
-0.432979 -0.804508 28.005475
-0.000844 -0.001670 1.000000
-0.042685 -0.649615 -538.139487
-0.093729 -0.642188 -245.704813
-0.000345 -0.002219 1.000000
2.150544 -4.676551 -2427.599613
1.387053 -3.895429 -794.267775
0.005301 -0.009944 1.000000
-0.214634 -1.069856 -511.162429
-0.206217 -0.871721 -180.600576
-0.000505 -0.002086 1.000000
1.224852 -3.531485 -597.954452
1.212563 -2.837918 -3921.496352
0.002689 -0.006975 1.000000
-0.190026 -0.865753 416.513924
-0.230098 -0.688548 -79.818633
-0.000748 -0.001843 1.000000
-0.023381 -1.095224 759.735816
0.001169 -0.873508 -561.496319
-0.000250 -0.002673 1.000000
-1.063278 0.309035 2389.747972
-0.912356 0.293769 323.282201
-0.002301 0.000646 1.000000
-0.285346 -0.464876 -73.358975
-0.369586 -0.513678 -538.793643
-0.001027 -0.001233 1.000000
0.102333 -1.789539 152.779090
0.252998 -1.383543 -445.895135
0.000477 -0.003531 1.000000
-0.485769 -0.843356 -124.300934
-0.323257 -0.552317 29.580377
-0.000800 -0.001502 1.000000
-0.434209 -0.556977 -765.320492
-0.329891 -0.557754 812.544508
-0.000979 -0.001171 1.000000
1.075241 -3.148933 5050.594490
0.705986 -2.224719 -584.908479
0.001724 -0.005294 1.000000
-0.254647 -0.917701 -270.347712
-0.098120 -0.581869 133.619296
-0.000453 -0.002107 1.000000
-1.016489 0.088179 852.370334
-0.701798 0.220089 1711.939303
-0.002026 0.000266 1.000000
1.046721 -2.954567 237.738857
0.271765 -2.114492 -1423.860793
0.001656 -0.005671 1.000000
-1.784707 1.833296 2418.551684
-1.324176 1.128202 5080.031431
-0.003576 0.003232 1.000000
-0.527401 -0.775574 -94.423593
-0.491544 -0.677595 482.240215
-0.000939 -0.001354 1.000000
-4.653107 4.582223 -397.601774
-4.410190 4.013418 5007.931465
-0.009357 0.009658 1.000000
-1.702439 1.068012 -974.562147
-0.877077 0.356907 1220.225911
-0.002685 0.001259 1.000000
-2.226631 1.933835 6041.965857
-1.511096 2.016734 -341.038695
-0.004642 0.003718 1.000000
-1.144984 0.807384 473.867918
-0.935685 0.345277 1510.716592
-0.002177 0.001169 1.000000
-0.114532 -1.189552 1580.951744
-0.057810 -1.162579 -1737.363006
-0.000238 -0.002519 1.000000
-1.654664 1.139672 -2829.583953
-0.659154 0.725713 164.233655
-0.002945 0.001456 1.000000
-40.412166 52.217967 -10995.589851
-13.661641 26.172859 21301.239016
-0.053169 0.078482 1.000000
-0.784385 -0.265569 -434.697101
-0.513631 -0.163555 837.530000
-0.001339 -0.000438 1.000000
-0.585518 -1.182043 1945.345104
-0.261176 -0.715714 -336.502551
-0.000714 -0.001947 1.000000
0.092658 -1.881103 2829.008712
0.267358 -1.369344 -631.892904
0.000373 -0.003597 1.000000
0.427892 -2.521141 94.979451
0.269211 -2.028469 -1311.800355
0.000828 -0.004806 1.000000
0.025671 -1.968972 1144.330489
-0.093440 -0.979883 -140.973082
0.000054 -0.003041 1.000000
-28.013542 54.505681 -41282.628080
-18.017301 33.539095 14310.873958
-0.048214 0.085679 1.000000
-0.821317 -0.419699 1886.670785
-0.460261 -0.528691 -549.195453
-0.001357 -0.001095 1.000000
2.532566 -2.972805 429.429718
1.035078 -3.078478 -3567.393430
0.003285 -0.007245 1.000000
-0.132520 -1.608247 1039.394056
-0.152790 -0.926466 -461.845701
-0.000283 -0.002821 1.000000
-0.437772 -1.140156 1540.352465
-0.203720 -0.672625 437.004805
-0.000707 -0.001847 1.000000
-0.944720 0.245472 -829.629209
-0.647399 0.027146 1291.678398
-0.002018 0.000360 1.000000
-0.550026 -1.000331 1311.644704
-0.372490 -0.642108 -10.886022
-0.000809 -0.001542 1.000000
0.084835 -1.806864 1282.592770
0.225820 -1.050516 -284.872122
0.000003 -0.003043 1.000000
-0.873476 -0.272921 435.824912
-0.405577 -0.145841 1117.807095
-0.001500 -0.000311 1.000000
-0.530802 -1.327710 620.637345
-0.170507 -0.697093 -291.400961
-0.000441 -0.002140 1.000000
-5.912176 10.414490 -7303.385426
-5.550528 8.251327 10669.666066
-0.016411 0.023136 1.000000
-0.146562 -1.780835 2591.938869
0.124466 -1.553975 1285.645373
0.000164 -0.003243 1.000000
-0.008835 -1.769998 1233.417623
0.121275 -1.080969 -514.775578
0.000215 -0.003175 1.000000
-0.987286 -0.039790 438.426140
-0.802854 -0.092758 1060.004884
-0.001716 -0.000195 1.000000
-0.479883 -0.926473 734.884724
-0.213720 -0.505083 -353.521872
-0.000836 -0.001601 1.000000
1.597061 -3.547165 15562.815428
0.326695 -2.054572 -5163.882545
0.002887 -0.006406 1.000000
-0.512631 -0.993740 -197.365099
-0.321620 -0.418166 -35.726396
-0.001081 -0.001343 1.000000
-0.522166 -0.780489 1201.241474
-0.249798 -0.382565 36.739908
-0.000975 -0.001428 1.000000
-0.194337 -1.262633 1197.624656
-0.051887 -0.581749 47.029767
-0.000313 -0.002114 1.000000
-0.592780 -1.063620 1206.880699
-0.278840 -0.620309 -44.873196
-0.000787 -0.001752 1.000000
0.053026 -2.004156 889.000905
0.120059 -1.510660 -455.112726
0.000421 -0.004003 1.000000
1.351115 -3.755323 -1454.328900
0.999070 -3.582571 -1231.856438
0.002564 -0.007801 1.000000
1.363418 -4.249474 538.648870
1.218360 -3.324063 -864.572048
0.002392 -0.007017 1.000000
54.382434 -98.959710 25263.976286
24.596219 -60.275163 -76174.526896
0.099429 -0.163352 1.000000
-0.050109 -1.348487 906.059067
-0.048658 -1.295627 -106.295997
-0.000300 -0.002856 1.000000
-0.522993 -0.755427 1222.646225
-0.245489 -0.635445 -640.700737
-0.000925 -0.001388 1.000000
-0.608612 -0.897921 1221.023714
-0.229442 -0.547794 -17.814033
-0.000784 -0.001847 1.000000
0.197825 -1.906289 276.197055
0.211223 -1.984776 -818.367663
0.000496 -0.004075 1.000000
-0.311064 -1.412280 544.129394
0.013472 -0.803082 -483.218193
-0.000180 -0.002460 1.000000
-0.154584 -1.174281 1106.178454
-0.148034 -0.849291 -640.595287
-0.000385 -0.002245 1.000000
-6.329701 5.253170 -8996.591634
-4.450362 3.933354 8661.666083
-0.010470 0.011217 1.000000
-0.226388 -0.893492 784.985345
-0.169521 -0.605044 -446.939212
-0.000557 -0.001789 1.000000
-1.773402 0.957822 -494.464851
-0.916687 0.898988 2526.444944
-0.003082 0.002161 1.000000
-0.551421 -1.110387 1045.211092
-0.164719 -0.587143 -265.723907
-0.000868 -0.001683 1.000000
0.001341 -1.244606 -986.088874
0.085349 -0.676455 -602.898227
-0.000275 -0.002276 1.000000
-0.216599 -0.947342 1136.938625
-0.211906 -0.742176 37.380303
-0.000737 -0.001713 1.000000
3.149004 -8.134789 2671.884130
2.756528 -5.950395 -5829.823918
0.007186 -0.013302 1.000000
0.629307 -2.314671 771.433962
0.325535 -2.518652 -266.773660
0.000746 -0.004410 1.000000
0.029786 -2.221806 268.791696
-0.002004 -1.627440 -104.385100
0.000294 -0.003542 1.000000
-0.056119 -1.351934 80.695838
0.075139 -1.320352 -195.714913
-0.000133 -0.002867 1.000000
0.075076 -1.574853 750.001652
0.265301 -1.413308 -411.773094
0.000039 -0.003462 1.000000
1.025188 -2.556587 -714.369544
0.884471 -2.094409 -1719.294433
0.003008 -0.006752 1.000000
1.637051 -3.064554 -631.302888
1.309640 -3.282218 -1139.125843
0.003053 -0.007283 1.000000
-0.208439 -1.050238 168.386016
-0.106932 -1.106594 -45.021742
-0.000233 -0.002219 1.000000
1.037435 -3.007023 2258.712117
0.796044 -2.132048 -1635.203206
0.002158 -0.005940 1.000000
-0.067475 -1.468863 288.806851
0.189574 -1.169458 -149.358686
0.000118 -0.002970 1.000000
2.586859 -5.207598 -192.091542
2.720009 -7.734957 -3166.564919
0.006130 -0.013347 1.000000
0.350040 -1.396687 318.185722
0.513372 -2.098718 -606.856590
0.000552 -0.003794 1.000000
0.098760 -1.568459 341.615200
0.289410 -1.659189 -325.756316
0.000494 -0.003617 1.000000
0.075757 -1.013682 -20.610818
-0.055410 -1.075557 -23.710966
-0.000270 -0.002399 1.000000
0.014458 -1.786092 1176.213888
-0.041140 -0.799042 -313.724673
-0.000128 -0.002633 1.000000
-0.070627 -1.729638 -1088.584755
0.126174 -0.593717 -1111.678948
0.000181 -0.002897 1.000000
-2.797384 1.966470 -2872.270513
-1.030459 0.547481 2798.780773
-0.004021 0.002480 1.000000
-1.200732 0.397557 1334.387151
-0.619631 0.141438 754.732601
-0.002045 0.000252 1.000000
0.047270 -1.597002 664.013460
0.165971 -0.981295 -434.266575
0.000133 -0.002822 1.000000
-0.870717 -0.209006 1302.972565
-0.399782 -0.233269 -20.773214
-0.001514 -0.000600 1.000000
0.511522 -1.742659 -182.537217
0.547458 -2.096163 -753.151992
0.001175 -0.004265 1.000000
0.207750 -1.987207 1050.540526
0.249131 -2.155651 -1040.258095
0.000384 -0.004237 1.000000
0.020325 -1.287640 698.209675
-0.043273 -1.456610 1.489900
0.000077 -0.002767 1.000000
0.015300 -1.640837 140.374539
0.140060 -1.824234 -293.498725
0.000259 -0.003584 1.000000
0.534581 -1.870530 384.900562
0.163105 -2.084822 -1.093670
0.000119 -0.003936 1.000000
0.056940 -1.490552 176.150884
0.151741 -0.572532 -675.481150
0.000089 -0.002574 1.000000
-0.193848 -1.608236 208.737580
-0.092746 -1.238391 -132.743837
-0.000189 -0.002655 1.000000
-0.165023 -1.117091 -69.121235
-0.186201 -0.811090 -27.585980
-0.000644 -0.001917 1.000000
0.248912 -1.875242 651.297547
0.107647 -1.119518 -282.360900
0.000135 -0.003277 1.000000
-0.484901 -0.741922 609.889177
-0.253345 -0.714083 -273.556206
-0.000844 -0.001666 1.000000
0.014175 -1.253823 390.016026
-0.025488 -0.922002 -58.891552
-0.000191 -0.002358 1.000000
-0.238797 -1.332542 874.896803
0.023793 -1.187105 -64.484463
-0.000264 -0.002590 1.000000
-0.178179 -1.436083 468.981984
-0.012685 -1.115417 -48.361620
0.000093 -0.002707 1.000000
-0.585091 -0.834695 1285.372623
-0.246376 -0.687265 -84.076456
-0.000996 -0.001610 1.000000
0.062080 -1.598374 1049.169226
-0.019636 -0.960811 -656.453712
0.000439 -0.003271 1.000000
0.003603 -1.475046 523.040795
0.042218 -1.057424 -2.761007
-0.000013 -0.002669 1.000000
0.249629 -1.664303 542.354435
0.022818 -1.171896 -148.275398
0.000207 -0.002900 1.000000
0.111188 -1.573448 566.647538
0.101031 -1.283563 4.904125
0.000092 -0.002996 1.000000
1.330971 -4.003622 -1315.830550
1.208563 -3.177611 -843.310018
0.002569 -0.007821 1.000000
-1.966009 2.397207 21.109321
-1.620700 1.671919 2059.467846
-0.003887 0.003167 1.000000
-0.343595 -1.063266 989.662214
-0.083518 -1.204681 33.228619
-0.000578 -0.002374 1.000000
