0.038189 -1.754273 659.262439
0.193222 -0.795817 -181.803507
0.000144 -0.002869 1.000000
0.029012 -1.384061 442.010347
-0.006736 -0.689463 -58.587891
-0.000156 -0.002543 1.000000
0.121687 -1.398645 223.593119
-0.030422 -0.890793 9.400904
-0.000149 -0.002566 1.000000
0.225801 -1.451820 324.921969
0.131719 -1.250612 31.338160
0.000180 -0.003071 1.000000
-0.132695 -0.899553 318.361907
-0.171487 -0.787504 121.548488
-0.000556 -0.001950 1.000000
0.075707 -1.203460 234.810710
-0.024438 -1.048662 108.321120
-0.000165 -0.002561 1.000000
0.129628 -1.289060 68.492010
0.028026 -0.657888 -168.804468
-0.000036 -0.002597 1.000000
-0.148792 -0.696756 59.554739
-0.122375 -0.710927 25.408635
-0.000368 -0.002234 1.000000
0.304709 -2.418292 456.848665
0.371396 -1.701928 -149.553386
0.000293 -0.004027 1.000000
1.269474 -3.909241 2628.865886
0.792694 -1.634080 -1037.815197
0.002077 -0.005860 1.000000
0.563688 -2.809880 656.237167
0.312466 -1.855325 -664.353487
0.001088 -0.005012 1.000000
-0.042263 -0.879801 -116.120265
-0.089921 -0.829030 -77.641468
-0.000482 -0.002229 1.000000
-0.231759 -1.722525 318.606718
-0.006463 -1.171788 42.926204
-0.000246 -0.002978 1.000000
-0.336457 -0.667381 82.413631
-0.146759 -0.463770 64.002157
-0.000707 -0.001661 1.000000
0.102888 -0.915245 408.619181
0.002843 -0.236258 40.169384
-0.000124 -0.001772 1.000000
0.246420 -2.139528 744.821126
0.055633 -1.546770 -151.426872
0.000340 -0.003552 1.000000
0.296718 -1.794270 474.459456
0.191121 -1.261781 -238.025864
0.000404 -0.003512 1.000000
0.174474 -1.245358 339.408286
0.139604 -0.769007 -226.415198
0.000264 -0.002707 1.000000
0.014164 -1.816662 390.716416
-0.023756 -1.157258 -4.264056
-0.000209 -0.002894 1.000000
-0.107998 -1.300723 574.462374
-0.095943 -0.919546 -76.300657
-0.000338 -0.002293 1.000000
0.268571 -1.663237 271.194091
0.143436 -1.204418 -148.186837
0.000315 -0.003155 1.000000
-1.170044 0.142396 -391.114365
-0.844846 -0.064538 1810.760360
-0.001953 0.000036 1.000000
181.537754 -308.177425 -60706.478151
79.609251 -156.868428 -291987.632584
0.303558 -0.471482 1.000000
-0.023742 -1.311794 650.154650
0.202806 -1.020712 -129.031633
0.000095 -0.002972 1.000000
0.422884 -3.309413 888.181433
0.583589 -2.549410 -700.279516
0.001602 -0.006387 1.000000
-0.026634 -1.217339 499.969637
0.010446 -0.928549 16.143401
-0.000173 -0.002482 1.000000
-0.247977 -0.999450 417.217618
0.096515 -0.840831 -132.801931
-0.000171 -0.002470 1.000000
0.203173 -0.945009 -306.375536
-0.027441 -0.848004 -141.928265
-0.000135 -0.002646 1.000000
0.260349 -1.599490 222.577259
0.178153 -0.728173 -360.732899
0.000252 -0.003071 1.000000
0.312799 -0.426840 241.852959
0.039074 0.252929 18.570315
-0.000222 -0.001049 1.000000
-0.232181 -1.750240 633.346233
-0.036334 -1.283220 134.467262
-0.000190 -0.002964 1.000000
-0.020222 -1.622947 361.038518
0.038216 -1.264959 -15.237918
0.000102 -0.003195 1.000000
-0.530529 -1.711902 680.797684
0.029026 -1.563063 221.477862
-0.000125 -0.003292 1.000000
2.002362 0.294788 -388.644869
0.380626 1.783869 -318.815821
0.000844 0.000109 1.000000
-0.237236 -2.395844 666.026281
0.159545 -1.767300 -0.614928
0.000053 -0.004020 1.000000
5.476251 6.690627 -3665.720313
-0.320770 6.482766 -1265.512913
-0.000984 0.009680 1.000000
1.000000 0.000000 -0.000000
-0.000000 1.000000 0.000000
-0.000000 0.000000 1.000000
1.417569 1.167301 -553.555113
-0.340696 1.984822 -217.272270
-0.000706 0.002023 1.000000
0.554206 -0.043655 83.571143
-0.186022 0.735940 73.140006
-0.000376 -0.000129 1.000000
0.531612 -0.231164 131.819247
-0.145840 0.629798 91.124249
-0.000265 -0.000417 1.000000
0.502057 -0.088854 111.016223
-0.097003 0.844209 -13.656086
-0.000493 -0.000009 1.000000
0.507674 -1.560736 441.101207
0.189348 -0.811192 -128.104537
0.000593 -0.003252 1.000000
0.401756 -0.567051 214.203217
-0.040092 0.150432 65.307876
-0.000145 -0.001177 1.000000
-0.450771 -0.268900 115.518806
-0.291287 -0.142200 204.075651
-0.001278 -0.000606 1.000000
-0.349510 -0.340372 143.490459
-0.100558 -0.310866 93.383398
-0.000874 -0.001246 1.000000
0.065384 -1.264401 389.798531
0.049296 -1.019092 -22.563127
-0.000035 -0.002862 1.000000
-0.089573 -0.961541 419.148996
-0.034323 -0.745457 6.621454
-0.000233 -0.002338 1.000000
0.593219 -1.727575 271.693515
0.218609 -1.236326 -128.751484
0.000496 -0.003646 1.000000
0.147996 -1.265145 397.261552
0.167824 -0.881906 -121.103379
0.000091 -0.002554 1.000000
0.500178 -2.074868 519.628280
0.366427 -1.323329 -678.632228
0.000518 -0.004167 1.000000
0.061519 -1.456129 538.765143
0.030419 -1.102832 145.010606
-0.000018 -0.002731 1.000000
0.103996 -1.496426 479.253884
0.111773 -1.232514 68.926924
0.000272 -0.003308 1.000000
0.029621 -1.386777 427.055350
0.074757 -0.867105 -78.877217
-0.000160 -0.002615 1.000000
0.112621 -1.481069 492.595226
0.087651 -1.079149 -23.916195
0.000211 -0.003205 1.000000
-0.281775 -1.429921 644.170506
0.079996 -1.105443 -51.620819
-0.000183 -0.002785 1.000000
-0.112285 -0.937161 308.562460
0.012437 -0.532060 -41.602461
-0.000299 -0.001938 1.000000
-0.853986 0.114195 -238.326057
-0.455317 0.060612 752.149979
-0.001971 0.000201 1.000000
-0.190862 -1.157290 729.383736
-0.062053 -0.812647 -130.083145
-0.000327 -0.002590 1.000000
-0.073007 -0.779575 274.426386
-0.121441 -0.847123 101.189625
-0.000382 -0.002396 1.000000
0.366167 -1.489256 368.075066
0.180266 -1.033331 -119.816670
0.000307 -0.003139 1.000000
-0.312531 -0.494769 -39.013370
-0.191718 -0.445692 110.329567
-0.000846 -0.001598 1.000000
-0.993333 -0.250641 1074.220796
-0.537433 -0.255033 317.888618
-0.001388 -0.000759 1.000000
-0.251329 -0.585212 21.278969
-0.121194 -0.392400 17.557246
-0.000681 -0.001780 1.000000
-0.335683 -1.078138 448.407299
-0.126239 -1.010660 -21.190517
-0.000543 -0.002295 1.000000
-0.200674 -0.795928 291.625214
-0.105839 -0.388569 -228.261475
-0.000698 -0.001588 1.000000
-0.244562 -0.890941 443.263528
-0.204454 -0.706519 -57.939382
-0.000596 -0.002060 1.000000
0.665483 -1.861257 -125.902697
0.185345 -1.786532 86.614016
0.000688 -0.004287 1.000000
0.121240 -1.019802 211.370643
0.010977 -0.754559 -137.563558
-0.000187 -0.002530 1.000000
-0.294188 -0.170990 -39.092878
-0.103192 -0.226497 -18.491303
-0.001070 -0.000927 1.000000
-0.155252 -0.830099 340.999807
-0.245823 -0.739963 -113.781559
-0.000610 -0.001948 1.000000
-0.697728 -0.577348 902.771757
-0.372696 -0.358866 211.742138
-0.000969 -0.001285 1.000000
-0.420424 -0.895247 625.203016
-0.251714 -0.820217 122.925995
-0.000652 -0.002171 1.000000
-0.051271 -0.943560 -726.599018
-0.004490 -0.741819 -407.968781
-0.000364 -0.002288 1.000000
1.121939 0.269801 -140.454501
-0.066918 1.168616 -44.301750
-0.000140 0.000258 1.000000
0.046169 -1.011226 322.371770
-0.022081 -0.592792 0.816237
-0.000177 -0.002212 1.000000
0.339335 -0.051883 167.646708
-0.257841 0.597468 217.417176
-0.000518 0.000023 1.000000
0.046176 -0.643202 10.873073
0.030635 -0.511428 32.301457
-0.000143 -0.002039 1.000000
0.003373 -1.255041 147.375085
0.019720 -0.593515 -49.348424
-0.000166 -0.002314 1.000000
0.026043 -1.482436 50.173109
0.068044 -0.902793 -227.325376
-0.000312 -0.002769 1.000000
-0.139228 -1.029543 185.942115
-0.064751 -0.863432 -161.441929
-0.000463 -0.002225 1.000000
0.039290 -1.056685 126.369299
-0.134367 -0.643170 -235.397404
-0.000418 -0.002217 1.000000
0.016834 -1.541686 877.490674
0.044315 -1.055850 -184.701985
0.000002 -0.002733 1.000000
-0.143315 -1.232436 415.814666
-0.278458 -1.350264 163.934531
-0.000502 -0.002518 1.000000
0.580884 -2.162897 758.633316
0.201373 -1.328323 -613.770058
0.000634 -0.004173 1.000000
-0.217287 -0.606578 103.216285
-0.031430 -0.383769 -2.430024
-0.000430 -0.001939 1.000000
-0.122339 -0.465907 149.917503
-0.005451 -0.388436 41.244995
-0.000073 -0.002029 1.000000
-0.332610 -1.188461 1016.799243
-0.233219 -0.651448 -71.390851
-0.000546 -0.001871 1.000000
-0.532227 -0.370967 -68.556521
-0.404621 -0.514441 157.323967
-0.001085 -0.001126 1.000000
-0.124938 -0.574835 54.458273
-0.052019 -0.550248 -8.317540
-0.000296 -0.001919 1.000000
0.475480 -2.121562 292.459920
0.098845 -1.520410 -73.250128
0.000287 -0.003677 1.000000
0.019620 -1.832870 286.886868
0.001499 -1.404475 90.116138
-0.000099 -0.002815 1.000000
-0.229506 -1.169955 582.438040
-0.057634 -0.800698 2.031147
-0.000501 -0.002185 1.000000
-0.281118 -1.186262 448.313875
-0.081279 -0.642477 79.540970
-0.000436 -0.001896 1.000000
-0.093456 -1.068304 3.067751
-0.055119 -0.699149 -24.578163
-0.000376 -0.002211 1.000000
0.158554 -1.374951 251.002919
0.030842 -0.634427 -95.848201
-0.000380 -0.002221 1.000000
-0.495860 -0.789952 258.041330
-0.437474 -0.738756 83.335225
-0.001043 -0.001627 1.000000
-0.035872 -1.287717 -347.435765
0.006451 -0.574266 -118.186655
-0.000249 -0.002561 1.000000
-0.075137 -1.554041 356.079124
-0.008143 -0.987400 -128.046756
-0.000342 -0.002506 1.000000
-0.325025 -1.349218 211.899094
-0.063178 -1.035561 41.625507
-0.000528 -0.002558 1.000000
-0.329544 -1.099756 327.109231
-0.199563 -1.010975 -22.804954
-0.000514 -0.002098 1.000000
-0.140818 -1.484075 568.461350
-0.062264 -1.115585 36.115349
-0.000288 -0.002368 1.000000
0.064187 -1.409906 54.202920
-0.148489 -1.160275 -164.434299
-0.000308 -0.002772 1.000000
-0.232908 -1.110784 756.970128
-0.180676 -0.882094 -183.916557
-0.000414 -0.002265 1.000000
-0.138427 -1.281836 143.856108
-0.026106 -0.823871 -92.420798
-0.000381 -0.002360 1.000000
-0.076127 -1.401885 417.702060
-0.014732 -0.854967 -143.207557
-0.000282 -0.002393 1.000000
-3.501915 -6.973382 3237.488296
-0.170807 -6.801514 903.454003
0.000756 -0.011061 1.000000
-0.207587 -1.315210 545.841868
-0.095176 -0.992129 261.697394
-0.000197 -0.002459 1.000000
-0.105645 -1.074943 342.440799
-0.125626 -0.858032 0.365727
-0.000357 -0.002113 1.000000
-0.066711 -1.001129 451.749178
-0.221817 -1.134248 205.946156
-0.000287 -0.002234 1.000000
-0.159547 -1.725574 556.657993
-0.036718 -1.390382 42.632909
-0.000058 -0.003068 1.000000
-0.105960 -1.071765 -31.732010
-0.152257 -0.675569 43.621018
-0.000477 -0.002161 1.000000
-0.020954 -1.271762 -461.521810
-0.123203 -0.876118 -171.919487
-0.000320 -0.002370 1.000000
0.028762 -1.304924 535.860577
-0.089275 -1.106631 18.942067
-0.000160 -0.003005 1.000000
0.167050 -1.451061 666.783326
0.092100 -1.233589 -454.206687
-0.000070 -0.003330 1.000000
2.285056 -3.894724 -657.313500
0.633718 -2.153908 -1297.055681
0.002499 -0.006467 1.000000
-0.185635 -1.203341 -140.481619
-0.094304 -0.815317 122.661425
-0.000466 -0.002001 1.000000
-8.920376 16.890565 14586.415987
-6.940667 12.745440 3176.626824
-0.016790 0.028295 1.000000
0.904772 -3.394854 -1552.172566
0.529058 -2.125477 -1219.025531
0.002229 -0.006143 1.000000
-0.245116 -1.045481 584.753621
-0.081019 -0.817958 -151.417138
-0.000381 -0.002205 1.000000
5.217534 -7.045534 -8049.477439
2.562523 -6.534464 -2648.690535
0.010296 -0.019240 1.000000
-0.212171 -1.008530 408.389668
-0.092787 -0.687921 -179.657093
-0.000560 -0.002036 1.000000
-0.161489 -1.333079 855.844319
-0.015414 -0.838789 -123.944963
-0.000220 -0.002324 1.000000
0.440477 -1.784724 350.780109
0.181184 -1.481366 -395.470435
0.000466 -0.003858 1.000000
-0.284574 -1.008102 605.946520
-0.173031 -0.742998 -187.658715
-0.000635 -0.001994 1.000000
0.165153 -1.591880 465.162363
0.256649 -1.283483 -448.748593
0.000212 -0.003255 1.000000
1.138612 -2.938513 525.315804
0.756594 -2.722752 -857.689289
0.001536 -0.005205 1.000000
0.366782 -1.897339 1075.900334
0.444798 -1.656563 -434.861226
0.000931 -0.004350 1.000000
0.068284 -1.420819 467.561512
0.012253 -1.585763 -5.673786
-0.000020 -0.003264 1.000000
-0.286093 -1.182574 657.868911
-0.236636 -1.133101 89.570730
-0.000578 -0.002199 1.000000
0.133079 -1.506387 786.130942
0.056675 -1.439179 -108.530843
0.000102 -0.003083 1.000000
0.104758 -1.586679 326.015555
0.103207 -1.133259 -233.722541
0.000402 -0.003407 1.000000
-0.211601 -1.480212 305.742928
0.033731 -0.779702 -142.913852
-0.000359 -0.002577 1.000000
-0.289513 -0.627499 -196.702170
-0.296489 -0.480588 -51.651594
-0.000953 -0.001239 1.000000
-0.220791 -1.445995 529.268004
-0.071299 -1.047439 -231.150611
-0.000337 -0.002636 1.000000
-0.291558 -1.028834 606.318059
-0.092222 -0.899784 23.879519
-0.000439 -0.002044 1.000000
-0.672219 -0.661238 157.365610
-0.482534 -0.460811 54.753894
-0.001160 -0.000961 1.000000
-0.235145 -1.027351 566.539758
-0.233832 -0.840754 76.687904
-0.000642 -0.001853 1.000000
0.169021 -1.387359 259.903893
0.035293 -1.297173 -7.818205
-0.000015 -0.002868 1.000000
-0.118070 -1.473624 1054.930234
-0.081101 -0.725816 -37.273401
-0.000197 -0.002438 1.000000
0.039595 -1.095876 991.577533
-0.077458 -0.849809 79.232760
-0.000426 -0.002429 1.000000
0.314527 -2.415257 1706.353421
0.208060 -1.236905 -33.415869
0.000820 -0.003848 1.000000
-0.490340 -0.454236 305.765171
-0.170131 -0.262773 -236.811377
-0.000936 -0.001392 1.000000
0.461997 -1.621216 735.999155
0.159497 -1.103274 -276.074789
0.000214 -0.003661 1.000000
-3.738436 3.891218 -1282.038971
-1.516112 1.672484 4681.758576
-0.006119 0.006564 1.000000
-3.409173 3.547554 1480.367779
-1.145030 1.626004 2635.998902
-0.004153 0.004713 1.000000
-0.278039 -0.739129 352.564389
-0.106781 -0.415784 -558.600768
-0.000647 -0.001773 1.000000
0.082294 -1.305350 226.698695
0.171151 -0.927390 -444.813288
0.000186 -0.002892 1.000000
-0.053939 -1.118454 346.448079
0.005335 -0.627974 -266.731360
-0.000366 -0.002327 1.000000
-0.157529 -0.924302 530.675554
-0.067345 -0.531541 -182.022698
-0.000479 -0.001898 1.000000
0.101587 -1.649663 -95.238857
0.111740 -1.200114 -228.296506
-0.000164 -0.003062 1.000000
-0.074504 -1.704346 751.720928
-0.035721 -1.014507 -360.704057
-0.000224 -0.002901 1.000000
0.164785 -1.706760 514.943766
0.284470 -1.107294 -406.035932
0.000076 -0.003138 1.000000
-0.138055 -1.373391 654.018430
-0.002383 -0.807232 -270.634072
-0.000411 -0.002517 1.000000
0.154440 -2.055701 534.374486
0.055372 -1.349554 -749.767230
0.000289 -0.003960 1.000000
-0.385769 -1.056377 583.490778
-0.096756 -0.824709 -77.871055
-0.000555 -0.002093 1.000000
-0.032311 -1.774057 1184.490441
-0.003326 -0.488769 13.549800
-0.000115 -0.002316 1.000000
-0.673632 -0.375265 -41.477813
-0.331546 -0.359355 -14.951921
-0.001274 -0.001105 1.000000
-0.773424 -0.506915 480.239329
-0.430548 -0.294535 -437.503021
-0.001238 -0.001018 1.000000
0.549339 -1.996314 1775.141556
0.115918 -1.387844 -159.803142
0.000720 -0.004075 1.000000
0.184384 -1.808072 544.507713
0.132503 -1.787853 -117.469952
0.000295 -0.003747 1.000000
-0.192006 -1.234457 795.286070
-0.038146 -0.682077 29.773938
-0.000296 -0.002158 1.000000
2.407905 -1.940578 1598.187384
0.720901 -2.096353 -2238.169180
0.002493 -0.006423 1.000000
-0.348346 -0.693626 -377.205239
-0.190843 -0.498084 301.684860
-0.000765 -0.001640 1.000000
0.160693 -1.402019 304.982654
0.041466 -1.303093 -145.407808
0.000083 -0.003171 1.000000
0.178373 -1.672944 395.144927
0.314031 -1.496259 -174.163948
0.000631 -0.003803 1.000000
0.169411 -1.125906 258.303315
0.104181 -1.063757 -192.842251
0.000103 -0.002891 1.000000
-1.406974 1.196661 -1222.463858
-0.992672 0.225191 455.420706
-0.003057 0.001927 1.000000
0.004452 -0.874179 -22.446122
0.026521 -1.065961 -72.928187
-0.000035 -0.002605 1.000000
1.649160 -2.892188 46.760474
0.872164 -1.374786 -1104.634026
0.002086 -0.006089 1.000000
-0.064488 -1.435473 112.185434
-0.076151 -0.713660 -37.109082
-0.000425 -0.002354 1.000000
-0.289774 -1.122438 803.706316
-0.039005 -0.691250 55.714092
-0.000310 -0.002079 1.000000
0.026527 -1.272764 470.231817
-0.007278 -0.982605 -139.593127
-0.000279 -0.002574 1.000000
-0.154429 -0.331674 -374.256710
-0.110493 -0.341171 -31.775613
-0.000868 -0.001591 1.000000
0.226151 -1.124674 126.523575
0.088296 -1.133880 -296.770541
0.000273 -0.003171 1.000000
1.566026 -3.228708 619.952386
0.712570 -2.738177 -1433.474992
0.003968 -0.008889 1.000000
0.767001 -2.464963 535.416558
0.545473 -2.194201 -392.931045
0.002090 -0.005831 1.000000
-0.151857 -1.711758 288.631008
-0.012082 -1.493465 -48.951291
-0.000086 -0.003020 1.000000
0.216117 -1.886567 -88.322681
0.603551 -1.443301 -735.493467
0.001310 -0.004835 1.000000
-0.623563 -0.188509 -451.353521
-0.425930 -0.282599 126.516733
-0.001253 -0.000872 1.000000
0.445852 -1.752526 -30.572528
0.105597 -1.408654 -1.499171
0.000586 -0.003820 1.000000
0.084651 -1.311816 -41.116362
-0.067276 -1.647279 55.677859
0.000349 -0.003396 1.000000
-0.194392 -0.949943 143.563510
-0.155184 -0.789849 90.137977
-0.000458 -0.002155 1.000000
1.214804 -2.795415 -1794.608000
0.642127 -1.927640 -245.305634
0.001879 -0.006619 1.000000
-0.192384 -0.931631 549.061219
-0.169685 -0.612082 10.209162
-0.000574 -0.001901 1.000000
-0.160326 -1.399579 506.585864
-0.034136 -1.035895 -12.493347
-0.000333 -0.002543 1.000000
-0.439167 -0.789345 -595.522206
-0.188983 -0.706770 -258.333327
-0.000712 -0.001732 1.000000
0.130493 -1.020475 -32.073964
0.158202 -0.772802 -187.215140
0.000136 -0.002788 1.000000
0.044969 -2.145703 343.044390
-0.028541 -2.086715 39.807085
0.000535 -0.004150 1.000000
-0.047408 -1.454186 605.758954
-0.051387 -1.132262 -63.284676
-0.000038 -0.002845 1.000000
-0.128717 -0.738150 -448.300613
-0.258891 -0.587571 579.916107
-0.000709 -0.001731 1.000000
-0.736996 -0.613832 -2880.707904
-0.409960 -0.304592 -1920.426598
-0.001200 -0.000915 1.000000
-0.003233 -1.736397 -99.865270
-0.091241 -0.986283 -298.698648
-0.000249 -0.002771 1.000000
-0.088993 -0.982015 -581.874244
0.075279 -0.769177 -377.970804
-0.000181 -0.002566 1.000000
0.153268 -2.147359 1357.268538
0.727271 -2.480705 -542.240468
0.001220 -0.005135 1.000000
-2.549111 2.205306 2927.850071
-2.050963 2.001522 1725.697267
-0.004937 0.005258 1.000000
-0.574750 -0.587194 -136.363420
-0.495735 -0.467198 765.346532
-0.001204 -0.000961 1.000000
-0.718704 -0.643817 -20.052514
-0.544341 -0.280013 699.684826
-0.001228 -0.000725 1.000000
-0.461213 -0.853792 1886.684954
-0.352257 -0.665461 301.009107
-0.000823 -0.001601 1.000000
-16.415711 23.850542 -16780.832963
-11.698338 19.436607 -48763.558534
-0.032287 0.045005 1.000000
-0.221138 -0.927523 -132.047606
-0.174791 -0.753877 -207.016337
-0.000589 -0.001943 1.000000
-0.797215 -0.467927 -388.022219
-0.540556 -0.229446 417.923885
-0.001523 -0.000522 1.000000
0.583255 -2.284461 1783.235564
0.303961 -1.267012 -144.542306
0.000708 -0.003694 1.000000
-0.420998 -1.686826 1046.403843
0.047685 -0.876540 -97.086412
-0.000361 -0.002389 1.000000
-1.558951 1.158269 1598.568847
-1.977696 1.563301 3634.462738
-0.003526 0.003106 1.000000
-0.057909 -2.294143 2073.180910
0.169645 -0.925990 -275.233018
0.000093 -0.003314 1.000000
0.103302 -2.656617 1400.383514
0.087381 -1.577676 -141.365059
0.000241 -0.004213 1.000000
-0.848448 -0.798679 259.230345
-0.277000 -0.379755 -957.091960
-0.001065 -0.001247 1.000000
-0.201393 -1.679745 913.312131
0.017645 -0.824179 -181.225117
-0.000196 -0.002481 1.000000
0.495459 -2.929020 1197.684493
0.405238 -1.717206 -506.727857
0.000705 -0.004173 1.000000
-0.749596 -0.780029 1531.455544
-0.315772 -0.294839 461.945460
-0.001214 -0.001169 1.000000
-0.402768 -0.380238 -48.373070
-0.444659 -0.535825 769.794223
-0.000965 -0.001070 1.000000
-0.106614 -1.239989 737.134601
-0.059180 -1.010821 -811.917389
-0.000361 -0.002580 1.000000
-0.780389 -0.479186 301.846294
-0.490854 -0.353250 1206.257086
-0.001614 -0.000833 1.000000
-1.089434 0.114222 1393.909727
-0.883163 0.195587 1609.284451
-0.002400 0.000754 1.000000
-0.182168 -1.353613 1064.051738
-0.109325 -0.719911 30.075825
-0.000338 -0.002157 1.000000
-0.741262 -0.901033 1217.860408
-0.219834 -0.384655 -29.184827
-0.001010 -0.001148 1.000000
-2.963149 2.076118 2152.304262
-1.227986 1.348865 2239.025749
-0.004352 0.004075 1.000000
-0.179896 -1.339490 -113.137887
-0.166899 -0.622643 171.654714
-0.000432 -0.002124 1.000000
-0.622739 -0.187899 975.457256
-0.565298 -0.216622 837.231306
-0.001493 -0.000458 1.000000
0.245673 -2.403538 -2948.179892
0.387476 -1.579496 1572.955988
0.000538 -0.003971 1.000000
-0.380246 -1.358853 1115.095922
-0.038418 -0.595389 -35.593647
-0.000191 -0.002135 1.000000
-1.558528 0.620131 -191.329863
-0.735259 0.063792 1207.614432
-0.002254 0.000819 1.000000
-0.243091 -0.967676 52.379712
0.169088 -0.833681 -651.143466
-0.000098 -0.002415 1.000000
-0.535853 -0.715570 952.425412
-0.150910 -0.101360 531.883215
-0.000962 -0.001232 1.000000
0.108169 -1.160824 187.446603
0.070755 -0.543919 -51.575842
-0.000048 -0.002356 1.000000
-0.548837 -0.766218 1013.405638
-0.280613 -0.408993 44.544758
-0.000839 -0.001258 1.000000
-0.405653 -1.176079 1053.635626
-0.086116 -0.653795 0.942964
-0.000505 -0.002036 1.000000
0.996949 -3.291394 1483.744048
0.663151 -1.892996 -1798.334167
0.001973 -0.005796 1.000000
-0.385211 -1.312565 916.683978
-0.063946 -0.594362 31.897505
-0.000342 -0.001969 1.000000
1.263812 -4.445328 -1309.398861
1.224304 -3.580667 -720.966192
0.003181 -0.008365 1.000000
0.060725 -2.249302 1102.183326
0.363273 -1.618142 -428.926676
0.000572 -0.003851 1.000000
-0.414577 -1.281551 768.396792
-0.067485 -0.627973 -145.044099
-0.000734 -0.002123 1.000000
-0.382438 -1.364926 841.115983
-0.051627 -0.678379 -237.365666
-0.000503 -0.002197 1.000000
0.166857 -1.951327 402.217778
0.357812 -1.611738 -267.801729
0.000245 -0.003511 1.000000
-0.473104 -1.377310 971.293595
0.014939 -0.869265 -34.928389
-0.000500 -0.002296 1.000000
-0.092148 -1.781469 846.508239
0.078123 -1.220546 -139.933827
-0.000180 -0.002756 1.000000
-0.459322 -1.127752 1205.815569
-0.078393 -0.567299 2.455034
-0.000727 -0.001884 1.000000
0.084105 -1.715459 950.145154
0.045759 -0.820131 -82.480519
0.000193 -0.002821 1.000000
-0.949068 0.099399 1576.388536
-0.497389 0.024558 1411.039587
-0.001613 0.000007 1.000000
-0.226576 -1.403411 966.276661
-0.003894 -0.749669 -167.038685
-0.000342 -0.002531 1.000000
-0.555821 -1.533788 1069.867042
-0.153250 -0.758238 119.819799
-0.000568 -0.002055 1.000000
5.338311 -10.517256 4003.941398
2.123433 -3.676045 -4217.178779
0.009191 -0.018059 1.000000
-0.260114 -0.915930 -21.726176
-0.004247 -0.181598 -157.463217
-0.000626 -0.001717 1.000000
0.476140 -2.698520 50.839291
0.468487 -1.754652 -925.933459
0.000992 -0.004408 1.000000
-0.508678 -1.432384 1188.815631
-0.022419 -0.645242 -144.723301
-0.000499 -0.001937 1.000000
-0.475367 -1.593340 195.471347
-0.045121 -0.856465 -554.936073
-0.000495 -0.002660 1.000000
-0.559287 -1.011475 871.853235
-0.173639 -0.659783 -178.065032
-0.000856 -0.001638 1.000000
-0.957078 0.388821 1912.145319
-0.666694 0.361206 -28.557444
-0.002231 0.000370 1.000000
1.027707 -2.912571 608.508942
0.776027 -2.072945 -1713.749615
0.001349 -0.005507 1.000000
-1.308961 0.535614 780.910624
-0.854131 0.486724 1200.127743
-0.002781 0.001084 1.000000
0.539418 -1.666322 -395.531700
0.379564 -0.960229 -501.472649
0.000905 -0.003628 1.000000
-0.122320 -2.107861 277.649075
0.301179 -1.541979 17.352056
0.000317 -0.003621 1.000000
-0.404696 -1.098269 224.280801
-0.021931 -0.454516 -138.675189
-0.000544 -0.002144 1.000000
-0.317028 -1.071321 513.109172
0.002592 -0.535684 -268.263437
-0.000432 -0.002057 1.000000
-0.457681 -0.827218 227.603810
-0.224865 -0.648676 -75.111990
-0.000701 -0.001574 1.000000
-0.379926 -0.800856 501.632586
-0.421743 -0.879387 45.018144
-0.000964 -0.001933 1.000000
-0.088227 -1.862120 283.922171
0.289885 -1.577353 -80.839470
0.000297 -0.003429 1.000000
0.516809 -1.327555 294.141855
0.206292 -1.618214 -175.703904
0.000602 -0.003972 1.000000
0.047093 -1.493826 1679.514662
-0.114051 -0.748616 38.111332
0.000138 -0.002708 1.000000
-0.452817 -0.958793 383.688972
-0.135562 -0.390302 -67.708693
-0.000783 -0.001613 1.000000
0.645304 -2.229766 2201.570828
0.385495 -1.252899 -269.274499
0.001284 -0.004689 1.000000
0.104742 -1.535277 357.525007
0.090521 -0.783357 -414.854942
-0.000146 -0.002655 1.000000
0.014571 -2.230563 310.145988
0.231047 -1.345462 -270.710362
0.000634 -0.003667 1.000000
1.078439 -2.684579 954.697261
0.521174 -1.397689 -526.953029
0.001394 -0.004279 1.000000
0.055411 -1.322436 655.173604
-0.058388 -0.995966 21.083658
-0.000225 -0.002384 1.000000
0.073872 -1.675711 654.671486
0.059646 -1.576686 -113.061648
0.000116 -0.003526 1.000000
-0.018952 -0.889854 82.627856
-0.139825 -0.891785 50.794164
-0.000652 -0.002142 1.000000
0.028440 -0.958948 140.526321
-0.120761 -1.056827 92.749443
-0.000282 -0.002435 1.000000
-0.205955 -0.983800 275.565851
-0.087703 -0.760773 49.827992
-0.000620 -0.002073 1.000000
-0.001064 -0.908587 183.888937
-0.081946 -0.531400 -103.633624
-0.000256 -0.002193 1.000000
0.181597 -1.957295 455.927674
0.203508 -1.348370 -115.276731
0.000355 -0.003214 1.000000
0.096405 -1.569863 25.678185
0.128199 -1.008599 -186.252995
0.000126 -0.002946 1.000000
-0.063798 -1.485539 322.331444
0.009916 -0.769557 -79.409329
-0.000171 -0.002663 1.000000
-0.127394 -1.700644 387.883962
0.213560 -1.568976 12.049893
0.000073 -0.003269 1.000000
0.225563 -2.075647 644.920865
0.181831 -1.368162 -255.097635
0.000186 -0.003592 1.000000
0.400384 -1.827894 -562.038376
0.311963 -1.282036 -387.074864
0.000751 -0.003731 1.000000
0.180129 -1.602594 304.523981
0.131858 -1.212537 -66.835075
0.000048 -0.002965 1.000000
-0.489410 -1.472697 900.941041
-0.013578 -0.775372 -169.996543
-0.000254 -0.002700 1.000000
-0.265131 -1.523203 250.976435
0.032587 -0.963817 -169.464567
-0.000198 -0.002646 1.000000
-0.035575 -3.018722 719.233779
0.113226 -2.347613 -36.849803
0.000272 -0.005066 1.000000
0.008929 -1.776082 605.463888
0.187340 -1.145641 -291.768221
0.000061 -0.003450 1.000000
0.269039 -1.826369 621.195346
0.075971 -1.181874 -111.672876
0.000384 -0.003305 1.000000
-0.410035 -1.381175 421.693365
-0.067196 -0.844850 -198.418273
-0.000612 -0.002132 1.000000
0.284104 -1.566569 301.158754
0.402732 -1.058356 -373.811408
0.001144 -0.003643 1.000000
-0.119984 -0.843824 577.171310
-0.056257 -0.841575 -665.249485
-0.000257 -0.002411 1.000000
