0.200693 -2.231345 830.336777
0.085798 -1.179384 -365.025393
0.000345 -0.003564 1.000000
-0.165644 -1.773338 800.155009
-0.025284 -1.441132 -584.109947
-0.000174 -0.003399 1.000000
-0.234696 -0.841970 27.186168
-0.089287 -0.575390 -316.673036
-0.000505 -0.002170 1.000000
-0.310479 -0.949606 343.194650
-0.274869 -0.858980 -103.588698
-0.000612 -0.002044 1.000000
2.395403 -5.731249 -1322.552928
2.178252 -6.432412 -2188.128014
0.005383 -0.014096 1.000000
-0.171991 -0.805542 270.588861
-0.087598 -0.904580 -105.840256
-0.000619 -0.002009 1.000000
-0.033768 -1.715829 147.447775
0.191197 -2.139837 -914.187355
0.000765 -0.005158 1.000000
-0.003362 -1.713807 -628.442758
0.092436 -0.998911 -288.503213
-0.000067 -0.003682 1.000000
-0.557343 -0.782142 1155.020852
-0.373220 -0.607211 -322.629766
-0.001164 -0.001411 1.000000
-0.250977 -1.220400 929.357354
-0.089453 -0.546910 -233.014456
-0.000531 -0.002154 1.000000
1.865478 -3.707629 -2754.811469
0.633069 -1.404535 -2371.037634
0.004793 -0.010375 1.000000
-0.082391 -0.845337 -176.356910
-0.082320 -0.772351 -105.786697
-0.000422 -0.002451 1.000000
2.001373 -3.520653 -7726.672848
0.715183 -1.913508 -1676.207503
0.002614 -0.007578 1.000000
0.015148 -1.398315 -78.191237
-0.008113 -0.694525 -124.490939
-0.000017 -0.002640 1.000000
-0.605726 -0.515026 1069.676003
-0.310124 -0.406028 -647.353236
-0.001169 -0.001116 1.000000
-0.183209 -1.638544 975.418984
0.043595 -0.802303 -515.450097
-0.000377 -0.002493 1.000000
0.254313 -1.923469 688.946233
0.005296 -1.167450 -760.619142
0.000177 -0.003393 1.000000
-0.458665 -1.415682 843.564337
-0.070847 -0.835234 -102.137738
-0.000444 -0.002442 1.000000
0.437204 -2.990681 282.903204
0.445824 -1.721909 -1306.648048
0.001268 -0.004880 1.000000
-0.126633 -1.458912 1682.697740
0.090518 -1.503207 -299.088276
0.000037 -0.003289 1.000000
-0.267148 -0.976985 138.614530
-0.251762 -0.794242 42.622305
-0.000435 -0.002124 1.000000
-2.092205 1.365381 1176.708959
-1.257291 0.881279 -1040.234899
-0.003637 0.002479 1.000000
-11.802828 16.903550 5232.809386
-4.056184 9.055418 -14459.148565
-0.020049 0.032509 1.000000
0.550117 -3.321999 -503.694194
0.522335 -2.112923 -982.884240
0.002144 -0.006171 1.000000
0.506370 -2.182790 570.722821
0.365486 -1.692198 -335.353330
0.000927 -0.004323 1.000000
-0.121528 -1.550365 407.277348
0.011648 -1.091097 -286.123431
-0.000145 -0.002955 1.000000
0.048733 -1.476979 274.685310
-0.204526 -1.829142 45.762030
-0.000292 -0.003225 1.000000
-0.166644 -0.793998 -138.831436
-0.177731 -0.825391 44.799058
-0.000602 -0.002171 1.000000
-0.185181 -1.402269 1009.313042
0.057745 -0.956621 -291.323683
-0.000284 -0.002521 1.000000
1.826979 -4.557229 1949.305812
1.166269 -4.676925 -1682.106665
0.003087 -0.009995 1.000000
0.001789 -1.682280 520.523585
-0.044041 -1.424992 -5.150076
-0.000174 -0.003097 1.000000
0.039321 -1.307523 -112.064551
0.035769 -1.066015 -312.220240
-0.000047 -0.002770 1.000000
-0.581362 -0.784169 682.570943
-0.368887 -0.514198 -310.431535
-0.001034 -0.001335 1.000000
-0.261630 -1.368651 957.077141
-0.068654 -0.728555 -113.468507
-0.000261 -0.002330 1.000000
0.200064 -2.206372 24.089995
-0.123497 -1.864969 99.608002
0.000382 -0.003904 1.000000
-2.395559 0.878128 515.971915
-0.706907 1.252049 1505.372139
-0.003303 0.002297 1.000000
0.630992 -1.964959 1040.911317
-0.052081 -1.906135 107.737992
0.000613 -0.004811 1.000000
55.866554 -99.964918 -14741.827651
36.188643 -87.090167 -74922.346844
0.145355 -0.229634 1.000000
-0.180277 -1.377794 445.980904
0.045491 -1.019051 -290.048498
-0.000248 -0.002872 1.000000
-0.388314 -0.930427 259.938343
-0.179269 -0.749648 -231.875082
-0.000763 -0.001900 1.000000
0.324186 -1.865304 712.204327
0.128827 -1.767981 -545.629185
0.000603 -0.004069 1.000000
0.094667 -1.460305 -69.853302
0.031137 -1.041457 -254.476057
0.000244 -0.003399 1.000000
-0.358725 -0.803116 -404.803181
-0.166342 -0.593430 -10.679648
-0.000782 -0.001619 1.000000
-0.541611 -0.716168 114.518810
-0.454417 -0.350398 40.753011
-0.001182 -0.001211 1.000000
0.061727 -1.343477 -418.452315
0.145530 -0.959814 -215.866089
-0.000061 -0.003160 1.000000
-44.994826 84.083396 -17545.612314
-20.238311 53.708778 41736.932815
-0.081048 0.138102 1.000000
-0.095983 -1.522529 445.897245
-0.061782 -1.120740 -70.814089
-0.000243 -0.002571 1.000000
0.395567 -2.637465 2624.544192
0.363355 -1.691860 -119.291138
0.000893 -0.004529 1.000000
0.308224 -2.300696 -66.543256
0.223279 -1.648021 -718.777684
0.000748 -0.004210 1.000000
-0.059576 -1.940394 183.455858
0.107081 -0.841855 -622.806080
-0.000111 -0.002915 1.000000
0.084703 -1.764769 623.992107
0.005467 -0.834572 -240.314857
0.000067 -0.002883 1.000000
1.677080 -3.521205 532.510703
1.046901 -3.394613 -1039.640450
0.002648 -0.007101 1.000000
0.746498 -2.680617 -1179.577519
0.315363 -2.258917 -731.013472
0.001418 -0.005165 1.000000
-3.341671 2.512612 -512.137912
-1.337207 2.424965 1708.270284
-0.005434 0.004307 1.000000
3.029821 -7.219074 3204.851608
2.585439 -5.500111 -3203.677336
0.006518 -0.013077 1.000000
-0.057089 -1.767414 636.359262
-0.028005 -1.325690 24.731130
-0.000061 -0.002930 1.000000
-0.087930 -1.389776 631.999139
-0.038944 -0.677087 -92.512788
-0.000227 -0.002657 1.000000
-0.248422 -1.093222 325.581742
-0.142948 -0.786438 -129.548330
-0.000473 -0.002309 1.000000
-0.046717 -1.374955 -11.431299
-0.055191 -1.058916 -95.176514
-0.000313 -0.002726 1.000000
-1.040429 0.490226 72.763047
-0.626277 -0.063598 1039.965504
-0.002097 0.000347 1.000000
0.122759 -2.095325 -613.306178
-0.056917 -1.174520 -208.315288
0.000425 -0.003815 1.000000
-0.217916 -1.096830 245.427303
-0.120312 -0.713332 -239.849299
-0.000583 -0.002123 1.000000
-0.041366 -1.022277 32.254081
-0.076607 -0.551618 23.225217
-0.000286 -0.002307 1.000000
0.158208 -1.629888 728.743998
0.048610 -1.313589 -26.422049
0.000083 -0.003102 1.000000
-0.320299 -0.653330 865.279957
-0.165969 -0.396313 -118.738994
-0.000889 -0.001620 1.000000
-0.306592 -0.704446 -372.836123
-0.285586 -0.768028 28.448355
-0.000732 -0.001901 1.000000
0.104060 -1.577675 840.378422
-0.029290 -1.248630 -47.262951
-0.000266 -0.002801 1.000000
0.260308 -1.841674 152.173533
0.179854 -1.254512 -75.264566
0.000059 -0.003178 1.000000
-0.211239 -1.101966 -212.354234
-0.060486 -0.394107 -101.995294
-0.000575 -0.001990 1.000000
-0.189731 -1.047804 103.447640
-0.165239 -0.722063 79.600531
-0.000614 -0.001921 1.000000
-0.023721 -2.190503 869.522506
-0.022510 -1.475516 -90.887434
-0.000055 -0.003083 1.000000
-0.943070 -0.314325 -704.686399
-0.575749 -0.225720 305.904067
-0.001537 -0.000827 1.000000
0.356064 -2.828594 -537.544819
0.403214 -1.379650 67.428509
0.001214 -0.004848 1.000000
0.167498 -1.943121 1230.220444
0.089403 -1.259861 237.594117
0.000187 -0.002940 1.000000
-1.011446 -0.160117 -315.547761
-0.393282 -0.377687 106.224798
-0.001508 -0.000561 1.000000
-0.062177 -2.061516 993.222456
-0.046135 -1.511770 -163.038534
0.000023 -0.003503 1.000000
0.456383 -1.504813 57.392595
0.122899 -1.184300 -735.567629
0.000535 -0.003653 1.000000
-0.306767 -0.734914 -415.066266
-0.252490 -0.496385 -147.444703
-0.000909 -0.001689 1.000000
0.091726 -1.203596 328.541295
-0.074227 -0.980715 12.805136
-0.000348 -0.002454 1.000000
0.956208 -2.798656 166.377884
0.876387 -2.157947 -1065.557392
0.001827 -0.005559 1.000000
-0.196352 -1.103326 239.908680
-0.116123 -0.796841 -82.909803
-0.000565 -0.002208 1.000000
0.364561 -2.302157 767.472843
0.220275 -1.783452 -220.009262
0.000266 -0.004298 1.000000
-0.312961 -0.460872 -39.381677
-0.317783 -0.626062 -144.786433
-0.000927 -0.001444 1.000000
-1.229250 0.742633 -673.583934
-0.663877 0.496462 528.358238
-0.002241 0.000984 1.000000
-0.049612 -1.528274 26.774852
-0.089820 -0.662046 31.362718
-0.000259 -0.002874 1.000000
0.182128 -2.053374 -768.645258
-0.173576 -1.330944 -90.110876
0.000592 -0.004327 1.000000
0.921572 -2.800305 146.883987
0.236559 -1.299482 -869.197144
0.000879 -0.004811 1.000000
-0.155401 -1.420633 687.927687
-0.044904 -0.916066 -7.516279
-0.000295 -0.002528 1.000000
0.195603 -0.908142 -105.281620
0.219323 -1.007232 -36.836211
0.000413 -0.003226 1.000000
-0.569456 -1.039729 710.040270
-0.292005 -0.540724 -402.742387
-0.000892 -0.001460 1.000000
0.612106 -2.881923 -1916.612496
0.448216 -2.264236 -604.607257
0.001463 -0.005289 1.000000
0.138654 -1.522751 186.272067
-0.036673 -1.239320 -608.153968
-0.000048 -0.003177 1.000000
1.226640 -3.838135 -510.760202
0.637482 -1.921992 -474.440739
0.001821 -0.005911 1.000000
-0.136033 -1.368370 263.772225
0.019578 -0.980181 -426.127458
-0.000402 -0.002621 1.000000
-0.551490 -1.227669 763.495071
-0.242748 -0.451909 -471.346463
-0.000962 -0.001678 1.000000
-0.067701 -1.356001 742.735356
0.008650 -0.732682 -93.567947
-0.000255 -0.002506 1.000000
-0.797221 -0.704563 -209.176933
-0.368622 -0.595210 200.072877
-0.001264 -0.001215 1.000000
0.827463 -2.530669 184.012987
0.325186 -1.345323 -518.273006
0.001134 -0.004182 1.000000
0.658661 -2.715768 511.764315
0.245825 -1.809094 -311.257357
0.000776 -0.004598 1.000000
-0.067046 -1.518352 -146.138547
-0.094469 -1.083731 -106.483621
-0.000324 -0.002894 1.000000
-0.104539 -1.570900 486.600553
-0.071704 -1.152700 18.052761
-0.000241 -0.002753 1.000000
0.349568 -1.695360 787.562676
0.131666 -1.006262 -595.722667
0.000240 -0.002925 1.000000
0.048827 -1.882490 732.810730
0.084347 -1.232359 -112.890570
0.000188 -0.003242 1.000000
3.639709 -6.987408 1435.060394
1.211408 -2.777337 -1511.453625
0.004672 -0.009309 1.000000
1.511628 -3.963309 6015.524497
1.102298 -2.545893 1156.244290
0.002575 -0.006258 1.000000
0.466831 -2.487195 1148.250501
0.267236 -1.722818 56.259501
0.000723 -0.003788 1.000000
-5.808989 11.520772 -1466.465555
-2.549010 7.360714 3445.787061
-0.008863 0.016598 1.000000
0.175426 -1.564199 878.040052
-0.024009 -1.246732 -199.463103
0.000055 -0.002861 1.000000
-12.913216 15.102112 -12829.991828
-5.897866 10.500205 5886.684567
-0.017271 0.023761 1.000000
0.223515 -1.769478 115.052391
0.229405 -1.019711 -190.781018
0.000333 -0.003124 1.000000
1.040586 -4.370784 463.628226
0.957889 -2.760186 -878.207017
0.002039 -0.007394 1.000000
1.540753 -4.165445 -1527.466237
1.953454 -4.491942 -767.063569
0.003447 -0.009285 1.000000
0.420454 -2.620563 1380.533824
0.305881 -1.696843 -940.435850
0.001156 -0.004847 1.000000
5.822154 -11.075462 3160.777318
1.855149 -6.614120 -2104.648778
0.007589 -0.015757 1.000000
0.135725 -1.851898 1117.715228
-0.095414 -1.158209 -579.606566
0.000021 -0.003376 1.000000
-0.134247 -1.758098 487.446835
0.067100 -1.029146 -272.131709
-0.000101 -0.003085 1.000000
0.138144 -2.202393 466.288561
0.251451 -1.802562 -21.835984
0.000368 -0.003769 1.000000
-0.327442 -1.908517 657.359538
-0.129773 -1.327883 15.483196
-0.000349 -0.003176 1.000000
-0.286283 -1.522135 632.340745
-0.033878 -0.746696 -43.562206
-0.000202 -0.002388 1.000000
-0.422456 -1.700912 704.784557
-0.112816 -0.957219 111.867437
-0.000349 -0.002667 1.000000
-0.877411 -2.060034 974.026085
-0.524873 -1.820140 516.314151
-0.000601 -0.003062 1.000000
-0.278345 -1.875444 787.632411
-0.125479 -1.408166 256.146509
-0.000076 -0.003075 1.000000
2.099716 -0.317632 37.029496
0.637823 1.464805 -347.241848
0.001496 -0.000534 1.000000
0.855947 -1.110558 457.900296
0.344325 0.152962 -98.845444
0.000595 -0.001735 1.000000
-6.622225 -7.835817 3411.563620
-2.767457 -10.619530 2372.142806
-0.002730 -0.012697 1.000000
7.828884 8.523092 -3288.095526
1.672327 11.573240 -1654.796140
0.001967 0.014466 1.000000
0.137007 -1.340382 554.182778
-0.166086 -0.890960 166.503712
-0.000041 -0.002422 1.000000
0.481276 -2.544296 1202.206319
0.316184 -1.953970 -269.974636
0.001145 -0.004447 1.000000
-11.510931 17.384666 -11280.738329
-8.930001 11.945221 7495.105566
-0.022093 0.030636 1.000000
-0.443819 -0.928633 325.196080
-0.302243 -0.744211 144.494128
-0.000805 -0.001734 1.000000
0.357491 -0.167801 167.165554
-0.070287 0.550557 67.323605
-0.000408 -0.000435 1.000000
-0.662552 -2.076148 844.042649
-0.501585 -2.274609 526.933652
-0.000379 -0.003629 1.000000
-0.174177 -1.532799 610.081644
-0.108788 -0.995594 123.338007
-0.000086 -0.002910 1.000000
0.774192 0.451130 -0.375885
-0.115550 1.794519 38.432002
-0.000341 0.001012 1.000000
-0.083749 -3.156806 2959.108604
0.290522 -1.423152 -860.909112
0.000629 -0.003839 1.000000
-0.761016 0.087039 -492.615304
-0.857978 0.233320 -107.590919
-0.002018 0.000463 1.000000
-26.530966 40.969800 -6538.479018
-22.004607 31.584648 21551.524056
-0.050315 0.071968 1.000000
0.232567 -1.736726 353.171999
0.091204 -1.833527 -120.142147
0.000335 -0.003665 1.000000
-0.020313 -1.513809 716.044618
-0.022656 -0.515585 54.092806
-0.000076 -0.002396 1.000000
0.958109 0.200158 -62.472376
0.124432 1.511823 -249.214422
-0.000182 0.000554 1.000000
-1.356301 -1.240270 738.578631
-0.302343 -1.079425 390.118211
-0.001305 -0.002008 1.000000
3.538728 2.161439 -1132.334173
0.233610 3.799961 -1149.934791
0.000466 0.004125 1.000000
1.000000 0.000000 0.000000
-0.000000 1.000000 -0.000000
-0.000000 0.000000 1.000000
0.549507 -1.343771 305.173768
0.064937 -0.269399 -26.345232
0.000264 -0.002492 1.000000
-0.003649 -2.308672 995.088156
0.154404 -1.742360 143.456188
0.000463 -0.004075 1.000000
0.142559 -1.389047 417.294510
0.098805 -1.055032 -11.849982
0.000071 -0.002745 1.000000
-0.103489 -1.639316 428.258591
-0.048144 -1.947026 61.676274
0.000018 -0.003593 1.000000
0.123987 -1.508829 366.899825
0.059595 -1.172343 -135.020275
0.000116 -0.003400 1.000000
-0.057585 -1.665317 502.737146
-0.210083 -1.154067 182.411539
-0.000237 -0.002787 1.000000
0.319703 -2.209489 1029.140959
0.204426 -1.290771 -204.338004
0.000419 -0.003518 1.000000
0.903572 -2.897883 630.937600
0.197386 -2.028335 -210.201806
0.000867 -0.004433 1.000000
-0.417984 -1.502192 589.373869
-0.194246 -1.100180 96.005589
-0.000473 -0.002495 1.000000
-0.053076 -1.653145 878.832645
-0.058965 -1.286438 65.749260
-0.000045 -0.003023 1.000000
0.025140 -1.483263 -153.600279
-0.058820 -1.156172 -358.666720
-0.000232 -0.003042 1.000000
0.764236 -2.219171 -908.997576
0.232737 -1.571472 -288.436548
0.000781 -0.004238 1.000000
-1.888761 -1.991671 1246.701079
-0.317621 -1.361614 539.357302
-0.001143 -0.002997 1.000000
2.222905 1.337788 -658.346247
0.303513 2.701811 -521.392436
0.000421 0.001722 1.000000
0.388411 -1.548320 661.684575
0.091170 -1.113712 -238.469312
0.000305 -0.003376 1.000000
-0.297581 -1.532585 1163.388383
-0.065817 -0.989043 -191.564049
-0.000295 -0.002702 1.000000
0.421764 -2.164181 705.601978
0.073082 -1.471977 -85.850653
0.000519 -0.003685 1.000000
0.052867 -1.441469 778.367458
-0.045931 -0.850639 -33.404022
-0.000026 -0.002552 1.000000
-0.382845 -2.180222 925.323831
-0.095271 -1.162062 69.804307
-0.000040 -0.003853 1.000000
-0.210983 -1.126264 16.993186
-0.122319 -0.904772 -421.682516
-0.000514 -0.002342 1.000000
4.139184 -7.840237 -4648.674690
2.457363 -8.363644 -3066.530043
0.011596 -0.020774 1.000000
-0.195618 -1.178083 198.980988
-0.091529 -0.894490 36.671998
-0.000316 -0.002506 1.000000
-0.180216 -0.690954 302.926008
-0.177936 -0.902944 -33.257125
-0.000555 -0.002210 1.000000
0.015499 -1.084477 -549.081899
-0.194771 -0.995780 -2781.791608
-0.000502 -0.002763 1.000000
-0.240569 -0.507130 -209.080191
-0.309193 -0.514755 42.471823
-0.000831 -0.001611 1.000000
-0.073105 -1.033568 261.499536
-0.093942 -0.614703 -25.828364
-0.000286 -0.002318 1.000000
-4.081567 6.184937 2137.012239
-3.128219 4.881152 4231.770200
-0.007339 0.011566 1.000000
0.228954 -1.577107 297.687019
-0.026430 -1.413265 -165.158509
0.000088 -0.003198 1.000000
1.228856 -2.762172 1491.972125
0.576730 -2.063410 -412.276149
0.001229 -0.004656 1.000000
0.009693 -1.418301 335.356972
-0.083197 -0.947286 -5.464451
0.000069 -0.003103 1.000000
-0.123345 -1.636104 336.901487
-0.081548 -1.317053 29.377375
0.000006 -0.003244 1.000000
0.007830 -1.212273 -340.376693
0.042996 -0.845931 -920.211952
0.000114 -0.002773 1.000000
0.166064 -1.713298 375.250668
0.350877 -1.455761 -336.682338
0.000659 -0.003927 1.000000
0.102007 -1.755787 93.256683
0.023994 -1.731414 -110.737420
0.000000 -0.003351 1.000000
-0.011244 -0.942569 53.980796
-0.040333 -0.743270 34.619540
-0.000437 -0.002246 1.000000
0.439044 -2.411637 674.196175
0.217988 -1.697126 -264.090357
0.000790 -0.004310 1.000000
0.098723 -1.069811 -151.141776
0.127411 -1.070900 -286.119028
-0.000165 -0.002749 1.000000
0.860639 -3.376671 -945.360765
0.979453 -3.216654 -1427.471769
0.002808 -0.007833 1.000000
0.086498 -1.035234 -287.168412
0.164750 -1.387207 -363.184261
0.000520 -0.003441 1.000000
-0.537371 -1.010951 121.165875
-0.321280 -0.747086 13.796201
-0.000864 -0.001857 1.000000
-0.597087 -1.161530 351.439281
-0.328626 -0.610756 256.991197
-0.001027 -0.001668 1.000000
1.288817 -3.882730 -2264.150611
0.705215 -1.978378 -258.317452
0.001706 -0.005559 1.000000
0.855893 -3.071902 -647.992130
0.596574 -2.199914 -947.419119
0.001493 -0.005486 1.000000
-0.006680 -1.127417 -54.259697
0.005977 -0.656847 -66.469563
-0.000050 -0.002826 1.000000
-0.258042 -1.094280 -498.279712
-0.154605 -0.736501 -56.503607
-0.000610 -0.002097 1.000000
-0.097077 -1.582650 683.734439
0.090076 -1.757036 -181.598361
0.000117 -0.003683 1.000000
-0.588536 -0.530106 -532.019508
-0.729535 -0.328321 1043.082734
-0.001538 -0.000866 1.000000
0.049165 -1.787077 1170.245333
0.077831 -0.929994 -135.130543
0.000071 -0.002819 1.000000
1.903827 -4.310800 -873.090683
1.296211 -4.387236 -2138.823455
0.004931 -0.010754 1.000000
-0.311920 -0.758016 -227.291256
-0.073028 -0.827956 115.723438
-0.000704 -0.002051 1.000000
0.051132 -2.126949 -32.947388
0.174164 -1.634221 -416.481988
-0.000163 -0.003741 1.000000
-0.002478 -0.870443 -185.906480
-0.387808 -0.917284 729.195131
-0.000532 -0.002012 1.000000
-0.582983 -0.441739 -621.184698
-0.495786 -0.427122 1439.615853
-0.001348 -0.001052 1.000000
-2.313122 2.701594 -5387.244369
-1.899105 1.998288 -59.151677
-0.004868 0.003298 1.000000
0.570749 -2.594583 1148.700058
0.293237 -1.422699 -250.041347
0.000830 -0.003557 1.000000
-0.224465 -0.138206 152.913539
-0.421320 -0.410297 771.795610
-0.001261 -0.001104 1.000000
0.376200 -1.496099 -210.312828
0.271830 -1.831231 -212.224293
0.000620 -0.004056 1.000000
-0.362176 -0.970279 2.044582
-0.277331 -0.714270 526.451930
-0.000729 -0.001789 1.000000
-0.567413 -0.876646 686.692539
-0.356864 -0.616104 743.583917
-0.000944 -0.001596 1.000000
0.318499 -2.233945 1050.673884
0.056802 -0.893911 -13.552671
0.000373 -0.003018 1.000000
0.518061 -2.584685 1385.516171
0.415120 -1.682130 -881.948363
0.000928 -0.004592 1.000000
-0.287789 -1.667280 1113.419329
-0.080523 -0.874390 -124.917523
-0.000188 -0.002736 1.000000
-0.178586 -2.039142 1133.144579
0.082323 -1.053907 -3.653703
-0.000075 -0.002948 1.000000
-0.683428 -0.721147 1188.617308
-0.527630 -0.766370 479.523864
-0.001423 -0.001581 1.000000
-0.369125 -1.614224 855.405704
-0.040597 -0.983540 -13.732804
-0.000442 -0.002418 1.000000
-0.500415 -1.725161 1099.707434
-0.051537 -0.887975 25.414116
-0.000570 -0.002394 1.000000
-0.416915 -1.596696 1729.522484
-0.170071 -1.086586 183.915621
-0.000575 -0.002492 1.000000
-0.573026 -0.651327 198.873585
-0.329093 -0.458682 742.794173
-0.001056 -0.001449 1.000000
0.362153 -1.607606 299.667468
0.161016 -1.260910 -632.680843
0.000426 -0.003499 1.000000
-0.053197 -1.180486 1786.785232
-0.093292 -0.834886 1231.541398
-0.000296 -0.002519 1.000000
-0.697085 -0.145074 1326.701995
-0.621178 -0.272240 521.773629
-0.001524 -0.000300 1.000000
-1.003076 -0.384977 1650.800357
-0.486031 -0.375433 -422.539011
-0.001654 -0.000432 1.000000
0.406151 -1.987771 941.642449
0.115356 -1.352707 -256.083958
0.000285 -0.003687 1.000000
-0.451439 -0.727221 928.090785
-0.140190 -0.173036 -136.317696
-0.000905 -0.001258 1.000000
-0.372016 -0.951516 217.861423
-0.140337 -0.513146 -33.787841
-0.000587 -0.001945 1.000000
-0.431278 -0.938345 -194.435302
-0.069117 -0.725587 -286.174871
-0.000685 -0.002008 1.000000
1.750813 -5.149136 492.446670
0.971437 -3.790211 -2406.337887
0.003200 -0.008864 1.000000
-0.323779 -1.303391 794.765117
-0.090157 -0.828656 -11.587870
-0.000368 -0.002034 1.000000
-0.696794 -0.302674 267.820867
-0.607939 -0.470923 1058.255872
-0.001233 -0.000883 1.000000
-0.316360 -1.083602 317.544358
0.030450 -0.966093 -647.542584
-0.000435 -0.002581 1.000000
-0.383249 -1.145121 968.909148
-0.244941 -0.728626 -23.742892
-0.000696 -0.001891 1.000000
-0.340586 -0.625091 353.136329
-0.199566 -0.287061 24.960223
-0.000977 -0.001099 1.000000
0.097633 -1.995952 1111.236638
0.025407 -1.070192 46.866952
0.000107 -0.002960 1.000000
-0.297175 -1.191107 642.164718
-0.178408 -0.759406 -13.738830
-0.000697 -0.002311 1.000000
-0.039175 -1.485062 132.210605
-0.033025 -1.129644 -680.424488
-0.000200 -0.002823 1.000000
-1.747944 1.463536 -456.340071
-1.102682 0.976728 2340.776117
-0.002970 0.001784 1.000000
-0.461544 -1.360828 551.333198
-0.069278 -0.783129 -89.094168
-0.000616 -0.002347 1.000000
-0.475015 -1.684414 804.810181
-0.139830 -0.942451 -232.506745
-0.000386 -0.002478 1.000000
-0.230646 -1.699464 417.435620
-0.128905 -1.237525 -330.619638
-0.000588 -0.003048 1.000000
-0.035002 -1.409396 363.124012
0.029142 -1.256116 -108.521220
-0.000042 -0.003021 1.000000
5.205289 -7.763206 2599.746123
3.525379 -8.481462 -4906.574387
0.008837 -0.018503 1.000000
0.307773 -2.143215 782.934181
0.212047 -1.222160 -378.161774
0.000464 -0.003377 1.000000
-0.013897 -1.454901 825.777131
0.014085 -0.590378 73.689621
-0.000111 -0.002203 1.000000
0.045111 -1.877241 1006.596652
0.038721 -1.160438 -48.323364
0.000032 -0.003011 1.000000
-0.045826 -1.382452 660.734598
0.070824 -0.853130 -17.509238
-0.000239 -0.002398 1.000000
0.271096 -1.829574 -446.312258
0.089465 -1.473708 -391.226175
0.000326 -0.003218 1.000000
0.254263 -1.469272 139.343362
0.039840 -1.057786 -440.324215
0.000315 -0.003185 1.000000
0.477430 -2.263695 683.239747
0.310904 -1.622495 -173.861736
0.000547 -0.003777 1.000000
0.585487 -1.690670 501.617327
0.040806 -1.376655 -125.354845
0.000377 -0.003596 1.000000
-0.309013 -0.649951 539.613690
-0.043518 -0.255570 -197.796098
-0.000824 -0.001445 1.000000
0.153055 -1.105875 197.460224
0.048815 -0.944796 -208.369301
0.000277 -0.003136 1.000000
-0.250621 -1.058104 170.869438
-0.122697 -0.759295 -144.172670
-0.000532 -0.002164 1.000000
-0.383173 -0.894804 -228.255717
-0.284234 -0.772403 -172.701986
-0.000833 -0.001924 1.000000
3.261654 -7.123703 121.485446
2.120577 -5.913034 -3963.028777
0.005672 -0.013354 1.000000
-0.345723 -0.750050 577.509134
-0.218818 -0.884243 -703.158142
-0.000773 -0.001918 1.000000
-1.178725 0.812450 1590.209566
-0.968239 0.117881 1017.170227
-0.002622 0.000968 1.000000
0.027820 -1.466143 882.205879
-0.019342 -0.674508 -57.982482
-0.000247 -0.002558 1.000000
0.369849 -1.326000 30.951498
0.526299 -1.921409 -795.489419
0.001516 -0.004758 1.000000
-0.131369 -0.857636 778.559566
-0.061905 -1.208796 97.243376
-0.000441 -0.002559 1.000000
-2.145285 0.754843 1460.228416
-0.709205 0.785219 1197.965271
-0.003502 0.002396 1.000000
0.120271 -1.149058 314.343440
0.140630 -0.920023 -98.600769
0.000296 -0.002900 1.000000
-0.461765 -0.424905 1404.178722
-0.549161 -0.657368 928.990488
-0.001096 -0.001167 1.000000
-0.175746 -1.277154 409.852091
-0.164664 -1.668578 132.056022
-0.000282 -0.002836 1.000000
0.057040 -0.897277 -1114.986352
0.060801 -1.319569 -341.956866
-0.000231 -0.002872 1.000000
2.022779 -3.041370 -1826.393036
1.416603 -2.324899 -1225.489193
0.004143 -0.007684 1.000000
-0.624075 -1.049712 731.877653
-0.217325 -0.943304 -52.777312
-0.000679 -0.002165 1.000000
-0.473606 -0.731934 545.687647
-0.113534 -0.656410 -156.831811
-0.000873 -0.001862 1.000000
-0.447778 -1.025516 709.733419
-0.162702 -0.551602 -59.429606
-0.000788 -0.001807 1.000000
0.383577 -2.192424 582.006670
-0.066228 -1.624969 -114.860802
0.000488 -0.004573 1.000000
-0.828075 -0.189538 -294.493632
-0.335360 -0.046748 -94.105442
-0.001432 -0.001000 1.000000
0.157652 -1.749766 832.937842
0.111279 -0.927036 -186.962729
0.000257 -0.003470 1.000000
0.575541 -2.447367 1326.299239
0.410557 -2.412988 41.952396
0.000964 -0.004777 1.000000
1.559574 -3.087118 824.548807
0.964820 -2.326199 -1049.257030
0.002876 -0.005982 1.000000
0.606599 -2.754628 915.003684
0.584228 -1.704869 -428.177554
0.000910 -0.004224 1.000000
-1.819194 1.157308 466.192547
-1.325541 0.657182 1832.887440
-0.003037 0.001494 1.000000
0.153671 -1.304137 599.037768
-0.068425 -1.417094 190.121143
-0.000180 -0.002808 1.000000
-0.499566 -0.740300 492.142974
-0.162560 -0.383303 -121.164790
-0.000984 -0.001593 1.000000
0.407125 -2.025727 487.069199
0.273593 -1.651416 -267.937357
0.000504 -0.003910 1.000000
-0.212634 -1.126580 -61.545629
-0.050089 -0.728037 -375.548335
-0.000582 -0.002271 1.000000
-0.501248 -1.282962 594.448963
-0.217511 -0.547491 -110.924796
-0.000673 -0.001963 1.000000
-0.567644 -0.569871 1432.685429
-0.445898 -0.507724 -153.886209
-0.001308 -0.001353 1.000000
-0.244789 -1.148069 87.267282
-0.131515 -0.800239 -399.004356
-0.000547 -0.002246 1.000000
0.562248 -2.257684 593.392994
0.550095 -1.651459 -749.790118
0.001053 -0.004267 1.000000
1.257934 -2.436565 -215.476630
0.410037 -1.883461 -652.322373
0.001600 -0.005026 1.000000
-0.193704 -1.183385 411.614206
-0.060193 -0.779698 -368.563771
-0.000669 -0.002268 1.000000
0.001541 -1.635655 225.801707
0.127554 -1.173047 -436.575697
0.000335 -0.003417 1.000000
4.755159 -11.543437 -4455.953563
3.353845 -8.897208 -1337.298605
0.010253 -0.022186 1.000000
2.388462 -6.031691 1092.281483
1.009062 -3.759292 -1642.936439
0.004023 -0.010445 1.000000
-0.098728 -1.346920 -108.496037
-0.029589 -1.059945 -23.572355
-0.000103 -0.002612 1.000000
-0.667623 -0.691417 892.396925
-0.331660 -0.353710 -64.648567
-0.001010 -0.001273 1.000000
-0.246008 -1.813058 355.714368
-0.022310 -1.086096 -103.076324
-0.000212 -0.002861 1.000000
-0.642128 -3.193771 940.672359
-0.334676 -3.190312 208.756982
0.000972 -0.005180 1.000000
