-0.219103 -1.208059 634.016228
-0.024554 -0.538752 -155.083569
-0.000270 -0.002009 1.000000
-0.430940 -0.726689 393.546790
-0.149580 -0.302238 -87.794337
-0.000744 -0.001370 1.000000
0.119146 -0.985763 43.099630
0.201768 -0.479001 -266.098605
0.000392 -0.002512 1.000000
-0.013194 -0.906897 54.716743
-0.022980 -0.649512 -208.668626
-0.000116 -0.002181 1.000000
0.008130 -1.304127 515.278375
0.166009 -1.075204 -261.188638
0.000667 -0.003408 1.000000
-0.102786 -0.901348 264.827556
-0.009317 -0.771912 -170.911830
0.000156 -0.002459 1.000000
-0.102129 -0.534508 -10.611704
-0.117258 -0.502786 -88.699542
-0.000479 -0.001674 1.000000
-0.226166 -0.546739 78.679421
-0.293551 -0.474228 -198.707829
-0.000821 -0.001563 1.000000
-0.181987 -0.886370 629.429884
-0.105525 -1.057796 -182.159258
-0.000287 -0.002332 1.000000
-0.054448 -1.533649 1301.299624
0.046273 -0.730176 -362.501767
0.000110 -0.002552 1.000000
0.453345 -1.664578 616.871365
0.167097 -0.874941 -375.856538
0.000722 -0.003008 1.000000
-0.042127 -0.820754 3.330170
-0.003894 -0.612608 -62.341598
0.000009 -0.002386 1.000000
0.638900 -2.047781 139.723329
0.138809 -1.404602 -344.046972
0.000480 -0.003638 1.000000
5.195467 -8.606557 -415.090027
4.837135 -7.329670 -6194.540851
0.009472 -0.015645 1.000000
0.007890 -0.740878 521.048508
-0.101947 -0.588752 33.988118
-0.000247 -0.001783 1.000000
-0.173942 -1.200748 401.619943
-0.089074 -0.730859 -88.117886
-0.000212 -0.002271 1.000000
0.399599 -1.621686 421.050795
0.175176 -0.855893 -238.378634
0.000543 -0.003042 1.000000
0.037927 -1.011384 269.208790
-0.006185 -0.616971 -225.733094
-0.000158 -0.002054 1.000000
0.404711 -1.280935 328.070562
0.121198 -0.582195 -204.631993
0.000686 -0.002777 1.000000
-0.169538 -1.096284 625.092433
-0.123933 -0.715247 -105.171067
-0.000259 -0.001999 1.000000
-0.205511 -0.747689 563.996864
-0.175492 -0.582571 -5.850730
-0.000474 -0.001643 1.000000
-0.458152 -0.872661 411.372697
-0.214483 -0.758784 -633.940056
-0.000699 -0.001507 1.000000
-0.907175 -0.100416 1033.536991
-0.673410 -0.125221 1127.606558
-0.001681 -0.000305 1.000000
-0.605312 -0.487862 395.307202
-0.322798 -0.414498 -371.322325
-0.001051 -0.001235 1.000000
0.105063 -1.310348 537.210391
0.040998 -0.975772 -243.409341
0.000191 -0.002850 1.000000
-0.006010 -1.533963 327.901165
-0.034521 -1.187025 -41.381457
-0.000157 -0.002820 1.000000
-0.046349 -0.912314 76.175584
-0.026729 -0.850663 78.627374
-0.000246 -0.002233 1.000000
0.251314 -1.049084 83.774618
0.041433 -0.900490 -82.885290
0.000030 -0.002400 1.000000
-0.098515 -0.854444 215.186241
0.038866 -0.603079 -123.679215
-0.000179 -0.002209 1.000000
0.015851 -1.021710 474.763089
-0.076241 -0.923827 14.247501
-0.000136 -0.002265 1.000000
0.146347 -1.174591 559.896112
0.029005 -1.105253 -346.142468
-0.000076 -0.002826 1.000000
0.198394 -1.442932 175.442970
0.054829 -1.124369 -238.561379
-0.000122 -0.002895 1.000000
-0.078857 -1.012284 660.448667
-0.025802 -0.712644 -158.944183
-0.000318 -0.002063 1.000000
0.399310 -1.642496 541.690184
0.009602 -0.959097 -542.709619
0.000508 -0.003257 1.000000
0.018208 -1.114003 638.603138
-0.025648 -1.064200 -163.504331
0.000022 -0.002578 1.000000
-0.214016 -0.831868 748.540758
-0.159723 -1.000013 100.665984
-0.000423 -0.002103 1.000000
0.070586 -1.280185 664.806989
-0.020209 -0.858225 -311.075781
-0.000102 -0.002634 1.000000
0.047876 -1.243263 -205.501802
-0.070524 -0.883557 -380.975050
0.000103 -0.002688 1.000000
0.264539 -1.555503 -235.184940
0.077538 -0.831748 -707.937577
0.000102 -0.003060 1.000000
0.483200 -1.762504 204.552656
0.158249 -0.988489 -462.762565
0.000544 -0.003166 1.000000
2.327666 -3.352211 976.372372
0.677198 -1.461918 -2048.652966
0.002577 -0.005977 1.000000
-0.066715 -1.092879 390.950962
-0.083469 -0.712312 -245.903005
-0.000215 -0.002154 1.000000
-0.000218 -0.851940 99.428104
-0.018592 -0.474270 -166.682955
-0.000182 -0.002022 1.000000
-0.069378 -0.753292 -41.104826
-0.106427 -0.664051 -92.239240
-0.000223 -0.002114 1.000000
0.119620 -0.867587 118.053884
-0.027059 -0.665248 -101.286025
-0.000288 -0.002087 1.000000
0.877851 -2.492254 -34.578008
0.505602 -1.474796 -440.623262
0.001155 -0.004192 1.000000
0.210264 -1.054944 219.308154
0.032600 -0.428975 -112.317652
0.000157 -0.002271 1.000000
0.456535 -1.827294 383.669353
0.146754 -1.304755 -356.473621
0.000482 -0.003579 1.000000
0.250370 -1.292642 589.603652
0.086158 -0.787111 -78.875787
0.000099 -0.002448 1.000000
0.049556 -1.177169 526.619049
0.161210 -0.764071 -910.169727
0.000058 -0.002582 1.000000
0.827605 -1.970352 886.339836
0.276198 -1.130627 -346.996930
0.001061 -0.003980 1.000000
-0.206745 -1.008015 899.344829
-0.072302 -0.484590 -79.873200
-0.000373 -0.002072 1.000000
0.105021 -1.003850 235.441748
-0.026257 -0.477353 -373.926101
0.000104 -0.002320 1.000000
1.002191 -2.326634 383.896222
0.493932 -1.453678 -691.688234
0.001973 -0.005064 1.000000
0.584747 -1.822084 466.306057
0.124819 -0.699327 -278.525780
0.000475 -0.002828 1.000000
0.158806 -1.596971 75.888221
0.109127 -0.872163 -430.140688
0.000137 -0.002762 1.000000
-0.105863 -0.593964 143.731723
-0.163247 -0.317423 -40.244298
-0.000548 -0.001491 1.000000
0.043857 -1.035843 155.891251
-0.095173 -0.750393 -113.634340
-0.000124 -0.002255 1.000000
0.274212 -1.349017 229.591831
0.076000 -1.101146 -87.937366
0.000280 -0.002785 1.000000
0.127305 -1.661479 223.691088
0.174594 -1.416136 -196.717029
0.000291 -0.003441 1.000000
0.988216 -3.845417 -769.293507
1.142249 -2.667077 -1538.230611
0.002628 -0.006911 1.000000
-0.045687 -1.048656 342.668020
0.035600 -0.789217 -64.265533
-0.000048 -0.002254 1.000000
0.167714 -0.745958 13.792791
-0.051592 -0.361013 2.216277
0.000256 -0.002475 1.000000
0.371153 -1.026273 125.065378
-0.062728 -0.727408 -22.500581
0.000021 -0.002535 1.000000
0.663487 -1.807668 321.032074
0.303854 -0.762729 -604.393767
0.000804 -0.003500 1.000000
0.131152 -1.427875 564.563577
-0.002937 -0.816990 -194.600551
-0.000025 -0.002678 1.000000
0.245116 -1.529318 121.752851
-0.026061 -1.228982 -134.516727
-0.000002 -0.002968 1.000000
-0.152347 -1.011426 272.488867
-0.082674 -0.734040 65.372101
-0.000262 -0.002054 1.000000
0.273642 -1.676363 173.776955
0.013286 -0.766426 -94.443998
0.000266 -0.003018 1.000000
0.020392 -1.204339 208.824638
-0.062271 -0.876418 -34.658755
-0.000073 -0.002329 1.000000
0.215209 -1.282143 277.416340
-0.099888 -0.635000 -225.919719
0.000102 -0.002359 1.000000
0.031231 -1.196104 708.648831
-0.040701 -0.766891 29.247773
-0.000156 -0.002156 1.000000
0.907784 -2.447557 776.020595
0.607912 -1.483988 -1526.249262
0.001915 -0.005210 1.000000
0.065388 -1.127211 735.057788
-0.020157 -0.740864 -341.516429
0.000024 -0.002555 1.000000
0.317016 -1.400291 309.538973
0.067049 -0.881577 -365.643169
0.000197 -0.002856 1.000000
0.227129 -1.099121 337.606319
-0.050684 -0.878778 -284.093336
-0.000253 -0.002393 1.000000
-0.151338 -0.800781 167.709873
-0.159190 -0.509490 60.842533
-0.000369 -0.001785 1.000000
0.071094 -1.241527 44.959997
-0.058715 -0.577731 -50.617299
-0.000209 -0.002144 1.000000
-0.062204 -1.225955 460.096548
0.045048 -1.033600 -204.729108
-0.000106 -0.002692 1.000000
0.021343 -1.520330 450.753959
0.065539 -1.130142 -62.790519
0.000191 -0.003039 1.000000
0.273527 -1.744566 395.118527
-0.044036 -1.060277 -32.310907
0.000004 -0.002634 1.000000
-0.024748 -1.174110 412.479022
-0.180707 -0.774119 -53.575152
-0.000239 -0.002275 1.000000
0.308050 -1.586006 410.526243
0.046786 -0.938073 -240.567887
0.000372 -0.002916 1.000000
0.447554 -1.518470 723.230016
-0.032956 -0.631656 -340.858769
0.000392 -0.002802 1.000000
-0.038084 -0.580167 -62.127271
-0.065091 -0.286445 -1.863274
-0.000287 -0.001985 1.000000
0.791836 -2.147485 -291.200469
0.555342 -1.032546 -308.231924
0.001556 -0.004537 1.000000
0.118568 -1.439640 630.114620
-0.088726 -0.863358 -3.214036
-0.000041 -0.002499 1.000000
-0.110642 -1.191190 721.678933
-0.009820 -0.842467 42.702282
-0.000096 -0.002330 1.000000
-11.404862 14.474578 6264.815074
-14.260573 12.668543 10279.645938
-0.052269 0.055265 1.000000
0.595582 -1.948688 413.286135
0.135345 -0.994362 -109.878020
0.000531 -0.003172 1.000000
0.545300 -2.092744 97.131195
0.128789 -1.276686 -242.561424
0.000444 -0.003450 1.000000
0.123149 -1.705287 386.550396
0.022318 -0.975970 -68.168699
0.000139 -0.002828 1.000000
0.044767 -1.506672 232.451651
-0.019791 -0.852177 -14.607607
0.000051 -0.002420 1.000000
-0.108596 -0.769232 -47.367544
-0.112289 -0.565453 -2.203858
-0.000264 -0.002080 1.000000
-0.119062 -0.916895 -16.550097
-0.069263 -0.624938 -211.161542
-0.000243 -0.002111 1.000000
0.031141 -1.289543 517.734463
-0.117002 -0.832427 -94.751066
-0.000112 -0.002613 1.000000
0.264171 -1.604444 -26.570238
0.081490 -1.024507 -424.552676
0.000494 -0.003369 1.000000
-0.105821 -1.372069 719.579442
-0.101614 -0.728023 47.492058
-0.000160 -0.002174 1.000000
0.304299 -1.987529 442.291998
0.032200 -1.607995 -88.053928
0.000238 -0.003454 1.000000
-0.118666 -1.228054 317.837444
-0.175347 -0.985347 110.746704
-0.000280 -0.002306 1.000000
0.168425 -1.552367 450.840437
0.096868 -1.286085 54.823942
0.000169 -0.002859 1.000000
0.389797 -1.566147 326.121879
-0.029787 -0.879790 -379.724025
0.000257 -0.002992 1.000000
0.155098 -1.850746 780.309771
0.112575 -1.061758 -390.191631
0.000362 -0.003137 1.000000
0.519090 -1.758204 599.690189
0.074386 -1.093341 75.791636
0.000389 -0.002991 1.000000
0.425991 -1.665580 687.932208
0.228644 -1.354343 -145.813223
0.000130 -0.003214 1.000000
2.407406 -4.492743 1675.614994
1.208960 -1.543616 -1081.671711
0.004142 -0.007427 1.000000
-0.198011 -1.023837 20.813440
-0.171737 -0.814339 58.621956
-0.000614 -0.002190 1.000000
0.585082 -2.090457 599.551071
0.043946 -1.549451 -69.792806
0.000507 -0.003832 1.000000
0.379551 -1.993111 197.844742
0.231890 -1.447966 -355.050434
0.000311 -0.003667 1.000000
-0.220509 -1.107476 579.820159
-0.112763 -0.575356 75.396115
-0.000098 -0.002023 1.000000
0.048386 -1.064790 186.155575
-0.099361 -0.690550 3.789695
-0.000208 -0.002238 1.000000
-0.051873 -1.384974 191.569615
-0.121825 -0.924564 -18.706930
-0.000298 -0.002429 1.000000
0.065107 -1.906168 398.787973
0.066880 -1.113515 -166.544199
0.000163 -0.003150 1.000000
-0.143176 -1.224651 724.830163
-0.153625 -0.435540 -100.596058
-0.000232 -0.002031 1.000000
-0.388644 -0.169748 -12.612505
-0.356898 -0.340533 131.140910
-0.001113 -0.000955 1.000000
0.000841 -1.654816 478.540073
0.175670 -1.325805 -21.180556
0.000536 -0.003359 1.000000
0.103634 -1.628534 407.294677
0.020978 -1.422274 117.483538
0.000046 -0.002855 1.000000
-0.427034 -2.245060 826.429842
0.111049 -1.954306 238.530509
0.000143 -0.003690 1.000000
-0.074211 -0.948724 448.073667
-0.175165 -0.419849 150.828481
-0.000231 -0.001669 1.000000
-0.534007 -1.495274 544.392437
-0.248460 -1.267138 304.538226
-0.000562 -0.002525 1.000000
1.417261 -0.198122 -70.472944
0.232608 1.000748 -133.472824
0.000523 -0.000413 1.000000
2.013449 0.160773 -295.832687
0.302906 1.614970 -229.339111
0.000766 0.000227 1.000000
2.460544 1.271839 -641.229681
-0.129047 2.650449 -256.821235
0.000452 0.001902 1.000000
1.021693 0.060577 -13.342390
0.021338 1.120313 -67.396541
-0.000019 0.000095 1.000000
1.000000 0.000000 -0.000000
0.000000 1.000000 0.000000
0.000000 0.000000 1.000000
1.491607 0.295223 -167.803336
-0.009990 1.558204 -114.891681
0.000297 0.000457 1.000000
1.228779 0.036149 -68.037837
0.076457 1.032759 25.820020
0.000163 0.000267 1.000000
2.060406 0.380916 -257.350503
0.343701 2.244453 -136.581047
0.000717 0.001337 1.000000
2.063960 0.209376 -94.678006
0.403343 1.959189 -159.905956
0.001077 0.000773 1.000000
0.711580 0.907148 -125.078277
-0.211765 1.852213 21.582047
-0.000748 0.001773 1.000000
0.574318 -0.014469 101.827814
-0.187392 0.952719 42.834407
-0.000338 -0.000030 1.000000
0.909643 0.311807 -65.397881
-0.004455 1.738916 -212.599682
-0.000242 0.000686 1.000000
1.718012 0.938305 -350.531766
-0.288073 2.841172 -260.141083
0.000193 0.001609 1.000000
1.323949 -0.168278 21.958630
-0.049937 1.346798 -18.623732
0.000461 -0.000185 1.000000
-0.406006 -1.188974 415.184392
-0.396794 -0.793033 211.706515
-0.000690 -0.001897 1.000000
0.083720 -1.420648 430.246411
-0.105624 -0.909956 140.989071
-0.000069 -0.002395 1.000000
0.451787 -2.086753 757.715343
0.343247 -1.399828 -372.385827
0.000898 -0.003618 1.000000
-0.227587 -1.386525 415.786266
-0.052594 -1.005694 -24.438938
-0.000275 -0.002431 1.000000
47.261082 18.807966 -7717.289018
9.786479 38.366183 -7960.765190
0.040202 0.033874 1.000000
-75.755281 -38.977807 24891.474131
-3.027119 -111.981035 24559.349534
-0.026235 -0.094934 1.000000
-34.311310 -13.234822 13001.716931
7.605796 -43.890418 8253.006020
0.005035 -0.056795 1.000000
-0.227124 -0.281246 126.588925
-0.245494 0.013863 83.559960
-0.001044 -0.000629 1.000000
0.081211 -0.446225 149.388420
-0.411947 -0.020589 267.561375
-0.000732 -0.000805 1.000000
0.063442 -0.940051 405.972320
-0.146691 -0.306631 115.389016
-0.000179 -0.001758 1.000000
-0.720645 -0.942642 673.928256
-0.252070 -0.787874 334.057865
-0.000687 -0.001520 1.000000
0.143726 -2.025844 645.815820
0.248734 -2.091038 121.382228
0.000694 -0.004370 1.000000
-0.071132 -1.011974 363.411648
0.007051 -0.755374 -54.487787
-0.000103 -0.002382 1.000000
0.153013 -1.841665 509.751769
0.269892 -1.799365 51.163099
0.000288 -0.003492 1.000000
-0.093295 -1.517471 520.035768
-0.177082 -1.033043 137.674892
-0.000192 -0.002485 1.000000
-0.046742 -1.191989 413.166450
-0.090513 -0.797805 -44.333843
0.000039 -0.002600 1.000000
0.439935 -1.783346 871.140326
0.312572 -1.010522 -225.141491
0.000677 -0.003212 1.000000
-0.102970 -1.505131 883.344353
0.043373 -0.707517 -37.544042
0.000100 -0.002583 1.000000
0.583133 -2.511301 545.370780
0.010251 -0.963373 -208.106908
0.000611 -0.003616 1.000000
-0.494721 -0.946714 839.339925
-0.179119 -0.522956 -106.822833
-0.000616 -0.001709 1.000000
0.427131 -2.064898 511.070135
0.092440 -1.176607 -149.307216
0.000461 -0.003642 1.000000
1.560545 -2.663021 1082.532016
0.400302 -1.022109 -83.746661
0.001866 -0.003882 1.000000
-0.120381 -1.118342 365.742912
-0.171525 -0.961638 212.469462
-0.000312 -0.002211 1.000000
1.248374 -2.925864 1174.242561
0.425333 -1.037156 -310.761880
0.001443 -0.003998 1.000000
-0.218598 -1.250056 1010.910168
0.037838 -0.901847 -314.387089
-0.000105 -0.002363 1.000000
-0.536728 -1.371399 516.141954
-0.318971 -1.302611 283.969925
-0.000721 -0.002402 1.000000
-0.294658 -1.105160 479.977587
-0.134830 -0.941177 160.777891
-0.000416 -0.002255 1.000000
0.389785 -1.520809 527.819843
-0.004091 -0.435162 45.991652
0.000291 -0.002402 1.000000
0.132582 -1.346232 401.270131
0.054773 -1.072949 -127.475924
0.000126 -0.002750 1.000000
-0.223535 -0.891059 244.214120
-0.169006 -1.085741 35.093994
-0.000310 -0.002267 1.000000
0.056290 -1.287428 263.693001
-0.040310 -1.029278 -104.144510
0.000321 -0.002843 1.000000
-0.089981 -0.717740 129.045120
-0.053459 -1.005850 -15.949595
-0.000181 -0.002489 1.000000
1.671242 -2.353117 -1727.713409
1.854078 -3.513243 -925.453330
0.002995 -0.006022 1.000000
0.070143 -1.094344 -192.179778
-0.030476 -0.816612 54.738840
-0.000045 -0.002511 1.000000
0.019678 -1.159318 418.697974
-0.146478 -0.592409 -75.342949
-0.000198 -0.002247 1.000000
0.557614 -1.893319 363.844956
0.184156 -1.035045 -657.922053
0.000532 -0.003374 1.000000
-0.239674 -1.602466 615.170267
-0.156018 -1.481512 169.036514
-0.000267 -0.002928 1.000000
0.181778 -2.096661 651.972303
0.113724 -1.806717 70.268225
0.000255 -0.003650 1.000000
-0.069656 -0.554957 -38.357883
0.022505 -0.595882 -7.652962
0.000167 -0.002347 1.000000
-0.170754 -0.742756 -21.426692
-0.068451 -0.918131 85.292825
-0.000196 -0.002324 1.000000
0.023587 -0.839035 85.041008
0.189541 -0.763144 -96.830687
0.000455 -0.002734 1.000000
-0.074816 -0.829228 178.623168
-0.117648 -0.674596 83.310899
-0.000192 -0.001954 1.000000
-0.493443 -0.980231 589.533653
-0.228047 -0.676086 11.419823
-0.000832 -0.001666 1.000000
0.077068 -0.572785 -98.156818
-0.012111 -0.573559 71.823503
0.000189 -0.002216 1.000000
0.038051 -1.260019 -11.134886
0.075681 -0.979189 -0.353462
0.000196 -0.002727 1.000000
0.653865 -1.662385 -676.339463
0.494716 -1.432571 -147.036068
0.000662 -0.003900 1.000000
-10.150750 12.945035 7112.001869
-9.560068 7.831797 9516.716271
-0.021453 0.027839 1.000000
0.261434 -1.325484 -137.809812
0.125558 -1.236629 -68.846944
0.000397 -0.003227 1.000000
0.932473 -2.780957 974.400275
0.464766 -1.500111 -902.705662
0.001675 -0.004854 1.000000
0.596725 -2.914152 859.668667
0.253259 -1.362279 -9.184607
0.000834 -0.004041 1.000000
-0.201012 -1.910337 441.275304
-0.094167 -1.355229 -84.153370
-0.000013 -0.003342 1.000000
-0.022290 -0.902445 -2.097825
0.011364 -0.917047 11.936839
0.000052 -0.002544 1.000000
-0.103482 -0.614263 -274.979678
-0.118465 -0.651007 -34.728700
-0.000474 -0.001846 1.000000
0.602303 -2.292334 -4166.017075
0.620047 -1.790442 2319.457562
0.001114 -0.004309 1.000000
-0.318458 -1.250594 970.047859
-0.161374 -0.940449 -53.374263
-0.000615 -0.002131 1.000000
0.108224 -1.143140 -720.009794
-0.166438 -1.068104 786.149843
0.000289 -0.003027 1.000000
-0.812072 -0.202264 -446.120394
-0.553418 -0.385465 973.271295
-0.001393 -0.000615 1.000000
0.149265 -1.379122 114.103349
0.123765 -1.045375 -145.808144
0.000872 -0.003587 1.000000
-0.369587 -0.355086 -563.231697
-0.401842 -0.166395 92.749044
-0.001046 -0.001013 1.000000
0.355337 -1.981942 -288.822194
0.410879 -1.416350 -541.679266
0.000746 -0.004271 1.000000
0.754310 -2.324331 -414.423559
0.461715 -1.813850 928.585680
0.001367 -0.004448 1.000000
-0.289049 -0.767236 -688.974066
-0.212703 -0.887869 917.997350
-0.000688 -0.001683 1.000000
-0.157700 -0.862118 843.691116
-0.254956 -0.773660 129.079280
-0.000627 -0.001601 1.000000
-1.991751 1.625321 -1595.733801
-1.431644 0.705945 3764.939501
-0.004232 0.002528 1.000000
-0.560305 -0.471857 547.665137
-0.465487 -0.433289 -181.651170
-0.001240 -0.000734 1.000000
0.196284 -1.051722 -75.405674
0.097637 -0.935064 113.222843
0.000257 -0.002546 1.000000
-4.643207 4.800187 -1383.787416
-2.231152 2.061502 -2382.939040
-0.007628 0.007200 1.000000
-0.948354 -0.064455 1734.106820
-0.455658 -0.296646 -869.809521
-0.001677 -0.000355 1.000000
-0.091538 -1.975833 1079.389318
0.078463 -0.867438 -55.581346
0.000037 -0.002778 1.000000
-0.310609 -1.183417 600.740019
-0.425110 -0.978331 -134.656679
-0.000691 -0.002072 1.000000
0.151102 -1.680556 873.015824
0.009166 -0.814637 -13.424060
0.000140 -0.002551 1.000000
0.150422 -2.027840 1122.631768
0.254955 -0.914710 -150.080563
0.000429 -0.002964 1.000000
0.511529 -1.995347 299.273784
0.195801 -1.253876 -144.963112
0.000411 -0.003163 1.000000
0.415698 -2.751446 1033.062698
0.250136 -1.081465 -258.463071
0.000558 -0.003300 1.000000
0.135324 -1.870633 1107.121720
0.070638 -0.584674 -64.383695
0.000232 -0.002465 1.000000
2.640082 -6.588439 7244.256715
0.995425 -2.643224 916.743410
0.004429 -0.009514 1.000000
10.173807 -14.006920 26231.783640
5.615862 -10.248977 8850.150669
0.016851 -0.025132 1.000000
0.774125 -1.747423 206.841944
0.299940 -1.119990 -356.264340
0.000889 -0.003385 1.000000
-0.197721 -0.832987 892.523679
-0.325591 -0.853398 1193.908147
-0.000683 -0.001684 1.000000
-0.650546 -0.300798 273.809369
-0.521154 -0.366465 880.165066
-0.001363 -0.000603 1.000000
0.248036 -1.908364 995.281246
0.138803 -1.186976 -198.294627
0.000395 -0.002965 1.000000
0.105909 -1.853153 931.156033
0.119762 -0.790193 -56.400682
0.000195 -0.002562 1.000000
0.006781 -1.333989 673.324617
0.033456 -0.428083 -309.750386
-0.000152 -0.002033 1.000000
3.613723 -5.233786 6889.051677
1.711031 -2.881919 -2801.498693
0.006867 -0.009807 1.000000
-1.261161 0.234263 7789.627352
-1.879812 1.921939 2924.544211
-0.006331 0.005600 1.000000
-0.616031 -0.606733 705.103689
-0.512296 -0.759486 1547.375176
-0.001066 -0.001194 1.000000
-0.347490 -1.231805 911.817948
-0.096466 -0.563285 -63.714206
-0.000478 -0.001705 1.000000
0.726733 -2.320320 3834.762865
0.496737 -2.145835 817.084478
0.001479 -0.004479 1.000000
0.106614 -1.975353 -122.750052
0.212004 -1.207388 -668.646042
0.000086 -0.003307 1.000000
0.683748 -1.695194 -634.129472
0.295690 -1.112664 -388.382527
0.001142 -0.003624 1.000000
0.034772 -0.878240 196.370054
-0.019745 -0.407853 -96.563609
0.000210 -0.002209 1.000000
0.003586 -1.822120 876.700415
0.069280 -0.998557 -63.172016
0.000028 -0.002687 1.000000
0.141938 -1.873779 1090.665379
0.151155 -0.774140 -5.638517
0.000488 -0.002878 1.000000
-1.277830 0.251359 2089.740146
-0.678810 0.356614 63.424925
-0.002683 0.001168 1.000000
-0.132627 -1.320905 951.476269
-0.111563 -0.510478 -101.022093
-0.000192 -0.002178 1.000000
-0.229630 -1.075636 688.400289
-0.205004 -0.960813 11.402790
-0.000466 -0.002222 1.000000
-0.113285 -1.459500 712.161640
0.003418 -0.885012 -220.339834
0.000194 -0.002742 1.000000
0.713469 -2.639012 351.356679
0.571836 -1.793247 -2184.547206
0.001844 -0.005597 1.000000
0.589678 -2.487129 794.508808
0.163293 -1.260254 11.470487
0.000534 -0.003283 1.000000
-0.161894 -1.132199 652.610338
-0.133793 -1.157562 -51.506652
-0.000339 -0.002528 1.000000
0.086429 -1.673384 978.698347
-0.006515 -0.597795 32.430803
0.000022 -0.002193 1.000000
-0.042576 -1.465168 811.336634
0.061968 -0.678263 -120.003634
-0.000068 -0.002266 1.000000
-0.059465 -1.232504 669.428337
-0.092485 -0.428031 -78.018127
-0.000162 -0.001929 1.000000
-0.181100 -1.631308 703.337147
0.162228 -1.295122 -81.959936
-0.000133 -0.002618 1.000000
-0.182570 -0.727895 459.613578
-0.084492 -0.650470 -193.163321
-0.000330 -0.001755 1.000000
-0.291255 -0.965307 806.198974
-0.181821 -0.455379 -61.784423
-0.000576 -0.001722 1.000000
-0.250097 -1.426822 1057.719424
-0.103720 -0.802097 129.540313
-0.000088 -0.002224 1.000000
-0.288308 -1.141439 987.081629
-0.121002 -0.248851 73.793738
-0.000447 -0.001449 1.000000
-0.114293 -0.750156 223.792537
-0.023469 -0.255961 -94.239352
-0.000406 -0.001691 1.000000
-0.052135 -1.300120 876.396335
0.007368 -0.753186 -161.845927
-0.000002 -0.002280 1.000000
0.042835 -1.719129 1154.936347
0.029133 -1.090488 16.840161
0.000326 -0.002851 1.000000
0.283746 -1.507922 577.966653
0.104596 -0.883272 -385.876516
0.000365 -0.002764 1.000000
0.461564 -2.024205 703.740104
0.249175 -0.937200 -535.109438
0.000857 -0.003321 1.000000
-0.062758 -1.003049 570.785704
-0.061897 -0.813456 -121.715464
-0.000162 -0.002329 1.000000
-0.255520 -1.275255 774.997229
-0.147639 -0.874378 67.003566
-0.000505 -0.002078 1.000000
0.090958 -1.285772 617.408089
0.107964 -0.758320 -152.838089
0.000431 -0.002740 1.000000
-0.860477 -0.065444 1227.237487
-0.456905 -0.237338 222.240112
-0.001557 -0.000398 1.000000
-0.263890 -0.938351 798.516992
-0.181311 -0.907874 70.568851
-0.000447 -0.002087 1.000000
0.073824 -1.106257 492.469052
0.057150 -0.627277 -73.059462
0.000117 -0.002404 1.000000
-0.401430 -0.864306 596.567729
-0.283803 -0.643272 116.042877
-0.000750 -0.001724 1.000000
-0.091551 -1.103812 571.114630
-0.059489 -1.165822 196.338999
-0.000013 -0.002620 1.000000
0.169215 -1.592334 473.974129
0.109465 -1.594985 -158.689006
0.000714 -0.003966 1.000000
-0.209164 -1.066557 527.477955
-0.321601 -1.093975 258.498006
-0.000540 -0.002199 1.000000
0.047762 -1.209081 556.763300
-0.241293 -1.266552 107.944020
-0.000387 -0.002546 1.000000
0.149141 -1.635114 691.917654
0.040532 -0.782985 -437.632851
0.000156 -0.002669 1.000000
0.921353 -2.578739 -448.173516
0.318917 -1.035615 -371.220656
0.001221 -0.003773 1.000000
-0.600436 -0.717401 861.189829
-0.239507 -0.284793 -19.858642
-0.000832 -0.001214 1.000000
-0.022849 -1.654797 461.356322
-0.052073 -0.999978 58.331368
-0.000060 -0.002838 1.000000
-0.199310 -1.547109 1121.568070
-0.137350 -0.607208 -119.662399
-0.000113 -0.002375 1.000000
-0.114321 -1.396260 733.947484
0.047781 -0.755972 -221.833879
0.000173 -0.002789 1.000000
0.498031 -2.110766 593.548521
0.131348 -1.788224 -44.955825
0.000353 -0.003934 1.000000
0.158568 -1.507933 500.803520
0.052013 -1.644134 -25.401760
0.000104 -0.003485 1.000000
-0.216818 -1.383931 409.157119
-0.110438 -1.256542 120.843167
-0.000577 -0.002528 1.000000
0.250799 -2.120579 398.568041
0.085879 -1.746676 -111.432231
0.000234 -0.003883 1.000000
0.040959 -1.462050 667.169107
-0.134986 -1.076864 34.725457
-0.000198 -0.002461 1.000000
0.378018 -1.659475 229.203932
0.215622 -0.987346 -124.559131
0.000447 -0.003239 1.000000
-0.063211 -1.109240 136.593112
0.048377 -0.643593 -382.697242
-0.000115 -0.002113 1.000000
-0.004522 -0.926373 -98.125607
-0.064519 -0.454748 -177.713119
-0.000265 -0.001897 1.000000
1.932085 -4.589939 1763.022701
0.558728 -1.763794 -1698.791286
0.003056 -0.006847 1.000000
0.115877 -1.209596 405.157231
0.040621 -0.838670 -101.994426
-0.000026 -0.002417 1.000000
0.014931 -1.156293 126.057628
-0.071038 -0.947272 -266.990197
-0.000074 -0.002613 1.000000
-0.168943 -0.614984 159.523118
-0.236014 -0.542889 96.588607
-0.000541 -0.001574 1.000000
-0.120265 -0.958539 248.928594
-0.173789 -0.718611 79.830527
-0.000264 -0.001933 1.000000
-0.057001 -1.256875 716.118727
-0.029801 -0.893439 -72.800428
-0.000187 -0.002340 1.000000
0.084924 -1.223344 175.839694
0.074215 -0.932770 -113.976944
0.000294 -0.002771 1.000000
0.507466 -1.961756 -373.302365
-0.060080 -0.969871 62.631095
0.000370 -0.003059 1.000000
0.356127 -1.553054 454.389431
0.018796 -0.771281 -229.099809
0.000582 -0.003010 1.000000
0.486618 -1.714609 254.257720
0.038222 -0.659030 -465.188719
0.000742 -0.003102 1.000000
0.235989 -1.809596 544.532226
-0.027645 -1.217967 -38.617602
0.000460 -0.003382 1.000000
0.049849 -1.715882 130.121823
-0.039865 -1.382687 2.541514
0.000344 -0.003500 1.000000
0.588573 -2.039165 237.470125
0.284448 -1.041796 -1031.426976
0.001515 -0.004774 1.000000
