-0.150548 -1.318506 363.322139
-0.071485 -1.132698 -31.155583
-0.000355 -0.002290 1.000000
-0.574906 -0.860445 316.694737
-0.438242 -0.680797 48.750667
-0.001138 -0.001579 1.000000
-0.424749 -0.786745 251.454996
-0.254134 -0.690842 127.800595
-0.000811 -0.001520 1.000000
-0.609348 -0.929159 25.235323
-0.354048 -0.704437 179.021374
-0.001060 -0.001710 1.000000
-0.503123 -0.674169 14.164602
-0.385185 -0.627260 -29.473622
-0.001056 -0.001332 1.000000
-0.891475 0.047675 -823.421863
-0.619036 0.082188 688.529874
-0.001879 -0.000074 1.000000
-0.491279 -0.617934 -31.951238
-0.301512 -0.463805 -237.399826
-0.001202 -0.001356 1.000000
-0.637840 -0.370348 144.774112
-0.321503 -0.360253 -22.630943
-0.001313 -0.000982 1.000000
-0.097555 -1.431078 274.386630
-0.181322 -0.915353 -405.738363
-0.000381 -0.002437 1.000000
-0.798956 -0.455488 1080.182893
-0.311106 -0.221868 -54.653627
-0.001283 -0.001011 1.000000
-0.440762 -0.668373 835.966673
-0.171087 -0.495203 -349.083600
-0.000961 -0.001696 1.000000
-1.030401 -0.182089 -880.663966
-0.446423 -0.047882 -176.040109
-0.002129 -0.000374 1.000000
-0.332329 -0.998153 370.380872
-0.403751 -1.100454 93.067733
-0.000654 -0.002027 1.000000
-1.103039 -0.170118 -315.113394
-0.683527 -0.111555 -166.109989
-0.001861 -0.000241 1.000000
-0.843996 -0.534220 19.386166
-0.577940 -0.623820 12.041956
-0.001489 -0.001176 1.000000
-0.159416 -0.954023 234.274761
-0.235452 -1.110235 29.254544
-0.000338 -0.002511 1.000000
-0.756331 -0.485072 82.676643
-0.411475 -0.510765 -45.969152
-0.001364 -0.001183 1.000000
-0.331937 -0.876862 1053.543100
-0.291962 -0.867790 -515.083438
-0.000873 -0.001891 1.000000
-0.208461 -1.384963 -347.569052
-0.113676 -0.690398 -847.099041
-0.000488 -0.002351 1.000000
-0.217735 -0.897391 -121.749161
-0.123838 -0.715953 -191.436606
-0.000648 -0.002035 1.000000
-0.044064 -0.972010 16.573612
-0.063237 -0.917021 -141.206889
-0.000395 -0.002361 1.000000
-1.372469 -0.005605 -1456.663101
-1.068650 0.478182 651.807167
-0.002697 0.000793 1.000000
0.750179 -2.171120 1796.156383
0.409522 -1.810504 -1390.484012
0.001162 -0.004559 1.000000
-0.591974 -0.485148 139.100447
-0.343448 -0.458186 -403.454148
-0.001289 -0.001121 1.000000
-1.405898 0.007965 2142.274325
-0.786319 0.355623 -953.801722
-0.002845 -0.000175 1.000000
0.161703 -1.828176 1243.464075
0.292291 -1.753480 -472.248491
0.000583 -0.003625 1.000000
-0.383059 -0.741689 227.446861
-0.394288 -0.738991 145.800128
-0.000918 -0.001521 1.000000
-0.593300 -0.854884 223.701748
-0.372190 -0.595956 83.185149
-0.001185 -0.001308 1.000000
-0.267347 -0.906466 185.927246
-0.165282 -0.844038 41.561973
-0.000552 -0.002117 1.000000
-0.193048 -1.090808 855.550099
-0.074960 -1.084890 -431.427600
-0.000378 -0.002373 1.000000
-0.310735 -1.100492 295.726911
-0.170310 -0.810629 -347.040858
-0.000581 -0.002159 1.000000
-10.770795 16.325868 -46497.252784
-8.233309 11.892938 8105.146737
-0.027859 0.037071 1.000000
-0.352661 -1.147516 1084.306604
-0.220226 -0.778866 -947.131682
-0.000639 -0.002090 1.000000
-0.077762 -1.092209 164.858456
-0.105543 -0.763971 -718.830940
-0.000330 -0.002294 1.000000
-3.958216 4.348789 -2949.001144
-2.342216 2.575658 1734.342473
-0.006479 0.006900 1.000000
0.148646 -1.998514 1004.450134
0.119517 -1.023876 -879.417515
0.000310 -0.003207 1.000000
-1.678718 0.412167 -888.718712
-0.951483 0.014639 -775.029631
-0.003055 0.000875 1.000000
-0.746699 -0.240149 -4.194024
-0.435553 -0.327372 -527.438179
-0.001481 -0.000882 1.000000
-0.702997 -0.456654 -182.013554
-0.339785 -0.294723 -328.642409
-0.001276 -0.001092 1.000000
0.215491 -1.600969 1196.122701
0.127086 -1.238096 -356.465586
0.000282 -0.003249 1.000000
-0.669963 -0.710580 1151.855733
-0.492344 -0.657264 -85.480806
-0.001255 -0.001353 1.000000
-0.301900 -1.150699 1719.641307
-0.278157 -1.073632 -812.377128
-0.000594 -0.002263 1.000000
-0.674765 -0.535053 368.584442
-0.528316 -0.540672 -71.614271
-0.001365 -0.001209 1.000000
-1.034080 0.065982 472.577489
-0.683326 0.187666 -955.382197
-0.001896 -0.000095 1.000000
-1.847387 1.658347 -2904.032655
-1.274977 1.177465 716.136126
-0.004690 0.002854 1.000000
-0.290885 -1.084239 421.889773
-0.107141 -0.934871 -121.170541
-0.000400 -0.002190 1.000000
-0.388649 -0.809889 720.336285
-0.296804 -0.649667 -463.962378
-0.000898 -0.001663 1.000000
-0.789442 -0.668426 641.534154
-0.490022 -0.649948 -256.426251
-0.001338 -0.001352 1.000000
-0.917220 -0.078164 314.409153
-0.615642 -0.269407 -161.215129
-0.001637 -0.000329 1.000000
-0.720226 -0.398926 116.755873
-0.344576 -0.345814 -275.087592
-0.001421 -0.001054 1.000000
-0.815627 -0.779001 392.018310
-0.448379 -0.573641 52.100535
-0.001215 -0.001364 1.000000
-0.371829 -0.834978 531.304217
-0.320088 -0.593635 0.073918
-0.000807 -0.001556 1.000000
0.778344 -2.277027 2739.233482
-0.086640 -2.591127 345.086998
0.000798 -0.005266 1.000000
-1.649760 0.782552 2556.693121
-1.336007 0.748001 -1150.749973
-0.003958 0.002126 1.000000
-0.606188 -1.056356 326.129736
-0.315753 -0.547208 -174.471508
-0.000984 -0.001528 1.000000
0.067204 -1.417755 1243.463371
0.021787 -1.288406 -343.162640
-0.000130 -0.002779 1.000000
-0.253614 -0.569061 -17.469236
-0.235683 -0.706325 -827.877081
-0.000751 -0.002040 1.000000
-0.119989 -0.822602 464.703037
-0.174969 -0.957888 -49.612222
-0.000441 -0.002351 1.000000
-1.114171 -0.183591 -2836.537431
-0.834135 -0.171347 -2242.343326
-0.001999 -0.000212 1.000000
-0.181180 -1.265629 -837.100768
-0.132326 -1.329825 -848.944822
-0.000277 -0.002469 1.000000
-0.375986 -0.756539 -125.513764
-0.135726 -0.402770 -101.708562
-0.000828 -0.001748 1.000000
0.044047 -1.733820 1798.989522
0.264709 -2.281203 172.616379
0.000725 -0.003881 1.000000
-0.036152 -2.045204 3553.208261
0.194501 -1.116045 -1756.648441
0.000375 -0.003438 1.000000
-0.243020 -0.820095 -117.177149
-0.222464 -0.824797 -37.180101
-0.000745 -0.002040 1.000000
0.135857 -1.427191 -109.916585
0.035607 -1.048328 -464.957801
0.000214 -0.002890 1.000000
-0.219138 -0.374194 141.827442
-0.070368 -0.392264 -1.920748
-0.000769 -0.001571 1.000000
-0.494033 -0.966317 -24.200156
-0.184046 -0.643164 -145.890212
-0.000655 -0.001887 1.000000
-0.484047 -0.247232 -171.140323
-0.469311 -0.354184 -185.451945
-0.001444 -0.000966 1.000000
-0.964087 -0.333180 2688.137421
-0.700029 0.080211 -234.813847
-0.002523 -0.000413 1.000000
-4.785512 5.994073 3408.696731
-4.518487 4.163676 -2340.079367
-0.011107 0.009812 1.000000
-0.814862 -0.176035 184.978423
-0.561470 -0.254882 -388.289072
-0.001596 -0.000692 1.000000
-0.818177 -0.593490 -33.530799
-0.594654 -0.532617 -343.564860
-0.001419 -0.001128 1.000000
-0.021169 -1.668231 -125.454054
-0.004361 -0.994774 -92.247905
-0.000349 -0.002933 1.000000
-0.253378 -1.255714 911.328548
-0.038375 -0.948209 -140.383443
-0.000316 -0.002385 1.000000
-0.603833 -0.631153 583.884095
-0.341219 -0.541281 -168.827831
-0.001169 -0.001412 1.000000
-0.932658 -0.181461 179.326480
-0.556596 -0.296854 -124.653681
-0.001510 -0.000946 1.000000
-1.115636 0.150586 -530.845031
-0.770720 0.382630 -2.777147
-0.002703 0.000582 1.000000
-0.868620 0.088800 -2722.456304
-0.413634 0.006439 1285.371423
-0.002155 0.000130 1.000000
-0.573059 -0.954194 981.198495
-0.290268 -0.899833 -381.193108
-0.001096 -0.001586 1.000000
-0.156291 -1.174670 -48.345522
-0.220320 -0.979872 504.292438
-0.000393 -0.002131 1.000000
-0.535660 -1.055588 918.270313
-0.305921 -0.602688 -789.937667
-0.000972 -0.001567 1.000000
0.269525 -1.666612 30.709042
-0.019577 -1.260683 -248.346087
0.000069 -0.002881 1.000000
-0.367043 -1.041540 158.960649
-0.266202 -0.930579 -96.966982
-0.000867 -0.002020 1.000000
0.089242 -1.685600 219.725174
0.113701 -1.106815 -329.926038
0.000144 -0.002725 1.000000
-0.407949 -0.378023 165.303910
-0.341534 -0.444148 -172.105733
-0.001155 -0.001310 1.000000
0.045884 -1.318094 397.771053
0.141328 -0.786908 -121.181931
-0.000091 -0.002355 1.000000
-0.141671 -1.147148 1048.176376
0.056643 -1.232113 -318.908360
-0.000230 -0.002633 1.000000
-0.735907 -0.568770 948.990712
-0.531811 -0.377814 -60.046163
-0.001310 -0.001023 1.000000
-0.486879 0.002636 54.811365
-0.393648 -0.083564 -154.646305
-0.001691 -0.000200 1.000000
-2.455934 1.509464 2920.443347
-1.400112 1.338896 -1163.318014
-0.003904 0.002134 1.000000
-0.321238 -1.352301 646.578109
-0.145873 -0.992745 -112.777678
-0.000563 -0.002164 1.000000
-0.525584 -1.010877 -117.706057
-0.226321 -0.728851 -528.247901
-0.000945 -0.002007 1.000000
-0.619598 -0.559921 500.760551
-0.470803 -0.568858 -262.930295
-0.001216 -0.001117 1.000000
-4.276970 5.254678 3966.227009
-2.406254 2.827945 -1735.903516
-0.008934 0.008212 1.000000
-1.010840 -0.703050 -400.955026
-0.251052 -0.470736 163.542161
-0.001681 -0.001390 1.000000
-1.914639 1.485840 1036.924429
-1.221398 0.751912 -1537.856112
-0.003287 0.001952 1.000000
-0.874729 -0.431291 -931.150654
-0.445272 -0.263704 284.224610
-0.001485 -0.000944 1.000000
-5.690379 7.937245 -8252.162514
-2.866127 4.653611 -7732.158517
-0.009759 0.012456 1.000000
1.377080 -3.425608 -4282.280309
1.171955 -2.608418 -700.023125
0.002149 -0.006120 1.000000
-0.597441 -0.853832 926.632544
-0.347174 -0.738456 135.712538
-0.000980 -0.001632 1.000000
-0.378849 -1.299717 806.300091
-0.120292 -0.725847 -1.211169
-0.000477 -0.001903 1.000000
-2.274624 1.016062 328.576372
-1.343111 1.068612 -1306.041242
-0.003948 0.002377 1.000000
-0.747252 -0.433059 401.176715
-0.541755 -0.425293 -371.467747
-0.001511 -0.000903 1.000000
-1.172556 -0.158374 412.040923
-0.856098 0.023931 -887.202792
-0.002202 0.000015 1.000000
-0.377743 -1.241736 51.904834
-0.161819 -0.968935 -124.929493
-0.000736 -0.001992 1.000000
-205.081798 263.952014 -271423.145833
-135.980930 230.875170 -668.394804
-0.359468 0.494082 1.000000
0.867580 -2.670072 650.353629
0.564958 -2.146765 -846.530716
0.001276 -0.004899 1.000000
1.913499 -5.365935 8343.137183
2.230059 -5.167445 -3642.810261
0.005626 -0.011439 1.000000
0.041154 -1.259969 -483.524220
-0.083040 -1.267906 -1490.808438
-0.000171 -0.002689 1.000000
-1.401360 0.107081 -38.767057
-1.023274 0.032627 -752.852869
-0.002434 0.000158 1.000000
-0.034200 -1.253539 811.296477
-0.036057 -0.898943 -638.319471
-0.000199 -0.002601 1.000000
0.220359 -1.493760 -139.175320
0.166022 -1.311243 173.089540
0.000590 -0.003236 1.000000
-0.282307 -0.772856 -446.173707
-0.142804 -0.543412 -299.598741
-0.000667 -0.001782 1.000000
-0.860448 -0.152563 745.276690
-0.499239 -0.327437 -67.840774
-0.001534 -0.000701 1.000000
-0.745682 -0.615289 577.834060
-0.645285 -0.316826 -62.690430
-0.001625 -0.001082 1.000000
11.763204 -18.482915 -31432.298745
15.797630 -18.121488 11306.194677
0.039791 -0.046344 1.000000
0.022758 -1.283270 212.467935
0.264634 -1.828569 -105.081032
0.000036 -0.003110 1.000000
-0.010986 -1.296929 123.124335
0.000877 -0.921284 -159.655022
-0.000119 -0.002531 1.000000
-0.664864 -0.557757 713.740472
-0.305918 -0.324114 -358.334087
-0.001276 -0.000915 1.000000
-0.301203 -0.940550 682.974604
-0.169408 -0.840181 -378.063972
-0.000799 -0.001943 1.000000
0.124919 -1.309860 242.498200
0.042972 -1.025171 -84.123665
-0.000328 -0.002470 1.000000
-0.402510 -0.982157 247.410305
-0.299959 -0.803497 -1003.755281
-0.000880 -0.001838 1.000000
2.167982 -5.199210 -2540.827697
1.005069 -3.953934 -1220.403557
0.003284 -0.008661 1.000000
-0.591332 -1.265341 665.107916
-0.302790 -0.837182 -575.337058
-0.000974 -0.001876 1.000000
0.005610 -2.310448 -1067.195605
0.318926 -1.775874 -202.123707
0.000154 -0.003780 1.000000
-0.339421 -0.877010 387.998878
-0.410399 -0.970651 -142.248293
-0.000951 -0.002079 1.000000
0.629439 -2.889806 1013.521214
0.600377 -2.345561 -1443.011830
0.001036 -0.004890 1.000000
-0.332919 -1.091600 797.146915
-0.201931 -0.930362 -285.736066
-0.000740 -0.002062 1.000000
-0.611356 -0.822263 624.217446
-0.283032 -0.760352 -97.721759
-0.000959 -0.001778 1.000000
-1.215304 0.316376 3032.948938
-0.875024 0.172786 -39.317383
-0.002599 0.000608 1.000000
-0.654246 -0.687654 497.563072
-0.336259 -0.623938 -6.441222
-0.001124 -0.001425 1.000000
0.423114 -2.185123 2293.125560
0.138817 -1.664108 716.353466
0.000932 -0.004243 1.000000
-0.714785 -0.441016 388.555328
-0.563525 -0.333283 -387.802641
-0.001334 -0.000987 1.000000
-0.740377 -0.956979 544.684151
-0.614007 -0.770121 -22.345651
-0.001315 -0.001524 1.000000
-0.731018 -0.704022 584.031449
-0.669868 -0.495487 -295.113278
-0.001412 -0.001182 1.000000
-0.838849 -0.743108 151.580784
-0.630075 -0.190944 -21.316393
-0.001640 -0.000833 1.000000
-0.481986 -1.170785 43.919497
-0.288824 -0.827196 -198.934186
-0.000719 -0.001777 1.000000
-0.097643 -1.443230 1445.610740
0.110761 -1.262570 -603.289750
-0.000048 -0.002871 1.000000
-0.741558 -0.637090 883.159217
-0.438331 -0.398355 -102.650350
-0.001264 -0.001168 1.000000
-0.412281 -1.136503 1386.861030
-0.225734 -0.775559 -302.893986
-0.000758 -0.002141 1.000000
-1.411196 -0.604312 3261.135636
-0.435382 0.026775 -958.172433
-0.002059 -0.000506 1.000000
-0.970326 -0.530521 1274.274297
-0.543091 -0.182356 -338.185743
-0.001676 -0.000941 1.000000
-0.194698 -1.061822 717.974416
-0.219988 -0.813504 93.632249
-0.000507 -0.001972 1.000000
-0.553915 -1.314163 1296.264207
-0.380897 -0.862663 -550.981752
-0.000773 -0.002177 1.000000
-0.700912 -0.675832 1461.090203
-0.231951 -0.406278 -34.484948
-0.001225 -0.001498 1.000000
0.732974 -3.083874 983.774909
0.826063 -2.542472 -1160.335682
0.001655 -0.005409 1.000000
-0.270643 -0.899187 -299.404727
-0.176749 -0.817756 -277.749403
-0.000583 -0.002080 1.000000
-0.491133 -1.034455 128.654905
-0.290262 -0.702055 -401.441712
-0.000931 -0.001727 1.000000
-0.225760 -1.465258 682.186342
-0.055442 -1.066238 -274.381657
-0.000160 -0.002648 1.000000
2.338582 -7.719103 -21036.219072
2.885172 -6.008122 -9019.380981
0.007105 -0.013989 1.000000
0.174879 -1.863704 267.413314
0.022193 -1.143608 -504.456647
0.000316 -0.003335 1.000000
-0.528033 -0.644175 874.837951
-0.319360 -0.437962 -558.422159
-0.001208 -0.001395 1.000000
-0.130691 -1.518042 1043.390576
-0.117496 -0.951869 -111.162846
-0.000398 -0.002541 1.000000
-0.597873 -0.857492 469.388715
-0.361655 -0.618976 -4.279874
-0.001014 -0.001487 1.000000
-0.924772 -0.523640 903.328385
-0.335444 -0.233103 -190.648572
-0.001429 -0.000891 1.000000
-0.581316 -1.263810 1066.898822
-0.090360 -0.387780 14.439420
-0.000670 -0.001771 1.000000
-0.007955 -1.968921 723.602709
0.175506 -1.252474 -453.921234
0.000240 -0.003505 1.000000
-0.560449 -1.310145 1621.302266
-0.227662 -0.736647 114.017261
-0.000604 -0.002017 1.000000
-0.498785 -1.167533 1352.887967
-0.112045 -0.706926 -644.717219
-0.000570 -0.002278 1.000000
-0.597068 -0.181527 -200.688259
-0.418581 -0.323476 -116.749658
-0.001444 -0.000727 1.000000
-0.678793 -0.170307 482.911292
-0.454823 -0.071424 -116.336102
-0.001678 -0.000352 1.000000
0.142700 -1.306653 1027.962689
0.132712 -1.004116 -281.068905
0.000095 -0.003050 1.000000
-0.030199 -1.275859 836.953729
0.027046 -1.127212 -235.754686
0.000026 -0.002845 1.000000
-0.229249 -1.207963 667.795440
-0.066554 -1.083924 -211.576677
-0.000300 -0.002387 1.000000
-0.136120 -0.901241 321.938914
-0.155253 -0.879616 27.808078
-0.000349 -0.002093 1.000000
0.463568 -2.302615 -8.534899
0.341569 -2.061237 -643.295643
0.000844 -0.004556 1.000000
0.344555 -1.595651 1679.839199
0.056711 -0.980448 252.852733
0.000250 -0.002929 1.000000
-0.637465 -0.916407 388.269199
-0.450287 -0.854029 234.237981
-0.001025 -0.001693 1.000000
-0.022992 -1.739423 910.574931
0.068426 -0.948813 -707.017582
-0.000110 -0.003006 1.000000
-0.496072 -1.067821 96.580618
-0.324571 -0.669876 137.547553
-0.000869 -0.001636 1.000000
-0.448101 -0.592163 901.965209
-0.354353 -0.524828 88.973056
-0.001113 -0.001522 1.000000
-0.350425 -1.003473 929.502015
-0.198544 -0.619346 -38.619752
-0.000754 -0.001825 1.000000
-0.576982 -0.482907 91.287924
-0.300184 -0.433518 80.910815
-0.001131 -0.001124 1.000000
0.208396 -1.923059 1004.022996
0.478004 -2.149215 -184.600925
0.001164 -0.004520 1.000000
-0.167913 -0.880568 319.745046
-0.168428 -0.795580 87.072608
-0.000451 -0.001969 1.000000
-0.392662 -0.923875 268.082200
-0.220586 -0.678676 -20.528491
-0.000696 -0.001815 1.000000
0.053623 -1.412372 567.432219
0.294400 -1.608801 -63.385583
0.000317 -0.003370 1.000000
-0.431414 -1.842210 899.009312
0.205726 -2.083918 54.474021
0.001005 -0.005058 1.000000
-0.341717 -1.141259 587.636559
-0.062242 -1.070751 125.195323
-0.000246 -0.002405 1.000000
-0.772997 -1.619271 698.731929
-0.122466 -2.083280 285.817329
-0.000231 -0.003419 1.000000
22.193651 -21.149168 9175.997777
19.644753 -29.921140 -6156.857801
0.041324 -0.058813 1.000000
-36.134713 75.982079 -24614.949406
-47.839502 112.449064 13029.809170
-0.125728 0.224701 1.000000
-0.572008 -0.904181 1240.679082
-0.304331 -0.520062 104.622601
-0.001141 -0.001199 1.000000
-0.762506 -0.503540 -251.135846
-0.407077 -0.204073 -132.426455
-0.001507 -0.000822 1.000000
-0.882729 -0.748097 1264.916619
-0.338717 -0.374565 -228.599670
-0.001520 -0.000958 1.000000
0.895123 0.162243 6.248004
-0.109353 1.298143 -39.212271
-0.000130 0.000218 1.000000
0.890801 -0.167521 13.751189
-0.143509 0.832438 57.692415
-0.000076 -0.000349 1.000000
-0.760397 -1.428306 536.730377
-0.021400 -1.483214 192.722878
-0.000523 -0.002954 1.000000
-0.054674 -1.117578 355.093305
0.058823 -1.157997 153.599515
0.000061 -0.002620 1.000000
-3.286571 0.610779 768.816805
-0.751625 -0.693756 592.919562
-0.003202 -0.000059 1.000000
-1.332078 -1.847119 999.525482
-0.188788 -1.562646 514.894410
-0.000610 -0.002993 1.000000
0.842016 0.448844 -87.966887
-0.546136 1.962715 91.900904
-0.000557 0.001101 1.000000
0.918143 -0.673491 251.697707
0.152989 0.437529 -95.136023
0.000505 -0.001392 1.000000
1.146532 0.212198 -13.860211
0.002585 1.602962 -121.574662
0.000152 0.000191 1.000000
-0.257946 -2.335163 800.476806
0.341301 -2.236854 78.986796
0.000699 -0.004261 1.000000
-0.270522 -1.242322 516.306318
-0.090309 -0.895948 75.055806
-0.000255 -0.002229 1.000000
0.000929 -1.324787 454.785065
0.032718 -0.934644 56.914412
0.000300 -0.002630 1.000000
-0.854048 -1.528958 962.278959
-0.309176 -1.200168 331.878823
-0.000583 -0.002343 1.000000
-2.461498 -2.334510 1562.726026
-0.112311 -2.825697 970.625838
-0.000410 -0.005057 1.000000
1.000000 0.000000 -0.000000
0.000000 1.000000 0.000000
0.000000 -0.000000 1.000000
-4.068836 -5.798380 2695.296745
0.150325 -6.336793 1507.536379
0.000253 -0.009328 1.000000
-0.776549 -1.977652 1080.549119
-0.167030 -1.467053 330.788798
-0.000148 -0.003048 1.000000
-0.257364 -1.609937 521.052881
-0.000036 -1.372391 39.557985
0.000063 -0.002866 1.000000
1.662163 -6.473703 911.721051
2.120310 -6.752164 -1035.996562
0.004056 -0.010920 1.000000
-0.232594 -1.361041 698.638283
-0.021644 -0.866306 30.338791
-0.000235 -0.002270 1.000000
-0.254507 -1.685391 763.802502
-0.087757 -1.327872 128.141902
-0.000077 -0.002757 1.000000
-0.063986 -1.805831 606.419191
-0.149855 -1.435550 42.901984
0.000049 -0.002875 1.000000
0.105087 -1.918816 704.181634
0.116580 -1.407081 -275.780110
0.000276 -0.003093 1.000000
-0.115196 -1.187872 592.588933
-0.052769 -0.795254 31.382350
-0.000192 -0.002171 1.000000
-0.706445 -0.705466 1461.502507
-0.381544 -0.473420 -49.211837
-0.001213 -0.001136 1.000000
-1.002078 -0.902281 192.371220
-0.558487 -0.701011 474.623709
-0.001359 -0.001298 1.000000
1.023968 -2.979368 598.563580
0.457308 -1.930344 -593.364587
0.001324 -0.004498 1.000000
1.835314 -3.886683 382.123594
0.688712 -2.355215 -1044.407769
0.002190 -0.006171 1.000000
-0.601668 0.202311 316.319088
-0.668831 -0.016909 1049.345887
-0.001797 -0.000204 1.000000
-0.263580 -0.957714 741.043710
-0.187117 -0.690853 128.800696
-0.000771 -0.001856 1.000000
-0.180042 -1.410727 627.378213
-0.045607 -0.853069 -172.057457
-0.000192 -0.002361 1.000000
-0.049299 -1.244545 468.666197
0.039334 -0.918352 -79.284754
-0.000120 -0.002725 1.000000
0.545511 -2.241476 1318.313771
0.169490 -0.996008 -442.548024
0.000880 -0.003978 1.000000
-0.722358 0.035812 1086.754175
-0.614224 -0.271637 700.205259
-0.002045 -0.000384 1.000000
-1.171743 0.503968 1553.411565
-0.833831 0.331441 1753.167856
-0.002681 0.000770 1.000000
-0.193369 -1.408883 706.956174
-0.138619 -0.911177 78.487985
-0.000336 -0.002235 1.000000
2.765101 -5.195235 -705.754674
1.546542 -3.144509 -4814.773604
0.004508 -0.008810 1.000000
-0.002253 -2.347148 824.013234
0.393191 -2.283178 37.421305
0.000767 -0.004427 1.000000
-5.155029 7.071223 3918.405901
-2.345620 3.884449 2832.844785
-0.009563 0.010814 1.000000
-3.957136 4.987309 -2903.073104
-1.403557 1.859994 -3648.556829
-0.006504 0.005256 1.000000
-0.374538 -0.625403 834.198906
-0.322829 -0.394983 116.485737
-0.001005 -0.001443 1.000000
-0.184429 -0.662566 688.047025
-0.327814 -0.570392 171.364839
-0.000885 -0.001613 1.000000
0.765069 0.246162 23.874576
0.029502 1.425594 -154.057779
-0.000280 0.000298 1.000000
-0.332248 -1.611659 815.927817
-0.080511 -1.440298 -255.082179
-0.000256 -0.002909 1.000000
-0.728831 -0.516918 1273.188230
-0.468358 -0.411780 -295.552122
-0.001752 -0.000889 1.000000
-0.184722 -1.383271 463.027715
-0.001537 -1.040265 15.305290
-0.000261 -0.002558 1.000000
-0.151255 -1.374588 606.630661
0.069800 -1.113183 -101.054446
-0.000024 -0.002741 1.000000
-0.454346 -0.929352 839.149489
-0.217979 -0.643822 -268.375509
-0.000941 -0.001730 1.000000
0.286796 -1.574546 314.015960
0.149865 -1.800522 -153.076263
0.000241 -0.004001 1.000000
-0.241499 -1.218882 626.141346
-0.034611 -0.582519 -133.578758
-0.000294 -0.002230 1.000000
-1.614564 0.806900 1595.673066
-0.555383 0.489806 116.853582
-0.002272 0.001019 1.000000
0.467545 -2.140312 853.325636
0.110910 -0.956271 -473.898459
0.000504 -0.003402 1.000000
-0.547459 -1.076398 739.369747
-0.140336 -0.707224 -291.799357
-0.000666 -0.001945 1.000000
5.460495 -8.208339 5169.839300
2.450895 -6.002429 -5729.792334
0.009343 -0.016820 1.000000
-0.247824 -1.074610 1552.935608
-0.066652 -1.050599 -522.222019
-0.000482 -0.002860 1.000000
-0.400194 -1.284142 708.943934
-0.206786 -0.900629 -37.198471
-0.000640 -0.002067 1.000000
-0.468549 -1.226316 935.501487
-0.174980 -0.724184 26.000230
-0.000643 -0.001968 1.000000
-1.263453 0.493662 -151.683132
-0.267972 0.126476 -297.177832
-0.002274 0.000469 1.000000
0.637891 -2.129453 579.551805
0.589509 -1.915461 -822.012108
0.001426 -0.004729 1.000000
-0.609382 -0.438143 919.639307
-0.428444 -0.341680 206.557766
-0.001722 -0.001079 1.000000
-0.133333 -1.027972 1364.229656
-0.155566 -0.805952 67.872915
-0.000378 -0.002244 1.000000
-0.318093 -0.595908 976.694736
-0.243089 -0.668139 10.334764
-0.001076 -0.001653 1.000000
-0.106162 -0.927197 399.472517
-0.070753 -1.009612 -25.625015
-0.000356 -0.002120 1.000000
-0.624309 -0.277688 1729.377199
-0.492501 -0.094150 -80.757906
-0.001789 -0.000740 1.000000
-0.222756 -0.485606 426.698343
-0.135837 -0.368076 -140.470457
-0.000907 -0.001460 1.000000
-0.576025 -0.153654 1509.726948
-0.598823 0.225146 -345.644508
-0.002049 0.000127 1.000000
-0.031338 -0.708085 288.823129
-0.069101 -0.950076 -205.122207
-0.000314 -0.002161 1.000000
-0.485383 -0.410391 802.313176
-0.307794 -0.270120 -40.264985
-0.001364 -0.001085 1.000000
-0.133488 -0.934117 401.490757
-0.108708 -1.003194 -408.790781
-0.000381 -0.002577 1.000000
-0.217901 -0.825803 1190.311831
-0.181723 -0.975442 -444.067591
-0.000783 -0.002049 1.000000
-1.447491 0.298153 -3191.959448
-1.477955 0.658453 -718.965542
-0.003406 0.001499 1.000000
-0.310446 -0.851962 1422.107074
-0.268097 -0.797463 -7.963303
-0.000652 -0.001688 1.000000
-0.344995 -0.874975 633.151676
-0.237727 -0.938765 0.770663
-0.000660 -0.002132 1.000000
-0.555399 -0.981420 1277.281758
-0.245869 -0.449255 130.503079
-0.000828 -0.001477 1.000000
-0.189811 -1.108808 932.154136
-0.041165 -0.365852 -88.450259
-0.000327 -0.001936 1.000000
-0.325852 -1.095519 1154.311141
-0.155603 -0.585876 119.813959
-0.000575 -0.002061 1.000000
-0.786269 -0.687288 1739.736456
-0.330690 -0.429991 -91.316544
-0.001307 -0.001072 1.000000
-0.530842 -0.681611 783.342975
-0.203155 -0.299985 -92.052946
-0.001053 -0.001276 1.000000
-0.430437 -0.807117 709.551250
-0.206001 -0.527561 -96.732007
-0.000878 -0.001518 1.000000
-0.880613 -0.616659 -164.302702
-0.702128 -0.343387 -177.202190
-0.001680 -0.000797 1.000000
-0.808076 -0.284697 845.589426
-0.500454 -0.218624 -315.135936
-0.001570 -0.000910 1.000000
-1.535005 0.330062 -7.459321
-1.450254 0.521818 -798.020605
-0.003187 0.000873 1.000000
-0.427790 -1.048147 656.624603
-0.267468 -0.936553 14.099097
-0.000609 -0.001611 1.000000
-0.700929 -0.509274 2011.091045
-0.692808 -0.550108 51.922080
-0.001473 -0.001075 1.000000
-0.435019 -0.394015 465.559194
-0.207994 -0.329682 -151.907643
-0.001038 -0.001335 1.000000
-0.281239 -1.131014 349.080384
-0.217892 -0.702038 105.461795
-0.000621 -0.001732 1.000000
-0.592577 -0.532542 262.777504
-0.401523 -0.421714 -389.375814
-0.001303 -0.001165 1.000000
-0.168412 -0.983214 -239.313180
-0.096135 -0.555901 -79.792169
-0.000586 -0.001941 1.000000
-0.571046 -0.818062 902.005501
-0.426582 -0.580777 13.004073
-0.001270 -0.001369 1.000000
-0.939211 -0.088562 -18.562494
-0.474428 -0.238659 -19.473036
-0.001752 -0.000393 1.000000
-2.198581 -1.855120 886.148851
-0.678510 -2.106735 451.150646
-0.001705 -0.003495 1.000000
-0.287500 -0.862606 357.313335
-0.161717 -0.690931 -349.358115
-0.000655 -0.001938 1.000000
-0.159065 -1.607679 440.922185
-0.143955 -1.344741 146.172173
-0.000305 -0.003052 1.000000
0.221314 -1.505450 339.576948
0.029751 -1.036482 50.091644
0.000036 -0.002698 1.000000
0.003111 -1.024949 82.255949
-0.087518 -0.737246 -203.284882
-0.000322 -0.002162 1.000000
-0.757589 -0.813272 -270.822963
-0.328012 -0.518927 -319.678115
-0.001279 -0.001453 1.000000
-0.398629 -0.671308 302.773457
-0.259765 -0.530395 -274.994621
-0.000951 -0.001406 1.000000
-1.594927 0.951701 1560.094081
-1.226939 0.505668 91.543575
-0.003741 0.001531 1.000000
-1.834826 -0.463508 454.249826
-0.765982 -0.415336 348.012866
-0.002113 -0.000766 1.000000
-0.559670 -1.005274 248.494004
-0.226937 -0.850227 -143.491190
-0.000682 -0.001897 1.000000
