-0.423254 -0.771028 579.062213
-0.075833 -0.540434 -93.345191
-0.000513 -0.001949 1.000000
-0.555010 -0.407878 240.612694
-0.298997 -0.049196 -226.456976
-0.001286 -0.000968 1.000000
-0.170638 -0.645144 81.327055
-0.111736 -0.558256 125.419999
-0.000626 -0.001690 1.000000
-0.404518 -0.861873 288.741549
-0.364361 -0.497329 84.449346
-0.000877 -0.001496 1.000000
-0.285315 -0.520132 217.337570
-0.358653 -0.787130 90.574535
-0.001112 -0.001594 1.000000
-0.415527 -0.654586 136.517801
-0.367057 -0.480949 111.718976
-0.001006 -0.001453 1.000000
0.095563 -1.166241 126.784556
0.057071 -0.935679 -5.885146
-0.000324 -0.002407 1.000000
-0.510966 -0.806676 245.680476
-0.375432 -0.757937 60.316688
-0.001127 -0.001652 1.000000
-0.526990 -0.586185 53.523136
-0.303532 -0.066631 -58.181373
-0.001186 -0.001169 1.000000
-0.625552 -0.840031 914.362227
-0.182025 -0.392501 -20.969615
-0.000909 -0.001267 1.000000
-0.130587 -1.030438 405.268036
0.036758 -0.705460 -163.571870
-0.000292 -0.002255 1.000000
-0.304936 -0.726576 38.237947
-0.185075 -0.380934 64.420804
-0.000983 -0.001630 1.000000
-0.423661 -0.845908 1050.428032
-0.291632 -0.418626 -448.251149
-0.000914 -0.001519 1.000000
-0.497036 -1.116637 481.267224
-0.275328 -0.894279 -118.496636
-0.000784 -0.001892 1.000000
-0.190815 -0.738941 358.701604
-0.119657 -0.560146 -152.162078
-0.000522 -0.001894 1.000000
-0.091023 -0.673426 66.477437
-0.078538 -0.612104 17.873341
-0.000459 -0.002053 1.000000
-0.546271 -0.661307 180.505627
-0.379837 -0.289857 -131.756377
-0.001136 -0.001310 1.000000
-0.324736 -0.973716 305.404334
-0.307631 -0.847947 179.040864
-0.000725 -0.001891 1.000000
-0.496819 -0.606249 203.338902
-0.336702 -0.611014 -39.887215
-0.001122 -0.001468 1.000000
-0.131302 -1.094472 230.423262
-0.137753 -0.920525 -140.719779
-0.000488 -0.002377 1.000000
-0.150414 -1.267688 114.353437
-0.035256 -1.127325 112.378642
-0.000205 -0.002478 1.000000
-1.487969 0.987808 817.540055
-1.412604 0.732347 1965.689664
-0.002824 0.001381 1.000000
-0.155640 -1.551391 1173.737813
-0.007517 -1.146771 -358.394076
-0.000025 -0.002629 1.000000
-0.360880 -0.776077 208.369808
-0.127147 -0.383361 19.916244
-0.000750 -0.001643 1.000000
-0.435826 -0.601655 -107.821887
-0.402618 -0.442518 -298.789276
-0.001107 -0.001564 1.000000
-0.569966 -1.045214 295.664827
-0.495337 -0.955929 165.870326
-0.001065 -0.001843 1.000000
-0.278452 -0.355749 79.943408
-0.310056 -0.244806 47.187565
-0.001091 -0.001092 1.000000
-0.310926 -0.544975 157.179723
-0.395308 -0.777968 265.896547
-0.000947 -0.001523 1.000000
-0.413632 -0.412000 213.767767
-0.206979 -0.535768 55.026546
-0.000682 -0.001650 1.000000
0.097364 -1.132600 459.311203
0.218791 -1.224286 -207.557700
0.000189 -0.002868 1.000000
-0.467938 -1.028397 321.499008
-0.323173 -0.686277 -140.285796
-0.000965 -0.001917 1.000000
0.035214 -1.006540 294.289154
-0.010130 -0.641476 -245.873501
-0.000142 -0.002324 1.000000
-0.160903 -0.827404 258.384660
-0.130109 -0.795175 -60.023106
-0.000396 -0.002040 1.000000
-0.260361 -0.730238 363.266830
-0.167802 -0.607122 -107.728450
-0.000529 -0.002010 1.000000
5.549501 -10.626130 5793.880253
4.018203 -8.492435 -3379.822448
0.010257 -0.018352 1.000000
-0.399057 -0.480922 166.867647
-0.280936 -0.225066 -190.002155
-0.001015 -0.001374 1.000000
-0.208545 -0.677901 746.744657
-0.204662 -0.579842 -100.430793
-0.000668 -0.001907 1.000000
-0.090723 -0.783220 312.504004
-0.007103 -0.630224 -210.457519
-0.000430 -0.001987 1.000000
-0.373903 -0.857875 201.348378
-0.271201 -0.552920 -76.136322
-0.000864 -0.001770 1.000000
-0.266882 -0.621177 443.798502
-0.265222 -0.491909 -296.134951
-0.000773 -0.001731 1.000000
-0.467683 -0.508228 -15.258437
-0.377972 -0.319297 120.433189
-0.001073 -0.001039 1.000000
-0.417291 -0.422607 433.727812
-0.365783 -0.513936 58.316018
-0.000998 -0.001179 1.000000
0.026389 -1.288754 547.336713
0.027163 -1.055620 -361.469971
-0.000060 -0.002774 1.000000
-0.133104 -0.817554 163.559277
0.021319 -0.646164 -253.093555
-0.000302 -0.002105 1.000000
-0.249178 -0.656066 6.260798
-0.106873 -0.433528 -132.548901
-0.000700 -0.001660 1.000000
-0.361998 -0.569867 257.651325
-0.164307 -0.375052 -102.360568
-0.000825 -0.001485 1.000000
-0.033119 -0.636661 137.564307
-0.000953 -0.464153 -1.094670
-0.000161 -0.002117 1.000000
-0.157466 -0.792412 198.896497
-0.237310 -0.725140 24.181530
-0.000714 -0.001796 1.000000
-0.548696 -0.185086 258.746115
-0.465995 -0.253976 -35.437644
-0.001389 -0.000863 1.000000
-0.345148 -0.555864 300.834484
-0.318171 -0.621396 105.804387
-0.000932 -0.001511 1.000000
-0.390204 -0.191693 -153.982655
-0.419570 -0.195184 -79.858344
-0.001342 -0.000985 1.000000
-0.664298 -0.453071 299.144031
-0.556469 -0.192213 23.761024
-0.001459 -0.000640 1.000000
-0.211252 -0.602417 221.409082
-0.232580 -0.492873 -19.633232
-0.000830 -0.001591 1.000000
-0.193935 -0.784884 293.957711
-0.221230 -0.568994 -151.741535
-0.000661 -0.002028 1.000000
-0.165121 -0.697145 391.472615
-0.135537 -0.383527 -67.705157
-0.000563 -0.001661 1.000000
-0.762361 -0.607343 646.811708
-0.405969 -0.273762 -178.160766
-0.001231 -0.001119 1.000000
-0.222168 -1.025250 419.935903
0.007218 -0.692151 -275.631444
-0.000442 -0.002330 1.000000
-0.146636 -1.154568 518.337587
-0.111599 -0.863628 -130.044707
-0.000363 -0.002530 1.000000
-0.348405 -0.683172 422.262200
-0.323745 -0.580664 -66.294234
-0.000854 -0.001836 1.000000
-0.249300 -0.985882 342.773638
-0.187340 -0.537172 -171.400365
-0.000682 -0.001873 1.000000
-0.052005 -0.637552 86.999294
0.062502 -0.627272 -125.598081
-0.000405 -0.002181 1.000000
-0.158011 -1.179581 442.150792
-0.199767 -0.606644 -23.717182
-0.000494 -0.002153 1.000000
-0.180206 -0.483741 -7.972346
-0.133646 -0.281299 -96.276519
-0.000860 -0.001468 1.000000
-0.235901 -0.906493 515.222808
-0.138473 -0.646047 -47.599691
-0.000609 -0.002272 1.000000
0.381176 -1.701742 541.026409
0.226145 -0.750643 -325.498749
0.000431 -0.003029 1.000000
0.118156 -1.265652 476.504365
0.050115 -0.913302 -45.399137
-0.000070 -0.002709 1.000000
0.090297 -1.063796 474.040846
0.097058 -0.645448 -14.312814
-0.000138 -0.002378 1.000000
0.026864 -1.152269 357.887037
-0.131861 -0.553482 53.058800
-0.000507 -0.002125 1.000000
-0.012043 -0.812185 165.890257
-0.094061 -0.374144 9.443412
-0.000511 -0.001791 1.000000
-0.040453 -0.956312 412.584611
-0.051743 -0.410394 21.937924
-0.000513 -0.001956 1.000000
0.288217 -1.339429 559.049379
0.324356 -0.460462 -119.137060
0.000274 -0.002355 1.000000
0.000418 -1.131196 518.576480
0.145662 -0.629083 -51.921506
-0.000227 -0.002289 1.000000
-0.041419 -0.816141 79.649732
-0.077602 -0.826889 -10.564818
-0.000474 -0.002219 1.000000
-0.442647 -0.860730 287.974963
-0.176925 -0.240672 -125.354410
-0.000723 -0.001630 1.000000
-0.380700 -0.664990 147.062125
-0.269725 -0.668141 45.946093
-0.001003 -0.001602 1.000000
-0.298490 -0.742784 40.630979
-0.198417 -0.625045 -76.900822
-0.000930 -0.001722 1.000000
0.061520 -0.840693 302.156054
-0.039373 -0.355493 -0.058103
-0.000410 -0.001768 1.000000
0.112759 -0.541494 193.435785
-0.056822 -0.056252 21.110191
-0.000475 -0.001436 1.000000
0.053278 -1.136512 363.490109
-0.052857 -0.558296 7.017924
-0.000335 -0.002338 1.000000
0.131080 -0.921689 376.508659
0.015809 -0.241232 48.760162
-0.000228 -0.001837 1.000000
0.240823 -0.972105 400.267241
0.015552 -0.134208 69.844755
-0.000121 -0.001722 1.000000
0.142314 -1.202774 417.949780
0.007304 -0.479269 28.319555
-0.000133 -0.002226 1.000000
0.060783 -1.419778 530.897862
0.030391 -0.892642 109.160420
-0.000060 -0.002575 1.000000
0.230824 -1.451581 455.482517
0.101018 -0.420125 -130.005482
-0.000009 -0.002699 1.000000
-0.144828 -0.439694 65.097626
-0.156363 -0.158436 72.792320
-0.000748 -0.001326 1.000000
-0.308366 -0.608524 183.208663
-0.080301 -0.407248 21.991892
-0.000807 -0.001461 1.000000
-0.025532 -1.083840 262.068030
-0.055165 -0.506215 -159.245091
-0.000328 -0.002238 1.000000
-0.026067 -1.369751 443.931638
-0.069123 -1.129785 -69.915845
-0.000333 -0.002977 1.000000
-0.205858 -0.274672 120.716317
-0.153834 -0.121420 56.703291
-0.000965 -0.000909 1.000000
-0.123957 -1.105199 423.259599
-0.031255 -0.590009 26.693949
-0.000374 -0.002212 1.000000
0.122859 -1.049856 387.147452
0.129072 -0.457165 18.412318
-0.000112 -0.002141 1.000000
-0.070941 -1.091497 514.217003
0.002522 -0.822169 23.461720
-0.000231 -0.002515 1.000000
0.289693 -1.148942 485.979430
0.257997 -0.430566 -128.985481
0.000260 -0.002419 1.000000
-0.134071 -1.104233 165.413201
0.013389 -0.436878 -103.821319
-0.000530 -0.002163 1.000000
-0.149479 -0.913346 321.855596
-0.070999 -0.439641 -73.772613
-0.000478 -0.002027 1.000000
-0.269393 -1.134699 463.318115
-0.172028 -0.811882 31.826126
-0.000607 -0.002079 1.000000
-0.327232 -0.747668 76.907408
-0.143416 -0.541214 -68.955258
-0.000712 -0.001949 1.000000
-0.048025 -1.178017 410.073990
0.023878 -0.675376 -21.271886
-0.000182 -0.002425 1.000000
0.153891 -1.260692 449.516342
0.002044 -0.929096 -1.873444
-0.000159 -0.002699 1.000000
0.119686 -1.069895 352.052811
-0.007610 -0.608258 67.895031
-0.000224 -0.002203 1.000000
0.042367 -1.090848 375.918359
0.004002 -0.571506 52.013010
-0.000212 -0.002097 1.000000
0.307784 -1.397034 478.086448
0.283957 -0.765211 -57.820728
0.000334 -0.002830 1.000000
0.173588 -1.350083 439.093428
0.145706 -1.058693 18.944728
0.000039 -0.002881 1.000000
0.386724 -0.532787 189.836015
-0.033142 0.145740 131.179893
-0.000280 -0.001089 1.000000
-0.020820 -1.016352 450.016310
-0.086615 -0.556969 189.014177
-0.000250 -0.001931 1.000000
-0.385362 -0.914757 503.792794
-0.228758 -0.833842 72.764321
-0.000636 -0.002157 1.000000
-0.032867 -1.137908 188.700123
-0.033984 -0.911036 61.244225
-0.000224 -0.002523 1.000000
0.058629 -1.141704 367.166766
0.020751 -0.709668 65.960111
-0.000213 -0.002379 1.000000
-0.109586 -1.103473 466.871030
-0.088467 -0.891027 160.018603
-0.000334 -0.002327 1.000000
-0.057113 -1.398607 548.834501
0.051442 -0.642585 8.188133
-0.000095 -0.002417 1.000000
-0.254766 -2.640513 705.881342
0.097265 -2.055531 -3.905906
0.000009 -0.004691 1.000000
0.572829 -0.568453 229.448037
0.142613 0.488142 -90.059005
-0.000023 -0.001176 1.000000
-0.066227 -1.016426 396.438945
-0.001358 -0.340163 -72.671962
-0.000443 -0.001999 1.000000
-0.144097 -1.099497 737.320066
-0.033502 -0.883816 17.023979
-0.000174 -0.002455 1.000000
-0.090998 -1.401508 503.848773
0.134085 -0.983752 -66.461672
-0.000062 -0.002965 1.000000
-0.094756 -0.874335 294.593127
-0.166615 -0.588451 -54.853865
-0.000512 -0.002099 1.000000
-0.095304 -1.322756 401.911570
0.051502 -0.919988 3.400051
-0.000163 -0.002677 1.000000
-0.004261 -1.049866 396.196743
0.055555 -0.397552 -182.128890
-0.000225 -0.002144 1.000000
0.124672 -0.800707 226.174743
0.059456 -0.400033 -110.593011
-0.000375 -0.001927 1.000000
-0.163999 -1.226072 311.126281
-0.128536 -0.805507 37.588023
-0.000388 -0.002393 1.000000
-0.289262 -1.013359 327.775199
-0.212818 -0.559753 47.664637
-0.000644 -0.001865 1.000000
-0.456810 -0.919688 483.370110
-0.235262 -0.755679 50.752922
-0.000647 -0.001871 1.000000
-0.356001 -0.917413 369.242807
-0.247352 -0.872368 34.661860
-0.000768 -0.001868 1.000000
-0.235630 -1.209144 534.559713
-0.010797 -0.613536 -114.174362
-0.000329 -0.002234 1.000000
-0.224020 -1.233303 218.704188
-0.121234 -0.878325 -49.010403
-0.000374 -0.002490 1.000000
-0.197999 -0.557681 371.020695
-0.100580 -0.528684 -124.368566
-0.000605 -0.001779 1.000000
-0.256499 -0.813480 305.057597
-0.085589 -0.643734 -124.257613
-0.000635 -0.002019 1.000000
-0.484769 -0.602970 453.329901
-0.461374 -0.688977 106.894942
-0.001079 -0.001401 1.000000
-0.159911 -0.847288 390.508810
-0.165689 -0.969970 -101.365868
-0.000675 -0.002056 1.000000
-0.204793 -0.854670 528.356033
0.009587 -0.816215 -196.606130
-0.000436 -0.002079 1.000000
-0.549317 -0.463044 100.582039
-0.448618 -0.258336 -27.903146
-0.001217 -0.001135 1.000000
-0.234035 -0.936286 771.366333
-0.138665 -0.619165 -116.665903
-0.000486 -0.002121 1.000000
-0.252866 -0.839769 188.948806
-0.212521 -0.752161 28.850414
-0.000609 -0.002057 1.000000
-0.889700 -0.667629 411.539980
-0.672177 -0.564040 74.263836
-0.001492 -0.001114 1.000000
-0.074984 -0.980452 410.928186
-0.123016 -0.957766 65.160725
-0.000317 -0.002387 1.000000
-0.232549 -0.783749 479.499168
-0.073824 -0.905269 16.194215
-0.000471 -0.002171 1.000000
-0.276891 -1.148950 356.983977
-0.075539 -0.628771 23.805445
-0.000488 -0.001963 1.000000
-0.108688 -1.511626 469.377623
-0.120114 -1.195201 48.182601
-0.000348 -0.002632 1.000000
0.702273 -2.186652 1185.830937
0.627527 -1.428247 -462.389069
0.001213 -0.004193 1.000000
-0.727664 -0.557550 581.720138
-0.434155 -0.345579 -239.473729
-0.001353 -0.001078 1.000000
-0.862526 -0.765740 1038.845283
-0.449024 0.010781 -78.680793
-0.001494 -0.000636 1.000000
-0.478447 -1.217538 746.637931
-0.133474 -0.693331 -134.074667
-0.000684 -0.002064 1.000000
-0.419520 -1.166317 764.518577
-0.125899 -0.776488 -120.397387
-0.000539 -0.002302 1.000000
-0.139525 -1.268224 348.397755
-0.061802 -0.827632 -190.045679
-0.000249 -0.002276 1.000000
-0.562181 -1.031216 799.193495
-0.129394 -0.515305 -162.257112
-0.000774 -0.001709 1.000000
-0.723257 -0.755671 735.426339
-0.487760 -0.390351 -79.985977
-0.001259 -0.001191 1.000000
-0.406650 -0.953039 616.214524
-0.220410 -0.559276 -120.696429
-0.000810 -0.001615 1.000000
-0.618654 -0.283693 537.319372
-0.274785 -0.295781 -243.551646
-0.001359 -0.001018 1.000000
-0.365573 -0.666266 200.392753
-0.352728 -0.500325 81.829203
-0.000969 -0.001403 1.000000
-0.453759 -0.690465 356.216768
-0.452378 -0.733819 15.092473
-0.001112 -0.001496 1.000000
-1.182498 0.139047 -706.257373
-0.670927 0.261396 -333.625295
-0.002317 0.000501 1.000000
-1.433998 0.280021 1374.669682
-0.906966 0.603240 -223.929520
-0.002972 0.001684 1.000000
-1.033856 -0.247664 1491.285851
-0.816824 0.174316 7.136994
-0.002473 0.000124 1.000000
-0.427433 -1.862436 1350.661190
0.032313 -0.462541 785.283888
-0.000441 -0.002699 1.000000
-0.783639 -0.938440 814.253745
-0.395063 -0.102535 -140.840080
-0.001283 -0.001028 1.000000
-0.725140 -1.390600 1064.286284
-0.217524 -0.478610 80.411850
-0.000783 -0.001818 1.000000
-0.363700 -1.139180 470.017371
-0.282783 -0.914657 -74.374756
-0.000790 -0.002427 1.000000
-0.857922 -0.628235 993.208156
-0.388411 -0.202473 -80.402567
-0.001373 -0.001053 1.000000
-0.597111 -0.748819 1006.368613
-0.238697 -0.365662 85.875582
-0.001082 -0.001230 1.000000
-0.775913 -0.175799 696.228284
-0.505841 -0.082387 -137.269352
-0.001457 -0.000584 1.000000
-0.248979 -0.962327 535.217223
-0.012933 -0.739097 -15.089200
-0.000408 -0.001973 1.000000
-0.221569 -0.507569 415.312397
-0.145624 -0.335413 -188.563790
-0.000884 -0.001606 1.000000
0.085362 -1.167653 391.652823
0.000109 -0.406038 -1.908618
-0.000187 -0.002192 1.000000
-0.599542 -0.421191 257.447307
-0.618004 -0.350986 59.417757
-0.001376 -0.001100 1.000000
-0.411609 -0.438608 207.870152
-0.323687 -0.486185 57.506761
-0.000943 -0.001360 1.000000
-0.006324 -0.509359 120.792326
0.014699 -0.470839 47.606774
-0.000231 -0.001913 1.000000
0.171412 -1.168426 -1151.791094
-0.076259 -1.127316 272.667320
-0.000055 -0.002697 1.000000
-0.134375 -0.538380 -74.935874
-0.119158 -0.495609 18.666183
-0.000683 -0.001704 1.000000
0.553688 -1.070583 441.227050
0.282991 0.091705 -151.440532
0.000345 -0.001884 1.000000
0.274079 -1.288165 479.733676
0.211279 -0.436132 -112.422418
0.000037 -0.002368 1.000000
-0.420871 -0.495810 10.817522
-0.465800 -0.461385 -80.226265
-0.001187 -0.001435 1.000000
-0.354699 -1.191258 258.339663
-0.111092 -0.868727 1.955650
-0.000494 -0.002141 1.000000
-0.198336 -0.559001 156.786779
-0.180061 -0.624351 105.299415
-0.000701 -0.001666 1.000000
-0.380532 -0.216728 -244.655135
-0.446334 -0.154317 297.469580
-0.001316 -0.000408 1.000000
-0.263872 -0.316219 5.987798
-0.264398 -0.322627 79.511809
-0.000945 -0.001353 1.000000
-0.485666 -0.378901 149.784231
-0.385893 -0.315406 -96.572240
-0.001112 -0.001160 1.000000
-0.047336 -1.160256 48.205802
-0.074542 -0.564425 48.314388
-0.000493 -0.002037 1.000000
-0.077991 -0.648110 114.757021
-0.121884 -0.550320 48.087633
-0.000528 -0.001805 1.000000
-0.205049 -0.545635 11.999273
-0.290767 -0.667897 220.590743
-0.000720 -0.001635 1.000000
-0.365099 -0.109004 -134.873764
-0.322583 -0.072321 8.155149
-0.001207 -0.000955 1.000000
0.468655 -1.720775 -349.500928
0.251723 -1.380486 353.328470
0.000240 -0.003327 1.000000
-0.418742 -0.302659 55.706536
-0.323945 -0.180636 36.765226
-0.001095 -0.001222 1.000000
0.276858 -0.990791 323.899566
0.124053 -0.474538 -68.515497
-0.000005 -0.002388 1.000000
0.155149 -1.029591 298.873769
-0.021368 -0.573500 -36.906777
-0.000150 -0.002435 1.000000
0.003087 -1.321745 429.045343
0.004540 -0.592931 -89.634154
-0.000255 -0.002477 1.000000
-0.247116 -0.999978 -135.775932
-0.204338 -0.641347 360.050271
-0.000546 -0.001867 1.000000
-0.125461 -0.442927 21.127131
-0.145402 -0.469122 -148.229611
-0.000659 -0.001837 1.000000
-0.422875 -0.434085 459.352070
-0.511519 -0.411383 -133.476176
-0.001207 -0.001085 1.000000
-0.721630 0.070165 269.798560
-0.485552 -0.203651 -33.351699
-0.001567 -0.000625 1.000000
-0.195904 -0.868993 -898.614922
-0.300519 -0.882700 265.834078
-0.000590 -0.001931 1.000000
-0.404153 -0.610774 785.785259
-0.254734 -0.426194 -34.851014
-0.000821 -0.001233 1.000000
-0.077499 -0.959139 -175.905273
0.092379 -0.947406 10.745071
-0.000068 -0.002540 1.000000
-0.244822 -0.234499 -20.685635
-0.290651 -0.324400 24.006420
-0.000935 -0.001275 1.000000
-0.303098 -0.580681 253.946096
-0.320695 -0.610411 12.045061
-0.000916 -0.001709 1.000000
-0.055460 -1.190682 -545.447425
-0.117248 -1.005330 639.183035
-0.000193 -0.002651 1.000000
-0.479980 -0.275623 -317.457454
-0.573830 -0.450855 725.814870
-0.001235 -0.001006 1.000000
-0.225260 -0.898009 838.530219
-0.186473 -0.861771 -794.512516
-0.000455 -0.001938 1.000000
-0.561692 -0.888474 1241.746838
-0.455064 -0.672176 625.702603
-0.001012 -0.001410 1.000000
-0.052642 -1.153849 -14.106231
-0.177134 -1.200295 99.200366
-0.000328 -0.002565 1.000000
-0.065856 -0.565811 -238.760500
-0.173322 -0.695340 145.435189
-0.000572 -0.001792 1.000000
0.250410 -2.166501 1426.457829
0.325693 -1.924779 -1041.280268
0.000842 -0.004081 1.000000
-1.020114 0.227259 3305.752162
-1.086120 -0.193780 1138.423192
-0.002331 0.000585 1.000000
-0.513373 -1.268556 965.577796
-0.004079 -0.594396 9.517476
-0.000373 -0.002216 1.000000
-0.658257 -0.856184 1592.260011
-0.437286 -0.533312 120.972593
-0.001039 -0.001498 1.000000
-0.607954 -0.934160 927.698022
-0.148393 -0.326420 59.074001
-0.000793 -0.001347 1.000000
-0.816159 -0.992816 989.483019
-0.202758 -0.234395 -0.825042
-0.000979 -0.001181 1.000000
-0.821835 -0.800992 1015.654554
-0.318760 -0.381923 -41.124656
-0.001092 -0.001249 1.000000
-0.440493 -1.235039 904.921991
-0.095157 -0.372424 10.393554
-0.000594 -0.001718 1.000000
-0.557921 -1.649776 1028.996897
-0.126060 -0.754935 -12.953026
-0.000603 -0.002183 1.000000
-0.387124 -0.805810 827.702163
-0.364939 -1.262194 299.244275
-0.000823 -0.002135 1.000000
-0.406365 -0.462986 -90.055919
-0.319448 -0.465485 748.480042
-0.000892 -0.001215 1.000000
-0.724164 -0.301047 435.039017
-0.269913 -0.181028 -141.903451
-0.001175 -0.000967 1.000000
0.118139 -1.986645 1359.655650
-0.041095 -1.164579 1533.118339
0.000255 -0.003062 1.000000
-0.722439 -0.385606 -446.951439
-0.711596 -0.243862 303.816341
-0.001620 -0.000343 1.000000
-0.521040 -1.164238 862.805037
-0.280435 -0.580940 14.309877
-0.000792 -0.001657 1.000000
-0.633707 -0.886176 952.695773
-0.257422 -0.284624 -34.683481
-0.000814 -0.001376 1.000000
-0.641582 -0.524627 818.523736
-0.335305 -0.441533 25.196509
-0.001054 -0.001068 1.000000
1.352763 -3.557230 1639.450910
0.213675 -0.895331 -743.293640
0.001397 -0.004619 1.000000
-0.668770 -0.431948 1032.675339
-0.682885 -0.405761 1234.645747
-0.001321 -0.001026 1.000000
-0.755225 -0.410557 565.294451
-0.648234 -0.529362 997.243940
-0.001414 -0.000597 1.000000
-0.757497 -0.763975 943.306426
-0.237141 -0.198581 -25.659764
-0.001119 -0.001096 1.000000
0.349869 -1.249222 -2060.239392
0.742337 -2.466493 570.841739
0.001251 -0.004478 1.000000
-0.709965 -1.077672 1095.699456
-0.202886 -0.352144 -141.319150
-0.000961 -0.001403 1.000000
-0.335156 -1.420784 806.013068
0.017827 -0.626236 -247.059142
-0.000242 -0.002314 1.000000
-0.187186 -1.209200 256.633020
-0.114760 -0.577192 80.461682
-0.000495 -0.002144 1.000000
-0.639404 -1.178925 1087.625147
-0.239364 -0.153149 -6.882396
-0.000872 -0.001401 1.000000
-0.643390 -0.882039 877.512800
-0.157240 -0.275658 -7.957924
-0.000961 -0.001209 1.000000
-0.380561 -0.906390 621.547996
-0.105939 -0.733065 -390.016110
-0.000619 -0.002263 1.000000
-0.543946 -1.028801 879.823480
-0.181534 -0.550147 20.928693
-0.000691 -0.001715 1.000000
-0.485578 -0.617758 753.985285
-0.224005 -0.386914 -13.519443
-0.001012 -0.001226 1.000000
-0.578864 -0.864319 808.639486
-0.319145 -0.619035 104.585360
-0.000959 -0.001921 1.000000
-0.345238 -0.780875 592.531375
-0.219203 -0.553041 -76.684095
-0.000841 -0.001819 1.000000
-0.635343 -0.764478 806.890170
-0.189692 -0.418824 50.727322
-0.000943 -0.001285 1.000000
-0.734168 -0.432928 859.760585
-0.369980 -0.224110 -121.860451
-0.001339 -0.000973 1.000000
-0.771532 -0.896103 996.529963
-0.215560 -0.168347 58.300121
-0.001025 -0.001073 1.000000
-0.634432 -1.297238 915.060773
-0.020118 -1.002686 -4.754085
-0.000845 -0.001913 1.000000
-0.750734 -0.417535 1064.991725
-0.478036 -0.177635 124.295514
-0.001314 -0.000873 1.000000
-0.924861 -0.515730 1006.575947
-0.375421 -0.145108 -81.140803
-0.001360 -0.000792 1.000000
0.011576 -1.609912 -331.778458
-0.056635 -1.037502 15.952450
-0.000085 -0.002705 1.000000
-0.719795 -0.579589 747.157997
-0.422515 -0.631843 10.637597
-0.001373 -0.001181 1.000000
-0.574557 -0.851469 872.838740
-0.244396 -0.485788 -4.857551
-0.000799 -0.001420 1.000000
-0.309851 -1.328398 915.444448
-0.002916 -0.486141 -62.265887
-0.000364 -0.001877 1.000000
-0.740881 -0.606659 298.587127
-0.287750 -0.178136 -13.016746
-0.001393 -0.001127 1.000000
-0.488916 -1.074169 806.800550
-0.139146 -0.514541 -76.960203
-0.000679 -0.001732 1.000000
-0.306942 -1.184355 800.222234
-0.079471 -0.478864 39.821780
-0.000524 -0.001698 1.000000
-0.134311 -1.033692 566.802849
-0.200329 -1.064339 113.308130
-0.000527 -0.002197 1.000000
-0.613387 -0.977092 719.787401
-0.324478 -0.542149 81.553089
-0.000886 -0.001377 1.000000
-0.751973 -0.406992 302.328364
-0.549431 -0.307370 34.664310
-0.001492 -0.000712 1.000000
-0.645398 -1.287046 539.241523
-0.354437 -0.963188 -2.673713
-0.000988 -0.001966 1.000000
-0.313132 -1.129261 616.479784
-0.122544 -0.432161 -48.568788
-0.000501 -0.001781 1.000000
-0.297334 -1.188296 720.255328
-0.143821 -0.555042 39.176047
-0.000535 -0.001930 1.000000
-0.431057 -0.795137 634.630368
-0.179059 -0.508495 35.089974
-0.000614 -0.001673 1.000000
-0.591364 -0.511506 636.495500
-0.361714 -0.293334 -121.349523
-0.001323 -0.000957 1.000000
-0.398942 -0.761662 483.816962
-0.225889 -0.265736 -121.246546
-0.000892 -0.001408 1.000000
-0.198864 -0.967424 571.457257
-0.187637 -0.813863 112.767919
-0.000508 -0.001983 1.000000
-0.302999 -1.331425 591.088689
-0.073323 -1.091441 107.239976
-0.000514 -0.002232 1.000000
-0.410197 -1.022451 522.388591
-0.349964 -0.935540 173.678367
-0.000753 -0.001899 1.000000
-0.469100 -0.642031 607.403078
-0.554729 -0.801451 131.410958
-0.001223 -0.001624 1.000000
-0.773234 -0.907106 1099.073269
-0.242066 -0.384826 -56.257585
-0.000998 -0.001239 1.000000
-0.395573 -1.200225 436.502428
-0.029025 -0.365462 -176.037851
-0.000622 -0.001907 1.000000
-0.561645 -0.879855 797.532695
-0.090970 -0.285330 -25.873020
-0.000826 -0.001296 1.000000
-0.022738 -1.308774 551.513695
0.127027 -0.869479 -328.101477
-0.000046 -0.002603 1.000000
-0.576554 -0.995798 807.589430
-0.266983 -0.435307 23.441671
-0.001064 -0.001554 1.000000
-0.831915 -0.603672 666.134833
-0.439952 -0.091021 -103.611120
-0.001439 -0.000846 1.000000
-0.359417 -1.052822 333.006657
-0.294645 -0.920384 54.550442
-0.000799 -0.002009 1.000000
-0.390815 -1.174111 605.857218
-0.125476 -0.935515 -5.473723
-0.000524 -0.002196 1.000000
-0.211182 -1.228316 1007.775566
-0.171503 -1.536631 210.472919
-0.000215 -0.002681 1.000000
-0.403299 -1.135416 348.783785
-0.322636 -1.134713 123.797262
-0.000699 -0.002164 1.000000
0.143501 -1.454171 162.729605
0.001125 -1.249269 56.485025
-0.000211 -0.002748 1.000000
0.005805 -1.045073 276.598765
0.113499 -0.586812 -91.561116
-0.000209 -0.002245 1.000000
-0.221241 -0.897305 251.836112
-0.168786 -0.649327 48.558012
-0.000625 -0.001668 1.000000
1.000000 0.000000 -0.000000
0.000000 1.000000 0.000000
0.000000 -0.000000 1.000000
-0.212203 -1.223662 502.090436
-0.022459 -0.556810 -73.046550
-0.000241 -0.002412 1.000000
-0.647810 -0.443906 739.558536
-0.208666 -0.232529 54.097389
-0.000954 -0.000866 1.000000
-0.211669 -0.886231 107.541032
-0.128217 -0.669798 6.205394
-0.000704 -0.001940 1.000000
-0.055207 -1.069178 256.674047
0.064294 -0.848565 -72.394269
-0.000336 -0.002239 1.000000
-0.208375 -1.344382 280.159805
-0.106393 -1.170188 52.780887
-0.000390 -0.002555 1.000000
-0.566020 -0.762152 657.388248
-0.272488 -0.418522 -50.562316
-0.000980 -0.001370 1.000000
-0.156957 -0.837891 278.115638
-0.180363 -0.683569 35.989290
-0.000760 -0.001703 1.000000
-0.209419 -0.705775 137.256743
-0.145222 -0.551088 16.075068
-0.000742 -0.001639 1.000000
-0.196833 -1.040280 435.777055
-0.284512 -1.143811 103.078692
-0.000591 -0.002117 1.000000
-0.347805 -0.260175 86.823992
-0.235681 -0.254023 -22.477046
-0.000980 -0.001222 1.000000
-0.115400 -1.380029 596.881501
0.144437 -0.902278 -262.254482
-0.000294 -0.002346 1.000000
-0.238370 -0.882763 138.294653
-0.358300 -0.681207 140.979655
-0.000634 -0.001704 1.000000
-0.408856 -0.828154 711.506822
-0.161988 -0.645559 -2.207174
-0.000718 -0.001761 1.000000
