-0.280991 -0.981750 677.719984
-0.094081 -0.552489 -50.650768
-0.000546 -0.001967 1.000000
-0.395849 -0.792508 657.217229
-0.254799 -0.534587 -60.203891
-0.000939 -0.001590 1.000000
-0.294649 -1.028145 345.270737
-0.134486 -0.669968 71.592870
-0.000396 -0.001874 1.000000
-0.149081 -0.922588 164.385756
-0.146698 -0.548110 68.472964
-0.000536 -0.001834 1.000000
-0.213077 -0.575403 297.946860
-0.107183 -0.604468 -136.671572
-0.000565 -0.001812 1.000000
0.118489 -0.996666 85.627699
-0.126319 -0.738432 43.813590
-0.000247 -0.002251 1.000000
-0.011319 -0.682548 190.916278
-0.019114 -0.350181 -76.714488
-0.000487 -0.001639 1.000000
0.066841 -0.733423 38.578292
-0.064439 -0.834259 2.326976
-0.000519 -0.002090 1.000000
-0.166365 -0.715177 -2.726006
-0.202005 -0.696581 -171.914412
-0.000587 -0.001757 1.000000
-0.487206 -0.942559 818.654018
-0.112207 -0.503535 16.198806
-0.000658 -0.001497 1.000000
-0.237446 -0.935371 576.534224
-0.098111 -0.421158 -43.379192
-0.000412 -0.001726 1.000000
-0.081873 -0.772778 41.994300
-0.098800 -0.618021 63.989782
-0.000583 -0.001849 1.000000
-0.162602 -1.053937 657.618215
-0.051758 -0.510666 -61.694017
-0.000337 -0.001900 1.000000
-0.223637 -1.522252 939.870416
0.058008 -0.872062 -437.141963
-0.000292 -0.002525 1.000000
-0.170443 -0.669201 488.128492
-0.280569 -0.743822 95.262968
-0.000653 -0.001782 1.000000
0.094214 -0.886962 256.626208
-0.077016 -0.814333 59.979354
-0.000327 -0.002067 1.000000
-0.059988 -0.929026 329.990607
-0.085018 -0.590273 -2.550005
-0.000478 -0.001831 1.000000
-0.149555 -0.754028 216.035120
-0.109644 -0.646554 42.006840
-0.000544 -0.001873 1.000000
-0.207413 -0.615217 247.693171
-0.239056 -0.643435 0.578528
-0.000832 -0.001569 1.000000
-0.123829 -1.091771 140.159202
-0.168037 -0.855687 32.144594
-0.000602 -0.002094 1.000000
0.044469 -1.057423 141.086858
-0.044079 -0.751990 27.894008
-0.000093 -0.002228 1.000000
1.586817 -4.898762 -305.856627
0.858750 -2.877545 -957.408232
0.002223 -0.006432 1.000000
0.177335 -1.358635 632.842717
-0.098388 -0.992803 -633.143841
-0.000114 -0.002445 1.000000
-0.110636 -0.888885 203.415785
-0.020524 -0.912270 81.810486
-0.000543 -0.002047 1.000000
-0.212313 -0.863662 392.332171
-0.127520 -0.891893 13.759269
-0.000500 -0.002123 1.000000
-0.189170 -0.938856 271.142660
-0.178541 -0.722308 57.804631
-0.000469 -0.001962 1.000000
-0.155261 -0.641467 146.904934
-0.162633 -0.541265 106.464383
-0.000643 -0.001639 1.000000
-0.018459 -0.521330 129.050035
-0.189385 -0.568958 104.669833
-0.000452 -0.001610 1.000000
-0.280457 -0.692316 276.829834
-0.140889 -0.644023 75.655066
-0.000761 -0.001497 1.000000
-0.083694 -0.692664 486.134324
-0.060776 -1.435869 112.390615
-0.000306 -0.002450 1.000000
-0.155712 -1.327320 349.811443
-0.076435 -0.742389 -198.376230
-0.000481 -0.002240 1.000000
-0.088280 -1.552317 504.911272
0.060852 -1.200026 -192.994592
0.000006 -0.002567 1.000000
-0.335906 -0.697638 521.614162
0.069750 -0.676775 -545.323023
-0.000501 -0.001984 1.000000
-0.187048 -1.003272 757.405798
-0.008513 -0.877588 -30.310709
-0.000298 -0.002205 1.000000
-0.197326 -1.055276 291.816208
0.010277 -1.627613 132.911250
-0.000384 -0.002619 1.000000
-0.169649 -0.950983 341.359268
-0.279380 -0.785066 -11.380320
-0.000697 -0.001850 1.000000
0.385057 -1.848099 922.711840
0.494468 -1.549782 -224.560975
0.000613 -0.003514 1.000000
0.030718 -0.902773 295.331491
-0.086170 -0.609286 -97.762469
-0.000245 -0.002038 1.000000
-0.392667 -0.319968 99.856800
-0.295779 -0.314941 -41.435646
-0.001158 -0.000899 1.000000
-0.167178 -0.529514 268.047134
-0.222651 -0.540808 -36.749906
-0.000764 -0.001734 1.000000
-0.917570 0.020316 1531.885399
-0.560108 0.094690 -35.943692
-0.001858 0.000003 1.000000
0.015029 -1.173428 219.115596
0.116554 -1.096003 -134.459659
-0.000339 -0.002341 1.000000
-0.175437 -0.507519 240.675433
-0.195292 -0.618619 3.033723
-0.000706 -0.001694 1.000000
-0.260888 -0.391419 209.787634
-0.087488 -0.414080 -73.662207
-0.000932 -0.001302 1.000000
-0.103871 -0.599119 56.768079
-0.048327 -0.355593 -276.048248
-0.000651 -0.001560 1.000000
-0.207768 -0.668545 412.090032
-0.171264 -0.489761 5.480041
-0.000714 -0.001593 1.000000
-0.348723 -0.478118 316.930516
-0.281697 -0.404203 -52.234234
-0.001074 -0.001218 1.000000
-1.039619 0.759276 -1261.816072
-0.829282 0.600194 197.862927
-0.002732 0.001611 1.000000
0.125223 -0.864858 597.509593
0.110089 -0.922450 -233.806668
0.000179 -0.003024 1.000000
-0.105392 -0.752931 130.193545
-0.153075 -0.605723 -63.493137
-0.000669 -0.001844 1.000000
-0.212160 -0.705548 735.898590
-0.154021 -0.677046 52.214746
-0.000560 -0.001931 1.000000
-0.244461 -0.831169 1171.433499
-0.156197 -0.790481 -12.068308
-0.000465 -0.002392 1.000000
-0.548621 -0.810779 415.812281
-0.361973 -0.555247 84.153565
-0.000968 -0.001323 1.000000
-0.509579 -0.586132 402.840676
-0.384980 -0.607540 -51.835303
-0.001023 -0.001461 1.000000
-0.542598 -0.563891 442.035518
-0.271118 -0.411676 -115.609938
-0.001156 -0.001010 1.000000
0.802898 -2.953596 2876.876785
0.676245 -2.353556 235.104528
0.001798 -0.005690 1.000000
-0.511742 -0.767561 595.195346
-0.147397 -0.424567 -193.663519
-0.001041 -0.001458 1.000000
-0.476391 -0.520500 681.458470
-0.282683 -0.453733 -74.886155
-0.001016 -0.001476 1.000000
-0.170137 -0.482728 178.182789
-0.161937 -0.576890 8.421381
-0.000776 -0.001599 1.000000
-0.862941 0.265322 671.719542
-0.886842 0.321359 -496.565326
-0.002504 0.000582 1.000000
-0.249135 -0.598445 -34.636371
-0.161020 -0.408935 -304.038678
-0.000751 -0.001488 1.000000
-0.261543 -0.362316 103.211316
-0.169165 -0.275633 -73.126011
-0.001004 -0.001084 1.000000
-0.315151 -0.390873 -38.693485
-0.140965 -0.186733 -112.603199
-0.001080 -0.001169 1.000000
-0.194432 -0.688218 1000.739983
-0.109263 -1.348489 19.987451
-0.000196 -0.003016 1.000000
-0.523929 -0.641426 1125.517834
-0.082125 -0.381312 -230.636366
-0.000483 -0.001753 1.000000
-0.269198 -0.751971 597.063058
-0.190460 -0.687916 -14.890277
-0.000622 -0.001883 1.000000
-0.366011 -0.764638 528.428425
-0.241536 -0.494505 -19.996401
-0.000663 -0.001546 1.000000
-0.209475 -0.756003 392.832854
-0.265466 -0.779368 -138.092271
-0.000732 -0.002021 1.000000
-0.510849 -0.704948 147.338861
-0.332335 -0.333939 -100.971745
-0.001400 -0.000914 1.000000
-0.335558 -0.816964 564.061497
-0.341667 -0.776946 -27.124758
-0.000944 -0.001851 1.000000
-0.454992 -0.667833 359.538930
-0.329491 -0.580961 11.281032
-0.000957 -0.001398 1.000000
-0.595501 -0.942619 678.703093
-0.334921 -0.497202 -16.652001
-0.000981 -0.001454 1.000000
-0.282401 -0.248992 -142.035509
-0.168349 -0.246480 -28.278849
-0.001032 -0.001150 1.000000
-0.054106 -1.361979 1032.154394
-0.019140 -0.799742 -242.742271
-0.000181 -0.002353 1.000000
-0.226031 -1.065548 371.250905
-0.093421 -0.746091 -68.696843
-0.000457 -0.001954 1.000000
-0.179299 -0.923918 597.896207
-0.052214 -0.866599 -31.447580
-0.000379 -0.002217 1.000000
-0.155222 -0.449408 -24.707760
-0.156809 -0.390193 -29.190690
-0.000792 -0.001466 1.000000
-0.302205 -0.597719 -183.759516
-0.197961 -0.519118 207.283607
-0.000817 -0.001410 1.000000
-0.415769 -1.303341 577.405324
-0.305369 -0.947662 127.266479
-0.000731 -0.001994 1.000000
-0.116601 -0.875477 108.774498
-0.020768 -0.974730 -45.339029
-0.000219 -0.002311 1.000000
-0.483848 -0.861774 616.373027
-0.403887 -0.656616 61.631893
-0.001036 -0.001395 1.000000
-0.385590 -0.855118 560.098914
-0.201766 -0.776823 41.362841
-0.000817 -0.001941 1.000000
-0.328531 -0.917248 275.490086
-0.227310 -0.714852 -25.470938
-0.000740 -0.001722 1.000000
-0.447589 -0.693158 762.555833
-0.321068 -0.353879 -138.679996
-0.001146 -0.001141 1.000000
-0.150020 -0.434802 121.128828
-0.040562 -0.365699 -15.317213
-0.000721 -0.001506 1.000000
-0.185914 -0.761979 239.005580
-0.119153 -0.335684 38.663731
-0.000597 -0.001510 1.000000
-0.509136 -0.940735 273.186711
-0.197730 -0.884908 -103.135170
-0.001024 -0.001764 1.000000
-0.409964 -1.046747 515.716374
-0.245765 -0.662757 -168.189242
-0.000847 -0.001713 1.000000
-0.195632 -0.645958 128.310228
-0.111506 -0.276526 68.729554
-0.000738 -0.001468 1.000000
-0.327225 -1.215691 524.897974
-0.202679 -0.725903 -8.480582
-0.000513 -0.001933 1.000000
-0.547591 -0.987972 621.076782
-0.346556 -0.549826 97.188223
-0.000948 -0.001393 1.000000
-0.173307 -1.361014 319.946568
-0.093920 -0.887796 -25.352861
-0.000423 -0.002335 1.000000
-0.522926 -0.724547 200.308555
-0.363266 -0.512645 246.572631
-0.000886 -0.001360 1.000000
-0.417342 -0.922856 284.133791
-0.313303 -0.441868 -59.756805
-0.001106 -0.001480 1.000000
-0.249388 -0.596952 65.880409
-0.163962 -0.382722 74.272305
-0.000930 -0.001540 1.000000
0.093420 -1.465063 1341.623919
0.238101 -1.210218 -177.866464
0.000151 -0.002938 1.000000
-0.468686 -0.839228 161.160106
-0.194268 -0.496923 50.169415
-0.000875 -0.001633 1.000000
-0.213130 -0.770018 -31.933574
-0.163463 -0.601361 1.505210
-0.000658 -0.001728 1.000000
-0.721147 -0.789985 834.082852
-0.441642 -0.371584 -81.904621
-0.001258 -0.001057 1.000000
-0.237428 -1.224752 529.841143
-0.131579 -0.663028 -62.206876
-0.000536 -0.002030 1.000000
-0.488774 -0.693807 428.101306
-0.499960 -0.488664 45.175523
-0.001141 -0.001254 1.000000
-0.430444 -0.670152 518.864537
-0.247915 -0.561444 -91.686500
-0.000768 -0.001533 1.000000
-0.309436 -0.831686 559.709307
-0.231140 -0.913619 112.463039
-0.000618 -0.001928 1.000000
-0.437067 -0.945353 470.546331
-0.395725 -0.714272 -98.168204
-0.001045 -0.001733 1.000000
-0.561723 -0.508754 447.137547
-0.425723 -0.247886 -148.653138
-0.001294 -0.000968 1.000000
-0.180478 -0.799225 498.631233
-0.270365 -0.864705 55.310711
-0.000673 -0.002112 1.000000
-0.040619 -0.831323 73.240806
-0.143822 -0.727237 27.906534
-0.000609 -0.002052 1.000000
-0.249410 -1.495886 623.374659
-0.073404 -0.867912 7.219474
-0.000536 -0.002086 1.000000
-0.527785 -0.769214 724.493132
-0.310819 -0.448603 109.079388
-0.000914 -0.001303 1.000000
-0.404999 -0.995717 308.494006
-0.258335 -0.805284 15.444055
-0.000778 -0.001683 1.000000
-0.458255 -0.872920 241.294562
-0.159405 -0.480809 -148.123147
-0.000879 -0.001545 1.000000
-0.226545 -0.798385 324.217204
-0.147398 -1.091784 -47.044904
-0.000593 -0.002099 1.000000
-0.181782 -1.879332 612.517969
0.152743 -1.216704 -167.371895
-0.000076 -0.002940 1.000000
-0.097613 -1.321140 913.232089
-0.093348 -0.497763 -1.137651
-0.000325 -0.001806 1.000000
-0.519063 -0.622002 885.039206
-0.299159 -0.382751 -5.720363
-0.001177 -0.001220 1.000000
-0.264476 -1.014746 110.790716
0.011147 -0.792846 -67.444750
-0.000380 -0.002262 1.000000
-0.362477 -1.093924 401.501937
-0.316793 -0.712489 28.430122
-0.000756 -0.001796 1.000000
0.199675 -1.987852 365.431251
0.206191 -1.429378 -166.098601
0.000087 -0.003170 1.000000
-0.416015 -0.816855 378.426368
-0.145983 -0.522067 -149.630299
-0.000855 -0.001534 1.000000
-0.078714 -1.024752 186.597004
0.009873 -1.183908 175.238085
0.000006 -0.002440 1.000000
-0.071667 -1.063065 316.508394
-0.009471 -0.669231 -84.887986
-0.000373 -0.002094 1.000000
-0.551213 -1.431733 670.597276
-0.247736 -0.926546 85.216328
-0.000720 -0.001905 1.000000
-0.513412 -1.398896 891.135037
-0.026749 -0.945537 24.620143
-0.000490 -0.002088 1.000000
-0.756668 -1.168959 728.176376
-0.161955 -0.839532 -154.945629
-0.000899 -0.001838 1.000000
-0.839942 -1.039607 776.818665
-0.349090 -0.676357 74.786847
-0.001040 -0.001475 1.000000
-0.280242 -1.093856 761.828725
-0.174980 -1.173791 155.511127
-0.000238 -0.002279 1.000000
-0.506364 -0.952594 804.088429
-0.323640 -0.547463 75.929106
-0.000973 -0.001327 1.000000
-0.295106 -0.955181 897.645597
-0.177939 -0.778944 208.075968
-0.000526 -0.001753 1.000000
-0.466459 -0.947311 821.582671
-0.308321 -0.731858 129.846926
-0.000724 -0.001566 1.000000
-0.195573 -1.104599 577.363715
-0.225819 -0.998458 50.340336
-0.000354 -0.002051 1.000000
-0.291164 -0.595854 438.585980
-0.279522 -0.618251 35.496752
-0.000765 -0.001397 1.000000
-0.175688 -0.906607 497.209549
-0.185662 -1.247807 3.992499
-0.000553 -0.002407 1.000000
0.048912 -1.485156 87.609108
0.187783 -1.817212 -56.906056
0.000004 -0.003161 1.000000
-0.643734 -0.693426 734.235661
-0.381771 -0.465602 -235.950759
-0.001138 -0.001018 1.000000
-0.327078 -1.052496 598.821897
-0.232995 -0.888703 92.397774
-0.000497 -0.001971 1.000000
-0.127485 -1.086785 545.268516
0.197055 -0.975410 -204.353562
0.000123 -0.002667 1.000000
-0.555914 -1.035070 771.031950
-0.335888 -0.405673 -18.029664
-0.001029 -0.001372 1.000000
-0.190836 -0.702810 246.496369
-0.148073 -0.629539 104.233163
-0.000507 -0.001795 1.000000
-0.249335 -1.252638 639.105578
-0.140905 -0.669983 -28.386321
-0.000477 -0.002003 1.000000
0.283004 -1.747363 1219.522297
0.112685 -0.920290 -262.300923
0.000220 -0.002799 1.000000
-0.426792 -1.261667 1076.602614
0.044074 -0.318689 20.052961
-0.000465 -0.001651 1.000000
-0.412136 -0.875523 338.560856
-0.093942 -0.772264 -169.244579
-0.000923 -0.001932 1.000000
0.137217 -1.557171 302.971161
0.026112 -1.158146 -133.965429
0.000018 -0.003193 1.000000
-0.478961 -1.228016 930.531139
-0.118651 -0.674344 -117.227573
-0.000559 -0.001993 1.000000
-0.332476 -1.443072 1099.809940
-0.006576 -0.699620 -56.829586
-0.000294 -0.002100 1.000000
-0.681480 -0.406128 199.365101
-0.404477 -0.370728 -129.775005
-0.001297 -0.000915 1.000000
-0.070527 -0.982847 547.091708
-0.121816 -1.306919 -50.011796
-0.000345 -0.002540 1.000000
-0.393230 -0.997641 323.566653
-0.076220 -0.875511 -80.925747
-0.000750 -0.002098 1.000000
-0.261062 -0.822632 247.630981
-0.084916 -0.654440 34.091647
-0.000493 -0.001835 1.000000
-0.636550 -0.592376 -444.373844
-0.472584 -0.327391 -152.256739
-0.001547 -0.000769 1.000000
0.185130 -1.727669 -429.846137
0.131470 -1.207926 -221.619702
0.000469 -0.003555 1.000000
-0.715420 -0.627236 888.125575
-0.252108 -0.338757 -87.191059
-0.001201 -0.001018 1.000000
0.063503 -1.867225 -61.410389
0.327522 -1.202549 -311.355004
0.000465 -0.003637 1.000000
-0.307948 -0.906101 250.783324
-0.195370 -0.604512 -68.591274
-0.000703 -0.001768 1.000000
-0.754045 -0.768007 835.595534
-0.291454 -0.577417 68.417262
-0.001142 -0.001289 1.000000
-0.633803 -1.205084 1036.130008
-0.108350 -0.474758 18.431002
-0.000636 -0.001751 1.000000
-0.546414 -1.516514 628.660265
-0.138090 -0.834158 -187.914764
-0.000473 -0.002332 1.000000
-0.330442 -1.364034 1355.541826
-0.002078 -0.546463 92.421187
-0.000223 -0.002311 1.000000
-0.257390 -1.722514 1121.561612
0.122541 -0.588158 -72.560229
-0.000110 -0.002352 1.000000
-0.250415 -0.887752 392.795388
-0.044356 -1.074278 160.242262
-0.000366 -0.002048 1.000000
-0.431306 -0.803597 445.831496
-0.243155 -0.831582 124.863643
-0.000776 -0.001668 1.000000
-0.446523 -1.040015 984.081526
-0.195312 -0.567493 36.154324
-0.000548 -0.001942 1.000000
-0.177318 -1.057876 317.822775
-0.113281 -0.636913 -41.367495
-0.000521 -0.001855 1.000000
-0.087504 -0.903443 288.784844
-0.172370 -0.819770 47.671773
-0.000491 -0.002099 1.000000
-0.036219 -0.622532 256.019526
-0.053217 -0.587264 118.677010
-0.000286 -0.001791 1.000000
-0.137710 -0.777456 231.595259
-0.196736 -0.839905 170.710248
-0.000488 -0.001967 1.000000
-0.564747 -0.612917 -244.354215
-0.454551 -0.809040 -165.265746
-0.000959 -0.001386 1.000000
0.041642 -0.605313 129.109221
-0.128530 -0.426630 96.087578
-0.000576 -0.001619 1.000000
-0.416974 -0.828168 666.364342
-0.253455 -0.604152 36.588854
-0.000892 -0.001730 1.000000
-0.372004 -1.096674 367.068571
-0.240173 -0.974071 48.400481
-0.000553 -0.002211 1.000000
0.087866 -2.171482 377.799914
0.260166 -1.850683 -52.665568
0.000546 -0.003722 1.000000
-0.464722 -0.859732 767.038275
-0.300510 -0.878976 181.980696
-0.000827 -0.001696 1.000000
-0.093313 -0.533075 171.855787
-0.213161 -0.629612 205.830222
-0.000515 -0.001694 1.000000
0.021341 -0.617752 117.405778
-0.185011 -0.497603 77.948858
-0.000506 -0.001756 1.000000
-0.095230 -0.666681 199.283229
-0.165045 -0.593503 166.385025
-0.000515 -0.001836 1.000000
-0.120888 -0.643393 280.969826
-0.170786 -0.508667 187.743994
-0.000498 -0.001533 1.000000
-0.147089 -0.628937 238.511462
-0.125657 -0.600496 214.090713
-0.000509 -0.001522 1.000000
-0.435129 -0.818576 333.966232
-0.281002 -0.723111 271.283209
-0.000698 -0.001706 1.000000
0.016672 -0.371968 185.153709
-0.267871 -0.019324 155.249813
-0.000686 -0.001035 1.000000
-0.212504 -0.486235 185.470082
-0.155177 -0.245030 103.765432
-0.000717 -0.001358 1.000000
-0.536467 -1.142333 444.163067
-0.039989 -1.658604 341.853659
-0.000415 -0.002788 1.000000
-0.404875 -1.007098 435.760921
-0.040712 -1.136952 244.638076
-0.000430 -0.002253 1.000000
-0.368032 -0.766148 401.494922
-0.185635 -0.744281 86.408288
-0.000694 -0.001673 1.000000
-0.419588 -1.064136 659.989735
-0.220729 -0.669119 -108.704944
-0.000808 -0.001867 1.000000
2.276910 -4.113321 -1416.491417
1.491495 -2.196093 -225.469325
0.003958 -0.006708 1.000000
-0.151757 -0.512944 214.666898
-0.188655 -0.195949 88.011068
-0.000721 -0.001369 1.000000
-0.618459 -0.256332 185.421912
-0.291844 -0.182851 150.803110
-0.001077 -0.001001 1.000000
0.023277 -0.446850 167.569272
-0.053428 -0.329198 97.825016
-0.000333 -0.001567 1.000000
-0.292473 -0.884995 324.552630
-0.031764 -1.047053 144.468301
-0.000441 -0.002250 1.000000
-2.498202 0.465672 593.066551
-0.677541 -0.597440 539.408303
-0.002739 -0.000041 1.000000
-0.483022 -0.958541 452.263986
-0.380635 -0.933673 418.808232
-0.000764 -0.001615 1.000000
-0.565393 -0.651744 287.816825
-0.256238 -0.395869 153.949146
-0.000924 -0.001374 1.000000
-0.119590 -0.287348 82.557764
-0.043509 -0.289990 44.379041
-0.000485 -0.001612 1.000000
-0.396618 -0.659714 210.559369
-0.179545 -0.473661 77.100195
-0.000864 -0.001547 1.000000
-0.138894 -0.954227 -607.522074
-0.165172 -1.164897 366.579790
-0.000168 -0.002617 1.000000
-0.175706 -0.583803 -629.359954
-0.437100 -0.696974 823.741939
-0.000910 -0.001356 1.000000
0.788824 -1.880466 85.222389
0.420178 -2.080246 -729.958320
0.001779 -0.005068 1.000000
-0.131116 -1.907868 1571.450539
-0.117614 -1.095968 41.446202
-0.000023 -0.002403 1.000000
-0.949716 -0.477162 352.615721
-0.329838 -0.733047 412.444964
-0.001238 -0.001113 1.000000
-0.620563 -0.427937 237.269474
-0.436882 -0.350708 238.884662
-0.001090 -0.001097 1.000000
0.509767 -1.496317 716.429192
0.336282 -1.871780 -112.730877
0.001234 -0.003804 1.000000
0.330841 -1.332066 1075.704820
0.114579 -1.945292 -693.180551
0.000625 -0.003552 1.000000
-0.476077 -1.150961 940.134462
-0.144234 -0.819637 37.078479
-0.000643 -0.002155 1.000000
-0.150259 -1.933128 186.601211
-0.152115 -1.276748 1384.662914
-0.000306 -0.002602 1.000000
-0.066617 -1.432134 972.029397
-0.023318 -0.668875 46.240327
-0.000069 -0.002331 1.000000
-0.232523 -1.363130 954.388616
-0.075520 -0.615748 29.926380
-0.000375 -0.002073 1.000000
-0.091421 -1.614510 699.063211
0.079487 -1.262466 -317.329180
-0.000012 -0.002827 1.000000
-0.524725 -1.146350 925.987350
-0.107014 -0.468300 22.218151
-0.000725 -0.001502 1.000000
-0.583362 -0.991367 974.076160
-0.198954 -0.397321 134.188522
-0.000777 -0.001407 1.000000
-0.455191 -1.203858 1038.871562
-0.140554 -0.844408 24.354241
-0.000684 -0.002003 1.000000
-1.709141 1.477837 2173.109220
-1.794967 0.917999 5295.378797
-0.003940 0.002588 1.000000
-0.098217 -1.288612 528.953803
0.009319 -0.819866 -140.468731
-0.000269 -0.002359 1.000000
-0.400232 -1.346615 1349.595542
-0.228850 -0.916742 254.448863
-0.000445 -0.002005 1.000000
4.105165 -10.484175 2318.169594
2.979675 -9.758814 -5797.009453
0.011366 -0.021358 1.000000
-0.301985 -1.321769 878.901027
-0.133400 -0.872827 185.423964
-0.000513 -0.001927 1.000000
-0.429477 -1.383825 1035.814457
-0.074700 -0.307759 84.104392
-0.000475 -0.001595 1.000000
-0.252973 -1.312129 780.372420
-0.094916 -0.555666 -43.909669
-0.000360 -0.001966 1.000000
0.564416 -2.306446 1338.703639
0.573479 -1.891812 -204.563677
0.002102 -0.005527 1.000000
0.569039 -2.472661 2579.675089
0.780205 -2.169220 -1527.117829
0.002004 -0.005419 1.000000
-0.884772 -0.395009 1082.829632
-0.764463 -0.366858 1463.155165
-0.001581 -0.000403 1.000000
-0.612622 -1.135498 1008.944213
-0.162437 -0.331678 65.878127
-0.000717 -0.001389 1.000000
0.047771 -1.754287 1191.687304
0.030846 -1.661289 117.285069
0.000137 -0.002812 1.000000
-0.027541 -1.081866 643.514932
-0.101919 -0.623332 -26.907000
-0.000398 -0.002236 1.000000
-0.242744 -1.359175 873.093875
-0.016831 -0.776313 -6.570434
-0.000074 -0.002221 1.000000
-0.165008 -0.684818 281.604549
-0.091305 -0.329504 54.755591
-0.000496 -0.001700 1.000000
-0.540957 -1.089724 971.642698
-0.155052 -0.232296 77.977235
-0.000732 -0.001285 1.000000
-0.626718 -0.570094 935.272471
-0.265896 -0.202837 126.299830
-0.001022 -0.001027 1.000000
0.458314 -1.845578 957.042638
0.197537 -1.569934 -604.035224
0.000643 -0.004311 1.000000
-0.110892 -1.188231 715.583572
0.021629 -0.708676 10.519245
-0.000038 -0.002400 1.000000
-0.106110 -1.019354 495.954173
0.140348 -1.000127 -69.147532
-0.000001 -0.002781 1.000000
-0.451879 -1.124050 742.475212
-0.173672 -0.894251 -24.051853
-0.000677 -0.002126 1.000000
0.139137 -0.981892 385.538863
0.086497 -0.986319 6.967765
0.000016 -0.002567 1.000000
-0.255705 -1.332646 747.151569
-0.028999 -1.361699 77.804265
-0.000238 -0.002623 1.000000
-0.136295 -1.783645 740.102511
0.135634 -1.382597 -53.551951
0.000136 -0.003077 1.000000
-0.528814 -1.173326 1008.234332
-0.106073 -0.338675 19.727351
-0.000682 -0.001448 1.000000
-0.350083 -1.369441 903.565313
-0.045585 -0.530373 -18.019517
-0.000499 -0.001836 1.000000
0.262550 -2.001740 1229.392483
-0.033184 -1.250251 -202.143868
0.000197 -0.002981 1.000000
-0.171323 -1.656782 952.338350
-0.087595 -0.648799 28.949952
-0.000070 -0.002363 1.000000
0.231507 -1.496052 417.065194
-0.057333 -0.985866 -271.037586
0.000184 -0.002579 1.000000
-0.492408 -1.111617 983.312256
-0.136498 -0.510168 6.581896
-0.000677 -0.001539 1.000000
-0.702987 -0.917778 1041.588864
-0.275456 -0.400376 15.268821
-0.001032 -0.001328 1.000000
-0.182510 -1.667240 1050.487202
0.024836 -0.748467 -2.490938
-0.000161 -0.002483 1.000000
-0.244889 -0.911045 273.253829
-0.006403 -0.434432 -88.994159
-0.000672 -0.001768 1.000000
-0.122660 -1.719758 627.955804
0.095760 -1.182603 32.824811
0.000115 -0.002690 1.000000
-0.187131 -1.489325 640.188293
0.076957 -0.781644 -46.488555
-0.000037 -0.002425 1.000000
-0.042080 -1.460012 513.102003
0.133095 -1.178196 31.855408
0.000129 -0.002716 1.000000
0.017218 -1.835211 404.803658
0.030594 -1.353754 57.738291
0.000238 -0.003028 1.000000
-0.084637 -0.997617 434.448444
-0.012604 -0.846220 117.924921
-0.000125 -0.002197 1.000000
0.032900 -1.569117 493.971753
0.142137 -1.280005 -170.933558
-0.000017 -0.002887 1.000000
-0.286760 -0.779020 534.751597
-0.159414 -0.828983 84.875258
-0.000600 -0.002061 1.000000
0.054521 -1.738054 446.612841
0.182981 -1.864243 -6.107242
-0.000003 -0.003241 1.000000
-0.167730 -0.824639 456.688915
0.088123 -1.142488 58.145709
-0.000244 -0.002415 1.000000
-0.105889 -1.483093 494.266187
0.119463 -1.119660 -69.211171
0.000045 -0.002916 1.000000
-0.273774 -0.670428 362.587994
-0.209569 -0.807732 88.379485
-0.000714 -0.001789 1.000000
0.001866 -1.123941 488.240089
0.104014 -1.649558 68.447424
-0.000027 -0.002927 1.000000
-0.145607 -1.264950 389.549917
-0.117383 -1.521348 355.409713
-0.000245 -0.002527 1.000000
-0.042892 -1.520301 281.257743
0.050453 -1.682906 71.674638
0.000046 -0.003230 1.000000
0.037095 -1.530081 529.190547
0.037128 -1.478552 53.253710
-0.000113 -0.002958 1.000000
-0.297838 -1.527448 1279.782708
-0.015480 -0.445333 89.928110
-0.000392 -0.001935 1.000000
0.151941 -1.784575 618.920120
0.107755 -0.595321 -287.349477
0.000295 -0.002718 1.000000
-0.398648 -0.962993 783.177406
-0.012923 -0.295850 -21.693738
-0.000544 -0.001506 1.000000
-0.441293 -1.383333 678.040257
-0.183262 -0.851340 133.798100
-0.000561 -0.001952 1.000000
-0.355183 -1.184874 665.149892
-0.097739 -0.637548 -1.171729
-0.000614 -0.001839 1.000000
0.014060 -2.333970 563.038141
0.446585 -1.831095 -93.278809
0.000254 -0.003709 1.000000
-0.338664 -0.869590 756.661491
-0.224022 -1.103489 103.536128
-0.000664 -0.002042 1.000000
-0.237473 -0.858989 621.456111
-0.181493 -0.900125 27.439363
-0.000541 -0.001936 1.000000
-0.303014 -1.290588 724.813473
-0.061744 -1.243599 -36.118340
-0.000307 -0.002502 1.000000
-0.416785 -0.846868 724.285462
-0.285979 -0.902009 101.623764
-0.000766 -0.001699 1.000000
-0.473654 -0.957068 633.825373
-0.299026 -0.799478 173.320481
-0.000827 -0.001676 1.000000
-0.240258 -0.968133 399.938770
-0.106071 -0.250147 -60.732495
-0.000606 -0.001541 1.000000
0.013474 -0.838855 270.322399
-0.119894 -0.573260 74.988738
-0.000462 -0.001735 1.000000
-0.107159 -0.559642 98.982021
-0.150554 -0.496384 24.550815
-0.000652 -0.001526 1.000000
-0.239434 -1.630159 248.977698
0.036489 -0.619799 -22.847849
0.000128 -0.002614 1.000000
-0.362696 -1.040094 632.162159
-0.011712 -0.906288 35.699029
-0.000330 -0.002124 1.000000
-0.218720 -0.510889 174.275927
-0.166083 -0.410127 45.264773
-0.000783 -0.001376 1.000000
2.935492 0.669314 -397.322743
0.739656 3.498647 -716.185182
0.001388 0.001540 1.000000
-0.109478 -0.888176 186.465683
-0.061155 -0.819660 -1.845955
-0.000414 -0.002044 1.000000
-0.048384 -1.656893 607.966490
0.237229 -1.493307 -23.027239
0.000403 -0.003270 1.000000
0.232842 -0.325601 212.556772
-0.119927 0.325546 53.034908
-0.000399 -0.000718 1.000000
0.080398 -1.195888 257.196749
-0.033692 -0.770515 53.663621
-0.000089 -0.002115 1.000000
-0.074437 -1.464936 505.417128
-0.021437 -1.437144 27.975799
-0.000362 -0.002663 1.000000
0.080903 -1.237237 486.595458
0.125459 -1.272053 -218.429419
-0.000111 -0.002768 1.000000
-0.363098 -0.884253 548.168315
-0.110154 -0.597498 9.669382
-0.000572 -0.001667 1.000000
1.000000 0.000000 0.000000
0.000000 1.000000 -0.000000
0.000000 0.000000 1.000000
-0.074398 -0.630885 239.816278
-0.140984 -0.606061 90.158165
-0.000323 -0.001840 1.000000
