-0.417251 -1.066632 735.852815
-0.122715 -0.156618 -38.142307
-0.000588 -0.001400 1.000000
-0.099719 -0.483024 243.820039
-0.036634 -0.329991 -43.847417
-0.000448 -0.001750 1.000000
-0.305332 -0.800877 337.859626
-0.084859 -0.366155 38.686550
-0.000458 -0.001646 1.000000
-0.149552 -0.428861 110.391475
-0.056506 -0.198750 41.620194
-0.000666 -0.001465 1.000000
-0.346811 -0.267158 90.502311
-0.358263 -0.487505 180.571940
-0.001017 -0.001243 1.000000
-0.106241 -0.704400 206.014358
-0.171075 -0.587826 164.720671
-0.000423 -0.001787 1.000000
-0.084560 -0.482489 88.621237
-0.082688 -0.329191 19.136335
-0.000525 -0.001665 1.000000
-0.149653 -0.329160 1.779604
-0.093771 -0.355631 -51.279540
-0.000888 -0.001363 1.000000
-0.009340 -0.678321 212.308588
0.047106 -0.682573 -21.941993
0.000024 -0.002240 1.000000
-0.399521 -0.965284 816.732180
-0.064005 -0.468126 -10.381963
-0.000530 -0.001636 1.000000
-0.264705 -0.836774 491.411338
-0.083060 -0.536552 -33.676024
-0.000496 -0.001758 1.000000
0.034985 -0.489597 -41.914799
0.056945 -0.451414 -56.071541
-0.000308 -0.002040 1.000000
-0.357520 -0.443082 325.753282
-0.168880 -0.583013 -52.548911
-0.000604 -0.001824 1.000000
-0.071525 -1.001141 260.424673
-0.076096 -0.697090 -151.564774
-0.000256 -0.002239 1.000000
-0.206284 -0.434008 323.256653
-0.092975 -0.513668 67.672131
-0.000507 -0.001419 1.000000
-0.165509 -0.544840 168.768969
-0.134315 -0.346638 8.583916
-0.000570 -0.001525 1.000000
-0.280175 -0.505958 343.820181
-0.136318 -0.344560 -46.942261
-0.000702 -0.001430 1.000000
-0.090809 -0.409216 72.061037
-0.057870 -0.371871 29.952899
-0.000538 -0.001630 1.000000
0.125169 -0.808365 -73.530829
0.122762 -0.644636 -136.129425
-0.000123 -0.002120 1.000000
-0.046916 -0.614367 153.881339
-0.021395 -0.348377 38.563328
-0.000208 -0.002001 1.000000
-0.098799 -0.788736 159.933193
-0.037913 -0.524477 108.325120
-0.000242 -0.001765 1.000000
-0.187947 -0.849166 -6.214400
-0.221231 -0.814594 65.333040
-0.000379 -0.001739 1.000000
-0.211887 -0.804306 -314.417611
-0.240557 -0.928866 8.136163
-0.000418 -0.001811 1.000000
0.064625 -0.720133 153.965582
-0.096277 -0.563136 -0.401046
-0.000432 -0.001958 1.000000
-0.264959 -0.440313 193.859300
-0.218111 -0.342426 -73.781133
-0.000913 -0.001412 1.000000
-0.093439 -0.790420 221.911807
-0.118071 -0.906883 77.789550
-0.000513 -0.001994 1.000000
-0.114753 -0.555791 40.764882
-0.136037 -0.760151 220.492412
-0.000365 -0.002023 1.000000
-0.091233 -0.349590 88.409745
-0.099366 -0.476833 56.385866
-0.000334 -0.001736 1.000000
-0.096276 -0.618241 211.747642
-0.235037 -0.863230 156.784106
-0.000600 -0.001849 1.000000
-0.169131 -0.404338 257.208924
-0.216576 -0.390081 39.142579
-0.000684 -0.001401 1.000000
-0.309508 -0.502082 116.773652
-0.202923 -0.492447 60.142093
-0.000646 -0.001572 1.000000
-0.367883 -0.459315 420.764890
-0.188135 -0.459487 -328.712537
-0.000913 -0.001295 1.000000
0.133057 -0.805697 169.256575
-0.016959 -0.679332 -113.040140
0.000199 -0.002691 1.000000
-0.490753 -0.121326 348.174512
-0.562229 -0.063854 -111.467710
-0.001422 -0.000768 1.000000
-0.216767 -0.419373 177.489525
-0.117063 -0.516547 102.187005
-0.000470 -0.001593 1.000000
-0.199100 -0.648466 388.538449
-0.115581 -0.352519 -83.081269
-0.000588 -0.001548 1.000000
-0.025914 -1.094991 252.202890
-0.050670 -0.662674 19.690110
-0.000167 -0.002066 1.000000
-0.194808 -0.777740 215.898517
-0.029597 -0.423614 -116.316089
-0.000397 -0.001844 1.000000
-0.133698 -0.770404 55.253525
-0.137926 -0.601240 33.274025
-0.000655 -0.001676 1.000000
-0.090898 -0.633348 116.473875
0.031782 -0.425909 -21.776909
-0.000149 -0.001964 1.000000
-0.367391 -0.326500 210.795090
-0.136392 -0.410027 51.113583
-0.000766 -0.001378 1.000000
-0.299593 -0.570454 128.684408
-0.167494 -0.410951 65.092004
-0.000764 -0.001423 1.000000
-0.245630 -0.574964 340.776102
-0.025378 -0.490980 -53.560527
-0.000416 -0.001870 1.000000
-0.181797 -0.384861 178.331203
-0.106437 -0.194988 -24.271136
-0.000630 -0.001425 1.000000
-0.130586 -0.569528 141.987059
0.015379 -0.545441 25.781234
-0.000475 -0.001701 1.000000
-0.089715 -0.771539 190.247969
-0.035815 -0.577030 -42.350276
-0.000163 -0.002100 1.000000
-0.110840 -0.649246 187.061456
-0.046581 -0.461151 -18.201053
-0.000498 -0.001659 1.000000
0.093428 -1.169175 313.565881
0.062317 -0.596848 -101.236457
-0.000205 -0.002172 1.000000
0.107995 -0.963629 200.089949
0.061504 -0.660233 -87.369963
-0.000241 -0.002220 1.000000
0.045075 -0.895426 164.530193
0.169750 -0.787627 1.121929
0.000168 -0.002418 1.000000
-0.112335 -0.769188 515.519928
-0.228914 -0.503714 -9.817154
-0.000762 -0.001727 1.000000
-0.144991 -0.697393 485.817705
-0.166351 -0.416385 -85.771049
-0.000614 -0.001626 1.000000
-0.042615 -0.978597 219.154437
-0.039087 -0.653872 -195.692361
-0.000448 -0.001924 1.000000
-0.045517 -0.590198 269.239537
-0.056048 -0.757329 1.170708
-0.000417 -0.001945 1.000000
0.140400 -1.099487 229.299412
0.142539 -0.709188 -54.901878
0.000008 -0.002366 1.000000
0.043982 -0.825060 229.247382
0.088693 -0.657378 12.247865
-0.000173 -0.002258 1.000000
0.188808 -1.296600 467.224112
0.006149 -0.889335 -98.431280
0.000381 -0.002942 1.000000
-0.207238 -1.086916 351.538023
-0.109391 -0.849286 49.802009
-0.000430 -0.002162 1.000000
-0.033095 -0.821216 259.601908
-0.026887 -0.646346 74.325754
-0.000144 -0.002033 1.000000
-0.131831 -1.380166 660.523932
0.057697 -0.800603 6.126786
-0.000085 -0.002233 1.000000
0.216532 -0.840963 40.693533
0.169436 -0.733889 -21.925213
0.000411 -0.002675 1.000000
-0.032729 -0.918734 331.280354
-0.082023 -0.558441 36.698816
-0.000352 -0.001862 1.000000
-0.042227 -0.318139 150.838819
-0.007642 -0.122434 -0.533031
-0.000321 -0.001542 1.000000
-0.027091 -0.815385 417.179845
-0.085910 -0.619678 15.473780
-0.000454 -0.001963 1.000000
0.144678 -0.738188 236.354233
0.036842 -0.527958 -7.589433
-0.000185 -0.002077 1.000000
-0.146020 -0.976715 523.544594
0.015394 -0.565347 -52.243198
-0.000295 -0.002009 1.000000
-0.062437 -0.911683 321.814853
0.000740 -0.473933 -12.024478
-0.000382 -0.001898 1.000000
-0.036920 -0.982816 446.318702
-0.175842 -0.474329 64.612324
-0.000409 -0.001942 1.000000
0.074470 -0.527737 125.660433
0.005607 -0.287158 -40.917052
-0.000116 -0.001915 1.000000
-0.081719 -0.749797 372.119682
-0.147288 -0.246844 41.067034
-0.000520 -0.001459 1.000000
0.174643 -1.187534 463.507716
0.183872 -0.960123 7.001052
0.000160 -0.002532 1.000000
0.135756 -1.175928 588.757634
0.054363 -0.484492 40.680485
0.000049 -0.002059 1.000000
-0.017887 -0.518413 110.073540
-0.159195 -0.507321 87.309816
-0.000543 -0.001659 1.000000
-0.127377 -1.130942 529.500119
0.059687 -0.541158 -157.267254
-0.000238 -0.002104 1.000000
0.096011 -1.473545 239.382067
0.090134 -1.259034 79.225694
-0.000030 -0.002864 1.000000
-0.345739 -0.543954 489.637285
-0.081157 -0.572837 -23.527193
-0.000649 -0.001394 1.000000
-0.275136 -0.383584 174.779165
-0.192366 -0.247590 117.896094
-0.000849 -0.001147 1.000000
0.004042 -0.433414 211.351771
-0.060620 -0.197065 75.647740
-0.000368 -0.001423 1.000000
0.059734 -1.246780 486.141446
-0.009551 -0.413911 -17.413559
-0.000128 -0.002182 1.000000
0.220495 -1.069575 422.147638
0.053909 -0.419153 54.615709
-0.000005 -0.001971 1.000000
0.070463 -0.982450 564.665512
0.143056 -0.147527 -24.251609
0.000020 -0.001691 1.000000
0.578953 -0.721397 304.726105
0.243411 0.249875 -148.729109
0.000300 -0.001531 1.000000
0.709314 -0.675397 271.058488
0.217193 0.381310 -75.007419
0.000242 -0.001263 1.000000
0.293967 -1.326294 428.445737
0.083465 -0.358434 -63.492022
0.000109 -0.002399 1.000000
-0.019604 -0.277841 208.416653
-0.062568 0.044548 18.503155
-0.000506 -0.001124 1.000000
0.017005 -0.030673 175.888713
-0.229374 0.547530 -38.956930
-0.000899 -0.000354 1.000000
0.395799 -0.976060 262.939078
0.003795 -0.111955 43.877179
-0.000063 -0.001856 1.000000
1.057716 -1.151174 66.885933
0.234243 0.004745 -13.218930
0.000479 -0.002201 1.000000
0.190691 -0.009337 83.651328
-0.202602 0.674900 -92.788203
-0.000871 -0.000225 1.000000
1.011834 -0.294314 22.327492
0.125403 0.892455 -51.725181
0.000280 -0.000635 1.000000
0.898959 -0.614299 179.827823
0.268431 0.527607 -43.179061
0.000357 -0.001055 1.000000
0.895191 -0.369023 76.980773
0.100361 0.765781 -33.207763
0.000199 -0.000649 1.000000
1.004146 -0.297312 29.826492
0.107782 0.801505 -1.649633
0.000261 -0.000600 1.000000
0.382639 -0.286457 156.190896
-0.219346 0.824061 -121.730536
-0.000564 -0.000377 1.000000
1.365250 0.700936 -537.056126
-0.458102 3.046522 -521.996801
-0.001048 0.002150 1.000000
-0.171214 -1.218915 504.402271
-0.114831 -0.779308 136.130506
-0.000290 -0.002348 1.000000
-0.079216 -0.663431 335.014093
-0.077772 -0.377581 58.955464
-0.000230 -0.001762 1.000000
0.436406 -0.783142 328.708358
0.235361 0.264489 -180.872587
0.000109 -0.001534 1.000000
0.562268 -0.798756 252.248422
0.172876 0.140487 -66.801658
0.000159 -0.001646 1.000000
1.372033 -0.334610 -11.428342
0.291688 1.307310 -235.436489
0.000741 -0.000660 1.000000
1.433029 -0.865039 48.831969
0.478994 0.354904 -25.816798
0.001080 -0.001703 1.000000
0.070255 -1.084432 348.794199
-0.046401 -0.764779 84.783500
-0.000234 -0.002188 1.000000
-0.167034 -0.900392 423.777653
-0.045612 -0.817418 84.250874
-0.000284 -0.002042 1.000000
0.008349 -1.184211 397.419380
0.094317 -0.742711 14.924192
-0.000091 -0.002260 1.000000
0.030257 -0.924528 278.137305
-0.046520 -0.663682 119.228951
-0.000358 -0.001817 1.000000
-0.337617 -0.219178 221.476636
-0.370630 -0.098006 44.490134
-0.001165 -0.000698 1.000000
-0.194197 -0.482377 175.118723
-0.171319 -0.325167 -5.572498
-0.000707 -0.001605 1.000000
-0.133143 -1.034155 484.832564
-0.167186 -0.656889 223.983669
-0.000297 -0.001867 1.000000
0.059028 -1.000311 367.441914
0.050190 -0.614119 93.880033
-0.000216 -0.001891 1.000000
1.000000 0.000000 -0.000000
-0.000000 1.000000 0.000000
-0.000000 0.000000 1.000000
0.588629 1.011488 -182.479915
-0.545913 1.941209 13.802334
-0.001086 0.001734 1.000000
-0.048533 -1.009532 378.608061
-0.033629 -0.767753 80.258495
-0.000225 -0.002183 1.000000
1.570470 0.026109 -136.670096
0.165763 1.629173 -322.749189
0.000528 0.000102 1.000000
0.052859 -1.242539 437.639956
0.039110 -0.999504 32.810300
-0.000142 -0.002516 1.000000
0.114723 -1.087275 283.362235
0.050080 -0.749575 21.305328
-0.000150 -0.002396 1.000000
1.100083 0.639160 -283.772038
-0.380384 2.389616 -203.883223
-0.000529 0.001380 1.000000
0.159453 -0.892285 392.778726
-0.040779 -0.267491 149.682062
-0.000163 -0.001631 1.000000
0.250852 -1.104918 378.968029
0.088002 -0.446936 -25.888876
0.000180 -0.002248 1.000000
0.183551 -0.616729 254.390981
0.028949 0.044182 -62.223044
-0.000215 -0.001417 1.000000
0.001127 -1.078304 488.857425
-0.044567 -0.551504 67.597536
-0.000097 -0.002070 1.000000
0.236870 -1.018371 323.393162
0.046473 -0.400411 -1.698699
0.000152 -0.002208 1.000000
-0.191024 -1.083174 476.861585
-0.097116 -0.637490 106.819929
-0.000217 -0.002135 1.000000
-0.255250 -1.001699 445.536132
-0.077588 -0.790408 48.676681
-0.000245 -0.002237 1.000000
-0.187414 -0.879699 416.329855
-0.109500 -0.517071 2.970449
-0.000436 -0.001711 1.000000
-0.638110 -1.228365 733.758343
-0.385601 -0.761805 159.902248
-0.000779 -0.001690 1.000000
-0.377145 -1.062080 453.217771
-0.223821 -0.772160 180.081390
-0.000570 -0.001880 1.000000
-0.087171 -0.794620 377.063125
-0.037960 -0.618784 98.093980
-0.000260 -0.001819 1.000000
0.010547 -1.104444 577.230066
-0.019885 -0.822434 126.731538
-0.000060 -0.002197 1.000000
-0.084695 -0.831643 285.108888
-0.099283 -0.815132 41.587777
-0.000374 -0.002101 1.000000
-0.006486 -0.904777 374.513162
-0.043288 -0.500039 -82.132701
-0.000167 -0.002052 1.000000
-0.206600 -0.682926 416.577135
-0.172423 -0.835112 117.619535
-0.000361 -0.002024 1.000000
-0.055714 -1.096489 477.883917
-0.181025 -0.857260 40.112605
-0.000488 -0.001948 1.000000
0.027494 -0.555188 153.280938
-0.000380 -0.569529 53.081008
-0.000247 -0.001846 1.000000
-0.224660 -0.744346 364.025435
-0.169085 -0.518810 65.178010
-0.000493 -0.001728 1.000000
-0.364847 -1.002489 423.404131
-0.245001 -0.567006 146.887326
-0.000633 -0.001612 1.000000
0.531469 -1.021049 350.168101
0.225118 -0.183848 0.223755
0.000450 -0.001984 1.000000
0.832235 -0.740671 129.960025
0.176326 0.061478 56.593659
0.000375 -0.001551 1.000000
0.510287 -0.320764 135.813488
-0.130701 0.588146 71.784902
-0.000177 -0.000623 1.000000
0.206554 -1.241325 643.118431
0.068821 -0.377203 -29.229496
0.000116 -0.002075 1.000000
-0.172403 -1.100274 326.296105
-0.141746 -0.662691 12.745914
-0.000453 -0.001966 1.000000
-0.310862 -1.548720 995.998618
-0.037911 -0.338563 33.639390
-0.000263 -0.001899 1.000000
-0.042201 -0.953516 414.943147
-0.074521 -0.500077 -26.219073
-0.000316 -0.002102 1.000000
-0.290985 -1.187979 611.081280
-0.117656 -0.586868 29.579649
-0.000408 -0.001981 1.000000
-0.787379 -0.574387 386.317102
-0.330392 -0.322657 -103.325231
-0.001153 -0.000923 1.000000
-0.292956 -1.705526 872.742367
-0.044683 -0.710573 -44.989259
-0.000273 -0.002297 1.000000
-0.047629 -0.818587 415.587091
-0.070820 -0.801224 57.932531
-0.000353 -0.002009 1.000000
-0.154372 -0.759275 529.304576
-0.181189 -0.537264 22.975667
-0.000522 -0.001718 1.000000
-0.257791 -0.758392 319.239986
-0.167078 -0.579461 14.318698
-0.000593 -0.001900 1.000000
-0.114232 -0.788972 350.479592
-0.005040 -0.610779 -0.908577
-0.000292 -0.001936 1.000000
-0.339214 -1.206398 344.629981
-0.119580 -0.576133 -20.577804
-0.000512 -0.001908 1.000000
-0.507900 -0.775145 245.398482
-0.228009 -0.373648 -162.898002
-0.000858 -0.001538 1.000000
-0.208885 -1.394073 856.692551
0.025024 -0.364508 -125.550348
-0.000257 -0.001996 1.000000
-0.452454 -1.175958 556.706504
-0.127360 -0.508583 -161.024667
-0.000571 -0.001736 1.000000
-0.608007 -1.031128 1074.445284
-0.257291 -0.395015 -128.895086
-0.000959 -0.001534 1.000000
-0.227639 -1.623545 1004.574428
0.005753 -0.370876 50.909141
-0.000223 -0.002063 1.000000
-0.581276 -1.338650 1005.698142
-0.038363 -0.712123 101.706592
-0.000500 -0.002249 1.000000
-0.247605 -0.643513 449.521272
-0.166431 -0.438301 -0.554074
-0.000692 -0.001551 1.000000
0.087873 -1.547285 825.090468
0.052652 -0.894839 19.281395
0.000083 -0.002545 1.000000
0.190444 -1.608740 927.847873
0.087563 -0.951351 -35.935391
0.000209 -0.002500 1.000000
-0.175837 -0.941395 434.069343
-0.124038 -0.830789 67.817919
-0.000407 -0.002147 1.000000
-0.090791 -0.658029 296.222676
-0.177633 -0.506855 71.634786
-0.000479 -0.001728 1.000000
0.107824 -1.197541 445.502818
0.012083 -0.652332 22.829312
-0.000032 -0.002398 1.000000
0.460067 -1.016437 382.146501
0.127905 -0.019171 -89.381085
0.000330 -0.001901 1.000000
-0.276398 -0.558665 216.371983
-0.252712 -0.459091 11.171488
-0.000869 -0.001506 1.000000
0.034261 -0.708478 219.006599
0.035387 -0.679597 1.306696
0.000076 -0.002241 1.000000
-0.036860 -0.297660 120.954455
-0.095993 -0.483792 159.193118
-0.000339 -0.001720 1.000000
-0.039175 -0.924352 -428.392890
-0.054454 -1.240522 777.070406
-0.000116 -0.002402 1.000000
-0.281448 -0.639401 113.962940
-0.197931 -0.578446 127.846036
-0.000680 -0.001518 1.000000
0.205444 -1.031184 251.435436
0.088753 -0.544914 -93.672961
0.000012 -0.002227 1.000000
0.035415 -1.196487 322.733351
0.039534 -0.947214 35.145567
-0.000076 -0.002673 1.000000
-0.165077 -0.971449 426.485096
0.039799 -0.712155 -55.905577
-0.000314 -0.002076 1.000000
-0.000889 -0.895216 339.306102
0.013489 -0.469342 -39.928859
-0.000152 -0.001990 1.000000
-0.149301 -0.348121 81.358616
-0.108492 -0.343630 66.392758
-0.000524 -0.001485 1.000000
-0.059627 -0.788693 136.790669
-0.128190 -0.580560 9.823699
-0.000332 -0.001974 1.000000
-0.247468 -0.760090 164.166583
-0.166210 -0.610752 188.193419
-0.000452 -0.001804 1.000000
-0.014724 -0.491945 105.527817
-0.024594 -0.509568 88.699419
-0.000282 -0.001948 1.000000
-0.107223 -1.360536 238.267831
-0.158749 -1.254404 220.841938
-0.000336 -0.002689 1.000000
0.040186 -0.403561 30.213052
-0.007993 -0.278732 -25.178967
-0.000377 -0.001649 1.000000
0.016035 -0.600200 95.029788
-0.033927 -0.549699 145.363588
-0.000027 -0.002047 1.000000
-0.051462 -1.153098 -8.182544
-0.091287 -1.108603 75.396889
-0.000126 -0.002870 1.000000
-0.142686 -0.561706 144.765061
-0.033124 -0.567539 63.747714
-0.000414 -0.001971 1.000000
-0.152399 -0.662430 140.909803
-0.264788 -0.964399 267.232265
-0.000419 -0.002106 1.000000
0.052078 -1.114665 309.758296
0.050094 -1.077260 32.479292
-0.000070 -0.002785 1.000000
-0.080522 -1.026036 453.798062
-0.073548 -0.407817 76.723306
-0.000238 -0.001860 1.000000
1.654520 0.900231 -233.108859
0.347554 2.565175 -551.800058
0.000689 0.000940 1.000000
-0.213346 -0.721565 111.388733
-0.244037 -0.620369 172.494541
-0.000674 -0.001746 1.000000
-0.093362 -0.388638 -22.854409
-0.074466 -0.421222 44.388520
-0.000286 -0.001839 1.000000
-0.074755 -0.474946 81.393306
-0.095738 -0.406240 74.840043
-0.000239 -0.001871 1.000000
-0.301309 -0.919428 331.199453
-0.228492 -0.901561 102.469482
-0.000717 -0.002017 1.000000
0.380825 -1.235988 -973.096773
0.343155 -1.661657 608.434942
0.000419 -0.003001 1.000000
1.126093 -2.118572 -821.393608
0.858463 -2.140927 483.565448
0.001955 -0.004981 1.000000
0.260004 -1.415995 280.490238
0.347717 -2.119510 -443.060641
0.001086 -0.004602 1.000000
-0.103418 -0.459107 109.355760
-0.130178 -0.472533 78.749128
-0.000715 -0.001445 1.000000
-0.311627 -0.574419 134.270842
-0.269000 -0.551521 65.295108
-0.000942 -0.001435 1.000000
-0.245396 -0.633173 100.643167
-0.194950 -0.924354 805.026216
-0.000510 -0.001573 1.000000
0.009069 -0.627994 -9.602902
-0.183630 -1.184398 758.709775
-0.000326 -0.002017 1.000000
-2.304422 1.929557 1058.139510
-1.573896 0.646025 1574.615858
-0.003805 0.002147 1.000000
-0.360601 -1.270817 1202.453221
-0.287157 -0.899933 495.441675
-0.000437 -0.001801 1.000000
1.243673 -2.257824 -1382.070009
0.726742 -2.121928 -399.628336
0.001778 -0.004609 1.000000
-0.137771 -0.766678 190.734671
-0.092243 -0.730948 160.835179
-0.000320 -0.001993 1.000000
-0.525808 -0.457493 1115.243915
-0.360218 -0.831820 757.829158
-0.000760 -0.001135 1.000000
0.348836 -1.709652 2304.468068
0.326222 -1.479891 1405.123759
0.000726 -0.003143 1.000000
-0.270896 -1.766186 1012.522238
-0.052586 -0.272069 32.205464
-0.000378 -0.001867 1.000000
-0.087801 -1.199295 1043.928507
-0.185328 -1.371508 427.254543
-0.000196 -0.002439 1.000000
-0.426821 -1.125414 917.231002
-0.073964 -0.270555 69.797716
-0.000548 -0.001446 1.000000
-0.137966 -1.629022 1000.939905
-0.022707 -0.833312 133.197555
-0.000244 -0.002199 1.000000
0.161110 -1.134674 804.664633
0.002009 -0.655022 -58.479677
-0.000153 -0.002276 1.000000
-0.267491 -1.463775 903.443623
-0.009709 -0.298503 17.190303
-0.000278 -0.001810 1.000000
-0.337191 -1.442081 1002.683414
-0.097807 -0.505492 103.776737
-0.000416 -0.001753 1.000000
-0.185831 -1.592687 1032.720603
-0.196677 -1.038862 119.287303
-0.000339 -0.002457 1.000000
-0.445540 -0.686316 176.004840
-0.650499 -1.060239 1070.927662
-0.000807 -0.001410 1.000000
-0.133714 -0.704202 336.404076
-0.066653 -0.365193 19.846422
-0.000340 -0.001737 1.000000
-0.534005 -0.722670 1336.529356
-0.345362 -0.976007 399.387354
-0.000680 -0.001614 1.000000
2480.224700 -3174.411762 3956063.299474
1514.786711 -2420.612613 -1895134.476009
4.558591 -6.081577 1.000000
-0.443914 -1.233020 993.226710
-0.174375 -0.456389 133.608433
-0.000558 -0.001549 1.000000
-0.000988 -1.781521 969.674638
0.004183 -0.250170 63.659903
-0.000066 -0.001909 1.000000
-0.656524 -1.200091 1570.705440
-0.039749 -0.484606 130.896919
-0.000739 -0.001699 1.000000
-0.046248 -0.789797 88.018576
-0.149659 -0.585801 126.466122
-0.000273 -0.001983 1.000000
1.334167 -3.125881 2449.685694
0.994956 -2.570977 -1320.831676
0.004165 -0.007377 1.000000
-0.065681 -1.327772 772.466612
-0.097146 -1.287794 725.782381
-0.000214 -0.002090 1.000000
-0.359366 -1.303609 947.369174
-0.155197 -0.585472 151.185605
-0.000483 -0.001748 1.000000
-1.287256 0.231971 1590.834717
-1.094193 0.042687 992.287177
-0.001958 0.000066 1.000000
-0.073830 -1.624284 954.083778
-0.077966 -0.478625 104.616066
-0.000171 -0.001993 1.000000
-0.336616 -1.064966 830.666711
-0.192174 -0.641908 62.060622
-0.000681 -0.001805 1.000000
-0.001616 -0.809897 296.027837
-0.018464 -0.321401 77.416272
-0.000053 -0.001990 1.000000
-0.502154 -1.033595 937.122092
-0.121929 -0.267296 66.326810
-0.000667 -0.001345 1.000000
-0.406544 -1.026816 890.877962
-0.218950 -0.390013 -46.102464
-0.000708 -0.001657 1.000000
-0.402482 -1.041417 796.003653
-0.121740 -0.372095 0.863850
-0.000517 -0.001730 1.000000
-0.309988 -1.145778 820.137897
-0.169558 -0.705184 101.046557
-0.000449 -0.002054 1.000000
-0.711149 -0.775664 864.595800
-0.149171 -0.688369 1.959165
-0.000817 -0.001718 1.000000
-0.436907 -1.197898 904.737747
-0.137610 -0.399226 42.081440
-0.000579 -0.001577 1.000000
-0.166441 -1.646489 656.306157
-0.148819 -1.160231 17.248725
-0.000299 -0.002649 1.000000
-0.425545 -1.038975 879.215876
-0.176015 -0.616859 102.312037
-0.000639 -0.001698 1.000000
-0.458173 -0.772985 816.546715
-0.220635 -0.361491 92.570737
-0.000713 -0.001396 1.000000
-0.358797 -1.444102 949.739298
-0.025663 -0.274073 49.868791
-0.000470 -0.001579 1.000000
-0.232933 -1.394630 869.897379
-0.150869 -0.789058 88.852581
-0.000434 -0.002158 1.000000
-0.348476 -1.099038 790.113877
-0.138470 -0.426179 120.250347
-0.000572 -0.001408 1.000000
-0.204526 -1.149918 864.808679
-0.029204 -0.408367 33.887730
-0.000367 -0.001848 1.000000
-1.762393 1.205849 114.781081
-1.693222 1.733801 1543.540622
-0.004375 0.003194 1.000000
-0.213620 -1.300378 1015.789414
0.005303 -0.537003 9.700605
-0.000173 -0.002318 1.000000
-0.639459 -1.015625 925.994479
-0.332582 -0.345444 35.610188
-0.001001 -0.001138 1.000000
-0.489867 -1.224717 877.183313
-0.096050 -0.233362 5.719308
-0.000529 -0.001501 1.000000
-0.178213 -0.898361 310.725451
-0.076319 -0.360684 -28.428583
-0.000529 -0.001803 1.000000
-0.467613 -0.888614 871.653813
-0.001128 -0.361878 -28.274617
-0.000672 -0.001416 1.000000
-0.244532 -1.416708 911.705518
0.016394 -0.556047 5.974938
-0.000272 -0.001919 1.000000
-0.264900 -0.914793 681.426741
-0.060010 -0.600773 7.878867
-0.000468 -0.001704 1.000000
-0.064403 -1.734434 708.576827
0.041830 -1.324041 27.649280
-0.000089 -0.002682 1.000000
-0.202122 -0.803264 616.476592
-0.128235 -0.644362 48.590171
-0.000452 -0.001936 1.000000
-0.397516 -1.084948 743.280969
-0.134211 -0.458690 12.287629
-0.000518 -0.001694 1.000000
-0.354658 -0.863855 642.439239
-0.124440 -0.476332 -47.965250
-0.000426 -0.001761 1.000000
-0.212431 -0.619317 409.279791
-0.124944 -0.598390 -28.331780
-0.000698 -0.001774 1.000000
-0.182408 -1.010843 663.508678
-0.037176 -0.741051 29.779831
-0.000482 -0.002044 1.000000
-0.145026 -1.170980 668.795854
-0.034724 -0.525928 -152.536013
-0.000424 -0.002122 1.000000
-0.015048 -0.896481 447.331596
0.016344 -0.603665 -142.360173
-0.000226 -0.002082 1.000000
-0.297687 -0.848739 690.343193
-0.200592 -0.374969 26.587822
-0.000595 -0.001587 1.000000
-0.353622 -1.050267 581.397081
-0.319479 -0.864901 160.909276
-0.000741 -0.001803 1.000000
-0.161883 -0.866850 443.207383
-0.138015 -0.542517 38.221896
-0.000427 -0.001804 1.000000
-0.011952 -0.745555 383.691834
-0.078576 -1.228713 122.391380
-0.000386 -0.002428 1.000000
-0.592261 -1.089020 954.437096
-0.216937 -0.482175 115.220951
-0.000756 -0.001703 1.000000
-0.087478 -1.175384 442.660998
-0.021332 -0.356469 -59.894962
-0.000092 -0.002074 1.000000
-0.343564 -1.118254 709.647208
-0.131703 -0.314566 -9.767404
-0.000504 -0.001561 1.000000
-0.251367 -0.924924 407.043374
-0.169336 -0.540908 44.794115
-0.000520 -0.001876 1.000000
-0.262586 -1.036199 725.783471
-0.051666 -0.604827 40.734286
-0.000463 -0.001898 1.000000
-0.280337 -1.249649 540.861897
0.035798 -0.778601 -93.558563
-0.000392 -0.002261 1.000000
-0.198246 -0.735899 403.016425
-0.163234 -0.495884 77.580494
-0.000508 -0.001620 1.000000
0.030595 -0.928026 360.468290
-0.049043 -0.513472 -84.580696
-0.000385 -0.001997 1.000000
-0.258177 -0.875002 535.218428
-0.215562 -0.713117 64.162657
-0.000618 -0.001807 1.000000
0.036749 -1.007883 199.482522
-0.000515 -0.794608 17.200277
-0.000301 -0.002218 1.000000
-0.167718 -0.929024 451.907088
-0.153812 -0.631267 125.428056
-0.000482 -0.001773 1.000000
-0.339208 -0.502968 305.347591
-0.128708 -0.205810 -67.170155
-0.000883 -0.001208 1.000000
-0.235282 -0.462875 199.421449
-0.246995 -0.653884 186.746607
-0.000724 -0.001579 1.000000
0.124880 -0.946854 365.561989
-0.031943 -0.418942 28.980371
-0.000135 -0.001985 1.000000
-0.766471 -1.749767 857.175086
-0.214558 -1.220613 294.859588
-0.000494 -0.002709 1.000000
-0.128085 -1.150999 754.772061
-0.071537 -0.874320 -52.411980
-0.000315 -0.002292 1.000000
-0.111268 -0.699226 170.164946
-0.122861 -0.740577 74.236741
-0.000562 -0.001790 1.000000
-0.025468 -0.856536 181.689126
-0.094609 -0.597989 19.819265
-0.000374 -0.001879 1.000000
-0.083126 -0.874573 209.147433
-0.136151 -0.938267 174.679007
-0.000366 -0.002190 1.000000
-0.296202 -0.826700 685.577170
-0.090991 -0.654033 18.143556
-0.000505 -0.001837 1.000000
-0.105711 -0.501924 196.469864
-0.259854 -0.584376 137.108905
-0.000691 -0.001650 1.000000
-0.234030 -0.694900 270.598006
-0.158266 -0.639754 6.153419
-0.000811 -0.001478 1.000000
-0.344926 -0.547454 393.142246
-0.146879 -0.256505 -70.840873
-0.000725 -0.001310 1.000000
-0.044333 -0.533898 121.561681
-0.093267 -0.331086 -72.437185
-0.000579 -0.001618 1.000000
-0.037516 -1.431267 722.221474
0.152587 -0.667541 -17.581829
-0.000090 -0.002038 1.000000
-0.313051 -0.650003 248.886123
-0.214105 -0.583708 41.783134
-0.000703 -0.001564 1.000000
-0.509199 -0.849251 741.975219
-0.273062 -0.523366 86.711751
-0.000727 -0.001523 1.000000
