-0.326008 -1.074577 624.967803
-0.074516 -0.866122 -109.842606
-0.000579 -0.002124 1.000000
-0.047298 -1.103908 337.652115
0.034678 -0.807692 -126.460196
-0.000157 -0.002293 1.000000
-0.134417 -1.408994 496.361815
-0.013633 -1.037523 -11.267922
-0.000254 -0.002509 1.000000
-0.068475 -1.341417 479.498965
-0.024336 -1.131434 105.854777
-0.000174 -0.002499 1.000000
-0.072717 -0.833755 340.724502
-0.129638 -0.770165 40.609658
-0.000467 -0.001817 1.000000
-0.270657 -0.576296 212.370426
-0.394934 -0.485466 20.947319
-0.000967 -0.001235 1.000000
-0.084291 -1.013598 41.151277
-0.000566 -0.731135 -134.887067
-0.000311 -0.002241 1.000000
-0.292078 -0.667293 207.518932
-0.163586 -0.311827 -124.213461
-0.000689 -0.001657 1.000000
-0.504790 -0.784995 27.516856
-0.246083 -0.471387 -115.098855
-0.000950 -0.001673 1.000000
-0.784823 -0.575228 1019.971026
-0.316503 -0.119564 -118.001256
-0.001244 -0.000893 1.000000
-0.028586 -1.342940 882.717540
0.190199 -0.953595 -291.179997
0.000047 -0.002865 1.000000
-0.224530 -0.849891 -61.935202
-0.176139 -0.382777 -247.695107
-0.000702 -0.001820 1.000000
1.156363 -2.688741 -547.724762
0.420201 -1.411757 -200.395993
0.001248 -0.004807 1.000000
-0.442043 -0.679622 728.097167
-0.333068 -0.612005 -336.946217
-0.001032 -0.001425 1.000000
1.306956 -2.549942 -399.433703
0.729404 -1.913297 -27.913873
0.001369 -0.004402 1.000000
-0.227340 -0.961032 199.039363
-0.154449 -0.806524 -94.373641
-0.000423 -0.002040 1.000000
-0.194958 -1.039462 506.002950
-0.121676 -0.581986 -117.454942
-0.000442 -0.002057 1.000000
-0.375697 -0.655820 539.073945
-0.254001 -0.323725 -67.877804
-0.000708 -0.001350 1.000000
-0.546581 -0.654635 978.996504
-0.430823 -0.525875 -75.063537
-0.001132 -0.001288 1.000000
-0.016437 -1.111675 373.949455
-0.084044 -0.512611 -5.372104
-0.000166 -0.002099 1.000000
-0.385330 -0.662400 316.075052
-0.331995 -0.584831 46.885287
-0.000850 -0.001528 1.000000
-0.693675 -0.502583 -251.466152
-0.320139 -0.454798 -1180.153463
-0.000958 -0.001234 1.000000
-1.538967 0.448395 -282.783465
-0.881261 0.324924 535.747878
-0.002425 0.000760 1.000000
-0.726359 -0.371177 355.419660
-0.338326 -0.268170 -102.930033
-0.001204 -0.001105 1.000000
-0.112599 -1.223193 638.072574
-0.058045 -0.779518 -184.911062
-0.000309 -0.002289 1.000000
0.046570 -1.182604 201.897383
0.001042 -0.983373 -46.656073
-0.000028 -0.002614 1.000000
0.094586 -1.250964 338.178627
0.012772 -1.168033 18.237030
0.000033 -0.002653 1.000000
-0.361936 -0.586716 17.648138
-0.303525 -0.289947 143.026314
-0.001133 -0.000954 1.000000
-0.320293 -0.479349 284.460870
-0.233105 -0.387144 14.847269
-0.000762 -0.001389 1.000000
-0.155402 -1.172686 803.731204
-0.041239 -0.835297 -184.309722
-0.000297 -0.002168 1.000000
0.000569 -1.331963 554.182309
0.028744 -0.688893 -69.376934
-0.000088 -0.002177 1.000000
-0.213183 -0.860519 50.739829
-0.126219 -0.614084 -480.388158
-0.000521 -0.001989 1.000000
-0.227448 -0.967016 407.322932
0.007392 -1.067955 -309.331589
-0.000153 -0.002752 1.000000
-0.111644 -0.575344 76.094714
-0.102234 -0.397340 -84.219657
-0.000544 -0.001625 1.000000
-0.201795 -0.752612 -4.415186
-0.067048 -0.746568 -22.787148
-0.000587 -0.002029 1.000000
-0.745652 -0.350132 2.231272
-0.409544 -0.294556 -266.535958
-0.001461 -0.000825 1.000000
-0.816863 -0.586389 -357.414490
-0.488923 -0.320143 -69.022918
-0.001383 -0.001164 1.000000
-0.435491 -0.413581 -125.680146
-0.313441 -0.363081 -96.110974
-0.001099 -0.001336 1.000000
0.281487 -1.857180 551.021151
0.398212 -1.254412 -479.856130
0.000402 -0.003276 1.000000
-0.372898 -0.564211 134.291571
-0.253447 -0.353604 -10.831625
-0.000842 -0.001400 1.000000
-0.366294 -0.996655 627.872284
-0.202278 -0.513899 -493.304619
-0.000671 -0.001680 1.000000
-0.427303 -0.902265 162.123368
-0.177626 -0.494086 -65.360143
-0.000859 -0.001620 1.000000
-0.057650 -1.029522 331.474394
-0.034485 -0.866155 -53.227918
-0.000354 -0.002143 1.000000
-0.392236 -0.495341 127.687634
-0.265294 -0.410463 56.489034
-0.000909 -0.001267 1.000000
-0.233840 -0.688140 266.714495
-0.137329 -0.358763 -134.966562
-0.000699 -0.001578 1.000000
-0.065004 -1.488734 762.816835
0.019825 -1.339700 98.982573
-0.000175 -0.002708 1.000000
0.017353 -1.570190 458.578607
-0.076347 -0.958394 -20.290718
-0.000387 -0.002306 1.000000
0.481463 -2.075842 764.647957
0.257889 -1.185066 -180.583968
0.000344 -0.003058 1.000000
0.548040 -2.008945 47.656809
0.429557 -1.511066 -246.021425
0.000718 -0.003469 1.000000
-0.176905 -0.749295 75.084391
0.042606 -0.877310 -2.359056
-0.000187 -0.002109 1.000000
-0.038227 -1.572356 714.661515
0.129092 -1.065452 -234.929306
-0.000094 -0.002786 1.000000
-0.212060 -1.324844 502.017800
-0.086713 -0.857807 -39.208353
-0.000555 -0.002089 1.000000
-0.163515 -1.322481 304.895534
-0.081383 -0.613750 -122.157272
-0.000449 -0.002098 1.000000
-0.061479 -0.956797 345.358800
-0.031968 -0.638180 -139.552986
-0.000365 -0.001930 1.000000
-0.622134 -0.801903 348.536817
-0.262532 -0.581949 -136.325768
-0.001055 -0.001620 1.000000
0.072224 -1.782950 390.348399
0.099130 -1.400427 -24.188622
-0.000166 -0.002965 1.000000
-0.721510 -0.568407 1151.636528
-0.281817 -0.178299 -214.662206
-0.001420 -0.001067 1.000000
-0.417640 -0.706340 1082.470920
-0.219090 -0.432608 -209.120315
-0.001176 -0.001236 1.000000
-0.143561 -1.044511 -45.038291
-0.137315 -0.838780 -75.622544
-0.000569 -0.002138 1.000000
3.800397 -9.344411 7142.676524
8.880735 -15.844508 -4604.763170
0.016693 -0.027326 1.000000
-0.100627 -0.916320 -421.603608
-0.044250 -0.540889 -211.803943
-0.000407 -0.002050 1.000000
-0.266866 -0.856632 366.082523
-0.244799 -0.569301 -132.019255
-0.000704 -0.001558 1.000000
0.302954 -1.398098 -68.886923
0.075018 -0.657807 -246.737649
0.000084 -0.002621 1.000000
-0.138591 -1.256274 359.041129
-0.065190 -0.914058 3.286251
-0.000261 -0.002265 1.000000
0.092928 -1.687727 381.526117
0.070588 -0.786497 -175.724768
-0.000021 -0.002583 1.000000
-0.333487 -0.705542 630.853316
-0.297622 -0.571622 -73.893441
-0.000893 -0.001599 1.000000
-0.137604 -1.231589 404.053161
0.125282 -1.051989 -136.190983
-0.000202 -0.002500 1.000000
-0.391379 -0.647484 108.561957
-0.383628 -0.373413 2.653793
-0.001067 -0.001277 1.000000
-0.342700 -0.912993 265.440005
-0.146410 -0.440678 -145.318481
-0.000645 -0.001884 1.000000
-0.345985 -1.427451 579.821350
-0.113070 -1.030100 -346.903144
-0.000363 -0.002599 1.000000
-0.073684 -1.173444 93.815271
-0.044605 -0.890306 -108.528214
-0.000348 -0.002220 1.000000
-0.451103 -0.948735 152.107159
-0.262456 -0.574462 -92.999485
-0.000868 -0.001616 1.000000
-0.269042 -0.512626 -357.513256
-0.098093 -0.554512 117.438923
-0.000766 -0.001726 1.000000
-0.195324 -0.967236 173.750901
-0.102298 -0.805412 -643.040380
-0.000472 -0.002164 1.000000
-0.245633 -0.968618 544.654689
-0.132163 -0.575502 -73.158662
-0.000523 -0.001835 1.000000
0.639334 -2.168741 946.119499
0.808071 -1.991700 -356.566427
0.001218 -0.004091 1.000000
-0.389078 -0.831190 26.868870
-0.208612 -0.446782 65.178593
-0.000920 -0.001535 1.000000
-0.541161 -0.610910 24.006047
-0.369158 -0.390528 -156.965996
-0.001119 -0.001213 1.000000
-0.485580 -1.179784 502.456126
-0.257268 -0.926137 -216.917789
-0.000686 -0.002141 1.000000
-0.607653 -0.659249 67.686614
-0.438771 -0.554296 174.275078
-0.001242 -0.001168 1.000000
0.066205 -1.374174 164.773224
0.064165 -1.098035 -28.352025
-0.000116 -0.002543 1.000000
-0.384694 -0.852283 43.285170
-0.217016 -0.515240 -64.327869
-0.000738 -0.001705 1.000000
-1.040028 -0.486678 879.489994
-0.748977 -0.156025 -216.039568
-0.001816 -0.000657 1.000000
-0.185817 -0.960241 159.984860
-0.115776 -0.588715 -91.527623
-0.000472 -0.001921 1.000000
-0.316588 -0.787028 164.516349
-0.212578 -0.458096 -17.079519
-0.000871 -0.001759 1.000000
-0.586913 -0.391293 288.723446
-0.368364 -0.270602 -40.593537
-0.001248 -0.001098 1.000000
-0.343806 -0.863840 139.929760
-0.179725 -0.657752 -86.039312
-0.000661 -0.001743 1.000000
-0.774481 -0.856007 514.012377
-0.579587 -0.428131 -174.612840
-0.001404 -0.001297 1.000000
-0.539883 -0.487565 112.718206
-0.241634 -0.323845 -118.039181
-0.001025 -0.001257 1.000000
-1.144952 0.134385 -869.867788
-0.945473 0.419537 1042.150128
-0.002203 0.000218 1.000000
-0.400978 -0.787875 395.487303
-0.281288 -0.442203 32.909713
-0.000716 -0.001466 1.000000
-2.577463 0.637453 -392.314369
-1.258197 0.298720 230.957449
-0.003785 0.000614 1.000000
-0.717801 -0.936279 180.596076
-0.521472 -0.322454 -163.578761
-0.001202 -0.001165 1.000000
-0.014835 -1.367777 9.720544
0.040224 -0.672824 -172.862692
-0.000094 -0.002431 1.000000
-0.375257 -0.852773 365.127460
-0.198492 -0.435486 -172.895400
-0.000845 -0.001699 1.000000
-0.492606 -1.165902 756.633357
-0.320895 -0.847485 -176.927717
-0.000888 -0.002006 1.000000
-0.994360 -0.265638 428.880944
-0.622271 -0.019473 -444.151874
-0.001781 -0.000589 1.000000
-0.782087 -0.568326 -58.457267
-0.527879 -0.358671 -17.796396
-0.001301 -0.001088 1.000000
0.355171 -1.880496 244.324130
0.444168 -1.743510 -266.636105
0.000643 -0.003726 1.000000
-0.312068 -0.818324 287.136223
-0.323228 -0.624717 -166.591969
-0.000804 -0.001675 1.000000
-0.534273 -1.329944 1206.174864
-0.140667 -1.003448 -228.344661
-0.000657 -0.002174 1.000000
-0.767451 -0.239979 558.771565
-0.641267 -0.353243 -501.426092
-0.001488 -0.000881 1.000000
0.386805 -1.777121 397.725707
0.171973 -1.692943 -234.271368
0.000416 -0.003359 1.000000
-0.327131 -1.249821 777.090554
0.070067 -1.111059 -182.645572
-0.000421 -0.002316 1.000000
-0.341750 -0.653630 -8.249932
-0.272119 -0.564632 -32.694682
-0.000894 -0.001517 1.000000
-0.740782 -0.711919 830.404160
-0.476812 -0.456234 -121.805826
-0.001051 -0.001354 1.000000
-0.329026 -1.162385 318.727098
-0.207045 -0.878479 -4.510404
-0.000605 -0.002167 1.000000
0.266947 -1.744286 -281.324544
0.290764 -1.424502 -358.045716
0.000415 -0.003229 1.000000
-0.373629 -0.955797 416.790043
-0.261681 -0.638008 -79.846962
-0.000750 -0.001759 1.000000
-1.240393 -0.420021 217.107436
-0.870802 0.110307 -40.380091
-0.001816 -0.000353 1.000000
0.242607 -1.198658 5.780928
0.199594 -1.093014 -80.590650
0.000363 -0.002790 1.000000
0.530052 -2.019931 -83.361874
0.268116 -1.485243 -183.098716
0.001108 -0.004081 1.000000
-0.353125 -0.844192 726.664731
-0.187584 -0.414390 -97.848894
-0.000645 -0.001590 1.000000
-0.376799 -1.003627 666.610341
-0.172924 -0.420902 -131.499718
-0.000785 -0.001577 1.000000
-1.744156 1.098277 6823.224035
-1.201634 0.651894 -4005.114813
-0.003538 0.001650 1.000000
-0.637570 -0.850145 467.644307
-0.340450 -0.592886 -682.429208
-0.001164 -0.001590 1.000000
-0.610822 -0.800321 -163.456301
-0.493263 -0.688911 -82.321620
-0.001176 -0.001323 1.000000
-0.026380 -1.433496 724.445863
-0.032180 -0.864815 -59.333658
-0.000151 -0.002399 1.000000
0.131671 -1.881040 358.335892
0.112057 -1.344760 -381.517976
-0.000039 -0.003235 1.000000
0.153895 -1.427668 -225.577960
0.046746 -1.110219 -243.748594
0.000108 -0.002688 1.000000
-0.350905 -1.324236 751.051331
-0.099957 -0.980662 -164.265937
-0.000268 -0.002559 1.000000
-0.463277 -0.859458 925.472747
-0.325794 -0.804220 -328.471235
-0.000836 -0.001816 1.000000
-0.780296 -0.281966 514.108035
-0.631103 -0.324756 17.663629
-0.001398 -0.000899 1.000000
-0.274913 -1.274285 399.265505
-0.072477 -0.979311 -284.641011
-0.000541 -0.002168 1.000000
-0.495507 -0.621810 560.303807
-0.430503 -0.515435 -123.579554
-0.001072 -0.001379 1.000000
-0.528533 -0.877286 471.124740
-0.341972 -0.737164 -98.887599
-0.000973 -0.001696 1.000000
-0.509400 -0.752845 906.147188
-0.363467 -0.669001 -118.631029
-0.001133 -0.001530 1.000000
0.102324 -1.301934 229.367164
0.159386 -1.479646 -4.792885
-0.000017 -0.002955 1.000000
-0.014150 -1.097295 193.997154
-0.001659 -1.028779 -113.743369
-0.000230 -0.002305 1.000000
-0.200940 -1.055499 475.391754
-0.123351 -0.845652 -23.575821
-0.000504 -0.002074 1.000000
0.078418 -1.898794 1184.761922
0.192893 -0.910576 -122.825896
0.000176 -0.002489 1.000000
-0.609674 -0.749924 458.865533
-0.282033 -0.528556 -124.447697
-0.000975 -0.001524 1.000000
-0.662757 -0.875683 863.852844
-0.419374 -0.471686 -313.085741
-0.001235 -0.001340 1.000000
-0.397191 -1.085323 916.867852
-0.189041 -0.719670 -324.068521
-0.000700 -0.001836 1.000000
-0.412044 -0.638924 458.609416
-0.387182 -0.541434 -65.925709
-0.000974 -0.001327 1.000000
-0.961104 0.104839 262.957311
-1.000590 0.175957 -222.123684
-0.002165 0.000192 1.000000
0.516272 -2.081614 1177.118097
0.566110 -1.689655 -394.978723
0.001043 -0.003697 1.000000
-0.837719 -0.428086 431.585606
-0.668239 -0.077404 -182.143388
-0.001597 -0.000755 1.000000
-0.249642 -1.113183 720.368197
0.014654 -0.960295 -144.206868
-0.000221 -0.002602 1.000000
-0.656981 -0.708797 642.407656
-0.375077 -0.359505 -60.809223
-0.001177 -0.001232 1.000000
-0.821870 -0.793095 1146.140694
-0.219828 -0.210166 -84.037795
-0.001279 -0.001053 1.000000
-1.190179 0.403518 616.342195
-0.596258 0.160152 -363.992143
-0.002139 0.000143 1.000000
-0.838165 -0.348004 2597.517464
-0.444384 -0.250219 762.315808
-0.001483 -0.000947 1.000000
-0.454165 -1.092892 2106.162805
-0.272935 -0.517808 245.956619
-0.000957 -0.001543 1.000000
-0.484842 -1.245320 1343.659654
-0.127340 -0.434799 -51.602412
-0.000699 -0.001800 1.000000
-0.452930 -0.893154 780.386621
-0.333240 -0.703679 -302.818670
-0.000850 -0.001757 1.000000
-0.112849 -1.400841 290.278618
-0.030139 -1.074226 -177.614339
-0.000419 -0.002533 1.000000
-0.747875 -0.367422 548.943099
-0.368455 -0.283191 -491.428069
-0.001489 -0.000815 1.000000
-0.169148 -1.079578 112.698815
0.011632 -0.943605 34.517832
-0.000253 -0.002274 1.000000
-0.690309 -0.544429 653.618699
-0.646193 -0.383904 -360.236696
-0.001421 -0.000963 1.000000
-0.122884 -1.206739 438.002475
-0.005932 -0.793831 -28.897314
-0.000152 -0.002264 1.000000
-0.426123 -1.134138 413.229248
-0.200425 -0.635018 -160.980123
-0.000810 -0.001761 1.000000
-1.152556 -0.199746 24.370197
-0.683297 0.022792 -540.163016
-0.002119 -0.000157 1.000000
-0.408641 -1.143726 699.510337
-0.145973 -0.695641 -187.289320
-0.000614 -0.002056 1.000000
-0.237419 -1.593017 522.646705
-0.054771 -0.911115 -75.382076
-0.000308 -0.002534 1.000000
-0.573786 -1.338783 1190.277905
-0.142301 -0.319281 53.134662
-0.000685 -0.001705 1.000000
-0.064019 -1.464774 699.425483
-0.138582 -1.021422 21.683487
-0.000313 -0.002598 1.000000
-0.763569 -0.558397 1384.855235
-0.392841 -0.343934 -4.122281
-0.001179 -0.000829 1.000000
-0.352605 -1.009473 937.594867
-0.028075 -0.429602 -128.514727
-0.000550 -0.001959 1.000000
-0.534523 -0.722114 1183.733321
-0.559455 -0.384042 63.796081
-0.001229 -0.001146 1.000000
-0.273920 -0.595036 483.215140
-0.155538 -0.546458 64.300895
-0.000530 -0.001611 1.000000
-0.300062 -1.003408 785.824036
0.026719 -0.756848 -248.306195
-0.000124 -0.002322 1.000000
-0.541602 -0.365865 392.800347
-0.299129 -0.261396 -148.546941
-0.001043 -0.001043 1.000000
1.197837 -0.106627 8.202850
0.028776 1.354991 -28.995582
0.000353 -0.000081 1.000000
-0.155833 -1.128668 403.075678
-0.073454 -0.931292 185.856730
-0.000129 -0.002387 1.000000
-0.511726 -0.884503 354.014479
-0.065214 -1.123904 216.992331
-0.000453 -0.002410 1.000000
-10.951664 14.973262 -4666.476985
-6.243585 12.908083 -290.785657
-0.023629 0.036317 1.000000
0.830470 0.004726 -10.349236
-0.122454 1.008873 25.282877
-0.000159 -0.000019 1.000000
0.200780 -1.602833 653.207602
0.017833 -1.163155 -174.040269
0.000188 -0.003040 1.000000
-0.429120 -0.957227 213.177205
-0.268156 -0.719352 236.077665
-0.000866 -0.001618 1.000000
-0.111522 -1.645276 725.092240
0.295251 -1.463616 -338.052539
0.000281 -0.003214 1.000000
-0.502301 -0.646044 465.784756
-0.312612 -0.604737 -23.227318
-0.000896 -0.001446 1.000000
-0.688770 -0.017968 -60.028483
-0.527946 0.079454 121.614028
-0.001807 -0.000024 1.000000
-0.511595 -1.173573 465.355307
-0.171770 -1.516686 242.023636
-0.000542 -0.002700 1.000000
1.000000 0.000000 -0.000000
-0.000000 1.000000 0.000000
-0.000000 -0.000000 1.000000
3.174593 1.870471 -723.418773
0.039290 4.062382 -279.850080
0.000669 0.004178 1.000000
1.049290 0.272961 4.949965
0.021852 1.081938 55.449232
0.000130 0.000301 1.000000
-0.580759 -0.398698 150.531667
-0.402189 -0.160232 140.666949
-0.001269 -0.000777 1.000000
0.798595 0.055984 59.461626
-0.165103 1.095414 -7.319916
-0.000163 0.000124 1.000000
1.281308 0.117350 -140.587623
0.150471 1.210530 -155.417250
0.000302 -0.000053 1.000000
1.702782 0.626233 -114.457901
0.306720 1.916105 -178.267634
0.000713 0.001181 1.000000
2.241193 0.822828 -312.569608
0.401121 1.996175 -118.592591
0.001294 0.001183 1.000000
0.871742 -2.502452 -1005.016502
0.647514 -1.945132 -271.127425
0.001733 -0.005082 1.000000
0.090537 -1.459344 1366.159532
0.396284 -1.232963 -438.249622
0.000644 -0.003869 1.000000
-0.141320 -1.075133 367.587115
-0.024594 -0.691699 -314.916297
-0.000310 -0.002119 1.000000
-0.761157 -2.927694 1047.520410
0.333329 -3.440525 143.819239
0.000705 -0.005547 1.000000
2.362550 1.830052 -729.907759
0.309780 3.563638 -514.244379
0.000058 0.002516 1.000000
-0.049782 -2.035629 632.265627
0.176888 -1.916043 118.525345
0.000324 -0.004116 1.000000
0.060184 -1.406968 463.497933
0.091457 -1.194468 39.006552
0.000036 -0.002696 1.000000
-5.275197 3.838567 -1930.048896
-2.799874 1.600621 437.443977
-0.007188 0.004755 1.000000
-0.692645 -0.582064 153.039625
-0.605204 -0.211010 145.745737
-0.001427 -0.000742 1.000000
0.088603 -0.838012 318.038069
0.078424 -0.537238 -4.386004
0.000044 -0.002094 1.000000
0.062120 -1.398471 492.509494
0.152757 -0.890245 -32.815919
0.000171 -0.002527 1.000000
-0.048766 -1.506862 642.480976
0.189138 -1.075336 -11.892204
0.000260 -0.002762 1.000000
0.400552 -1.887485 325.138474
0.661188 -1.529071 -62.640333
0.001298 -0.003814 1.000000
1.857529 -5.977977 73.771706
2.525821 -4.512416 -803.632273
0.004713 -0.009772 1.000000
2.464325 -9.011107 -55.234279
4.449401 -6.166886 -1304.555231
0.009750 -0.014951 1.000000
-0.712280 -0.178561 1336.039595
-0.918027 -0.010442 675.865927
-0.002843 0.001012 1.000000
-0.668616 -0.990887 252.006003
-0.361288 -0.611599 264.304155
-0.000897 -0.001565 1.000000
-0.189722 -1.045940 401.438626
-0.088254 -0.758373 32.613912
-0.000226 -0.002127 1.000000
-0.335550 -1.131097 -91.483294
-0.197839 -0.724060 229.523197
-0.000431 -0.001998 1.000000
-0.307382 -1.069563 1394.668677
-0.401527 -0.605596 369.338097
-0.000852 -0.001480 1.000000
-0.051592 -1.530099 765.603770
0.171810 -0.622236 -69.131613
0.000195 -0.002368 1.000000
0.003316 -1.436201 700.534181
-0.003416 -1.016700 -25.214479
-0.000019 -0.002435 1.000000
-0.198171 -1.434317 863.654985
0.038111 -0.609036 60.450707
-0.000075 -0.002051 1.000000
-0.184595 -1.457002 868.996893
0.001548 -0.791436 66.156180
-0.000241 -0.002142 1.000000
0.252389 -2.369450 208.380405
0.313324 -1.850194 -201.407557
0.000534 -0.004035 1.000000
-0.428964 -1.315552 917.333921
-0.072915 -0.464566 -61.195847
-0.000482 -0.001764 1.000000
-0.149102 -1.574680 889.424796
0.070508 -0.857169 -97.952288
-0.000133 -0.002332 1.000000
-0.401584 -1.369821 1490.289297
-0.246297 -0.567055 13.994999
-0.000717 -0.002036 1.000000
1.021487 -3.668201 -47.485589
0.670483 -1.920754 -600.182464
0.001733 -0.005271 1.000000
1.122753 -3.026744 1435.250964
0.639747 -1.690307 -551.637657
0.001703 -0.004746 1.000000
-1.486096 0.513227 -2436.635196
-0.921186 -0.014448 194.575175
-0.002820 0.000586 1.000000
0.477325 -1.920395 13397.487742
0.252380 -1.419844 910.959696
0.000858 -0.004324 1.000000
-0.083303 -1.781994 798.439965
0.093518 -1.108681 -57.182502
-0.000005 -0.002661 1.000000
-0.335744 -1.401411 968.099757
-0.076197 -0.387641 -47.488127
-0.000299 -0.001894 1.000000
0.443392 -2.152190 449.468595
0.487266 -1.338288 -496.086136
0.000963 -0.004197 1.000000
-0.357263 -1.140512 906.572449
-0.116042 -0.366247 13.766815
-0.000580 -0.001543 1.000000
-0.094142 -1.096852 -449.332647
-0.090801 -0.718838 -250.073499
-0.000299 -0.002193 1.000000
-0.738329 -0.620983 -1249.398927
-0.549749 -0.539411 1023.280713
-0.001319 -0.001113 1.000000
-0.046402 -1.900213 711.129326
0.279618 -1.107928 -308.963872
0.000380 -0.003143 1.000000
-3.687239 6.008826 -5284.929997
-2.089390 2.849687 3180.405793
-0.007140 0.008522 1.000000
-0.243870 -0.804628 543.723153
-0.406097 -0.445077 119.388551
-0.000908 -0.001442 1.000000
0.605352 -2.094020 235.092842
0.328977 -1.311284 -429.815499
0.000852 -0.003843 1.000000
-0.541804 -0.281823 110.948855
-0.216785 -0.195977 -87.994865
-0.001202 -0.000843 1.000000
-0.613928 -0.903261 1019.317633
-0.154273 -0.407544 -3.585369
-0.000812 -0.001468 1.000000
-0.262276 -1.001498 596.267792
-0.015729 -0.644220 -59.933141
-0.000146 -0.002068 1.000000
-0.032605 -1.418204 432.464368
0.142302 -0.970201 -258.531721
0.000163 -0.002870 1.000000
-0.214253 -0.461005 587.428792
-0.454740 -0.539994 218.944780
-0.001163 -0.001347 1.000000
-0.196735 -0.739517 793.070233
-0.309150 -0.798020 112.520836
-0.001203 -0.001728 1.000000
-0.142860 -1.060415 532.018427
-0.114446 -0.789014 -86.077163
-0.000438 -0.001980 1.000000
-0.006531 -1.264943 608.673071
-0.008666 -0.689240 13.424893
-0.000171 -0.002280 1.000000
-0.045046 -1.038923 633.702990
-0.055192 -0.723945 55.547549
-0.000389 -0.001924 1.000000
-0.349164 -0.766765 750.746416
-0.247704 -0.430322 60.752640
-0.000776 -0.001500 1.000000
-0.480919 -1.146891 886.086002
-0.120611 -0.504551 -265.956786
-0.000624 -0.001860 1.000000
-0.830340 -0.666117 815.608619
-0.207374 -0.479039 -260.619521
-0.001028 -0.001401 1.000000
-0.402569 -1.231201 883.399300
-0.064990 -0.550271 -88.671067
-0.000506 -0.002003 1.000000
-0.133002 -1.361643 878.463099
0.112573 -0.885678 -114.965178
0.000018 -0.002551 1.000000
3.167352 -5.706862 5525.099083
2.108165 -4.199273 -2151.487185
0.007253 -0.012300 1.000000
-0.436724 -1.222698 666.997960
-0.149865 -0.573028 -167.962023
-0.000618 -0.001906 1.000000
-0.491325 -0.878355 710.930679
-0.297889 -0.773623 -14.647143
-0.000706 -0.001716 1.000000
-0.412719 -1.201986 981.764218
-0.092215 -0.549545 -19.752478
-0.000564 -0.001752 1.000000
0.181471 -1.235940 773.632184
0.108915 -0.470921 -125.437259
-0.000129 -0.002023 1.000000
-0.108159 -1.017655 596.389008
0.022965 -0.564645 -166.500717
-0.000214 -0.002025 1.000000
-0.274497 -1.241462 852.570067
-0.022187 -0.610523 -64.603705
-0.000374 -0.002058 1.000000
-0.377683 -0.761634 357.454750
-0.254205 -0.825823 -106.575904
-0.000770 -0.001942 1.000000
-0.556999 -0.689079 574.505265
-0.390306 -0.623266 -125.918384
-0.000964 -0.001452 1.000000
-0.286545 -0.724924 418.884976
-0.256270 -0.527292 72.246766
-0.000754 -0.001493 1.000000
-0.947472 -0.445165 371.173359
-0.786755 -0.123110 -203.265073
-0.001843 -0.000548 1.000000
-0.288414 -0.987565 798.519840
-0.069163 -0.672533 -229.169857
-0.000377 -0.002123 1.000000
-0.193023 -0.674641 203.688896
-0.029572 -0.699335 -66.729340
-0.000464 -0.002033 1.000000
-0.098233 -0.923528 276.476047
0.050333 -1.187597 -2.274978
-0.000038 -0.002531 1.000000
-0.396576 -1.034640 786.782861
-0.294922 -0.570773 -75.246617
-0.000891 -0.001818 1.000000
-0.230280 -0.759286 718.631395
-0.158407 -0.622703 -142.032309
-0.000659 -0.001823 1.000000
-0.277397 -0.764047 275.501904
-0.196639 -0.605817 -121.885129
-0.000649 -0.001862 1.000000
-0.673151 -0.765037 379.576635
-0.480733 -0.616777 136.573998
-0.001000 -0.001524 1.000000
-0.469063 -0.698298 150.739741
-0.382148 -0.723512 235.323087
-0.000790 -0.001658 1.000000
0.431424 -1.854135 -135.289951
0.695698 -1.976426 -157.326648
0.001198 -0.004427 1.000000
-0.274221 -1.356817 1097.751656
-0.054646 -0.460886 93.892496
-0.000358 -0.001881 1.000000
0.179447 -1.213152 705.453101
0.137124 -0.668905 -673.503787
0.000199 -0.002543 1.000000
-0.038112 -1.392355 956.731617
0.185898 -0.582367 -186.473296
0.000009 -0.002390 1.000000
-0.498876 -0.426622 327.031797
-0.268598 -0.294721 -40.356983
-0.001021 -0.001096 1.000000
-0.378952 -0.906644 684.373036
-0.083971 -0.513791 -152.492270
-0.000804 -0.001635 1.000000
-0.409126 -0.686393 518.611320
-0.255644 -0.326177 -194.238451
-0.000947 -0.001514 1.000000
-1.444788 0.558076 -295.711529
-1.802861 1.071255 -403.324311
-0.003531 0.001607 1.000000
-0.871326 -0.635288 435.438875
-0.766122 -0.385714 -38.710588
-0.001659 -0.001026 1.000000
-0.462093 -0.579956 497.127699
-0.667783 -0.465452 132.736550
-0.001283 -0.001116 1.000000
-0.721039 -0.348480 598.003365
-1.030686 -0.318251 -6.698441
-0.001979 -0.000688 1.000000
-0.589674 -0.731366 731.405860
-0.578579 -0.575410 109.724737
-0.001281 -0.001321 1.000000
-0.583338 -0.565173 446.812410
-0.254715 -0.103195 -392.042800
-0.001050 -0.000961 1.000000
-0.292217 -1.613513 524.234323
-0.116036 -0.898865 131.984822
-0.000436 -0.002265 1.000000
-0.521515 -0.613287 50.528590
-0.372100 -0.427392 130.646942
-0.000973 -0.001331 1.000000
-0.417674 -0.991922 963.303930
-0.116575 -0.605009 -606.042724
-0.000702 -0.001833 1.000000
-0.303722 -1.253949 672.328869
-0.133858 -0.900178 77.973346
-0.000484 -0.002078 1.000000
-0.452243 -0.876704 332.151355
-0.263805 -0.525757 -237.128723
-0.001025 -0.001595 1.000000
0.309470 -1.787036 390.095410
0.348066 -1.207665 -130.099422
0.000510 -0.003352 1.000000
-0.155720 -1.026983 374.939236
-0.149069 -0.691231 -71.705476
-0.000475 -0.002042 1.000000
-0.303773 -0.866080 742.361863
-0.177366 -0.581301 -31.502570
-0.000608 -0.001798 1.000000
-0.274540 -0.935008 386.457488
-0.187964 -0.662032 154.712563
-0.000506 -0.001861 1.000000
-0.257864 -0.670377 99.893076
-0.288317 -0.531128 25.388397
-0.000750 -0.001806 1.000000
-0.131337 -1.177811 872.322195
-0.017891 -0.682693 -309.359646
-0.000322 -0.002171 1.000000
-0.445649 -0.638352 278.364516
-0.398452 -0.335722 -66.737597
-0.000968 -0.001339 1.000000
-0.311466 -1.251776 628.569344
-0.114117 -1.138877 52.212737
-0.000299 -0.002474 1.000000
0.179753 -1.464135 384.998302
0.047643 -1.044250 56.676496
0.000050 -0.002703 1.000000
-0.330473 -0.595964 -17.383791
-0.331201 -0.498911 -29.224459
-0.000926 -0.001424 1.000000
