-0.190384 -0.875286 605.940161
-0.036670 -0.463843 -160.014443
-0.000319 -0.001769 1.000000
0.184036 -1.348512 465.061407
0.181301 -0.882111 -803.028164
0.000492 -0.003128 1.000000
0.033803 -1.027009 217.227744
0.101823 -0.861257 -182.221025
0.000064 -0.002567 1.000000
-0.170254 -0.576486 65.114177
-0.127024 -0.445239 24.041569
-0.000604 -0.001472 1.000000
0.809483 -2.072960 -1161.529713
0.535314 -2.160400 -684.144429
0.001576 -0.005284 1.000000
0.118279 -1.137081 -224.453360
0.091190 -1.250639 -564.117923
-0.000060 -0.002859 1.000000
0.064029 -1.088519 -15.263904
0.085409 -0.862275 -272.145514
0.000198 -0.002639 1.000000
0.057217 -1.165841 -61.981504
0.001544 -0.682863 -96.909304
-0.000018 -0.002568 1.000000
0.392095 -1.566683 28.752162
0.370049 -1.091505 -545.818772
0.000602 -0.003085 1.000000
-0.520845 -0.643934 893.451482
-0.241552 -0.656314 -115.908653
-0.000858 -0.001358 1.000000
-0.153591 -0.875526 545.166091
-0.008698 -0.875816 -574.150304
-0.000021 -0.002552 1.000000
-0.209190 -0.623203 -58.956179
-0.163705 -0.436189 -72.394120
-0.000541 -0.001760 1.000000
0.613944 -2.523999 944.515559
0.498152 -1.752515 -735.900916
0.001149 -0.004411 1.000000
0.300935 -1.573090 -80.363441
0.534545 -1.288007 -509.181815
0.000464 -0.003295 1.000000
0.126773 -1.080546 265.689818
0.048673 -0.882569 -133.231360
0.000001 -0.002404 1.000000
0.082718 -1.112633 330.183825
0.006489 -0.842266 -180.969203
0.000072 -0.002432 1.000000
-0.252562 -1.148869 357.625815
-0.168794 -0.868983 -19.512799
-0.000313 -0.002377 1.000000
-0.059379 -0.749629 85.212634
-0.267974 -0.781771 -17.859952
-0.000597 -0.001783 1.000000
0.034853 -1.194561 637.546058
-0.113025 -1.098900 36.363944
-0.000147 -0.002463 1.000000
0.700812 -2.933640 831.769207
0.944411 -2.414667 -1171.257528
0.001992 -0.005729 1.000000
0.092382 -1.257654 381.361152
0.107973 -1.247702 -169.073967
0.000023 -0.002605 1.000000
0.445005 -1.551874 532.065609
0.165368 -1.190861 -482.400262
0.000575 -0.002717 1.000000
-0.273901 -0.727869 1158.577422
-0.292073 -0.407685 295.009032
-0.000659 -0.001488 1.000000
-0.245696 -1.353363 567.483783
-0.102590 -0.834967 -314.708974
-0.000353 -0.002214 1.000000
0.333310 -1.665375 294.546565
0.307683 -1.094886 -526.388583
0.000566 -0.003273 1.000000
0.554181 -2.460026 524.424881
0.243733 -1.498921 -571.395087
0.000931 -0.004228 1.000000
0.076497 -1.162269 251.732751
0.058646 -0.962855 -156.866972
-0.000067 -0.002478 1.000000
0.584593 -1.577148 -225.771869
0.430728 -1.217807 -625.159337
0.000926 -0.003542 1.000000
-0.146961 -0.937987 138.475038
-0.062826 -0.568264 32.771831
-0.000326 -0.001842 1.000000
-0.183877 -0.946171 138.800147
0.004750 -0.859659 -155.874083
-0.000321 -0.002175 1.000000
-0.069723 -1.357742 677.362613
0.051710 -1.150976 -184.779639
0.000098 -0.002773 1.000000
-0.071975 -0.927984 160.261294
-0.116976 -0.872547 -217.941212
-0.000408 -0.002017 1.000000
0.070390 -1.209506 541.063136
0.008739 -0.890123 -169.560370
0.000098 -0.002565 1.000000
0.065407 -1.224616 142.242487
-0.051963 -0.896574 -940.277969
-0.000100 -0.002607 1.000000
0.085863 -1.439358 413.906626
-0.003434 -1.289339 -199.609298
0.000084 -0.002845 1.000000
0.409393 -1.534164 522.119664
0.398259 -1.295654 -171.968526
0.000684 -0.003472 1.000000
-0.266288 -1.013988 89.693341
-0.063248 -0.729131 -163.329993
-0.000475 -0.002047 1.000000
-0.056458 -0.922471 19.644999
0.094238 -0.805201 -686.171030
0.000082 -0.002738 1.000000
-17.948325 22.577596 -4712.882551
-9.733958 11.354373 11688.393465
-0.029723 0.039107 1.000000
1.083200 -2.636690 1782.246228
0.648941 -1.647753 -561.585655
0.001793 -0.004896 1.000000
0.260793 -1.803311 1085.469333
0.191896 -1.210230 -931.396619
0.000480 -0.003524 1.000000
0.007080 -1.142368 120.519517
-0.047405 -0.628336 -138.867570
-0.000203 -0.002137 1.000000
0.112504 -1.326683 0.919667
0.165457 -0.821734 -428.507335
-0.000051 -0.002577 1.000000
-0.322121 -0.591111 -41.330341
-0.298610 -0.567819 -55.238065
-0.000862 -0.001454 1.000000
-0.018155 -1.027044 102.047824
-0.028987 -0.801616 -50.037905
0.000074 -0.002546 1.000000
0.029745 -1.153709 36.226979
0.109786 -0.704552 -284.394850
0.000049 -0.002552 1.000000
0.209192 -1.116019 95.344894
0.181440 -0.812189 -130.753390
0.000089 -0.002465 1.000000
0.291432 -1.602066 543.167209
0.090261 -1.181484 -265.083367
0.000099 -0.002997 1.000000
0.323163 -1.433345 540.311411
0.099085 -0.895457 -112.138495
0.000361 -0.002851 1.000000
0.371087 -1.596934 -468.307155
0.199084 -1.083983 -379.319737
0.000418 -0.003265 1.000000
0.686704 -1.879507 833.905966
0.323495 -1.071534 -116.114514
0.000798 -0.003203 1.000000
-0.078000 -0.945141 1083.974125
-0.054126 -0.933810 -219.855185
-0.000380 -0.002374 1.000000
-23.962245 32.811601 12464.715132
-15.937998 23.962947 25150.336887
-0.042710 0.057786 1.000000
0.785119 -2.091771 697.339989
0.434720 -1.221616 -751.074255
0.001067 -0.003820 1.000000
0.666181 -2.200951 715.486421
0.667544 -2.268465 -573.990099
0.001050 -0.004559 1.000000
0.061326 -1.668938 747.242834
0.296255 -1.152149 -220.830595
0.000287 -0.002959 1.000000
-0.355744 -0.830181 -77.130304
-0.049729 -0.728085 -139.653616
-0.000710 -0.001741 1.000000
0.151242 -0.984121 -31.539042
0.082936 -0.886519 -246.032768
-0.000115 -0.002150 1.000000
-0.246523 -0.770877 517.303957
-0.181654 -0.533238 -130.428997
-0.000667 -0.001547 1.000000
-0.119387 -1.288704 628.127674
-0.039337 -0.889820 -223.887937
-0.000358 -0.002297 1.000000
0.245087 -1.526691 -762.404752
0.193666 -1.323634 -423.094655
0.000184 -0.003065 1.000000
1.801399 -4.456343 974.641407
1.203347 -2.413007 -901.620399
0.003283 -0.007479 1.000000
0.432289 -1.480074 -308.736496
0.171160 -0.937480 -173.946816
0.000830 -0.003506 1.000000
0.018175 -1.492509 509.921225
0.120938 -1.190998 -287.084193
0.000139 -0.002987 1.000000
0.235687 -1.896991 858.965739
0.114153 -0.797052 -284.398846
0.000353 -0.002877 1.000000
0.341723 -1.770403 711.671535
0.212181 -1.082351 -919.566469
0.000301 -0.003337 1.000000
0.517160 -2.541064 747.648598
0.177050 -1.649106 -609.805508
0.000492 -0.003957 1.000000
-0.098089 -1.310797 329.466030
-0.084884 -0.825285 -293.146976
-0.000346 -0.002347 1.000000
0.628235 -1.989648 -582.781674
0.300180 -1.531481 -419.711238
0.001348 -0.004641 1.000000
-0.176504 -0.842623 148.395068
-0.148285 -0.600949 -22.843150
-0.000478 -0.001879 1.000000
-0.046946 -1.383467 272.550908
0.085192 -1.141286 -426.325044
-0.000042 -0.002734 1.000000
0.556265 -1.820527 1722.432687
0.697653 -2.072224 -594.081258
0.001228 -0.004408 1.000000
-0.043355 -1.119937 411.157025
-0.039315 -0.743604 -392.799770
-0.000156 -0.002467 1.000000
0.094822 -1.144419 327.069046
-0.075928 -0.623173 -128.901271
-0.000201 -0.002151 1.000000
1.790353 -3.156645 627.129283
1.090629 -2.664666 -1505.187991
0.002326 -0.006080 1.000000
0.150136 -1.737258 614.690862
0.326304 -1.460996 -768.289872
0.000388 -0.003292 1.000000
0.361791 -1.584036 -437.894520
0.331216 -1.061487 -310.612239
0.001242 -0.004179 1.000000
-0.189242 -0.670015 -83.027457
-0.098674 -0.504698 93.496056
-0.000495 -0.001689 1.000000
-0.432587 -0.960974 221.188789
-0.308722 -0.666563 57.138215
-0.000798 -0.001694 1.000000
-0.306786 -0.655608 264.572694
-0.243705 -0.526558 59.230807
-0.000725 -0.001277 1.000000
-0.222687 -0.761345 248.694929
-0.166631 -0.527702 77.634259
-0.000561 -0.001427 1.000000
-0.206231 -1.315044 73.254437
0.102256 -1.045777 -314.897938
0.000109 -0.002620 1.000000
-0.089385 -1.395249 110.657912
-0.061852 -1.027318 -175.736496
-0.000047 -0.002592 1.000000
-0.000385 -1.093233 477.196143
0.054469 -0.883883 -105.228169
-0.000257 -0.002265 1.000000
0.010101 -1.237183 -325.457200
0.062330 -0.777030 -56.904026
0.000029 -0.002471 1.000000
-0.144214 -0.518034 89.199123
-0.049648 -0.339873 -7.166934
-0.000304 -0.001740 1.000000
-0.077405 -1.133941 630.007192
-0.181755 -0.983435 -119.025839
-0.000208 -0.002489 1.000000
-0.223667 -0.938966 465.504567
-0.199118 -0.664781 -39.036533
-0.000518 -0.001787 1.000000
-0.295902 -0.475757 -86.817317
-0.111369 -0.529681 55.420798
-0.000556 -0.001716 1.000000
0.221162 -2.015453 385.507762
0.245050 -1.228905 -220.222114
0.000271 -0.003011 1.000000
1.095473 -4.333464 130.384881
1.018794 -2.774003 -1117.713123
0.001986 -0.006406 1.000000
-1.111658 -0.063124 -179.632577
-0.886377 0.059951 468.873418
-0.001916 -0.000029 1.000000
-0.929262 -0.157424 -371.200555
-0.843824 0.108030 578.656602
-0.002017 0.000294 1.000000
-0.010324 -1.292727 -492.925235
-0.057393 -0.818658 271.162452
-0.000062 -0.002729 1.000000
-0.463949 -0.760906 -96.660043
-0.165951 -0.550418 -67.276813
-0.001060 -0.001555 1.000000
-0.147144 -1.188882 495.824443
-0.135971 -0.810255 -243.538873
-0.000314 -0.002251 1.000000
-0.584710 -0.379589 -128.664248
-0.327341 -0.245273 -23.107527
-0.001154 -0.001121 1.000000
-0.292635 -0.824571 0.174960
-0.185038 -0.596074 -22.629653
-0.000613 -0.001713 1.000000
18.313819 -35.546443 22766.532420
12.474661 -19.763585 -10031.198603
0.036283 -0.057142 1.000000
-0.095591 -1.329595 389.852803
-0.094484 -1.093450 -71.503615
-0.000174 -0.002626 1.000000
0.101362 -2.440220 802.236521
0.527301 -2.078478 -183.911211
0.000598 -0.003955 1.000000
-0.102593 -1.208327 646.229237
-0.066659 -0.995267 -247.989493
-0.000095 -0.002438 1.000000
0.664467 -2.051551 494.820531
0.368906 -1.290584 -543.026062
0.000980 -0.003665 1.000000
0.013563 -1.743033 826.285940
0.054251 -1.100439 -87.663293
0.000057 -0.002596 1.000000
0.177832 -1.702746 463.094022
0.201598 -1.177954 -177.552981
0.000220 -0.002687 1.000000
-0.301102 -0.891088 981.559620
-0.270992 -0.760630 -482.995741
-0.000602 -0.001893 1.000000
-0.179903 -1.198729 537.393853
0.060544 -0.948942 -100.333831
-0.000078 -0.002486 1.000000
-0.168441 -0.751913 322.020146
-0.065651 -0.527870 1.424368
-0.000399 -0.001578 1.000000
0.196428 -1.996663 458.338636
0.173184 -1.321437 -298.119218
0.000360 -0.003410 1.000000
0.057093 -1.752679 200.223599
0.411160 -1.469066 -64.232177
0.000368 -0.003222 1.000000
-0.330733 -0.871808 214.462679
-0.205200 -0.438184 47.020770
-0.000591 -0.001584 1.000000
-0.112267 -1.314943 83.185460
0.025701 -0.977804 20.316179
0.000008 -0.002315 1.000000
0.119492 -1.474087 -231.199388
0.188304 -1.082953 -235.835626
0.000354 -0.003088 1.000000
-0.149030 -0.987637 582.917223
0.057516 -0.695432 -181.089817
-0.000204 -0.002177 1.000000
0.405804 -1.465030 408.310909
0.185364 -1.137504 -268.582528
0.000358 -0.003173 1.000000
0.855993 -3.153189 1361.993257
1.244980 -2.462816 -1396.506597
0.002195 -0.006332 1.000000
0.354972 -1.638677 681.568546
0.095104 -1.488695 -73.531793
0.000317 -0.003200 1.000000
-0.098748 -1.080713 398.554060
-0.008722 -0.655630 -33.829131
0.000013 -0.002205 1.000000
-0.382810 -0.831281 356.710397
-0.248571 -0.550052 184.047662
-0.000662 -0.001425 1.000000
-0.250461 -1.986850 452.462317
0.119040 -1.515563 -13.812026
-0.000128 -0.003273 1.000000
-0.260568 -1.379507 559.572014
-0.110217 -0.910727 176.488436
-0.000168 -0.002303 1.000000
-1.378589 -1.847158 900.654311
-0.549532 -1.803056 524.356828
-0.001093 -0.002690 1.000000
-0.701942 -1.206941 481.899157
-0.367672 -0.888318 317.441338
-0.000933 -0.001812 1.000000
1.345125 -0.270780 16.108955
0.253091 0.982576 -154.007849
0.000519 -0.000497 1.000000
0.951629 -0.052503 -2.945256
-0.005671 0.930621 -1.617231
-0.000058 -0.000076 1.000000
2.946650 1.236766 -701.071869
0.249210 3.233408 -441.033360
0.001030 0.001984 1.000000
-0.203029 -1.394332 610.193065
-0.066505 -0.937525 94.227367
-0.000167 -0.002282 1.000000
-0.301388 -1.636108 762.642017
-0.097066 -1.373146 169.158361
-0.000097 -0.002847 1.000000
0.126044 -0.810066 323.798500
-0.145710 -0.416014 235.615672
-0.000231 -0.001495 1.000000
0.114054 -1.570031 597.949591
0.025957 -0.997103 102.715565
0.000157 -0.002627 1.000000
1.000000 -0.000000 0.000000
-0.000000 1.000000 0.000000
-0.000000 -0.000000 1.000000
1.076762 0.002403 -62.717145
0.082084 1.121512 -84.356233
0.000064 0.000038 1.000000
1.016406 0.130602 -56.856736
-0.171078 1.126279 20.002935
-0.000096 0.000240 1.000000
1.157089 -0.015158 -37.902839
-0.152366 1.134443 109.674212
0.000126 0.000054 1.000000
-0.425110 -0.695144 234.080927
-0.417379 -0.488569 198.596961
-0.000946 -0.001204 1.000000
-0.604575 -0.453784 -219.482002
-0.456885 -0.370515 133.197725
-0.001193 -0.000956 1.000000
-0.175265 -1.117427 282.492654
-0.140144 -0.642672 -63.131085
-0.000360 -0.001982 1.000000
-0.177574 -1.220868 288.459794
-0.040816 -0.839457 -28.173421
-0.000237 -0.002130 1.000000
-0.104281 -2.233562 661.470332
0.073617 -1.467234 26.062876
0.000034 -0.003753 1.000000
3.752012 1.426305 -1233.911567
0.538114 3.989412 -1067.994633
0.001253 0.002219 1.000000
-1.570777 -1.399225 968.662093
-0.179224 -1.452156 443.729779
-0.000811 -0.002790 1.000000
-0.550503 -0.749032 295.840881
-0.240799 -0.457392 157.616190
-0.000923 -0.001376 1.000000
0.135676 -1.375812 452.539040
-0.100470 -0.847234 149.127074
0.000033 -0.002411 1.000000
0.762413 -0.650801 161.098732
0.021112 0.475867 -34.048808
0.000186 -0.001151 1.000000
-0.754905 -1.550494 895.985487
-0.118678 -1.339825 401.892401
-0.000364 -0.002536 1.000000
0.928432 -0.385689 165.608522
0.133533 1.009304 -119.357279
0.000325 -0.000614 1.000000
0.296706 -0.530869 285.287367
-0.039849 0.296455 22.043369
-0.000241 -0.000965 1.000000
2.802808 4.467961 -1620.002653
-0.645929 7.410664 -1195.275452
-0.001381 0.008484 1.000000
2.098483 -112.569059 24208.052732
35.532024 -118.532117 -12362.849811
0.053803 -0.190574 1.000000
0.021949 -1.230754 384.910908
-0.115032 -0.766898 102.452571
-0.000190 -0.002324 1.000000
-0.114506 -1.024224 509.110722
-0.127915 -0.364678 53.867414
-0.000246 -0.001847 1.000000
0.190330 -1.331799 447.149938
0.048698 -0.759778 -157.477863
0.000378 -0.003123 1.000000
0.580879 -1.443799 257.947230
0.069385 -0.558335 -143.826911
0.000459 -0.002818 1.000000
0.025642 -1.000667 413.633607
-0.027886 -0.586004 -89.518741
-0.000175 -0.002144 1.000000
-0.529370 -0.777768 756.090022
-0.172204 -0.636606 47.844175
-0.000534 -0.001779 1.000000
0.908193 -3.265708 2044.995559
0.450403 -1.282826 -780.040843
0.001498 -0.004695 1.000000
-0.241932 -1.076099 388.597927
-0.158861 -0.908873 103.320397
-0.000468 -0.002133 1.000000
0.426610 -2.453799 754.738088
0.412988 -2.196185 97.974047
0.001048 -0.004714 1.000000
-2.402451 1.777104 -260.599499
-1.071055 0.776485 944.139888
-0.003822 0.003178 1.000000
-0.056439 -1.484815 552.326134
-0.082303 -1.136006 227.617602
-0.000073 -0.002631 1.000000
-0.211861 -0.958286 400.585984
-0.162459 -0.697921 205.559913
-0.000509 -0.001837 1.000000
-0.432998 -0.560115 121.752862
-0.296164 -0.257457 74.577029
-0.001138 -0.000918 1.000000
-0.233034 -0.918022 -139.370373
-0.222806 -0.764365 404.526106
-0.000433 -0.001784 1.000000
0.262755 -1.701420 928.160202
0.590742 -1.814436 -1009.281939
0.000972 -0.004188 1.000000
2.417064 -3.470755 1153.009913
2.531340 -3.576277 -2141.116073
0.004998 -0.008534 1.000000
0.713913 -2.121889 346.450030
0.692388 -1.951226 -637.128695
0.001456 -0.004703 1.000000
-3.684572 3.363018 5164.954957
-2.629576 3.724943 2549.051181
-0.006269 0.007066 1.000000
0.305111 -1.166654 -250.346794
0.141214 -1.368957 -285.408502
0.000528 -0.003433 1.000000
0.559934 -2.201248 -621.782793
0.589714 -1.730235 -1819.106131
0.001291 -0.004554 1.000000
-0.364027 -0.844557 188.495272
-0.240984 -0.498467 -71.446022
-0.000693 -0.001760 1.000000
-0.032645 -1.641480 617.234652
0.089757 -1.598104 142.834104
0.000230 -0.003450 1.000000
0.113886 -1.270455 471.391752
-0.003419 -1.018566 177.711443
-0.000012 -0.002346 1.000000
1.036946 -2.664474 -612.759223
1.158412 -2.932565 -1248.251803
0.003814 -0.008442 1.000000
0.732203 -2.253635 -1331.906808
1.010042 -2.565180 -1477.714547
0.001577 -0.005466 1.000000
-0.074615 -0.415891 74.632230
-0.107896 -0.383588 96.528186
0.000066 -0.002080 1.000000
-0.074378 -0.709888 117.069575
0.006740 -0.807801 86.391547
-0.000018 -0.002247 1.000000
-0.159270 -1.442682 591.423301
-0.019521 -1.567151 -224.140763
0.000141 -0.003238 1.000000
0.598365 -1.378659 -585.705306
0.234792 -0.985852 -386.047501
0.001045 -0.003669 1.000000
-1.314235 0.864863 765.339076
-1.073099 0.344850 1501.345314
-0.003104 0.001867 1.000000
0.053982 -1.113430 -30.753135
0.027199 -0.651216 -56.472596
0.000080 -0.002672 1.000000
0.222306 -1.290827 128.589233
0.257211 -1.080613 -326.356897
0.000516 -0.002957 1.000000
-0.132059 -1.603592 -61.145234
0.207926 -1.295120 -283.619797
-0.000025 -0.003095 1.000000
0.004964 -1.187095 536.541821
0.070059 -1.018986 -367.547514
-0.000108 -0.002686 1.000000
-0.203135 -1.097170 159.876799
-0.178876 -0.656721 68.678240
-0.000519 -0.001942 1.000000
-0.426031 -0.991161 255.710044
-0.250782 -0.532619 127.400444
-0.000727 -0.001558 1.000000
-0.070294 -0.710493 -198.761006
-0.137174 -0.749306 82.147184
-0.000482 -0.002013 1.000000
0.074556 -0.908942 -126.490815
0.035499 -0.914687 -204.875287
-0.000146 -0.002545 1.000000
0.379044 -1.573777 286.886549
0.412643 -1.402666 -590.808453
0.000621 -0.003464 1.000000
0.708256 -2.733155 1606.556590
1.037788 -2.950131 -1039.827053
0.002853 -0.007133 1.000000
0.221759 -1.228317 -324.313364
0.029336 -0.955118 11.920503
0.000195 -0.002636 1.000000
0.608442 -2.062106 948.815433
0.379903 -1.715128 -1631.367471
0.000977 -0.004073 1.000000
0.077076 -1.188656 49.498426
0.097203 -1.146136 -75.589825
0.000856 -0.003650 1.000000
-0.119346 -0.677965 -24.498802
-0.125121 -0.680265 -80.337402
-0.000296 -0.001981 1.000000
-0.020825 -0.915358 151.762118
0.201795 -0.863730 -529.542938
0.000147 -0.002739 1.000000
5.280178 -10.702857 -14515.426723
5.662795 -9.462662 -482.879340
0.011176 -0.021276 1.000000
-0.711241 0.059296 -588.558057
-0.816704 0.324330 759.625856
-0.001788 0.000296 1.000000
1.369002 -3.294722 1745.716389
1.844360 -3.820576 -323.090481
0.002940 -0.007444 1.000000
-0.595793 -0.578644 735.145484
-0.445097 -0.297470 1166.696266
-0.001216 -0.000789 1.000000
0.161020 -1.437239 235.053487
-0.010748 -1.136446 -302.061096
0.000073 -0.002619 1.000000
-0.025289 -0.916101 -309.951575
0.002927 -0.978167 224.946340
0.000138 -0.002321 1.000000
-1.127743 0.097040 2533.613375
-0.927114 0.286225 299.917042
-0.002580 0.000784 1.000000
-1.108207 -0.202335 1162.839405
-0.572876 -0.321218 1911.684779
-0.001628 -0.000342 1.000000
0.151578 -2.200934 1382.068883
0.316721 -1.297868 -232.185138
0.000390 -0.003619 1.000000
1.215469 -4.678839 1146.095112
1.242995 -3.989659 -1251.533749
0.002791 -0.007785 1.000000
-0.643413 -1.076176 864.386379
-0.134004 -0.859003 -322.893521
-0.000642 -0.002133 1.000000
-0.072057 -1.712335 1092.579752
0.197849 -1.145878 -278.162473
0.000096 -0.002933 1.000000
-0.378383 -1.203732 293.916907
-0.036663 -0.812272 -132.213317
-0.000481 -0.001969 1.000000
0.334280 -2.252338 1151.314088
0.194857 -1.428650 -101.776097
0.000504 -0.003361 1.000000
0.591138 -2.577937 1761.144137
0.421703 -2.029442 -623.541330
0.001096 -0.004606 1.000000
-0.424454 -1.115033 1457.478250
-0.048196 -0.736976 -153.345961
-0.000447 -0.001968 1.000000
-0.718262 0.022784 2507.943872
-0.752565 -0.168936 1299.117447
-0.001657 -0.000102 1.000000
-0.296185 -1.158608 343.927441
-0.093828 -0.848441 6.409075
-0.000360 -0.002129 1.000000
-1.031241 -0.276820 151.599832
-0.703683 0.025865 1089.651515
-0.001848 0.000039 1.000000
0.116046 -1.856497 -1764.160783
-0.067841 -1.733519 271.301766
0.000352 -0.003660 1.000000
0.362940 -2.086448 1100.338159
0.267240 -1.365132 -150.401998
0.000462 -0.003172 1.000000
1.303232 -3.289380 1267.891962
0.684668 -1.547204 -710.756521
0.002016 -0.005175 1.000000
1.057136 -2.951794 464.865278
0.385452 -1.195529 -1325.596513
0.001731 -0.004722 1.000000
-1.393601 0.427866 -254.046708
-0.783178 0.274840 1058.381272
-0.002717 0.001165 1.000000
0.231062 -1.733836 1607.812038
0.273238 -1.429797 -485.797109
0.000639 -0.003731 1.000000
-1.779005 1.592620 -319.983510
-1.483188 1.061171 2505.812867
-0.003366 0.002662 1.000000
-0.130355 -1.395477 1007.671095
0.010509 -0.519987 -27.779348
-0.000183 -0.002055 1.000000
-0.445066 -0.882404 910.538241
-0.446245 -0.888859 920.460072
-0.000676 -0.001518 1.000000
0.127935 -1.328377 -1616.651855
0.266765 -1.206963 -760.015261
0.000201 -0.002923 1.000000
-0.108851 -1.182336 866.917442
-0.190432 -0.611760 -18.008479
-0.000387 -0.001841 1.000000
0.886125 -2.376868 -616.661360
0.238023 -1.279554 -413.351237
0.001092 -0.004482 1.000000
-0.005329 -1.857735 977.129813
0.152632 -1.592161 -81.908800
0.000126 -0.003530 1.000000
0.039465 -1.398015 954.375680
0.159726 -0.843169 -80.692044
0.000075 -0.002649 1.000000
-0.490814 -0.675085 1208.089502
-0.238416 -0.456949 -311.301740
-0.000768 -0.001235 1.000000
-0.178272 -1.298869 939.370105
0.100220 -0.841711 -286.386604
-0.000179 -0.002428 1.000000
-0.314335 -0.682213 668.736551
-0.315647 -0.610639 -256.706953
-0.000734 -0.001477 1.000000
0.544264 -2.313789 656.851502
1.149716 -2.532426 -667.419893
0.002090 -0.005194 1.000000
0.434889 -2.445727 2472.265225
0.820519 -1.775272 -1053.737682
0.001589 -0.004962 1.000000
0.609808 -2.263305 1087.189220
0.270786 -1.237427 -282.201124
0.001247 -0.003966 1.000000
0.487294 -2.072736 990.207015
0.629876 -1.778610 -424.483293
0.001184 -0.004113 1.000000
-0.316207 -1.205825 815.810061
-0.023095 -0.667577 -48.311669
-0.000380 -0.002055 1.000000
-0.240137 -1.011996 741.621885
-0.056701 -0.741331 -166.069466
-0.000315 -0.002046 1.000000
0.797422 -2.966392 2200.182880
0.581145 -2.149998 -729.778681
0.001921 -0.005906 1.000000
-0.043557 -1.462161 814.653715
-0.002032 -0.769586 -50.734372
-0.000083 -0.002358 1.000000
3.847578 -4.702752 -7161.762007
2.598805 -5.573011 -5216.639457
0.008350 -0.014414 1.000000
-0.180987 -1.034949 777.233301
-0.088640 -0.458879 -163.973555
-0.000117 -0.002179 1.000000
-0.459145 -0.921049 832.340539
-0.156751 -0.875698 64.467446
-0.000550 -0.001806 1.000000
-0.024145 -1.375394 815.501148
-0.084562 -0.765426 29.404311
-0.000106 -0.002331 1.000000
-0.260172 -0.889721 382.508781
0.008837 -0.580526 -224.779758
-0.000346 -0.002031 1.000000
4.686678 -6.664442 -2032.010134
3.069186 -5.869427 -5206.311234
0.008326 -0.013814 1.000000
-0.490050 -0.722315 869.569752
-0.181677 -0.431885 -43.708294
-0.000622 -0.001396 1.000000
0.515211 -1.443798 483.150036
0.641845 -1.767044 -356.667110
0.000917 -0.003827 1.000000
1.280433 -2.779982 91.701041
1.030193 -1.987146 -719.790701
0.002310 -0.004750 1.000000
-0.015057 -1.328768 505.375970
0.139114 -1.303200 -48.835039
-0.000022 -0.002769 1.000000
-0.238689 -1.053318 866.705727
-0.111471 -0.900581 -64.641534
-0.000385 -0.002154 1.000000
-0.048255 -1.330686 522.643737
0.111863 -0.891390 -121.051920
0.000091 -0.002758 1.000000
0.321645 -1.614733 629.191423
0.277990 -1.260986 -132.618324
0.000514 -0.003024 1.000000
-0.288821 -0.861043 562.978617
0.037472 -1.190588 64.384399
-0.000157 -0.002452 1.000000
0.164709 -1.709561 1077.664829
0.415643 -1.344108 -477.143804
0.000447 -0.003518 1.000000
-0.000161 -1.325737 561.951797
0.156811 -1.100592 -42.367170
0.000237 -0.002768 1.000000
-0.063666 -0.952168 392.550221
-0.027431 -0.922195 31.405964
-0.000233 -0.002213 1.000000
-0.201622 -1.106772 615.713051
-0.183851 -1.135353 24.031760
-0.000473 -0.002349 1.000000
-0.076206 -0.834147 296.529476
-0.029499 -0.863596 162.664059
-0.000099 -0.002065 1.000000
0.306221 -1.729370 506.172797
-0.035798 -1.711208 76.746876
0.000301 -0.003546 1.000000
-0.493315 -0.874623 961.232262
-0.193115 -0.377952 40.909314
-0.000474 -0.001575 1.000000
4.572202 -5.824816 -4024.848103
1.982512 -2.903023 -3051.704633
0.006255 -0.009509 1.000000
-0.469969 -0.740826 778.835828
-0.181174 -0.418791 23.548029
-0.000668 -0.001363 1.000000
-0.101493 -1.357855 489.018903
-0.142344 -0.756286 130.739354
-0.000260 -0.002284 1.000000
-0.152344 -1.044700 857.606157
-0.022078 -0.687198 -53.716997
-0.000074 -0.002249 1.000000
0.295696 -1.775598 819.912588
0.101423 -0.957685 -225.223360
0.000343 -0.003020 1.000000
0.960724 -2.646626 432.050251
0.638135 -2.424061 -348.174835
0.001333 -0.005142 1.000000
-0.120412 -1.157788 443.852561
-0.013570 -1.132808 38.119329
-0.000091 -0.002692 1.000000
0.030406 -1.039865 402.646899
-0.015437 -1.016971 54.451429
-0.000094 -0.002222 1.000000
0.106759 -1.657098 844.348578
0.332127 -1.545538 -23.120043
0.000373 -0.003209 1.000000
-0.261378 -0.959616 357.489306
-0.098207 -1.051600 63.509824
-0.000516 -0.002179 1.000000
0.184869 -0.993749 207.342731
0.021643 -0.601136 11.030097
0.000064 -0.002459 1.000000
0.050288 -1.065522 60.317959
-0.029436 -0.929444 -106.002716
-0.000093 -0.002475 1.000000
-0.212679 -1.175740 -58.777578
-0.061657 -0.653836 -150.719709
-0.000435 -0.001941 1.000000
-0.475723 -1.002242 -197.879914
-0.172233 -0.355049 -0.652330
-0.000762 -0.001590 1.000000
-0.211826 -0.918208 582.393662
-0.079552 -0.672414 63.983467
-0.000310 -0.001853 1.000000
-0.454231 -0.909789 480.891098
-0.188987 -0.584655 -408.348421
-0.000720 -0.001717 1.000000
0.687270 -1.480431 -91.932029
0.477342 -1.545462 -380.085008
0.000975 -0.003822 1.000000
-0.010433 -1.122811 236.540750
0.072158 -0.900134 -148.150629
-0.000112 -0.002221 1.000000
-0.039812 -1.412518 723.673161
0.002933 -0.840664 -186.122314
-0.000069 -0.002458 1.000000
1.098317 -2.777956 -342.014881
0.551170 -1.706343 -1046.069332
0.002009 -0.005497 1.000000
-0.328628 -1.154078 -65.885854
-0.057667 -0.913105 -239.221455
-0.000296 -0.002154 1.000000
1.050470 -2.803236 1576.243843
1.026789 -2.414540 -762.643967
0.002569 -0.006269 1.000000
0.622812 -2.350468 988.775086
0.461588 -1.338414 -1500.701379
0.001162 -0.004226 1.000000
0.384332 -1.843278 -65.504399
0.362378 -1.601321 -412.143061
0.001380 -0.004352 1.000000
0.385797 -2.158278 411.890824
0.617001 -1.684714 -762.806742
0.000853 -0.003855 1.000000
0.097461 -0.893045 368.249148
-0.059459 -0.852149 -166.079653
0.000089 -0.002386 1.000000
