-9.396952 8.057735 -4612.351732
-9.584455 23.187461 7219.628910
-0.018933 0.043036 1.000000
-0.793249 -0.296654 717.768529
-0.627345 -0.267209 930.645864
-0.001579 -0.000665 1.000000
0.685648 -3.242626 16.101800
0.047400 -2.208904 163.591334
0.000606 -0.004483 1.000000
-0.863578 -0.090484 272.215579
-0.831533 -0.315764 989.570849
-0.001619 -0.000325 1.000000
0.427594 -2.390945 -109.676902
0.592550 -2.800817 -860.448054
0.001102 -0.004705 1.000000
-9.217464 19.849551 14166.181802
-12.743998 16.972565 -774.125729
-0.028106 0.041471 1.000000
-0.070697 -1.227359 397.785432
-0.307444 -1.396534 46.621222
-0.000112 -0.002966 1.000000
0.600254 -2.130597 808.344870
0.058972 -1.791522 -332.859520
0.000665 -0.004288 1.000000
-2.365260 3.102794 682.587985
-2.024557 2.305751 4404.707631
-0.005213 0.006783 1.000000
-0.448830 -1.311503 522.119698
-0.304400 -1.257676 169.658043
-0.000692 -0.002327 1.000000
-0.261797 -1.346322 201.432319
-0.398596 -1.389462 175.852511
-0.000540 -0.002755 1.000000
-0.176332 -1.311766 242.119023
-0.210982 -1.421852 88.933806
-0.000455 -0.002812 1.000000
0.010724 -3.114476 356.604890
0.370327 -2.290379 -1202.077190
0.001508 -0.006022 1.000000
-0.289584 -1.800145 656.022271
-0.034396 -1.453915 -120.339859
-0.000126 -0.003101 1.000000
0.188994 -1.180967 1153.272595
0.114554 -1.625544 100.324475
0.000554 -0.003342 1.000000
-0.334518 -0.826692 594.609559
-0.313923 -1.158140 268.478300
-0.000506 -0.002265 1.000000
0.257927 -1.361196 717.755059
0.144633 -1.761413 73.845846
0.000231 -0.003616 1.000000
0.375385 -1.780587 -388.797706
0.229579 -1.538203 -342.122701
0.000337 -0.003206 1.000000
0.565517 -2.474548 -451.873648
0.383253 -2.314666 124.103959
0.001262 -0.004894 1.000000
-0.358734 -1.036376 289.485380
-0.588214 -1.429578 523.515551
-0.000711 -0.002217 1.000000
-0.395816 -1.283457 539.219761
-0.296654 -1.326696 207.645493
-0.000510 -0.002534 1.000000
0.242279 -1.445880 -305.807704
-0.118348 -1.100473 -151.290581
-0.000217 -0.002845 1.000000
-0.247424 -0.140916 -78.423670
-0.261959 -0.170859 -26.563124
-0.001001 -0.000829 1.000000
0.413369 -1.781548 648.432594
0.081960 -1.876499 -73.957283
0.000486 -0.003866 1.000000
-0.062961 -1.697988 664.450109
-0.215465 -1.808521 348.331375
-0.000185 -0.003332 1.000000
0.476321 -2.010276 686.189994
0.276258 -1.751236 -410.738588
0.000576 -0.003779 1.000000
-0.605993 -0.878379 -218.159389
-0.501534 -0.760823 503.957796
-0.001040 -0.001563 1.000000
-0.311671 -0.634301 464.347543
-0.343367 -1.035297 207.174079
-0.000664 -0.002055 1.000000
0.272083 -1.442637 445.344101
-0.072126 -1.542077 115.249790
0.000196 -0.003188 1.000000
0.134321 -1.008203 356.553458
0.028635 -3.029024 430.066587
-0.000020 -0.004517 1.000000
-0.074364 -1.072950 680.603748
-0.397519 -1.357602 112.669382
-0.000520 -0.002647 1.000000
-0.399870 -0.955381 355.762257
-0.154148 -0.935590 -14.535645
-0.000561 -0.002044 1.000000
0.072724 -1.413949 1258.745492
-0.046966 -1.982146 14.456917
0.000217 -0.003888 1.000000
-0.285667 -1.080834 746.925963
-0.178874 -0.945525 -90.856902
-0.000568 -0.002238 1.000000
0.334327 -1.601416 705.576620
-0.195567 -1.934667 146.604618
0.000099 -0.003359 1.000000
0.025198 -1.314881 799.591638
0.255006 -1.827631 184.701967
0.000477 -0.003767 1.000000
-4.239277 2.623725 -2802.319737
-2.480410 2.434824 7029.421068
-0.006107 0.007206 1.000000
0.478787 -1.902514 1427.291086
0.824322 -1.791598 -674.356822
0.001294 -0.004617 1.000000
-0.540716 -1.105973 1138.275875
-0.289260 -0.680403 604.801646
-0.000918 -0.002215 1.000000
0.113464 -1.867943 1316.067407
-0.093713 -1.521393 6.998985
0.000372 -0.004037 1.000000
-0.378964 -1.002610 997.974211
-0.218985 -0.585546 1209.793834
-0.000490 -0.001909 1.000000
0.138103 -2.002775 337.885530
-0.192206 -1.455094 87.868300
0.000229 -0.003387 1.000000
1.908122 -3.951518 2157.812432
1.494222 -2.872464 -1139.035632
0.003548 -0.008124 1.000000
-0.384709 -1.038277 852.909522
-0.149816 -0.982610 104.925509
-0.000588 -0.002271 1.000000
1.482959 -4.135773 5054.601516
0.710299 -1.722488 -34.604406
0.004112 -0.007325 1.000000
0.414624 -1.708425 1823.937692
0.013501 -1.312776 152.326776
0.000313 -0.003386 1.000000
-0.105591 -0.766000 620.727196
-0.305690 -1.254139 429.949411
-0.000442 -0.002532 1.000000
-2.888335 3.701424 -2901.239781
-2.962735 3.461079 2533.632213
-0.006091 0.008065 1.000000
21.496795 -28.655801 20416.299999
19.710320 -24.793937 -927.717755
0.035732 -0.062919 1.000000
-0.060807 -1.469678 1311.589894
-0.100690 -0.906420 440.759408
-0.000182 -0.002156 1.000000
1.430769 -2.816661 2092.572943
1.043785 -2.176586 110.025723
0.002313 -0.006940 1.000000
-0.182121 -0.501520 491.968300
-0.334018 -0.851370 457.737287
-0.000805 -0.002317 1.000000
0.270847 -1.685067 1495.964245
0.062736 -1.027356 -72.642738
0.000479 -0.003781 1.000000
-0.710956 -0.613323 1495.786953
-0.703373 -0.362177 813.162541
-0.001431 -0.000733 1.000000
-1.104467 0.723411 -991.535263
-0.999769 0.397757 330.088618
-0.002342 0.000945 1.000000
-0.860305 0.199303 -351.975435
-0.929314 -0.182187 731.034864
-0.001729 0.000184 1.000000
0.323584 -1.848278 3253.637223
0.353958 -1.311642 -457.015501
0.001209 -0.005041 1.000000
-0.383615 -0.715682 114.791316
-0.367989 -0.540501 108.354955
-0.000860 -0.001466 1.000000
-0.770450 -0.157036 725.755959
-0.633553 -0.084430 152.427304
-0.001487 -0.000114 1.000000
-0.300845 -0.418899 693.147719
-0.423578 -0.859380 362.068274
-0.000892 -0.001656 1.000000
-0.092773 -2.337749 -717.521784
0.180999 -1.390063 -429.684085
0.000568 -0.004072 1.000000
-0.327059 -0.333537 -148.743154
-0.413313 -0.459986 -20.200800
-0.001067 -0.001208 1.000000
-0.171378 -1.642536 106.597959
0.039516 -0.965076 4.347603
-0.000330 -0.002745 1.000000
-0.463560 -0.546232 931.526534
-0.425912 -0.472997 351.254092
-0.000894 -0.001278 1.000000
17.744551 -22.191871 15924.228910
7.995846 -13.109576 -6824.332024
0.037267 -0.059889 1.000000
-0.397151 -1.067563 1302.972095
-0.279365 -0.976624 138.091877
-0.000560 -0.002152 1.000000
-1.006780 -0.062223 541.738247
-0.938147 0.109119 1444.329986
-0.001770 -0.000022 1.000000
-0.356846 -1.217329 183.769993
-0.106995 -0.705552 -40.121525
-0.000433 -0.002214 1.000000
-0.240303 -0.779383 45.683526
-0.135712 -0.576073 65.037076
-0.000536 -0.001839 1.000000
-1.071851 0.556887 -4585.888059
-0.988356 0.529261 962.824710
-0.002456 0.001443 1.000000
0.996641 -2.828576 1025.513372
1.091613 -3.101893 -393.605396
0.002696 -0.006157 1.000000
2.427405 -4.304605 3087.135668
3.010551 -4.581131 -970.241465
0.005436 -0.009948 1.000000
-0.432738 -1.021948 242.126772
-0.265809 -0.703289 252.577585
-0.000664 -0.001760 1.000000
-0.394199 -0.413867 46.560234
-0.627127 -0.631647 730.551217
-0.001239 -0.001199 1.000000
0.359690 -2.030745 3249.689452
0.144385 -1.699239 -610.213953
0.000475 -0.003752 1.000000
-2.349884 1.967839 -2221.502802
-2.308548 1.715444 1060.976749
-0.004650 0.004269 1.000000
11.932450 -20.422238 -26669.173099
10.049983 -19.626280 -10510.590739
0.023079 -0.043747 1.000000
-0.621173 -1.882949 -259.128409
-0.324031 -1.273812 354.851294
-0.000639 -0.002833 1.000000
-0.390025 -0.730010 18.929537
-0.472253 -0.797957 359.872802
-0.000827 -0.001450 1.000000
-0.331010 -1.037877 891.180557
-0.202188 -1.129206 175.761304
-0.000479 -0.002246 1.000000
0.135455 -1.668624 312.101690
0.232777 -1.648752 111.944733
0.000410 -0.003302 1.000000
0.576513 -2.510687 963.427537
0.572547 -3.066419 -55.089044
0.001330 -0.005556 1.000000
-0.887868 -0.187286 -356.088286
-0.641496 -0.012299 176.541410
-0.001737 -0.000224 1.000000
1.825961 -3.597115 2575.048302
0.319315 -4.111034 -393.999564
0.002225 -0.008229 1.000000
-0.365727 -1.209839 455.693701
-0.136751 -0.693071 109.340083
-0.000603 -0.001889 1.000000
-0.632512 -0.800023 941.037728
-0.394322 -0.459014 -12.357463
-0.001194 -0.001070 1.000000
-0.715750 -0.989174 618.519738
-0.417351 -0.744218 -45.675403
-0.001011 -0.001566 1.000000
-1.185495 -0.206211 251.099501
-0.654119 -0.131486 1112.434348
-0.001689 -0.000424 1.000000
-0.211034 -1.145683 692.373442
-0.163701 -0.966160 62.220135
-0.000313 -0.002479 1.000000
-0.783074 -0.598293 -114.907970
-0.570224 -0.445861 663.288520
-0.001271 -0.001050 1.000000
0.281172 -1.283380 496.506099
-0.107496 -1.398591 207.975206
-0.000011 -0.002734 1.000000
-0.123637 -1.922492 432.980176
-0.099666 -1.274163 -412.398165
0.000093 -0.002854 1.000000
-0.468386 -1.187080 281.974299
-0.293918 -0.908933 209.928030
-0.000641 -0.001850 1.000000
-3.816777 8.243851 -2694.821031
-3.950815 6.521256 3112.055391
-0.010307 0.014490 1.000000
0.174692 -1.527643 652.918452
-0.155418 -1.223012 -80.331911
0.000006 -0.003284 1.000000
0.973599 -3.286469 1268.020075
0.564122 -3.487084 -552.212212
0.001206 -0.005893 1.000000
1.913723 -6.920844 4288.101607
1.117793 -4.588288 -1385.603466
0.003819 -0.010660 1.000000
-0.936579 -0.208440 908.290894
-0.668406 -0.305573 -171.554421
-0.001494 -0.000864 1.000000
-0.353837 -1.054458 735.216935
-0.411920 -0.990959 40.298089
-0.000835 -0.001978 1.000000
-0.428614 -1.168118 99.684102
-0.383025 -0.767576 307.282222
-0.000814 -0.001778 1.000000
0.340369 -2.479815 2060.143959
0.235103 -2.053591 -304.962176
0.000444 -0.003886 1.000000
0.004179 -1.236164 490.406691
-0.127733 -1.239952 97.204259
-0.000282 -0.002435 1.000000
-2.388794 2.315833 -6845.075044
-3.163346 2.479972 4712.718541
-0.005960 0.005997 1.000000
0.140290 -1.518140 775.964140
0.005404 -1.966722 282.687645
0.000355 -0.003336 1.000000
-0.220906 -1.617279 511.793549
-0.125630 -1.452340 4.345276
-0.000250 -0.002662 1.000000
0.584699 -2.572809 1097.624822
0.509616 -2.041558 -535.422903
0.001043 -0.004421 1.000000
4.212173 -7.456568 5869.519570
3.444431 -5.169429 -3980.763958
0.008178 -0.014138 1.000000
-0.251942 -1.375870 527.099320
-0.272889 -1.184646 251.815164
-0.000395 -0.002175 1.000000
-1.059254 -0.447411 -156.984301
-0.998297 0.084126 840.073467
-0.001870 -0.000086 1.000000
-0.693314 -0.823822 585.788182
-0.478481 -0.632331 188.125395
-0.000983 -0.001225 1.000000
-0.445857 -1.253425 579.375757
-0.245283 -1.161685 118.719429
-0.000584 -0.002202 1.000000
1.064419 -3.736323 1104.005581
1.511047 -5.620980 -897.100503
0.003490 -0.010194 1.000000
-0.216707 -2.224948 -192.334733
-0.024765 -1.061322 -325.056440
-0.000214 -0.003165 1.000000
8.183181 -11.323505 3472.724575
3.091315 -5.536456 -1679.887821
0.010777 -0.017188 1.000000
0.033396 -1.711261 1240.684086
0.156475 -0.921265 -137.186807
0.000588 -0.003042 1.000000
-0.275742 -1.047835 384.005219
-0.387665 -1.117530 243.505801
-0.000647 -0.001987 1.000000
-0.328391 -1.385201 -1.809070
-0.408579 -1.300722 428.841205
-0.000611 -0.002225 1.000000
1.051618 -3.607740 -87.614371
0.463531 -2.466839 -289.370782
0.001201 -0.005214 1.000000
0.221330 -1.772499 414.132441
-0.058717 -1.551454 -305.593180
0.000065 -0.003221 1.000000
0.304500 -2.501886 476.612096
0.303776 -2.104425 -3.227564
0.000713 -0.003999 1.000000
-0.075919 -0.834871 201.800348
-0.089565 -0.940796 202.710401
-0.000278 -0.002094 1.000000
-0.294301 -0.450903 199.429400
-0.341367 -0.461752 211.981155
-0.000976 -0.001108 1.000000
-0.496926 -0.882841 464.923861
-0.382953 -0.804517 170.853068
-0.000945 -0.001650 1.000000
-0.258385 -1.262751 325.218828
-0.139966 -1.083187 -283.956275
-0.000301 -0.002410 1.000000
0.425750 -2.977292 412.018691
0.580039 -2.429830 -400.230836
0.000988 -0.004611 1.000000
-0.130683 -1.424367 805.459765
-0.150125 -1.238802 148.708351
-0.000362 -0.002510 1.000000
-1.480477 0.921729 198.528019
-1.759371 1.393660 3538.739402
-0.004050 0.003211 1.000000
-0.855867 -0.047892 37.389960
-0.959913 -0.100837 -241.506854
-0.001625 -0.000206 1.000000
-0.170707 -1.582059 -71.544652
-0.077041 -1.496159 165.948430
-0.000186 -0.002745 1.000000
-0.391086 -1.010025 402.168514
-0.305118 -0.855515 267.213131
-0.000730 -0.001668 1.000000
-0.194942 -1.199043 647.430090
-0.406679 -1.314103 413.932952
-0.000566 -0.002191 1.000000
0.008151 -1.550139 925.380152
-0.199562 -1.794662 69.295452
-0.000124 -0.003190 1.000000
-0.438276 -1.125567 660.856603
-0.240624 -0.855056 61.243731
-0.000664 -0.001869 1.000000
-0.440966 -0.783278 742.264815
-0.457774 -0.780309 195.679928
-0.000840 -0.001431 1.000000
-0.262150 -1.328169 61.672674
-0.178466 -0.957620 305.564989
-0.000522 -0.002153 1.000000
-0.032760 -1.718102 464.426257
-0.036452 -1.336552 215.443631
0.000020 -0.002580 1.000000
-0.374082 -1.641776 333.333769
-0.143120 -1.218785 387.710549
-0.000392 -0.002334 1.000000
-0.396846 -1.143183 195.594495
-0.265508 -0.855986 178.528626
-0.000642 -0.002017 1.000000
-0.476808 -0.750855 -0.923594
-0.434475 -0.686680 341.323701
-0.000989 -0.001361 1.000000
0.014431 -1.665138 1029.359735
-0.172771 -1.451647 173.903600
-0.000185 -0.003382 1.000000
-0.262581 -1.281146 821.904756
-0.103626 -0.807047 -92.670909
-0.000494 -0.002308 1.000000
-0.229831 -0.926565 291.087261
-0.136971 -0.533149 -102.224521
-0.000685 -0.001802 1.000000
-2.893744 3.767943 -2511.680835
-2.298018 2.699813 1318.514137
-0.005232 0.005673 1.000000
-0.690506 0.336568 625.835443
-0.697982 -0.065601 936.617288
-0.001876 -0.000071 1.000000
-0.169644 -1.280342 921.631635
-0.287558 -0.829607 12.831421
-0.000524 -0.002184 1.000000
0.045612 -0.904741 527.772142
-0.181863 -1.172612 245.928707
-0.000426 -0.002389 1.000000
-0.525944 -1.249715 1108.291801
-0.176719 -0.918038 -75.751491
-0.000602 -0.002064 1.000000
0.368451 -1.477837 16.860605
-0.168609 -1.656416 86.125127
-0.000124 -0.003193 1.000000
1.731541 -4.272491 -1543.554185
2.147992 -3.699052 -33.571316
0.003577 -0.008319 1.000000
-0.061870 -1.703952 -448.939637
-0.198679 -0.917128 238.244519
-0.000153 -0.002659 1.000000
-0.590477 -0.958977 996.385399
-0.404847 -0.453630 148.852607
-0.001116 -0.001373 1.000000
-0.520131 -2.252830 -305.818611
0.094697 -1.043544 910.774984
-0.000283 -0.003213 1.000000
-0.565945 -0.706807 1507.447937
-0.566639 -0.642599 884.277521
-0.001194 -0.001044 1.000000
-0.445053 -1.402337 -897.842952
-0.197501 -1.134502 -252.517760
-0.000691 -0.002641 1.000000
-0.022479 -1.810111 51.801709
-0.177699 -1.477852 -163.332860
0.000192 -0.003720 1.000000
-0.669662 -0.635880 815.424519
-0.268765 -0.484245 17.615895
-0.001069 -0.001211 1.000000
-0.590222 -0.195027 112.482637
-0.382498 -0.062901 33.834670
-0.001416 -0.000341 1.000000
-1.579500 2.442424 -3167.593139
-1.571325 1.606085 3951.192521
-0.004692 0.005298 1.000000
7.235506 -23.567780 5533.092068
6.803659 -13.805941 -7715.978465
0.013282 -0.033324 1.000000
-1.817268 1.519536 1918.201215
-1.855749 1.870436 894.126033
-0.003593 0.003358 1.000000
-3.754535 1.662222 -1603.038190
-3.461198 3.065640 3003.000043
-0.007607 0.008044 1.000000
-104.978098 195.883739 -107475.977975
-74.111512 210.997371 61289.492595
-0.253910 0.510204 1.000000
-0.413356 -1.207549 335.083237
-0.490338 -1.682531 449.800635
-0.000612 -0.002612 1.000000
-0.681491 -0.264385 1983.411887
-0.691134 -0.356767 1352.967505
-0.001420 -0.000816 1.000000
-0.225536 -1.507360 499.239114
-0.413850 -1.818168 348.853068
-0.000520 -0.002919 1.000000
-0.707757 -0.424132 722.149899
-0.754009 -0.600465 179.808210
-0.001358 -0.001055 1.000000
-0.100947 -0.579630 375.837789
-0.370876 -1.442765 383.125113
-0.000709 -0.002599 1.000000
-0.689415 -0.405036 -1801.722521
-0.504133 -0.224588 -382.723804
-0.001282 -0.000956 1.000000
-0.125648 -0.974100 -16.681443
-0.271430 -1.128201 151.355225
-0.000528 -0.002383 1.000000
1.640756 -3.661354 2535.857813
1.141368 -3.419775 -1360.822833
0.002906 -0.007331 1.000000
-0.082904 -1.467768 293.662928
-0.029557 -1.424013 323.685790
-0.000101 -0.002730 1.000000
-0.090440 -1.340738 613.252679
-0.112413 -1.418547 -179.185118
-0.000066 -0.003010 1.000000
-0.336724 -0.995102 602.197333
-0.306405 -0.698455 123.562824
-0.000655 -0.001826 1.000000
-0.203116 -0.843607 883.280972
-0.195645 -0.819698 670.264578
-0.000498 -0.002305 1.000000
-6.599524 9.008886 4722.355262
-4.747276 7.703325 4116.825057
-0.010715 0.017012 1.000000
-0.031796 -1.398929 526.812348
-0.097488 -1.142230 133.337097
0.000005 -0.002500 1.000000
-0.063389 -1.475666 239.940525
-0.190545 -1.494134 283.362528
-0.000149 -0.002819 1.000000
1.259231 -2.701709 -2174.442849
0.675517 -2.118495 -3182.373251
0.002613 -0.006473 1.000000
-3.614165 5.208907 6232.252794
-2.565976 2.362341 -2612.277157
-0.007263 0.010517 1.000000
-1.238027 -0.563738 1207.639821
-0.539819 -0.256856 263.953062
-0.001681 -0.000419 1.000000
-0.497929 -1.543357 800.143692
-0.228842 -1.240628 174.039126
-0.000598 -0.002360 1.000000
-0.631117 -1.239137 951.997402
-0.204994 -1.080378 265.440250
-0.000523 -0.002171 1.000000
-0.178850 -1.218540 720.445857
-0.260036 -1.423642 224.254865
-0.000365 -0.002600 1.000000
1.018176 -4.920108 1140.249276
1.010251 -3.454290 -536.726264
0.002338 -0.007302 1.000000
-0.194834 -1.208107 47.678301
-0.226245 -0.889357 275.458351
-0.000494 -0.002211 1.000000
-0.321026 -0.854521 -60.541894
-0.476457 -0.813405 629.531878
-0.000715 -0.001603 1.000000
-1.033080 -1.085583 1241.413508
-0.514587 -0.451929 185.490786
-0.001397 -0.001175 1.000000
-2.502133 1.855376 2864.627525
-1.326503 1.063483 1002.229364
-0.003968 0.003370 1.000000
-0.420738 -1.531829 812.371751
-0.226684 -1.053692 -108.336403
-0.000533 -0.002460 1.000000
-0.421120 -1.174418 863.503029
-0.199009 -0.663990 72.498066
-0.000623 -0.001833 1.000000
-0.610831 -0.842883 945.205340
-0.451065 -0.781108 125.190511
-0.001050 -0.001756 1.000000
-0.282558 -0.792349 -140.000288
-0.290972 -0.767901 413.904384
-0.000646 -0.001932 1.000000
-0.312232 -1.175049 -1158.825838
-0.268761 -0.851026 412.530198
-0.000557 -0.002159 1.000000
-0.342721 -0.940929 -71.514227
-0.327725 -0.718220 156.166294
-0.000827 -0.001841 1.000000
-1.075994 -0.042548 1506.088988
-0.583013 -0.181220 -832.414350
-0.001742 -0.000223 1.000000
-0.569189 -1.018734 216.584842
-0.453075 -0.819087 293.069296
-0.000910 -0.001797 1.000000
-0.289575 -0.402329 -11.890860
-0.507575 -0.716972 386.661071
-0.000952 -0.001425 1.000000
-0.129430 -0.724482 348.445792
-0.116034 -0.688845 169.591265
-0.000441 -0.001780 1.000000
-0.630039 -0.669056 657.974053
-0.187316 -0.478547 108.270460
-0.000858 -0.001453 1.000000
0.011964 -2.134870 261.469854
0.029706 -1.664146 -119.436292
0.000091 -0.003429 1.000000
-0.160356 -1.401107 739.774626
-0.000412 -1.091766 82.118811
0.000007 -0.002761 1.000000
0.300100 -0.940054 286.940042
-0.026995 -0.711736 66.403689
0.000045 -0.002504 1.000000
-0.364732 -0.484388 125.362214
-0.417348 -0.580161 321.429471
-0.001017 -0.001288 1.000000
-0.599256 -0.576055 307.591891
-0.525555 -0.489063 399.570692
-0.001127 -0.001080 1.000000
0.289335 -1.124341 223.163678
-0.121756 -0.913071 292.853336
-0.000204 -0.002371 1.000000
-0.183933 -0.561854 179.715711
-0.309786 -0.352778 305.002770
-0.000764 -0.001372 1.000000
-0.299616 -0.401721 178.128303
-0.465672 -0.336741 403.584406
-0.000983 -0.000978 1.000000
0.086461 -0.549796 241.260589
-0.352666 -0.110314 413.390642
-0.000724 -0.000951 1.000000
0.438419 -0.766875 199.885205
-0.140601 -0.341349 400.981037
-0.000245 -0.001521 1.000000
0.715827 0.037081 98.205045
-0.047836 0.878175 76.510198
-0.000206 0.000076 1.000000
14.115175 8.691051 -5994.346539
3.654486 20.276465 -2956.535227
0.005747 0.019328 1.000000
0.809267 0.048046 125.757414
-0.012031 0.915414 146.233499
-0.000104 0.000006 1.000000
0.967847 0.196929 18.608426
-0.002229 1.138210 115.857103
-0.000011 0.000265 1.000000
0.796392 0.067158 85.620994
-0.050525 0.898667 109.476963
-0.000151 0.000073 1.000000
0.395633 -0.399134 47.489974
-0.354674 -0.392425 505.063584
-0.000636 -0.001121 1.000000
0.365613 -0.703285 34.943892
-0.234212 -0.546869 381.092760
-0.000576 -0.001697 1.000000
0.765428 -0.916481 131.696759
0.005746 -0.301112 330.423427
0.000028 -0.001883 1.000000
1.000000 -0.000000 0.000000
-0.000000 1.000000 -0.000000
-0.000000 -0.000000 1.000000
0.867607 0.397154 -10.605734
-0.123925 1.209543 135.946757
-0.000222 0.000594 1.000000
0.772082 0.257510 50.007767
-0.105185 1.016286 112.654695
-0.000245 0.000284 1.000000
0.680058 -0.229838 57.519748
-0.245762 0.264628 401.353008
-0.000196 -0.000749 1.000000
0.787809 0.087969 76.098319
0.035500 0.951708 46.584751
-0.000138 0.000029 1.000000
-1.117369 0.092432 228.671425
-0.547898 0.012808 -54.112038
-0.001897 0.000379 1.000000
0.410026 -0.422690 236.571617
-0.161815 0.408791 181.399451
-0.000388 -0.000740 1.000000
1.015720 -0.020607 98.924143
0.036731 1.130366 -103.521691
0.000115 -0.000090 1.000000
0.642116 -1.847513 615.795548
0.047841 -1.471863 481.580291
0.000210 -0.003771 1.000000
-8.585791 10.260639 -2757.830820
-6.240761 11.452780 2078.820477
-0.012294 0.026911 1.000000
0.726373 -2.853494 212.985243
0.607625 -2.431930 -754.114611
0.000951 -0.005259 1.000000
-0.132961 -1.100105 926.865404
-0.472894 -1.428007 290.310509
-0.000513 -0.002634 1.000000
0.004583 -1.426025 975.431536
0.044135 -1.458694 -42.358376
-0.000084 -0.003053 1.000000
0.095695 -1.927042 703.258152
-0.188255 -1.785179 -1.041026
-0.000055 -0.003269 1.000000
-0.212181 -0.956597 200.295633
-0.357342 -0.960634 106.394758
-0.000704 -0.001917 1.000000
0.334000 -1.990660 742.235466
0.078040 -1.701074 -105.290949
0.000307 -0.003999 1.000000
0.235078 -1.796694 438.682565
-0.020657 -1.129005 47.159411
0.000101 -0.002965 1.000000
0.209942 -1.718147 1025.889419
-0.214077 -1.988501 190.037452
0.000159 -0.003816 1.000000
-0.190787 -1.377010 518.098563
-0.154466 -0.834187 -229.743919
-0.000303 -0.002302 1.000000
3.974244 -8.855889 6002.008973
2.251586 -6.504263 -1604.643704
0.007128 -0.018266 1.000000
-0.043285 -2.122267 455.740043
-0.100021 -1.686122 -548.357554
-0.000021 -0.003448 1.000000
-0.699582 -1.430102 700.863764
-0.389342 -0.983115 240.796119
-0.000748 -0.002062 1.000000
-0.012216 -1.177960 -68.094393
-0.102491 -1.192602 228.274843
-0.000134 -0.002469 1.000000
-0.496013 -0.788754 1019.535900
-0.487630 -0.528890 957.594142
-0.000912 -0.001452 1.000000
0.841947 -1.803349 432.988612
0.039306 -0.620949 24.449620
0.000594 -0.003316 1.000000
-2.989458 -3.360789 1566.089793
-0.559460 -3.886470 937.104213
-0.001485 -0.005373 1.000000
0.015938 -1.124301 251.973468
-0.178781 -1.082479 243.380576
-0.000410 -0.002171 1.000000
-0.187025 -0.076848 -11.645297
-0.328673 -0.295689 326.314472
-0.001041 -0.001166 1.000000
-0.249801 -1.539660 293.960656
-0.193788 -1.469969 195.738818
-0.000394 -0.002949 1.000000
-0.292331 -0.767970 19.753407
-0.293452 -0.896274 76.447481
-0.000845 -0.001995 1.000000
0.396189 -1.731768 176.944155
0.239513 -2.184528 -120.446732
0.000684 -0.004536 1.000000
0.101210 -0.909754 135.023378
-0.088331 -0.920140 83.393300
-0.000456 -0.002183 1.000000
-0.283469 -0.413361 -110.510867
-0.374746 -0.730474 80.985236
-0.001073 -0.001601 1.000000
2.162685 -3.656062 -4190.884934
1.198526 -5.711417 -1578.564708
0.003701 -0.010093 1.000000
-0.107223 -0.287646 370.056165
-0.419843 -1.097601 349.927696
-0.000805 -0.002127 1.000000
0.714683 -1.614773 536.558746
-0.060121 -1.725743 154.311039
0.000558 -0.003853 1.000000
-0.015009 -1.262155 532.733728
-0.148616 -1.565395 61.493784
-0.000259 -0.002926 1.000000
-1.463196 1.145487 -2704.802207
-1.787853 2.136661 -7.000377
-0.003945 0.003882 1.000000
-0.051479 -0.941163 295.570980
-0.172552 -1.551715 422.011612
-0.000334 -0.002395 1.000000
-0.113143 -0.872761 734.994111
-0.275421 -1.185503 59.935989
-0.000521 -0.002333 1.000000
0.615962 -2.522960 -1686.079972
0.995171 -3.781733 -584.888654
0.002276 -0.007149 1.000000
-3.196159 3.795643 -2509.318008
-1.291798 1.058254 -578.666215
-0.004462 0.004312 1.000000
0.175243 -2.587256 262.812831
0.037324 -1.685951 -32.450118
0.000064 -0.003785 1.000000
-0.031238 -1.396906 582.396744
-0.205050 -1.359223 27.075241
-0.000348 -0.003288 1.000000
0.300520 -2.635940 713.019395
0.317014 -1.751321 -573.405837
0.000255 -0.004062 1.000000
0.363746 -1.700135 356.230595
0.062868 -1.271970 -30.790209
0.000351 -0.003687 1.000000
1.438787 -2.691919 254.333405
0.421767 -1.440836 -148.687323
0.001461 -0.004599 1.000000
-0.095860 -0.984845 758.603252
-0.085089 -1.480114 459.195307
-0.000087 -0.002404 1.000000
-0.056944 -0.827492 520.123350
-0.292383 -1.423891 353.032406
-0.000343 -0.002456 1.000000
-0.430048 -1.175230 334.985884
-0.407000 -1.017949 386.010306
-0.000811 -0.001838 1.000000
-0.052328 -1.363967 -9.949281
-0.031209 -1.328376 297.403971
-0.000229 -0.002630 1.000000
-3.806108 5.870330 3031.524571
-3.993983 6.610177 2638.137832
-0.006908 0.011539 1.000000
-0.188550 -1.012392 298.861701
-0.289086 -0.719688 -286.660777
-0.000707 -0.001937 1.000000
-1.393118 2.001243 -368.682472
-1.815474 2.185770 1796.522492
-0.003486 0.004323 1.000000
0.400607 -1.771656 1305.524398
0.049251 -1.767766 -492.642280
0.000281 -0.003596 1.000000
1.194201 -3.555333 -484.038311
0.371299 -2.628230 -366.481395
0.001706 -0.006045 1.000000
-0.216182 -0.835923 285.962371
-0.304209 -0.877794 320.884417
-0.000559 -0.001879 1.000000
0.227493 -1.523639 356.255652
0.063045 -1.191306 107.978823
0.000527 -0.003222 1.000000
-0.787926 -0.593962 982.239740
-0.498393 -0.407967 377.409034
-0.001063 -0.001009 1.000000
-2.278484 2.245456 227.081588
-1.769926 2.820274 1960.343621
-0.004053 0.003799 1.000000
0.049081 -0.934114 237.804247
-0.024461 -0.849010 -55.829090
-0.000219 -0.002323 1.000000
-0.278031 -2.570502 673.685750
-0.243227 -2.184707 308.803597
-0.000384 -0.003449 1.000000
-0.137493 -1.574699 409.427029
-0.149033 -1.055527 -444.126898
-0.000170 -0.002437 1.000000
-0.264473 -1.023927 8.660331
-0.380111 -1.054747 80.994269
-0.000721 -0.002071 1.000000
-1.473923 0.494044 1522.172123
-0.880231 0.272404 986.609625
-0.002052 0.000838 1.000000
-0.199314 -1.676473 191.416262
-0.280389 -1.693958 298.935969
-0.000318 -0.002940 1.000000
-0.428937 -1.399627 820.695961
-0.395135 -1.209513 308.812321
-0.000614 -0.002313 1.000000
-0.321145 -1.323883 880.509086
-0.075901 -1.995957 428.862534
-0.000108 -0.003365 1.000000
