2.543436 -5.850973 293.193245
1.847314 -4.033300 -3408.154735
0.005110 -0.010467 1.000000
0.323558 -2.105129 271.258752
0.336966 -1.471878 -691.444765
0.000766 -0.004485 1.000000
-0.117439 -0.973384 193.617381
-0.058534 -0.764608 -65.658567
-0.000396 -0.002218 1.000000
0.011370 -1.445159 254.215348
0.015989 -0.960838 -166.290766
0.000071 -0.002997 1.000000
-0.008474 -1.196795 223.170743
0.038898 -1.163798 -180.265763
-0.000215 -0.002661 1.000000
-0.325936 -0.804947 -110.002335
-0.234575 -0.867911 -9.310318
-0.000657 -0.002000 1.000000
0.615590 -2.257866 -769.528176
0.512645 -1.725647 -1441.689483
0.000919 -0.004156 1.000000
0.255937 -1.823695 -127.020520
0.244334 -1.583244 -706.656227
0.000553 -0.003564 1.000000
-0.772478 -0.279487 1297.376281
-0.493848 -0.287819 -546.756548
-0.001394 -0.000614 1.000000
-0.176334 -1.119038 901.883520
-0.117578 -0.702123 -270.338941
-0.000514 -0.002166 1.000000
-1.323274 1.324930 -1411.418119
-1.112505 1.359890 2022.371157
-0.003599 0.003641 1.000000
-0.671795 0.240662 13.480772
-0.442541 -0.088105 -1151.821956
-0.001643 -0.000467 1.000000
0.266465 -1.825183 516.610528
0.434215 -1.172342 -729.149891
0.000619 -0.003790 1.000000
1.733371 -4.256171 955.722508
1.599731 -2.854131 -2844.347258
0.003308 -0.007912 1.000000
-0.399432 -0.830870 384.769976
-0.167158 -0.696649 -98.077524
-0.000505 -0.001923 1.000000
0.431354 -2.766813 544.395034
0.329869 -2.277423 -429.064920
0.000459 -0.004164 1.000000
0.166381 -1.685312 -31.616538
0.244014 -1.351490 -299.591515
0.000125 -0.003238 1.000000
0.018376 -1.734461 1077.942665
0.198940 -1.959607 -874.236249
0.000332 -0.004099 1.000000
0.239564 -1.352595 558.782547
0.188626 -1.267144 -562.258886
0.000373 -0.003146 1.000000
-0.049980 -1.961015 1109.213370
0.032448 -1.229690 -289.839877
-0.000038 -0.002791 1.000000
1.029657 -4.657886 1296.233949
1.240277 -3.395461 -1952.626386
0.002551 -0.007270 1.000000
0.834470 -2.090022 247.182696
0.323946 -1.629095 -2509.696108
0.001049 -0.003870 1.000000
0.547973 -2.026180 2152.148360
0.320228 -1.539481 668.971099
0.000829 -0.003226 1.000000
0.507908 -2.111211 -2852.158943
0.471408 -1.821862 -561.061197
0.000959 -0.004291 1.000000
0.458305 -2.411504 -26.774557
0.577564 -1.800703 -1379.303199
0.001059 -0.004434 1.000000
0.553582 -1.974757 32.202807
0.387938 -1.565780 -833.003256
0.000889 -0.004172 1.000000
-0.048747 -0.881096 -40.340661
-0.080943 -0.886912 -219.390726
-0.000252 -0.002126 1.000000
4.831864 -7.532752 -14692.882941
2.841891 -4.908338 -3699.653250
0.009062 -0.015508 1.000000
0.045145 -1.156473 385.592373
0.034834 -1.061523 -157.694423
0.000020 -0.002711 1.000000
0.349222 -2.850867 1080.697428
0.930767 -2.362733 -1361.114977
0.001707 -0.006001 1.000000
-0.052224 -1.180975 588.963562
-0.067361 -0.863254 -60.435458
-0.000124 -0.002453 1.000000
0.283471 -1.535857 -582.743773
0.188861 -1.143411 -424.406477
0.000468 -0.003383 1.000000
0.234532 -1.507678 -22.590837
0.114411 -1.076977 -417.644419
0.000418 -0.003346 1.000000
1.378509 -3.306921 2343.726064
1.540861 -2.838789 -4800.430785
0.004444 -0.010138 1.000000
0.856134 -2.052847 299.064588
0.687160 -1.922731 -559.865712
0.001503 -0.004538 1.000000
-0.011741 -0.995813 144.809788
-0.042379 -0.786493 -254.285250
-0.000073 -0.002438 1.000000
-0.074482 -1.194731 450.649778
-0.034997 -0.856938 -287.108219
-0.000132 -0.002515 1.000000
-0.556769 -0.721768 412.051346
-0.288405 -0.523668 -211.570806
-0.000950 -0.001436 1.000000
-0.191868 -1.124547 281.523402
-0.100907 -0.686550 -211.897190
-0.000426 -0.002220 1.000000
0.455122 -1.877014 636.362116
0.246678 -0.941292 -388.896355
0.000803 -0.003320 1.000000
1.446471 -3.789119 1491.390433
1.277977 -1.818344 -1345.876411
0.003249 -0.006825 1.000000
0.366543 -1.555352 683.907336
0.349152 -0.745128 -431.042662
0.000660 -0.003070 1.000000
-1.000267 0.759686 -550.149797
-1.098968 0.776788 1322.269265
-0.002820 0.002018 1.000000
0.502858 -1.635793 1336.766717
0.606724 -1.594387 -1160.341602
0.001206 -0.003976 1.000000
-0.319655 -0.594859 -197.092317
-0.190251 -0.493698 -3.801104
-0.000858 -0.001353 1.000000
-0.103871 -1.397135 950.427209
-0.136722 -0.856878 -151.125504
-0.000182 -0.002384 1.000000
-0.160396 -0.875575 403.549123
-0.235042 -0.694064 -75.460732
-0.000626 -0.001854 1.000000
-0.306229 -1.046652 57.639738
-0.044352 -0.725123 -489.955347
-0.000356 -0.002273 1.000000
-0.459475 -0.501586 993.496320
-0.372391 -0.490528 -45.599705
-0.001030 -0.001297 1.000000
0.091069 -1.164068 384.481446
0.080345 -0.835903 -520.108147
0.000128 -0.002603 1.000000
0.777327 -2.370671 735.037401
0.312657 -1.492829 -282.280904
0.001118 -0.004495 1.000000
1.535042 -3.159862 622.752185
0.726752 -2.177569 -1819.511639
0.002221 -0.006110 1.000000
-0.123743 -1.008336 496.985184
-0.064868 -0.930291 -323.862076
-0.000314 -0.002634 1.000000
0.143424 -1.531487 596.278994
0.192738 -0.689104 -371.744234
0.000365 -0.003018 1.000000
0.800369 -2.203005 315.396911
0.618398 -1.515556 -534.158506
0.001224 -0.004190 1.000000
0.806989 -2.323365 454.007008
0.655532 -1.269410 -647.831105
0.001754 -0.004402 1.000000
-0.336529 -0.694998 -76.311154
-0.071128 -0.580996 73.724369
-0.000617 -0.001890 1.000000
-0.170029 -1.102838 227.712053
-0.196223 -0.784421 -138.331295
-0.000525 -0.001980 1.000000
-0.043365 -1.148794 571.241115
-0.090585 -0.683128 -83.411769
-0.000111 -0.002163 1.000000
0.634303 -2.536357 -87.306535
0.197631 -1.985442 -418.310207
0.000726 -0.004306 1.000000
-0.138472 -1.508886 -715.041531
0.194416 -1.110888 -245.672881
0.000379 -0.003643 1.000000
-2.282038 3.791600 -5586.983078
-1.880015 2.215345 -1168.565771
-0.005156 0.005567 1.000000
-0.192074 -0.763386 -118.882832
-0.081355 -0.411817 38.382944
-0.000260 -0.002221 1.000000
1.213737 -4.238573 3110.452412
1.761158 -3.974263 -1573.999233
0.004177 -0.009323 1.000000
0.044259 -2.055221 2287.590190
0.203650 -1.060042 -719.497381
0.000302 -0.003408 1.000000
-0.030367 -1.169618 285.711893
0.199587 -0.839002 -402.194949
-0.000197 -0.002826 1.000000
0.092587 -1.492180 599.871479
0.007951 -0.967406 -250.055744
0.000051 -0.002762 1.000000
0.326315 -2.260784 960.192754
0.251160 -1.104597 -667.227199
0.000788 -0.003600 1.000000
-0.074368 -1.304567 164.542610
0.002205 -0.576101 -216.237592
-0.000062 -0.002526 1.000000
-0.067449 -1.388946 442.480042
-0.062866 -1.335224 -423.721473
-0.000117 -0.002932 1.000000
0.173227 -1.302232 198.151786
0.189164 -1.088013 -393.040925
0.000373 -0.002926 1.000000
0.147461 -1.668966 188.210416
0.211839 -1.283567 -544.719326
0.000431 -0.003426 1.000000
-0.837124 -0.297005 280.286058
-0.435653 -0.032014 -517.288636
-0.001478 -0.000221 1.000000
-0.201384 -0.898301 630.506758
-0.199800 -0.661862 -146.412813
-0.000360 -0.002059 1.000000
0.391174 -1.606770 -166.408284
0.292246 -1.272439 -815.256892
0.000794 -0.003661 1.000000
-0.015211 -1.282721 624.221496
-0.032438 -1.309566 -585.832222
-0.000089 -0.002699 1.000000
0.240754 -1.513140 -506.593740
0.117744 -0.982633 85.471333
0.000384 -0.003072 1.000000
1.870844 -3.861760 -2070.301550
0.764628 -2.195176 -1009.793868
0.002868 -0.006585 1.000000
0.813207 -2.711496 171.518119
0.361631 -1.985485 -1235.088310
0.001311 -0.004869 1.000000
0.117048 -1.456632 341.783798
0.131730 -1.293428 -374.206074
0.000318 -0.003400 1.000000
-0.461946 -0.466261 472.332572
-0.462391 -0.556211 -187.778679
-0.001117 -0.001322 1.000000
-9.848549 13.364068 -3546.167470
-6.913309 6.504292 5960.181364
-0.017045 0.019481 1.000000
0.008695 -2.095673 648.525654
-0.078574 -1.531196 -205.703677
-0.000200 -0.003496 1.000000
-0.212794 -0.772818 -4.021072
-0.297473 -0.557282 17.027547
-0.000695 -0.001607 1.000000
0.366957 -1.396168 -392.039301
0.180103 -0.780535 -165.774227
0.000800 -0.003578 1.000000
-0.143482 -0.874119 -209.928442
-0.065436 -0.603076 156.805657
-0.000263 -0.002099 1.000000
-0.086383 -1.439662 488.858974
-0.099378 -0.794543 -106.041659
-0.000210 -0.002418 1.000000
-0.080096 -2.101129 832.255430
0.227635 -1.731034 -624.144460
0.000361 -0.003850 1.000000
-0.233224 -1.069793 -526.498130
-0.005491 -0.850171 -480.851029
-0.000154 -0.002636 1.000000
1.152672 -2.817644 795.556038
0.485196 -1.281519 -288.903490
0.001124 -0.003818 1.000000
0.361862 -1.662732 545.582372
0.211964 -1.116703 -196.990027
0.000287 -0.002890 1.000000
-0.352114 -1.117841 -635.553699
-0.125535 -0.697425 330.165583
-0.000560 -0.002009 1.000000
-2.710957 2.125370 -1520.391889
-2.144251 1.516799 1637.774088
-0.004653 0.003512 1.000000
2.195489 -5.861941 -16306.105006
1.377203 -3.817730 2716.609499
0.004822 -0.010665 1.000000
-0.274421 -0.840784 -275.687831
-0.138506 -0.518356 -255.796684
-0.000653 -0.001774 1.000000
1.575969 -2.938153 583.808962
1.341862 -2.122148 -1806.636238
0.002777 -0.006057 1.000000
0.075655 -1.546355 210.462431
0.123233 -0.824688 -236.571383
0.000092 -0.002771 1.000000
0.047775 -1.425370 755.619432
0.084767 -1.036911 -417.026723
0.000007 -0.002704 1.000000
0.285036 -2.308307 -371.147195
0.310458 -1.841156 -515.095297
0.000703 -0.004309 1.000000
-2.155691 1.991183 4988.600103
-1.460080 1.734761 -1252.486928
-0.004381 0.003779 1.000000
-0.399772 -0.854890 596.060155
-0.299661 -0.533821 35.299618
-0.000884 -0.001486 1.000000
-0.299210 -0.966415 312.463988
-0.238409 -0.804247 -184.032791
-0.000585 -0.001872 1.000000
-0.564905 -0.405509 -105.985380
-0.523821 -0.420776 462.305599
-0.001114 -0.000970 1.000000
0.790300 -2.948391 845.260317
0.644227 -2.004573 -645.551732
0.001155 -0.004732 1.000000
0.142807 -1.857793 270.677444
0.266958 -1.683254 -241.645705
0.000416 -0.003541 1.000000
-0.079766 -1.072902 528.159497
-0.133536 -1.055866 -49.359097
-0.000073 -0.002380 1.000000
0.331563 -1.749566 259.723538
0.295051 -1.156903 -358.995892
0.000831 -0.003781 1.000000
-0.009035 -1.287800 602.011466
0.108139 -0.897453 -170.047986
-0.000128 -0.002328 1.000000
0.243057 -1.889264 72.488932
0.242400 -1.309812 -229.164798
0.000485 -0.003710 1.000000
0.173582 -1.632481 -414.286314
0.064139 -1.186853 -300.376428
0.000113 -0.002901 1.000000
-0.151405 -1.305529 -406.053174
-0.058056 -0.854783 74.389503
-0.000256 -0.002515 1.000000
-3.068098 4.490294 2045.169052
-3.329358 4.022822 4083.484554
-0.006759 0.008380 1.000000
0.433740 -1.981815 199.541921
0.341169 -1.102461 -630.081406
0.000402 -0.003491 1.000000
-0.019162 -1.599726 529.079055
0.277233 -1.388471 -393.823614
0.000594 -0.003458 1.000000
-1.797701 0.699965 -116.139606
-1.155843 0.619104 1453.742000
-0.003167 0.001562 1.000000
11.226762 -17.633985 8441.219131
9.860423 -16.452379 -7699.668402
0.022659 -0.036117 1.000000
-0.116155 -0.896678 -188.625218
-0.078664 -1.121184 144.803648
-0.000269 -0.002249 1.000000
6.963511 -9.512699 -357.717717
5.038911 -5.887031 -5681.594912
0.012320 -0.018927 1.000000
-0.055455 -1.953918 246.395436
0.009947 -1.160380 -403.136267
0.000159 -0.003169 1.000000
-0.243981 -0.919050 250.577241
-0.186493 -0.683507 -218.556122
-0.000458 -0.001865 1.000000
-0.165070 -1.432903 411.652329
0.037180 -1.190689 -36.358098
0.000005 -0.003045 1.000000
-0.319093 -1.604375 320.158083
-0.200030 -1.438302 -187.117468
-0.000382 -0.002779 1.000000
0.291243 -1.658786 315.420973
0.220229 -1.413894 -165.927939
0.000343 -0.003210 1.000000
-0.449009 -2.005561 643.859611
-0.175482 -1.462271 139.108900
-0.000387 -0.002970 1.000000
-0.392599 -1.542055 472.638119
-0.158347 -1.197796 147.593133
-0.000543 -0.002499 1.000000
-0.014596 -1.303183 337.614702
-0.045964 -1.019916 6.524484
-0.000096 -0.002720 1.000000
0.333662 -1.998203 811.974436
0.330848 -1.954656 -455.476692
0.000711 -0.003930 1.000000
-0.190643 -1.043432 533.034991
-0.098844 -1.089776 -91.767484
-0.000392 -0.002266 1.000000
-0.058119 -0.972164 152.142247
-0.059874 -1.187188 95.664235
-0.000126 -0.002572 1.000000
-0.575830 -0.575247 65.189636
-0.500092 -0.417976 306.212203
-0.001371 -0.000903 1.000000
1.323157 -0.106324 -27.784593
0.025521 1.241888 -94.840383
0.000200 -0.000005 1.000000
19.938681 11.373935 -6853.390362
3.269578 24.649009 -4445.176534
0.009818 0.020096 1.000000
2.205311 1.891688 -1016.189808
-0.948245 3.755470 152.042383
-0.000915 0.003909 1.000000
0.222077 -2.572628 799.571568
0.292128 -2.159947 150.811723
0.000574 -0.004177 1.000000
0.130335 -1.334221 633.091762
-0.093670 -1.092558 -103.170145
-0.000082 -0.002458 1.000000
-0.575438 -0.527476 -761.340972
-0.492960 -0.543588 696.678009
-0.001150 -0.001177 1.000000
-7.389531 9.724979 1870.335303
-5.659244 8.374454 5492.564885
-0.012661 0.017178 1.000000
1.502979 -3.714349 1392.078132
1.190899 -3.528384 -1007.958996
0.002874 -0.007497 1.000000
-0.668600 -0.364572 -78.064213
-0.456262 -0.234204 235.343144
-0.001527 -0.000714 1.000000
-0.217936 -2.019193 749.778958
0.176576 -1.749510 -11.212730
0.000304 -0.003618 1.000000
6.217836 -10.812965 30798.907315
3.804404 -7.150744 1388.462358
0.013080 -0.020843 1.000000
-0.122101 -1.349217 138.707836
-0.077583 -0.787920 -546.257204
-0.000140 -0.002538 1.000000
0.305509 -2.155084 1103.329994
0.284249 -1.224672 -311.812205
0.000645 -0.003510 1.000000
-0.906404 -1.793275 819.592800
-0.366192 -1.779361 422.095003
-0.000617 -0.002944 1.000000
-1.061461 -0.833549 461.745216
-0.389021 -0.535739 273.282798
-0.001279 -0.001299 1.000000
1.105767 -0.017465 -21.347042
-0.011722 1.038935 16.983415
0.000100 -0.000005 1.000000
1.000000 0.000000 0.000000
-0.000000 1.000000 -0.000000
-0.000000 0.000000 1.000000
2.737257 1.684543 -883.900820
-0.267317 3.415104 -626.252400
-0.000148 0.003647 1.000000
0.674181 0.091075 53.730886
-0.456106 0.845554 245.048640
-0.000410 0.000082 1.000000
0.884579 0.295279 -53.403368
-0.221147 1.327169 39.730015
-0.000245 0.000461 1.000000
0.409310 -0.541120 213.265861
-0.148018 0.315090 77.603340
-0.000207 -0.000966 1.000000
-0.325155 -0.920216 468.127838
-0.275079 -0.611051 130.110415
-0.000524 -0.001866 1.000000
-0.182214 -1.096508 534.042387
-0.175583 -0.668117 85.890193
-0.000239 -0.002176 1.000000
0.079455 -0.905201 310.076636
-0.068671 -0.450943 -26.657963
-0.000164 -0.002020 1.000000
-0.159297 -0.862097 457.520128
-0.142136 -0.408127 -41.607461
-0.000353 -0.001841 1.000000
-1.492899 0.099601 -1171.609104
-0.651384 -0.024483 115.141838
-0.002060 0.000141 1.000000
-0.038575 -0.951672 140.162465
-0.142581 -0.785772 111.046513
-0.000413 -0.002111 1.000000
-3.137416 -2.317528 1690.428770
-0.574571 -4.254082 1259.568007
-0.001650 -0.004514 1.000000
-0.301971 0.096747 -179.561426
-0.316538 0.231567 70.135392
-0.001702 0.000348 1.000000
-1.367610 1.170291 -471.888689
-1.387004 0.462715 652.801615
-0.003595 0.001986 1.000000
-0.060246 -1.379218 557.379467
-0.062509 -0.852001 147.083944
-0.000169 -0.002373 1.000000
-1.600781 1.376270 -1386.865691
-1.363023 1.589444 1516.857761
-0.004051 0.003493 1.000000
0.465322 -1.440941 -171.959196
0.292336 -1.088181 -156.716076
0.000580 -0.002997 1.000000
0.229729 -1.479617 1511.606211
0.082258 -1.002707 -826.560404
0.000232 -0.002849 1.000000
0.218036 -1.687249 -41.922230
0.357860 -1.534406 -466.763658
0.000663 -0.003709 1.000000
-4.975555 6.092826 -1497.596496
-4.646945 6.087091 8709.358362
-0.011620 0.013693 1.000000
-0.952148 -0.052683 1784.170358
-0.654736 0.115131 1573.157665
-0.001797 -0.000033 1.000000
0.054788 -1.037513 35.796124
0.133311 -0.847146 -233.029067
-0.000003 -0.002452 1.000000
0.022477 -1.730651 333.536670
0.277559 -1.122507 -279.205221
0.000009 -0.002929 1.000000
-0.369734 -1.206692 -11.565469
-0.180905 -0.773144 251.556150
-0.000781 -0.002056 1.000000
0.364435 -2.484073 925.929416
0.393419 -1.964860 139.522044
0.001217 -0.004642 1.000000
-0.338688 -1.636476 635.581459
-0.166173 -1.426933 270.814821
-0.000244 -0.003026 1.000000
-23.066412 17.386731 28670.474728
-15.919352 15.418462 21687.492666
-0.049335 0.064173 1.000000
0.381553 -1.953772 -1297.414635
0.175121 -1.479888 -82.909947
0.000562 -0.004156 1.000000
0.037544 -0.927989 14.359041
-0.010429 -0.906300 46.442237
-0.000057 -0.002527 1.000000
1.158123 -3.001497 -184.166821
0.864202 -2.408662 -544.709607
0.001911 -0.005423 1.000000
0.335475 -2.319255 554.054814
0.505394 -1.662526 -492.200466
0.000752 -0.003840 1.000000
4.351056 -7.220336 -4766.709373
3.062677 -6.643671 -4162.239590
0.009607 -0.018409 1.000000
0.197403 -1.667868 -644.564577
0.029720 -1.350212 -126.922684
0.000238 -0.003173 1.000000
-0.003792 -0.847907 -228.555693
-0.207405 -0.606674 -137.045693
-0.000523 -0.001848 1.000000
0.391048 -1.358584 210.626720
0.107973 -0.803844 -254.575261
0.000214 -0.002852 1.000000
0.317094 -2.071079 14.550608
0.108307 -1.534681 -319.405279
0.000364 -0.003667 1.000000
-0.307915 -0.568686 -893.149486
-0.340084 -0.496525 108.859292
-0.001052 -0.001161 1.000000
-0.308956 -1.068746 348.271274
-0.070531 -0.684756 -495.597636
-0.000371 -0.002143 1.000000
-0.012096 -1.461643 1354.159564
0.091597 -1.133906 -478.388869
-0.000000 -0.003057 1.000000
0.225406 -2.521446 357.034837
0.375034 -1.253332 -853.872965
0.000815 -0.003646 1.000000
-0.254803 -0.841200 -216.719250
-0.190446 -0.498901 -1.100476
-0.000761 -0.001490 1.000000
0.418966 -2.301160 430.733998
0.331631 -1.445556 -1183.120955
0.000765 -0.004089 1.000000
-0.243945 -1.173703 472.260791
-0.159557 -0.717537 -43.928343
-0.000341 -0.002027 1.000000
-1.366212 0.459852 -238.848383
-0.906813 0.223735 1134.965891
-0.002441 0.000334 1.000000
0.325208 -2.036100 745.363258
0.197516 -1.520133 -312.638400
0.000631 -0.003382 1.000000
0.189398 -1.158187 -147.338666
0.238703 -1.031371 -427.210427
0.000648 -0.003431 1.000000
-0.000527 -0.805995 82.576473
-0.064246 -0.494950 -152.869765
-0.000370 -0.002000 1.000000
0.020240 -1.305327 305.128982
0.101178 -0.916946 -321.419219
0.000124 -0.002842 1.000000
0.281143 -1.110571 -1836.601536
0.280197 -1.204483 -1004.153358
0.000338 -0.003236 1.000000
0.684828 -1.528530 1195.315179
0.367539 -1.399452 -921.787814
0.001021 -0.003837 1.000000
0.645934 -1.714687 -6441.859771
0.494579 -1.445564 3117.846019
0.000979 -0.004075 1.000000
-1.335553 0.329464 3389.138828
-0.666333 0.203270 384.480406
-0.002542 0.000952 1.000000
-4.189127 3.465226 8526.300954
-1.926889 2.394578 1713.022864
-0.006859 0.006277 1.000000
-0.325874 -0.797497 -298.362759
-0.141049 -0.833892 -24.827917
-0.000436 -0.002093 1.000000
-0.930707 -0.291816 767.612107
-0.765336 -0.042043 1220.756227
-0.001946 -0.000081 1.000000
-1.060661 0.159964 1050.132603
-0.574695 0.049990 943.227514
-0.001765 -0.000132 1.000000
0.127177 -1.819195 1226.600399
-0.044375 -0.762409 -358.614207
-0.000022 -0.002716 1.000000
0.904887 -3.192094 -1241.446854
0.461738 -1.805304 -1732.290668
0.001283 -0.004981 1.000000
-3.802219 4.440994 -1094.494068
-3.643395 3.557404 5454.562979
-0.007318 0.008523 1.000000
0.429903 -2.288293 861.456887
0.167917 -1.316565 -277.419995
0.000400 -0.003650 1.000000
-0.103988 -1.531738 402.395168
0.010258 -1.234931 -266.230322
-0.000029 -0.002763 1.000000
-0.078612 -1.810812 1084.175539
0.170539 -1.488799 -86.281197
0.000122 -0.003220 1.000000
-0.429671 -1.271913 1190.221051
-0.101493 -0.581615 -128.820798
-0.000582 -0.001907 1.000000
-0.602857 -0.764606 2516.821459
-0.192729 -0.601717 428.773465
-0.000817 -0.001502 1.000000
-0.539853 -0.600071 -484.227553
-0.315186 -0.544766 402.757668
-0.001028 -0.001307 1.000000
2.229639 -3.488873 1591.946100
1.294434 -2.512898 -1186.290198
0.002933 -0.006421 1.000000
-0.178702 -1.195170 2052.009796
-0.146003 -1.081267 72.195554
-0.000486 -0.002290 1.000000
-1.066477 0.148164 1459.249395
-0.713697 0.175675 1089.275572
-0.001794 0.000684 1.000000
17.276972 -31.036033 4573.426626
11.843297 -19.233968 -20880.118213
0.033392 -0.049951 1.000000
0.364863 -1.686500 599.298661
0.217209 -1.041018 -459.805114
0.000325 -0.003389 1.000000
-1.295908 0.889797 -1731.681342
-0.793758 0.252095 611.575172
-0.002744 0.001357 1.000000
0.401007 -1.792863 1257.082871
0.324533 -0.900512 -284.441772
0.000887 -0.003375 1.000000
-3.779724 6.109733 -2403.482988
-3.119395 4.324540 5156.823170
-0.008635 0.010073 1.000000
-0.862837 -0.124306 1635.892274
-0.639821 -0.274977 1048.960457
-0.001450 -0.000498 1.000000
0.017871 -1.548501 1012.027889
0.090194 -0.709313 -178.289328
0.000167 -0.002743 1.000000
-0.511829 -0.592188 1199.259642
-0.202843 -0.522007 902.712589
-0.000942 -0.001470 1.000000
-0.019852 -1.394743 -57.078176
0.031123 -0.904969 -984.742054
-0.000125 -0.002662 1.000000
-0.972841 -0.647283 1641.792666
-0.451995 -0.230354 301.504516
-0.001595 -0.000692 1.000000
-0.316961 -0.657607 971.006331
-0.111757 -0.389452 -23.452666
-0.000694 -0.001447 1.000000
-0.245072 -1.371046 928.272077
-0.184038 -0.773922 -37.284448
-0.000503 -0.002130 1.000000
-0.148028 -1.498055 836.386667
-0.076596 -0.944469 -134.802399
-0.000216 -0.002628 1.000000
-1.994096 2.289773 2906.880722
-1.902036 1.729567 1676.181165
-0.004763 0.004610 1.000000
-0.161206 -1.594491 889.459730
0.026199 -1.064669 -191.263686
-0.000235 -0.002568 1.000000
-0.394449 -1.026546 -1033.204598
-0.064919 -1.244936 406.297101
-0.000283 -0.002493 1.000000
1.241498 -2.788363 -9.769629
1.036278 -2.337807 -1150.806937
0.002285 -0.005933 1.000000
0.356119 -1.784834 682.197292
0.281307 -1.273853 -424.551752
0.000396 -0.003231 1.000000
-0.463268 -1.088890 706.802168
-0.230287 -0.897079 -28.875654
-0.000623 -0.002080 1.000000
-0.289700 -1.082141 720.624996
-0.279172 -1.104538 -99.015756
-0.000670 -0.002149 1.000000
-0.883914 -0.500370 996.376138
-0.422081 -0.297301 250.917296
-0.001004 -0.000986 1.000000
-0.594595 -0.594053 874.808175
-0.313590 -0.443431 181.437838
-0.000907 -0.001263 1.000000
-0.997639 -0.211823 986.825616
-0.455224 -0.202291 274.324129
-0.001183 -0.000662 1.000000
0.601740 -2.009473 455.100779
0.128162 -1.047632 -162.323458
0.000771 -0.003630 1.000000
-1.038514 -0.103865 942.184923
-0.380271 -0.180403 148.549000
-0.001528 -0.000298 1.000000
-0.002183 -1.180950 588.139949
-0.132669 -0.733687 14.463893
-0.000175 -0.002298 1.000000
0.020637 -1.765741 893.192701
-0.063142 -0.921324 98.087738
0.000101 -0.002530 1.000000
0.920875 -2.575124 505.615376
0.581845 -1.620638 -730.014622
0.001533 -0.004570 1.000000
-0.651802 -0.549747 855.760234
-0.263796 -0.384302 -159.613617
-0.001050 -0.001495 1.000000
-0.510462 -0.689667 881.185887
-0.245739 -0.630201 57.207853
-0.000801 -0.001660 1.000000
-1.600831 0.138642 2405.161671
-0.878356 0.372422 -145.054633
-0.002511 0.000435 1.000000
-0.364097 -0.586673 644.907099
-0.333222 -0.911896 138.603661
-0.000762 -0.001884 1.000000
-0.065177 -0.720815 283.228806
0.018128 -0.857044 -29.805898
0.000021 -0.002439 1.000000
-0.086923 -0.823629 552.128925
-0.111787 -0.788163 0.933341
-0.000396 -0.002163 1.000000
0.481751 -1.396165 -421.904018
0.359474 -1.410604 -299.797971
0.000712 -0.003556 1.000000
2.762444 -3.347624 -1992.011860
1.721107 -3.198588 -1725.425989
0.005231 -0.009596 1.000000
-0.187625 -0.974826 703.049646
-0.051905 -0.533763 -2.557662
-0.000300 -0.001939 1.000000
-0.353228 -0.859883 789.421182
-0.283748 -0.698871 262.849445
-0.000641 -0.001665 1.000000
-0.622958 -0.633197 1107.346596
-0.311085 -0.426999 66.160117
-0.001131 -0.001311 1.000000
0.362700 -1.740177 -570.112725
0.309732 -1.709268 -315.573178
0.000611 -0.003713 1.000000
-0.086154 -1.279407 450.126333
-0.105231 -0.942728 48.925935
-0.000220 -0.002163 1.000000
0.491532 -2.040152 307.339564
0.452847 -1.861155 -102.638495
0.000768 -0.003761 1.000000
-0.300063 -0.978948 536.767284
-0.119367 -0.992478 -18.608897
-0.000538 -0.002026 1.000000
0.145803 -1.191447 497.092236
0.002833 -1.330824 66.819383
0.000082 -0.002839 1.000000
-0.086900 -1.488185 1274.211142
-0.057530 -0.727160 225.022805
-0.000096 -0.002322 1.000000
-1.487804 0.926771 1245.311272
-0.883669 0.499138 1173.536389
-0.002338 0.001036 1.000000
-0.409800 -0.913588 1996.692182
-0.023375 -0.743247 107.104527
-0.000605 -0.001880 1.000000
0.023525 -1.168310 454.583656
-0.079567 -0.535246 51.223206
-0.000193 -0.002162 1.000000
-1.029719 -0.114067 1329.662096
-0.568327 -0.052205 371.449824
-0.001770 -0.000315 1.000000
3.489158 -6.411359 -450.844526
1.480592 -3.931707 -1872.722106
0.004880 -0.011644 1.000000
-0.443707 -0.969026 397.136075
-0.394026 -0.933334 308.376163
-0.000839 -0.001829 1.000000
0.287289 -1.760877 663.271244
0.164042 -1.225916 12.977863
0.000601 -0.003415 1.000000
0.050884 -1.601520 612.503289
0.142826 -2.070260 45.846301
0.000246 -0.003763 1.000000
0.131846 -1.691313 611.612239
0.065848 -2.022982 149.584367
0.000200 -0.004045 1.000000
-0.187510 -1.498371 621.690450
-0.165048 -1.463606 154.411017
-0.000261 -0.002605 1.000000
0.177394 -1.285178 423.121928
0.038659 -0.511709 -60.489863
0.000333 -0.002656 1.000000
-0.041970 -1.334239 319.906646
0.026595 -0.959478 -121.279582
0.000017 -0.002581 1.000000
0.029954 -1.585538 70.637789
0.299651 -1.110429 -201.906392
0.000345 -0.003174 1.000000
0.142084 -1.632707 1482.459405
0.190518 -0.926615 -364.801563
0.000460 -0.003032 1.000000
-0.029677 -1.644259 476.090583
0.200050 -1.414284 -438.789104
0.000209 -0.003049 1.000000
-0.256908 -1.423709 572.286792
-0.110893 -0.829009 -81.298527
-0.000311 -0.002269 1.000000
1.093976 -2.188544 -1679.402403
1.004661 -2.312775 153.056275
0.001871 -0.004647 1.000000
0.591888 -2.438028 380.346456
0.662927 -2.329202 -876.944980
0.001700 -0.005354 1.000000
0.145280 -1.434386 838.103556
0.163064 -0.897474 -241.249182
0.000196 -0.002733 1.000000
0.213046 -1.333306 271.530412
0.450517 -1.686780 -367.498597
0.000420 -0.003433 1.000000
-0.042994 -1.584059 1345.996877
0.035233 -1.429252 -422.134469
0.000220 -0.003295 1.000000
-0.038546 -1.840207 1092.727994
0.340017 -1.582093 -588.123671
0.000381 -0.003665 1.000000
-0.809802 -0.451361 -23.053213
-0.531648 -0.239427 326.150028
-0.001376 -0.000649 1.000000
0.479661 -1.946504 413.008947
0.363013 -1.664366 -593.702451
0.000387 -0.003504 1.000000
0.292583 -1.717692 575.951251
0.326975 -1.457465 -419.457866
0.000769 -0.003594 1.000000
0.193595 -1.669486 -68.592183
0.142153 -1.088517 -535.111058
0.000198 -0.003027 1.000000
