-0.122578 -1.074074 595.334031
0.188936 -0.849334 -257.098748
0.000062 -0.002488 1.000000
-0.408931 -0.817325 382.900049
-0.102730 -0.594516 -182.248048
-0.000552 -0.001760 1.000000
-0.263750 -0.531365 185.599299
-0.144271 -0.463589 15.762042
-0.000533 -0.001546 1.000000
0.166028 -0.758332 -235.256581
0.101009 -0.723632 -94.545077
0.000042 -0.002229 1.000000
-0.253235 -0.961213 240.989518
-0.095886 -0.703058 -14.912789
-0.000466 -0.001885 1.000000
-0.394872 -0.598094 236.226706
-0.319551 -0.497918 55.186993
-0.000904 -0.001282 1.000000
-0.377545 -0.404714 109.352631
-0.215518 -0.298500 -57.728236
-0.000940 -0.001170 1.000000
-0.394067 -0.484210 243.138126
-0.291461 -0.449783 83.135078
-0.000893 -0.001213 1.000000
-0.302761 -0.735106 501.053843
-0.276216 -0.596811 -38.831405
-0.000636 -0.001553 1.000000
-0.454940 -1.077336 1239.660506
-0.144458 -0.599428 -290.526307
-0.000414 -0.001780 1.000000
-0.315583 -0.742794 275.552465
-0.175822 -0.635269 36.897212
-0.000515 -0.001833 1.000000
0.158314 -0.815828 74.766837
-0.140858 -0.656924 -273.740305
-0.000266 -0.002076 1.000000
0.194233 -1.316948 -216.756059
0.021846 -0.835613 -332.478833
-0.000062 -0.002413 1.000000
-0.008610 -0.932579 226.343140
-0.163846 -0.892985 -72.149504
-0.000175 -0.002277 1.000000
-0.443526 -0.693827 654.535319
-0.270151 -0.442915 14.918694
-0.000758 -0.001301 1.000000
-0.072151 -1.427812 399.126072
0.002011 -0.942411 -35.907240
0.000005 -0.002595 1.000000
-0.551356 -0.568649 142.097376
-0.322397 -0.293390 -52.376781
-0.001085 -0.001137 1.000000
-0.215530 -0.560566 168.444454
-0.208005 -0.410747 40.365440
-0.000769 -0.001331 1.000000
-0.216855 -0.769419 559.463152
-0.227075 -0.714550 63.202421
-0.000480 -0.001728 1.000000
-0.574114 -0.492641 362.423883
-0.369443 -0.193829 -77.017425
-0.001166 -0.000909 1.000000
-0.304982 -0.849327 91.018093
-0.272476 -0.700899 127.685459
-0.000699 -0.001624 1.000000
-1.608777 0.731572 929.839664
-1.301598 0.522183 -531.417134
-0.003007 0.001430 1.000000
-0.715312 -0.531849 1097.650431
-0.380455 -0.377110 -273.165863
-0.001168 -0.000841 1.000000
-0.389451 -0.908312 574.230782
-0.151817 -0.723036 26.425452
-0.000499 -0.001889 1.000000
-0.200699 -0.655483 502.675178
-0.192369 -0.553922 -170.154778
-0.000614 -0.001626 1.000000
-0.395883 -0.569443 111.762629
-0.290505 -0.499341 109.133817
-0.000797 -0.001386 1.000000
-0.217253 -0.759282 161.809495
-0.188165 -0.596970 157.613518
-0.000567 -0.001651 1.000000
-0.979104 0.329826 474.376711
-0.635331 0.066817 -348.433790
-0.002009 0.000446 1.000000
-0.379696 -0.464605 262.363747
-0.278231 -0.293716 20.583462
-0.000855 -0.001244 1.000000
-0.096824 -0.714726 403.444527
0.029048 -0.627889 -76.272758
-0.000343 -0.001989 1.000000
-0.321192 -0.729142 310.626358
-0.253575 -0.520222 43.998038
-0.000767 -0.001420 1.000000
-0.248948 -0.560882 -230.945814
-0.161312 -0.420307 -32.917849
-0.000836 -0.001361 1.000000
-0.151611 -0.557662 157.012815
-0.131881 -0.404903 15.740390
-0.000698 -0.001454 1.000000
0.096361 -1.107627 325.887252
0.031696 -0.780419 -262.609703
-0.000109 -0.002408 1.000000
-0.012256 -1.309718 541.575099
0.019597 -0.939092 -249.612338
-0.000117 -0.002560 1.000000
-0.155136 -0.498233 163.456299
-0.181663 -0.455786 -47.340138
-0.000816 -0.001515 1.000000
-0.094804 -0.755331 147.328687
-0.058280 -0.583797 19.004772
-0.000357 -0.001837 1.000000
-0.436381 -0.589042 507.458413
-0.398574 -0.570091 -73.797182
-0.000912 -0.001319 1.000000
-0.382116 -0.641464 196.978017
-0.418388 -0.571901 -4.039093
-0.000994 -0.001494 1.000000
-0.064330 -0.730122 243.911575
-0.150409 -0.595738 -19.853111
-0.000561 -0.001851 1.000000
0.040935 -0.867453 136.933007
-0.069442 -0.512021 -152.632920
-0.000285 -0.002071 1.000000
-0.255827 -0.676295 171.049845
-0.174846 -0.448260 -159.410961
-0.000751 -0.001643 1.000000
-0.435907 -0.180851 168.506891
-0.380658 -0.099488 -140.247463
-0.001280 -0.000765 1.000000
-0.715684 0.045565 48.889626
-0.475348 -0.107372 -167.619734
-0.001497 -0.000230 1.000000
-0.474300 -0.189869 165.814348
-0.342205 -0.247965 -119.941041
-0.001113 -0.000847 1.000000
-0.426105 -0.931294 1064.630660
-0.213059 -0.468913 3.814644
-0.000657 -0.001474 1.000000
0.949081 -2.239798 -478.610924
0.670595 -1.228196 -1146.655957
0.001145 -0.004236 1.000000
-0.408082 -1.039305 627.101037
-0.241887 -0.643979 -99.840376
-0.000575 -0.001644 1.000000
-0.047282 -1.137725 550.153383
0.070499 -0.876221 -176.361409
0.000147 -0.002331 1.000000
-0.341131 -0.364756 10.413921
-0.320815 -0.278789 -142.520968
-0.000967 -0.001126 1.000000
0.253615 -2.088375 455.241845
0.255656 -1.037297 -345.763796
0.000453 -0.002927 1.000000
-1.221228 -0.198290 1274.501518
-0.807834 -0.051387 15.657165
-0.001843 -0.000181 1.000000
-0.086305 -0.627604 216.471558
-0.020122 -0.499282 -33.494846
-0.000319 -0.001820 1.000000
-0.290616 -0.699884 295.085130
-0.207717 -0.391268 -158.473655
-0.000708 -0.001436 1.000000
-0.040392 -1.021668 690.872065
-0.074692 -0.614194 -4.149292
-0.000250 -0.001860 1.000000
-0.161952 -0.873924 496.811241
-0.170277 -0.781055 -21.574938
-0.000484 -0.001922 1.000000
-0.639690 -0.512911 1299.175561
-0.411505 -0.275122 -297.465889
-0.001331 -0.000998 1.000000
-0.205825 -0.569957 742.821376
-0.102826 -0.346309 -165.694458
-0.000693 -0.001491 1.000000
-0.166548 -0.605807 317.204548
-0.108903 -0.538194 -109.537640
-0.000460 -0.001721 1.000000
0.158133 -1.442314 1022.677654
0.031163 -1.194725 -346.585508
0.000046 -0.002891 1.000000
-0.583697 -0.849765 -139.780856
-0.298368 -0.506021 363.131811
-0.000957 -0.001415 1.000000
0.084148 -0.999155 514.949692
-0.032713 -0.717171 -129.806152
-0.000353 -0.002289 1.000000
-0.225753 -0.296564 44.727399
-0.045268 -0.256057 46.720579
-0.000676 -0.001247 1.000000
-0.468628 -0.815939 532.656568
-0.306431 -0.553626 -179.675036
-0.000806 -0.001526 1.000000
0.122681 -1.444006 1683.669003
0.150494 -0.874880 -595.497563
0.000139 -0.003039 1.000000
-0.952279 -0.394115 180.704855
-0.702300 -0.061374 -126.391370
-0.001683 -0.000316 1.000000
-0.519585 -0.660819 407.425497
-0.423591 -0.535839 91.557157
-0.000965 -0.001188 1.000000
-1.106209 1.208039 -1014.737728
-0.675049 0.722381 1842.797898
-0.002525 0.000968 1.000000
-0.367349 -1.031102 194.330351
-0.211806 -0.653390 -782.491010
-0.000489 -0.002101 1.000000
0.077428 -0.863547 286.190201
-0.051348 -0.736229 -232.719493
-0.000180 -0.002098 1.000000
-0.049372 -0.893376 457.992201
-0.189142 -0.829122 -13.066047
-0.000330 -0.001899 1.000000
-0.166424 -1.087244 646.011741
-0.277129 -0.788873 158.583201
-0.000454 -0.001901 1.000000
-0.269935 -0.533591 257.985040
-0.242350 -0.474815 -165.428254
-0.000800 -0.001609 1.000000
-0.458013 -1.258985 870.963442
-0.226619 -0.861218 -89.905679
-0.000553 -0.001939 1.000000
-0.185202 -0.721659 645.016876
-0.114071 -0.696269 35.542086
-0.000448 -0.001704 1.000000
-0.439430 -0.876235 803.897049
-0.333430 -0.652697 -13.963166
-0.000774 -0.001517 1.000000
-0.187713 -0.255343 64.363942
-0.218048 -0.313551 132.358150
-0.000830 -0.001069 1.000000
-0.057765 -0.469358 92.177472
-0.068815 -0.349151 -15.740920
-0.000389 -0.001650 1.000000
-0.246366 -0.731541 121.552346
-0.244517 -0.589663 -7.499156
-0.000620 -0.001730 1.000000
-0.293842 -0.378089 -49.987382
-0.336906 -0.408575 142.890187
-0.000898 -0.001248 1.000000
-0.557654 -0.439602 417.769515
-0.418420 -0.392608 77.107154
-0.001052 -0.000979 1.000000
-0.287193 -0.852416 861.556158
-0.301425 -0.601675 55.185850
-0.000687 -0.001526 1.000000
-0.521608 -0.871784 195.884258
-0.327285 -0.591819 160.950077
-0.000773 -0.001477 1.000000
-0.331527 -0.322603 24.544293
-0.281801 -0.336278 -120.216403
-0.001036 -0.001164 1.000000
0.009340 -0.573731 -140.006923
-0.066849 -0.453797 53.042676
-0.000340 -0.001886 1.000000
0.114889 -0.521615 92.746766
-0.004072 -0.275259 -16.503400
-0.000320 -0.001634 1.000000
-0.448328 -0.461038 -159.088570
-0.378278 -0.365912 230.651392
-0.001098 -0.000964 1.000000
-0.092593 -0.577154 177.987444
-0.133136 -0.534684 -29.315109
-0.000530 -0.001594 1.000000
-0.113598 -0.710116 58.827787
-0.031528 -0.304255 50.449691
-0.000261 -0.001833 1.000000
-0.397223 -0.377991 36.885378
-0.330433 -0.340348 -3.239676
-0.000979 -0.001158 1.000000
-0.184118 -0.496232 257.362555
-0.213663 -0.428579 85.249715
-0.000718 -0.001355 1.000000
-0.561474 -0.718388 801.211432
-0.415325 -0.383676 18.167558
-0.000990 -0.001115 1.000000
-0.324907 -0.695265 181.714652
-0.311107 -0.496943 99.722960
-0.000771 -0.001296 1.000000
-0.558136 -0.609612 10.197175
-0.221298 -0.340363 23.877790
-0.000921 -0.001414 1.000000
-0.899961 -0.329759 148.472812
-0.594732 -0.290433 -95.956308
-0.001509 -0.000779 1.000000
-0.492631 -0.130891 307.135445
-0.455532 -0.282812 -91.764645
-0.001179 -0.000857 1.000000
-0.222646 -0.580066 126.016900
-0.184765 -0.437404 -6.437177
-0.000640 -0.001541 1.000000
-0.063026 -1.118166 202.518147
0.042658 -0.680655 100.133965
-0.000021 -0.002158 1.000000
-0.192381 -0.678107 336.537737
-0.187661 -0.622481 -29.748749
-0.000551 -0.001669 1.000000
-0.185582 -0.749033 344.426962
-0.184240 -0.812838 40.044328
-0.000468 -0.001865 1.000000
-0.074356 -1.180324 176.371652
-0.057033 -0.782820 58.640183
-0.000348 -0.002195 1.000000
-0.191040 -1.159155 759.549053
-0.116470 -0.727289 -41.726927
-0.000371 -0.001909 1.000000
-0.000445 -1.160399 387.728501
-0.047654 -0.946760 -93.806035
-0.000140 -0.002284 1.000000
-4.029567 4.136129 -5396.817127
-3.499601 3.310419 1483.540830
-0.007966 0.007411 1.000000
0.816162 -2.563521 1741.988883
0.732571 -2.265895 -459.563081
0.001364 -0.004508 1.000000
-0.148599 -0.899179 445.707097
-0.116685 -0.710990 -116.935480
-0.000391 -0.001905 1.000000
-0.428725 -0.586133 211.781940
-0.382833 -0.529549 27.145435
-0.000954 -0.001378 1.000000
-0.564245 -0.651971 334.730795
-0.303015 -0.276396 49.255166
-0.000928 -0.001129 1.000000
-0.515477 -0.871324 -174.594353
-0.304221 -0.529406 269.581755
-0.000786 -0.001535 1.000000
-0.325143 -0.878238 227.291113
-0.314604 -0.677804 156.601526
-0.000761 -0.001650 1.000000
-0.277398 -0.417781 111.163155
-0.238645 -0.363177 139.340226
-0.000868 -0.001225 1.000000
-0.469865 -0.663383 126.286072
-0.353022 -0.499879 -53.275570
-0.000950 -0.001303 1.000000
0.364653 -1.106590 -2262.785154
0.246536 -1.222356 -1148.818047
0.000658 -0.003587 1.000000
-0.472489 -0.643866 1032.882685
-0.245696 -0.300262 25.914504
-0.000831 -0.001162 1.000000
-0.550627 -0.744711 724.424850
-0.374809 -0.445425 -247.480434
-0.000996 -0.001400 1.000000
0.155303 -1.134624 -1056.346068
0.044337 -0.900356 -579.717396
0.000110 -0.002597 1.000000
0.527233 -2.139261 121.521108
0.610257 -1.372736 -626.650016
0.000794 -0.003685 1.000000
-0.322838 -0.961097 372.425622
-0.190201 -0.670758 -265.078110
-0.000583 -0.001728 1.000000
0.010112 -1.265028 1221.138029
-0.011849 -0.734902 -302.364679
-0.000049 -0.002160 1.000000
-0.065108 -1.483759 509.407867
-0.051146 -0.957570 -482.182350
-0.000041 -0.002641 1.000000
-0.328720 -0.580622 253.041217
-0.205091 -0.361849 49.200883
-0.000786 -0.001286 1.000000
-0.395431 -0.893556 349.841559
-0.336654 -0.674258 72.428216
-0.000708 -0.001537 1.000000
-0.291325 -0.860022 633.557751
-0.252383 -0.911484 -20.453066
-0.000557 -0.001841 1.000000
-0.036011 -1.070780 510.005192
-0.063154 -0.531607 -4.113441
-0.000233 -0.001867 1.000000
0.130467 -1.097809 405.165607
-0.018137 -0.590330 29.831640
-0.000116 -0.002031 1.000000
0.182966 -1.203391 566.780006
0.066315 -0.329341 -31.722258
0.000107 -0.001985 1.000000
-0.321095 -0.817605 566.067303
-0.186368 -0.534050 77.934244
-0.000641 -0.001566 1.000000
-0.016502 -1.093228 631.288477
-0.019168 -0.951911 101.018800
-0.000169 -0.002328 1.000000
-0.451815 -0.900502 520.392345
-0.395952 -0.755821 318.841686
-0.000759 -0.001524 1.000000
-0.515797 -0.910384 542.231341
-0.465717 -0.822596 322.364909
-0.000861 -0.001623 1.000000
1.418010 -0.822486 137.631853
0.702624 0.734595 -491.171863
0.000956 -0.001643 1.000000
0.360570 -1.011130 429.069084
0.226139 -0.223649 -145.799734
0.000130 -0.001917 1.000000
3.890565 0.188544 -869.602064
1.523862 3.073809 -1406.369625
0.002528 -0.000307 1.000000
1.111378 -0.116899 -62.805725
0.239588 0.947779 -159.908940
0.000232 -0.000441 1.000000
-0.530244 -0.601440 208.625656
-0.539610 -0.368977 146.552151
-0.001151 -0.001000 1.000000
-0.431019 -0.854326 561.952720
-0.294027 -0.624403 -46.201107
-0.000769 -0.001550 1.000000
0.366008 -1.707414 1131.188719
0.576436 -1.772801 -203.560516
0.000828 -0.003713 1.000000
0.555392 -1.618468 699.706100
0.286502 -1.406410 -9.049042
0.000754 -0.003247 1.000000
3.468300 -16.013542 11336.831948
5.148028 -6.394309 -2478.634906
0.017375 -0.025751 1.000000
0.063552 -1.154309 478.992996
-0.023457 -0.844663 -102.605615
-0.000173 -0.002295 1.000000
0.122546 -1.679333 604.532737
0.006345 -0.852246 -276.921584
0.000346 -0.002664 1.000000
-0.299539 -1.074036 857.936624
-0.162618 -0.582146 28.900542
-0.000473 -0.001660 1.000000
-0.194091 -1.141557 499.220914
-0.122214 -0.640599 13.434198
-0.000328 -0.002030 1.000000
0.903194 -0.934121 182.485798
0.301462 -0.361239 -180.332617
0.000679 -0.002663 1.000000
-0.784044 -1.097472 838.470471
-0.402431 -0.873382 415.088566
-0.000757 -0.001607 1.000000
1.371474 -0.126277 -116.726193
0.637179 1.126876 -402.649204
0.000583 -0.000589 1.000000
0.806956 -0.199301 50.430054
0.323945 0.912432 -230.384261
-0.000031 -0.000368 1.000000
4.349734 2.034822 -1666.259201
1.625051 5.478310 -2280.680691
0.001112 0.004054 1.000000
1.000000 0.000000 0.000000
-0.000000 1.000000 0.000000
-0.000000 0.000000 1.000000
0.669707 0.031071 -31.762948
0.107518 0.791830 -101.611904
-0.000173 -0.000443 1.000000
0.689122 -0.028928 34.282071
0.287724 1.070753 -272.233823
-0.000003 -0.000502 1.000000
0.218316 -0.672520 266.442834
0.125530 -0.137959 -64.312765
-0.000064 -0.001859 1.000000
0.067202 -0.788235 345.712514
-0.021374 -0.494747 23.262819
-0.000131 -0.002077 1.000000
0.198923 -1.095377 342.818064
0.042725 -0.500845 -64.393848
-0.000001 -0.002312 1.000000
-0.070440 -1.058740 429.363640
-0.125182 -0.749384 15.787858
-0.000324 -0.002150 1.000000
-0.601406 -0.813305 1064.916762
-0.190210 -0.264742 -44.647289
-0.000916 -0.001091 1.000000
-0.160353 -0.874961 71.401631
-0.145922 -0.625914 -64.013329
-0.000402 -0.001862 1.000000
0.383495 -1.254092 529.565664
0.144673 -0.842421 27.098213
0.000532 -0.002980 1.000000
-0.447483 -0.425353 217.857711
-0.381111 -0.755187 447.950180
-0.001005 -0.001198 1.000000
-0.508395 -0.191542 -14.367017
-0.652399 -0.176609 334.288269
-0.001596 -0.000353 1.000000
-0.449534 -0.442763 114.183564
-0.532997 -0.434504 340.004337
-0.001238 -0.000883 1.000000
-0.481194 -0.579960 507.617392
-0.212620 -0.211811 39.418477
-0.000927 -0.000911 1.000000
-0.363026 -0.793052 189.016775
-0.189484 -0.409089 34.193029
-0.000703 -0.001491 1.000000
-0.371194 -0.637365 108.270076
-0.274685 -0.622876 86.015752
-0.000770 -0.001664 1.000000
0.027438 -1.169273 435.818823
0.039900 -0.719404 33.661008
0.000087 -0.002239 1.000000
-0.252495 -0.637470 -140.118362
-0.253164 -0.607908 260.442847
-0.000700 -0.001555 1.000000
-0.580859 -0.283991 2245.326807
-0.507377 -0.457280 -540.679994
-0.001346 -0.000914 1.000000
-0.065597 -0.928456 173.632595
-0.048448 -0.896399 86.565306
-0.000190 -0.002085 1.000000
-0.238648 -0.808462 238.726091
-0.134492 -0.444615 -141.456797
-0.000574 -0.001497 1.000000
-0.722303 -0.738565 289.707205
-0.456311 -0.356064 288.489471
-0.001140 -0.001042 1.000000
-0.751327 -1.707679 989.673416
-0.505662 -1.850820 621.754566
-0.000467 -0.002980 1.000000
-0.410978 -1.360031 742.407427
-0.352755 -1.473284 501.885069
-0.000287 -0.002639 1.000000
-0.180371 -0.733695 -192.315580
-0.114442 -0.476487 -163.646275
-0.000573 -0.001786 1.000000
-0.257422 -0.544410 47.065076
-0.270524 -0.577814 37.728002
-0.000740 -0.001526 1.000000
-0.219998 -0.614091 242.221283
-0.107647 -0.513107 -141.484650
-0.000507 -0.001530 1.000000
-0.019262 -0.693793 62.767976
0.005056 -0.754793 86.795810
-0.000212 -0.001963 1.000000
-0.473749 -1.004469 527.860668
-0.158600 -0.612533 -14.496585
-0.000696 -0.001600 1.000000
-0.102301 -0.463618 134.398062
-0.150970 -0.246190 43.831548
-0.000608 -0.001397 1.000000
-0.333148 -0.532768 477.111985
-0.405020 -0.675091 116.837275
-0.000839 -0.001251 1.000000
-0.253985 -0.503256 130.239394
-0.179627 -0.380558 -160.719312
-0.000812 -0.001250 1.000000
-0.287377 -0.565573 86.130210
-0.241122 -0.316844 -77.710219
-0.000724 -0.001360 1.000000
-0.027132 -1.609338 -604.563494
0.052487 -1.060363 -81.060583
0.000019 -0.002969 1.000000
0.341085 -2.037305 853.455126
0.352957 -1.461771 3934.138008
0.000945 -0.003914 1.000000
-0.242356 -0.704169 475.821415
-0.130156 -0.398230 3.935914
-0.000572 -0.001528 1.000000
-0.270957 -0.381494 689.286668
-0.418510 -0.570918 96.156732
-0.000986 -0.001384 1.000000
-0.287361 -0.931370 155.432303
-0.185755 -0.572319 -56.671933
-0.000551 -0.001693 1.000000
-0.126180 -0.600214 104.694409
-0.177621 -0.453617 -70.199193
-0.000445 -0.001677 1.000000
-0.176111 -0.831005 385.923144
-0.170912 -0.535416 5.084391
-0.000494 -0.001797 1.000000
-0.081141 -1.203413 462.840888
-0.024058 -0.945446 -300.892790
-0.000040 -0.002468 1.000000
0.958727 -2.302612 -2549.471349
0.386935 -1.234954 2440.113013
0.001098 -0.003803 1.000000
-0.409703 -0.864313 258.626251
-0.309398 -0.696775 926.021786
-0.000741 -0.001544 1.000000
-0.389301 -0.308534 283.790176
-0.388398 -0.297078 -50.054035
-0.001150 -0.000873 1.000000
-0.339503 -0.737733 347.616402
-0.286477 -0.343183 -178.827019
-0.000809 -0.001412 1.000000
-0.455136 -0.928835 379.968919
-0.352298 -0.596477 106.610335
-0.000814 -0.001472 1.000000
-0.418813 -0.751364 -393.190792
-0.358655 -0.464785 690.941469
-0.000983 -0.001466 1.000000
-0.878066 0.705969 2684.603459
-0.969342 0.461621 -2588.460024
-0.002644 0.001134 1.000000
-0.301082 -0.621917 431.536434
-0.256345 -0.562994 -33.548157
-0.000777 -0.001500 1.000000
-0.464547 -0.455237 -1058.100855
-0.386313 -0.426444 90.249051
-0.001024 -0.001003 1.000000
-0.480391 -0.455951 239.874669
-0.400722 -0.265181 -86.772981
-0.001273 -0.000866 1.000000
-0.343540 -1.066213 -56.174127
-0.221204 -0.948406 300.352313
-0.000316 -0.002077 1.000000
-0.742042 -0.748235 104.783365
-0.458325 -0.315286 109.148408
-0.001227 -0.001070 1.000000
0.070796 -1.322912 2021.400515
-0.122936 -0.909796 -1380.197440
-0.000035 -0.002553 1.000000
-0.458445 -1.065807 885.907125
-0.100560 -0.400746 -41.945376
-0.000589 -0.001568 1.000000
-0.318373 -0.880978 681.225600
-0.237857 -0.655688 -74.393558
-0.000646 -0.001751 1.000000
-0.413873 -0.776354 504.610755
-0.324383 -0.510571 116.754043
-0.000711 -0.001526 1.000000
-0.826784 -0.829492 1013.189101
-0.259788 -0.247176 33.356776
-0.001063 -0.001009 1.000000
-0.076907 -1.138183 474.619649
0.022946 -0.641659 -422.109419
-0.000255 -0.002205 1.000000
-0.593422 -1.082378 962.779870
-0.242475 -0.539676 12.077342
-0.000794 -0.001561 1.000000
-0.379273 -1.050874 844.919805
-0.236825 -0.592743 65.112668
-0.000662 -0.001571 1.000000
-0.842800 -0.845293 1061.019378
-0.231839 -0.185850 -22.905496
-0.001085 -0.000996 1.000000
-0.361657 -0.911446 -101.486285
-0.251392 -0.794742 1258.687514
-0.000556 -0.001739 1.000000
-0.096624 -1.184204 436.694687
-0.033031 -0.918614 -47.631459
-0.000213 -0.002316 1.000000
-0.394126 -0.887103 1723.775397
-0.149747 -0.314092 -1266.367070
-0.000677 -0.001590 1.000000
-0.186502 -0.652339 -516.745631
-0.284645 -0.647981 872.047422
-0.000439 -0.001723 1.000000
-0.572793 -0.994443 799.344571
-0.332932 -0.595979 -70.565364
-0.000894 -0.001408 1.000000
-0.196653 -1.059557 728.228097
-0.068166 -0.388628 -47.927749
-0.000411 -0.001667 1.000000
-0.722046 -0.265739 -863.268548
-0.423705 -0.206764 407.924616
-0.001448 -0.000606 1.000000
-0.738221 -0.289643 948.412601
-0.363143 -0.187862 -164.152062
-0.001350 -0.000606 1.000000
0.239441 -1.940852 -2835.925654
0.283216 -1.281513 -1743.360289
0.001236 -0.004170 1.000000
-0.168896 -1.285370 -1023.806477
-0.259784 -0.952326 -579.571538
-0.000198 -0.002363 1.000000
-0.308895 -1.467873 947.956667
0.052675 -0.519185 -272.778454
-0.000133 -0.002243 1.000000
1.445516 -1.995250 -1532.127957
0.627143 -2.274963 1972.468185
0.002041 -0.005366 1.000000
-0.597013 -0.870676 823.903394
-0.340599 -0.466963 -93.685799
-0.000948 -0.001297 1.000000
-1.793694 0.218690 2181.028911
-0.738393 0.082271 467.415293
-0.002496 0.000896 1.000000
-2.110289 1.819878 1138.694368
-0.672314 0.271509 -404.244868
-0.003217 0.001826 1.000000
-0.507833 -1.019212 900.199253
-0.112210 -0.313608 -1.808039
-0.000624 -0.001435 1.000000
-0.128264 -1.083014 880.899531
-0.008361 -0.489130 -99.300637
-0.000351 -0.001903 1.000000
-0.447419 -0.675582 -77.028928
-0.352568 -0.388829 12.412531
-0.000971 -0.001273 1.000000
-0.680022 -0.729283 854.823357
-0.395624 -0.400243 98.686296
-0.001040 -0.001055 1.000000
-0.241082 -0.341645 380.012285
-0.555422 -0.779234 283.221571
-0.001077 -0.001513 1.000000
-0.243704 -0.783651 501.115534
-0.152981 -0.542305 -97.711880
-0.000606 -0.001564 1.000000
-0.171778 -0.653095 656.460080
-0.226178 -0.479516 -39.046282
-0.000688 -0.001516 1.000000
-0.246804 -0.904616 704.387450
-0.098251 -0.332972 20.890079
-0.000520 -0.001494 1.000000
-0.607306 -0.687914 685.711041
-0.371398 -0.382301 -7.021383
-0.001077 -0.001223 1.000000
-0.283018 -0.915340 604.158779
-0.332164 -0.813023 160.823127
-0.000707 -0.001914 1.000000
-0.661112 -0.682736 787.660650
-0.286367 -0.231288 -15.912796
-0.000977 -0.001141 1.000000
0.642038 -1.709893 41.735339
0.356999 -0.891040 -238.997381
0.000914 -0.002999 1.000000
-0.070917 -0.899884 539.110407
0.005903 -0.408119 -168.594236
-0.000307 -0.001911 1.000000
-8.359016 4.576467 9170.571993
-2.112325 4.885066 -1341.111628
-0.011066 0.012299 1.000000
-0.335238 -0.826438 559.474422
-0.061696 -0.376555 -191.079853
-0.000532 -0.001717 1.000000
-0.688403 -0.283170 920.383169
-0.439622 -0.189346 237.685295
-0.001467 -0.000737 1.000000
-0.272919 -1.144802 541.437826
-0.162536 -0.650748 -121.418150
-0.000351 -0.001957 1.000000
-0.351295 -0.902949 78.784620
0.007760 -0.319246 43.899887
-0.000649 -0.001621 1.000000
-0.603668 -0.561927 654.021989
-0.374885 -0.385396 142.036828
-0.001032 -0.001107 1.000000
-0.787886 -0.396100 1087.983921
-0.431183 -0.031839 67.236268
-0.001359 -0.000650 1.000000
-0.680208 -0.357872 932.507434
-0.382505 -0.296311 32.960055
-0.001204 -0.000856 1.000000
-0.254359 -0.782842 702.087385
-0.190703 -0.470319 140.873070
-0.000575 -0.001563 1.000000
-0.475599 -0.635505 430.629578
-0.413634 -0.652602 180.375188
-0.000871 -0.001347 1.000000
-0.458638 -0.373524 657.230024
-0.344727 -0.316004 25.320411
-0.000977 -0.001116 1.000000
-0.681610 -0.238870 845.850413
-0.369934 -0.206148 99.807761
-0.001186 -0.000819 1.000000
-0.560954 -0.679721 814.936380
-0.304420 -0.340270 148.407725
-0.000930 -0.001107 1.000000
-0.272859 -0.839948 442.398951
-0.158681 -0.595592 110.253965
-0.000518 -0.001632 1.000000
-0.766453 -1.315133 697.905949
-0.822463 -1.225630 544.494436
-0.001162 -0.001844 1.000000
-0.174637 -0.741613 577.565435
-0.126460 -0.521131 -108.245639
-0.000487 -0.001782 1.000000
-0.164763 -0.664005 372.649817
-0.232214 -0.560935 21.642085
-0.000741 -0.001574 1.000000
-0.412894 -0.750053 465.603010
-0.350860 -0.684438 198.264338
-0.000771 -0.001503 1.000000
-0.427493 -0.839124 825.031874
-0.250681 -0.614573 145.991719
-0.000635 -0.001467 1.000000
-0.319467 -0.410818 142.754171
-0.361848 -0.591712 163.472744
-0.000868 -0.001340 1.000000
-0.540837 -0.950327 1083.345359
-0.239947 -0.359300 183.174291
-0.000678 -0.001301 1.000000
-0.318862 -0.781937 691.647691
-0.100616 -0.288170 1.596321
-0.000713 -0.001391 1.000000
-0.488279 -0.887973 1019.252196
-0.090841 -0.236471 -135.036464
-0.000824 -0.001485 1.000000
-0.570891 -1.646060 899.324921
-0.194256 -0.929923 221.113265
-0.000436 -0.002452 1.000000
-0.619102 -0.679817 830.828298
-0.334421 -0.283686 89.351616
-0.001093 -0.001051 1.000000
-0.348682 -0.704389 544.247933
-0.155708 -0.332051 -143.034385
-0.000708 -0.001469 1.000000
-2.047485 2.575686 -2050.006328
-2.347899 2.215616 514.926923
-0.005448 0.004480 1.000000
-0.252225 -0.921859 568.364189
-0.157607 -0.696596 131.369002
-0.000367 -0.001917 1.000000
0.783203 -2.962033 1573.918845
0.905297 -2.749743 300.035127
0.002159 -0.005735 1.000000
-0.106103 -1.660115 793.430697
-0.000609 -1.383968 196.606854
0.000149 -0.002963 1.000000
-0.511870 -0.897031 517.315942
-0.425680 -0.756661 226.241660
-0.000860 -0.001498 1.000000
-0.272661 -0.928326 478.183190
-0.159718 -0.559460 148.562054
-0.000398 -0.001966 1.000000
-0.489307 -0.675641 595.290521
-0.362328 -0.520813 17.799921
-0.000948 -0.001296 1.000000
-0.270277 -0.594137 58.516893
-0.246854 -0.157568 4.650581
-0.000860 -0.001195 1.000000
-0.587010 -0.677114 311.757960
-0.282822 -0.332065 107.625018
-0.000996 -0.001141 1.000000
-0.341911 -0.571275 561.618036
-0.172323 -0.397209 48.075390
-0.000629 -0.001443 1.000000
-0.515064 -0.821476 647.161081
-0.198290 -0.355333 -29.910303
-0.000878 -0.001346 1.000000
-0.517759 -0.796335 449.559049
-0.365487 -0.457439 -74.004698
-0.000858 -0.001235 1.000000
-0.310662 -0.665102 376.507876
-0.264671 -0.555754 10.812706
-0.000720 -0.001491 1.000000
-0.296897 -1.001085 879.661830
-0.066725 -0.472973 64.647904
-0.000465 -0.001607 1.000000
-0.674570 -0.572413 544.841685
-0.381641 -0.406590 -33.724327
-0.001194 -0.000981 1.000000
-0.370435 -1.050568 954.095599
-0.316308 -0.698277 88.477288
-0.000645 -0.001656 1.000000
-0.135722 -1.043156 664.982724
0.002111 -0.777256 -459.736304
-0.000150 -0.002292 1.000000
0.310507 -1.726070 928.092497
0.071864 -0.574854 -138.016725
0.000416 -0.002696 1.000000
-0.451928 -0.943871 718.129433
-0.064638 -0.381780 -24.895574
-0.000607 -0.001568 1.000000
-0.415515 -0.983644 452.461379
-0.307798 -0.628074 172.572578
-0.000641 -0.001678 1.000000
-0.277313 -0.813227 408.121661
-0.176221 -0.635461 104.720798
-0.000595 -0.001663 1.000000
