-1.612616 1.735596 -372.194725
-0.942379 0.540362 1298.912718
-0.003143 0.002195 1.000000
-1.277108 0.169423 -101.628814
-0.748612 0.118130 884.717470
-0.002099 0.000173 1.000000
-2.105344 1.853788 160.089365
-1.450222 1.052960 1511.810745
-0.003272 0.002184 1.000000
-1.217304 0.428714 1156.360842
-0.772175 0.387743 1293.807544
-0.002214 0.001365 1.000000
0.152187 -1.626487 1562.736313
0.140628 -1.609104 -1371.237439
0.000535 -0.003515 1.000000
1.169938 -4.110287 648.461425
1.101671 -4.481186 -751.305309
0.003194 -0.009412 1.000000
1.342859 -4.471662 1106.387894
0.613625 -4.010542 -574.900729
0.002933 -0.009881 1.000000
-1.149026 0.371260 -75.596047
-0.708640 0.058435 1764.720013
-0.002356 0.001152 1.000000
1.470453 -4.753516 -218.035923
0.880426 -2.770245 -2374.941067
0.004309 -0.010783 1.000000
0.244295 -2.644925 2720.694917
0.022121 -1.293308 -194.925062
0.000971 -0.006107 1.000000
2.309458 -7.215891 1989.504324
1.132829 -8.518975 -1464.577671
0.004139 -0.019148 1.000000
1.477292 -4.873377 -2314.691157
1.365357 -2.877933 -2895.323633
0.005238 -0.013417 1.000000
-2.684151 2.377923 497.703337
-1.369904 1.245007 3058.052803
-0.004159 0.004173 1.000000
-2.111014 2.583518 -1785.878699
-1.367329 1.113321 980.263629
-0.003751 0.003812 1.000000
-4.813019 4.840215 -2733.984091
-2.615854 2.475888 -2683.975536
-0.007114 0.007277 1.000000
-1.235890 1.018165 -475.244327
-1.438866 1.376899 1910.250236
-0.003038 0.002710 1.000000
-1.294722 1.493155 655.484391
-1.132632 1.075882 2349.105448
-0.003443 0.003971 1.000000
0.309906 -1.744901 -154.317339
0.055383 -1.314038 -489.501591
0.000775 -0.003983 1.000000
7.412528 -12.861809 1656.492185
1.645374 -3.266610 -1058.537708
0.009015 -0.016223 1.000000
-0.061858 -1.748958 2257.330156
-0.018565 -1.073883 -1230.139147
0.000123 -0.003084 1.000000
-28.170788 41.308624 -26305.117462
-21.922341 26.596753 10949.598893
-0.048794 0.067471 1.000000
-0.458951 -0.868572 62.827198
-0.290296 -0.973297 35.068706
-0.000871 -0.001869 1.000000
-2.381229 2.632566 -1517.288189
-1.152187 0.555129 880.451015
-0.004378 0.004258 1.000000
-1.839190 1.720927 522.870360
-1.372921 1.572018 2066.733100
-0.004016 0.004728 1.000000
-0.009153 -1.522229 1162.798352
-0.040512 -0.935489 -240.864222
-0.000038 -0.002781 1.000000
-0.204724 -1.008419 651.142202
-0.079870 -0.958492 -63.498214
-0.000363 -0.002133 1.000000
0.236865 -1.911294 436.709747
0.024280 -1.416676 -160.498940
0.000435 -0.003380 1.000000
14.072059 -38.169030 -6338.766787
11.768214 -28.835479 -20360.878703
0.035796 -0.087873 1.000000
-1.010419 0.131090 1138.166209
-0.682610 -0.131957 1353.986666
-0.001985 0.000236 1.000000
0.608798 -2.807996 1814.625371
0.321463 -2.156070 -325.174102
0.000834 -0.004891 1.000000
-0.000765 -1.340676 787.984589
-0.036981 -1.350521 175.659993
-0.000092 -0.002903 1.000000
-0.150932 -2.268422 -544.982837
-0.140494 -1.436688 -276.507668
0.000333 -0.004041 1.000000
0.584459 -2.408537 -2102.043944
0.081151 -2.138543 698.661205
0.000784 -0.005662 1.000000
-1.479928 1.512171 -869.790679
-1.599218 1.586397 1505.956765
-0.003014 0.002712 1.000000
-1.273298 0.146013 2476.902473
-0.811724 -0.540993 1389.118519
-0.002156 -0.000135 1.000000
-0.159705 -1.024035 685.871984
-0.226252 -0.874006 -135.625416
-0.000532 -0.002507 1.000000
-1.193543 0.626219 -457.398844
-0.774822 0.189066 519.989077
-0.001989 0.000958 1.000000
0.436630 -3.227025 229.145454
0.141730 -1.882117 -1064.294016
0.000915 -0.005204 1.000000
-0.114072 -1.658367 299.984452
-0.092721 -1.024847 -527.836448
0.000045 -0.003161 1.000000
0.007893 -2.018575 814.384388
-0.140613 -1.136094 -431.120919
0.000069 -0.003315 1.000000
30.672280 -49.715454 -5993.144019
11.873861 -30.043977 -14570.057768
0.051761 -0.087972 1.000000
-6.391642 15.212699 5146.303342
-3.384726 8.912800 6049.349978
-0.014758 0.030182 1.000000
-0.402500 -0.811699 -154.642627
-0.388561 -0.811334 385.965555
-0.000875 -0.001806 1.000000
7.980240 -17.067246 -4471.029021
6.553252 -13.967632 -5805.616468
0.012215 -0.028285 1.000000
-0.056365 -2.024506 -190.456376
-0.013995 -1.513330 -144.256304
0.000374 -0.004094 1.000000
4.042384 -8.484791 2171.563335
1.857081 -5.538480 -3841.442999
0.008145 -0.017934 1.000000
-0.172335 -1.367451 111.288876
-0.102425 -1.338729 -216.362417
-0.000039 -0.002915 1.000000
-0.048125 -1.863666 941.872277
-0.269098 -1.315188 -121.434636
-0.000171 -0.003303 1.000000
3.027548 -6.777501 2724.145427
2.004292 -8.130459 -2882.037625
0.006620 -0.016934 1.000000
0.434093 -1.919581 980.909294
0.126123 -2.045917 -117.084347
0.000916 -0.004580 1.000000
0.383468 -2.843334 713.341423
0.359806 -2.229385 -226.457358
0.001324 -0.005637 1.000000
-4.459083 6.712739 3280.930700
-3.903302 5.831797 9852.628623
-0.009242 0.013525 1.000000
3.878574 -18.023342 5265.735347
2.299568 -11.489194 -6558.615041
0.022569 -0.053016 1.000000
-0.236062 -1.038081 793.292259
-0.196785 -0.855945 -168.715124
-0.000460 -0.002244 1.000000
0.176974 -2.214641 651.413241
-0.036892 -1.826021 83.606598
0.000456 -0.004168 1.000000
-0.133763 -2.081375 738.343014
-0.055718 -1.751016 18.042194
-0.000034 -0.003650 1.000000
0.275837 -2.650484 387.834929
0.239776 -2.086510 -313.234309
0.000711 -0.005105 1.000000
-4.758202 9.794395 5560.106553
-4.568900 6.957376 5439.060725
-0.014296 0.021554 1.000000
-0.001384 -2.217049 -16.168344
-0.136684 -1.558906 -50.254185
0.000076 -0.003576 1.000000
-0.001085 -1.547797 -152.976776
-0.181026 -1.275024 66.860344
-0.000020 -0.002954 1.000000
0.175806 -2.281805 226.777803
0.310044 -1.690856 -931.058801
0.000791 -0.004874 1.000000
-0.089021 -1.354391 -176.527771
-0.215115 -1.296200 -29.381052
-0.000040 -0.002866 1.000000
-0.407075 -0.790300 346.331915
-0.198235 -0.534233 -461.551914
-0.000891 -0.001558 1.000000
0.359623 -2.517390 -336.119712
0.220747 -2.208505 185.071777
0.000842 -0.004559 1.000000
2.002081 -6.188860 -846.775351
0.933010 -2.997303 -2244.848969
0.005084 -0.011695 1.000000
9.552425 -15.555163 -3780.754968
6.453502 -10.952328 -15907.725741
0.014119 -0.024272 1.000000
0.241095 -2.005168 -94.857470
-0.057243 -1.328533 -405.650232
0.000328 -0.003411 1.000000
1.099503 -4.044580 -153.982026
0.730707 -3.458305 -1299.563954
0.001446 -0.006515 1.000000
-0.270895 -1.418007 326.069072
-0.203184 -0.752502 -334.840927
-0.000599 -0.002369 1.000000
-0.286570 -1.047653 -321.188992
-0.412899 -1.170759 163.127458
-0.000590 -0.002389 1.000000
0.546623 -2.998759 -928.950091
0.428666 -2.588287 -2124.485630
0.001170 -0.006098 1.000000
-0.995666 -0.529118 1058.673580
-0.550146 -0.701268 638.124996
-0.001593 -0.000853 1.000000
-0.864649 -0.025349 118.243504
-1.067868 0.361341 -554.426260
-0.002470 0.000730 1.000000
2.688027 -7.856660 933.236676
1.240144 -4.733001 -4445.543272
0.005849 -0.014317 1.000000
-0.220151 -1.342781 1059.235140
-0.138928 -0.887797 91.408411
-0.000182 -0.002582 1.000000
-0.484116 -1.165424 897.507617
-0.280340 -0.878144 171.715214
-0.000605 -0.001954 1.000000
-0.462956 -0.886348 1413.856472
-0.345374 -0.410901 399.109832
-0.000889 -0.001480 1.000000
-0.142138 -1.726100 217.081809
-0.129705 -1.290645 -397.407780
-0.000134 -0.003440 1.000000
0.299171 -1.942359 561.713587
-0.212726 -1.597641 -81.289551
0.000045 -0.003248 1.000000
0.234503 -1.930344 343.144330
-0.140586 -1.670178 -1106.560416
0.000462 -0.004316 1.000000
-0.907249 -0.158359 371.414294
-0.685240 -0.115812 1147.404301
-0.001718 -0.000146 1.000000
0.534669 -2.791972 598.238922
0.074764 -1.925906 -647.087063
0.000718 -0.004928 1.000000
-1.202469 0.305471 1229.885414
-0.872457 0.073184 698.073342
-0.002168 0.000881 1.000000
-0.851796 0.079954 443.188944
-0.791755 0.178708 942.304705
-0.001813 0.000544 1.000000
8.807929 -19.093313 -4881.716394
4.981209 -10.566577 -6565.136762
0.032087 -0.055305 1.000000
0.149536 -3.262864 -308.082910
0.122164 -2.521826 -693.302896
0.001880 -0.007542 1.000000
0.176445 -2.617422 -900.900732
0.015738 -1.888298 -337.076768
0.000436 -0.004681 1.000000
-0.903917 -0.093772 2603.262982
-0.889127 -0.022614 933.858338
-0.001760 0.000012 1.000000
0.568704 -2.992259 712.318841
0.676877 -2.275196 -880.476155
0.002436 -0.007839 1.000000
-1.114736 0.182099 973.073925
-1.112607 0.276664 1631.209018
-0.002126 0.000807 1.000000
0.928142 -3.752403 -196.854954
0.615119 -2.827599 113.249694
0.000790 -0.005052 1.000000
0.102058 -1.323918 -1845.184396
0.101514 -1.453156 -99.106562
0.000464 -0.003605 1.000000
-0.338488 -0.992776 -1667.775845
-0.338305 -0.724807 170.884782
-0.000522 -0.001759 1.000000
0.196224 -1.944330 -1244.982406
0.251831 -0.872917 258.521540
0.000709 -0.003854 1.000000
-0.604710 -0.647649 559.135749
-0.390789 -0.378994 1024.088966
-0.001066 -0.001186 1.000000
-1.820424 0.818789 -594.467916
-1.128792 0.400255 816.438350
-0.003014 0.001592 1.000000
-0.113029 -1.171162 -37.244658
-0.217589 -0.884299 -114.257140
-0.000298 -0.002596 1.000000
-3.947295 3.448292 -1388.386065
-2.258737 2.352469 3705.382807
-0.006750 0.007591 1.000000
-0.165740 -2.320102 408.530073
0.276797 -2.377041 -371.750968
0.000493 -0.004977 1.000000
-0.208707 -1.482930 1959.989560
-0.073365 -1.750280 982.053379
0.000109 -0.003881 1.000000
0.275840 -1.698104 924.663027
0.017082 -1.217118 -230.345371
0.000312 -0.002968 1.000000
0.562999 -3.361727 63.943072
0.304539 -2.958620 -1142.502636
0.000829 -0.005491 1.000000
-0.004652 -1.728171 956.975261
-0.007812 -1.772414 71.878329
0.000218 -0.003630 1.000000
-4.035806 5.831432 9551.735797
-6.099689 7.629032 4397.324952
-0.011990 0.016504 1.000000
-0.332035 -1.656150 1022.173675
-0.253942 -1.201680 1160.750115
-0.000254 -0.002508 1.000000
-0.455141 -0.697189 1006.934059
-0.474525 -0.987623 446.614257
-0.000902 -0.002045 1.000000
-15.460911 26.091960 5551.406238
-13.745449 16.813401 15333.201657
-0.035318 0.048980 1.000000
-0.362322 -0.871714 -503.642223
-0.432506 -0.666124 532.944859
-0.000868 -0.001331 1.000000
-0.636819 -0.645722 995.239119
-0.650953 -0.437158 -74.751132
-0.001326 -0.000690 1.000000
-0.555164 -0.914456 277.182373
-0.327836 -0.746929 -131.339536
-0.001027 -0.001516 1.000000
-1.100843 -0.155851 927.585610
-0.880627 -0.196466 -181.667760
-0.002151 -0.000217 1.000000
-0.271507 -1.442855 422.184986
-0.135829 -1.076573 -258.499200
-0.000487 -0.002557 1.000000
-0.362581 -0.997312 637.816213
-0.320579 -0.649401 12.277921
-0.000776 -0.001997 1.000000
-0.344556 -0.815145 618.450702
-0.329117 -0.707244 -241.944076
-0.000787 -0.001577 1.000000
-1.276810 0.414022 1917.342977
-0.919628 0.087051 11.199756
-0.002350 0.000930 1.000000
-2.211564 2.146916 14426.379600
-2.327830 1.965695 2660.349712
-0.005464 0.005649 1.000000
-0.213010 -1.401768 43.080406
-0.262627 -1.544896 41.091675
-0.000471 -0.002726 1.000000
0.307012 -2.541058 110.088686
0.483113 -2.545923 -1253.147258
0.001590 -0.006252 1.000000
3.226772 -7.375948 -5876.839632
0.172928 -1.586284 -994.425629
0.004634 -0.010383 1.000000
-0.142039 -1.592790 -718.243804
-0.165267 -1.342113 -740.927400
-0.000426 -0.003065 1.000000
0.039322 -1.517960 77.409867
-0.076744 -1.169988 75.047571
0.000546 -0.003483 1.000000
-0.393286 -0.811068 720.084677
-0.373465 -0.663919 150.269150
-0.000808 -0.001418 1.000000
-0.094317 -1.627790 717.487682
-0.214661 -1.006458 -215.120479
-0.000423 -0.002217 1.000000
2.241835 -5.776408 1875.149706
0.938516 -3.239085 -1142.184031
0.002897 -0.007769 1.000000
0.927844 -3.421288 306.073097
0.346364 -2.868244 -625.480724
0.001109 -0.006042 1.000000
-0.374414 -1.144237 913.476525
-0.255441 -0.879411 150.947145
-0.000639 -0.001996 1.000000
-0.054014 -1.408325 695.849357
-0.230363 -1.429447 19.071788
-0.000142 -0.003152 1.000000
0.355548 -2.685579 608.267268
0.179475 -3.042176 -81.123968
0.000532 -0.005371 1.000000
-0.391389 -0.647219 1244.675763
-0.332703 -0.848184 361.613170
-0.000785 -0.001724 1.000000
0.710150 -3.223224 1833.984658
1.317131 -3.501338 -801.086827
0.002659 -0.007819 1.000000
-0.227242 -1.517951 959.186507
-0.259520 -1.170261 161.055569
-0.000389 -0.002418 1.000000
0.756087 -4.361566 4.778584
0.632975 -3.494387 -968.602772
0.001633 -0.006542 1.000000
-0.031590 -4.003727 367.472268
0.480712 -3.370432 -861.948571
0.001353 -0.007605 1.000000
-0.190869 -1.134800 558.458602
-0.337394 -1.189830 232.113432
-0.000604 -0.002241 1.000000
-0.291565 -2.156651 677.657688
0.631105 -3.156185 -407.238590
0.001520 -0.006050 1.000000
-1.054427 0.833991 -1307.433083
-0.981101 0.290549 1001.249550
-0.002383 0.001423 1.000000
-0.131485 -1.435333 1082.920417
-0.284336 -1.195300 110.938769
-0.000348 -0.002511 1.000000
-0.487962 -0.595763 719.869156
-0.444447 -0.429872 27.145903
-0.001123 -0.001014 1.000000
0.131324 -1.641592 553.797181
0.069493 -0.929181 -189.720625
0.000386 -0.003199 1.000000
0.675871 -3.123156 57.327760
0.149112 -2.590400 -312.553196
0.000719 -0.005413 1.000000
0.176609 -1.386120 625.419823
-0.310390 -1.162982 -79.909937
-0.000363 -0.002685 1.000000
2.571012 -6.830461 -744.859105
0.806482 -2.745700 -921.068731
0.003551 -0.010154 1.000000
0.297650 -2.358507 1069.161289
0.142613 -1.156707 -402.328264
0.000379 -0.003549 1.000000
0.755335 -3.194863 403.705037
0.845111 -2.252913 -995.018431
0.001393 -0.005372 1.000000
0.481788 -1.810087 1943.505604
-0.001010 -1.232898 100.790416
0.000359 -0.003332 1.000000
-0.426147 -0.825731 1118.529057
-0.374081 -0.487040 419.323547
-0.000881 -0.001303 1.000000
-0.671510 -0.433479 1030.752227
-0.441545 -0.279270 432.493860
-0.001089 -0.000774 1.000000
0.714012 -4.175541 1124.950141
0.201074 -1.785286 -360.428604
0.001583 -0.005947 1.000000
-0.503202 -1.066152 1043.085163
-0.532547 -0.933287 22.098369
-0.001303 -0.001490 1.000000
4.437165 -12.358368 35.861645
3.594833 -7.334497 -3433.961948
0.006997 -0.016008 1.000000
-2.121822 1.860078 843.608991
-1.483420 1.156757 2659.141199
-0.004406 0.003783 1.000000
-0.009410 -1.575579 971.140079
-0.082922 -1.453857 -43.071501
-0.000201 -0.003143 1.000000
-9.118087 16.507240 1141.997645
-7.436613 10.455551 9178.750063
-0.015735 0.024329 1.000000
-3.006089 4.158924 2557.307656
-1.932550 4.067739 2213.667374
-0.005613 0.008286 1.000000
0.054410 -1.336442 322.742319
0.047428 -1.250236 -206.217234
0.000032 -0.003201 1.000000
-0.863465 -0.990936 786.321126
-0.372662 -0.622842 648.203487
-0.001321 -0.001566 1.000000
-0.067789 -1.706304 560.058981
-0.231952 -1.296104 -206.542251
-0.000222 -0.003503 1.000000
-0.066213 -1.378456 970.633873
-0.018688 -0.988660 18.489987
-0.000401 -0.002707 1.000000
-4.671719 10.898345 1744.274449
-1.760355 4.426071 1966.270762
-0.007874 0.013336 1.000000
-0.675789 -0.199235 1315.659426
-0.700789 -0.170178 1051.282928
-0.001460 -0.000211 1.000000
0.350553 -2.043740 943.357211
0.312286 -2.493212 -326.169453
0.001089 -0.005221 1.000000
-0.048904 -1.294445 930.601371
-0.122496 -0.717735 -143.419876
-0.000191 -0.002484 1.000000
0.380277 -3.403433 -664.347058
0.559090 -2.651855 -40.372940
0.002068 -0.007216 1.000000
-10.875616 12.461814 -1891.385595
-4.415547 5.613804 4234.107577
-0.016152 0.020636 1.000000
-0.324988 -0.797306 163.906590
-0.344507 -0.721789 189.622484
-0.000725 -0.001734 1.000000
-1.851484 1.440568 1450.708000
-1.170973 0.449319 1725.044879
-0.003177 0.002360 1.000000
1.886302 -4.295060 400.041532
0.370324 -1.881666 -1610.657566
0.002722 -0.007581 1.000000
-4.491102 5.934266 -2010.427465
-2.325349 2.522687 4518.051412
-0.010960 0.014473 1.000000
1.584428 -4.222103 1587.814310
1.231595 -3.205952 -2231.210432
0.004169 -0.009579 1.000000
-0.627623 -0.553224 397.089537
-0.513417 -0.364469 925.354245
-0.001280 -0.000805 1.000000
-3.562103 6.948587 1805.421085
-3.998751 6.973443 2591.438536
-0.008105 0.013969 1.000000
-2.187951 3.572046 2135.986620
-2.285897 3.568749 2075.209036
-0.005335 0.007380 1.000000
-0.209949 -1.646746 739.858998
-0.250287 -1.454194 -3.669412
-0.000407 -0.003616 1.000000
0.067215 -1.754013 398.177316
-0.299165 -1.916974 155.065436
-0.000034 -0.003633 1.000000
-0.080666 -1.700225 344.293946
0.043720 -1.543200 -456.238654
0.000195 -0.003667 1.000000
-0.095458 -2.481334 529.536543
-0.263442 -1.679375 116.416000
0.000096 -0.003501 1.000000
-3.851678 5.888603 4503.000737
-1.385165 2.813505 -642.714524
-0.006062 0.008734 1.000000
1.128327 -4.423538 -1960.869631
0.708973 -3.014235 -1030.886206
0.004284 -0.010386 1.000000
-0.010715 -1.644582 411.781255
0.106091 -1.242135 -361.434142
0.000223 -0.003327 1.000000
7.412184 -13.424387 -2310.828478
4.961784 -11.589771 -6661.148962
0.018871 -0.034635 1.000000
-0.619243 -0.028043 -1035.210675
-0.554936 -0.392037 566.227978
-0.001341 -0.000613 1.000000
0.187202 -1.084416 -400.651722
-0.294955 -1.254221 126.144962
-0.000099 -0.002778 1.000000
0.190159 -1.694085 438.549009
-0.084651 -0.930252 -36.234908
0.000082 -0.002985 1.000000
-0.071379 -1.164102 350.561777
-0.087465 -0.708418 -279.968662
-0.000368 -0.002417 1.000000
-0.970012 -0.422124 1285.904186
-0.498901 -0.203204 369.659324
-0.001324 -0.000622 1.000000
-1.332084 1.742001 2609.446050
-1.177939 1.122487 313.577268
-0.003722 0.003917 1.000000
-4.844768 9.049968 4386.947217
-3.948233 5.422398 5322.196850
-0.010078 0.016923 1.000000
-0.969590 0.658498 -342.456977
-0.735664 0.132558 961.867168
-0.001985 0.000315 1.000000
0.512128 -1.838898 581.966560
0.077347 -2.354288 185.090011
0.000648 -0.004603 1.000000
0.143681 -2.438491 2337.136755
-0.131194 -1.577425 -386.861154
0.000223 -0.004164 1.000000
-0.517049 -0.336099 549.747350
-0.493358 -0.348572 -186.347943
-0.001204 -0.000789 1.000000
-3.885404 10.252328 2732.965495
-3.230916 9.828715 5372.033014
-0.013780 0.026965 1.000000
-0.793292 0.269975 408.162312
-0.609392 -0.185874 1149.408630
-0.001769 0.000338 1.000000
1.936569 -5.262732 -2306.787927
1.266761 -3.292786 -1631.617942
0.005104 -0.010804 1.000000
-2.112136 1.799715 2855.644406
-1.240105 1.964477 156.157015
-0.003774 0.004458 1.000000
-1.549413 0.651659 1329.428586
-1.157440 0.730392 1790.309774
-0.002550 0.002086 1.000000
0.230227 -1.967577 -879.075500
0.062470 -1.599242 596.494676
0.000498 -0.004146 1.000000
0.108339 -1.905552 -233.787925
-0.001892 -1.179882 -222.133554
-0.000165 -0.003053 1.000000
-8.737306 11.109898 5105.583229
-4.612099 7.764095 4724.334061
-0.012411 0.021845 1.000000
-1.205361 0.397761 1397.382104
-0.841347 0.286532 928.978261
-0.002024 0.000983 1.000000
-0.103061 -1.691472 960.404871
0.011765 -0.954646 -758.947642
-0.000093 -0.003022 1.000000
1.014531 -3.913191 -188.398532
0.238634 -2.137928 -388.997506
0.001525 -0.006401 1.000000
-2.916149 5.224884 -940.760598
-1.656893 1.711374 1917.920749
-0.004695 0.006521 1.000000
0.350611 -2.042014 -179.342669
0.002428 -1.087502 -386.564267
0.000606 -0.003896 1.000000
0.787263 -2.732221 796.760176
0.059009 -1.619439 -260.014277
0.000702 -0.004257 1.000000
-2.998861 2.755267 -111.678907
-1.138254 1.058084 1004.880815
-0.003963 0.003592 1.000000
0.951440 -3.372075 899.316342
0.176003 -2.240517 -315.807966
0.001311 -0.005555 1.000000
0.123512 -2.409818 827.228851
-0.220491 -1.335099 52.433857
0.000109 -0.003337 1.000000
0.034280 -1.769451 660.047827
-0.160157 -1.233292 175.338408
-0.000118 -0.002762 1.000000
-0.584213 -0.632758 -153.349216
-0.601986 -0.389755 339.860693
-0.001332 -0.001076 1.000000
0.158526 -2.038225 85.815063
0.009413 -1.480891 -575.045844
0.000152 -0.004211 1.000000
0.069090 -2.661838 961.465998
0.502584 -1.843693 -282.358923
0.000795 -0.004801 1.000000
-0.048472 -3.292780 1424.892324
0.931233 -2.751353 -504.163065
0.001962 -0.007179 1.000000
-0.717925 -1.598066 657.466122
-0.127078 -1.398107 114.996869
-0.000527 -0.003387 1.000000
-0.546377 -0.663232 -53.875330
-0.487508 -0.350040 554.552549
-0.001078 -0.001155 1.000000
55.544685 -86.072084 17625.417472
18.822872 -69.732304 -16821.243237
0.085771 -0.164244 1.000000
15.090946 -21.279561 3726.927668
5.221094 -7.518015 -4079.986170
0.021483 -0.034788 1.000000
-0.948859 -1.604720 660.867992
-0.159557 -1.501718 189.730578
-0.000772 -0.003382 1.000000
0.890457 2.321174 -616.568231
-0.888917 3.410101 309.477187
-0.002071 0.005567 1.000000
-0.820903 -0.967916 408.244180
-0.554512 -0.809455 213.608883
-0.001234 -0.001866 1.000000
0.253440 -0.090538 145.507134
-0.390988 0.546213 306.811160
-0.000602 -0.000192 1.000000
-0.695947 -1.503034 676.880139
-0.169369 -1.398585 55.568363
-0.000515 -0.003312 1.000000
-0.894550 -0.150572 772.058120
-0.580327 -0.106441 698.565341
-0.001376 -0.000388 1.000000
0.592958 0.252398 53.417923
-0.229503 1.207116 38.942417
-0.000518 0.000529 1.000000
1.205541 1.102295 -425.219015
-0.178084 1.738009 -233.654520
-0.000629 0.001774 1.000000
-1.408807 0.260440 198.001498
-0.707813 0.407050 471.172652
-0.002258 0.000468 1.000000
-0.528972 0.107642 137.910604
-0.817676 0.465954 606.664264
-0.001496 0.000299 1.000000
-1.103850 0.620796 798.089884
-0.895541 0.301283 1023.124650
-0.002174 0.001061 1.000000
-1.714897 1.548789 -183.028847
-1.189061 0.169652 1143.409957
-0.002801 0.001581 1.000000
-1.090757 1.142455 -352.456942
-0.935771 0.435590 1135.504597
-0.002254 0.001393 1.000000
-8.067808 11.895456 -1558.885748
-4.656698 6.457710 4551.191222
-0.016160 0.022742 1.000000
1.064931 -4.682222 -1366.173860
0.508031 -3.375624 -615.956463
0.002150 -0.008177 1.000000
-1.497002 1.195303 -266.282520
-0.947809 0.201178 1016.546256
-0.002654 0.001326 1.000000
-1.486729 0.813454 -220.082082
-0.979700 0.444761 1098.224694
-0.002719 0.001408 1.000000
-0.284910 -0.029013 337.019044
-0.644990 0.490037 486.293162
-0.001011 0.000021 1.000000
0.315881 1.061378 -80.311238
-0.659545 1.938182 325.281646
-0.001081 0.001904 1.000000
-0.459107 -0.139180 176.416190
-0.796625 0.538209 556.412880
-0.001422 0.000435 1.000000
1.550514 -3.058499 1536.469373
0.628221 -2.324185 -632.028341
0.002473 -0.006833 1.000000
1.946579 2.026070 -553.584692
-0.473609 3.501723 34.990975
-0.000227 0.004032 1.000000
-10.062289 17.572461 -2634.010136
-8.389319 14.166031 12454.776814
-0.018041 0.030778 1.000000
0.585959 0.101123 218.599418
-0.146805 0.946393 276.160917
-0.000254 0.000142 1.000000
1.000000 0.000000 0.000000
0.000000 1.000000 -0.000000
0.000000 0.000000 1.000000
6.113394 5.460563 -2870.284878
0.227992 7.712746 -2287.757897
-0.000068 0.010524 1.000000
-1.397046 1.182943 57.497218
-0.940283 1.074795 1496.632542
-0.002607 0.002719 1.000000
-1.066047 0.300414 -72.277374
-0.886124 0.004631 920.400413
-0.002044 0.000368 1.000000
0.071889 -3.641377 1138.313203
0.403465 -3.901101 -114.631890
0.001300 -0.007329 1.000000
2.639390 -7.961011 1425.298869
2.770180 -7.150776 -2634.583336
0.005994 -0.016646 1.000000
12.718858 -22.174681 -1463.068955
13.082216 -27.955199 -9640.987644
0.032545 -0.063601 1.000000
2.011253 -7.515593 92.960641
1.878290 -7.544560 -1124.025837
0.004873 -0.015649 1.000000
-3.123640 3.477819 -89.171620
-1.653223 2.464814 2012.047387
-0.005412 0.007792 1.000000
-1.138100 0.425639 738.218310
-0.977205 0.387775 1152.292559
-0.002624 0.001220 1.000000
1.392068 -3.393326 641.401411
1.324234 -3.969962 -300.549561
0.004421 -0.010055 1.000000
-0.177815 -2.302917 518.904820
0.198085 -1.475160 -110.969919
0.000122 -0.003870 1.000000
-1.537187 1.018744 340.945767
-1.184760 1.065512 1876.842497
-0.003218 0.003353 1.000000
-0.309888 -0.856513 225.741074
-0.403242 -1.248601 199.690719
-0.000745 -0.002040 1.000000
-0.932333 1.133652 -43.368023
-1.137490 1.210777 857.894833
-0.002062 0.002090 1.000000
1.081847 -4.002127 -2943.868858
0.947143 -3.762119 -1749.730498
0.002691 -0.008252 1.000000
2.180635 -7.479599 -126.768973
2.322552 -6.367859 -992.079492
0.005775 -0.014232 1.000000
1.417250 0.094448 26.221089
-0.067463 1.742535 -38.135275
0.000417 0.000442 1.000000
-5.480140 -14.218060 5225.611618
-0.848390 -13.793493 3234.023736
0.003334 -0.024384 1.000000
10.179781 -21.426388 5407.065323
4.028651 -16.091800 -2415.937740
0.020013 -0.041505 1.000000
1.226187 -6.071431 1277.883911
1.042489 -4.717309 -1846.283659
0.003293 -0.010081 1.000000
1.906914 -4.535398 1736.320592
0.941565 -3.662678 -1296.429138
0.003591 -0.010152 1.000000
-0.337601 -1.282940 744.001228
-0.172296 -0.909253 -456.186373
-0.000399 -0.002790 1.000000
-0.581626 -1.155802 112.888059
-0.548529 -0.959892 25.395317
-0.000984 -0.001700 1.000000
0.011655 -1.477208 241.967851
-0.131072 -1.339596 130.197667
0.000064 -0.002959 1.000000
0.650616 -2.810455 -274.975714
0.536340 -3.391056 -420.947774
0.001661 -0.006676 1.000000
0.163392 -1.567511 -289.537509
0.000877 -1.772912 403.950478
-0.000028 -0.003043 1.000000
0.089294 -2.293997 12.957463
-0.084726 -2.614386 -65.580256
0.000202 -0.004707 1.000000
-0.050969 -1.797497 -315.625477
0.215215 -1.238051 -327.301468
0.000539 -0.004111 1.000000
-0.349235 -1.059810 1290.545336
-0.311873 -1.286104 752.003948
-0.000840 -0.002332 1.000000
-9.347161 11.835579 -779.441496
-8.191976 13.565231 9303.139883
-0.024701 0.039441 1.000000
1.150715 -3.223900 -431.923521
2.259616 -4.214771 -551.603303
0.003355 -0.008154 1.000000
-0.871729 -0.316099 -844.934332
-0.797315 -0.335359 965.139986
-0.001697 -0.000346 1.000000
-1.055345 0.062332 -209.652394
-0.872155 0.092853 966.405791
-0.002265 0.000491 1.000000
-0.044104 -1.638270 723.424054
-0.065204 -1.491380 -580.667651
0.000250 -0.003664 1.000000
-0.940248 -0.822723 1283.644843
-0.585933 -0.392864 600.177213
-0.001294 -0.000686 1.000000
-0.061195 -1.523936 1243.958321
-0.189445 -1.264182 -187.118067
0.000075 -0.003330 1.000000
-0.927114 0.680960 281.187577
-0.716289 -0.131183 1006.387651
-0.001937 0.000481 1.000000
-1.288401 0.523802 1012.300534
-0.776064 0.196639 990.787182
-0.002915 0.001593 1.000000
-4.076009 2.959365 -855.451632
-1.534673 1.542089 2156.722079
-0.007228 0.007568 1.000000
0.602671 -3.601618 -57.665187
0.631942 -2.165542 -1454.599419
0.001379 -0.005922 1.000000
0.110686 -2.522507 -123.054717
-0.127097 -1.583398 122.150006
-0.000060 -0.003998 1.000000
0.093613 -1.863537 1036.871485
-0.166657 -1.992700 122.600844
0.000017 -0.004017 1.000000
-2.160401 2.081718 530.267400
-1.627578 1.511570 2092.945559
-0.003721 0.004005 1.000000
