-2.438893 2.605892 799.564485
-1.736809 1.591757 2398.314735
-0.005088 0.005084 1.000000
0.370751 -2.390902 4782.452816
0.512512 -1.642596 -2028.292439
0.000937 -0.004503 1.000000
0.158468 -1.060474 403.187884
-0.201839 -1.193770 190.100591
-0.000140 -0.002554 1.000000
5.788209 -12.719332 -1450.763527
1.469990 -17.271187 -2169.813488
0.008901 -0.029056 1.000000
-0.515355 -0.681689 103.497742
-0.392303 -0.463355 442.661551
-0.000928 -0.001154 1.000000
-0.069902 -1.226710 530.645222
-0.029664 -1.217926 -74.405142
-0.000197 -0.002576 1.000000
0.294568 -1.934091 289.442107
0.043242 -1.546030 -396.205913
0.000455 -0.003966 1.000000
0.056263 -1.515761 569.449010
-0.007379 -0.958339 -116.832317
0.000152 -0.002820 1.000000
0.318790 -1.387870 276.713108
0.287655 -1.546906 -826.360339
0.000968 -0.003624 1.000000
-0.141389 -1.418680 1495.222775
-0.096755 -0.805646 91.100431
-0.000256 -0.002342 1.000000
0.362438 -0.744810 -499.042654
0.090659 -0.564494 -785.004811
0.000629 -0.002830 1.000000
0.314859 -2.098459 1126.292904
-0.200049 -2.105045 -2208.046307
0.001493 -0.005216 1.000000
9.502845 -9.771129 10137.213248
1.831005 -11.926077 -11088.776487
0.013897 -0.026371 1.000000
-0.600651 -0.815959 1153.127891
-0.369072 -0.646807 -72.941287
-0.000932 -0.001305 1.000000
-0.235271 -1.913008 625.989330
0.018672 -1.489539 -283.265342
0.000374 -0.003262 1.000000
-0.335695 -0.911563 84.939775
-0.598803 -1.171178 559.537445
-0.000653 -0.001734 1.000000
-1.094845 0.173365 954.853112
-0.768365 -0.087823 1063.140591
-0.001878 0.000394 1.000000
2.054754 -5.483007 127.893643
1.207230 -4.342244 -2537.207717
0.003229 -0.009989 1.000000
-1.854760 1.719500 -731.926431
-1.494331 0.978145 1843.925465
-0.003744 0.002895 1.000000
-0.109090 -1.020956 713.382216
-0.061642 -0.605335 -380.543974
-0.000229 -0.001943 1.000000
3.033267 -6.156773 -1154.569835
3.162231 -7.414704 -2849.450950
0.007414 -0.014285 1.000000
6.119350 -9.975070 -9680.575638
4.265586 -7.479141 -14210.480379
0.010251 -0.019623 1.000000
1.597042 -3.308233 -3536.191520
0.102959 -2.974445 -1461.452610
0.001799 -0.005850 1.000000
-0.946193 0.072695 1322.247295
-0.486501 0.036221 297.653060
-0.001658 -0.000076 1.000000
-0.866885 -0.053541 823.503588
-0.596706 0.012667 877.534954
-0.001624 -0.000211 1.000000
1.609319 -3.016996 -2572.145470
0.934071 -3.281796 -2206.620158
0.002436 -0.006879 1.000000
-0.147708 -1.147788 309.740516
-0.166409 -1.263515 212.925684
-0.000210 -0.002402 1.000000
-0.172303 -1.448405 337.528299
-0.060392 -0.950315 -113.218665
-0.000116 -0.002648 1.000000
3.261985 -5.027102 -2304.389039
0.981140 -4.194883 -2243.079780
0.003899 -0.010519 1.000000
-1.192547 0.568218 -486.515551
-0.977987 0.494396 2193.216304
-0.002153 0.001468 1.000000
0.420840 -2.370400 1707.936943
0.476271 -2.171127 -496.038797
0.001460 -0.005561 1.000000
-1.238863 0.178244 1333.327528
-0.948279 0.240819 2911.784411
-0.002382 0.000844 1.000000
-0.341782 -0.858842 1199.105801
-0.123943 -0.704982 121.236876
-0.000625 -0.001944 1.000000
-1.208492 0.529292 -1188.526555
-0.946768 0.336814 1341.649863
-0.002580 0.001063 1.000000
0.202340 -1.029816 -396.609337
-0.215611 -1.465488 -570.212148
-0.000083 -0.002671 1.000000
-0.749822 0.083589 1650.626762
-0.617497 -0.017012 833.438588
-0.001719 -0.000080 1.000000
-0.228163 -0.741926 674.737830
-0.297963 -0.757102 128.157835
-0.000621 -0.001635 1.000000
-0.840278 -0.658241 -171.410777
-0.543962 -0.339547 437.918343
-0.001451 -0.000719 1.000000
0.033137 -1.217840 -868.221110
-0.419597 -1.750306 59.346722
-0.000071 -0.002806 1.000000
1.208431 -2.670510 -681.491884
0.197792 -2.058333 -848.626948
0.001932 -0.005418 1.000000
-1.091646 0.222722 -416.239194
-0.604702 0.207370 1083.708680
-0.001903 0.000504 1.000000
-0.304395 -1.221641 1094.964370
-0.238610 -0.955729 -123.381327
-0.000332 -0.002246 1.000000
-0.142899 -1.343424 574.919176
-0.386147 -1.568254 140.352439
-0.000221 -0.002928 1.000000
-0.362219 -0.582426 1030.059639
-0.356114 -0.649977 460.174785
-0.000890 -0.001287 1.000000
-0.347358 -0.858278 -199.955367
-0.199469 -0.488979 678.863448
-0.000716 -0.001708 1.000000
-0.017931 -0.868004 819.104290
-0.291147 -1.307184 -476.535034
-0.000277 -0.002422 1.000000
0.239466 -2.028172 1225.050640
0.215893 -1.178228 -188.972893
0.000448 -0.003235 1.000000
-0.198315 -1.376351 180.745945
-0.149498 -1.090072 -1056.219432
-0.000146 -0.002359 1.000000
-7.515102 6.955258 -30567.063090
-3.900315 7.264317 13808.128731
-0.012284 0.014454 1.000000
-0.018447 -1.490623 367.428496
-0.035955 -0.964740 -214.801647
0.000177 -0.002805 1.000000
-0.373896 -1.153802 1090.943427
-0.291528 -0.757694 -12.012010
-0.000551 -0.001763 1.000000
-2.111124 0.441364 -183.802981
-1.309119 0.817535 2136.517789
-0.003045 0.001932 1.000000
-0.125741 -1.101616 608.989103
-0.173136 -0.992664 -332.137380
-0.000303 -0.002480 1.000000
2.500905 -8.808399 -2017.945415
2.564037 -7.505211 -2863.608697
0.006115 -0.013298 1.000000
3.315205 -7.762165 619.523520
1.867981 -8.037592 -2087.877012
0.006320 -0.014283 1.000000
-2.650877 3.246390 -2587.875609
-1.924654 3.204277 3103.846479
-0.004969 0.005951 1.000000
0.163516 -1.562704 119.264943
-0.033681 -0.942380 -381.310837
0.000103 -0.002974 1.000000
-0.316380 -0.508440 431.445882
-0.171834 -0.297712 -308.066298
-0.000747 -0.001288 1.000000
-2.661509 3.789797 11596.509247
-2.856355 3.873885 5589.899433
-0.006771 0.007463 1.000000
-1.786387 1.460298 -265.135516
-1.204107 1.159321 2492.995406
-0.003428 0.001989 1.000000
-0.702636 0.137505 366.150601
-0.391656 0.010925 -441.666914
-0.001509 -0.000153 1.000000
-0.378619 -0.686649 -197.838646
-0.407369 -0.728780 425.443292
-0.000857 -0.001556 1.000000
-0.568541 -0.461478 1390.792835
-0.387011 -0.449541 434.065807
-0.001214 -0.000824 1.000000
-1.149025 0.198507 1700.780702
-0.706742 0.090767 -324.501696
-0.002089 0.000580 1.000000
0.409850 -1.257568 -1038.037811
0.246386 -0.882422 -1059.890325
0.000796 -0.003456 1.000000
-0.335303 -0.609761 207.571355
-0.359348 -0.640948 -54.926987
-0.000835 -0.001456 1.000000
-0.264993 -0.900222 265.776932
-0.283031 -0.866024 200.486542
-0.000543 -0.001826 1.000000
-0.261132 -2.231500 150.396612
-0.028375 -1.853072 -407.319575
0.000420 -0.003987 1.000000
0.097448 -1.480116 -682.613065
0.070628 -1.261780 -260.527013
0.000561 -0.003356 1.000000
0.100561 -2.037248 -367.184593
-0.022610 -1.753899 -156.128100
0.000439 -0.003446 1.000000
-0.523545 -1.135586 5.298726
-0.372534 -0.962599 137.434610
-0.000639 -0.001864 1.000000
-0.768303 -0.216380 1390.400186
-0.681574 -0.248386 1079.512251
-0.001555 -0.000251 1.000000
1.465501 -2.631711 -2452.216119
0.614853 -2.753340 626.664590
0.002693 -0.007202 1.000000
-0.604131 -0.174337 24.413079
-0.472179 -0.192962 1234.738585
-0.001461 -0.000656 1.000000
0.587120 -2.619151 291.567564
0.165026 -2.124603 -645.693680
0.001329 -0.004882 1.000000
0.899802 -3.155313 5377.973542
0.456630 -1.919334 1799.757836
0.001953 -0.005042 1.000000
-0.878538 0.162034 644.602603
-0.866794 0.476632 1475.140062
-0.002342 0.000966 1.000000
0.277713 -1.579338 -204.925077
0.154500 -1.087838 -261.924426
0.000567 -0.003550 1.000000
-0.277083 -1.220159 226.862218
-0.182559 -1.072471 48.636291
-0.000255 -0.002337 1.000000
2.334488 -5.075643 -2718.018293
0.286092 -4.734355 1309.199174
0.002996 -0.009197 1.000000
0.278554 -1.784387 -1327.326467
0.075595 -1.614168 63.067872
0.000543 -0.003702 1.000000
-0.379399 -1.414018 -158.358352
-0.167279 -0.903189 162.935886
-0.000404 -0.002267 1.000000
-0.441871 -0.605660 144.921190
-0.445566 -0.665884 803.568216
-0.000829 -0.001247 1.000000
2.071478 -3.118859 -925.870079
1.015031 -3.378800 -2685.846951
0.003542 -0.007010 1.000000
-0.439196 -0.515061 1265.945893
-0.309783 -0.495196 -87.980352
-0.000974 -0.001158 1.000000
-0.087829 -0.947902 150.806990
-0.275550 -0.758357 100.910063
-0.000416 -0.002103 1.000000
0.303579 -1.963650 -206.384703
0.264732 -1.899707 -631.317479
0.000866 -0.004223 1.000000
-1.839086 1.483212 -1518.493616
-1.245187 1.586037 -575.866357
-0.003525 0.003266 1.000000
-0.515378 -0.874329 69.707965
-0.332128 -0.498410 125.989506
-0.000880 -0.001324 1.000000
-0.647549 -1.190796 1103.866265
-0.212861 -0.521790 193.621790
-0.000661 -0.001497 1.000000
-1.378361 0.756711 161.883245
-1.065624 0.916597 1813.311156
-0.002761 0.001983 1.000000
-0.284845 -0.946025 1529.165987
-0.282181 -0.882666 225.312971
-0.000456 -0.002016 1.000000
0.609873 -2.468009 -289.049091
0.254307 -1.795660 -679.703467
0.001326 -0.004394 1.000000
-0.073071 -1.854587 -948.960509
0.108335 -1.269109 -521.751998
0.000250 -0.003408 1.000000
-3.438419 3.352234 1747.824876
-1.740478 2.100505 3827.336686
-0.005821 0.006928 1.000000
-49.636517 71.924595 23261.442753
-25.992209 61.186807 61527.931989
-0.084567 0.151551 1.000000
0.122823 -2.109163 -919.669071
0.096839 -1.374777 1256.488156
0.000337 -0.003395 1.000000
-0.218551 -1.345989 656.234148
-0.166748 -1.037437 -60.639572
-0.000263 -0.002388 1.000000
190.834837 -360.089077 -5296.077139
146.120190 -275.240347 -211161.010318
0.360905 -0.669911 1.000000
-0.226839 -0.950146 544.424182
-0.179704 -1.058986 -431.786023
-0.000322 -0.002066 1.000000
-0.430332 -1.310184 -389.438526
-0.217309 -1.051184 -136.530897
-0.000374 -0.002260 1.000000
-1.092643 -0.026272 1223.647945
-0.924645 0.115471 1118.287043
-0.001821 0.000482 1.000000
-0.282739 -0.588826 -199.649338
-0.506914 -0.933584 760.277328
-0.000775 -0.001510 1.000000
-0.248078 -1.584820 118.676407
-0.290759 -1.144415 20.498912
-0.000452 -0.002436 1.000000
0.129344 -1.972936 -919.515981
-0.475217 -2.242101 287.442559
0.000168 -0.003648 1.000000
-0.026505 -1.271094 1006.248768
-0.226287 -1.273244 103.225850
-0.000273 -0.002631 1.000000
-1.080876 -0.219833 1031.436675
-0.782827 -0.043271 983.937349
-0.001851 0.000053 1.000000
-0.017519 -1.291123 329.252361
-0.201589 -1.318075 -185.526864
-0.000189 -0.002520 1.000000
-0.509785 -0.644874 520.593797
-0.448224 -0.607973 1272.343967
-0.000968 -0.001215 1.000000
-0.417792 -0.327550 1241.464137
-0.578528 -0.709769 353.695647
-0.001112 -0.001053 1.000000
0.039905 -1.333515 220.618817
-0.066836 -1.145267 -162.391101
0.000145 -0.002889 1.000000
-1.585103 2.039417 2008.862261
-1.106411 1.411930 1589.282835
-0.003816 0.003666 1.000000
-3.033018 4.977902 1119.676450
-1.494876 3.871995 2024.172468
-0.006626 0.008360 1.000000
0.305489 -1.622125 1148.482325
0.236345 -1.344686 -294.468388
0.000541 -0.003375 1.000000
-2.918400 4.188788 4264.491859
-1.859474 2.786961 1621.907732
-0.005643 0.006455 1.000000
-0.468615 -1.075720 339.924145
-0.297368 -0.648538 -749.983981
-0.000719 -0.001761 1.000000
0.207905 -1.496998 1408.691029
-0.143506 -1.648655 -395.791676
0.000113 -0.003145 1.000000
-0.201462 -0.779405 548.509662
-0.294808 -0.744720 -41.458871
-0.000694 -0.001818 1.000000
1.087783 -1.435948 -1328.272437
0.681682 -1.393829 -1199.470184
0.001425 -0.004814 1.000000
0.783238 -2.104050 211.440501
0.311989 -1.924917 -774.694878
0.001192 -0.005011 1.000000
-0.102669 -1.248856 147.628238
-0.120536 -0.701811 -1206.020806
-0.000237 -0.002154 1.000000
-0.689323 -0.858976 1215.595483
-0.452100 -0.612265 654.352210
-0.000899 -0.001187 1.000000
0.778233 -2.129570 490.960071
0.375487 -1.903617 -427.391178
0.000523 -0.004377 1.000000
-0.515608 -0.971012 1666.477119
-0.411200 -0.780711 -72.361184
-0.000691 -0.001594 1.000000
-0.495086 -0.300769 183.446029
-0.525030 -0.606732 1172.970747
-0.001201 -0.001045 1.000000
0.182202 -1.243729 982.020894
-0.050420 -1.087355 -52.852660
-0.000042 -0.002776 1.000000
-0.423330 -0.533702 41.018344
-0.425678 -0.505263 18.691952
-0.001024 -0.001187 1.000000
0.094785 -1.906962 -305.647190
-0.040450 -1.807988 -382.078807
0.000322 -0.003543 1.000000
0.031153 -1.521971 1674.428950
0.046167 -1.810935 -771.375897
0.000282 -0.003400 1.000000
-0.530124 -0.785395 1097.148174
-0.392081 -0.652956 -37.151853
-0.000807 -0.001434 1.000000
-8.169631 19.722816 -11977.826052
-7.365175 14.757915 11085.829267
-0.019289 0.029737 1.000000
0.121522 -1.662392 -457.359501
0.037547 -1.056891 -637.214593
0.000094 -0.002895 1.000000
-0.286597 -1.215596 33.854914
-0.100561 -0.863652 -501.458422
-0.000345 -0.002209 1.000000
-0.529847 -1.136569 1225.565505
-0.266678 -0.656557 -172.656177
-0.000651 -0.001678 1.000000
-0.482320 -0.122423 1100.934567
-0.669769 -0.376375 706.759643
-0.001247 -0.000598 1.000000
2.523358 -22.385558 -12187.717806
3.882866 -15.889792 -3840.764124
0.016829 -0.029775 1.000000
-0.409041 -1.658490 785.996765
-0.089464 -1.242883 -180.999211
-0.000127 -0.002568 1.000000
-0.364917 -0.460744 -125.021708
-0.380750 -0.509799 198.573480
-0.000820 -0.001193 1.000000
0.720247 -1.882369 588.343214
0.450344 -1.078685 -1337.826943
0.000896 -0.004004 1.000000
-0.636201 -0.731421 -165.434973
-0.403088 -0.452301 -778.628154
-0.000999 -0.001202 1.000000
-2.151721 2.007797 -3460.093357
-1.545581 1.921218 -1280.995307
-0.004794 0.005215 1.000000
4.280963 -10.864674 7182.632629
1.701844 -5.017797 1548.029073
0.007615 -0.017285 1.000000
1.243358 -3.826843 1647.043610
0.572481 -2.060563 -1574.334941
0.002221 -0.006541 1.000000
-0.543778 -0.481093 -140.072989
-0.436825 -0.388822 13.617144
-0.001131 -0.000962 1.000000
-0.314231 -1.509266 1816.783911
-0.075971 -0.638867 71.362056
-0.000354 -0.001975 1.000000
0.031607 -1.730925 947.938424
-0.128780 -1.313556 -508.519148
0.000087 -0.003051 1.000000
1.049964 -2.436107 1520.350779
0.506594 -1.784810 -878.512936
0.001436 -0.005146 1.000000
-0.285293 -0.903218 752.172568
-0.169621 -0.632064 -631.696135
-0.000671 -0.001784 1.000000
-0.472880 -0.580330 -180.087641
-0.356101 -0.499540 -105.017401
-0.000938 -0.001194 1.000000
-0.011173 -1.940814 72.793188
0.052919 -1.719757 -107.309757
0.000465 -0.003554 1.000000
3.250599 -7.425809 -2417.977571
2.096196 -5.146025 -2067.131456
0.007565 -0.012658 1.000000
-0.357366 -1.305296 735.185003
-0.318869 -1.083914 207.501323
-0.000451 -0.002260 1.000000
-0.222533 -1.030822 -35.622270
-0.068644 -0.720436 -97.034099
-0.000286 -0.002124 1.000000
0.374253 -2.372896 1090.474872
0.267703 -0.988132 -714.206482
0.000861 -0.003725 1.000000
2.795938 -6.098304 1963.746690
1.478656 -5.106329 -1484.184420
0.006281 -0.012431 1.000000
0.485782 -2.625558 2415.850236
0.176628 -1.032533 -340.503558
0.000866 -0.003732 1.000000
-0.289944 -1.228448 902.418623
-0.145589 -0.630166 107.383309
-0.000383 -0.001941 1.000000
-1.035001 -0.188355 -491.991196
-0.781418 -0.171149 1354.447012
-0.001903 0.000076 1.000000
-0.462988 -0.926233 646.356043
-0.194749 -0.531663 -202.844826
-0.000701 -0.001603 1.000000
-0.953597 -0.019957 502.516841
-0.805179 0.291195 1284.149624
-0.002258 0.000521 1.000000
0.502987 -2.202574 -240.321315
0.217739 -1.655857 -797.964308
0.001127 -0.004514 1.000000
0.314067 -1.583306 952.244162
0.225068 -0.814816 -462.197046
0.000795 -0.003421 1.000000
0.066694 -3.236106 721.240769
0.480755 -1.841297 -1096.070241
0.001418 -0.005311 1.000000
0.165684 -1.534677 476.491037
-0.073835 -1.054139 -32.667766
0.000043 -0.002837 1.000000
-0.239195 -0.885161 631.840188
-0.437520 -1.196803 297.486386
-0.000589 -0.002072 1.000000
-1.609272 1.396107 1880.354652
-1.389229 0.719497 2611.433130
-0.003228 0.002724 1.000000
-0.576417 -0.500867 1102.461277
-0.306543 -0.379409 136.316156
-0.001009 -0.001174 1.000000
-0.046146 -1.290699 623.107363
-0.086365 -1.100787 -269.667580
-0.000089 -0.002580 1.000000
-1.438109 0.485909 1344.013377
-0.978582 0.399572 1218.096324
-0.002337 0.001419 1.000000
-0.535238 -0.870873 332.221230
-0.384131 -0.612962 223.619814
-0.000843 -0.001430 1.000000
1.495532 -3.810956 1612.876161
0.797068 -3.722677 -2690.316080
0.002634 -0.007823 1.000000
0.210636 -1.545374 -907.933644
0.176794 -1.614852 17.644498
0.000341 -0.003622 1.000000
-0.100103 -1.165320 346.308427
-0.188875 -1.033816 -218.920885
-0.000132 -0.002706 1.000000
-0.200901 -0.924154 546.887277
-0.279129 -0.905355 180.075518
-0.000466 -0.001979 1.000000
-0.143484 -0.973573 452.382422
-0.132045 -0.717217 80.411639
-0.000230 -0.002045 1.000000
0.018666 -1.429789 -8.610511
-0.122547 -1.573181 -55.174943
0.000260 -0.003470 1.000000
-0.264130 -1.638043 581.248100
-0.231437 -1.190826 300.321248
-0.000339 -0.002357 1.000000
-0.143287 -0.955341 220.194888
-0.071151 -0.677004 -87.080206
-0.000149 -0.002426 1.000000
-0.312268 -1.274738 219.026530
-0.206324 -1.056725 -53.852280
-0.000295 -0.002420 1.000000
-0.132413 -0.835319 464.378240
-0.133214 -0.579942 158.915363
-0.000264 -0.001805 1.000000
0.577023 -2.379408 263.942192
0.308083 -2.472893 -329.164311
0.001085 -0.004911 1.000000
-0.257833 -1.282775 432.849484
-0.158806 -1.049753 114.064706
-0.000375 -0.002395 1.000000
-0.071764 -1.640541 170.143883
-0.015628 -1.048708 -95.587608
-0.000037 -0.002818 1.000000
-10.021980 10.747611 12749.562377
-6.459424 6.634079 2810.605985
-0.018250 0.021192 1.000000
-0.183614 -0.896027 877.382557
-0.244833 -0.806684 -242.672406
-0.000455 -0.001860 1.000000
-0.299834 -1.275471 640.568930
-0.151568 -1.207465 184.610608
-0.000350 -0.002357 1.000000
-0.208858 -0.878398 513.807370
-0.133800 -0.408786 61.520340
-0.000190 -0.001852 1.000000
0.454339 -1.961123 645.666729
0.170745 -1.110282 -319.676992
0.000564 -0.003175 1.000000
-0.140147 -1.478811 575.217919
-0.104287 -0.993127 -4.585277
-0.000205 -0.002555 1.000000
0.078112 -1.118646 821.278541
-0.066352 -0.738759 -18.098012
0.000034 -0.002396 1.000000
-0.762166 -0.305880 -181.084516
-0.453630 -0.215030 410.751612
-0.001418 -0.000566 1.000000
-0.335255 -1.117761 618.005735
-0.106521 -0.963283 139.864458
-0.000236 -0.002348 1.000000
-0.666082 -1.481117 732.536700
-0.191577 -1.447364 239.639825
-0.000365 -0.002708 1.000000
-0.203469 -1.002931 535.621302
-0.094830 -0.639952 108.898542
-0.000211 -0.001970 1.000000
0.401285 0.029489 77.500325
-0.198764 0.898230 44.878925
-0.000507 -0.000024 1.000000
0.505296 -0.182131 116.084802
-0.170755 0.685903 107.776349
-0.000350 -0.000331 1.000000
0.555781 0.030321 67.253886
-0.192451 0.882314 95.167734
-0.000448 0.000037 1.000000
4.151041 2.664702 -1996.094263
0.064400 5.344497 -1207.532455
-0.000434 0.005889 1.000000
-0.789643 -0.576939 227.705728
-0.356399 -0.343189 210.256224
-0.001149 -0.000890 1.000000
-0.289637 -0.833242 550.847530
-0.123566 -0.626967 139.637879
-0.000348 -0.001737 1.000000
-0.544972 -1.243474 738.692397
-0.098439 -0.683484 100.460549
-0.000466 -0.001938 1.000000
-1.381940 -1.492460 1082.705353
-0.321971 -1.385823 535.739187
-0.000631 -0.002808 1.000000
0.905646 -0.046819 14.490973
-0.070339 0.908204 84.802451
-0.000046 -0.000145 1.000000
0.956958 -0.000448 7.739875
-0.057008 0.992375 29.326078
-0.000021 -0.000065 1.000000
1.091100 -0.030534 -38.973748
0.064946 1.027979 -10.619036
0.000121 -0.000073 1.000000
1.000000 -0.000000 -0.000000
0.000000 1.000000 0.000000
0.000000 -0.000000 1.000000
1.353521 0.146126 -97.463249
0.100392 1.366920 -74.960784
0.000364 0.000086 1.000000
1.309815 -0.103996 98.404029
0.195329 1.157276 -82.431947
0.000494 -0.000330 1.000000
0.818222 0.175798 112.084938
0.044854 1.308770 -105.329859
-0.000035 0.000175 1.000000
-1.059947 -1.968799 960.243922
-0.287220 -1.483057 549.532699
-0.000687 -0.002818 1.000000
-2.790987 -2.371525 1686.339271
-0.724709 -3.051872 1150.904712
-0.001207 -0.004645 1.000000
-0.274658 -1.897286 693.735542
-0.098362 -1.614040 377.418056
-0.000166 -0.003057 1.000000
-0.394112 -1.686019 637.250708
-0.260103 -1.291567 262.290388
-0.000422 -0.002526 1.000000
-0.214863 -5.210431 1849.470507
-0.189069 -4.166642 898.054770
0.001632 -0.007445 1.000000
0.304229 -0.879046 425.381413
-0.028961 -0.043697 124.155762
-0.000074 -0.001458 1.000000
0.298313 -0.938986 406.549718
-0.010132 -0.161436 16.962330
-0.000048 -0.001766 1.000000
-0.326138 -1.221522 605.156994
-0.152628 -0.748228 163.805352
-0.000329 -0.002102 1.000000
-0.800416 -1.862314 1023.315367
-0.275110 -1.245268 414.857001
-0.000320 -0.002829 1.000000
-0.545821 -1.041210 516.145986
-0.337914 -0.713997 261.670614
-0.000791 -0.001600 1.000000
-0.443163 -1.664728 784.577547
-0.228189 -1.149541 275.296215
-0.000313 -0.002334 1.000000
-0.524471 -3.321603 1017.470826
-0.092216 -3.149974 426.452554
0.000269 -0.005189 1.000000
-0.887992 -1.931142 956.439615
-0.333873 -1.334192 469.678007
-0.000525 -0.002679 1.000000
-0.292342 -2.161885 746.688030
0.136424 -2.497792 134.357009
0.000374 -0.004602 1.000000
-0.176524 -1.848741 523.853354
-0.028192 -1.459532 239.992140
0.000174 -0.003263 1.000000
0.387378 -1.525322 -158.750860
0.023855 -0.997402 298.829177
0.000736 -0.003432 1.000000
0.183979 -1.947680 581.645745
0.157489 -1.027032 -123.995366
0.000179 -0.003089 1.000000
0.006157 -1.168343 346.467995
-0.038850 -0.800168 -129.833805
-0.000164 -0.002281 1.000000
-0.147421 -1.105340 443.172396
-0.147645 -1.036988 139.050333
-0.000223 -0.002607 1.000000
0.171802 -0.794505 390.137778
-0.037060 -0.263751 162.440940
-0.000116 -0.001602 1.000000
-0.564119 -0.412249 312.887291
-0.426502 -0.268755 345.580999
-0.001068 -0.000755 1.000000
-0.465223 -1.559580 624.648738
-0.277293 -1.272259 242.566549
-0.000497 -0.002610 1.000000
-0.400691 -1.124907 581.196242
-0.242443 -0.812827 258.911878
-0.000494 -0.002071 1.000000
-0.409189 -3.722747 1648.692970
0.463259 -2.851843 -20.360973
0.001308 -0.006574 1.000000
1.690470 -5.891399 2804.157711
1.879794 -5.130895 -441.780598
0.005258 -0.012091 1.000000
0.511247 -2.652106 1035.773350
-0.108642 -2.118764 -3.464602
0.000708 -0.004278 1.000000
0.276542 -1.489787 714.980070
-0.029858 -1.213243 -206.183114
0.000112 -0.003079 1.000000
0.132072 -1.554587 1184.181691
-0.068793 -0.946693 -230.474054
-0.000060 -0.002671 1.000000
-1.831979 1.699131 -558.530495
-1.291060 1.533625 1933.062418
-0.003758 0.003329 1.000000
0.559009 -2.218137 1777.752729
0.306014 -0.865184 -690.903151
0.001038 -0.003578 1.000000
-0.133478 -1.280995 639.075523
-0.076475 -0.457163 -280.506095
-0.000347 -0.002057 1.000000
2.195630 -4.340489 1932.382698
1.356524 -3.638419 -2640.024053
0.003279 -0.007669 1.000000
0.608753 -2.897808 1040.846466
0.429935 -1.346390 -587.411132
0.000997 -0.004343 1.000000
-0.767976 -0.673808 50.832860
-0.369544 -0.329575 663.980516
-0.001269 -0.001007 1.000000
-0.036926 -1.318696 590.286596
-0.063631 -0.787484 29.979750
-0.000082 -0.002428 1.000000
0.175042 -1.732245 760.351891
0.075222 -1.128675 -178.580408
0.000547 -0.003651 1.000000
0.938053 -2.291587 404.672378
0.464219 -1.213982 -1115.641534
0.001503 -0.004241 1.000000
0.574022 -2.359184 -374.600917
0.342989 -2.054730 -461.727761
0.001449 -0.005160 1.000000
1.072383 -3.147837 1038.975860
0.903586 -3.149910 -1273.085066
0.003644 -0.007589 1.000000
0.774741 -2.194366 186.493253
0.447388 -1.963615 -939.045101
0.001957 -0.004841 1.000000
-0.111771 -0.630515 91.741148
-0.253866 -0.669839 235.377370
-0.000555 -0.001696 1.000000
2.315324 -5.152046 -498.720569
2.074841 -4.669677 -3621.193832
0.005897 -0.012574 1.000000
-0.328029 -0.986755 992.209180
-0.218967 -1.337024 130.892628
-0.000400 -0.002319 1.000000
0.774919 -2.946897 177.957050
0.549459 -1.846487 -1265.043497
0.001972 -0.006007 1.000000
-0.060982 -1.450968 812.210615
0.026054 -1.159760 -122.386135
0.000242 -0.002904 1.000000
-0.131404 -1.553023 1045.660128
0.051484 -1.500706 -478.159290
0.000311 -0.003165 1.000000
-0.184602 -1.682143 693.932595
-0.221904 -1.285688 244.049957
-0.000255 -0.002465 1.000000
0.085513 -1.811893 269.405276
-0.020168 -1.438706 58.578003
0.000086 -0.002994 1.000000
-0.191540 -0.754154 -27.063812
-0.217823 -1.040923 255.534360
-0.000501 -0.002083 1.000000
-2.493365 0.981776 -854.015761
-1.029084 0.329587 929.760819
-0.003300 0.001447 1.000000
0.064095 -1.802301 1102.584259
-0.058149 -0.656266 -82.204339
0.000104 -0.002613 1.000000
-0.077541 -1.236071 1381.861838
-0.013264 -0.704748 24.766378
-0.000096 -0.002497 1.000000
2.282671 -4.978484 -567.252821
1.351268 -3.339394 -1583.331405
0.004311 -0.008440 1.000000
-0.239336 -0.933664 470.877338
-0.289579 -0.631854 64.606025
-0.000571 -0.001811 1.000000
-0.415523 -1.170863 478.228874
-0.278310 -0.657017 201.111796
-0.000724 -0.001938 1.000000
-0.166072 -0.795636 257.650131
-0.321632 -0.974326 126.685290
-0.000571 -0.001863 1.000000
-0.437929 -0.703033 1095.430302
-0.454910 -0.688038 732.360531
-0.000763 -0.001258 1.000000
-0.247849 -0.991594 1325.560102
-0.337581 -1.156088 353.924366
-0.000491 -0.002074 1.000000
-1.055523 0.225897 1598.811723
-1.133527 0.362026 1127.489351
-0.002493 0.001211 1.000000
-0.228840 -0.397944 0.214049
-0.498936 -0.813993 453.391624
-0.000888 -0.001423 1.000000
0.888738 -1.801302 -404.278628
0.312978 -1.723857 -662.910294
0.001690 -0.005228 1.000000
0.180176 -1.749313 629.002085
0.006260 -1.147966 106.994756
0.000157 -0.002804 1.000000
0.030246 -1.890607 -64.558968
-0.148198 -1.223421 -915.446061
0.000085 -0.003170 1.000000
-0.251063 -0.524721 163.478784
-0.287734 -0.507736 190.576190
-0.000740 -0.001375 1.000000
-0.267978 -1.081213 425.415877
-0.333788 -0.962606 310.229282
-0.000641 -0.002061 1.000000
-0.173830 -0.803700 394.814803
-0.249095 -0.624999 167.227267
-0.000385 -0.001695 1.000000
-0.202912 -1.263102 468.894095
-0.384332 -1.209399 163.168657
-0.000421 -0.002376 1.000000
0.363622 -1.839548 -276.748979
0.179858 -1.256285 -325.597607
0.000533 -0.003436 1.000000
-0.374153 -0.920029 492.557936
-0.194385 -0.631752 165.828515
-0.000508 -0.001891 1.000000
0.083875 -1.365092 808.870443
-0.105635 -1.223921 -170.236839
-0.000101 -0.002789 1.000000
1.246977 -2.593093 -1228.227565
0.241908 -1.715981 -684.328653
0.001521 -0.005240 1.000000
20.626996 -27.920590 15963.408589
10.040884 -16.369979 -29694.395556
0.031386 -0.053843 1.000000
-0.027046 -1.899088 -940.571649
0.185763 -1.392105 391.748351
0.000404 -0.003421 1.000000
-0.127454 -1.002525 642.342571
-0.218313 -0.824795 207.580220
-0.000302 -0.001928 1.000000
0.067205 -1.665676 424.846654
-0.186046 -1.151080 91.269067
-0.000043 -0.002584 1.000000
-0.557118 -0.720486 335.935591
-0.435174 -0.605773 301.799955
-0.000959 -0.001453 1.000000
