0.469060 -2.062651 475.878319
0.118281 -1.155729 -208.948994
0.000577 -0.003666 1.000000
0.331680 -2.015162 476.295810
0.135596 -0.849826 -353.300112
0.000905 -0.004579 1.000000
0.567265 -2.685456 -266.191407
0.479334 -2.024830 -79.905641
0.001274 -0.005553 1.000000
0.092595 -1.631703 146.133181
0.101762 -0.988453 92.423136
0.000689 -0.003869 1.000000
-0.099732 -1.401178 -234.610626
-0.144192 -1.033645 12.526526
-0.000069 -0.002885 1.000000
0.161131 -2.570380 126.784511
0.120759 -1.943893 62.140939
0.000749 -0.004894 1.000000
0.023526 -1.090785 62.010027
-0.006596 -0.852704 -39.328417
0.000071 -0.002920 1.000000
0.212589 -2.189038 -96.251602
0.288796 -1.881185 -286.621079
0.001944 -0.006546 1.000000
-0.377755 -1.119204 125.410365
0.076640 -1.236676 -376.877251
-0.000267 -0.002931 1.000000
0.314775 -2.114522 891.172216
-0.077204 -0.792319 -12.057731
0.000379 -0.003379 1.000000
0.535119 -2.232876 528.833727
0.160037 -2.172828 -328.826771
0.001341 -0.005731 1.000000
-0.075904 -1.523364 -62.050583
0.014994 -1.360450 -81.298630
0.000286 -0.004337 1.000000
0.324048 -1.438865 245.197325
-0.032774 -1.044899 -611.427066
0.000540 -0.004169 1.000000
24.956931 -54.701911 -25500.710559
19.412721 -49.619276 -17652.469501
0.055078 -0.123685 1.000000
0.416144 -1.913021 618.340893
0.032131 -0.996083 -187.099336
0.000394 -0.003354 1.000000
0.036793 -1.610942 134.755066
-0.052036 -1.667975 -67.217354
0.000020 -0.003873 1.000000
-0.154669 -1.457652 102.683703
-0.012717 -1.462227 69.568142
-0.000100 -0.003422 1.000000
-0.221557 -1.443852 247.887416
-0.120871 -0.919378 -67.454989
-0.000457 -0.002608 1.000000
0.618476 -2.401383 -113.121959
-0.004085 -1.566744 -323.220843
0.000727 -0.005050 1.000000
-0.274397 -2.067618 373.391282
-0.187841 -0.949207 92.839185
-0.000196 -0.003021 1.000000
-0.406329 -0.877622 416.147904
-0.224321 -0.640444 -14.273674
-0.000443 -0.002034 1.000000
-0.549680 -0.516970 -114.457917
-0.457150 -0.415424 232.713240
-0.001100 -0.000931 1.000000
-0.225424 -1.015625 -338.934241
-0.190181 -0.783530 63.314645
-0.000455 -0.002064 1.000000
0.920931 -2.649626 351.221323
0.414315 -2.507172 -571.575495
0.001618 -0.006149 1.000000
0.153165 -0.764552 130.582275
-0.157978 -1.345546 20.869596
-0.000372 -0.003078 1.000000
1.403207 -6.421129 231.821149
1.213385 -2.852095 -1362.510611
0.002853 -0.009719 1.000000
0.155413 -2.721507 223.942145
0.065622 -1.755846 -3.524125
0.000817 -0.005174 1.000000
0.145670 -1.098360 -89.790266
0.070291 -1.520880 76.928850
0.000371 -0.003290 1.000000
-0.133652 -1.172899 260.565519
-0.062057 -1.488187 97.917706
0.000197 -0.003603 1.000000
0.331604 -1.143133 230.271035
-0.080368 -0.640606 -35.757206
0.000598 -0.003292 1.000000
0.028177 -1.334523 395.898010
-0.181589 -0.954822 -57.433672
-0.000186 -0.002806 1.000000
0.910048 -4.343843 -239.336416
1.061710 -3.200294 -796.810175
0.002275 -0.008160 1.000000
0.907427 -2.985299 -319.898551
0.616776 -2.507158 -1426.368084
0.001816 -0.007491 1.000000
0.451697 -1.221795 -16.328891
0.101578 -0.989865 -205.477275
0.000669 -0.003781 1.000000
0.613613 -2.988861 -422.016028
0.833799 -2.672111 -698.488766
0.002542 -0.007012 1.000000
0.637061 -2.567067 493.436542
0.300033 -2.225826 -367.061848
0.000916 -0.005650 1.000000
1.661148 -6.665245 187.144446
1.474655 -5.828528 -676.369700
0.003105 -0.012259 1.000000
0.188381 -2.380914 297.347656
-0.047057 -1.790666 -141.874221
0.000876 -0.004621 1.000000
-8.996822 15.489502 6640.549849
-7.680771 11.749797 8938.589504
-0.026987 0.045526 1.000000
0.239391 -1.116573 -111.457388
0.166871 -1.246050 -75.476558
0.000682 -0.004300 1.000000
-0.150707 -1.204905 530.064638
0.104350 -1.470011 -168.433553
0.000057 -0.003959 1.000000
0.192823 -2.019504 134.793295
0.045756 -0.997624 -380.403461
0.001077 -0.004668 1.000000
1.879781 -2.191319 -728.418729
1.191459 -2.839349 -1728.175463
0.005473 -0.011387 1.000000
0.066624 -2.509215 147.971913
-0.046052 -2.270843 91.654462
0.000691 -0.005293 1.000000
0.047587 -1.030508 163.984865
0.043399 -0.684953 -135.692484
0.000078 -0.002775 1.000000
-0.122499 -1.358491 610.808688
0.226848 -1.546974 -226.302287
0.000300 -0.003944 1.000000
-0.107528 -0.739004 439.304507
-0.245530 -1.214715 133.279225
-0.000600 -0.002496 1.000000
6.065593 -15.194637 -587.295686
5.224370 -10.490199 -6964.691127
0.014722 -0.033211 1.000000
0.477433 -2.317327 835.551305
0.143715 -0.961394 -229.162132
0.000715 -0.004557 1.000000
0.226496 -1.571605 305.141208
0.010304 -0.997479 -103.731029
0.000414 -0.003208 1.000000
1.621088 -2.989752 200.151559
0.847258 -1.458051 -1101.996829
0.002965 -0.006938 1.000000
0.596745 -2.090267 801.761456
0.209499 -1.550641 -480.003632
0.000702 -0.005231 1.000000
-0.138554 -1.216599 244.261353
-0.169386 -1.083254 67.576759
-0.000311 -0.002559 1.000000
-0.208566 -0.706584 350.507760
-0.176911 -0.649402 -87.628764
-0.000458 -0.002153 1.000000
0.173233 -2.030347 533.786723
0.101390 -1.436686 -256.416499
0.000175 -0.003425 1.000000
0.598004 -2.575539 130.397872
-0.014212 -1.092703 -105.089969
0.000236 -0.004117 1.000000
0.005596 -1.251391 515.038033
0.077135 -1.658601 -238.657444
0.000906 -0.005334 1.000000
0.144500 -1.981319 744.318329
-0.197749 -1.255468 -89.895253
0.000151 -0.003912 1.000000
0.712247 -1.765648 -1022.650785
0.483868 -1.408867 -847.791913
0.001110 -0.004766 1.000000
6.922229 -14.564237 46.703925
2.607725 -12.515480 -3718.197030
0.010148 -0.026618 1.000000
-0.141128 -1.048547 177.811237
-0.175971 -0.792217 -29.887732
-0.000092 -0.002917 1.000000
-0.121981 -1.067175 215.924370
-0.019804 -1.025745 134.505201
0.000083 -0.002982 1.000000
0.160976 -1.465638 38.727456
-0.006899 -1.071747 -46.192217
0.000450 -0.004041 1.000000
0.561850 -2.608070 461.446453
-0.109272 -1.560255 219.112439
0.000197 -0.003489 1.000000
0.945638 -3.514219 281.602469
0.559397 -2.115510 -335.806899
0.000927 -0.005789 1.000000
-0.216306 -1.408973 392.375800
-0.072186 -1.311036 -63.640324
-0.000323 -0.003081 1.000000
0.333602 -2.321183 452.845065
-0.038131 -1.384138 -25.023030
0.000129 -0.004042 1.000000
-0.458607 -1.820538 -52.632343
-0.020105 -0.859043 -64.180628
-0.000024 -0.003305 1.000000
-0.187355 -1.215068 336.790832
-0.031103 -0.596705 -108.728153
-0.000120 -0.002505 1.000000
0.499555 -2.421266 577.752361
0.165485 -1.629887 -361.098832
0.000727 -0.004319 1.000000
0.169880 -1.582653 324.544461
-0.096809 -0.967036 -137.525711
0.000167 -0.003518 1.000000
0.312769 -1.617220 476.586891
-0.088384 -0.934127 -120.582085
0.000052 -0.003279 1.000000
1.116802 -4.790126 -757.156305
0.241491 -3.006450 -346.669287
0.001807 -0.008260 1.000000
0.199786 -1.615533 346.158617
0.047105 -1.537515 -184.643816
0.000097 -0.003410 1.000000
0.230494 -3.464354 403.043711
0.179952 -2.888856 -48.405922
0.000358 -0.005667 1.000000
0.385117 -1.575969 100.685904
-0.067586 -1.531183 -157.334927
0.000288 -0.004026 1.000000
0.003097 -1.469636 -101.171167
0.135414 -0.574782 -67.868279
0.000306 -0.003520 1.000000
0.114031 -1.178862 158.657582
-0.042004 -1.369605 47.933269
0.000381 -0.003685 1.000000
-0.137883 -1.681940 409.311054
0.033511 -1.470685 -37.650038
-0.000026 -0.003455 1.000000
0.318161 -2.108117 -5.845731
0.157316 -1.797721 -316.728701
0.000561 -0.004765 1.000000
1.443418 -4.315778 581.648212
0.369086 -2.867154 -499.992326
0.002175 -0.007595 1.000000
2.466493 -7.809436 545.736731
1.624846 -5.942981 -2672.791096
0.006269 -0.016189 1.000000
0.121757 -1.874185 279.505955
-0.083442 -1.613529 -104.218177
0.000144 -0.004076 1.000000
0.036027 -2.509342 811.092525
0.329992 -2.573164 -428.574794
0.000744 -0.005295 1.000000
0.233326 -1.924757 123.293689
0.180004 -1.450142 -16.485836
0.000597 -0.004395 1.000000
-0.119036 -0.340927 26.532019
0.369519 -1.136742 -223.756740
0.000948 -0.004167 1.000000
0.697780 -2.458265 863.662529
0.094271 -2.648605 -155.518424
0.000815 -0.005854 1.000000
0.309087 -1.993233 248.601851
0.001841 -1.710738 -141.092906
0.000203 -0.004755 1.000000
0.158899 -0.756069 5.198919
0.076397 -0.686252 30.808952
0.001610 -0.005012 1.000000
1.298816 -3.585963 678.826139
0.397468 -1.676325 -328.455254
0.001429 -0.005491 1.000000
1.122217 -3.895947 288.185736
0.211837 -2.123284 -264.880227
0.001081 -0.006600 1.000000
0.221436 -2.217830 261.186060
-0.011116 -1.723395 -59.145892
0.000115 -0.004111 1.000000
-0.038781 -1.162138 415.147355
-0.114519 -0.857372 -0.646566
-0.000254 -0.002468 1.000000
-0.135156 -0.701169 66.513179
-0.140135 -0.472644 -113.346931
-0.000377 -0.002344 1.000000
0.165681 -1.285396 63.136057
0.126470 -1.194028 -295.519648
0.000269 -0.004106 1.000000
-0.029112 -1.716280 549.108228
-0.070061 -1.754288 -215.782624
0.000108 -0.004464 1.000000
0.002937 -1.015654 -9.476256
0.308021 -1.576615 -178.311728
0.001415 -0.004926 1.000000
-0.113560 -0.824627 494.052154
-0.395529 -1.003472 93.850863
-0.000700 -0.002321 1.000000
0.025367 -2.276932 244.454101
-0.150810 -1.580073 -86.769021
-0.000087 -0.003807 1.000000
0.253020 -2.204829 394.319049
0.028490 -1.495880 -31.008750
0.000211 -0.003876 1.000000
0.371196 -2.208276 306.219224
-0.015702 -1.563398 21.996062
0.000187 -0.003856 1.000000
1.985198 -4.414780 691.054298
0.741539 -3.014925 -877.106283
0.003351 -0.009001 1.000000
0.174655 -1.485624 438.279289
-0.074813 -1.149382 -33.437743
0.000331 -0.003640 1.000000
1.451795 -4.109263 310.470296
0.519270 -2.914547 -352.484200
0.001321 -0.006256 1.000000
8.656241 -17.369735 827.084083
2.496632 -5.730323 -1743.543096
0.010410 -0.022032 1.000000
1.726514 -6.132651 934.082088
1.704704 -6.680954 -2178.072049
0.003841 -0.015070 1.000000
0.172019 -2.398580 188.063690
0.464641 -2.863866 -169.490576
0.001347 -0.007498 1.000000
0.339231 -2.222293 584.335606
-0.145690 -1.374483 148.215589
0.000284 -0.003672 1.000000
0.293009 -2.766218 514.080264
0.009075 -2.116111 44.060852
0.000138 -0.004267 1.000000
0.078154 -1.598627 421.485100
0.075966 -1.311836 -123.293913
0.000274 -0.003997 1.000000
0.392346 -2.513518 190.638868
0.190804 -1.694900 -350.464833
0.000459 -0.004512 1.000000
0.303020 -2.509109 453.548476
-0.075498 -1.845520 -93.081850
0.000342 -0.003944 1.000000
1.947305 -9.159652 718.144612
1.951132 -6.209518 -1928.307486
0.003483 -0.013697 1.000000
0.103982 -1.248827 341.808544
-0.155743 -0.792948 -66.563790
-0.000136 -0.002585 1.000000
0.932270 -3.253918 484.327756
0.122304 -2.329973 -84.660545
0.000619 -0.005156 1.000000
0.180682 -2.517921 -3.450272
0.130661 -2.324999 61.042769
0.000402 -0.004779 1.000000
0.567129 -3.581268 42.712811
-0.030884 -2.669457 98.942786
0.000580 -0.005381 1.000000
-0.236188 -2.049080 589.051610
-0.096291 -1.610389 101.412458
-0.000305 -0.003450 1.000000
0.194773 -1.807791 513.652872
-0.152289 -0.589218 -82.600004
0.000175 -0.003125 1.000000
0.345375 -2.498116 499.045516
-0.131385 -2.026198 -73.987144
0.000411 -0.004746 1.000000
0.120865 -1.249404 300.308948
-0.093880 -0.898256 52.643454
-0.000109 -0.003042 1.000000
-0.066377 -1.953253 590.501038
-0.210074 -0.942303 148.977663
-0.000189 -0.002922 1.000000
0.116851 -1.354022 317.745128
-0.225033 -0.994020 144.557921
-0.000136 -0.002931 1.000000
1.146369 -2.337801 346.789647
0.134255 -0.520491 -98.378843
0.000825 -0.003714 1.000000
0.145744 -3.133243 610.367176
-0.185170 -2.906414 321.499396
0.000137 -0.005000 1.000000
0.552665 -1.692648 409.859125
0.011554 -0.375148 -24.533215
0.000300 -0.002819 1.000000
0.944652 -1.987165 375.547811
0.024353 -0.616712 72.049457
0.000459 -0.002863 1.000000
0.816978 -2.222422 506.606763
0.011881 -0.856591 17.039622
0.000718 -0.003703 1.000000
0.991906 -1.000425 142.831797
0.119741 0.257116 101.880743
0.000295 -0.001585 1.000000
0.984769 -0.691704 96.334950
0.064193 0.772059 45.457469
-0.000080 -0.000591 1.000000
0.324061 -2.326047 584.177496
-0.194773 -1.728297 225.801601
0.000446 -0.004442 1.000000
0.663187 -2.257473 559.703170
-0.009556 -1.923050 40.726006
0.001343 -0.005979 1.000000
-0.565008 -3.274044 943.821631
-0.063905 -3.677368 395.095573
0.000516 -0.006303 1.000000
0.690082 -1.805365 377.011851
-0.071911 -0.480036 147.697982
0.000511 -0.003213 1.000000
0.031326 -2.786236 1048.206636
0.021789 -1.411982 54.352949
0.000469 -0.003978 1.000000
-0.206697 -2.770498 611.491102
-0.486154 -2.463530 496.571399
-0.000182 -0.003995 1.000000
0.321601 -2.260174 571.524220
-0.068784 -0.814169 -92.798064
0.000406 -0.003659 1.000000
0.225493 -2.424876 283.967079
-0.073980 -2.435507 62.807276
0.000047 -0.004810 1.000000
1.189962 0.236093 -73.686043
0.027567 1.294067 -77.545789
0.000005 0.000139 1.000000
0.329990 -2.652947 709.944311
0.030713 -0.975620 -200.627245
0.000472 -0.003870 1.000000
0.604596 -3.128744 1008.696915
0.014317 -0.998679 88.157662
0.000434 -0.003606 1.000000
0.047906 -2.192872 495.072753
-0.143783 -1.277514 50.988735
0.000113 -0.004189 1.000000
0.632366 -2.418683 545.984306
0.003003 -1.003644 -240.342322
0.000742 -0.004756 1.000000
2.748764 -8.530132 1259.638476
2.311825 -5.583941 -1616.355689
0.004830 -0.015327 1.000000
0.409904 -2.784082 1004.177529
0.133357 -1.245218 -131.191937
0.000695 -0.004066 1.000000
-1.148806 5.927873 -1404.966091
-2.290810 8.523982 701.259996
-0.006540 0.015311 1.000000
0.388879 -2.049723 616.306096
-0.021236 -1.881389 94.289695
0.000496 -0.004759 1.000000
-0.295785 -2.027064 611.328074
-0.160383 -2.913368 418.052288
0.000296 -0.005534 1.000000
-0.092318 -0.205258 67.221465
-0.663106 0.124120 439.546578
-0.001468 0.000049 1.000000
-1.322001 2.547302 -578.473076
-1.453747 1.602840 1283.676483
-0.004070 0.005009 1.000000
2.073239 -5.175368 1861.662409
1.004084 -2.494708 -881.671185
0.003282 -0.009600 1.000000
0.618583 -3.621746 561.874320
0.038636 -2.026061 -370.579803
0.001383 -0.006802 1.000000
0.614691 -2.276765 531.976625
0.022004 -1.634114 -25.699094
0.000777 -0.004841 1.000000
0.226007 -2.238067 716.216134
0.063161 -1.250672 -245.115031
0.000386 -0.004271 1.000000
0.247210 -2.464596 823.209340
0.106891 -1.721535 23.060669
0.000452 -0.004560 1.000000
0.537676 -2.918793 1188.127596
0.102663 -1.876362 30.818371
0.001134 -0.006047 1.000000
-0.277205 -1.418063 719.471773
-0.082730 -1.267880 38.773582
-0.000391 -0.002916 1.000000
1.343603 -5.233974 2069.182107
0.570986 -2.431001 -276.435997
0.002462 -0.007867 1.000000
-1.341458 1.042876 -568.713592
-0.807901 0.916564 54.914465
-0.003687 0.003374 1.000000
0.634013 -0.667244 200.626705
0.007262 0.388922 133.496129
-0.000173 -0.000914 1.000000
0.828677 -0.562134 141.332550
0.043587 0.830433 49.395902
-0.000064 -0.000499 1.000000
2.382470 -3.842065 413.893151
0.090563 -0.018193 1.215782
0.001900 -0.004366 1.000000
0.255028 -2.127149 400.450958
0.023892 -1.396653 -38.309151
-0.000119 -0.003491 1.000000
0.219895 -1.575076 -362.601058
0.168592 -1.200491 -171.708361
0.000334 -0.003997 1.000000
0.192187 -0.871590 10.030818
0.127862 -0.732224 -93.758128
0.002271 -0.005862 1.000000
-0.020187 -1.017867 60.540367
-0.115834 -0.795483 70.353658
-0.000230 -0.002693 1.000000
-1.386012 1.485540 1768.839225
-2.332440 2.573785 -429.917522
-0.004080 0.004106 1.000000
0.694216 -4.511814 -382.951648
0.852160 -2.223477 -662.795205
0.002865 -0.009071 1.000000
-0.221800 -1.147994 295.420046
0.104928 -1.219047 -340.333696
-0.000245 -0.002982 1.000000
-0.040761 -1.303634 422.465080
-0.226632 -1.428767 -113.208408
0.000059 -0.003349 1.000000
0.238483 -0.494866 192.141041
-0.171808 0.131519 204.293182
-0.000524 -0.000947 1.000000
0.712606 0.080871 77.223947
-0.004938 1.715870 -19.895224
-0.000319 0.000647 1.000000
0.515920 -1.875873 -377.419076
-0.004746 -1.213493 -96.787399
0.001686 -0.005593 1.000000
0.480676 -3.027660 -716.602388
0.224832 -4.217472 -800.403123
0.002946 -0.010287 1.000000
0.065395 -1.415172 -91.479979
0.124913 -1.238332 -126.519358
0.000606 -0.004071 1.000000
-0.115841 -1.068259 2.968706
-0.152564 -0.663505 -43.278739
0.000092 -0.002841 1.000000
0.205814 -2.629922 77.682448
0.000749 -2.730281 186.223169
0.000706 -0.006311 1.000000
0.415866 -2.021651 -73.313601
0.494659 -1.557508 -363.768195
0.003013 -0.006218 1.000000
-0.251394 -2.142031 109.793431
0.163011 -0.942399 146.505971
-0.000302 -0.003266 1.000000
0.140992 -2.422204 -92.014296
0.144802 -1.849912 48.895913
0.001104 -0.005891 1.000000
0.009666 -0.851761 93.208769
-0.198705 -1.205106 152.973523
0.000155 -0.003611 1.000000
0.708931 -1.866925 -300.328762
0.464974 -1.395488 -326.814920
0.003294 -0.008154 1.000000
0.295173 -2.238127 718.553415
-0.011823 -1.983360 41.776433
0.000394 -0.004097 1.000000
1.056968 -4.310443 1112.336554
0.081193 -1.444653 -76.602798
0.001576 -0.005922 1.000000
0.087997 -2.024580 489.356296
0.001105 -1.381287 3.342068
-0.000070 -0.003527 1.000000
0.179074 -1.341332 -204.044859
0.199766 -1.899153 39.008617
0.001399 -0.005147 1.000000
0.716306 -2.623437 -339.088642
0.064785 -1.433040 2.962898
0.002642 -0.006980 1.000000
0.483485 -2.013482 -538.213658
0.116091 -1.844747 -409.387135
0.001076 -0.005716 1.000000
0.131569 -1.859435 20.955346
0.088939 -1.018316 -114.544518
0.001106 -0.004370 1.000000
-0.068727 -1.605265 -119.222439
0.082703 -1.896662 607.178080
0.000096 -0.003329 1.000000
0.049507 -1.433565 -433.570656
0.134415 -1.249803 -281.546546
0.000430 -0.003450 1.000000
0.020709 -1.032353 370.279343
-0.149172 -1.004968 145.474078
-0.000057 -0.002486 1.000000
0.672549 -3.144903 -208.640345
0.388321 -1.485402 -253.351178
0.001645 -0.006064 1.000000
-0.182219 -2.567912 459.967875
-0.059540 -1.261803 -60.379235
0.000614 -0.004607 1.000000
-1.152449 0.036752 1654.776425
-1.255238 -0.018108 535.741334
-0.002187 0.000459 1.000000
0.689389 -3.421395 -206.820517
0.953847 -2.928202 654.241255
0.001275 -0.006774 1.000000
-0.265454 -1.116511 1675.297246
-0.235468 -1.355755 582.477354
-0.000431 -0.002318 1.000000
3.292404 -6.316763 5014.471773
3.470311 -7.755796 -213.157706
0.007112 -0.014514 1.000000
-0.336497 -0.951026 603.890214
-0.284402 -0.862528 218.365239
-0.000578 -0.001745 1.000000
0.209062 -2.205445 125.023854
-0.077326 -1.939512 204.043752
-0.000061 -0.003684 1.000000
-0.442702 -0.969530 375.022449
-0.325165 -0.868816 186.887802
-0.000845 -0.001539 1.000000
-0.335651 -1.286251 1832.467922
-0.105966 -1.018000 237.031507
-0.000549 -0.001859 1.000000
1.135573 -3.657447 1185.586507
0.177378 -1.515058 -205.738537
0.001284 -0.005131 1.000000
-0.110770 -2.516546 1063.216415
-0.006232 -2.640030 67.675390
-0.000261 -0.004488 1.000000
0.490408 -2.916915 1021.506625
-0.059980 -1.659991 36.783419
0.000667 -0.004668 1.000000
0.030661 -1.782430 921.195930
-0.026576 -0.862650 42.150423
-0.000068 -0.003006 1.000000
0.660361 -3.636642 -1004.846107
0.201550 -2.389867 -729.605779
0.000340 -0.005523 1.000000
1.647291 -4.560682 1091.387446
0.330424 -1.469849 -61.784343
0.001911 -0.005644 1.000000
-0.257320 -1.668950 998.759715
0.166465 -1.390466 -185.225603
-0.000038 -0.004495 1.000000
0.742455 -3.867966 1363.394215
0.150825 -2.356816 -40.708588
0.000958 -0.005716 1.000000
1.562748 -3.972100 -288.569739
1.374080 -3.597115 1085.997890
0.002510 -0.006470 1.000000
0.520545 -2.220419 -64.718093
0.199508 -2.584277 -638.348782
0.001101 -0.005387 1.000000
2.024378 -4.870673 2322.999380
1.364962 -4.357924 735.759922
0.002555 -0.008072 1.000000
-1.012407 0.364752 1753.725889
-0.858816 -0.127785 474.278390
-0.002242 0.000391 1.000000
2.386962 -4.531702 1644.894170
0.854545 -2.528046 -538.120054
0.002983 -0.007811 1.000000
10.588907 -21.850334 3135.131380
2.347545 -6.318636 -3293.426343
0.013322 -0.029045 1.000000
0.469485 -1.559247 1236.576172
0.573979 -3.053751 222.878528
0.001394 -0.006459 1.000000
-0.129983 -1.442386 836.258444
-0.087253 -0.729598 -36.864889
-0.000347 -0.002223 1.000000
-0.087172 -1.014133 633.408825
-0.256840 -1.201989 15.963063
-0.000383 -0.002840 1.000000
-1.003014 -0.487184 -1521.063223
-0.659252 -0.177119 470.960594
-0.001531 -0.000615 1.000000
0.062505 -2.270414 1312.854067
0.041563 -1.035551 -112.013004
0.000162 -0.003136 1.000000
-1.147997 0.090473 291.362748
-1.063204 0.313300 1323.178920
-0.002152 0.000539 1.000000
0.417803 -3.289976 1092.506775
0.213919 -1.662389 -427.459999
0.000790 -0.005191 1.000000
0.070802 -1.759497 529.034165
0.079919 -1.082467 -74.605681
0.000049 -0.003194 1.000000
0.352774 -1.551658 288.220413
0.028806 -0.744755 18.291688
0.001189 -0.004001 1.000000
0.673497 -3.591293 1292.807448
0.036219 -0.683619 -152.265773
0.000648 -0.003898 1.000000
-0.150303 -2.229440 1288.174853
0.191386 -1.832975 65.092494
0.000281 -0.004156 1.000000
0.520472 -2.144976 253.926732
0.102643 -3.095910 -51.901873
0.001148 -0.006950 1.000000
1.148688 -3.718270 1196.964190
0.303211 -1.527784 -137.215685
0.001498 -0.005356 1.000000
1.892849 -5.347946 0.983284
0.960785 -3.965536 -1110.075295
0.003361 -0.011242 1.000000
-0.426273 -2.108087 1115.976710
0.271984 -2.197482 -304.918558
0.000215 -0.004800 1.000000
-0.379115 -3.817643 605.326263
-0.126330 -2.258926 267.703609
0.000407 -0.005219 1.000000
0.741054 -3.451000 352.407807
0.030539 -2.301710 -446.841394
0.001178 -0.006190 1.000000
0.571051 -2.480951 535.997974
0.258293 -1.474926 -340.816068
0.000622 -0.004090 1.000000
1.049873 -3.013123 987.582299
0.090312 -1.442478 48.265814
0.001267 -0.005275 1.000000
0.518431 -2.916456 1161.472795
-0.006504 -1.759566 -68.332776
0.000650 -0.004980 1.000000
0.148412 -1.216537 1339.381119
0.011524 -1.177976 117.825167
0.000415 -0.003523 1.000000
0.237935 -2.471091 986.865938
0.082140 -1.027908 -6.067085
0.000259 -0.003775 1.000000
-0.315042 -1.306467 352.624536
-0.392567 -1.758193 360.226745
-0.000747 -0.002666 1.000000
2.531280 -6.310923 947.661169
0.912467 -2.739339 -1414.578771
0.003776 -0.010644 1.000000
0.715879 -3.072985 1227.372758
0.031203 -0.754200 99.333849
0.000954 -0.003979 1.000000
-0.047356 -2.239014 881.409093
-0.078866 -1.655203 58.843547
0.000155 -0.003861 1.000000
0.462483 -1.531799 311.631112
-0.015915 -0.366499 -31.300630
0.001390 -0.003891 1.000000
-0.666767 -1.150190 803.964849
-0.204914 -0.929875 139.408821
-0.000704 -0.002024 1.000000
-0.511595 -1.000448 847.219887
-0.231581 -0.574706 111.248935
-0.000518 -0.001995 1.000000
0.601021 -2.333292 1009.059840
0.211261 -1.329260 -361.376443
0.000789 -0.004025 1.000000
-0.004452 -2.143454 583.430037
-0.007508 -1.947966 -16.019156
-0.000020 -0.003755 1.000000
0.491516 -2.237592 406.930709
-0.025049 -1.873412 75.658934
0.000446 -0.004357 1.000000
1.046641 -4.156728 619.202392
0.423516 -2.557870 -725.168577
0.001633 -0.006769 1.000000
0.253236 -2.602006 624.602227
-0.012965 -2.153150 140.924985
0.000271 -0.004217 1.000000
0.086947 -1.818500 720.852383
-0.074265 -0.872564 -15.390958
-0.000029 -0.002768 1.000000
0.555889 -1.576346 416.420236
0.139024 -2.216705 85.061471
0.000451 -0.004814 1.000000
0.170947 -2.038387 444.845331
-0.261391 -1.680427 126.103841
-0.000227 -0.003492 1.000000
0.404664 -3.422352 593.690016
0.095378 -2.844690 -42.618905
0.000469 -0.004945 1.000000
0.303414 -2.477146 423.628195
-0.007456 -2.851619 236.801920
0.000228 -0.004666 1.000000
0.666352 -3.124986 676.819861
0.814972 -3.501611 -70.694233
0.001617 -0.006320 1.000000
0.106791 -1.604766 695.538758
-0.218112 -1.395151 -26.166208
-0.000093 -0.003404 1.000000
0.299035 -2.741555 516.375049
0.131442 -2.451403 -142.925688
0.000394 -0.005118 1.000000
0.118314 -2.238611 1153.749539
0.037240 -0.572773 -38.445493
0.000225 -0.003461 1.000000
-0.444047 -1.260351 184.148106
-0.114654 -0.448886 -75.348300
-0.000596 -0.002055 1.000000
2.122770 -6.471717 1088.854933
1.319630 -5.167749 -767.869969
0.004061 -0.011217 1.000000
1.000000 0.000000 -0.000000
0.000000 1.000000 -0.000000
0.000000 0.000000 1.000000
0.553252 -2.922356 550.317833
0.098658 -2.319560 43.446137
0.000496 -0.004825 1.000000
0.259143 -1.843540 642.043007
0.139554 -1.567361 -94.222810
0.000152 -0.003869 1.000000
-0.327332 -0.084628 84.725340
-0.442878 -0.064908 294.111437
-0.001197 -0.000364 1.000000
-2.762536 5.031599 -1265.661891
-1.479290 3.768957 525.786759
-0.005876 0.008780 1.000000
-0.149371 -0.936055 311.197244
-0.274433 -0.670526 188.592335
-0.000651 -0.001764 1.000000
-0.238006 -3.311320 622.854908
-0.268614 -2.568177 404.250446
-0.000373 -0.003974 1.000000
0.365606 -3.123279 1112.492146
0.468328 -3.122246 -113.785235
0.001143 -0.005762 1.000000
0.953706 -0.390951 35.226767
-0.004054 1.053351 -31.984512
0.000760 -0.001166 1.000000
0.194887 -1.601671 -77.532243
0.156322 -1.598307 -27.563816
0.000666 -0.004285 1.000000
0.152119 -0.964846 56.771781
0.126148 -1.586825 181.932667
0.000836 -0.004007 1.000000
-0.003284 -1.912478 679.190434
-0.066686 -0.689247 -46.449260
-0.000192 -0.002589 1.000000
0.112526 -1.985145 720.281579
-0.069233 -1.253314 -7.115483
0.000445 -0.003847 1.000000
-0.066917 -2.181994 399.267519
-0.161011 -2.660358 252.467648
-0.000187 -0.004252 1.000000
0.087586 -1.601663 305.331425
0.284479 -1.869545 -28.769460
0.001147 -0.004725 1.000000
0.583705 -3.190555 2.929685
1.267084 -5.282738 -955.068203
0.003381 -0.010882 1.000000
1.627970 -5.776231 625.666059
1.027687 -3.642757 -575.295025
0.002127 -0.007961 1.000000
-0.184310 -1.262563 153.722086
-0.169088 -1.191198 86.376885
-0.000414 -0.002833 1.000000
0.348733 -1.878664 50.773828
-0.177193 -1.737135 75.881043
-0.000107 -0.003705 1.000000
0.360714 -1.477188 601.891971
0.041417 -1.107958 -90.316252
0.000531 -0.003685 1.000000
-0.034037 -1.499508 262.886272
-0.195884 -1.252624 51.880216
-0.000543 -0.002828 1.000000
-0.023674 -1.604218 730.669211
-0.083578 -1.389751 -27.584363
-0.000027 -0.003309 1.000000
-0.083061 -1.423741 247.688023
-0.109075 -1.088980 99.397103
0.000320 -0.003548 1.000000
-0.104403 -1.627296 879.307651
-0.093963 -1.399643 -106.968403
0.000065 -0.003987 1.000000
