-0.109663 -1.627318 531.892351
-0.109892 -1.503826 -105.564418
-0.000227 -0.003230 1.000000
-0.185126 -0.848745 367.340145
-0.145170 -0.741111 -31.001071
-0.000443 -0.002048 1.000000
0.124057 -1.442536 192.361471
-0.048250 -0.984311 -6.306508
-0.000087 -0.002838 1.000000
0.112443 -1.293276 149.170790
0.096848 -1.113649 -65.575294
0.000405 -0.003073 1.000000
-0.049799 -1.508663 -333.490501
0.215112 -1.473405 -40.995257
0.000534 -0.003442 1.000000
0.064048 -1.313152 -7.247582
-0.067384 -1.394068 -234.349012
-0.000022 -0.003288 1.000000
-0.289356 -0.885780 600.626647
-0.142428 -0.723272 -146.949682
-0.000500 -0.002121 1.000000
-0.123936 -1.606204 -31.562362
-0.099381 -1.011730 -401.987087
0.000178 -0.002893 1.000000
0.165455 -2.008540 -775.781916
0.204462 -1.338832 277.324769
0.000534 -0.004053 1.000000
0.118907 -1.576982 2056.018407
0.017267 -0.940424 444.046093
-0.000032 -0.003230 1.000000
0.047098 -1.353964 1685.851585
0.148874 -1.008270 -297.686164
-0.000086 -0.003051 1.000000
-3.402927 46.277939 66489.031935
-2.931744 28.934563 -8577.853700
-0.037333 0.081255 1.000000
-1.307860 0.020373 1934.937866
-0.588930 0.057539 -170.088706
-0.002241 0.000459 1.000000
0.358505 -2.298397 -1067.350697
0.336815 -1.257842 -564.021467
0.001205 -0.004947 1.000000
0.104729 -1.289038 382.758939
0.014045 -1.263214 -55.829675
0.000176 -0.003129 1.000000
-0.343474 -1.318369 1024.440274
-0.154081 -0.779970 -130.538898
-0.000502 -0.002351 1.000000
-0.098078 -1.345473 562.047564
-0.032556 -1.157727 -131.639970
0.000052 -0.003036 1.000000
-0.986422 -0.196984 2057.936986
-0.597394 0.002693 213.245911
-0.001908 -0.000172 1.000000
-0.280698 -1.112625 647.698152
-0.100229 -0.793489 -524.730069
-0.000661 -0.002197 1.000000
-0.303497 -1.401118 999.516819
-0.135531 -0.928995 -380.921653
-0.000627 -0.002485 1.000000
-0.067519 -1.785197 234.059473
0.273884 -1.718393 -850.484100
0.000543 -0.004122 1.000000
-0.324081 -0.762578 1512.632342
-0.243230 -0.678086 297.398576
-0.000758 -0.001849 1.000000
-0.731774 -0.523332 1737.142812
-0.345770 -0.315810 -501.704002
-0.001209 -0.001021 1.000000
3.957765 -9.851944 12681.047966
1.348852 -6.202119 -2159.058676
0.008064 -0.015842 1.000000
-0.135187 -1.145806 696.040423
-0.182884 -1.055295 -1773.454598
-0.000451 -0.002630 1.000000
-0.907847 -0.357726 1776.760365
-0.587214 -0.052085 311.038430
-0.001901 -0.000023 1.000000
0.203161 -1.208179 91.858193
0.049757 -1.164657 -157.324025
0.000147 -0.002943 1.000000
-0.109922 -0.803541 -108.798978
-0.120231 -0.499767 -18.266662
-0.000491 -0.001970 1.000000
1.243181 -3.987130 1504.546466
1.216330 -3.477008 -2618.045953
0.004293 -0.009742 1.000000
0.052240 -1.610987 558.886015
0.063074 -1.246331 -35.750396
-0.000011 -0.002944 1.000000
-0.094468 -1.499778 583.255864
-0.074030 -1.132203 12.042348
-0.000081 -0.002673 1.000000
-0.306317 -0.910453 876.790608
-0.234853 -0.816585 1480.034739
-0.000690 -0.001892 1.000000
-0.308589 -0.617028 518.081435
-0.173783 -0.375833 -363.038742
-0.000833 -0.001549 1.000000
0.098077 -1.162882 495.449667
-0.028333 -1.088068 -167.129291
0.000019 -0.002826 1.000000
-0.183792 -1.482713 673.299020
-0.187913 -1.059102 -108.060698
-0.000260 -0.002544 1.000000
-0.109173 -1.288953 4.079232
0.091977 -0.804448 -432.365355
0.000027 -0.002708 1.000000
-0.182036 -1.064460 592.811254
-0.144102 -0.815185 -318.606994
-0.000367 -0.002280 1.000000
0.323326 -2.737378 -1847.650068
0.389798 -1.426192 -1962.032879
0.001112 -0.004928 1.000000
-0.175402 -1.393616 492.669132
-0.071791 -0.794822 -130.241509
-0.000180 -0.002603 1.000000
-0.104971 -1.771636 776.248994
-0.013428 -1.128233 -280.849241
-0.000180 -0.003033 1.000000
-0.123587 -1.639798 763.834070
-0.107207 -0.817443 -279.300377
-0.000091 -0.002748 1.000000
-0.150496 -1.073798 338.726344
-0.194184 -0.725302 -73.420961
-0.000389 -0.002238 1.000000
-0.061924 -1.455522 706.416185
-0.112021 -0.916544 -216.438401
-0.000104 -0.002699 1.000000
-0.282881 -0.813712 51.059667
-0.143439 -0.411478 -37.181447
-0.000796 -0.001528 1.000000
-0.984919 0.332461 2060.679133
-0.469514 0.220397 -55.733887
-0.002165 0.000299 1.000000
-0.278850 -0.902854 589.047534
-0.234661 -0.758967 -28.973128
-0.000633 -0.001974 1.000000
-0.144857 -1.304603 726.034965
-0.074346 -0.965252 -115.775514
-0.000173 -0.002620 1.000000
0.110843 -1.619501 238.990315
0.173019 -1.473611 -655.807453
0.000498 -0.003732 1.000000
0.862530 -2.803625 2426.948638
1.012073 -2.445546 -514.904932
0.002656 -0.006315 1.000000
0.300415 -1.455497 652.567462
0.202940 -0.906898 -639.446091
0.000573 -0.003026 1.000000
-0.148404 -1.091870 696.353947
-0.102289 -0.853895 68.988087
-0.000158 -0.002390 1.000000
0.979893 -2.767273 676.918061
0.819305 -3.099863 -1297.821471
0.004094 -0.008860 1.000000
0.161702 -1.247827 523.161468
0.084376 -0.624835 -227.217425
0.000275 -0.002641 1.000000
0.019042 -1.152687 417.687330
0.081205 -0.828702 -85.010564
-0.000014 -0.002479 1.000000
-0.187256 -1.295898 764.229618
-0.067445 -1.040900 -210.179802
-0.000171 -0.002748 1.000000
-0.036557 -1.513968 996.830730
-0.003031 -1.080904 -21.629363
0.000138 -0.002931 1.000000
-0.104476 -0.583205 -356.863106
-0.050244 -0.634970 411.963115
-0.000168 -0.002098 1.000000
-0.535878 -0.511329 483.689687
-0.233411 -0.208522 -173.204266
-0.001157 -0.000964 1.000000
-0.091241 -1.342868 1375.549025
-0.034218 -0.987466 -647.638313
-0.000161 -0.002732 1.000000
0.301447 -1.502116 192.107817
0.011507 -1.302915 -205.552806
0.000294 -0.003462 1.000000
-0.230169 -0.638159 -545.342430
-0.213085 -0.573479 968.045107
-0.000807 -0.001719 1.000000
-0.013538 -1.413826 1608.237918
0.331564 -1.387638 -372.124990
0.000229 -0.003053 1.000000
0.039581 -1.004754 -285.917936
0.030021 -0.591205 -244.808436
0.000017 -0.002768 1.000000
0.138863 -1.651578 637.872632
0.104666 -1.256833 -452.746044
0.000319 -0.003362 1.000000
0.481495 -2.136083 3050.232665
0.153473 -1.052996 530.447514
0.000484 -0.003778 1.000000
-0.010256 -1.720445 -352.453009
0.175853 -1.241829 -829.784042
0.000492 -0.003721 1.000000
28.981899 -55.782595 39630.308507
25.974214 -51.779685 -42952.374208
0.079237 -0.133446 1.000000
1.896636 -4.376955 5043.603639
0.901137 -3.209394 -1732.381818
0.004301 -0.010264 1.000000
0.519743 -1.522566 -325.244625
-0.133894 -1.009257 -629.219200
0.000163 -0.003772 1.000000
0.293250 -1.778684 -791.395505
0.111027 -1.248774 -624.057004
0.000496 -0.003646 1.000000
1.222307 -3.384739 3135.395987
1.004755 -2.341162 -3216.574497
0.002567 -0.006450 1.000000
-0.130093 -1.073071 187.232779
-0.141394 -0.876930 53.478499
-0.000388 -0.002182 1.000000
-0.444012 -0.442945 -398.553268
-0.379247 -0.240845 -50.676180
-0.001251 -0.001144 1.000000
0.736325 -2.322782 629.865490
0.258982 -1.043175 -624.965065
0.001418 -0.003963 1.000000
0.202207 -1.476801 -61.604284
0.202342 -1.475151 -668.990359
0.000550 -0.003473 1.000000
-0.197035 -1.296782 876.367507
-0.157091 -0.932965 89.666084
-0.000349 -0.002141 1.000000
-0.153903 -0.627029 -7.626263
-0.155483 -0.406559 73.019359
-0.000515 -0.001662 1.000000
-0.167685 -0.742235 177.090692
-0.168726 -0.486052 -8.908488
-0.000566 -0.001568 1.000000
-0.273774 -1.206344 -220.679962
-0.194977 -0.897133 -192.364124
-0.000541 -0.002322 1.000000
-0.118875 -1.567518 -23.480105
-0.146097 -1.064795 100.180406
-0.000210 -0.002940 1.000000
-0.572446 -0.191441 -434.348060
-0.361202 -0.166554 2994.969549
-0.001206 -0.000718 1.000000
-0.216332 -1.285828 -671.898108
-0.129218 -0.646531 370.149027
-0.000363 -0.002123 1.000000
-0.771454 -0.366963 -159.295698
-0.464822 -0.138250 540.689437
-0.001407 -0.000702 1.000000
-0.056957 -1.664983 387.252999
0.082699 -1.175982 -316.533070
-0.000122 -0.002716 1.000000
-0.375641 -0.508693 -163.238475
-0.201288 -0.226619 -58.564512
-0.001072 -0.000965 1.000000
-0.301597 -0.925128 -61.950807
-0.237810 -0.386416 216.640450
-0.000668 -0.001521 1.000000
0.158231 -1.989827 167.657124
0.144073 -1.280536 -535.451344
0.000259 -0.003512 1.000000
-0.191316 -1.202759 92.686561
-0.188618 -0.915322 -117.398917
-0.000420 -0.002196 1.000000
-0.402087 -0.533222 766.292463
-0.343375 -0.258570 -224.561789
-0.001326 -0.000954 1.000000
0.329772 -2.308261 268.025299
0.040276 -1.458459 -557.880769
0.000267 -0.003447 1.000000
-0.438321 -1.124458 460.312578
-0.231367 -0.542735 -94.229247
-0.000772 -0.001659 1.000000
-0.277844 -1.771981 199.813938
-0.110286 -1.012646 125.811962
-0.000495 -0.002593 1.000000
0.323157 -3.352706 281.756737
-0.016032 -1.870394 29.015857
0.000220 -0.004201 1.000000
0.160341 -1.616718 -275.540227
0.052386 -0.761983 -472.370686
0.000392 -0.002968 1.000000
-0.118714 -1.602509 -869.264693
-0.149759 -0.654388 128.683887
-0.000157 -0.002755 1.000000
0.018842 -1.555332 497.888493
0.101508 -1.235460 -359.317267
0.000046 -0.003038 1.000000
-0.014655 -1.924445 -973.479582
0.024159 -0.904427 -278.832570
0.000048 -0.003339 1.000000
-1.525014 0.868167 -900.906254
-1.149358 0.666185 839.707177
-0.002648 0.001172 1.000000
1.202409 -5.882176 1993.492796
1.363412 -4.092344 -1871.015314
0.003004 -0.009777 1.000000
-0.063434 -1.470522 -424.397120
-0.093720 -1.419850 309.253160
-0.000097 -0.002749 1.000000
-0.155867 -0.822620 238.747793
-0.279137 -0.634878 70.190713
-0.000656 -0.001468 1.000000
1.320436 -3.772196 -1549.384654
0.822502 -2.711488 -2795.941492
0.001976 -0.006728 1.000000
-0.184488 -1.259439 395.674380
-0.169639 -1.018816 -139.483479
-0.000282 -0.002431 1.000000
1.054313 -3.479966 1417.653322
0.574894 -2.015274 -964.263863
0.001298 -0.004659 1.000000
-1.214425 0.074414 -683.476077
-1.077914 0.073117 -17.722909
-0.002147 0.000176 1.000000
-0.220771 -1.011860 558.498270
-0.250300 -0.930243 48.485655
-0.000567 -0.002023 1.000000
0.290960 -2.114690 454.090955
0.084506 -1.647073 -126.345308
0.000357 -0.003922 1.000000
-0.083713 -1.247768 300.678159
-0.144289 -0.911145 -422.921652
-0.000420 -0.002268 1.000000
122.245775 -175.884219 2345.388048
68.722712 -131.213659 -137896.599557
0.203170 -0.326098 1.000000
-0.278630 -0.750237 75.099091
-0.273438 -0.525137 140.132282
-0.000639 -0.001496 1.000000
-1.939906 2.078175 -3438.209743
-1.014824 0.818471 -4435.093021
-0.003592 0.002702 1.000000
-0.491635 -0.472006 -531.295120
-0.498689 -0.345385 -56.225787
-0.001220 -0.001144 1.000000
-0.268617 -1.004031 42.555474
-0.232502 -0.568646 -28.568606
-0.000846 -0.001676 1.000000
0.300086 -1.177686 316.356734
-0.086143 -1.108600 -292.342938
0.000171 -0.002654 1.000000
-0.277033 -1.008399 62.320593
-0.110642 -0.582471 82.567786
-0.000396 -0.002088 1.000000
-0.389158 -0.721210 -505.558136
-0.292202 -0.420641 1202.045336
-0.000912 -0.001416 1.000000
-0.435371 -0.357275 -661.180300
-0.668207 -0.338274 148.408611
-0.001295 -0.000839 1.000000
0.028017 -1.312451 -538.099433
-0.016900 -0.920536 149.874132
-0.000081 -0.002563 1.000000
0.462167 -2.654709 465.304320
0.304214 -1.981655 -552.212446
0.001165 -0.004819 1.000000
-0.188364 -0.892586 -1343.831554
-0.227055 -0.704928 194.533754
-0.000589 -0.002048 1.000000
-0.187652 -1.251947 268.982530
-0.111843 -0.855548 -101.623818
-0.000471 -0.002301 1.000000
-0.065283 -1.423015 523.712594
0.006911 -1.066008 -462.057760
-0.000267 -0.002442 1.000000
-0.035715 -0.894062 532.089437
-0.271356 -0.783431 -380.895935
-0.000670 -0.001942 1.000000
0.203496 -1.770381 764.575580
0.027775 -1.169584 -327.787172
-0.000000 -0.003069 1.000000
-0.098743 -1.513862 366.785604
-0.080209 -0.997899 -80.187960
-0.000382 -0.002525 1.000000
3.812009 -8.894425 -3241.884020
1.926752 -6.016909 -2757.158737
0.005428 -0.013961 1.000000
0.263395 -1.526270 329.541240
0.016732 -1.312991 -344.220130
0.000262 -0.003392 1.000000
0.687451 -1.694908 330.744535
0.202853 -2.209423 -507.266608
0.000404 -0.004073 1.000000
-1.415886 0.678095 1238.159674
-1.057593 0.678867 1058.992775
-0.002490 0.001260 1.000000
-0.917549 0.111954 2321.717251
-0.679353 -0.068140 202.758014
-0.001789 0.000240 1.000000
-0.065772 -2.012892 602.612763
0.045000 -1.282621 -113.671770
-0.000123 -0.003027 1.000000
0.223045 -2.383405 512.453343
0.063911 -1.816658 -87.505705
0.000242 -0.003873 1.000000
0.085079 -2.143189 406.299892
0.055787 -1.448549 -30.994862
-0.000001 -0.003365 1.000000
0.171994 -2.089418 607.174701
0.132033 -1.578137 -46.836674
0.000133 -0.003311 1.000000
-0.250121 -1.039153 -309.911158
-0.280684 -1.239802 34.850086
-0.000553 -0.002374 1.000000
-0.819239 -0.191085 1673.015237
-0.807422 -0.316337 496.050740
-0.001832 -0.000383 1.000000
0.198267 -1.639140 648.010447
-0.098401 -0.914998 28.134334
-0.000129 -0.002458 1.000000
-2.724770 3.028270 1657.807419
-2.244459 2.495759 2852.600464
-0.004725 0.004940 1.000000
-1.005592 0.417286 1151.704596
-0.659911 0.081086 903.801969
-0.001964 0.000325 1.000000
1.629908 -3.820624 2341.431047
0.416432 -2.008410 -746.944919
0.002714 -0.005999 1.000000
-1.666076 0.116711 -1595.474371
-0.743724 0.241498 630.399267
-0.002629 0.000669 1.000000
-1.361469 0.488907 1518.137764
-0.506209 0.191605 976.014228
-0.002583 0.001028 1.000000
-0.304055 -0.455201 -112.675784
-0.228649 -0.426942 169.527616
-0.000822 -0.001263 1.000000
-0.363423 -1.950752 514.173510
-0.252112 -1.875532 340.758416
-0.000383 -0.003238 1.000000
-1.711055 0.291276 -1773.968236
-0.689456 0.248841 24.029892
-0.002629 0.000634 1.000000
-0.154021 -2.779058 772.554516
0.251902 -2.148388 47.316103
0.000276 -0.004209 1.000000
-0.078676 -1.077314 504.776058
-0.090329 -0.447273 72.983284
-0.000243 -0.001821 1.000000
-0.268370 -1.599146 399.584380
-0.063912 -0.999523 28.645356
-0.000138 -0.002719 1.000000
-0.086019 -2.252385 693.763317
0.012566 -1.413737 66.272387
0.000005 -0.003269 1.000000
0.232240 0.508807 140.815763
-0.262555 1.123817 6.857173
-0.000769 0.000468 1.000000
0.814199 -0.066587 110.866310
-0.071080 0.891943 -5.266584
-0.000107 -0.000217 1.000000
1.308847 -0.008614 -55.282302
0.142103 1.179600 -85.210382
0.000332 -0.000092 1.000000
1.000000 -0.000000 0.000000
0.000000 1.000000 -0.000000
0.000000 -0.000000 1.000000
1.145704 0.018102 -18.338192
0.019464 1.258906 -64.883521
0.000097 0.000156 1.000000
1.136786 -0.025928 -11.156576
0.083454 1.295466 -108.913172
0.000147 0.000110 1.000000
-4.570543 4.885854 6618.655921
-1.584924 2.082263 9468.794765
-0.006751 0.008102 1.000000
-0.506838 -0.690404 -1386.710332
-0.368448 -0.419971 210.320317
-0.001068 -0.001395 1.000000
-0.255263 -1.422042 616.039825
-0.179796 -1.211509 201.237461
-0.000335 -0.002419 1.000000
-0.849340 -0.806941 157.396943
-0.301975 -0.521447 381.033430
-0.001052 -0.001360 1.000000
0.147721 -1.761562 180.947759
-0.106132 -1.387958 -112.056532
-0.000037 -0.003088 1.000000
0.086586 -1.441364 413.276786
0.018131 -0.977232 -168.850155
0.000073 -0.002907 1.000000
2.332157 -4.447248 -3439.731180
1.266131 -3.204572 -945.175133
0.003667 -0.008825 1.000000
0.067607 -1.628429 -813.781069
-0.036348 -0.956156 286.740652
-0.000079 -0.002761 1.000000
0.237285 -1.146346 72.046684
0.107488 -1.051165 -143.289680
0.000316 -0.002752 1.000000
-0.414837 -0.305216 -643.299926
-0.434733 -0.215592 234.226133
-0.001406 -0.000562 1.000000
0.301846 -2.032354 953.621420
0.273684 -1.255131 -177.616286
0.000787 -0.003447 1.000000
-0.371263 -1.157657 1592.573273
-0.093428 -0.723559 1137.400117
-0.000551 -0.001936 1.000000
-0.087316 -1.328479 344.771820
-0.083515 -0.973879 -246.405630
-0.000080 -0.002661 1.000000
-0.486922 -1.183133 377.457075
-0.284126 -0.615500 -60.221785
-0.000675 -0.001851 1.000000
-0.313441 -1.023947 -4.178999
-0.305380 -0.602349 83.533169
-0.000625 -0.001800 1.000000
0.913197 -3.272073 760.703305
0.696767 -2.464422 -1003.918802
0.001983 -0.006277 1.000000
-0.091776 -1.020013 418.183941
-0.134234 -0.917842 31.570461
-0.000404 -0.002417 1.000000
-0.218907 -0.516072 -759.410611
-0.197511 -0.407933 -120.965900
-0.000698 -0.001523 1.000000
-0.854132 0.374279 -1570.089941
-0.604311 0.232096 -1050.807441
-0.002237 0.000681 1.000000
1.130195 -2.866124 383.809766
0.512208 -2.188408 -1447.663179
0.002442 -0.006322 1.000000
-0.183764 -1.196694 877.583681
-0.156316 -1.035488 -0.653854
-0.000270 -0.002536 1.000000
-0.373250 -0.926802 839.761154
-0.243092 -0.617165 228.839735
-0.000674 -0.001554 1.000000
0.272371 -1.817847 -340.906193
0.266768 -1.287333 -455.528035
0.000676 -0.004013 1.000000
-0.219407 -1.056667 291.478278
-0.231950 -0.899949 -123.972255
-0.000587 -0.002188 1.000000
0.518463 -2.069699 79.236147
0.191818 -1.714877 -670.186236
0.001028 -0.004612 1.000000
-0.191074 -1.024107 384.446646
-0.129894 -0.873016 -379.953583
-0.000448 -0.002273 1.000000
-0.065146 -1.075946 49.586771
-0.060126 -0.896204 9.973601
-0.000200 -0.002294 1.000000
0.056866 -1.887464 478.808041
0.169421 -1.136167 -363.145467
0.000354 -0.003299 1.000000
6.788332 -9.820739 5047.823565
2.349596 -4.085677 -2200.802832
0.010119 -0.016605 1.000000
-0.263223 -1.180183 506.420911
-0.088087 -0.580469 -97.719806
-0.000467 -0.002114 1.000000
-0.524650 -1.226899 498.099754
-0.277322 -0.775507 -406.637918
-0.000814 -0.002004 1.000000
1.608612 -3.458774 -169.759400
1.847339 -3.133545 -1798.073760
0.004216 -0.008344 1.000000
-0.235454 -1.107354 602.100452
-0.284043 -0.844556 -46.821648
-0.000595 -0.002165 1.000000
-0.229860 -1.226074 719.894061
-0.053317 -0.969768 -77.223561
-0.000262 -0.002338 1.000000
0.409743 -1.211793 -1169.095942
1.996896 -3.192408 1688.461330
0.003056 -0.006443 1.000000
-1.238439 -0.173535 -147.269569
-0.949393 0.106797 1692.538925
-0.002526 -0.000001 1.000000
-0.029138 -1.212126 -110.827587
-0.025399 -0.977078 -293.120828
-0.000190 -0.002794 1.000000
0.023545 -1.534214 125.805380
0.051515 -0.971488 -102.505686
-0.000003 -0.002879 1.000000
0.133652 -1.732535 55.004118
0.008502 -0.985459 -364.547976
0.000097 -0.003169 1.000000
-0.273766 -1.033395 457.102339
-0.239636 -0.567585 -113.686861
-0.000738 -0.001864 1.000000
0.430905 -1.848728 69.264396
0.095022 -0.899737 -497.549492
0.000451 -0.003208 1.000000
-0.166644 -0.953545 223.195133
-0.199939 -0.677175 -177.059891
-0.000381 -0.002057 1.000000
-1.506611 0.404596 2265.191417
-0.691634 0.176745 1939.634801
-0.002192 0.000214 1.000000
0.149388 -1.404959 2696.760485
0.082197 -1.511245 -1472.103896
0.000020 -0.003121 1.000000
-2.096025 1.539972 3087.529514
-1.565971 1.224945 1054.194759
-0.004310 0.003814 1.000000
-3.580607 3.010258 -3119.649847
-1.996596 1.507642 2510.513976
-0.005435 0.004110 1.000000
0.155927 -1.799259 1306.364183
0.156867 -1.276246 -738.023485
0.000199 -0.003385 1.000000
-0.357214 -1.465830 643.333849
-0.233452 -1.270656 48.125048
-0.000557 -0.002615 1.000000
0.502077 -2.210415 801.242614
0.009147 -1.039406 -319.354384
0.000521 -0.003481 1.000000
-0.792289 -0.730160 200.868557
-0.314340 -0.399810 -301.047639
-0.001173 -0.001077 1.000000
-0.110682 -1.976303 1187.166432
-0.071818 -0.932249 -283.420079
-0.000030 -0.002813 1.000000
-0.286771 -1.380101 558.936221
-0.262963 -0.948646 -103.145497
-0.000537 -0.002392 1.000000
-0.559917 -1.052113 1037.077912
-0.091548 -0.842432 -123.723542
-0.000760 -0.001790 1.000000
-0.483946 -1.037527 835.944372
-0.049922 -0.878243 -39.749555
-0.000283 -0.002313 1.000000
-1.047758 -0.467755 3527.809176
-0.360104 -0.284648 1879.066140
-0.001463 -0.000913 1.000000
-0.343250 -0.823317 -554.724427
-0.231670 -0.726367 654.953465
-0.000786 -0.001844 1.000000
0.225952 -1.729053 1444.503445
-0.009043 -0.988583 212.422562
-0.000018 -0.002707 1.000000
-0.074972 -1.505821 3767.307609
-0.062285 -0.991722 -46.009493
-0.000080 -0.003104 1.000000
-1.264236 0.414460 2392.040207
-0.852315 0.147067 -2350.803041
-0.002338 0.000598 1.000000
0.576480 -2.318304 1155.855567
0.264074 -1.430430 -126.515994
0.000744 -0.003648 1.000000
-0.053078 -1.284264 800.580428
-0.066595 -0.459332 -9.744735
-0.000059 -0.002141 1.000000
-0.122579 -0.958221 1054.086595
-0.113048 -0.735763 96.304628
-0.000319 -0.002178 1.000000
0.954164 -2.364521 1937.244983
0.464416 -1.177845 -1072.673473
0.001726 -0.004597 1.000000
-0.537933 -0.700583 2244.936531
-0.461596 -0.487178 639.370710
-0.001209 -0.001269 1.000000
1.322300 -3.604185 1983.434039
1.159927 -3.006785 3272.534745
0.003810 -0.008446 1.000000
3.764723 -5.546290 1357.972449
0.760140 -2.520057 -1948.703984
0.004961 -0.009482 1.000000
-0.586369 -1.140499 -34.565432
-0.195656 -1.042014 1116.651602
-0.000691 -0.002191 1.000000
-0.190461 -1.239279 409.773478
-0.188723 -0.952632 -136.171878
-0.000602 -0.002312 1.000000
-0.123259 -1.175815 739.504769
-0.121793 -0.872832 -362.517679
-0.000333 -0.002255 1.000000
-1.193523 0.479916 -308.175378
-0.494454 0.225472 5075.090209
-0.002575 0.000930 1.000000
0.311428 -1.976231 689.875439
0.135848 -1.280485 -221.305686
0.000478 -0.003554 1.000000
-0.090366 -1.356033 549.811836
-0.062447 -1.178878 70.795838
-0.000204 -0.002657 1.000000
-0.023963 -1.694070 667.968678
-0.054045 -1.470760 -724.735857
-0.000072 -0.003091 1.000000
0.112434 -1.227573 661.398509
-0.062706 -0.871975 38.801543
0.000005 -0.002495 1.000000
-0.928812 -0.157252 498.732629
-0.535322 0.003146 -630.257734
-0.001745 -0.000294 1.000000
0.466471 -1.770523 166.840192
0.224641 -1.282661 -370.957898
0.000383 -0.003000 1.000000
-0.252567 -1.044298 427.470715
-0.143212 -0.737379 -249.084233
-0.000517 -0.002127 1.000000
-0.211734 -1.520406 620.707842
-0.017272 -0.845015 -272.991744
-0.000162 -0.002611 1.000000
-0.006143 -1.821474 711.878431
0.013061 -1.536119 -345.755874
0.000043 -0.003364 1.000000
-0.234492 -1.698278 752.987465
-0.109689 -1.901615 184.036069
-0.000077 -0.003408 1.000000
0.068425 -1.532596 805.079223
-0.110324 -1.236100 94.721836
0.000132 -0.003079 1.000000
-0.164266 -1.266079 601.383709
-0.100607 -0.781924 -82.290674
-0.000184 -0.002439 1.000000
0.264820 -1.817905 700.772460
0.124213 -1.434298 -17.393132
0.000560 -0.003602 1.000000
-0.208703 -1.048442 1222.988233
-0.009461 -1.103196 142.957051
-0.000289 -0.002318 1.000000
1.236775 0.063795 -41.834341
0.138060 1.854843 -248.247063
0.000260 0.000412 1.000000
0.178975 -2.015960 711.377049
0.078026 -2.144955 170.298431
0.000203 -0.003798 1.000000
-0.415797 -0.795065 881.823957
-0.191488 -0.631683 28.129394
-0.000565 -0.001797 1.000000
1.106380 -1.845786 2376.996872
0.426344 -1.085063 -1296.291747
0.001989 -0.004817 1.000000
0.136296 -1.454137 1325.863377
0.055236 -1.133388 -222.101604
0.000164 -0.003160 1.000000
-0.650374 -0.556615 306.444116
-0.344692 -0.558608 -107.891092
-0.001133 -0.001258 1.000000
-0.017740 -1.560587 557.900556
0.017017 -1.430091 -540.869848
0.000009 -0.003251 1.000000
0.072000 -1.333859 687.692027
0.112551 -1.169139 -199.826811
0.000033 -0.002854 1.000000
-0.518805 -0.812821 194.833377
-0.230649 -0.473556 42.100997
-0.000839 -0.001431 1.000000
0.419853 -2.157166 2.542853
0.084123 -1.645976 -211.110570
0.000335 -0.003630 1.000000
0.004353 -1.159928 787.624111
-0.088080 -0.762597 8.402974
-0.000130 -0.002711 1.000000
0.532315 -1.707841 940.799265
0.428697 -2.060752 -395.160191
0.001254 -0.004654 1.000000
-0.126988 -0.823793 251.748296
-0.225705 -1.016907 135.963839
-0.000660 -0.002090 1.000000
-0.243002 -1.216206 439.695944
-0.059066 -0.685156 -107.535329
-0.000488 -0.002069 1.000000
-0.181208 -1.129683 369.442769
-0.034458 -1.066763 18.266121
-0.000245 -0.002504 1.000000
-0.532722 -0.792749 293.814004
-0.254341 -0.612953 185.127990
-0.000785 -0.001589 1.000000
0.667653 -2.980850 812.884589
0.808774 -3.586085 -69.475050
0.001563 -0.006681 1.000000
-0.009141 -2.163813 453.654914
0.209109 -1.845559 178.102604
0.000387 -0.003918 1.000000
-1.039192 0.566048 112.749479
-0.931360 0.629913 613.892073
-0.002178 0.001320 1.000000
-0.070597 -1.319661 1020.920573
-0.102661 -0.910973 168.996298
-0.000092 -0.002349 1.000000
-0.167361 -1.040332 1031.996616
-0.043316 -0.606124 151.622901
-0.000391 -0.002329 1.000000
-3.220592 2.226997 -462.748897
-1.289913 1.808992 668.604837
-0.005507 0.005716 1.000000
-0.540464 -0.881880 854.887016
-0.287828 -0.539610 -220.995687
-0.000789 -0.001673 1.000000
0.271208 -2.014886 1045.793609
0.209128 -1.319320 -297.196078
0.000526 -0.004012 1.000000
0.005459 -1.053427 1052.267510
-0.081604 -1.085604 31.427026
-0.000210 -0.003048 1.000000
-0.387121 -1.094693 296.668679
-0.281941 -0.963986 178.530013
-0.000728 -0.002097 1.000000
-1.555678 7.026897 -3704.633957
-2.407111 5.572256 1609.073193
-0.007303 0.012693 1.000000
-0.906989 -0.549974 3.612147
-0.654535 -0.369433 359.034985
-0.001557 -0.000766 1.000000
-0.335900 -1.300764 379.256980
-0.138101 -1.209294 174.324062
-0.000376 -0.002600 1.000000
-1.121618 0.528150 -86.785472
-1.027715 0.761838 463.010947
-0.002394 0.001214 1.000000
0.223998 -1.257996 164.564811
-0.010596 -0.609210 -73.909228
0.000192 -0.002628 1.000000
-0.419805 -1.272326 924.412255
-0.201098 -0.808732 -155.149836
-0.000615 -0.002057 1.000000
-0.438585 -0.560671 1104.504923
-0.355051 -0.431637 -102.243013
-0.001166 -0.001259 1.000000
-0.817365 -0.541609 -1135.979807
-0.374843 -0.103365 650.113458
-0.001345 -0.000743 1.000000
0.057214 -1.589950 447.784483
0.059710 -1.136698 -7.805495
0.000029 -0.002724 1.000000
1.835347 -5.145927 -800.964493
1.250438 -3.029729 -5090.420897
0.004538 -0.009686 1.000000
-0.740698 -0.603512 877.821796
-0.500497 -0.447126 0.880217
-0.001570 -0.000990 1.000000
-5.176103 4.963177 -895.783218
-2.805603 3.548320 7457.398675
-0.009493 0.008624 1.000000
0.271229 -1.795909 738.803131
0.236293 -1.421117 -192.282869
0.000487 -0.003494 1.000000
-0.717186 -0.536367 1331.251562
-0.425000 -0.405242 -239.282347
-0.001354 -0.001074 1.000000
0.766080 -2.899677 997.188089
0.241091 -1.937739 -456.358893
0.001023 -0.004934 1.000000
-0.016140 -1.130209 309.271254
0.022002 -0.862923 -1004.279826
-0.000242 -0.002317 1.000000
0.356579 -2.405378 171.457654
0.016009 -1.201259 -351.713887
0.000707 -0.004009 1.000000
-0.188689 -0.892721 356.182335
-0.136462 -0.690191 33.310084
-0.000379 -0.001882 1.000000
-0.276666 -1.258923 703.436272
-0.144880 -0.856646 -72.990672
-0.000451 -0.002109 1.000000
-0.178056 -1.222352 485.774028
-0.222021 -1.072789 28.180663
-0.000378 -0.002357 1.000000
