-0.165253 -1.316484 773.138072
-0.074880 -0.996296 -143.062914
-0.000189 -0.002736 1.000000
1.876523 -2.827649 95.466788
0.950803 -1.678018 -1478.599176
0.003229 -0.006021 1.000000
0.073722 -1.367073 45.519074
0.106779 -0.828479 -117.528769
0.000196 -0.002803 1.000000
0.481385 -2.327106 546.861308
0.654128 -2.269388 -508.626079
0.001215 -0.005048 1.000000
0.450846 -2.198567 -89.982090
0.673226 -2.172535 -723.393934
0.001630 -0.005032 1.000000
0.431254 -2.111834 237.780921
0.529658 -1.961593 -658.523002
0.001122 -0.004671 1.000000
-5.036968 7.911752 7060.054991
-3.954353 6.145449 5139.164403
-0.013189 0.017096 1.000000
2.215136 -4.981489 -3937.659389
1.428697 -2.618262 -7521.604211
0.005286 -0.010673 1.000000
2.635229 -6.496939 -1947.870497
2.038620 -4.817438 -2336.522146
0.005415 -0.011873 1.000000
1.058693 -3.198224 4135.989160
0.361577 -1.888871 9.341842
0.001795 -0.005820 1.000000
-0.086844 -1.295085 1291.351781
0.114362 -0.853024 -630.790951
0.000011 -0.002789 1.000000
0.548362 -2.337259 -2442.574735
0.504152 -1.575607 1372.304496
0.001787 -0.005638 1.000000
0.075215 -1.400543 1099.279470
-0.071228 -0.807666 -374.307171
-0.000042 -0.002791 1.000000
-3.112216 2.539974 6880.502780
-2.144055 2.183691 2717.222254
-0.006457 0.006219 1.000000
0.205897 -1.153508 51.234407
0.025426 -1.318532 -214.463565
0.000219 -0.003357 1.000000
0.133543 -1.538552 281.963193
0.127490 -1.345146 -107.372800
0.000103 -0.003080 1.000000
1.737112 -4.052554 -967.063810
1.415239 -3.213344 -1413.086281
0.003953 -0.008748 1.000000
-0.283825 -0.662967 635.054455
-0.273503 -0.599491 -227.421456
-0.000732 -0.001588 1.000000
-0.030061 -1.650843 -171.843370
0.084120 -1.191763 -338.440777
0.000199 -0.003252 1.000000
0.142020 -1.791471 593.386584
0.047741 -1.024193 -201.464761
0.000124 -0.002999 1.000000
0.482285 -1.622735 -240.522951
0.378061 -1.345447 -582.769302
0.000767 -0.003663 1.000000
-0.670961 -0.740555 -0.771553
-0.384018 -0.325387 1573.582037
-0.001121 -0.001219 1.000000
-1.496193 0.629360 1675.854508
-0.855501 0.435941 1438.061166
-0.002616 0.001034 1.000000
0.243526 -1.525447 831.717072
0.146813 -1.138625 -300.354348
0.000681 -0.003468 1.000000
-0.145948 -0.858927 663.449553
-0.076803 -0.892228 -174.072747
-0.000450 -0.002259 1.000000
4.787329 -9.258818 -4182.482055
4.599047 -8.021785 -5090.695679
0.009520 -0.017840 1.000000
-0.038434 -1.813532 11.991445
0.126783 -1.387773 -9.082537
0.000022 -0.003200 1.000000
0.102234 -1.049506 -196.560327
0.040692 -0.622727 -68.283497
0.000153 -0.002675 1.000000
0.177894 -1.765971 252.437530
0.243362 -1.459710 -269.158625
0.000428 -0.003676 1.000000
-0.011870 -1.363786 84.135939
0.157429 -1.314129 -524.391314
0.000139 -0.002981 1.000000
0.311101 -2.360937 711.696612
0.459165 -1.964435 -275.936792
0.000883 -0.004332 1.000000
-7.227988 8.461900 -6604.608827
-5.379831 6.605047 10539.041785
-0.016047 0.018277 1.000000
0.292616 -2.060358 -739.619005
0.176987 -1.344900 -906.184511
0.000644 -0.004295 1.000000
-0.138506 -1.443708 527.162795
-0.054359 -1.358085 -146.163211
-0.000104 -0.003118 1.000000
0.331177 -1.964360 681.787538
0.320301 -1.560342 -83.115716
0.000773 -0.003553 1.000000
-0.068214 -1.170441 169.330528
-0.065910 -0.804870 -286.160228
-0.000214 -0.002464 1.000000
0.130531 -1.785355 351.140888
0.183560 -1.538081 -67.754677
0.000276 -0.003534 1.000000
-0.139537 -1.511525 -335.492939
-0.093510 -1.021260 -670.503516
-0.000305 -0.002536 1.000000
0.065369 -1.630047 23.557199
0.016899 -1.162125 -399.566169
-0.000089 -0.003117 1.000000
0.221611 -1.753534 1005.696908
0.145821 -1.098381 -349.152519
0.000463 -0.003276 1.000000
-0.204246 -1.357088 786.838787
-0.091463 -0.676941 -227.665123
-0.000279 -0.002480 1.000000
-0.173368 -0.996136 447.241492
-0.160444 -0.660807 -321.460775
-0.000381 -0.002271 1.000000
0.035606 -1.825372 931.702402
0.142739 -1.153030 -100.641922
0.000152 -0.003130 1.000000
-0.265296 -1.120810 -31.657332
-0.131542 -0.641344 -380.993328
-0.000367 -0.002219 1.000000
-0.128616 -0.834969 -348.885128
-0.091001 -0.686950 -536.163053
-0.000368 -0.002340 1.000000
0.258790 -1.766453 870.529606
0.166794 -0.854957 -443.302332
0.000506 -0.003071 1.000000
-0.183775 -0.985888 615.198138
-0.072754 -0.693242 -179.346691
-0.000447 -0.002142 1.000000
-0.005217 -1.405859 496.317824
-0.080977 -1.153057 -459.497986
0.000020 -0.003039 1.000000
-0.295307 -1.042270 1028.566176
-0.258310 -0.679641 38.789473
-0.000660 -0.002184 1.000000
9.121974 -14.355129 13159.208682
5.360932 -8.060252 -5361.996051
0.016543 -0.026431 1.000000
0.207526 -1.710782 920.098610
0.230250 -1.364308 -114.081325
0.000486 -0.003387 1.000000
1.066787 -2.490148 405.574661
0.702871 -1.906214 -777.505915
0.001549 -0.004831 1.000000
1.022895 -2.787371 3487.932184
0.974557 -2.504468 -765.959133
0.002849 -0.007447 1.000000
0.069763 -1.099032 367.916223
-0.019624 -1.031121 -22.573577
-0.000044 -0.002514 1.000000
-0.108260 -1.273900 612.466923
-0.106988 -0.886684 46.747000
-0.000268 -0.002418 1.000000
0.199988 -1.681607 866.269308
0.122243 -1.210993 -176.480333
0.000228 -0.003072 1.000000
-0.032240 -1.140542 -568.435805
0.011495 -0.567406 -107.661860
0.000110 -0.002780 1.000000
-0.331459 -0.417909 42.925613
-0.230328 -0.352253 -652.797434
-0.000935 -0.001299 1.000000
-0.293281 -0.997955 1748.540165
-0.356524 -0.601042 -332.514642
-0.000830 -0.001696 1.000000
0.884182 -3.499182 585.146041
0.829158 -3.138435 -748.315737
0.001802 -0.006943 1.000000
0.729300 -2.337297 -856.933168
0.350690 -1.305626 52.440499
0.001385 -0.005152 1.000000
-0.431522 -1.056484 749.324339
-0.355515 -0.783931 -245.349654
-0.000758 -0.001978 1.000000
0.009410 -1.080355 -638.867724
-0.157387 -0.643961 -89.669380
-0.000049 -0.002895 1.000000
0.097047 -2.046206 707.357646
0.580892 -1.925994 -753.150674
0.000983 -0.004650 1.000000
-0.396081 -0.444962 -1410.542249
-0.279382 -0.413186 -1150.462539
-0.000985 -0.001450 1.000000
-0.504491 -0.788681 544.947361
-0.328645 -0.442180 -134.604390
-0.000872 -0.001437 1.000000
0.314712 -1.557388 377.515994
0.315106 -1.538821 -388.913450
0.000884 -0.004045 1.000000
0.116262 -1.976940 2710.751068
0.281054 -1.436517 -1324.292525
0.000690 -0.003868 1.000000
-0.453466 -1.474919 1480.902964
-0.116097 -0.577138 1134.516296
-0.000482 -0.002595 1.000000
-10.807727 13.956420 1102.740675
-9.606453 13.536737 11762.022001
-0.020622 0.029924 1.000000
-0.629052 -0.773761 3403.188898
-0.440969 -0.484494 361.700593
-0.001085 -0.001260 1.000000
0.622478 -2.921119 -163.927317
0.690093 -2.151431 -983.540270
0.001313 -0.004809 1.000000
0.028533 -1.359849 -468.858913
0.045561 -0.925647 940.094543
0.000226 -0.003298 1.000000
0.083219 -1.536386 799.190890
0.064510 -1.166151 -414.535953
0.000010 -0.002877 1.000000
0.071728 -1.169518 1904.425763
-0.000665 -0.938512 -644.491305
0.000070 -0.002695 1.000000
-0.032489 -1.049145 533.158439
-0.135723 -0.890620 34.896442
-0.000230 -0.002144 1.000000
0.228141 -1.125047 -373.767394
0.046783 -0.750855 26.091387
0.000442 -0.002866 1.000000
-0.398983 -0.839524 -342.886933
-0.166251 -0.427053 140.910680
-0.000817 -0.001507 1.000000
-0.266062 -1.000465 -134.968812
-0.151047 -0.686366 -189.742081
-0.000486 -0.002168 1.000000
0.888248 -2.732123 676.728451
0.374865 -1.990120 -2561.902382
0.001378 -0.005653 1.000000
-0.241182 -0.832386 -1204.485663
-0.132517 -0.692126 -127.215023
-0.000493 -0.002062 1.000000
0.068970 -2.313386 1096.618760
0.279079 -1.348867 -737.287894
0.000371 -0.003484 1.000000
-0.433943 -0.802635 14.520960
-0.297209 -0.463883 125.576012
-0.000905 -0.001536 1.000000
0.120402 -1.885087 536.494779
0.073462 -1.563811 -443.493878
0.000126 -0.003450 1.000000
3.044418 -6.051310 -19441.434519
2.279675 -3.974463 -2024.286617
0.008810 -0.013425 1.000000
-0.425394 -0.602242 -241.503006
-0.289774 -0.421797 433.581568
-0.001027 -0.001462 1.000000
0.242760 -2.449060 493.887599
0.333605 -1.913298 -625.534331
0.000847 -0.004283 1.000000
-0.131261 -1.191093 354.801166
0.010257 -0.922502 -195.528167
0.000009 -0.002564 1.000000
-0.364795 -0.519171 253.698390
-0.350908 -0.295474 792.056189
-0.001292 -0.001125 1.000000
0.047182 -1.145739 -536.637683
-0.055422 -0.874375 -160.623260
-0.000117 -0.002446 1.000000
-0.107112 -1.403508 344.959822
-0.090003 -0.975975 -75.681441
-0.000291 -0.002475 1.000000
0.881861 -3.632569 -971.076723
0.492012 -2.005098 -556.320068
0.001308 -0.005958 1.000000
-0.365805 -1.108166 22.248472
-0.271913 -0.600078 -188.522455
-0.000652 -0.001765 1.000000
-0.786218 -0.512044 863.718147
-0.526389 -0.111581 1282.069512
-0.001578 -0.000526 1.000000
0.043714 -1.589288 -1570.869196
0.138405 -0.819624 -24.844573
-0.000085 -0.002902 1.000000
-0.019905 -1.534586 1095.718586
-0.021191 -0.815105 -60.931178
-0.000117 -0.002308 1.000000
-0.666059 -0.577986 1020.890128
-0.304804 -0.309250 1260.142474
-0.001109 -0.001192 1.000000
-0.605607 -0.722198 -1756.782347
-0.427480 -0.536894 563.632832
-0.001033 -0.001195 1.000000
-0.219088 -1.598201 -201.524039
-0.135472 -0.984330 -504.838913
-0.000325 -0.002604 1.000000
0.212175 -2.137157 -802.198330
0.298446 -1.482069 -2014.708515
0.000625 -0.003647 1.000000
-0.139761 -1.468488 433.796793
-0.162472 -0.988750 57.878772
-0.000277 -0.002386 1.000000
-1.389589 0.635798 1746.607303
-1.075473 0.223972 1816.707827
-0.002402 0.000685 1.000000
-0.042162 -1.415692 -94.731271
-0.091483 -1.252720 -764.908823
-0.000088 -0.002902 1.000000
-0.341411 -1.525578 446.902292
-0.148988 -1.086312 57.642380
-0.000466 -0.002397 1.000000
0.609302 -2.260192 -274.550571
0.460354 -2.155552 -636.964839
0.001049 -0.004616 1.000000
-3.697164 4.157581 5459.763974
-2.440540 2.646183 611.293783
-0.006594 0.006819 1.000000
0.008135 -1.304730 317.173901
-0.120841 -1.048289 104.240757
-0.000177 -0.002490 1.000000
5.982832 -11.953409 9599.288486
4.476702 -6.269582 -6858.982667
0.011426 -0.019068 1.000000
-0.859561 -0.730557 -180.796362
-0.618913 -0.529238 227.693630
-0.001317 -0.001130 1.000000
1.389902 -5.470479 -2821.247356
1.264109 -3.043740 -253.920943
0.002687 -0.007808 1.000000
-0.171918 -0.935807 -247.635085
-0.153191 -0.671774 554.838733
-0.000258 -0.001927 1.000000
0.187205 -1.679687 -945.868274
0.246484 -1.285633 -991.793543
0.000607 -0.003749 1.000000
0.037824 -0.721647 -902.929686
-0.209274 -0.644402 82.194845
-0.000478 -0.001915 1.000000
-0.694113 -0.754870 536.357144
-0.373502 -0.441754 -203.328245
-0.001095 -0.001321 1.000000
0.059064 -1.311627 -508.457523
0.115451 -0.875482 -337.987765
0.000315 -0.002993 1.000000
-0.258022 -0.816801 -399.517996
-0.267730 -0.629419 351.189552
-0.000687 -0.001828 1.000000
2.694440 -5.738472 -2974.105719
2.321288 -4.542851 -1818.156719
0.004334 -0.010273 1.000000
-1.784115 1.124101 5243.824882
-1.238270 0.835253 131.693548
-0.004101 0.002766 1.000000
-0.215765 -1.135636 339.422618
-0.170406 -0.782087 -224.306055
-0.000471 -0.002097 1.000000
-0.319369 -0.859300 -274.800534
-0.203987 -0.658322 306.725394
-0.000731 -0.001789 1.000000
-0.369031 -1.334961 409.179951
-0.153256 -0.904166 -69.083877
-0.000422 -0.002200 1.000000
0.708785 -3.355886 -566.485642
0.450789 -2.163741 -944.851888
0.001141 -0.004880 1.000000
-0.231208 -1.429246 -297.852499
-0.028109 -0.920108 -573.699658
-0.000215 -0.002634 1.000000
0.407887 -2.350895 408.774856
0.262138 -1.545309 -424.786104
0.000689 -0.004045 1.000000
0.672831 -3.520972 -324.040777
0.772799 -2.111844 -637.127035
0.001789 -0.005822 1.000000
0.406404 -2.484012 403.121194
0.376978 -1.820809 -541.773971
0.000831 -0.004194 1.000000
-0.041657 -1.386668 810.790346
-0.087525 -1.095630 -35.130052
-0.000186 -0.002509 1.000000
0.081828 -1.690636 712.739023
0.087835 -1.349394 -158.443334
-0.000032 -0.002900 1.000000
-0.306937 -0.882118 1364.690006
-0.285105 -0.707941 264.616606
-0.000716 -0.001800 1.000000
-3.156621 3.147729 5200.903572
-3.102619 2.508595 1507.799762
-0.007247 0.006697 1.000000
0.139309 -2.267243 835.698103
0.021052 -1.354896 -53.214789
0.000213 -0.003114 1.000000
0.308091 -2.517839 190.447721
0.120469 -1.683511 -303.351583
0.000654 -0.003972 1.000000
-2.781040 4.005563 3128.036078
-2.257205 2.573014 2581.881240
-0.006665 0.006332 1.000000
1.122508 -3.563592 1106.216519
0.922651 -2.461461 -863.955967
0.001777 -0.005601 1.000000
-0.971337 0.172781 -770.557316
-0.950154 0.141788 832.909223
-0.002165 0.000255 1.000000
-1.874026 2.375358 2069.043471
-1.866692 1.517902 2868.423216
-0.004147 0.003724 1.000000
-0.317380 -0.815565 -288.579763
-0.286583 -0.598389 -83.781958
-0.000733 -0.001618 1.000000
-0.180047 -0.945848 -1179.697575
-0.242685 -0.839747 1921.700969
-0.000510 -0.001901 1.000000
10.139977 -16.216549 3473.878303
6.379826 -9.453501 -23662.068514
0.018992 -0.027462 1.000000
0.621734 -2.429944 1320.533338
0.180718 -1.344428 -420.287776
0.000864 -0.004003 1.000000
-0.270968 -1.194517 1756.149830
-0.212025 -0.541133 383.172839
-0.000527 -0.001878 1.000000
0.928998 -4.434851 -459.138738
0.680858 -1.679110 -1969.709603
0.002214 -0.005602 1.000000
-0.019075 -1.457649 602.586843
0.023867 -1.060245 -249.913415
-0.000059 -0.002925 1.000000
0.386218 -1.988612 374.600931
0.165733 -1.803917 -99.953877
0.000259 -0.003655 1.000000
0.297999 -2.255380 1673.253440
0.056910 -0.876549 -268.117986
0.000497 -0.003139 1.000000
-0.127117 -1.329023 598.767508
0.005291 -0.701843 -32.394991
-0.000240 -0.002166 1.000000
0.197342 -2.323891 567.813190
0.317195 -1.521883 -127.071249
0.000496 -0.003572 1.000000
0.760397 -3.315344 210.289019
0.363827 -1.768122 -299.091531
0.001140 -0.005020 1.000000
0.018859 -1.515570 390.169512
0.159115 -1.087457 -174.489431
0.000049 -0.002800 1.000000
0.010434 -2.664160 403.433422
0.181571 -2.265057 11.193089
0.000511 -0.004373 1.000000
-0.027809 -1.041101 457.022635
-0.041107 -0.492790 46.938829
-0.000238 -0.001837 1.000000
1.683106 2.378403 -812.559282
-0.184026 3.698183 -264.777046
-0.000751 0.003204 1.000000
2.465233 7.650977 -2308.777169
-1.290868 10.197198 -229.507169
-0.003499 0.012377 1.000000
2.450668 0.717836 -359.027318
0.665156 2.809818 -637.808867
0.000925 0.001125 1.000000
1.399594 0.094788 -42.971439
0.223389 1.499094 -224.855526
0.000332 0.000157 1.000000
21.218175 -27.917987 28294.798735
5.672929 -12.210675 -6246.264586
0.025068 -0.043443 1.000000
0.513275 -1.640883 -1365.386803
0.254127 -1.133880 -968.602722
0.000854 -0.004084 1.000000
0.245907 -1.829560 990.863691
0.196224 -1.437428 -9.108018
0.000409 -0.003259 1.000000
-0.442717 -0.967070 -74.565027
-0.257059 -0.554198 -573.267751
-0.000764 -0.001689 1.000000
-0.115936 -1.132714 91.649870
-0.165587 -1.023117 -201.197474
-0.000444 -0.002374 1.000000
0.211658 -1.319015 592.564017
0.178739 -1.446984 -521.787542
0.000623 -0.003480 1.000000
-3.383892 2.872178 -8094.243031
-1.956713 1.618122 1319.918312
-0.007172 0.005849 1.000000
-0.150626 -1.034740 18.763031
-0.156424 -0.676048 360.608802
-0.000302 -0.002141 1.000000
0.265190 -2.051642 301.186211
0.132445 -1.510114 -229.445409
0.000609 -0.003711 1.000000
0.361144 -2.307615 140.095338
0.256496 -1.581855 -271.925695
0.000666 -0.004009 1.000000
0.094243 -1.275392 498.433996
0.070627 -0.862982 -464.019491
0.000061 -0.002767 1.000000
-40.492333 55.342933 -48146.393161
-33.080167 40.578964 45654.585438
-0.074747 0.111413 1.000000
0.196919 -1.626951 379.456589
0.044490 -1.086344 -259.072672
0.000311 -0.002998 1.000000
-0.262654 -1.239278 179.420506
-0.152582 -0.793499 51.719185
-0.000376 -0.002228 1.000000
-0.053282 -1.592363 -82.243887
-0.051644 -0.699480 9.541573
0.000018 -0.002820 1.000000
0.405096 -1.811028 378.350227
0.246945 -1.906000 -330.745756
0.000678 -0.004315 1.000000
3.180398 -5.813123 4762.594010
3.239063 -5.981977 -5538.792766
0.007442 -0.014260 1.000000
-0.323059 -0.395149 -401.040928
-0.289528 -0.430228 265.206862
-0.001034 -0.001245 1.000000
0.187226 -1.610406 -220.533875
0.031914 -1.377772 -892.455166
0.000350 -0.003529 1.000000
-0.084286 -1.469551 210.415359
-0.170838 -1.164240 -132.856749
-0.000260 -0.002630 1.000000
-0.306729 -1.090014 596.830618
-0.168328 -0.857643 -164.817136
-0.000490 -0.002132 1.000000
-0.128870 -1.310418 714.676090
0.014714 -1.099443 0.621932
-0.000221 -0.002532 1.000000
-0.171528 -1.129452 -278.166695
-0.056044 -0.596613 -86.452511
-0.000330 -0.002287 1.000000
0.689644 -2.740028 215.714648
0.903203 -2.467352 -1374.086635
0.001936 -0.006245 1.000000
-0.092474 -1.139448 394.136836
-0.084426 -0.976035 -266.660347
-0.000259 -0.002493 1.000000
-0.332990 -1.362583 1175.097386
-0.148068 -1.180140 -411.141535
-0.000159 -0.002800 1.000000
0.954248 -3.069444 131.670993
0.797137 -2.304798 -726.866252
0.002456 -0.005962 1.000000
-0.626728 -0.454799 685.574186
-0.475201 -0.424436 -179.389708
-0.001228 -0.000815 1.000000
-1.876085 0.922767 1666.685477
-1.416581 1.158424 2555.403399
-0.004229 0.003323 1.000000
1.939733 -3.900172 -2814.754226
1.247293 -2.836144 -1078.656503
0.003538 -0.007708 1.000000
-0.398449 -1.214694 475.530888
-0.301889 -0.709610 -46.347197
-0.000704 -0.002005 1.000000
0.039014 -1.074219 175.392977
-0.029664 -0.811969 -89.502313
-0.000027 -0.002531 1.000000
-0.493223 -0.710225 363.486329
-0.367165 -0.681094 -362.383009
-0.000802 -0.001787 1.000000
-0.356520 -1.075849 752.377869
-0.134213 -0.700304 -76.802932
-0.000444 -0.001986 1.000000
-0.409350 -0.605492 1856.398658
-0.261362 -0.407579 -201.737708
-0.000805 -0.001423 1.000000
0.025438 -1.832946 2030.397033
0.070898 -1.264039 649.049604
-0.000059 -0.002874 1.000000
0.041384 -0.688831 15.682388
-0.136300 -0.911910 -28.626007
-0.000244 -0.002370 1.000000
-0.015238 -1.066813 262.036698
0.011387 -0.818353 -81.728957
0.000061 -0.002491 1.000000
-0.347556 -1.396215 795.868621
-0.150411 -0.633411 -210.377154
-0.000333 -0.002333 1.000000
0.007424 -1.496445 -216.652510
-0.110227 -1.022106 -547.177729
-0.000040 -0.003081 1.000000
-3.316588 1.519846 3470.883091
-1.656510 1.453182 503.199868
-0.004881 0.003789 1.000000
-0.528316 -0.712145 750.067819
-0.324463 -0.621730 162.720658
-0.000863 -0.001555 1.000000
-3.244100 2.612431 2427.849837
-0.984269 1.270056 -41.078830
-0.004112 0.003080 1.000000
1.183936 -3.593175 -3615.371424
0.657398 -2.719046 73.115799
0.001955 -0.006040 1.000000
-0.077418 -1.069318 -622.602781
0.055739 -0.999537 -463.155182
-0.000032 -0.002716 1.000000
1.421550 -3.677451 -2099.251968
0.881961 -1.933263 646.993394
0.002364 -0.006428 1.000000
-0.845946 -0.135372 1296.082819
-0.378310 -0.347396 94.975908
-0.001450 -0.001051 1.000000
0.494681 -1.901951 -435.953134
0.030280 -1.181615 -303.514905
0.000557 -0.003558 1.000000
-77.954773 92.761406 38009.592917
-34.986456 48.964646 46276.096760
-0.130634 0.162516 1.000000
0.114416 -1.677182 1257.753336
0.012381 -1.271352 -462.740451
0.000216 -0.003221 1.000000
-0.390760 -1.174987 982.897462
-0.309297 -0.706576 -383.749323
-0.000642 -0.001927 1.000000
0.779499 -2.393958 -189.291876
0.318927 -1.491386 -466.552552
0.001398 -0.004491 1.000000
-0.391541 -1.466885 745.241707
-0.048456 -0.776358 -640.277962
-0.000361 -0.002522 1.000000
-0.290281 -1.250774 813.620734
-0.012046 -0.660037 -269.619522
-0.000266 -0.002213 1.000000
0.212287 -2.101606 1494.303990
0.066143 -0.869952 -543.183658
0.000460 -0.003310 1.000000
-2.530032 1.780065 6512.121006
-1.467251 1.261635 -844.463946
-0.004625 0.003302 1.000000
1.163611 -2.459934 1069.762032
0.918887 -1.952423 -3732.214378
0.001597 -0.005340 1.000000
73.178283 -125.292235 159320.052798
41.193214 -73.982665 70575.031127
0.170088 -0.312133 1.000000
-0.911738 -0.235270 1223.404648
-0.507478 -0.209870 1171.294374
-0.001817 -0.000599 1.000000
0.063380 -1.653486 696.056974
0.047113 -1.157394 -119.945095
0.000151 -0.002816 1.000000
-0.217237 -1.423435 808.344529
-0.145310 -0.794796 -153.666717
-0.000224 -0.002241 1.000000
-0.335692 -1.000631 740.132632
-0.120716 -0.734967 -98.957518
-0.000401 -0.002147 1.000000
-0.122455 -1.452413 1843.615545
0.012338 -0.555220 -298.875727
-0.000002 -0.002532 1.000000
1.309099 -2.762320 -3366.355165
0.965176 -1.828271 501.626985
0.002469 -0.006326 1.000000
0.179259 -1.645700 -167.236696
0.154287 -1.174369 2446.146802
0.000389 -0.003627 1.000000
0.062537 -1.548187 693.739658
0.096719 -1.326647 -164.408443
0.000132 -0.003189 1.000000
90.997583 -100.689982 -155255.757118
59.059465 -110.933421 168160.431573
0.149964 -0.258372 1.000000
0.012574 -1.246130 -38.600254
-0.048883 -0.911518 -99.078763
0.000042 -0.002713 1.000000
-0.122783 -1.407122 880.390587
0.030122 -1.015134 -114.830991
0.000028 -0.002786 1.000000
0.579489 -1.741011 2773.834981
0.282926 -0.949792 409.253227
0.001449 -0.004531 1.000000
-0.185926 -1.329330 767.127650
-0.030757 -0.912367 3.593756
-0.000033 -0.002546 1.000000
0.168895 -1.572596 643.141485
0.027656 -1.027774 30.534149
0.000314 -0.002935 1.000000
0.414514 -1.903874 -461.076438
-0.083831 -1.146801 -114.770493
0.000469 -0.003627 1.000000
-0.160411 -1.322169 917.448768
0.022254 -0.961357 -302.840397
-0.000105 -0.002504 1.000000
-0.216815 -1.063130 473.090411
-0.017549 -1.060803 -316.690149
-0.000170 -0.002611 1.000000
0.248834 -1.815496 -69.783375
0.120568 -1.230125 -110.405758
0.000441 -0.003251 1.000000
-0.679792 -0.781882 1149.842735
-0.446773 -0.689301 199.498408
-0.001051 -0.001394 1.000000
0.342088 -2.313741 758.157841
0.205287 -1.339067 -232.020855
0.000654 -0.003715 1.000000
-0.428402 -0.791384 637.787215
-0.338021 -0.586109 -24.097049
-0.000879 -0.001515 1.000000
-0.049493 -1.247683 613.405535
0.107710 -0.867663 18.088801
0.000107 -0.002509 1.000000
-0.952970 -1.775534 1075.533255
0.349612 -3.315257 418.007811
0.000531 -0.005746 1.000000
-0.011651 -1.187079 547.698613
0.018612 -1.025494 77.270897
0.000144 -0.002693 1.000000
0.785318 0.001056 62.680794
-0.070993 1.075397 11.193991
-0.000104 0.000059 1.000000
-0.228014 -1.767759 1215.054678
0.382414 -2.156595 359.711528
0.001195 -0.004933 1.000000
1.000000 0.000000 -0.000000
-0.000000 1.000000 -0.000000
0.000000 0.000000 1.000000
-0.000315 -1.548658 532.954362
-0.014031 -1.163788 89.825931
0.000079 -0.002950 1.000000
1.742099 -3.254076 2061.622594
0.755722 -2.183982 -451.882936
0.002537 -0.006002 1.000000
-0.370813 -0.686418 610.688816
-0.132525 -0.207123 -216.287268
-0.000699 -0.001496 1.000000
-0.089854 -1.741084 697.386916
-0.070465 -0.769189 -126.450769
-0.000053 -0.002524 1.000000
0.185641 -1.622866 884.154072
0.045632 -1.232134 -289.674278
0.000343 -0.003222 1.000000
-0.095586 -1.335878 663.632839
0.006363 -0.942061 -46.927230
-0.000012 -0.002594 1.000000
0.020037 -1.240951 616.441119
0.071544 -0.929983 -11.447048
0.000077 -0.002591 1.000000
-0.035408 -1.173876 403.745625
0.002834 -0.961229 118.841117
-0.000045 -0.002430 1.000000
-0.045683 -1.563246 516.443534
0.121953 -1.839549 12.591612
0.000253 -0.003794 1.000000
-0.179029 -1.050614 463.767814
-0.060179 -0.399719 -7.759212
-0.000358 -0.001858 1.000000
-0.352456 -0.858667 419.644574
-0.293426 -0.711844 170.691266
-0.000748 -0.001838 1.000000
0.046087 -1.442630 598.523344
0.051602 -1.517221 104.681296
0.000107 -0.003063 1.000000
0.139689 -1.378723 248.552808
0.014809 -0.855344 -247.471335
0.000110 -0.002843 1.000000
-0.037727 -1.365300 552.206688
-0.082930 -0.908436 108.655354
-0.000124 -0.002528 1.000000
-0.468889 -1.432002 574.455393
-0.261794 -1.272946 318.615309
-0.000619 -0.002489 1.000000
-0.477658 -1.359606 532.080131
-0.345340 -1.209004 374.358197
-0.000641 -0.002321 1.000000
-0.368956 -0.912353 344.331035
-0.397368 -0.725781 314.773786
-0.000927 -0.001519 1.000000
-0.196901 -0.029689 -230.589667
-0.529416 -0.016104 313.838096
-0.001472 -0.000230 1.000000
0.975869 -2.835060 1475.940126
0.567837 -1.813448 102.211087
0.001980 -0.005196 1.000000
2.204962 -3.758182 2436.803079
0.609798 -1.215077 -150.379126
0.003602 -0.007348 1.000000
-0.209771 -1.898830 1435.646812
0.440089 -1.723676 309.047841
0.001558 -0.004876 1.000000
-0.407506 -1.010344 470.902777
-0.259991 -0.687779 -343.701413
-0.000814 -0.001796 1.000000
0.316764 -1.791017 869.880563
0.187928 -1.213753 -444.288681
0.000542 -0.004144 1.000000
0.043173 -1.293024 710.527563
0.021987 -0.867487 24.005255
-0.000034 -0.002733 1.000000
0.048208 -1.700797 358.545013
-0.029475 -1.523657 -254.484868
0.000088 -0.003419 1.000000
0.507460 -2.278674 909.544423
0.454595 -1.624183 -388.095987
0.001239 -0.004705 1.000000
-0.376668 -1.411136 -278.603975
-0.351967 -1.226231 -34.306987
-0.000699 -0.002670 1.000000
0.693760 -2.372345 -329.950767
0.279089 -2.302219 -358.145230
0.000923 -0.004934 1.000000
-0.106831 -1.549006 1189.922234
-0.037147 -1.320238 -41.107323
-0.000147 -0.002763 1.000000
-0.314184 -0.991208 666.747775
-0.137374 -0.506675 -206.535232
-0.000554 -0.001957 1.000000
-0.043657 -1.176234 607.517716
-0.028769 -0.939581 -248.998793
-0.000186 -0.002436 1.000000
-0.384895 -1.240419 395.307356
-0.131116 -0.696589 26.880926
-0.000467 -0.002057 1.000000
-0.626584 -0.892777 125.265470
-0.310992 -0.384058 -79.592263
-0.001116 -0.001409 1.000000
-0.267374 -1.082511 495.674558
-0.221870 -0.605809 52.418410
-0.000539 -0.001928 1.000000
-1.176880 0.315643 1099.778673
-0.718142 0.360480 1767.470334
-0.002312 0.000792 1.000000
0.304348 -2.087090 -55.024258
0.411576 -2.033310 -693.855365
0.000572 -0.004354 1.000000
-0.028687 -1.424831 232.828316
0.092515 -0.991842 -140.244413
0.000108 -0.002753 1.000000
0.411845 -1.920035 501.265901
0.189480 -1.416001 -245.046367
0.000650 -0.003834 1.000000
-1.032469 -0.025244 1900.139068
-0.862811 -0.061562 245.008187
-0.002134 -0.000098 1.000000
-0.205554 -1.239121 936.620164
-0.140259 -0.571380 -208.972406
-0.000356 -0.002165 1.000000
-0.225111 -1.621138 -291.671067
-0.143121 -0.894694 129.868010
-0.000305 -0.002656 1.000000
-0.089012 -1.519312 418.075871
-0.125326 -0.778927 -220.200309
-0.000151 -0.002568 1.000000
0.152570 -1.216599 484.830192
-0.012557 -0.766616 149.765229
0.000015 -0.002317 1.000000
-0.212909 -1.570514 716.098532
-0.018398 -1.222703 -393.818906
-0.000225 -0.002694 1.000000
0.236168 -1.657145 387.212355
0.152744 -1.405488 -154.194365
0.000351 -0.003098 1.000000
