-0.134185 -0.939621 391.027480
-0.175756 -0.564277 -244.601021
-0.000390 -0.002247 1.000000
0.278622 -1.185653 783.322864
-0.050883 -0.858096 143.224545
0.000067 -0.002696 1.000000
1.596890 -4.333425 2669.030390
1.030513 -1.976419 -2512.258077
0.002852 -0.007030 1.000000
-0.185979 -0.530914 31.700123
-0.360956 -0.471273 115.622869
-0.000837 -0.001632 1.000000
-0.302546 -0.954896 284.672918
-0.239687 -0.916366 -1.425536
-0.000570 -0.002122 1.000000
-0.404614 -0.940898 778.936921
-0.323370 -0.928928 -141.212452
-0.000679 -0.002298 1.000000
-0.144360 -1.259709 861.233583
-0.042621 -1.271360 -245.252474
-0.000582 -0.002496 1.000000
1.016967 -1.864035 1701.043139
0.393596 -1.347454 -60.652342
0.001607 -0.005075 1.000000
-0.382644 -0.573417 576.423253
-0.223654 -0.645543 -411.124810
-0.000793 -0.001639 1.000000
-0.616468 -0.779270 675.374133
-0.559200 -0.734718 -15.749096
-0.001198 -0.001533 1.000000
-14.000953 21.888178 13489.659043
-11.114963 15.103046 4991.576999
-0.021695 0.032301 1.000000
0.034997 -0.997021 -47.809912
-0.226327 -1.063291 -80.273228
-0.000440 -0.002516 1.000000
-0.226247 -0.674557 577.270029
-0.313773 -0.727751 -139.522939
-0.000679 -0.002041 1.000000
-0.078067 -0.968551 522.642499
-0.244947 -0.818633 -299.178183
-0.000418 -0.002417 1.000000
-0.002158 -1.152459 623.790845
0.220942 -1.312975 -66.356111
0.000377 -0.002850 1.000000
0.316984 -1.400659 540.230652
0.336924 -1.412439 -288.630744
0.000327 -0.003174 1.000000
0.825857 -1.723646 -165.081762
0.515254 -1.495595 -740.225572
0.001471 -0.004309 1.000000
-0.353580 -0.888184 469.224489
-0.110730 -0.652033 -54.512706
-0.000625 -0.001808 1.000000
-0.054858 -0.967621 171.109876
0.026831 -0.661941 -273.904701
-0.000250 -0.002130 1.000000
-0.071856 -1.591422 403.869932
-0.027823 -1.113890 -780.219427
0.000184 -0.003093 1.000000
-0.090661 -1.484815 -27.989108
-0.114042 -1.045761 -152.652451
-0.000278 -0.002514 1.000000
-0.230851 -2.071451 -566.967088
-0.080443 -1.247714 152.284111
-0.000135 -0.003043 1.000000
0.568365 -1.716978 2086.210076
-0.012125 -1.778879 168.404471
0.000307 -0.003758 1.000000
-0.256626 -1.144209 603.409146
-0.029653 -0.950008 -208.402321
-0.000368 -0.002307 1.000000
-0.409797 -0.460350 46.672019
-0.350022 -0.297237 -96.624283
-0.000971 -0.000890 1.000000
-0.303040 -0.936249 606.790408
-0.114774 -0.780990 -102.328405
-0.000444 -0.002188 1.000000
-0.506235 -0.141266 43.195989
-0.470144 -0.177821 -334.114772
-0.001421 -0.000745 1.000000
0.374300 -1.692702 79.326672
0.339349 -1.953931 -447.890221
0.000344 -0.003687 1.000000
0.304990 -1.522418 64.435507
0.318522 -1.315274 -191.488547
0.000226 -0.003073 1.000000
0.240128 -1.001510 502.643682
0.186497 -0.923618 -342.217412
0.000291 -0.002745 1.000000
-0.034939 -2.500972 -2313.825917
0.423511 -1.718816 834.929508
0.000487 -0.004366 1.000000
-0.420298 -0.110436 -36.884066
-0.489997 -0.408419 110.026589
-0.001458 -0.000457 1.000000
-0.011113 -1.201133 1090.838913
0.040074 -1.067515 -301.582666
0.000078 -0.002910 1.000000
-0.106207 -1.132849 316.823090
-0.238010 -1.147073 -165.626055
-0.000600 -0.002338 1.000000
1.342227 -3.396097 376.696517
1.450642 -3.524673 -1163.413531
0.002365 -0.006122 1.000000
-0.448765 -0.525496 265.598473
-0.459521 -0.696123 -304.851372
-0.000961 -0.001449 1.000000
-0.047321 -1.162112 773.756981
-0.067492 -0.890739 -479.662586
-0.000402 -0.002585 1.000000
-0.164717 -1.052236 1014.568378
0.006685 -0.709196 544.520851
-0.000531 -0.002115 1.000000
-0.134013 -0.142155 110.132562
-0.374760 -0.451415 -42.125809
-0.001069 -0.001110 1.000000
-0.003942 -0.466569 341.525885
-0.075701 -0.840596 -239.615218
-0.000607 -0.002186 1.000000
-0.644215 -0.060766 71.178796
-0.381933 -0.049383 -196.821341
-0.001672 -0.000355 1.000000
0.656920 -1.669519 -607.386808
0.199699 -1.280138 -527.976812
0.000594 -0.003461 1.000000
-4.205812 5.405678 3362.462491
-4.558447 2.739267 5293.167188
-0.010952 0.011207 1.000000
0.042438 -0.907838 524.381535
-0.204233 -0.758885 -88.544091
-0.000489 -0.002077 1.000000
0.281291 -1.189734 -172.247243
0.219375 -0.863437 -413.440069
0.000059 -0.002559 1.000000
-0.389223 -0.712865 155.499907
-0.359909 -0.566071 -219.625268
-0.001035 -0.001612 1.000000
-0.677576 -0.237166 137.765109
-0.447327 -0.224720 -371.980125
-0.001309 -0.000859 1.000000
-0.208669 -1.275426 1328.033810
-0.173419 -0.669191 99.124688
-0.000477 -0.001967 1.000000
-0.573940 -0.431848 1254.851636
-0.452261 -0.492610 315.165217
-0.001043 -0.001267 1.000000
-0.282472 -1.205597 1407.870781
-0.170897 -1.012264 -317.446875
-0.000540 -0.002193 1.000000
4.509397 -7.628656 6865.776961
2.653936 -5.185738 1316.019763
0.006637 -0.014304 1.000000
-0.357935 -0.577894 851.998211
-0.273008 -0.418352 -81.647774
-0.000978 -0.001440 1.000000
-4.960614 5.958560 999.933878
-2.848734 4.128986 3882.023961
-0.006364 0.009249 1.000000
-0.213743 -0.787073 652.375996
-0.082526 -0.709109 -366.405001
-0.000506 -0.002310 1.000000
-0.411071 -0.807688 695.986047
-0.305596 -0.704807 -267.561200
-0.000801 -0.001528 1.000000
-0.635524 -0.489748 427.335857
-0.426431 -0.289733 -209.131909
-0.001184 -0.000963 1.000000
0.133167 -1.528713 1010.739888
0.284169 -0.934659 -760.077389
0.000236 -0.002980 1.000000
0.329885 -1.818488 296.138253
0.127667 -1.293823 -694.312552
0.000717 -0.003601 1.000000
0.328804 -1.652847 339.302790
0.018990 -1.217864 -485.092841
0.000059 -0.003180 1.000000
0.023254 -1.131576 668.617838
-0.133453 -1.425412 161.586116
-0.000336 -0.002749 1.000000
0.074664 -1.299015 235.429068
0.192659 -0.860674 -93.232894
0.000123 -0.002707 1.000000
-11.763700 13.368644 51.888427
-6.605810 6.884961 9706.691810
-0.016344 0.022183 1.000000
-0.039361 -0.733272 246.067539
-0.051773 -0.692427 -72.010998
-0.000489 -0.002025 1.000000
0.175538 -1.900736 999.394549
0.253472 -1.798413 -506.756253
0.000760 -0.004488 1.000000
0.187328 -1.643090 823.051993
0.242354 -0.818321 -242.048137
0.000342 -0.002675 1.000000
0.011573 -1.598333 722.436388
0.092981 -1.146644 -54.409282
0.000038 -0.002798 1.000000
0.446510 -2.503013 1230.384364
0.552612 -2.047324 -496.265982
0.001041 -0.004703 1.000000
-0.439945 -0.936856 86.431243
-0.187619 -0.569390 -243.168394
-0.000737 -0.001777 1.000000
-0.014759 -1.483887 485.565118
0.194411 -0.807094 -223.122041
0.000213 -0.002907 1.000000
-2.586253 2.525284 -1755.678765
-2.712811 2.391608 -426.726223
-0.006094 0.006566 1.000000
2.892693 -8.049545 3894.266273
4.171437 -7.309918 -660.970904
0.006912 -0.012287 1.000000
0.878660 -2.361182 2324.906763
1.358178 -2.454510 -15.085179
0.002447 -0.005608 1.000000
-0.219838 -1.155602 331.487643
0.028520 -1.043497 -152.993105
-0.000223 -0.002412 1.000000
0.234699 -1.529781 1448.313116
0.151038 -1.153218 378.130256
0.000191 -0.003135 1.000000
0.869837 -2.978075 932.302089
1.034912 -2.487876 -2248.137575
0.001640 -0.006532 1.000000
-0.353310 -0.579201 872.881638
-0.346402 -0.682686 -226.599150
-0.001090 -0.001478 1.000000
-0.012500 -2.167761 862.835399
0.368044 -1.985888 -123.591356
0.000854 -0.004540 1.000000
0.340867 -2.457778 801.929136
0.510022 -1.655111 -117.667609
0.000949 -0.004173 1.000000
-0.863205 0.050241 -226.157565
-0.766760 -0.048384 281.983194
-0.001831 -0.000335 1.000000
0.146097 -1.717458 658.177762
0.149074 -1.229341 36.779062
0.000306 -0.002762 1.000000
0.069807 -2.070646 570.664802
0.278367 -1.531649 -44.444996
0.000240 -0.003175 1.000000
0.089305 -1.831677 645.043461
0.209822 -1.483922 82.446001
0.000300 -0.003158 1.000000
0.025025 -1.442653 453.756244
-0.055161 -1.106067 138.712030
-0.000132 -0.002387 1.000000
-2.433982 1.528681 -770.125856
-1.584403 0.955649 114.128104
-0.003961 0.002716 1.000000
0.222234 -0.459723 257.943057
-0.179108 0.264403 61.050329
-0.000532 -0.000827 1.000000
0.282339 0.335527 169.964615
-0.320384 1.116006 31.916649
-0.000868 0.000405 1.000000
-0.779944 -0.207251 181.324168
-0.709555 -0.266638 403.410160
-0.001497 -0.000537 1.000000
-1.159662 0.036024 244.929000
-0.891727 -0.043851 453.474011
-0.001942 -0.000126 1.000000
0.591676 -0.232379 200.604655
-0.109226 0.676067 19.546853
-0.000259 -0.000517 1.000000
1.252618 -2.307465 735.552931
0.941680 -1.631542 -69.688946
0.001881 -0.004057 1.000000
0.963654 -1.892150 739.808379
0.563918 -1.235931 0.533207
0.001256 -0.003452 1.000000
0.131180 -1.231726 482.753803
0.042824 -0.923354 255.539520
0.000068 -0.002269 1.000000
0.395268 -1.765503 562.007168
0.331570 -1.562356 216.680057
0.000658 -0.003270 1.000000
0.957817 0.138450 4.010101
-0.138262 1.108754 25.639424
-0.000183 0.000167 1.000000
1.269404 0.054734 -133.926929
0.074241 1.237596 -62.328829
0.000242 0.000040 1.000000
1.426665 -1.220616 -1.875660
0.467624 -0.558215 292.480570
0.000760 -0.002477 1.000000
1.000000 -0.000000 -0.000000
-0.000000 1.000000 -0.000000
-0.000000 -0.000000 1.000000
0.674478 -0.356754 175.854769
0.044755 0.380352 226.222334
0.000050 -0.000682 1.000000
0.524671 -0.547042 226.526910
0.012514 0.030893 285.083623
-0.000033 -0.001084 1.000000
-0.188953 -1.305285 517.106062
-0.042917 -1.134876 180.191114
-0.000249 -0.002359 1.000000
0.051615 -2.123922 588.927331
0.302344 -2.241888 158.860662
0.000331 -0.003729 1.000000
0.391153 -2.727791 871.742591
0.601736 -2.121661 -424.215212
0.000809 -0.004139 1.000000
0.241754 -1.896429 599.581257
0.377298 -1.556712 -342.293191
0.000527 -0.003476 1.000000
0.097858 -1.761105 1004.878260
0.241433 -1.309965 14.172148
0.000346 -0.002814 1.000000
-0.423185 -1.078105 328.542883
-0.274841 -0.782528 -41.261622
-0.000779 -0.001884 1.000000
-0.561426 -0.673360 405.063959
-0.305290 -0.691284 -32.933564
-0.000924 -0.001743 1.000000
-0.394405 -1.158715 -114.603603
-0.263634 -0.783303 315.092357
-0.000773 -0.002329 1.000000
-0.182513 -1.398534 625.929884
0.010968 -1.133607 83.415573
-0.000118 -0.002539 1.000000
0.100920 -1.349233 293.390575
-0.161278 -0.947194 -23.411600
-0.000317 -0.002250 1.000000
0.377005 -2.143378 615.471534
0.370244 -1.534873 37.545391
0.000619 -0.003504 1.000000
0.446762 -2.133427 644.270304
0.337757 -1.422622 -203.628736
0.000984 -0.003908 1.000000
0.784089 -4.778624 1612.630847
1.896256 -5.152204 -398.577431
0.003160 -0.009000 1.000000
-0.185643 -1.158434 478.390410
-0.143689 -0.619300 132.247168
-0.000357 -0.001995 1.000000
-0.634292 -0.529052 928.869150
-0.516316 -0.318694 -122.633607
-0.001370 -0.000972 1.000000
-0.189227 -1.076272 67.227342
0.008997 -0.741199 -392.932842
-0.000450 -0.002269 1.000000
-64.247383 -49.412169 24772.212794
-16.972756 -88.388617 12764.466453
-0.039825 -0.083923 1.000000
0.410299 -1.379541 419.475459
0.123953 -0.861050 302.249872
0.000209 -0.002418 1.000000
1.099670 -0.691234 139.271114
0.420152 0.297828 6.332035
0.000766 -0.001479 1.000000
0.461311 -0.918507 329.774531
0.238484 -0.369348 107.060267
0.000228 -0.001929 1.000000
-1.540652 -2.588254 1088.580780
-0.678923 -3.530146 610.943465
-0.001055 -0.004766 1.000000
0.059456 -1.239206 388.913119
-0.053784 -1.099392 186.634468
-0.000186 -0.002464 1.000000
0.353812 -1.387872 425.746288
0.237948 -1.004490 83.910971
0.000343 -0.002653 1.000000
0.323553 -1.856309 519.579207
-0.011815 -1.399502 165.982080
0.000279 -0.003177 1.000000
1.174935 -3.196677 218.819610
0.918906 -2.657522 -215.465455
0.001449 -0.005267 1.000000
0.812681 -2.635639 285.303120
0.626771 -2.030145 -217.271380
0.001026 -0.004471 1.000000
0.266677 -2.381445 835.108205
0.266017 -2.183174 -157.077632
0.000570 -0.004376 1.000000
-0.165251 -1.224103 537.087347
0.030901 -0.882954 117.170832
-0.000125 -0.002205 1.000000
-0.081527 -0.857982 353.074335
-0.067466 -0.927122 117.616608
-0.000235 -0.002020 1.000000
-0.174442 -1.363952 429.786279
0.004768 -1.677936 126.749302
-0.000175 -0.002937 1.000000
-0.011254 -1.372273 560.225644
0.084874 -1.331180 134.929642
0.000101 -0.002740 1.000000
0.477571 -1.859725 980.619435
1.142811 -2.479588 -819.218128
0.001780 -0.005464 1.000000
0.270749 -1.569690 -189.787361
0.250129 -1.289880 -1202.297056
0.000429 -0.003545 1.000000
0.022598 -1.067842 318.951202
-0.018040 -1.142869 171.502707
-0.000212 -0.002362 1.000000
-0.002245 -1.908209 364.159771
-0.243300 -1.754498 111.736547
-0.000299 -0.003248 1.000000
0.200820 -1.703865 311.116014
0.094878 -1.253566 -115.111935
0.000055 -0.003003 1.000000
0.020852 -1.211193 420.557528
-0.032835 -1.090817 241.054132
-0.000199 -0.002348 1.000000
-0.350411 -1.137297 458.474102
-0.283885 -1.036597 300.444302
-0.000543 -0.002000 1.000000
-0.156171 -1.161803 383.165056
-0.141913 -1.051794 241.433647
-0.000436 -0.002191 1.000000
-0.530873 -1.045997 351.424261
-0.271460 -0.643741 -4.408428
-0.000846 -0.001600 1.000000
-0.073700 -1.467576 193.104298
0.010398 -0.799890 -188.503462
-0.000374 -0.002360 1.000000
1.110373 -3.671245 583.326934
0.615444 -1.646609 -1473.818464
0.002012 -0.005349 1.000000
0.786711 -2.236438 1412.368838
0.701779 -1.774483 -793.666040
0.001688 -0.005355 1.000000
-0.232607 -0.916924 782.169036
-0.159354 -0.759751 -132.196502
-0.000544 -0.002054 1.000000
-0.706169 -1.097031 433.725287
-0.296109 -0.740977 -221.788905
-0.000821 -0.001745 1.000000
-0.000065 -1.558991 566.689175
-0.041461 -0.999434 -95.057425
0.000003 -0.002895 1.000000
-0.142750 -1.057245 978.246682
-0.105767 -0.639203 -29.800982
-0.000373 -0.001980 1.000000
-5.899766 5.428869 -11464.338257
-6.629930 8.613916 464.128604
-0.012873 0.016646 1.000000
-0.063357 -1.301544 494.777202
-0.124080 -0.958857 -393.194008
-0.000296 -0.002666 1.000000
-0.006084 -1.209130 61.378673
0.078132 -1.094208 -168.775160
0.000023 -0.002619 1.000000
0.201797 -2.203861 -161.208967
-0.004015 -1.213611 -106.681586
0.000017 -0.003189 1.000000
0.319005 -2.114243 323.780313
0.013235 -1.237606 -396.801900
-0.000070 -0.003244 1.000000
-0.788521 -1.043781 609.610282
-0.335617 -0.428706 1089.497523
-0.001089 -0.001555 1.000000
0.360582 -3.203738 -221.963512
0.219370 -1.716141 220.267133
-0.000048 -0.003840 1.000000
-0.403039 -0.948351 -96.752533
-0.229196 -0.428797 241.358989
-0.000777 -0.001509 1.000000
-0.659818 -1.381333 1402.365496
-0.125769 -0.606974 166.843735
-0.000635 -0.002006 1.000000
-0.313127 -2.045494 826.219497
-0.027478 -1.855702 252.515626
-0.000098 -0.003619 1.000000
0.104184 -1.713156 538.186904
0.026701 -1.017956 -62.262271
0.000304 -0.003334 1.000000
-0.838125 -0.621588 3693.289212
-0.402802 -0.367426 133.297292
-0.001246 -0.001163 1.000000
-0.274847 -1.345891 831.815459
-0.131504 -0.854371 -455.403724
-0.000369 -0.002197 1.000000
0.312178 -1.994719 -210.662040
0.416682 -2.031338 154.363062
0.000685 -0.003968 1.000000
0.679719 -2.105591 -8.653201
0.921001 -2.602744 -205.501930
0.001318 -0.005057 1.000000
0.039237 -1.537903 471.783018
0.003255 -1.021297 -0.748239
0.000064 -0.002943 1.000000
0.403961 -3.214544 770.859549
0.445752 -2.983420 -100.166256
0.001001 -0.006014 1.000000
-0.266149 -0.474867 244.096718
-0.283023 -0.505050 -233.087414
-0.000884 -0.001549 1.000000
-0.359479 -0.432917 -754.744751
-0.310564 -0.721824 -5.276465
-0.000791 -0.001669 1.000000
-0.225712 -0.566286 -662.309663
-0.247861 -0.484811 -151.712156
-0.000772 -0.001651 1.000000
0.557222 -1.760961 -427.403583
0.177076 -1.772546 -498.194463
0.000510 -0.003789 1.000000
-0.095156 -0.789809 -204.271837
-0.105308 -0.651208 24.796976
-0.000265 -0.002255 1.000000
-0.061416 -1.728692 388.294420
0.023032 -1.373661 -89.691078
-0.000175 -0.003404 1.000000
0.448444 -2.399676 274.158631
0.624858 -2.378402 -448.683350
0.000914 -0.004836 1.000000
-0.142023 -1.622288 811.889611
0.025674 -1.554544 118.482253
-0.000059 -0.002753 1.000000
3.842250 -6.881636 -2723.992040
2.986456 -7.224297 -1173.287604
0.004696 -0.012792 1.000000
0.472620 -1.897615 -49.207818
0.224387 -1.531699 -469.153562
0.000372 -0.003595 1.000000
0.484779 -1.955150 2625.018307
0.261043 -1.779455 -984.583382
0.000647 -0.004633 1.000000
-0.326832 -0.258049 -178.754788
-0.355126 -0.374894 9.033211
-0.001100 -0.001359 1.000000
-0.280599 -0.399259 -131.510895
-0.355827 -0.316428 -22.914922
-0.001025 -0.001165 1.000000
-0.188601 -1.394563 313.194089
-0.255129 -1.523336 118.861314
-0.000481 -0.002816 1.000000
-0.391998 -1.471462 434.784172
-0.232884 -1.652821 59.494510
-0.000399 -0.003155 1.000000
-0.341815 -0.539809 44.747497
-0.311993 -0.525745 69.146124
-0.000959 -0.001324 1.000000
-0.312412 -0.368719 -1007.447309
-0.422181 -0.479366 -211.681486
-0.001087 -0.001096 1.000000
-0.266933 -0.810050 85.221328
-0.320124 -0.992521 87.267453
-0.000789 -0.002076 1.000000
-0.549388 -0.743811 511.611613
-0.488689 -0.629102 -129.137723
-0.000901 -0.001804 1.000000
-0.258548 -1.490230 777.907717
-0.040793 -1.325726 18.897034
-0.000312 -0.002826 1.000000
0.039114 -1.760997 496.379935
-0.060703 -1.278777 121.673783
-0.000118 -0.003109 1.000000
-0.225408 -1.670261 417.615335
-0.017342 -1.233768 3.135350
-0.000364 -0.002769 1.000000
-0.502047 -0.646981 -3.107147
-0.340697 -0.379105 123.894750
-0.001042 -0.001202 1.000000
-0.400863 -0.472463 39.574636
-0.362117 -0.398887 57.484973
-0.000953 -0.001162 1.000000
-0.657081 -0.485078 -80.505251
-0.340588 -0.369020 -357.063483
-0.001246 -0.001300 1.000000
-0.014293 -2.286765 1329.208421
0.060462 -2.580907 -77.348476
0.000251 -0.004694 1.000000
1.771005 -4.162122 332.278072
1.086092 -3.322690 -1469.173493
0.003807 -0.009067 1.000000
2.086290 -6.083755 -1445.472912
1.247597 -3.697071 -1786.914740
0.003748 -0.008671 1.000000
-0.283345 -0.594665 -812.730600
-0.260360 -0.670045 34.954298
-0.001017 -0.001684 1.000000
-0.015162 -1.303897 25.986623
-0.161580 -0.978457 -168.304113
-0.000408 -0.002378 1.000000
-0.225614 -1.336437 357.323362
0.054572 -1.665186 -81.108716
-0.000365 -0.003022 1.000000
1.791677 -2.143504 989.058803
1.616878 -3.621981 -1252.111352
0.003812 -0.008703 1.000000
-0.626300 -0.409111 1186.865915
-0.515430 -0.567575 854.470115
-0.001093 -0.000962 1.000000
4.959158 -13.069032 2128.211261
13.891014 -25.047212 -11972.428646
0.022520 -0.038817 1.000000
0.327592 -1.925745 1307.434153
0.415972 -2.419727 45.045578
0.000779 -0.004690 1.000000
-1.026484 0.299908 46.095903
-0.700697 0.362393 1206.931033
-0.002033 0.000668 1.000000
-0.458619 -0.211407 -189.740844
-0.453433 -0.329270 220.749756
-0.001344 -0.000554 1.000000
1.740143 -3.744449 -1922.404915
0.852139 -2.714447 -1784.982540
0.002391 -0.006105 1.000000
-1.722666 1.782129 365.317756
-1.193845 1.253277 2769.724184
-0.003525 0.002999 1.000000
-0.026065 -1.900497 1314.222941
0.054739 -0.745323 -167.336109
0.000292 -0.002993 1.000000
-1.618547 0.523689 -228.144629
-0.923307 0.168316 1411.758256
-0.002821 0.001244 1.000000
-0.123353 -1.773403 1144.291353
0.062076 -1.179282 -139.480007
-0.000148 -0.002870 1.000000
0.215845 -3.478665 682.438634
0.416475 -1.650777 -1078.455767
0.000711 -0.004369 1.000000
-0.545558 -0.677597 1304.344190
-0.411868 -0.621930 -98.095907
-0.000827 -0.001377 1.000000
-2.483827 1.696973 -541.667733
-1.822455 1.950594 3180.646287
-0.004696 0.004555 1.000000
6.172951 -12.358668 -7681.250180
2.304226 -5.604834 -5197.477908
0.009472 -0.019425 1.000000
-0.494594 -0.859681 851.002473
-0.400246 -0.632606 77.395612
-0.000847 -0.001499 1.000000
14.450452 -27.554256 5373.070775
10.250494 -17.641546 -9620.006597
0.030602 -0.042225 1.000000
-0.351531 -0.980676 524.947784
-0.133590 -0.588615 -44.632885
-0.000595 -0.001739 1.000000
-0.664316 -0.419460 2052.468786
-0.733507 -0.505814 623.765202
-0.001477 -0.000839 1.000000
-1.787000 1.145727 -2708.489737
-3.022202 3.511338 1821.654827
-0.006150 0.006849 1.000000
-0.689151 -0.630420 929.900584
-0.439853 -0.574914 151.913392
-0.001069 -0.001035 1.000000
-0.650386 -1.180155 1102.811920
-0.093081 -0.446525 120.523187
-0.000836 -0.001495 1.000000
-1.805175 1.621967 -680.189424
-1.052733 0.844317 -1098.067360
-0.003405 0.002508 1.000000
-3.754500 3.229654 -1083.030748
-1.292867 0.690372 1075.308460
-0.006299 0.004773 1.000000
0.180743 -1.254020 561.073881
0.091907 -1.534309 -180.148857
0.000163 -0.003383 1.000000
1.831922 -4.634931 326.217015
1.457966 -3.428844 -2361.350698
0.003079 -0.008073 1.000000
-0.279163 -1.277139 971.792208
-0.244839 -0.782945 -32.310341
-0.000558 -0.002115 1.000000
-0.815984 -0.110696 -24.654382
-0.807976 0.426735 710.905752
-0.001892 0.000565 1.000000
-0.457010 -1.111609 449.904163
-0.231963 -0.766856 -254.915201
-0.000733 -0.002030 1.000000
-0.053545 -1.460006 1154.336606
0.078596 -1.131187 -52.905785
0.000056 -0.002915 1.000000
-0.263384 -0.961557 353.627137
-0.210293 -0.773843 5.303487
-0.000542 -0.002028 1.000000
-0.635305 -0.859099 1187.707203
-0.188387 -0.545539 -90.592207
-0.000881 -0.001714 1.000000
-0.406135 -0.871697 687.937137
-0.264251 -0.719912 -171.790940
-0.000704 -0.001894 1.000000
-0.197978 -0.878313 34.153795
-0.171055 -0.698386 -179.246117
-0.000523 -0.002081 1.000000
-0.568755 -0.871893 923.374537
-0.244322 -0.559429 -293.549729
-0.000902 -0.001463 1.000000
-0.477384 -0.946516 867.595837
-0.318927 -0.549524 3.190218
-0.000929 -0.001622 1.000000
-0.543986 -1.174908 312.035388
-0.280639 -0.980737 -243.400622
-0.000709 -0.002116 1.000000
-0.307186 -1.371301 -248.617849
-0.090592 -1.182035 0.489244
-0.000345 -0.002438 1.000000
-0.589746 -0.966717 957.927045
-0.195020 -0.435121 -79.726446
-0.000833 -0.001572 1.000000
-0.276421 -0.879469 908.280281
-0.123197 -0.712033 14.594493
-0.000705 -0.001845 1.000000
0.009430 -1.759910 1497.995592
0.235905 -0.929818 -591.999081
0.000407 -0.003276 1.000000
-0.403923 -0.988705 682.898376
-0.215192 -0.572032 -173.468963
-0.000604 -0.001805 1.000000
0.079178 -1.694747 1050.792876
0.033292 -0.839236 -88.883002
-0.000101 -0.002549 1.000000
-0.427871 -0.331568 1161.740885
-0.480968 -0.528746 159.244524
-0.001228 -0.001144 1.000000
-0.150890 -1.117651 1193.514765
-0.209233 -0.794018 -489.689741
-0.000411 -0.002107 1.000000
-0.933194 -0.297859 1532.955386
-0.478607 -0.036270 121.787343
-0.001587 -0.000370 1.000000
-0.512048 -1.243474 1083.983344
-0.123419 -0.620442 54.862964
-0.000663 -0.001853 1.000000
-0.820396 0.000945 1249.544847
-0.502228 -0.079065 -179.970522
-0.001530 -0.000287 1.000000
0.129110 -1.590457 390.720378
0.184004 -1.124587 -305.135628
0.000280 -0.003188 1.000000
-0.266885 -1.377354 666.162905
0.047939 -0.862042 -260.091976
-0.000353 -0.002361 1.000000
-0.406828 -0.869963 544.558522
-0.312554 -0.700225 -425.042257
-0.000865 -0.001637 1.000000
-0.263608 -1.006398 1003.121922
-0.223600 -1.137784 167.776957
-0.000409 -0.002381 1.000000
-0.056403 -1.705715 369.815043
0.021998 -1.022914 -186.193254
-0.000020 -0.002484 1.000000
0.375833 -1.937999 1114.771600
0.463307 -1.962869 -28.231619
0.000768 -0.003872 1.000000
-0.415951 -0.720707 569.593828
-0.232899 -0.327006 -6.532768
-0.000926 -0.001347 1.000000
0.532219 -2.057227 -515.484502
0.294521 -1.466248 -319.068038
0.000937 -0.003908 1.000000
-0.445231 -0.953740 511.439974
-0.325126 -0.944857 -52.864346
-0.000701 -0.001958 1.000000
-0.260335 -0.657030 832.234181
-0.118011 -0.877983 -47.915013
-0.000663 -0.001884 1.000000
4.537496 -11.865954 2186.170978
4.893018 -11.121637 -5199.910531
0.010543 -0.022968 1.000000
0.746097 -1.949567 -421.124379
0.694116 -1.945578 -303.040034
0.001296 -0.004093 1.000000
26.340183 -38.095513 -12816.591473
22.732580 -42.369288 -19851.640132
0.037901 -0.080074 1.000000
-0.387371 -1.029016 584.120614
-0.456276 -1.422058 215.220314
-0.000802 -0.002245 1.000000
0.000970 -1.165810 649.076416
0.062508 -1.789092 -212.113945
0.000013 -0.003276 1.000000
-0.320542 -1.098090 -257.368191
-0.188024 -1.172052 -234.584536
-0.000511 -0.002232 1.000000
-0.817314 -0.875565 -240.885887
-0.386425 -0.445099 63.533167
-0.001161 -0.001220 1.000000
0.072952 -0.994429 -113.406275
0.165708 -0.605299 -274.810480
0.000092 -0.002649 1.000000
0.997964 -2.646741 846.305500
0.429259 -1.497052 -1010.835303
0.001928 -0.005307 1.000000
0.249622 -1.990289 519.910708
0.173939 -1.450422 -174.986635
0.000332 -0.003372 1.000000
0.870472 -2.212888 608.440005
0.849231 -2.616816 -471.773294
0.001556 -0.005547 1.000000
3.970403 -7.602634 -12669.471436
2.428913 -5.909570 -3015.799426
0.006518 -0.012158 1.000000
0.076563 -1.666504 473.160243
0.198208 -1.429076 -85.318654
0.000165 -0.002938 1.000000
0.178039 -1.258897 527.679901
0.128158 -2.002145 59.913457
0.000068 -0.003457 1.000000
-0.356774 -0.942484 570.988091
-0.053316 -1.040417 -308.917540
-0.000514 -0.002404 1.000000
0.336313 -1.948053 -526.189791
0.574694 -2.371779 226.732503
0.001017 -0.004150 1.000000
0.442491 -2.560207 33.780805
0.519293 -2.808074 10.834754
0.000737 -0.004788 1.000000
0.385239 -1.972796 -371.057140
0.195490 -1.309179 -60.875799
0.000400 -0.003674 1.000000
0.722803 -3.056200 637.028868
0.773895 -2.549615 -889.319186
0.001264 -0.005320 1.000000
0.260578 -2.094441 670.391969
0.334123 -2.286604 -33.745995
0.000642 -0.004435 1.000000
-0.033721 -1.494401 479.175547
-0.028491 -0.786991 46.288670
-0.000189 -0.002491 1.000000
-0.441716 -1.432043 681.031066
0.073872 -1.235451 -92.680418
-0.000254 -0.002689 1.000000
-0.517198 -0.572854 60.430640
-0.438086 -0.527711 -95.143209
-0.001099 -0.001215 1.000000
-0.904438 0.264345 1261.810520
-0.708287 0.189517 544.099465
-0.001873 0.000055 1.000000
-4.839257 6.187851 3236.810890
-2.923873 4.848009 7111.260988
-0.008948 0.013234 1.000000
-0.047828 -1.860603 556.675024
0.167602 -1.264881 -337.335400
0.000056 -0.003081 1.000000
-0.026218 -1.368172 71.346841
0.110086 -0.776548 -533.299506
0.000105 -0.002880 1.000000
-0.252637 -0.938105 -13.756650
-0.129615 -0.681111 -133.311049
-0.000264 -0.001899 1.000000
-0.131631 -1.842235 2543.274894
0.036003 -1.309251 -1705.293007
0.000287 -0.003633 1.000000
0.186689 -1.796731 285.790863
0.709426 -2.034035 -493.759549
0.000606 -0.004083 1.000000
-0.920403 -0.826723 488.873217
-0.476227 -0.377403 56.461180
-0.001350 -0.001030 1.000000
-0.421470 -0.618890 341.505123
-0.309276 -0.454031 -138.992631
-0.000937 -0.001414 1.000000
0.041483 -0.631515 426.355120
-0.013705 -1.175392 85.749893
-0.000402 -0.002259 1.000000
