-0.437623 -1.017177 296.104323
-0.182171 -0.413237 -405.198051
-0.000554 -0.001520 1.000000
-0.508981 -0.552249 -236.404600
-0.263262 -0.311720 -223.872047
-0.000999 -0.001284 1.000000
-0.004105 -1.085439 -30.273502
-0.053319 -0.713373 -23.914261
0.000151 -0.002568 1.000000
0.277999 -1.197691 -154.145769
0.156562 -0.835537 125.108768
0.000308 -0.002850 1.000000
0.044385 -1.207587 163.373239
0.303877 -1.248481 -372.558378
0.000430 -0.003691 1.000000
-0.306441 -0.426434 -0.378356
-0.239993 -0.362411 -5.866489
-0.000860 -0.001243 1.000000
-0.181152 -0.659926 150.403792
-0.123662 -0.507677 -33.908712
-0.000384 -0.001779 1.000000
-0.138835 -0.810358 46.436517
-0.050569 -0.622160 -239.892261
-0.000194 -0.002295 1.000000
-0.026302 -0.939589 621.827609
-0.082679 -0.708960 -168.947949
-0.000054 -0.002232 1.000000
0.711822 -2.544849 2004.567924
0.383548 -0.938969 -581.781391
0.001315 -0.003846 1.000000
-0.038223 -1.343729 569.094134
0.198035 -1.152014 -451.235664
0.000043 -0.002878 1.000000
0.063674 -0.991022 -148.064623
-0.062793 -0.520110 -334.362856
-0.000081 -0.002319 1.000000
1.073928 -2.692734 469.937748
0.379924 -1.021213 -725.759086
0.001142 -0.003859 1.000000
-0.150670 -0.689368 146.395293
-0.018729 -0.517674 -128.369298
-0.000337 -0.001792 1.000000
-0.001498 -0.755120 468.555042
-0.195298 -0.765717 91.627627
-0.000285 -0.001973 1.000000
-0.051479 -1.091954 668.676050
-0.011836 -1.026601 -307.923710
-0.000014 -0.002916 1.000000
0.065198 -1.385394 324.455609
0.058083 -0.914393 -248.967711
0.000351 -0.002892 1.000000
-0.002097 -0.857294 195.049408
-0.015603 -0.525920 -281.644888
-0.000128 -0.002090 1.000000
-0.066176 -0.766531 222.181277
-0.138379 -0.542796 -142.895784
-0.000215 -0.001983 1.000000
-0.178255 -1.053452 532.615521
-0.194396 -0.629700 -315.436407
-0.000383 -0.002110 1.000000
-0.181517 -0.547699 187.405137
-0.225987 -0.522450 -76.819755
-0.000532 -0.001603 1.000000
-0.347332 -1.021673 26.256201
-0.186455 -0.672935 116.401623
-0.000635 -0.001629 1.000000
-1.470705 0.889393 -3392.507377
-0.845265 0.310208 -1733.067370
-0.002812 0.001455 1.000000
-0.053444 -1.154795 303.478791
-0.065091 -0.556940 -258.470951
-0.000223 -0.002185 1.000000
-0.170940 -0.563364 287.136894
-0.235327 -0.391623 -68.055626
-0.000645 -0.001525 1.000000
-0.392465 -0.913435 587.958157
-0.388988 -0.576951 -234.030574
-0.000750 -0.001661 1.000000
-0.329178 -0.781553 35.966433
-0.166478 -0.688958 172.431637
-0.000558 -0.001774 1.000000
0.221949 -1.210941 -170.249014
0.227520 -1.125466 -180.330261
0.000470 -0.003108 1.000000
-0.125706 -0.680811 293.355722
-0.086839 -0.469697 13.725337
-0.000337 -0.001788 1.000000
-0.093044 -0.840627 536.170757
-0.134345 -0.673860 -26.538510
-0.000312 -0.001919 1.000000
0.871599 -2.290585 783.972178
0.596056 -1.599197 -865.534644
0.001271 -0.005197 1.000000
-0.202676 -0.679544 159.158094
-0.199646 -0.558670 -271.080204
-0.000588 -0.001740 1.000000
-0.443615 -0.262336 2.142369
-0.380127 -0.163155 -261.915476
-0.001187 -0.000827 1.000000
-0.112198 -1.033214 364.463362
-0.103069 -0.701231 -477.088516
-0.000457 -0.002261 1.000000
0.081648 -1.120094 143.220639
-0.091821 -0.952352 -132.079062
-0.000096 -0.002479 1.000000
-0.327605 -0.560268 333.820052
-0.300735 -0.491775 -160.592940
-0.000841 -0.001586 1.000000
0.079277 -1.146870 -356.648298
-0.088425 -0.769751 -210.354817
0.000001 -0.002508 1.000000
-4.331207 4.747255 511.038541
-4.937496 5.495271 7312.694426
-0.012280 0.013865 1.000000
-0.433661 -0.613700 -78.865300
-0.241563 -0.385926 -113.303893
-0.000854 -0.001403 1.000000
0.779532 -1.687860 -1178.520210
0.340503 -0.806703 -512.417055
0.001062 -0.003360 1.000000
0.098773 -1.410342 1041.143488
-0.002780 -0.618634 -400.779715
-0.000096 -0.002704 1.000000
0.510242 -1.667504 8.914483
0.115575 -1.032490 -665.543422
0.000581 -0.003461 1.000000
-0.128379 -0.752122 213.990945
-0.110816 -0.468518 -101.907391
-0.000401 -0.001818 1.000000
-0.147685 -0.692932 40.525309
-0.142666 -0.751968 1.310526
-0.000404 -0.002051 1.000000
0.107114 -0.704671 202.881028
-0.096086 -0.633093 -75.068331
-0.000237 -0.001964 1.000000
0.166185 -1.486090 -329.575103
0.138628 -0.932530 -296.093033
0.000247 -0.003016 1.000000
2.821146 -4.663722 3359.875361
2.582079 -3.852446 -1908.556925
0.007851 -0.013971 1.000000
-0.087733 -1.081121 224.240793
-0.091888 -0.471027 -181.597777
-0.000432 -0.002003 1.000000
0.407940 -1.714453 444.762121
0.192119 -1.051585 -335.185506
0.000365 -0.002974 1.000000
0.209991 -1.481011 -360.623045
0.124530 -0.696497 -1000.510787
0.000095 -0.002836 1.000000
0.736020 -2.070341 991.321207
0.088932 -0.935118 -394.615213
0.000743 -0.003610 1.000000
-0.304671 -0.814822 1180.290090
-0.265256 -0.529060 230.349656
-0.000748 -0.001678 1.000000
-0.142631 -0.812406 481.977306
-0.074310 -0.257675 -172.294605
-0.000435 -0.001554 1.000000
0.449468 -1.470677 659.633082
0.114758 -0.835394 -647.045776
0.000265 -0.002891 1.000000
0.433065 -1.818902 363.015063
0.099587 -0.822749 -351.529583
0.000489 -0.003279 1.000000
-0.169483 -1.087028 6.602391
-0.183254 -0.606598 -81.454299
-0.000450 -0.001956 1.000000
-0.087396 -1.000894 121.686986
-0.149262 -0.563793 -193.113115
-0.000327 -0.002043 1.000000
0.196248 -1.295041 760.714502
0.029051 -0.636109 -219.433279
0.000006 -0.002436 1.000000
-0.030432 -1.144267 140.808416
-0.070327 -1.120838 -128.714337
-0.000066 -0.002681 1.000000
-0.013813 -1.286520 114.594715
0.074456 -0.956501 -254.788179
0.000015 -0.002809 1.000000
-0.049983 -0.832715 -48.727669
0.027188 -0.727202 -242.268224
-0.000301 -0.002090 1.000000
-0.085694 -1.043879 219.458089
-0.111465 -0.664689 -162.488014
-0.000241 -0.002046 1.000000
-0.129326 -0.712783 47.335797
-0.111187 -0.450920 -0.281696
-0.000583 -0.001644 1.000000
0.029444 -1.267407 509.344148
-0.061196 -0.830604 -158.211552
-0.000351 -0.002323 1.000000
0.737366 -2.238825 188.192696
0.472987 -1.522670 -676.616099
0.000950 -0.004528 1.000000
-0.036295 -0.928264 468.205858
-0.014775 -0.625936 -221.408366
-0.000357 -0.002032 1.000000
-0.140090 -1.068206 243.246324
-0.210782 -0.761479 50.478496
-0.000363 -0.001999 1.000000
0.160003 -1.094715 233.960125
-0.105985 -0.537073 -103.782516
-0.000168 -0.002066 1.000000
0.094453 -1.238934 -52.109148
0.044666 -0.773828 -436.346973
0.000206 -0.003115 1.000000
-0.034876 -1.318297 471.034902
-0.034273 -0.789865 -15.032867
-0.000055 -0.002283 1.000000
0.437024 -1.568274 326.603033
0.340910 -1.128695 -318.326694
0.000678 -0.002991 1.000000
-0.066646 -1.067152 670.765847
-0.131618 -0.751495 -20.767698
-0.000322 -0.002055 1.000000
-0.209351 -0.537599 -26.082580
-0.148115 -0.329060 -120.093551
-0.000791 -0.001446 1.000000
-0.382933 -0.854643 349.725055
-0.239682 -0.536181 -173.097080
-0.000547 -0.001659 1.000000
-0.155572 -1.065232 448.091587
-0.178224 -0.770168 -256.527978
-0.000419 -0.002119 1.000000
0.030867 -1.081098 802.168262
-0.122166 -0.807632 -236.046189
-0.000240 -0.002502 1.000000
-0.651903 -0.409387 -142.762838
-0.355824 -0.379011 -51.379103
-0.001330 -0.000984 1.000000
-0.122246 -0.728518 170.885966
-0.162728 -0.573016 -189.319365
-0.000466 -0.001813 1.000000
-0.150470 -1.018703 377.512126
-0.309625 -0.829575 -88.321651
-0.000531 -0.002117 1.000000
0.044085 -1.364890 539.963047
-0.000444 -0.860403 -15.039335
0.000082 -0.002547 1.000000
0.071737 -1.265234 358.174889
-0.112204 -0.776557 30.793074
-0.000083 -0.002267 1.000000
-0.007984 -1.204519 445.875874
-0.081820 -0.739271 -70.992097
-0.000180 -0.002202 1.000000
-0.196538 -1.582977 381.705546
-0.305814 -1.136854 92.508664
-0.000359 -0.002578 1.000000
0.166921 -1.174703 175.173839
-0.098095 -0.487787 -208.326987
-0.000083 -0.002378 1.000000
-0.073440 -0.746062 -27.781497
0.060929 -0.596930 -102.775029
-0.000007 -0.002388 1.000000
0.432067 -1.565950 -555.375617
0.609691 -1.418513 -459.623973
0.001469 -0.004650 1.000000
-0.229667 -1.297066 690.295153
-0.122894 -0.740619 -93.422940
-0.000410 -0.002057 1.000000
0.185438 -1.414882 274.451924
0.069710 -0.843549 -111.320941
-0.000021 -0.002508 1.000000
-0.043789 -0.821874 132.236271
0.093291 -0.546583 -40.288225
0.000119 -0.002369 1.000000
0.534798 -2.676685 228.488379
0.187408 -1.289682 -194.285418
0.000617 -0.003736 1.000000
0.086654 -1.564704 438.199820
0.037359 -0.871345 -306.835159
0.000061 -0.002677 1.000000
0.117368 -1.837055 207.900939
0.221076 -1.295469 -249.895135
0.000401 -0.003408 1.000000
0.145982 -2.264043 703.891116
0.271301 -1.371797 -329.529857
0.000686 -0.003679 1.000000
0.105392 -1.224071 244.843078
0.014084 -0.819003 -216.844792
0.000018 -0.002639 1.000000
0.014040 -0.575883 130.492053
-0.069364 -0.282328 -30.251067
-0.000280 -0.001754 1.000000
0.173961 -1.600244 842.526684
0.158890 -0.954180 -254.432681
0.000309 -0.002868 1.000000
-0.253632 -0.950344 298.282808
-0.145092 -0.659994 7.482926
-0.000530 -0.001865 1.000000
0.074035 -1.265452 477.236456
0.018833 -1.042320 -41.875055
-0.000133 -0.002574 1.000000
0.300028 -1.815305 730.829986
0.071926 -1.077330 -20.578433
0.000204 -0.002905 1.000000
0.067151 -1.761326 685.016426
0.075114 -1.186524 -44.961292
0.000316 -0.002990 1.000000
0.178332 -1.693460 290.096880
0.037136 -1.049402 -96.300186
0.000084 -0.002865 1.000000
0.226208 -1.452718 413.988218
-0.117323 -1.220175 -105.060846
-0.000059 -0.002836 1.000000
0.197588 -1.436183 482.012904
-0.062867 -1.053686 -49.297881
-0.000087 -0.002548 1.000000
0.933345 -3.624972 1206.733885
0.361188 -2.728148 -465.150285
0.001851 -0.006606 1.000000
-0.053589 -1.838172 599.674958
-0.057567 -1.339815 -352.536248
-0.000100 -0.003038 1.000000
1.313553 -3.470864 1630.868459
0.953735 -2.393245 -911.184371
0.002319 -0.006547 1.000000
0.050863 -1.435709 300.072783
-0.019315 -0.872664 -265.872527
-0.000340 -0.002651 1.000000
-0.066978 -1.415988 483.580659
-0.078409 -1.062889 -86.612903
-0.000136 -0.002584 1.000000
0.100182 -1.143072 359.168275
-0.091248 -0.701580 -39.102450
-0.000252 -0.002198 1.000000
-0.324695 -1.229116 541.869094
-0.175518 -0.688954 100.053773
-0.000307 -0.001982 1.000000
-0.011537 -1.002840 83.227925
0.005203 -0.817415 -6.343385
-0.000233 -0.002253 1.000000
0.030195 -1.647982 160.916177
0.119164 -1.335278 -226.626546
0.000132 -0.002985 1.000000
-0.129506 -1.818771 344.354035
-0.050335 -0.861668 -212.146817
-0.000103 -0.002723 1.000000
0.071020 -1.704753 533.857334
-0.080366 -0.725834 -235.185497
0.000035 -0.002798 1.000000
0.058217 -1.040362 509.849180
-0.023523 -0.650789 -83.938106
-0.000137 -0.002204 1.000000
0.005775 -0.905132 254.016937
-0.048555 -0.793114 -154.623143
-0.000256 -0.002244 1.000000
-0.068728 -0.970002 275.403756
0.079068 -1.245781 141.942834
0.000041 -0.002503 1.000000
-1.855303 -2.293704 1153.495193
-0.531112 -2.572791 602.490951
-0.001028 -0.003599 1.000000
-0.092807 -1.000978 465.328621
-0.146243 -0.468562 121.881719
-0.000104 -0.001885 1.000000
-0.300564 -1.808027 566.919990
-0.111174 -1.494426 254.197951
-0.000155 -0.002982 1.000000
1.577122 0.261657 -256.025782
0.180227 1.462277 -153.995791
0.000378 0.000267 1.000000
1.844816 0.541210 -404.473463
0.087478 1.820772 -142.177128
0.000343 0.000770 1.000000
1.201810 0.630164 -285.843136
-0.379052 1.494521 53.487656
-0.000359 0.000920 1.000000
1.000000 0.000000 -0.000000
0.000000 1.000000 0.000000
0.000000 0.000000 1.000000
1.102146 0.097718 -51.644132
-0.000694 1.171669 -3.142720
0.000045 0.000154 1.000000
1.508560 0.034089 -97.288537
-0.004698 1.339906 -40.487121
0.000482 0.000072 1.000000
-0.285662 -1.054956 420.016359
-0.348452 -0.785095 343.414231
-0.000676 -0.001776 1.000000
-2.943849 -3.303704 1333.822752
-1.246790 -4.712874 980.359286
-0.002459 -0.005453 1.000000
3.777062 -0.083094 -111.576398
1.071018 3.084376 -375.650598
0.002718 0.001040 1.000000
0.718378 -0.097339 142.243467
-0.035138 0.754823 93.475717
-0.000063 -0.000105 1.000000
0.550097 -0.280710 194.342805
-0.166223 0.745771 85.493278
-0.000205 -0.000379 1.000000
0.490857 -0.067214 82.921766
-0.181336 0.886839 54.215269
-0.000490 0.000047 1.000000
0.610032 0.020878 69.220877
-0.362217 1.115206 83.774522
-0.000325 0.000066 1.000000
-4.321224 20.010779 -5711.722023
-9.133405 18.749314 3596.643712
-0.019237 0.035695 1.000000
-0.235105 -1.087623 257.940424
-0.404864 -0.600900 310.443241
-0.000735 -0.001466 1.000000
-0.108777 -1.225167 292.694351
-0.262955 -0.865671 226.246182
-0.000541 -0.001972 1.000000
0.114344 -1.314030 325.319479
-0.235625 -0.762250 169.040771
-0.000107 -0.002081 1.000000
-0.272002 -1.412516 494.804758
-0.139779 -0.973720 -12.673219
-0.000364 -0.002325 1.000000
0.452068 -2.629204 687.156082
0.079382 -1.513033 27.843738
0.000638 -0.004296 1.000000
0.697637 -0.876360 264.035797
-0.014326 0.323346 -61.790954
0.000240 -0.001411 1.000000
-1.034580 -0.780394 495.615450
-0.247114 -0.807328 305.893206
-0.001056 -0.001515 1.000000
-0.405316 -0.775063 321.939451
-0.152474 -0.492120 77.473048
-0.000685 -0.001571 1.000000
-1.972275 9.128028 -2280.456710
-4.306745 8.635853 1290.309372
-0.009127 0.015989 1.000000
-0.238404 -1.081267 453.607603
-0.238649 -0.717256 106.786421
-0.000401 -0.002117 1.000000
-0.444475 -1.343679 720.936042
-0.161460 -0.842845 202.007405
-0.000336 -0.002004 1.000000
0.194046 -1.334966 515.976696
0.008825 -0.785725 -43.242885
0.000174 -0.002546 1.000000
0.274921 -1.189927 378.725620
-0.057145 -0.413426 -31.082842
0.000046 -0.002238 1.000000
0.009886 -1.446270 430.595476
0.054366 -1.307051 16.705742
0.000047 -0.003044 1.000000
0.086413 -1.782947 514.325971
-0.140077 -1.254323 108.216589
-0.000060 -0.002798 1.000000
0.120521 -1.396682 337.622031
0.009397 -0.820228 -189.360534
0.000145 -0.002870 1.000000
0.177266 -1.445113 629.356160
0.150766 -0.676819 -328.377662
0.000526 -0.002953 1.000000
0.726388 -2.606729 686.576991
-0.163130 -0.856049 -397.371984
0.000842 -0.004164 1.000000
-0.092475 -1.179306 417.664927
-0.215621 -0.746406 -228.307795
-0.000291 -0.002207 1.000000
-0.194637 -1.385592 1019.569192
-0.227037 -0.542565 57.177829
-0.000185 -0.002142 1.000000
-0.703903 -0.758255 1061.195653
-0.333395 -0.353825 48.838348
-0.000834 -0.001545 1.000000
-0.198165 -1.803654 937.407134
0.118385 -1.130642 49.412274
0.000182 -0.003140 1.000000
-0.253970 -0.581112 88.473689
-0.261049 -0.522023 174.729878
-0.000785 -0.001417 1.000000
0.277412 -2.218350 1107.182131
0.083106 -1.365821 -47.274638
0.000406 -0.003548 1.000000
-0.287518 -0.988443 372.814934
-0.198449 -0.811961 -22.865061
-0.000489 -0.001834 1.000000
0.205062 -1.304628 431.684290
-0.052956 -0.888129 164.563800
-0.000033 -0.002298 1.000000
-0.395478 -1.124062 445.744373
-0.306959 -0.926687 304.842260
-0.000677 -0.001947 1.000000
0.298244 -1.269037 385.916660
-0.099771 -0.338224 52.279188
-0.000091 -0.001930 1.000000
0.867918 -2.997000 106.181265
0.485693 -1.789065 -866.886507
0.001421 -0.004922 1.000000
0.106342 -1.115122 110.229792
-0.055551 -0.879142 -194.583495
-0.000085 -0.002550 1.000000
0.038894 -0.881689 419.538572
0.077456 -0.803713 -50.383658
0.000309 -0.002467 1.000000
0.102660 -0.704137 198.427291
0.028322 -0.787620 -51.198491
0.000140 -0.002420 1.000000
1.632407 -3.074857 1650.942696
1.193282 -2.366870 -3683.609972
0.002396 -0.005828 1.000000
-0.257771 -0.647680 -74.218832
-0.175008 -0.581537 227.036908
-0.000687 -0.001668 1.000000
-0.321742 -0.782308 216.568234
-0.169419 -0.540263 10.917750
-0.000674 -0.001718 1.000000
0.246016 -2.179391 -287.162450
0.013882 -1.092924 -353.802152
0.000260 -0.003580 1.000000
0.077446 -1.502111 640.005972
-0.020891 -1.119837 148.850548
0.000213 -0.002773 1.000000
0.120336 -1.612292 494.991964
0.008314 -1.852563 107.786019
0.000158 -0.003692 1.000000
-0.204862 -0.882724 -52.323727
-0.173663 -0.768994 145.778057
-0.000394 -0.002160 1.000000
-0.138627 -0.595326 -160.171598
-0.210947 -0.689423 249.954705
-0.000320 -0.002126 1.000000
0.010388 -1.003583 -111.532132
-0.068532 -0.777008 66.554860
0.000011 -0.002546 1.000000
-0.249424 -1.043433 275.998262
-0.184230 -0.971040 169.139806
-0.000230 -0.002230 1.000000
-0.140719 -1.711677 187.877451
-0.123042 -1.467015 -78.162965
-0.000262 -0.003045 1.000000
0.113357 -0.740733 -144.141239
0.129631 -0.722532 -200.499550
0.000201 -0.002433 1.000000
-0.199150 -0.677795 -136.594995
-0.206702 -0.640492 209.620918
-0.000627 -0.001701 1.000000
0.285575 -1.611646 -226.646174
0.078638 -1.135022 -53.872829
0.000463 -0.003674 1.000000
0.353937 -1.841247 -396.607703
0.187883 -1.076869 -38.460584
0.000619 -0.003644 1.000000
-0.135741 -1.008782 155.785504
0.027776 -0.858540 -125.828304
0.000001 -0.002554 1.000000
0.345377 -1.702569 907.073998
0.316185 -1.335777 -975.424481
0.000335 -0.003482 1.000000
-1.688664 1.976785 -1165.268469
-1.233305 0.886822 738.665558
-0.004078 0.003251 1.000000
-0.157480 -1.029016 447.722278
-0.220044 -0.448512 -24.368815
-0.000446 -0.001761 1.000000
-0.075356 -0.784347 -347.269553
0.083778 -0.908964 -277.821560
0.000009 -0.002611 1.000000
-0.188766 -0.719287 -263.689243
-0.238813 -0.684233 73.855001
-0.000460 -0.001955 1.000000
-0.293903 -0.664453 -94.783044
-0.334140 -0.493659 -82.433192
-0.000769 -0.001650 1.000000
-0.204739 -1.400749 264.287150
0.121866 -1.386739 -244.185790
-0.000256 -0.003115 1.000000
0.229590 -0.958562 -406.698475
0.229488 -1.272228 -19.207379
0.001058 -0.003556 1.000000
0.893628 -2.720498 796.450514
0.886511 -2.177611 -1295.308275
0.001818 -0.005062 1.000000
-0.274110 -1.366859 240.393573
-0.090655 -0.969683 -36.622403
-0.000056 -0.002590 1.000000
-0.068577 -0.767601 25.983543
-0.008281 -0.583530 -158.562338
-0.000329 -0.002130 1.000000
0.081984 -1.437996 -60.203045
-0.129022 -0.955186 -241.860872
-0.000005 -0.002985 1.000000
-0.239334 -1.146253 2437.758653
-0.121141 -1.169095 5301.292667
0.000025 -0.002558 1.000000
-0.034667 -1.078490 -1389.609882
-0.163758 -0.925913 148.004607
-0.000091 -0.002454 1.000000
-0.623392 -0.388098 834.621174
-0.360283 -0.408752 -38.056741
-0.001235 -0.000681 1.000000
-0.094866 -1.289903 2099.576533
-0.285950 -0.909880 -39.810157
-0.000417 -0.002051 1.000000
-0.336906 -0.641821 28.141726
-0.365830 -0.712833 37.690220
-0.000716 -0.001425 1.000000
-0.615907 -0.520910 444.632559
-0.612499 -0.453023 -100.516335
-0.001548 -0.000615 1.000000
-0.762714 -0.155314 633.352375
-0.894532 -0.077511 -759.313913
-0.001912 -0.000084 1.000000
1.332763 -3.996674 11913.728581
1.018935 -2.471496 -1572.587867
0.002782 -0.006153 1.000000
0.025891 -1.822133 852.083666
-0.116773 -1.306486 3.272316
-0.000244 -0.002862 1.000000
0.159353 -2.434683 2624.855064
0.182243 -1.815420 -740.674036
0.001043 -0.004008 1.000000
-0.190987 -1.753848 999.597776
-0.133216 -0.829843 -49.527036
-0.000262 -0.002443 1.000000
-0.156778 -1.708405 1382.446794
0.030908 -0.778678 -352.459437
-0.000168 -0.002564 1.000000
-0.543597 -0.901551 700.864085
-0.276431 -0.623760 -120.230981
-0.000943 -0.001404 1.000000
0.636823 -2.771847 1203.569967
0.114489 -0.961458 -596.959176
0.000729 -0.003499 1.000000
1.891404 -4.208972 1470.091119
0.629064 -1.543115 -479.605495
0.002338 -0.005548 1.000000
-0.226515 -1.609356 1046.500269
-0.009107 -0.875563 -1019.980865
-0.000175 -0.002561 1.000000
0.367737 -1.370474 871.986805
0.116221 -1.346285 1227.185530
0.000205 -0.002824 1.000000
0.074925 -1.251692 -217.284796
0.039501 -0.933929 -372.017704
0.000005 -0.002480 1.000000
0.302557 -2.292448 150.067578
0.361097 -1.666301 2031.813379
0.000602 -0.003712 1.000000
-0.251113 -0.789112 -481.539289
-0.191577 -0.609825 696.782034
-0.000621 -0.001520 1.000000
23.708854 -40.445165 5044.641125
13.861836 -19.856407 -22696.049086
0.033497 -0.050239 1.000000
1.403802 -3.857020 1782.523118
0.451445 -1.170881 -505.453477
0.002038 -0.005116 1.000000
-0.671254 -0.274800 -214.219499
-0.389344 -0.204485 949.235021
-0.001395 -0.000596 1.000000
-0.491834 -0.562794 936.208152
-0.361983 -0.264903 -272.868296
-0.001088 -0.000952 1.000000
-0.084861 -1.190560 -612.363450
-0.085472 -1.198757 -605.125767
0.000144 -0.002871 1.000000
-1.010466 -0.033805 10.571751
-0.820323 0.123697 1661.194616
-0.001842 0.000092 1.000000
0.212006 -1.778123 1149.719950
0.015538 -0.632179 40.285373
0.000256 -0.002382 1.000000
4.151056 -9.884790 -14525.328285
3.919212 -6.955912 -11186.622730
0.007167 -0.014424 1.000000
-0.403645 -1.350460 933.449166
-0.080618 -0.902729 -589.276760
-0.000388 -0.002189 1.000000
0.133445 -1.542190 535.135477
-0.081543 -0.564916 -324.557910
0.000332 -0.002591 1.000000
0.133498 -1.072747 249.079191
0.015654 -0.616748 -131.778163
0.000055 -0.002415 1.000000
0.331848 -2.340536 993.489132
0.165487 -0.816408 -164.191296
0.000404 -0.003034 1.000000
-0.090414 -1.503150 1126.984335
-0.048337 -0.551184 -82.455454
-0.000089 -0.002204 1.000000
-0.650735 -0.808854 1153.280259
-0.203265 -0.202726 -179.149357
-0.001138 -0.001111 1.000000
-0.030577 -1.446405 743.019739
-0.058387 -0.664712 -319.156937
-0.000121 -0.002423 1.000000
-0.335106 -1.229479 426.500012
-0.139035 -0.943501 -157.632935
-0.000347 -0.002317 1.000000
0.048985 -1.587026 753.431977
0.062221 -1.106740 -504.359516
0.000430 -0.003082 1.000000
-0.223898 -1.323615 789.477222
-0.103426 -0.936171 -126.852897
-0.000239 -0.002474 1.000000
-0.215431 -0.935213 751.465316
-0.302752 -0.856152 -19.355909
-0.000456 -0.002326 1.000000
-0.466339 -1.685169 1115.529457
-0.173825 -1.145028 -55.906578
-0.000237 -0.003168 1.000000
-0.611235 -1.198060 1019.282643
-0.112634 -0.554104 -17.947616
-0.000622 -0.001738 1.000000
-0.057733 -1.646072 1094.879668
-0.072902 -0.441769 -173.501052
0.000001 -0.002348 1.000000
0.091535 -1.487133 756.519822
-0.138309 -0.600146 -32.438388
-0.000025 -0.002185 1.000000
-0.445927 -1.019110 1023.254318
-0.146153 -0.467897 33.530944
-0.000546 -0.001570 1.000000
-0.174759 -0.976338 47.631906
-0.084393 -0.760657 -271.564741
-0.000188 -0.001975 1.000000
0.133828 -1.682347 919.864151
-0.041117 -0.895154 -198.269000
0.000056 -0.002867 1.000000
-0.252252 -1.695188 1181.844812
-0.059844 -0.842213 49.316235
-0.000146 -0.002498 1.000000
0.056884 -1.375269 985.115366
-0.006031 -0.478158 32.650082
0.000004 -0.002076 1.000000
0.523798 -1.588981 39.342977
0.308854 -0.561833 -610.443426
0.000917 -0.003371 1.000000
0.899892 -2.417393 1189.844608
0.518873 -1.645647 -465.230347
0.001019 -0.003811 1.000000
0.336270 -1.690390 728.656897
0.178176 -1.450443 -85.800116
0.000578 -0.003419 1.000000
-0.223206 -0.891297 819.232260
-0.238721 -0.589327 -10.959296
-0.000518 -0.001836 1.000000
0.431303 -1.746253 784.086012
0.200622 -0.933232 -274.923081
0.000434 -0.002870 1.000000
-0.008694 -1.275721 687.851273
-0.042619 -0.748064 -32.506621
-0.000203 -0.002197 1.000000
-0.290590 -1.040732 739.427671
-0.161922 -0.664709 73.066647
-0.000463 -0.001999 1.000000
-0.344333 -1.103728 790.854153
-0.150818 -0.709329 -95.181299
-0.000490 -0.002067 1.000000
0.055980 -1.346098 645.021425
0.043570 -0.762521 -239.295904
0.000278 -0.003035 1.000000
0.205346 -1.130088 655.738214
0.346734 -1.391451 14.460027
0.000801 -0.003299 1.000000
-0.000129 -1.360978 582.434380
0.068737 -0.619237 -185.161184
-0.000080 -0.002328 1.000000
-0.430463 -0.780349 653.641866
-0.410455 -0.661795 101.448260
-0.000999 -0.001583 1.000000
-0.262395 -0.840707 615.165325
-0.383887 -1.056182 302.017720
-0.000666 -0.001953 1.000000
0.354774 -1.908928 395.447160
0.090722 -2.203016 -21.745638
0.000290 -0.004114 1.000000
-0.329399 -0.905675 791.932436
-0.325693 -0.923739 92.753517
-0.000641 -0.002023 1.000000
0.106911 -1.435457 498.928051
-0.008396 -1.085119 18.072880
0.000075 -0.002711 1.000000
0.416104 -2.439664 777.348606
0.305601 -1.208351 -250.228071
0.000612 -0.003606 1.000000
0.761788 -1.901980 -143.835130
0.380719 -0.882271 -281.714251
0.001064 -0.003466 1.000000
-0.499521 -0.727429 811.834258
-0.149697 -0.260867 -12.965555
-0.000716 -0.001366 1.000000
0.149546 -1.584062 482.874054
-0.090434 -0.876668 106.143992
0.000001 -0.002595 1.000000
-0.149726 -1.303459 762.461761
-0.037977 -0.583533 -191.555575
-0.000170 -0.002304 1.000000
-0.091755 -1.544796 624.252050
0.006056 -0.690768 -223.248330
-0.000054 -0.002558 1.000000
0.310013 -1.705216 508.336942
0.030158 -1.490803 54.688177
0.000201 -0.003161 1.000000
0.668556 -1.759921 568.717767
0.420551 -1.350754 -259.181658
0.000952 -0.003728 1.000000
0.061789 -1.250671 416.162292
-0.072750 -1.230613 87.299871
-0.000197 -0.002613 1.000000
0.574284 -2.496255 675.724751
0.614317 -2.224650 -132.692571
0.000774 -0.004460 1.000000
-0.169002 -1.118141 768.697233
-0.164599 -0.970542 84.238311
-0.000369 -0.002006 1.000000
0.050486 -1.133653 326.137046
-0.076452 -0.570910 -1.603346
-0.000171 -0.002265 1.000000
-0.153153 -1.209469 261.228217
0.004771 -0.893469 -226.177430
-0.000056 -0.002547 1.000000
-0.285607 -0.678569 157.048950
-0.385131 -0.322344 -188.517139
-0.000889 -0.001365 1.000000
-0.300343 -1.249983 43.648240
-0.228484 -0.649460 -98.903950
-0.000546 -0.002111 1.000000
0.167476 -1.372507 664.563019
0.183794 -0.943090 -123.477329
0.000402 -0.002870 1.000000
-0.184218 -1.149274 559.914596
-0.266633 -0.759403 -131.419046
-0.000379 -0.002150 1.000000
-0.183115 -0.994215 126.224525
-0.165892 -0.769565 -165.842759
-0.000337 -0.002352 1.000000
0.077969 -0.939561 114.606382
-0.061362 -0.635260 -125.970251
-0.000043 -0.002210 1.000000
-0.365223 -1.099688 761.707801
-0.192756 -0.731736 -17.472504
-0.000537 -0.001981 1.000000
-0.143995 -0.846359 315.116698
-0.012461 -0.734554 -107.668837
-0.000079 -0.002218 1.000000
6.720146 -11.546037 4981.716219
3.173542 -4.021671 -5319.749388
0.011102 -0.016655 1.000000
0.200285 -1.390454 454.444436
0.017751 -0.574499 -371.785879
0.000116 -0.002343 1.000000
0.038287 -0.816562 303.338073
-0.000850 -0.602431 -93.191861
-0.000066 -0.002128 1.000000
-0.336544 -1.223536 864.788580
-0.067875 -0.765765 -218.877478
-0.000187 -0.002327 1.000000
-0.130331 -0.888147 277.308750
-0.128175 -0.945226 -40.035292
-0.000226 -0.002317 1.000000
-0.010461 -1.287829 187.539174
0.299392 -1.281490 -265.180421
0.000426 -0.003253 1.000000
