2.103049 -5.160670 -2057.546450
1.454871 -3.219381 -640.708201
0.005399 -0.009618 1.000000
-0.313790 -1.270469 1372.122695
0.001885 -1.333295 -19.516884
-0.000373 -0.002948 1.000000
-0.292577 -1.123982 872.346762
-0.003904 -0.824830 -93.727502
-0.000419 -0.002263 1.000000
0.195095 -1.481539 415.645836
0.018889 -0.991885 -133.475390
0.000075 -0.002752 1.000000
0.076849 -1.567730 91.909586
0.016951 -1.083318 -183.227640
-0.000013 -0.002660 1.000000
-0.440875 -0.577498 592.839003
-0.544292 -0.520649 -97.928912
-0.001216 -0.001326 1.000000
-0.155178 -1.081025 19.623441
0.028709 -0.941037 -172.626064
-0.000284 -0.002321 1.000000
-0.144375 -0.945516 142.264937
-0.121113 -0.415540 -344.125299
-0.000485 -0.002043 1.000000
-0.534759 -0.696453 202.391695
-0.260449 -0.602279 -307.898397
-0.001003 -0.001520 1.000000
-0.803980 -0.394182 1303.007857
-0.406993 -0.446499 176.576010
-0.001331 -0.001043 1.000000
-0.302764 -1.128565 505.747714
-0.188320 -0.745836 -283.151203
-0.000611 -0.002120 1.000000
-0.599519 -0.603735 36.539269
-0.369442 -0.360443 -306.498930
-0.001297 -0.001041 1.000000
2.018638 -4.263914 1132.062918
1.155815 -2.622434 -2638.532957
0.002538 -0.006566 1.000000
-1.744039 0.605395 273.248155
-0.975077 0.574063 -2194.863078
-0.002773 0.001050 1.000000
0.287997 -1.749637 843.618333
0.072346 -1.437972 -940.811159
0.000205 -0.003508 1.000000
-0.642534 -0.719921 -169.070826
-0.451329 -0.439603 -605.032791
-0.001174 -0.001244 1.000000
-0.322875 -0.946085 236.572970
-0.207176 -0.836151 -217.261055
-0.000614 -0.002072 1.000000
0.267257 -2.039710 -674.516574
0.194726 -1.333494 -340.066289
0.000342 -0.003431 1.000000
-0.385156 -1.094950 524.197756
-0.256948 -0.892515 -221.493075
-0.000693 -0.001977 1.000000
-0.437560 -1.267846 579.699674
-0.188729 -1.062177 0.310485
-0.000612 -0.002350 1.000000
-0.175939 -1.424535 543.072224
0.062501 -1.162860 -254.670704
-0.000236 -0.002814 1.000000
-0.109224 -1.241581 1422.924704
0.033546 -1.096915 -242.638200
-0.000184 -0.002449 1.000000
-0.352512 -0.950471 755.591136
-0.205216 -0.763149 -254.659362
-0.000590 -0.001941 1.000000
-0.430647 -0.782755 199.081978
-0.293031 -0.670972 -22.624773
-0.000865 -0.001823 1.000000
-0.579397 -0.805071 1105.359406
-0.369765 -0.601566 -350.010778
-0.001032 -0.001630 1.000000
0.045577 -1.650196 348.034234
0.147653 -1.005857 -313.630893
0.000040 -0.002804 1.000000
-0.165996 -1.395349 76.982180
-0.031990 -1.435133 123.316860
-0.000098 -0.002824 1.000000
-0.882393 -0.195104 -26.938625
-0.473974 -0.326022 -182.034496
-0.001694 -0.000215 1.000000
-0.125662 -1.177255 389.330884
0.048415 -1.029681 -201.628353
-0.000309 -0.002497 1.000000
-0.780242 -0.579878 1092.989362
-0.704368 -0.509168 -157.711036
-0.001343 -0.001270 1.000000
0.052997 -1.462722 399.513151
0.247435 -1.203551 -135.392861
0.000111 -0.002810 1.000000
-0.323222 -0.912715 306.093384
-0.046233 -0.678676 -158.176424
-0.000492 -0.001820 1.000000
-1.679790 1.071209 -2483.126706
-1.066755 0.430094 14.673847
-0.002964 0.001050 1.000000
0.426728 -1.883622 3091.260696
0.452566 -1.563156 -351.652230
0.000982 -0.004110 1.000000
1.925011 -4.446912 1564.666082
1.833953 -3.719969 -1931.703613
0.003130 -0.008503 1.000000
0.839468 -3.109577 -2790.254616
0.479543 -1.883916 -1053.255373
0.001251 -0.004998 1.000000
-0.500812 -1.071370 659.174066
-0.332589 -0.586131 -67.013035
-0.000809 -0.001515 1.000000
-2.867437 2.418723 -3633.154094
-1.875469 2.126039 4448.652483
-0.005370 0.004059 1.000000
5.196537 -7.419969 2859.433755
2.345178 -4.060505 -2360.542672
0.007651 -0.012316 1.000000
0.369706 -2.181192 822.857832
0.231684 -1.496545 -463.543418
0.000207 -0.003287 1.000000
-1.539648 0.955692 30.100456
-1.094046 0.374775 1902.473700
-0.002961 0.001497 1.000000
-0.025661 -1.221288 57.350885
-0.093145 -0.606730 -156.060224
-0.000277 -0.002387 1.000000
-0.204038 -1.247342 -347.738576
-0.117917 -1.052996 -352.840480
-0.000400 -0.002434 1.000000
-1.107040 -0.161129 -121.462283
-0.675445 0.106775 -480.989250
-0.001911 -0.000292 1.000000
-0.048389 -0.981086 -192.337689
0.090064 -1.017194 -90.832450
-0.000044 -0.002362 1.000000
0.101006 -1.911789 1838.835044
0.360395 -1.946772 -105.452861
0.000659 -0.004330 1.000000
0.230814 -1.364492 669.763773
0.256038 -1.147872 -517.886369
0.000101 -0.002704 1.000000
0.532339 -1.931846 654.276144
0.267396 -1.358030 -333.715526
0.000482 -0.003257 1.000000
1.430622 -2.955230 1655.003820
0.781443 -2.731679 -242.213677
0.002109 -0.005916 1.000000
0.918791 -2.389438 573.931745
0.332029 -1.732752 -726.179249
0.001020 -0.004131 1.000000
1.583660 -3.579342 1421.568753
0.760360 -2.095936 -216.023546
0.001976 -0.004942 1.000000
-7.145262 7.548257 -6094.623828
-4.181534 6.395662 1795.456365
-0.010955 0.013159 1.000000
0.163491 -1.512737 968.297407
-0.005444 -1.206713 -150.891283
0.000005 -0.002974 1.000000
-5.823785 5.876260 7670.403859
-4.750741 5.024663 -2931.567861
-0.009901 0.010225 1.000000
-0.178632 -1.100986 1319.479377
-0.189943 -0.846329 28.258653
-0.000574 -0.002008 1.000000
-0.228718 -1.052592 835.668820
-0.191043 -0.633551 153.303260
-0.000474 -0.001787 1.000000
0.163059 -1.618128 567.643293
0.207524 -0.886559 -516.711126
0.000121 -0.002752 1.000000
-4.172890 3.560736 7076.514745
-3.804040 4.574431 1001.811631
-0.011402 0.010856 1.000000
0.196313 -1.772910 -712.818941
0.149529 -1.497048 -463.337433
0.000249 -0.003246 1.000000
0.476370 -2.154232 -737.287250
0.755027 -2.512026 -584.363700
0.001527 -0.004515 1.000000
2.834716 -4.677778 -4107.940682
2.700998 -4.239830 779.248969
0.006766 -0.010215 1.000000
-0.144694 -0.975959 342.813583
-0.271269 -0.833062 -182.085501
-0.000625 -0.001984 1.000000
0.030159 -1.236297 70.292649
-0.077597 -0.885845 -79.997178
-0.000354 -0.002320 1.000000
-0.185753 -1.197931 -1143.327892
-0.186985 -0.946821 296.495272
-0.000615 -0.002192 1.000000
-0.461741 -1.171436 300.040953
-0.077373 -0.504431 -234.741558
-0.000506 -0.001872 1.000000
0.149477 -1.300250 -402.695925
0.241593 -1.238061 -772.050387
0.000248 -0.003030 1.000000
-0.285923 -0.849930 69.910857
-0.293583 -0.875997 -4.879906
-0.000702 -0.001790 1.000000
-0.130340 -1.050328 317.641212
-0.046974 -1.227632 -172.829769
-0.000244 -0.002650 1.000000
0.214550 -1.796120 -2590.962086
0.352039 -1.563163 315.987768
0.000722 -0.003771 1.000000
-0.133609 -1.258127 60.757673
-0.022683 -1.087079 -460.091200
-0.000191 -0.002459 1.000000
-0.827719 -0.750603 812.961236
-0.512105 -0.286300 -268.803672
-0.001414 -0.001151 1.000000
-0.538340 -0.888835 405.149733
-0.316270 -0.639726 -114.238157
-0.000928 -0.001690 1.000000
1.210143 -3.731207 -2360.268901
0.516690 -1.825905 -369.358048
0.001750 -0.005945 1.000000
-0.549311 -1.002050 250.560633
-0.283814 -0.478677 -74.751555
-0.000884 -0.001593 1.000000
0.559744 -2.142585 431.965701
0.261561 -1.292245 -255.443817
0.000644 -0.003349 1.000000
0.264346 -1.806248 278.328349
0.048354 -1.249402 -187.576054
-0.000030 -0.002838 1.000000
-0.618825 -0.159195 520.995905
-0.430344 -0.336835 -444.841471
-0.001460 -0.000649 1.000000
0.449399 -1.833663 -83.382964
0.227349 -1.264277 -374.300197
0.000785 -0.003472 1.000000
-0.300774 -1.056338 1666.353551
-0.131382 -0.916390 -1299.926568
-0.000569 -0.002025 1.000000
-0.235632 -1.075081 516.236852
-0.001069 -0.881793 -41.250402
-0.000209 -0.002154 1.000000
-0.371412 -0.543737 109.914601
-0.379506 -0.561449 -93.544316
-0.000950 -0.001235 1.000000
0.166497 -2.174635 -137.261558
0.200051 -1.355154 -222.737403
0.000187 -0.003178 1.000000
-0.472852 -0.785287 441.551962
-0.322340 -0.408441 -120.200257
-0.000881 -0.001408 1.000000
-0.525911 -0.873198 -14.450060
-0.396648 -0.620445 -919.893263
-0.001030 -0.001600 1.000000
-1.056119 0.333792 -127.265234
-0.517416 0.146172 -284.642965
-0.002199 0.000324 1.000000
-2.053199 0.494430 -2337.043862
-1.021100 0.407656 662.504418
-0.003353 0.000936 1.000000
0.458945 -1.703144 -567.466199
0.494324 -1.143699 -868.248581
0.000911 -0.003293 1.000000
-0.396461 -1.001950 185.023729
-0.169016 -0.710030 -149.763380
-0.000515 -0.001903 1.000000
-0.583271 -0.298951 338.386451
-0.318634 -0.248825 -131.515648
-0.001303 -0.000962 1.000000
-1.003008 -0.015406 280.770482
-0.568836 -0.159120 102.483453
-0.001593 -0.000369 1.000000
-0.753786 -0.223378 356.343472
-0.628774 -0.214424 71.464629
-0.001462 -0.000416 1.000000
-1.502820 0.072302 -313.357410
-0.937968 0.027601 773.328561
-0.002340 0.000101 1.000000
-0.409784 -0.747475 -7.450800
-0.279765 -0.660812 326.135401
-0.000731 -0.001539 1.000000
-0.052053 -1.102481 361.442395
-0.187532 -0.659311 -30.088693
-0.000479 -0.002072 1.000000
-0.448090 -0.551601 500.894567
-0.257854 -0.266466 -101.546773
-0.000912 -0.001320 1.000000
-0.013423 -1.699612 857.718542
-0.013971 -1.200004 -1083.784872
-0.000213 -0.002920 1.000000
-0.985043 -0.567006 -167.772352
-0.476015 -0.230842 -436.699257
-0.001606 -0.000972 1.000000
-0.524213 -0.684989 -535.493419
-0.385667 -0.515114 147.361594
-0.000857 -0.001256 1.000000
0.396846 -2.004287 1202.058294
0.315961 -1.705357 -315.565757
0.000430 -0.003897 1.000000
-0.362812 -0.667998 -95.179204
-0.214117 -0.741987 14.912969
-0.000709 -0.001689 1.000000
1.405199 -3.028508 1296.818323
1.238241 -3.433900 -818.519442
0.002277 -0.005979 1.000000
-1.285578 -0.115249 1261.640937
-1.233306 0.005754 -619.619369
-0.002423 -0.000081 1.000000
-0.089688 -1.535271 559.827038
0.058556 -1.699922 -7.502148
-0.000073 -0.003067 1.000000
0.302928 -1.787973 -867.739735
0.338817 -1.473499 155.786396
0.000667 -0.003389 1.000000
-0.146466 -1.007806 -618.182019
-0.168057 -1.047192 -493.035883
-0.000434 -0.001995 1.000000
-0.571593 -0.667761 823.483951
-0.454393 -0.562549 34.759600
-0.000984 -0.001209 1.000000
-1.057641 -0.340987 706.459055
-0.886213 -0.056787 -94.358185
-0.001742 -0.000620 1.000000
-0.322736 -0.714001 -212.303622
-0.307382 -0.730915 202.044371
-0.000701 -0.001587 1.000000
-0.739146 -0.248312 -639.309820
-0.733047 -0.212589 -22.053764
-0.001622 -0.000588 1.000000
-5.332121 4.561907 5940.999097
-3.742659 3.562745 -3526.308960
-0.008900 0.008461 1.000000
-0.194568 -1.054814 550.390611
-0.200078 -0.789627 -253.606200
-0.000472 -0.002000 1.000000
0.166979 -1.553656 642.812299
0.273304 -1.461536 -774.346864
0.000635 -0.003457 1.000000
0.001557 -1.604654 23.590936
0.104055 -1.166002 -4.771949
0.000151 -0.003054 1.000000
0.780659 -2.382896 1170.128654
0.614205 -1.801872 -390.947395
0.001590 -0.004571 1.000000
-28.230380 41.080760 -19701.615225
-25.357062 35.623516 68388.344076
-0.068803 0.086420 1.000000
5.300635 -6.666851 -7098.626570
5.300166 -7.930054 4011.709537
0.013558 -0.019451 1.000000
-0.345212 -0.655750 -456.647482
-0.250943 -0.972146 255.596529
-0.000566 -0.001663 1.000000
-0.627243 -0.426708 -104.095571
-0.499597 -0.241035 -28.816800
-0.001360 -0.000758 1.000000
-0.604442 -0.590788 875.456895
-0.337607 -0.369300 2.759486
-0.001063 -0.001068 1.000000
-0.578175 -0.973915 672.576524
-0.211919 -0.785108 -259.405875
-0.000778 -0.001862 1.000000
0.674298 -3.014683 540.517792
0.655180 -3.095349 -548.888176
0.001283 -0.005975 1.000000
-0.389209 -0.600111 511.041432
-0.313229 -0.542148 -163.629659
-0.000816 -0.001432 1.000000
0.523403 -2.184489 1636.750250
0.437652 -1.907255 -893.040300
0.000898 -0.004303 1.000000
-0.350087 -0.714510 263.134857
-0.177356 -0.512969 -310.236394
-0.000831 -0.001678 1.000000
-0.345282 -0.737272 1228.847631
-0.365000 -0.753143 84.178748
-0.000778 -0.001680 1.000000
-0.990604 -0.335416 162.112251
-0.789838 0.003335 -499.555585
-0.001866 -0.000490 1.000000
-1.162630 0.032431 508.423713
-0.976261 0.051561 -318.656592
-0.002368 0.000381 1.000000
-0.049845 -1.054060 177.764447
-0.130786 -1.177183 -26.040093
-0.000454 -0.002370 1.000000
-1.255754 0.382362 527.329531
-1.186498 0.207145 -1250.297968
-0.002732 0.000342 1.000000
0.194102 -1.398749 -868.168806
0.197017 -1.250303 -274.665075
0.000318 -0.003166 1.000000
-0.332091 -1.219052 989.901922
-0.104827 -0.900719 -200.136108
-0.000446 -0.002250 1.000000
-0.221152 -1.305929 1447.069713
0.044407 -1.261479 -168.710069
0.000023 -0.003243 1.000000
-0.851284 -0.506362 329.274680
-0.441262 -0.509018 -555.458697
-0.001205 -0.001261 1.000000
-0.469868 -1.148526 792.150149
-0.290492 -0.775004 -138.602262
-0.000808 -0.001848 1.000000
-1.334402 0.372410 2067.029701
-1.759509 0.785659 -930.419799
-0.003134 0.001134 1.000000
2.472874 -5.029044 -2829.884120
2.832111 -5.133998 -4321.888270
0.005488 -0.011092 1.000000
-1.261150 0.307278 2705.887298
-0.995501 0.099988 -674.494806
-0.002383 0.000496 1.000000
-0.321574 -0.750871 361.051439
-0.095897 -0.812280 -108.883922
-0.000463 -0.002055 1.000000
-0.479173 -0.640761 765.005659
-0.264206 -0.289350 -55.725340
-0.001016 -0.001233 1.000000
-0.333530 -1.148254 739.516268
-0.223260 -0.725195 -91.245349
-0.000650 -0.002028 1.000000
-0.775645 -0.709130 1185.644782
-0.288116 -0.063596 -58.245714
-0.001154 -0.000947 1.000000
-1.295640 -0.349831 -745.676377
-0.773391 -0.120743 204.200271
-0.002092 -0.000265 1.000000
-0.234645 -1.560950 1605.935323
0.067828 -0.707922 -317.926410
-0.000024 -0.002560 1.000000
-0.038142 -1.553245 1686.016761
0.109217 -0.983931 -135.682827
0.000189 -0.002740 1.000000
0.062596 -1.756008 1502.953922
-0.066998 -0.781915 -120.820529
-0.000033 -0.002727 1.000000
-0.154499 -1.471674 215.442862
0.027376 -1.301136 -1116.209283
0.000037 -0.003012 1.000000
4.684231 -5.206936 6717.683260
3.095054 -4.730954 -1558.896930
0.007994 -0.012995 1.000000
-0.564204 -0.607723 542.650854
-0.315355 -0.353361 -594.853262
-0.000952 -0.001324 1.000000
-8.872829 12.865586 1017.781357
-7.955391 8.879831 11778.077009
-0.018249 0.021027 1.000000
-1.066675 -0.204683 -552.255499
-0.889861 0.055957 -858.956171
-0.002075 -0.000503 1.000000
0.187058 -1.743161 -463.790362
0.013837 -1.138802 -21.617317
-0.000180 -0.002946 1.000000
-0.137857 -1.078231 56.235446
0.044504 -1.014498 -108.380051
0.000039 -0.002933 1.000000
-0.438910 -0.904968 603.848763
-0.250651 -0.682051 -66.762739
-0.000682 -0.001855 1.000000
-0.429403 -1.236991 378.997847
-0.224271 -0.628973 -176.655083
-0.000721 -0.001968 1.000000
-0.069168 -1.009275 143.458268
-0.172494 -0.761345 -38.917343
-0.000465 -0.002172 1.000000
-1.952653 0.286197 2811.852368
-0.787081 0.330979 1834.709641
-0.002448 0.000600 1.000000
-3.695794 3.060754 21209.013232
-1.365352 1.104667 -9389.505775
-0.006161 0.005670 1.000000
0.101694 -1.619394 2305.677002
0.087455 -0.924887 -136.455635
-0.000078 -0.002640 1.000000
-0.697597 -0.742045 1195.253500
-0.439233 -0.331949 -210.577589
-0.001266 -0.001470 1.000000
-0.370056 -0.822216 56.280644
-0.217512 -0.739389 3.188707
-0.000628 -0.001820 1.000000
-0.379052 -0.641044 286.335574
-0.128957 -0.604927 -40.447012
-0.000531 -0.001776 1.000000
-0.452807 -0.630748 1330.692340
-0.243503 -0.331520 -84.393814
-0.000893 -0.001196 1.000000
0.195625 -1.250969 -375.317340
0.142391 -1.103646 49.808796
0.000193 -0.002634 1.000000
-0.008011 -1.605336 587.157576
-0.015313 -1.414326 167.575651
0.000022 -0.002974 1.000000
-0.429015 -0.988134 488.234680
-0.209878 -0.871458 134.507955
-0.000571 -0.001943 1.000000
-0.386616 -1.142009 287.833229
-0.147778 -1.208118 112.337934
-0.000503 -0.002516 1.000000
2.057082 -3.699304 1779.624201
1.422071 -3.061656 -23.178013
0.003645 -0.007416 1.000000
-0.172419 -0.851784 398.517014
-0.206609 -0.539625 148.645191
-0.000402 -0.001828 1.000000
-0.123132 -1.318530 219.848489
0.084784 -0.991674 -119.646332
-0.000162 -0.002580 1.000000
-0.569267 -0.444629 -645.803280
-0.382939 -0.280993 214.299280
-0.001315 -0.000780 1.000000
-0.126907 -1.386972 -207.823233
-0.109952 -1.330322 33.576708
-0.000228 -0.002667 1.000000
-0.037102 -1.537806 102.675875
0.129192 -1.305986 123.388403
-0.000181 -0.002598 1.000000
-0.558550 -0.665777 171.486444
-0.340942 -0.518597 78.150049
-0.001075 -0.001309 1.000000
-0.597197 -0.920971 374.325129
-0.396073 -1.039414 231.691214
-0.000781 -0.001919 1.000000
0.654891 -0.155375 133.674511
-0.080867 0.738440 70.860390
-0.000164 -0.000320 1.000000
-0.599549 -1.175985 495.300836
-0.217054 -1.055972 207.284166
-0.000563 -0.002383 1.000000
-0.454638 -2.318098 612.774892
0.239434 -2.795947 242.471694
0.000381 -0.004970 1.000000
-0.883795 -1.024650 458.284050
-0.335545 -0.759290 293.589439
-0.000937 -0.001867 1.000000
0.700085 -0.190715 166.144414
-0.143164 0.832549 41.551651
-0.000060 -0.000306 1.000000
1.000000 0.000000 -0.000000
0.000000 1.000000 -0.000000
0.000000 -0.000000 1.000000
-4.375340 -13.121469 3000.205897
0.794352 -17.124428 1112.332322
0.002454 -0.027528 1.000000
1.329903 1.523700 -218.823144
-0.321795 2.769967 38.080040
-0.000435 0.003163 1.000000
-0.275727 -1.228257 722.565212
-0.147457 -0.847110 87.807869
-0.000391 -0.002051 1.000000
-1.243505 -0.015044 -468.325353
-0.676132 -0.224966 -611.946145
-0.002142 -0.000566 1.000000
-0.295649 -0.805583 -78.645808
-0.325476 -0.721791 124.449130
-0.000732 -0.001756 1.000000
0.833527 0.189108 63.416736
-0.287401 1.289250 33.504960
-0.000393 0.000427 1.000000
1.036159 -0.059403 80.215366
0.065937 1.089139 -34.222393
0.000186 -0.000173 1.000000
-2.943208 -2.054806 768.932969
-1.055357 -3.288430 609.860769
-0.002917 -0.004220 1.000000
-2.562918 -5.554407 1641.407156
-0.011006 -6.656976 626.353747
-0.000428 -0.009826 1.000000
-2.934018 0.510672 545.744057
-0.985949 -0.689054 611.696029
-0.003420 -0.000018 1.000000
-1.111528 -1.520996 729.134620
-0.316312 -1.132100 357.339881
-0.000803 -0.002396 1.000000
0.201529 -0.337225 249.324571
-0.130652 0.366462 44.876674
-0.000425 -0.000863 1.000000
-0.039986 -1.186753 552.402231
-0.001102 -0.462158 14.345817
-0.000086 -0.002034 1.000000
0.174963 -1.074336 483.173096
0.126413 -0.428631 -44.691606
0.000106 -0.002055 1.000000
0.015116 -1.293764 497.340811
0.007855 -0.774724 51.457320
0.000011 -0.002318 1.000000
-0.208059 -1.231445 592.706757
0.063209 -0.619205 78.216299
0.000105 -0.002236 1.000000
0.143486 -2.180252 623.484982
0.494825 -1.684314 46.548306
0.000867 -0.003758 1.000000
-0.079801 -2.072774 673.955658
0.169774 -1.506685 -338.383779
0.000822 -0.003980 1.000000
-0.907887 -0.866384 430.074711
-0.439327 -0.546312 277.003100
-0.001122 -0.001414 1.000000
-2.799525 -4.042497 1556.404683
-0.177779 -5.789003 639.171722
-0.000565 -0.007274 1.000000
-0.411879 -1.484159 560.649763
-0.134831 -0.838322 73.341429
-0.000279 -0.002282 1.000000
-0.383620 -1.716908 937.886172
-0.150193 -0.783261 -94.267672
-0.000210 -0.002497 1.000000
-0.013264 -1.409162 556.979259
0.212957 -0.851816 -52.197191
0.000363 -0.002643 1.000000
0.149697 -1.813759 454.829776
0.235381 -1.565124 44.484638
0.000407 -0.003384 1.000000
-0.070100 -1.312848 599.462535
-0.017907 -0.756347 82.693883
-0.000197 -0.002266 1.000000
0.054533 -1.553834 561.433585
0.220083 -1.013611 14.834334
0.000219 -0.002667 1.000000
0.140915 -1.596065 500.232458
0.127550 -1.097960 -4.709455
0.000147 -0.002674 1.000000
-0.194953 -1.334363 805.103633
-0.150431 -0.620016 20.051531
-0.000483 -0.001853 1.000000
0.050181 -2.350275 623.198635
0.244350 -2.053706 88.074155
0.000254 -0.003781 1.000000
-0.846361 0.431909 881.610409
-0.627707 0.133693 718.330024
-0.002152 0.000746 1.000000
-0.135909 -1.172420 -19.893727
-0.023825 -0.844865 -83.386976
-0.000030 -0.002371 1.000000
1.446933 -4.689073 -802.424841
0.971750 -2.967867 -688.009936
0.003178 -0.008283 1.000000
-10.245193 25.314471 7406.213581
-5.824656 16.079927 2354.791524
-0.025416 0.042368 1.000000
-1.146128 1.068177 1777.426863
-0.899256 0.869217 939.422050
-0.003368 0.002480 1.000000
-0.571702 -0.413905 939.740681
-0.575306 -0.029075 171.678733
-0.001670 -0.000519 1.000000
-0.286360 -0.932822 704.423007
-0.116785 -0.459592 61.218259
-0.000508 -0.001785 1.000000
-0.242180 -1.087228 837.502394
-0.106722 -0.630948 -99.134503
-0.000631 -0.001896 1.000000
-0.283130 -1.285693 1359.337803
-0.119347 -0.559597 -249.283197
-0.000652 -0.001979 1.000000
0.031984 -2.390781 -83.408580
0.062446 -1.235155 -54.055805
0.000209 -0.003478 1.000000
-2.028414 2.714512 1863.103668
-1.441697 1.845978 1195.757509
-0.004769 0.005151 1.000000
0.449134 -2.914956 -379.959509
0.720248 -1.852460 -366.509391
0.001415 -0.004888 1.000000
-1.505334 0.486082 2423.648483
-1.126328 0.436303 -473.211132
-0.003007 0.001706 1.000000
-0.200056 -1.306577 573.340804
0.066154 -0.705740 -128.873576
-0.000277 -0.002255 1.000000
-0.064013 -1.300825 399.224576
-0.013670 -0.764538 -199.764340
-0.000270 -0.002427 1.000000
1.083147 -2.815650 -1106.835993
0.558517 -1.364878 1304.727757
0.001766 -0.004477 1.000000
-0.543580 -1.016973 918.495912
-0.149280 -0.394905 56.073274
-0.000749 -0.001576 1.000000
0.334003 -2.312267 872.015464
0.367874 -2.201620 -582.294908
0.000918 -0.004677 1.000000
0.150250 -1.832779 469.151582
0.438298 -2.223949 -148.631069
0.000363 -0.004493 1.000000
-0.156082 -1.326255 689.274821
-0.093370 -0.955258 -26.123629
-0.000274 -0.002255 1.000000
0.157926 -1.652483 644.204377
0.025607 -1.310702 -90.087050
-0.000175 -0.002855 1.000000
-0.184557 -1.510646 557.944965
-0.084354 -1.150042 40.783928
-0.000219 -0.002589 1.000000
-0.211628 -1.021465 506.299670
-0.180722 -0.648004 27.518976
-0.000508 -0.001970 1.000000
1.240060 -3.464589 -383.523861
1.140957 -2.038308 -449.572121
0.002639 -0.005528 1.000000
0.174233 -1.650134 623.467736
0.184160 -1.253867 -228.382046
0.000350 -0.003236 1.000000
-0.283614 -1.347339 811.781993
-0.144593 -0.807251 -285.193936
-0.000399 -0.002294 1.000000
-0.095101 -1.491753 621.545997
-0.109568 -0.820141 -834.076354
-0.000313 -0.002350 1.000000
0.028719 -1.913503 670.048166
0.102656 -1.195821 -194.561959
0.000292 -0.003182 1.000000
0.262325 -1.937548 766.767687
-0.043895 -1.080051 -506.489307
0.000297 -0.003130 1.000000
18.183723 -24.345960 -25411.002783
6.145246 -9.937175 -38710.929438
0.029323 -0.041281 1.000000
-0.187682 -0.872469 410.101406
-0.273001 -0.766522 -27.949284
-0.000532 -0.001938 1.000000
-0.320659 -1.135192 520.303246
-0.041715 -0.971687 -195.260988
-0.000346 -0.002141 1.000000
-0.387782 -1.256379 846.098133
-0.147623 -0.573994 -25.874338
-0.000582 -0.001862 1.000000
-9.720368 10.816302 -10190.637752
-4.019244 4.481445 107.714846
-0.013310 0.014807 1.000000
-0.359094 -0.526077 546.998226
-0.244987 -0.282737 -2.562086
-0.001020 -0.001148 1.000000
-0.143986 -1.119697 827.865496
-0.141444 -0.709519 60.176886
-0.000563 -0.002039 1.000000
-0.135898 -1.084711 351.757310
0.093617 -0.992761 -94.617825
-0.000025 -0.002614 1.000000
-0.298359 -0.839867 1350.731972
-0.214069 -0.801457 -295.308576
-0.000658 -0.001893 1.000000
0.034490 -1.117054 214.030813
0.074028 -1.100935 79.958351
-0.000147 -0.002448 1.000000
0.215356 -1.341674 -596.488342
0.218233 -1.415511 -279.472328
0.000450 -0.003133 1.000000
-0.126102 -0.797851 257.136929
-0.035513 -0.542392 -141.302775
-0.000564 -0.001791 1.000000
0.070830 -1.188920 305.143151
-0.028737 -0.841593 -209.364487
-0.000285 -0.002430 1.000000
0.150832 -0.996521 281.250088
0.260258 -1.368515 -149.094597
0.000309 -0.002993 1.000000
-0.183706 -1.115477 229.544702
-0.125224 -0.701192 -151.930340
-0.000577 -0.002171 1.000000
0.111172 -1.543848 604.180504
0.366921 -2.020129 -887.010820
0.000384 -0.004025 1.000000
-0.222364 -1.207119 622.334840
-0.074078 -1.163378 -42.151089
-0.000421 -0.002357 1.000000
-0.015265 -2.012160 262.818876
0.033689 -1.504011 188.687385
-0.000112 -0.002931 1.000000
-1.007552 0.395649 2097.426395
-0.840487 0.015826 -292.871429
-0.002205 0.000217 1.000000
0.184352 -1.160437 -157.341414
0.148589 -1.314773 155.247548
0.000383 -0.002972 1.000000
-0.218338 -1.458093 1035.041000
0.014024 -0.810849 20.421185
-0.000293 -0.002255 1.000000
-0.867745 -0.651212 -88.219981
-0.366407 -0.252124 -301.781475
-0.001540 -0.000870 1.000000
-0.056376 -1.363575 1114.710442
0.064317 -0.745256 -369.500372
-0.000183 -0.002336 1.000000
-1.291153 0.034808 463.545449
-0.787010 0.301007 -859.058962
-0.002494 0.000287 1.000000
-0.509314 -0.297706 557.562865
-0.375187 -0.250136 -760.870340
-0.001314 -0.001003 1.000000
-0.482551 -0.480360 695.156238
-0.306974 -0.428645 -177.385202
-0.001084 -0.001308 1.000000
-0.652140 -0.775967 584.694553
-0.527611 -0.655954 -151.547682
-0.001109 -0.001396 1.000000
-0.240629 -0.767227 331.317591
-0.159452 -0.892047 -25.791237
-0.000592 -0.001925 1.000000
-0.772258 0.011265 680.893850
-0.951656 0.034489 -308.728075
-0.002094 0.000130 1.000000
-0.331453 -1.095622 435.197957
-0.384880 -0.881406 -37.412306
-0.000838 -0.001783 1.000000
-0.544439 -1.158788 783.454302
-0.490277 -0.864395 115.219086
-0.001083 -0.001744 1.000000
0.020929 -1.638301 -2014.958965
0.104681 -1.093223 1063.388357
0.000064 -0.003132 1.000000
-0.064106 -1.600820 407.160912
-0.178177 -1.039059 130.550394
-0.000354 -0.002422 1.000000
-0.237539 -0.745873 -670.638274
-0.198489 -0.480518 -299.283777
-0.000598 -0.001698 1.000000
-1.444744 0.307858 1650.120992
-1.110200 0.666571 -1210.850551
-0.003494 0.001645 1.000000
-0.291317 -0.831885 917.648515
-0.319136 -0.690446 88.521334
-0.000806 -0.001667 1.000000
-0.319819 -0.857653 990.183320
-0.211409 -0.638064 18.953876
-0.000775 -0.001876 1.000000
-1.017594 -0.860108 425.309208
-0.501029 -0.867676 253.454205
-0.001351 -0.001732 1.000000
-0.737682 -0.504922 338.531007
-0.454057 -0.249515 -151.051104
-0.001357 -0.000898 1.000000
-0.103086 -1.325625 426.998924
-0.097952 -0.917335 92.638784
-0.000332 -0.002371 1.000000
-0.144249 -0.906774 395.850077
-0.149907 -0.654506 152.109139
-0.000373 -0.002032 1.000000
-0.429666 -0.732110 476.092466
-0.367811 -0.469023 -507.989748
-0.001055 -0.001122 1.000000
-0.141223 -1.215147 971.114603
-0.078802 -1.050130 -321.800089
-0.000356 -0.002600 1.000000
1.894770 -5.331614 2748.334897
2.054374 -4.239335 -3750.626873
0.003986 -0.009414 1.000000
-0.097106 -1.096253 687.000266
-0.051400 -0.856574 92.129125
-0.000248 -0.002094 1.000000
-0.658595 -1.273307 451.248550
-0.247880 -1.318477 259.877906
-0.000763 -0.002623 1.000000
-0.011669 -1.324881 460.663872
-0.101378 -1.262900 50.100341
-0.000425 -0.002562 1.000000
