-0.228147 -1.242147 623.859393
-0.060674 -0.869772 105.272455
-0.000104 -0.002355 1.000000
-0.105543 -1.243439 483.449897
-0.143828 -0.818533 -14.816428
-0.000283 -0.002410 1.000000
1.197287 0.230182 -77.767528
0.040405 1.545870 -183.329670
0.000093 0.000420 1.000000
1.000000 -0.000000 0.000000
-0.000000 1.000000 0.000000
-0.000000 0.000000 1.000000
0.078936 -1.017475 409.741928
-0.091027 -0.854669 204.876071
-0.000210 -0.002017 1.000000
-0.148624 -1.297871 443.647161
-0.072744 -1.441913 86.022025
-0.000278 -0.002841 1.000000
-0.080505 -1.617796 517.468197
0.023029 -1.692698 83.340583
0.000400 -0.004196 1.000000
-0.367771 -0.777857 83.941319
-0.201535 -0.616891 -152.438450
-0.000874 -0.001863 1.000000
0.229811 -1.121467 316.797895
0.046898 -0.715561 -141.460685
-0.000058 -0.002427 1.000000
-0.389940 -1.247561 1197.783839
-0.001604 -0.834410 21.409051
-0.000346 -0.002360 1.000000
-2.905974 6.736436 -3563.023156
-4.089664 8.101345 711.563675
-0.012199 0.019996 1.000000
-2.982531 0.181015 702.770087
-0.361503 -1.385641 554.658907
-0.002257 -0.001912 1.000000
0.051484 -1.365311 576.896172
0.039403 -0.663010 -221.863074
-0.000117 -0.002335 1.000000
-0.231097 -0.886274 102.053556
-0.132715 -0.507597 -135.156946
-0.000483 -0.001893 1.000000
-0.079474 -1.303918 481.365539
-0.191099 -1.113121 118.657619
-0.000389 -0.002472 1.000000
-0.331363 -1.199062 572.827424
-0.118746 -0.893669 105.997008
-0.000408 -0.002272 1.000000
0.248254 -1.368082 431.063474
0.217712 -1.048854 -62.248579
0.000291 -0.003000 1.000000
-0.358554 -0.793496 333.562785
-0.161828 -0.607013 -55.768532
-0.000654 -0.001835 1.000000
-0.251064 -0.719030 18.289312
-0.250441 -0.542732 -3.901844
-0.000895 -0.001659 1.000000
-14.906481 -30.986925 9914.241671
1.163949 -42.495096 3926.017176
0.006375 -0.062684 1.000000
-0.240928 -2.060187 722.242000
0.171067 -1.898472 184.415797
0.000292 -0.004155 1.000000
-1.680633 0.034866 520.888603
-0.446627 -0.585270 490.822647
-0.001938 -0.000816 1.000000
-1.553845 0.486432 69.910964
-0.876974 0.250982 279.276844
-0.002630 0.000566 1.000000
0.188791 -1.422694 665.889092
0.197155 -1.148196 -222.535166
0.000482 -0.003402 1.000000
-0.151682 -1.089472 387.310940
-0.068142 -0.774357 -175.175553
-0.000598 -0.002169 1.000000
-0.248080 -0.925144 454.595551
-0.173301 -0.858377 -31.154980
-0.000591 -0.002066 1.000000
2.101640 1.497218 -570.591611
0.092670 2.962354 -333.193062
0.000344 0.002048 1.000000
0.990416 3.146800 -1144.657787
-1.003882 3.333386 -141.047163
-0.002628 0.005516 1.000000
-0.179114 -0.935938 384.063822
-0.185152 -0.600453 147.645186
-0.000506 -0.001840 1.000000
0.047477 -1.052929 305.504274
-0.113746 -0.846847 63.157078
-0.000401 -0.002280 1.000000
0.187587 -1.414926 282.334720
0.051406 -1.049940 -8.414911
0.000132 -0.002882 1.000000
-0.254303 -0.661310 20.313738
-0.067955 -0.715675 -7.488360
-0.000392 -0.001998 1.000000
-2.447725 1.951687 2357.395386
-1.032573 1.407856 -569.210071
-0.004030 0.002721 1.000000
-0.036033 -0.877058 308.799323
-0.186363 -0.834928 -2.251626
-0.000563 -0.002200 1.000000
-0.098891 -1.339942 421.513902
-0.064531 -0.875205 -21.492347
-0.000386 -0.002349 1.000000
0.368833 -1.517671 270.951700
0.066135 -0.629108 -369.490445
-0.000075 -0.002612 1.000000
0.380932 -1.816741 297.617290
-0.034921 -1.263036 35.984661
0.000024 -0.003099 1.000000
0.001241 -1.231797 51.022373
-0.053698 -0.619987 -29.608160
-0.000391 -0.002371 1.000000
-0.288132 -0.861578 259.173086
-0.172602 -0.709998 -4.595918
-0.000640 -0.001957 1.000000
-0.188372 -0.979707 117.912349
-0.173176 -0.819954 -65.327657
-0.000623 -0.002073 1.000000
-0.158478 -1.155332 434.279995
-0.130043 -0.719287 -180.566397
-0.000528 -0.002100 1.000000
-0.340065 -0.616625 188.434107
-0.265573 -0.544684 107.266757
-0.000962 -0.001451 1.000000
-0.209718 -0.844142 264.091909
-0.031822 -0.691302 -52.432027
-0.000565 -0.002065 1.000000
-0.362214 -0.650846 -42.648088
-0.250114 -0.467982 -34.705562
-0.000860 -0.001623 1.000000
-0.070882 -0.868161 257.450900
-0.052312 -0.575857 -258.028164
-0.000462 -0.002209 1.000000
-0.277300 -0.561063 323.017009
-0.191104 -0.686026 3.455036
-0.000685 -0.001838 1.000000
-0.158522 -0.773525 284.894327
-0.222177 -0.610882 16.945319
-0.000891 -0.001658 1.000000
-0.300965 -0.816219 321.316673
-0.116397 -0.786500 -102.548020
-0.000627 -0.002165 1.000000
-0.108348 -0.826846 320.731244
-0.105089 -0.728475 -37.025536
-0.000415 -0.001958 1.000000
-0.158189 -0.744888 171.095998
-0.246224 -0.561172 -120.700820
-0.000796 -0.001787 1.000000
-0.162709 -0.976044 562.525870
-0.022776 -0.832736 32.524018
-0.000353 -0.002146 1.000000
-0.431861 -0.596011 337.755843
-0.235996 -0.385890 53.998225
-0.001045 -0.001349 1.000000
-0.225516 -0.729037 438.185543
-0.264406 -0.714817 11.479324
-0.000813 -0.001831 1.000000
-0.078666 -1.362125 676.999248
0.003028 -1.053781 -131.782880
-0.000110 -0.002862 1.000000
-0.359737 -1.001417 404.896352
-0.147466 -0.875148 -24.412400
-0.000591 -0.002095 1.000000
-0.374204 -0.764910 323.433872
-0.183074 -0.628657 -51.739638
-0.000772 -0.001816 1.000000
-0.723621 -0.257768 85.120714
-0.343952 -0.196083 -118.001992
-0.001447 -0.000933 1.000000
-0.135031 -0.728819 212.046761
-0.168246 -0.491534 -405.730825
-0.000662 -0.001814 1.000000
-0.337949 -0.816692 367.683024
-0.384386 -0.646815 -68.524442
-0.000957 -0.001640 1.000000
-0.241101 -0.938222 127.252173
-0.183158 -0.844021 -40.920281
-0.000610 -0.001972 1.000000
-0.183299 -0.854380 -57.703796
-0.087728 -0.397095 -26.018057
-0.000606 -0.001932 1.000000
-0.459178 -0.628581 291.873341
-0.372682 -0.542042 -160.719670
-0.001055 -0.001561 1.000000
-0.055613 -0.839531 -108.767062
-0.068819 -0.482794 -1.976613
-0.000530 -0.001938 1.000000
-0.270972 -0.930358 210.282769
-0.259300 -0.685504 34.569836
-0.000772 -0.001787 1.000000
-0.677091 -0.385113 543.260657
-0.269348 -0.173248 -111.529442
-0.001270 -0.000868 1.000000
-0.491425 -0.613241 621.829189
-0.268211 -0.393168 -100.051986
-0.001125 -0.001272 1.000000
-0.350130 -0.399365 155.812753
-0.235165 -0.342042 -44.219036
-0.001079 -0.001242 1.000000
-0.388697 -0.692286 -93.384731
-0.218272 -0.528706 -151.881210
-0.001077 -0.001566 1.000000
-0.778637 -0.358408 154.456059
-0.401087 -0.148017 -334.767712
-0.001678 -0.000710 1.000000
-0.130386 -1.539637 629.294623
0.041129 -0.956268 -143.116147
-0.000131 -0.002725 1.000000
-0.389838 -0.798996 184.530642
-0.287423 -0.531869 -166.369731
-0.001136 -0.001472 1.000000
-0.431454 -0.920006 456.578475
-0.350023 -0.737498 -11.595505
-0.000955 -0.001774 1.000000
-0.328992 -0.521729 -241.282152
-0.232746 -0.332183 -162.264424
-0.001358 -0.001368 1.000000
0.554361 -1.919117 530.761722
0.287122 -1.280362 -292.884555
0.000241 -0.003299 1.000000
-0.800360 -0.293611 334.665805
-0.342847 -0.333501 -124.071445
-0.001448 -0.000977 1.000000
-0.415436 -0.752722 572.337668
-0.255513 -0.580742 78.415699
-0.000910 -0.001665 1.000000
-0.250320 -0.365483 27.595952
0.023206 -0.342519 62.520517
-0.000605 -0.001377 1.000000
-0.316111 -0.690481 138.786153
-0.105947 -0.440879 -41.131879
-0.000874 -0.001510 1.000000
-0.831765 -0.610281 221.929983
-0.647837 -0.144104 -171.547475
-0.001698 -0.000967 1.000000
-0.469061 -0.599695 449.057626
-0.444114 -0.222698 -126.852259
-0.001354 -0.000740 1.000000
-1.248408 0.255609 460.071191
-1.304467 0.783281 -285.182760
-0.003020 0.001172 1.000000
-0.694903 -1.071941 864.894529
-0.313083 -0.484165 -32.332832
-0.001002 -0.001439 1.000000
-0.470607 -1.452737 194.978740
-0.325864 -0.963462 62.985546
-0.000879 -0.002216 1.000000
-0.594980 -0.794397 433.576356
-0.465550 -0.520543 -197.976352
-0.001175 -0.001425 1.000000
-0.049380 -0.758094 29.409219
0.017668 -0.436258 -51.063610
-0.000343 -0.002001 1.000000
-0.177447 -0.849528 44.429323
-0.001126 -0.693140 55.236426
-0.000347 -0.002200 1.000000
-0.157328 -1.101762 316.266863
-0.147586 -0.798161 -168.419144
-0.000499 -0.002143 1.000000
-0.543183 -0.572366 -23.097420
-0.625988 -0.411962 115.189196
-0.001408 -0.001038 1.000000
-0.299867 -0.662528 33.037670
-0.117258 -0.508274 59.198447
-0.000800 -0.001737 1.000000
-0.973892 -0.378832 137.565872
-0.638845 -0.087199 130.611018
-0.001741 -0.000453 1.000000
-0.373281 -0.922069 320.116716
-0.261986 -0.712079 -15.037057
-0.000777 -0.001793 1.000000
-0.692835 -0.230736 7.499118
-0.523222 -0.287965 63.834740
-0.001447 -0.000846 1.000000
-0.282892 -1.410187 613.288564
-0.104322 -0.852169 -146.243346
-0.000476 -0.002339 1.000000
-0.309595 -0.940868 -41.983391
-0.103066 -0.572664 -21.728321
-0.000635 -0.002105 1.000000
0.028963 -1.279596 200.710836
-0.048969 -0.662946 -129.134006
-0.000384 -0.002368 1.000000
0.072354 -1.558647 423.110705
-0.006855 -1.108402 -134.867583
-0.000268 -0.002532 1.000000
-0.731265 -0.572986 304.857574
-0.342153 -0.220675 -237.367721
-0.001351 -0.000973 1.000000
-0.524957 -0.206573 -42.830878
-0.453392 -0.338955 -5.768499
-0.001377 -0.000917 1.000000
-0.866420 -1.002246 352.192221
-0.445682 -0.490413 -50.002949
-0.001433 -0.001418 1.000000
-0.479539 -0.912213 437.775211
-0.332462 -0.701118 -199.956349
-0.000907 -0.001705 1.000000
-0.238131 -0.791360 389.259436
-0.237836 -0.598365 16.563897
-0.000821 -0.001468 1.000000
-0.532347 -0.556693 42.883157
-0.367324 -0.524815 -99.288155
-0.001143 -0.001239 1.000000
-0.382467 -0.747754 613.424250
-0.508370 -0.650739 84.787571
-0.001199 -0.001359 1.000000
-0.307789 -0.753421 411.282147
-0.231310 -0.571903 -6.706718
-0.000914 -0.001481 1.000000
-0.414856 -0.776460 399.160065
-0.450350 -1.006328 85.847697
-0.001010 -0.001754 1.000000
-0.485304 -1.006382 559.466928
-0.304533 -0.798619 59.665725
-0.000808 -0.001857 1.000000
-0.135316 -1.277417 410.705312
-0.072186 -1.035007 42.859657
-0.000370 -0.002371 1.000000
-0.393504 -1.141588 512.991084
-0.316610 -0.838977 -128.115482
-0.000778 -0.001934 1.000000
-0.364759 -0.640864 131.224828
-0.154360 -0.415838 25.916454
-0.000804 -0.001404 1.000000
-0.528979 -0.649668 -18.116577
-0.432583 -0.447889 -129.420644
-0.001160 -0.001204 1.000000
-0.257305 -0.958052 -136.233258
-0.106341 -0.560768 20.364191
-0.000596 -0.001945 1.000000
0.264767 -1.563244 -303.744236
0.479122 -1.436032 369.202584
0.001046 -0.003912 1.000000
-0.262811 -1.314797 627.309265
-0.016762 -0.810230 -353.907292
-0.000085 -0.002486 1.000000
-0.371735 -0.825570 408.591426
-0.253814 -0.485414 -65.039178
-0.000902 -0.001405 1.000000
0.583498 -1.595940 -82.568595
0.388075 -1.181985 -221.874067
0.000713 -0.003410 1.000000
-0.253195 -0.666001 -550.243756
-0.182191 -0.471916 -111.187961
-0.000867 -0.001405 1.000000
-1.667563 1.615165 2471.821539
-2.246761 1.729650 -416.445807
-0.004327 0.002784 1.000000
-0.435318 -0.891808 133.683523
-0.272122 -0.521465 -224.237919
-0.000933 -0.001658 1.000000
-0.495598 -0.826508 338.180731
-0.271647 -0.513309 -105.370536
-0.001041 -0.001667 1.000000
0.105529 -1.818067 445.829143
0.047892 -0.729815 -809.736917
-0.000044 -0.002960 1.000000
-0.055671 -1.304919 325.586624
0.065637 -0.971442 -107.878165
-0.000193 -0.002536 1.000000
-0.062114 -1.629284 366.696827
0.044275 -1.269927 -227.445211
-0.000207 -0.002663 1.000000
-0.292725 -0.575698 373.262516
-0.134694 -0.395452 -393.230768
-0.000849 -0.001511 1.000000
-0.802760 -0.264203 716.870857
-0.448378 -0.121153 -502.241820
-0.001475 -0.000637 1.000000
-0.139606 -1.146642 1089.873409
-0.089609 -1.233474 -231.380302
-0.000365 -0.002559 1.000000
-0.193039 -1.466128 269.042360
-0.022684 -0.922305 -362.968646
-0.000253 -0.002726 1.000000
-0.526853 -0.702308 -95.030573
-0.425922 -0.588609 -57.489948
-0.001111 -0.001320 1.000000
-0.545904 -0.657777 653.041045
-0.511384 -0.731861 149.438482
-0.001107 -0.001476 1.000000
-0.366783 -0.668457 241.923283
-0.319540 -0.685676 42.172237
-0.000962 -0.001640 1.000000
-0.199477 -0.531586 259.701670
-0.194738 -0.678612 21.582884
-0.000719 -0.001718 1.000000
-0.231167 -1.024393 525.499113
-0.109303 -0.702338 -91.606855
-0.000592 -0.001990 1.000000
-0.400416 -0.848993 781.435667
-0.233245 -0.686830 -7.575157
-0.000682 -0.001783 1.000000
-0.525154 -0.852572 388.535590
-0.414087 -0.750132 -5.992080
-0.001063 -0.001669 1.000000
-0.319315 -1.139811 559.532511
-0.225345 -1.150607 -2.773080
-0.000680 -0.002337 1.000000
-0.660466 -0.803583 85.881247
-0.582735 -0.835953 118.719737
-0.001318 -0.001640 1.000000
0.199969 -1.749107 271.861865
-0.037994 -1.325841 -58.818202
-0.000190 -0.002812 1.000000
-0.425623 -0.771519 335.764166
-0.228017 -0.833950 -6.793926
-0.000718 -0.001671 1.000000
-0.589623 -0.603400 492.250679
-0.509069 -0.545079 28.332926
-0.001219 -0.001380 1.000000
0.154709 -1.404731 1016.998163
0.187527 -1.215348 -161.561355
0.000132 -0.003525 1.000000
-0.352846 -0.546387 143.495519
-0.202700 -0.355224 -119.392038
-0.000991 -0.001322 1.000000
-0.840761 -0.852967 979.549019
-0.283697 -0.278645 -327.255565
-0.001173 -0.001185 1.000000
-0.762333 -0.618315 2383.325351
-0.300259 -0.027663 -81.528606
-0.001432 -0.001036 1.000000
-0.271442 -1.286241 552.711105
-0.156807 -0.611180 -331.243231
-0.000532 -0.002132 1.000000
-0.390459 -0.859382 354.177285
-0.234759 -0.649293 -88.523044
-0.000888 -0.001700 1.000000
-0.556467 -0.941279 1068.718936
-0.154777 -0.481954 49.325156
-0.000825 -0.001617 1.000000
-0.522707 -1.157243 825.793840
-0.149845 -0.676762 -273.839797
-0.000725 -0.001931 1.000000
-0.646757 -0.639902 357.880126
-0.243995 -0.256551 -305.093397
-0.001263 -0.000997 1.000000
-0.176799 -1.028027 162.969159
-0.051948 -0.576115 -189.611354
-0.000445 -0.002063 1.000000
-0.206209 -0.770968 140.529017
-0.194551 -0.613827 -67.789418
-0.000683 -0.001764 1.000000
-0.134871 -1.289269 784.554189
-0.054154 -1.148181 -287.860452
-0.000362 -0.002337 1.000000
-0.349451 -1.283014 586.090606
-0.054697 -0.819296 -154.334077
-0.000713 -0.001963 1.000000
-0.691081 -0.751199 948.125402
-0.312848 -0.416270 -129.992481
-0.001221 -0.001282 1.000000
0.092271 -1.511588 598.644636
0.038330 -1.030454 -171.955646
-0.000156 -0.002442 1.000000
-0.423831 -1.132310 759.941815
-0.130502 -0.669790 -147.125423
-0.000665 -0.002068 1.000000
-0.640100 -1.064188 674.994582
-0.248075 -0.833734 -71.204981
-0.000887 -0.002004 1.000000
-0.757883 -0.930120 1164.998647
-0.147043 -0.222216 18.960504
-0.000865 -0.001354 1.000000
-0.608242 -0.293417 1917.010087
-0.391976 -0.132053 96.935279
-0.001466 -0.000818 1.000000
-0.143475 -0.872109 867.209567
-0.083929 -0.613689 162.662320
-0.000569 -0.001997 1.000000
-1.487139 0.633275 1002.987557
-0.545104 0.170581 -1807.410624
-0.002573 0.000766 1.000000
-0.380590 -0.828022 392.859365
-0.239186 -0.574952 -93.395518
-0.000822 -0.001602 1.000000
-0.425173 -0.727156 486.871655
-0.182312 -0.470280 10.668670
-0.000758 -0.001461 1.000000
-0.245434 -0.735940 477.238542
-0.110915 -0.552872 -138.267871
-0.000669 -0.001840 1.000000
-0.384869 -0.419059 -31.731762
-0.296542 -0.215441 -209.617856
-0.001186 -0.000948 1.000000
1.154168 -0.076875 15.893472
0.072688 1.112719 -29.323429
0.000179 -0.000119 1.000000
0.227421 -1.064129 425.047496
0.035559 -0.675670 164.286984
0.000067 -0.002117 1.000000
-0.868699 -3.860175 1272.375367
0.114226 -4.510020 478.202391
0.000975 -0.008248 1.000000
-75.887783 101.706321 -65679.940797
-81.546915 111.237750 -16990.443973
-0.192389 0.244477 1.000000
0.539821 0.162019 -8.608433
-0.127349 0.773907 10.907472
-0.000402 -0.000223 1.000000
0.210853 -1.799779 405.803761
0.033591 -0.791720 -234.987933
0.000029 -0.002857 1.000000
-0.131843 -1.350354 -108.297885
-0.155412 -1.026353 151.134048
-0.000666 -0.002316 1.000000
-0.521678 -0.616146 595.364124
-0.474778 -0.506936 -12.713476
-0.001135 -0.001304 1.000000
-0.400284 -0.628846 295.326435
-0.372273 -0.511611 6.873780
-0.001110 -0.001288 1.000000
-0.440035 -0.348731 107.602741
-0.325904 -0.428260 200.417025
-0.001071 -0.001144 1.000000
-0.243389 -1.620399 512.910159
-0.045572 -1.799196 198.492363
-0.000213 -0.003336 1.000000
-0.066810 -1.153499 286.049457
-0.104988 -1.019127 151.593682
-0.000333 -0.002407 1.000000
-0.405475 -1.704860 604.782073
-0.219891 -1.709890 310.368072
-0.000408 -0.003287 1.000000
0.004137 -1.839813 580.414992
0.084944 -1.812614 170.160061
0.000246 -0.003801 1.000000
-0.390481 -0.720663 -0.319995
-0.259213 -0.616087 212.696890
-0.000634 -0.001937 1.000000
0.005439 -1.363645 389.902406
0.001050 -1.240614 48.890632
-0.000073 -0.002718 1.000000
0.008769 -0.894888 132.524103
0.026156 -0.973750 -78.310263
-0.000259 -0.002449 1.000000
-0.165975 -0.996398 270.937906
-0.147430 -0.873488 11.187679
-0.000712 -0.002182 1.000000
-0.028643 -1.125034 299.979668
0.029003 -0.817969 -117.048617
-0.000053 -0.002512 1.000000
0.516196 -2.181135 -265.515304
0.284772 -1.572121 -143.964101
0.000656 -0.003968 1.000000
-0.170953 -0.846957 -448.280702
-0.152009 -0.660370 -34.371532
-0.000661 -0.001824 1.000000
-0.079369 -0.849569 303.046913
-0.108961 -0.608774 -53.847266
-0.000454 -0.002037 1.000000
-0.204602 -0.884525 -126.958175
-0.182768 -0.535169 51.114173
-0.000664 -0.002044 1.000000
-0.121461 -0.734399 94.858669
-0.240033 -0.679484 68.242778
-0.000656 -0.001935 1.000000
0.170915 -1.182309 52.791765
0.012787 -1.252163 -63.584141
-0.000314 -0.002943 1.000000
0.215017 -1.413428 399.270924
0.055872 -1.034649 -75.883282
0.000102 -0.002934 1.000000
-1.513145 0.880114 -327.996170
-0.840534 -0.114995 667.090923
-0.002838 0.000793 1.000000
0.170656 -1.527677 1373.382678
-0.161782 -1.420536 335.450871
0.000061 -0.003415 1.000000
0.029056 -0.987190 105.239750
-0.087948 -0.726032 -108.867442
-0.000356 -0.002133 1.000000
0.076737 -0.869385 257.594421
-0.171830 -0.448113 -101.392642
-0.000343 -0.002136 1.000000
0.131411 -1.385552 536.606313
-0.055816 -0.707366 -219.913524
-0.000324 -0.002425 1.000000
-1.792197 1.232403 1691.985803
-1.524815 1.000464 1135.058816
-0.003500 0.002512 1.000000
0.281397 -1.298386 -32.515474
-0.035978 -1.147141 -43.500296
0.000328 -0.002955 1.000000
-0.493457 -1.020373 -599.435033
-0.460422 -0.803430 271.966847
-0.000939 -0.001700 1.000000
-0.267123 -1.865376 -451.306197
-0.214127 -1.080747 262.408513
-0.000324 -0.002582 1.000000
-1.645736 1.743131 2426.270135
-1.099875 0.332031 -1574.614027
-0.004480 0.003632 1.000000
0.316523 -2.120196 763.386011
0.108482 -1.052711 -494.011888
0.000483 -0.003722 1.000000
-1.429010 0.671106 1834.441349
-0.684615 0.436071 -244.879405
-0.002321 0.001070 1.000000
-3.081754 1.373370 -550.785676
-1.006384 1.014837 895.467211
-0.004401 0.003295 1.000000
-0.640565 -1.083986 1010.725935
-0.129346 -0.372112 -8.011021
-0.000880 -0.001456 1.000000
-0.549286 -1.499392 569.727434
-0.032111 -0.902646 -524.041600
-0.000356 -0.002492 1.000000
-0.640209 -1.160707 984.516822
-0.211259 -0.711995 -4.534431
-0.000842 -0.001770 1.000000
-0.259627 -1.448027 1031.956254
-0.006554 -0.543618 51.612847
-0.000276 -0.001995 1.000000
-0.354349 -1.097153 306.718781
-0.142425 -0.676823 -220.471811
-0.000769 -0.002005 1.000000
-0.618129 -1.064765 1007.810391
-0.173583 -0.441725 -103.600970
-0.001047 -0.001507 1.000000
-0.424327 -1.253500 914.293635
0.032303 -0.805521 -51.119877
-0.000478 -0.002089 1.000000
-0.872234 -0.745275 1353.071914
-0.297616 -0.607319 -370.885421
-0.001436 -0.001339 1.000000
-1.764816 2.127202 -448.976744
-1.764260 1.077041 2234.042787
-0.004975 0.004442 1.000000
0.160851 -1.868477 1066.191631
-0.020075 -0.912263 -213.120885
0.000092 -0.002893 1.000000
-0.010624 -1.325082 1041.245488
-0.182383 -0.961516 -145.897574
-0.000519 -0.002502 1.000000
-2.017071 1.691446 -2718.135195
-1.411142 1.234251 893.405244
-0.004810 0.004696 1.000000
-0.530232 -1.391422 904.728394
-0.080279 -0.889824 30.313941
-0.000615 -0.002110 1.000000
-0.412400 -1.171582 808.766208
-0.073016 -0.721852 -26.263934
-0.000542 -0.002015 1.000000
0.064793 -1.539685 869.760301
0.018654 -1.002189 -61.221388
-0.000007 -0.002808 1.000000
0.064180 -1.291915 820.509509
-0.095897 -0.407580 35.368964
-0.000124 -0.002022 1.000000
-0.838606 -0.141393 1939.553879
-0.742962 -0.183307 1604.346091
-0.002145 -0.000187 1.000000
-0.440068 -1.087390 900.292412
-0.421520 -0.876764 839.705517
-0.000833 -0.001820 1.000000
-0.287229 -1.351150 1022.896185
-0.054502 -0.735947 43.424496
-0.000313 -0.002066 1.000000
1.366524 -3.601473 2094.698478
0.036318 -1.759259 1571.735976
0.001696 -0.005758 1.000000
-0.957916 -0.175631 1188.571491
-0.343975 -0.006441 -353.346329
-0.001612 -0.000129 1.000000
-2.921315 2.136188 -941.652793
-1.297874 1.705293 3245.944407
-0.006875 0.005302 1.000000
-0.400840 -0.531368 387.225791
-0.138954 -0.171088 17.000130
-0.001029 -0.001073 1.000000
-0.400966 -1.362854 883.805848
-0.029735 -0.725847 -83.079780
-0.000410 -0.002088 1.000000
-0.592226 -1.165560 966.757139
-0.113499 -0.442949 28.158683
-0.000695 -0.001575 1.000000
-0.230230 -0.989285 191.701771
-0.175159 -0.891494 -272.102112
-0.000348 -0.002414 1.000000
-0.591999 -1.139124 869.198474
-0.135145 -0.434949 44.699092
-0.000693 -0.001695 1.000000
-0.521786 -0.948832 684.689253
-0.188417 -0.587258 -260.501373
-0.000931 -0.001798 1.000000
0.090017 -1.192979 530.576388
-0.043274 -1.252789 103.509039
-0.000161 -0.002783 1.000000
-0.069142 -1.052913 642.105179
-0.163648 -0.695762 109.229863
-0.000544 -0.001974 1.000000
-0.225733 -1.314295 481.475955
-0.059398 -0.857785 -38.058372
-0.000461 -0.002175 1.000000
-0.445052 -1.132252 484.801177
-0.217339 -0.935336 -176.888691
-0.000798 -0.002223 1.000000
-0.443048 -1.261961 831.419577
-0.078088 -0.613461 -67.761075
-0.000385 -0.002116 1.000000
-0.607016 -1.196744 991.667392
-0.110397 -0.553375 -39.809631
-0.000480 -0.001920 1.000000
0.717604 -2.695827 558.464123
0.367948 -1.505038 -795.625530
0.000932 -0.004481 1.000000
-0.682678 -0.706501 878.847016
-0.187066 -0.281366 -8.013710
-0.001049 -0.001103 1.000000
-0.251143 -1.144208 1326.829171
-0.256980 -0.753902 -447.957358
-0.000415 -0.002035 1.000000
-0.639151 -1.240701 906.023578
-0.128290 -0.882764 -80.933502
-0.000622 -0.002287 1.000000
-0.625958 -1.136015 1120.111761
-0.085829 -0.620967 -48.628529
-0.000725 -0.001780 1.000000
-0.166805 -1.381016 1376.856116
0.038835 -0.710219 -102.720172
-0.000157 -0.002377 1.000000
-0.542205 -0.808285 227.889640
-0.118043 -0.232282 -162.437405
-0.000975 -0.001395 1.000000
-0.398050 -0.971241 697.366045
-0.101735 -0.560679 -46.169029
-0.000629 -0.001719 1.000000
-0.483550 -0.934789 786.099870
-0.221922 -0.480541 -6.245359
-0.000709 -0.001718 1.000000
-0.383913 -1.390489 695.585269
0.008067 -0.909186 -124.386417
-0.000230 -0.002519 1.000000
-0.680936 -0.808351 -321.700183
-0.371733 -0.491368 -554.214609
-0.001161 -0.001372 1.000000
-0.097018 -1.392442 259.934488
0.063043 -1.139629 -112.897220
-0.000144 -0.002797 1.000000
-0.369426 -1.075368 397.345825
-0.170375 -0.719424 -103.502337
-0.000617 -0.002065 1.000000
-0.158424 -0.948699 475.636838
-0.118613 -0.592378 -71.021689
-0.000519 -0.002230 1.000000
-0.102881 -0.803519 232.175268
0.099132 -0.766188 -192.138061
0.000150 -0.002779 1.000000
-0.195219 -1.043396 449.008212
0.202999 -1.600488 38.834822
0.000093 -0.003217 1.000000
-0.319811 -1.156127 226.981883
-0.075387 -0.613467 -300.810784
-0.000383 -0.002287 1.000000
-0.406227 -0.952681 551.966193
-0.208810 -0.781703 28.163965
-0.000626 -0.002003 1.000000
-0.370829 -0.985481 762.531654
-0.332084 -0.911063 115.445900
-0.000904 -0.002037 1.000000
-0.291978 -1.095808 308.668062
-0.236035 -1.155151 24.762722
-0.000684 -0.002404 1.000000
-0.634889 -0.633714 369.402060
-0.425440 -0.514273 1.167118
-0.001350 -0.001181 1.000000
0.442141 -1.233274 -297.636069
0.672033 -1.738036 -546.212731
0.001300 -0.004116 1.000000
-0.444852 -1.151844 1094.062418
-0.090922 -0.503226 108.226290
-0.000462 -0.001625 1.000000
-0.505989 -0.962572 564.125120
-0.085879 -0.332525 -179.826852
-0.000766 -0.001457 1.000000
-0.593749 -0.876167 905.915340
-0.169298 -0.354494 -10.599527
-0.000893 -0.001372 1.000000
-0.948698 0.228223 190.747278
-0.493779 0.142143 -69.792292
-0.001775 0.000027 1.000000
-0.506624 -1.140442 435.951142
-0.052513 -0.654714 -254.320346
-0.000585 -0.002329 1.000000
-0.382929 -0.953407 703.211850
-0.097423 -0.364538 -141.245772
-0.000563 -0.001757 1.000000
-0.519868 -0.457726 450.280758
-0.457916 -0.392649 40.170683
-0.001208 -0.001025 1.000000
0.074671 -1.440980 512.758959
0.159507 -1.365822 -189.863791
-0.000034 -0.003267 1.000000
-0.646530 -0.474539 478.606888
-0.621523 -0.402621 -32.998372
-0.001374 -0.001037 1.000000
-0.304543 -0.595395 210.292361
-0.352438 -0.593866 -130.482743
-0.001007 -0.001390 1.000000
-0.460874 -1.209379 581.145642
-0.372642 -1.040362 134.274919
-0.000911 -0.002068 1.000000
-0.319519 -0.817173 442.454849
-0.136813 -0.417092 -116.977745
-0.000658 -0.001750 1.000000
-0.204824 -0.980430 395.680708
-0.149965 -0.727143 96.497813
-0.000600 -0.001942 1.000000
-0.539973 -0.881650 58.969551
-0.311433 -0.453459 62.189837
-0.001120 -0.001446 1.000000
-0.654272 -0.278725 518.852973
-0.472973 -0.337678 -160.083979
-0.001636 -0.000859 1.000000
-0.385845 -1.761030 547.398678
-0.109966 -1.404742 193.948071
-0.000192 -0.002986 1.000000
-0.374622 -0.874205 555.068345
-0.243452 -0.690822 0.787075
-0.000836 -0.002087 1.000000
-0.489746 -0.750600 345.214390
-0.307714 -0.532608 -17.030825
-0.001052 -0.001370 1.000000
-0.426135 -0.453016 142.869063
-0.395856 -0.363678 -33.489283
-0.001194 -0.001235 1.000000
-0.379791 -1.080923 656.659014
-0.125528 -0.822687 -66.058672
-0.000556 -0.002181 1.000000
-0.222286 -0.669210 174.298652
-0.183439 -0.536803 111.333876
-0.000627 -0.001603 1.000000
0.005925 -1.267997 64.258907
0.128663 -0.901503 -221.278118
0.000155 -0.002895 1.000000
0.344739 -1.912111 181.171655
0.007280 -0.864190 -611.093963
0.000235 -0.003144 1.000000
-0.101084 -1.063260 564.831736
-0.076240 -0.685069 -221.017921
-0.000490 -0.002139 1.000000
-0.525005 -1.246722 520.884330
-0.306530 -1.210136 102.654297
-0.000655 -0.002373 1.000000
-0.121125 -1.029065 266.159726
-0.210997 -0.829211 125.269781
-0.000616 -0.002089 1.000000
0.150715 -1.460108 246.694928
0.258146 -1.025855 -176.820069
0.000657 -0.003188 1.000000
