-0.040157 -1.949074 556.207004
-0.047475 -0.896721 -62.684565
0.000040 -0.003090 1.000000
-0.136476 -1.259885 334.429013
0.006324 -0.622022 -112.240182
-0.000208 -0.002626 1.000000
0.110653 -1.281328 192.622435
0.115501 -1.012700 -256.104432
0.000631 -0.003548 1.000000
-0.124967 -0.985601 122.927280
-0.019570 -0.691656 44.802718
-0.000312 -0.002399 1.000000
-0.044349 -1.662175 -121.860184
0.112314 -0.782598 23.245206
0.000122 -0.003297 1.000000
1.546206 -4.512462 -866.537830
1.292759 -3.216398 -767.328136
0.002647 -0.008344 1.000000
0.187375 -2.194333 185.373725
-0.090751 -2.579347 254.458374
0.000004 -0.004446 1.000000
0.161757 -1.957353 26.476811
0.093096 -2.272554 96.432339
0.000006 -0.004019 1.000000
0.403807 -2.536910 449.868997
0.727642 -2.778110 -886.120068
0.001205 -0.005793 1.000000
0.519349 -3.010311 846.869523
0.162535 -2.300487 -92.784537
0.000654 -0.004572 1.000000
-0.232642 -1.654303 573.227278
0.019625 -1.094985 -79.415383
-0.000156 -0.002952 1.000000
0.061698 -1.279538 32.138061
-0.070777 -0.986035 51.333874
-0.000219 -0.002948 1.000000
0.020253 -1.477014 859.355781
-0.159994 -2.662908 183.661566
0.000099 -0.004545 1.000000
-7.845068 6.646340 926.217814
-5.965390 11.405871 6428.798099
-0.014369 0.024382 1.000000
-0.103584 -0.720954 562.746443
-0.091149 -0.680138 35.706805
-0.000318 -0.001966 1.000000
0.219434 -3.549735 172.578027
0.224131 -2.608485 17.935049
0.000524 -0.005628 1.000000
0.166715 -1.709247 249.010188
0.225136 -2.055934 -27.946602
0.000196 -0.004102 1.000000
0.362986 -1.963473 167.520526
0.191320 -1.746826 -196.989274
0.000253 -0.003910 1.000000
0.188351 -1.553132 343.113591
0.060076 -1.282858 -143.768548
0.000084 -0.003643 1.000000
0.115291 -1.775473 258.398279
-0.011103 -1.146480 -30.369157
-0.000114 -0.003161 1.000000
-0.071135 -1.530412 294.639911
-0.058710 -1.211238 -17.909154
-0.000230 -0.002925 1.000000
-0.245089 -1.804143 382.796881
-0.182546 -1.437649 17.371298
-0.000337 -0.002759 1.000000
0.088220 -2.377331 -642.383585
0.118014 -1.684802 557.035609
0.000183 -0.003440 1.000000
0.323622 -2.582806 409.227177
0.263201 -2.095713 -252.541273
0.001001 -0.004703 1.000000
0.538081 -2.420710 437.780473
0.615079 -3.977967 -530.694542
0.001676 -0.007596 1.000000
0.048466 -1.534223 499.874335
-0.095427 -1.986064 40.963770
0.000072 -0.004327 1.000000
0.303804 -2.570872 181.162157
0.680945 -3.463153 -551.124662
0.001221 -0.006308 1.000000
-0.011849 -1.077813 141.325829
0.043559 -1.709134 161.466174
0.000203 -0.003142 1.000000
0.088238 -1.063930 164.328578
0.018977 -1.381894 58.928614
0.000101 -0.003180 1.000000
0.046594 -1.368725 766.416123
0.302390 -1.177562 -175.785514
0.000272 -0.003066 1.000000
0.730240 -3.537412 150.609551
0.922973 -2.915700 -870.991135
0.001962 -0.006573 1.000000
0.139670 -1.340469 205.137141
0.188092 -1.040689 -304.855432
0.000090 -0.003221 1.000000
0.387269 -1.665029 372.649982
0.535726 -1.869829 -508.290210
0.000790 -0.004557 1.000000
-0.226825 -0.564470 121.192454
-0.256624 -0.989183 -175.376406
-0.000716 -0.002549 1.000000
0.517589 -1.618087 45.542595
0.304231 -1.360500 -521.421447
0.000809 -0.003946 1.000000
0.225736 -0.955891 403.706992
0.096004 -1.536550 16.877946
0.000274 -0.003782 1.000000
-0.272421 -1.199060 -436.405122
-0.089176 -0.713687 -388.865048
-0.000421 -0.002372 1.000000
0.102727 -1.400496 81.300323
0.356586 -1.099728 -732.572949
0.000675 -0.003636 1.000000
-0.977159 0.339796 -319.552132
-0.564565 0.296092 704.623867
-0.002245 0.000822 1.000000
1.274982 -2.551415 113.320212
0.840831 -1.800883 -1181.290611
0.002194 -0.005636 1.000000
-6.656506 10.133336 -3421.601292
-5.691086 10.322846 6757.883005
-0.013405 0.024490 1.000000
0.044399 -1.106461 426.535862
0.018814 -0.848039 -279.943337
-0.000576 -0.002510 1.000000
-0.145641 -1.337256 778.984674
0.062178 -1.253712 -170.116692
-0.000175 -0.003529 1.000000
-0.177600 -0.876759 395.057798
-0.101615 -0.656157 -249.283083
-0.000222 -0.002526 1.000000
0.290154 -2.072018 26.804269
0.226376 -2.023066 -283.461342
0.001054 -0.004983 1.000000
0.501378 -3.333606 1633.392236
0.727078 -3.108848 -500.146107
0.002264 -0.009280 1.000000
-0.177542 -1.615036 539.294852
-0.006972 -1.090674 -189.617845
0.000274 -0.003872 1.000000
0.283701 -1.388677 506.210781
0.042928 -0.912936 -300.966642
0.000061 -0.003252 1.000000
0.543148 -1.945139 497.224610
0.203658 -1.170952 -338.395916
0.000698 -0.004227 1.000000
0.418063 -2.790354 92.608523
0.380324 -2.475898 -198.303160
0.001294 -0.005460 1.000000
0.160777 -0.870077 613.557187
0.061543 -1.143061 -40.940826
-0.000026 -0.004085 1.000000
0.078070 -0.708262 625.554559
0.118530 -1.459792 -58.833302
0.000229 -0.004495 1.000000
0.209418 -2.111135 251.210008
0.052289 -1.156067 -450.229395
0.000048 -0.003741 1.000000
-1.430314 2.382300 -142.489978
-2.967496 3.540384 2106.205747
-0.005919 0.008481 1.000000
0.204353 -1.575115 381.782102
0.003071 -0.712045 -129.140061
-0.000128 -0.002742 1.000000
-0.026711 -1.082298 481.254647
-0.085348 -0.990797 3.732944
-0.000411 -0.002803 1.000000
-0.027816 -1.704708 372.017449
-0.056106 -1.470170 -43.662962
-0.000075 -0.003622 1.000000
0.138040 -1.406974 410.074809
-0.038214 -0.899003 -78.623799
0.000123 -0.003129 1.000000
0.114440 -1.514935 128.878984
-0.115002 -1.136335 62.151288
-0.000100 -0.002760 1.000000
0.303237 -2.310696 239.756622
0.064186 -1.286856 -94.332112
0.000269 -0.003753 1.000000
0.042745 -0.825573 82.174295
0.067466 -0.596160 -148.112888
-0.000293 -0.002488 1.000000
0.274940 -1.976077 -175.773772
-0.055381 -1.079204 -108.100843
0.000107 -0.003512 1.000000
0.140606 -1.034730 182.604565
0.078896 -1.102977 -149.131237
0.000692 -0.004072 1.000000
2.200686 -4.919394 819.136665
0.579995 -2.085430 -749.911677
0.002900 -0.007501 1.000000
0.350753 -2.252881 409.512124
-0.127524 -1.305098 5.582822
0.000055 -0.003575 1.000000
0.559065 -1.773883 503.639892
0.102810 -2.042905 -180.665929
0.000436 -0.004572 1.000000
0.197916 -2.429179 389.144745
0.067912 -2.131106 -5.428572
0.000040 -0.004337 1.000000
-0.090269 -0.754812 47.096278
-0.154686 -0.576178 13.338986
-0.000560 -0.002006 1.000000
0.003191 -1.494422 162.170983
-0.041292 -1.100855 -125.454549
0.000098 -0.003714 1.000000
-0.179223 -1.378973 747.160211
0.041621 -1.034727 -151.599632
-0.000046 -0.002755 1.000000
0.347451 -2.105807 325.926248
0.406937 -2.275989 -134.052686
0.000586 -0.004655 1.000000
0.237595 -1.478817 453.558276
-0.022107 -0.909829 -36.717578
-0.000027 -0.002730 1.000000
0.019348 -0.771576 -35.588491
-0.179814 -0.897688 -113.401298
-0.000421 -0.002521 1.000000
0.442801 -1.355679 183.929326
0.215814 -1.423140 -36.266705
0.000277 -0.003413 1.000000
1.367862 -2.945931 667.956483
0.231643 -1.196545 -636.519940
0.001620 -0.005057 1.000000
0.525467 -1.793757 349.727932
0.415248 -1.683228 -334.279203
0.000598 -0.003802 1.000000
0.113932 -1.311069 427.216790
-0.225784 -2.445723 -38.022856
0.000506 -0.004298 1.000000
-0.059141 -0.659175 152.824537
-0.006558 -0.784957 -6.892171
-0.000209 -0.002560 1.000000
0.160475 -2.082107 329.569734
0.092128 -0.665228 -344.506133
0.000235 -0.003695 1.000000
0.884534 -2.022587 407.195466
0.309302 -0.838783 -524.450906
0.000894 -0.003772 1.000000
0.201691 -1.649032 471.812871
0.084617 -0.879475 -90.329351
-0.000116 -0.002727 1.000000
0.977544 -3.526698 800.642823
0.331273 -1.764811 -420.314888
0.001573 -0.005921 1.000000
0.538209 -3.077016 722.203131
0.678772 -3.340839 -356.788916
0.001393 -0.006728 1.000000
0.173849 -1.765959 180.683558
0.046461 -0.908403 -156.810503
-0.000199 -0.003014 1.000000
0.334307 -1.446278 152.881393
0.219342 -1.688432 47.984695
0.001246 -0.005117 1.000000
0.316335 -0.953037 81.560705
0.188912 -1.276477 -64.636455
0.000767 -0.003856 1.000000
0.711427 -2.919297 525.216440
0.161625 -2.136294 -307.219520
0.000917 -0.005384 1.000000
-0.136333 -1.315819 345.392616
-0.137394 -0.883653 -96.182983
-0.000362 -0.002520 1.000000
0.351577 -1.961357 36.528735
0.098223 -1.612474 32.781206
0.000856 -0.004536 1.000000
0.376865 -1.591246 406.543571
0.100409 -0.881192 -96.472028
0.000186 -0.003032 1.000000
0.442923 -1.941029 522.873429
0.183300 -0.939878 -208.040631
0.000316 -0.003251 1.000000
-0.042834 -1.404290 293.996612
0.006519 -0.919141 -3.518362
-0.000138 -0.002709 1.000000
0.440225 -2.324467 580.374903
0.135777 -1.927263 -78.400237
0.000391 -0.004243 1.000000
-0.039003 -1.827950 336.786734
0.110132 -1.603515 0.566377
0.000405 -0.004019 1.000000
0.187060 -1.497034 192.136375
-0.091800 -0.901153 -83.214204
0.000019 -0.003162 1.000000
0.513949 -2.196782 551.965787
0.112432 -1.102067 -324.658031
0.000753 -0.004895 1.000000
0.811467 -2.716679 624.082768
0.180076 -1.635810 -180.472841
0.001040 -0.004819 1.000000
0.037431 -1.869682 541.887641
0.148391 -1.889521 -28.001467
0.000085 -0.004132 1.000000
0.794425 -2.945025 372.163112
0.289056 -1.685360 -230.599623
0.000835 -0.004889 1.000000
-0.290599 -1.581965 355.147737
-0.092852 -1.327241 136.242208
-0.000386 -0.002857 1.000000
0.100157 -1.361204 277.332753
-0.117042 -0.682683 43.624713
-0.000320 -0.002377 1.000000
0.145228 -1.673615 514.181075
0.249653 -1.568830 -294.085112
0.000179 -0.003774 1.000000
0.101297 -1.774098 528.337972
-0.117922 -1.046601 90.384218
0.000105 -0.002826 1.000000
0.539631 -2.286428 423.797174
0.256590 -1.211739 -617.088289
0.000758 -0.004306 1.000000
-0.230187 -1.433792 509.862842
-0.061589 -0.938069 19.855257
-0.000322 -0.002485 1.000000
0.737429 -3.779466 59.572500
0.504550 -3.657103 -744.218435
0.001637 -0.007983 1.000000
0.157810 -2.549953 440.730473
-0.017503 -1.299822 -54.911362
0.000014 -0.004312 1.000000
0.357406 -2.999486 633.401627
0.162613 -2.092432 10.209517
0.000435 -0.004278 1.000000
0.350832 -1.902832 333.903620
0.147277 -1.556742 -165.422776
0.000228 -0.004005 1.000000
0.250294 -2.116514 267.437769
0.062062 -1.256408 -36.218206
0.000113 -0.003663 1.000000
-0.137641 -1.533462 345.419757
0.026241 -1.280703 -105.395561
-0.000115 -0.003173 1.000000
-0.001893 -2.534036 377.181312
0.018310 -1.588977 -93.789050
-0.000064 -0.003962 1.000000
0.072455 -2.501265 474.518251
0.181904 -2.102047 -54.563799
0.000089 -0.004319 1.000000
0.081168 -1.523217 447.870504
0.002685 -0.970076 -71.555977
-0.000199 -0.002850 1.000000
0.148874 -1.829620 316.636245
0.068033 -1.414205 -9.404287
0.000055 -0.003258 1.000000
0.257610 -2.105389 375.291714
0.052416 -2.078189 129.293106
0.000184 -0.004365 1.000000
0.631566 -5.631779 691.689642
0.834189 -4.678565 -156.322745
0.001234 -0.007890 1.000000
0.113527 -1.813169 482.506354
-0.021494 -0.975997 53.987265
-0.000011 -0.003171 1.000000
0.242670 -1.405559 308.578461
-0.010930 -0.720001 33.760701
-0.000180 -0.002558 1.000000
2.279066 0.161314 -420.232595
0.346485 2.393080 -302.746219
0.000692 0.000343 1.000000
0.845010 -0.470506 39.655635
0.126886 0.794902 -69.702905
-0.000010 -0.001012 1.000000
1.610301 -0.894418 -45.686656
0.455330 0.973799 -173.190334
0.000915 -0.001720 1.000000
1.127177 0.253844 -138.917260
-0.082548 1.691081 -58.179486
-0.000221 0.000424 1.000000
0.359534 -0.448040 117.264133
-0.103511 0.415950 36.257300
-0.000448 -0.001044 1.000000
3.444080 2.102144 -903.635394
1.239581 4.351035 -828.822255
0.001826 0.001158 1.000000
1.194352 0.658331 -215.665365
-0.043177 2.489310 -149.553889
-0.000206 0.000968 1.000000
1.291936 -0.022909 -85.713333
0.334893 1.314562 -68.530046
0.000395 -0.000217 1.000000
0.750967 -0.405622 45.434245
0.096677 0.480895 141.217705
-0.000124 -0.000690 1.000000
0.336750 -0.721231 231.426736
-0.037964 0.007159 161.406538
-0.000257 -0.001262 1.000000
0.310004 -0.683892 247.569441
-0.069035 0.014782 148.398924
-0.000302 -0.001256 1.000000
-0.027440 -0.818251 201.916212
-0.174344 -0.675099 126.015524
-0.000561 -0.001995 1.000000
-0.065979 -2.575901 770.684840
0.170578 -3.441789 200.942869
0.000419 -0.005451 1.000000
0.073978 -0.866893 269.875143
-0.140491 -0.487824 74.811468
-0.000313 -0.002035 1.000000
0.275986 -2.129241 434.063669
-0.029878 -1.435930 69.886334
0.000176 -0.003584 1.000000
0.057097 -1.535268 367.389044
-0.218586 -0.789703 315.222831
-0.000432 -0.002173 1.000000
-0.028608 -1.866042 466.131298
-0.160500 -1.083330 256.060895
-0.000285 -0.002765 1.000000
-0.153080 -1.669031 505.933475
-0.164380 -0.694202 154.166096
-0.000301 -0.002479 1.000000
-0.276560 -1.481426 433.459994
-0.141313 -0.772387 85.412550
-0.000447 -0.002487 1.000000
0.408853 -0.304890 250.660679
-0.123708 0.620920 98.829118
-0.000342 -0.000386 1.000000
-0.043776 -1.203155 204.135740
-0.135353 -0.782856 72.491774
-0.000577 -0.002321 1.000000
-0.016436 -2.469069 1025.492508
0.184276 -2.018423 34.753320
0.000258 -0.004739 1.000000
-0.322740 -1.593677 454.684973
-0.094063 -0.819183 52.501336
-0.000528 -0.002742 1.000000
8.129868 -18.829522 3730.876464
4.211953 -10.006776 -3073.520344
0.018117 -0.039557 1.000000
-6.137151 2.757782 195.212921
-1.837355 1.780238 1214.580001
-0.007773 0.006782 1.000000
-0.449668 -1.630168 843.405461
0.036839 -1.081743 -28.800684
-0.000334 -0.002800 1.000000
0.313809 -1.230101 590.884358
0.289215 -1.689578 -329.091608
0.000655 -0.004544 1.000000
0.598058 -1.948501 779.787223
0.351067 -2.072677 -142.463147
0.001126 -0.004922 1.000000
0.460998 -2.730809 507.153699
0.345944 -3.623483 43.530748
0.000790 -0.006115 1.000000
-0.171922 -1.684971 385.300268
-0.108351 -0.914417 45.233810
-0.000219 -0.002559 1.000000
2.978772 -5.607345 1929.065345
1.351021 -3.686921 -2889.559859
0.003795 -0.010431 1.000000
0.140815 -2.679360 1172.698602
0.034437 -1.097441 -97.567565
0.000054 -0.003551 1.000000
0.025904 -2.157418 1235.845750
-0.075634 -1.176925 -149.618044
0.000143 -0.003493 1.000000
0.888755 -3.096787 1362.661806
0.543630 -2.197996 -866.975406
0.001322 -0.006130 1.000000
3.021163 -5.811899 1153.105994
1.255416 -2.490068 -2541.851906
0.003365 -0.008671 1.000000
1.200114 -3.776185 312.881336
0.438418 -1.628943 -1217.828908
0.001564 -0.005966 1.000000
-0.099180 -2.694120 942.834951
0.158249 -2.247475 219.705408
0.000294 -0.005082 1.000000
-0.102643 -1.423603 469.767239
-0.190368 -1.241063 146.818476
-0.000291 -0.003214 1.000000
3.523204 -6.357027 1929.174477
0.941656 -1.745356 -810.073693
0.004337 -0.008511 1.000000
-0.504680 -1.870715 1055.974640
-0.135503 -1.190095 11.709660
-0.000287 -0.002868 1.000000
-0.526715 -1.931206 516.653580
-0.288977 -1.745604 263.393733
-0.000733 -0.003013 1.000000
-0.108713 -1.003349 368.362580
-0.087004 -0.582805 -12.044054
-0.000463 -0.001991 1.000000
1.000000 0.000000 -0.000000
0.000000 1.000000 0.000000
-0.000000 -0.000000 1.000000
0.035926 -1.331940 506.088565
-0.087151 -0.718568 121.141618
-0.000085 -0.002410 1.000000
-12.086172 31.431524 18393.391796
-8.086247 20.085714 12352.438401
-0.037299 0.064759 1.000000
0.046964 -1.918790 222.218840
0.172573 -2.597697 -10.218014
0.000487 -0.004717 1.000000
0.411340 -1.229318 -127.268634
0.156775 -1.858049 -139.748287
0.000685 -0.004826 1.000000
-0.839845 -0.352880 946.053628
-0.670003 0.000369 111.256586
-0.001520 -0.000555 1.000000
-0.001389 -0.773491 -17.322063
-0.022626 -0.821402 54.450675
-0.000404 -0.002596 1.000000
0.260502 -1.664384 277.785986
0.061271 -1.001617 -103.228505
0.000213 -0.003188 1.000000
-0.026608 -1.478228 316.701971
0.044644 -1.716155 53.713806
-0.000083 -0.003654 1.000000
0.009016 -3.236242 730.954059
0.084244 -2.323171 111.310864
0.000028 -0.004179 1.000000
0.266050 -2.866591 531.109924
0.100294 -2.032765 51.881031
0.000093 -0.004169 1.000000
0.002596 -0.625055 84.267742
-0.080488 -1.149631 47.427445
-0.000381 -0.002587 1.000000
0.234695 -1.506990 -270.729616
0.298921 -1.638429 -183.943883
0.000963 -0.005388 1.000000
0.100226 -2.696261 70.786319
-0.089494 -2.118149 156.314755
0.000053 -0.004142 1.000000
-0.074520 -1.323730 136.618694
-0.050965 -1.145356 98.804483
-0.000324 -0.002758 1.000000
1.226644 -5.004416 31.201634
0.572067 -3.547189 -512.394848
0.002534 -0.009383 1.000000
0.163833 -1.016946 -4.221673
0.077181 -0.894232 -45.572039
0.000730 -0.003364 1.000000
0.246175 -2.038569 -249.697475
-0.030779 -2.082488 316.418060
0.000710 -0.004982 1.000000
0.060996 -1.801423 -121.318917
0.131465 -1.521317 26.042675
0.000452 -0.004132 1.000000
0.219662 -1.542628 -30.451472
-0.135489 -1.290364 143.417039
0.000136 -0.003654 1.000000
0.243126 -3.321202 -2.059902
-0.045995 -2.567356 216.585481
0.000443 -0.005625 1.000000
0.590381 -2.742444 495.020956
0.460260 -2.446264 -228.786677
0.000830 -0.005300 1.000000
0.897423 -0.235435 5.341190
-0.059867 0.756222 32.545017
-0.000160 -0.000427 1.000000
0.224802 -1.857881 475.995172
0.206644 -0.819698 -131.846832
0.000166 -0.003073 1.000000
-0.077986 -1.765435 24.615932
-0.157436 -1.646334 202.880793
-0.000099 -0.003761 1.000000
0.099598 -0.875955 -80.335218
-0.003385 -0.852572 29.956318
-0.000019 -0.002910 1.000000
-0.022321 -1.993204 78.738507
0.151457 -2.073352 97.829875
0.000157 -0.004152 1.000000
0.657759 -2.905953 -288.116228
0.754273 -1.410466 -649.446259
0.003193 -0.006635 1.000000
-8.797398 12.440167 10705.605559
-7.754929 15.201344 -4636.352092
-0.018423 0.030348 1.000000
-0.643266 -0.297647 951.486724
-0.523195 -0.264758 -74.885316
-0.001242 -0.000898 1.000000
0.092194 -1.639714 -68.388106
0.128468 -1.501224 151.496505
0.000521 -0.003994 1.000000
-0.045609 -1.486503 53.817989
-0.061952 -1.090295 40.073565
-0.000324 -0.002980 1.000000
0.488935 -3.532767 65.095133
0.008916 -2.536365 -174.409447
0.000704 -0.006087 1.000000
-0.319957 -0.845608 904.380418
-0.160694 -1.059968 23.874552
-0.000438 -0.002379 1.000000
0.488061 -2.822266 -478.490409
0.405790 -2.978873 359.144232
0.000846 -0.005150 1.000000
-0.393943 -0.685141 1066.427749
-0.510723 -0.805472 368.307351
-0.000971 -0.001443 1.000000
-0.028186 -1.397448 872.631976
-0.105691 -1.326223 180.653248
-0.000103 -0.002676 1.000000
-2.576307 1.631804 3102.045100
-1.768593 1.574384 642.701608
-0.003768 0.002931 1.000000
0.080411 -2.328646 83.302018
0.084900 -2.270493 -84.964520
0.000312 -0.004240 1.000000
-0.277302 -0.947586 656.413710
-0.144604 -0.804061 23.263182
-0.000350 -0.001765 1.000000
-1.256157 0.374879 -23.383303
-1.927290 1.664126 794.976613
-0.002783 0.001948 1.000000
0.075515 -2.578247 986.747515
0.114614 -1.415715 62.108100
0.000051 -0.003744 1.000000
-0.769301 -1.427995 1625.548941
-0.550722 -0.417410 35.149960
-0.001218 -0.001593 1.000000
-0.070240 -1.998645 1041.895295
0.001716 -0.678280 4.516490
-0.000045 -0.002639 1.000000
0.200574 -2.360738 965.699634
0.005613 -0.948639 77.926282
0.000168 -0.003278 1.000000
0.487459 -2.625946 200.740881
0.493395 -2.312784 -1222.145883
0.000998 -0.005118 1.000000
-0.191082 -2.099753 992.976850
0.033697 -0.679970 -7.704888
-0.000151 -0.002775 1.000000
0.330884 -2.627018 980.410790
0.067777 -1.815997 132.804986
0.000233 -0.004328 1.000000
-0.026773 -2.786788 1632.296478
0.422619 -2.657189 -315.353868
0.000518 -0.005238 1.000000
-0.792428 -0.239986 815.724181
-0.918405 -0.331216 -823.434777
-0.001606 -0.000365 1.000000
0.576919 -1.973184 799.235575
0.395676 -1.792397 -633.425666
0.000800 -0.004320 1.000000
0.681698 -2.417171 2825.462429
0.323151 -2.448038 -3069.775557
0.000414 -0.004548 1.000000
-0.565463 -0.348826 -12.550880
-0.775079 0.135051 122.366263
-0.001658 -0.000052 1.000000
0.044870 -2.158390 1210.851121
-0.011887 -1.198921 151.203556
0.000097 -0.002976 1.000000
0.134851 -3.123253 1166.116480
0.389265 -1.840563 -38.551002
0.000542 -0.005132 1.000000
1.307216 -3.212136 2677.731056
0.641137 -1.427628 -525.087538
0.001762 -0.005533 1.000000
1.603465 -3.441058 1172.458536
1.011653 -1.780704 -1970.517630
0.002729 -0.006822 1.000000
-0.517869 -1.425543 522.263315
-0.388003 -1.483491 205.946058
-0.000570 -0.002457 1.000000
-0.627773 -0.556481 682.964868
-0.627831 -0.516390 956.124082
-0.001262 -0.000801 1.000000
10.665878 -15.650958 6472.464486
5.957088 -11.844791 -5657.507095
0.017434 -0.029200 1.000000
0.133050 -0.464242 402.573811
-0.790163 -1.840550 725.683078
-0.000821 -0.002285 1.000000
-0.247872 -2.458780 886.941084
-0.006412 -1.537686 -138.101779
0.000107 -0.003729 1.000000
0.468187 -3.491196 1104.577342
0.409083 -1.844509 -215.573317
0.000826 -0.004372 1.000000
-0.039797 -1.479046 202.157578
-0.028568 -0.983600 19.457546
-0.000269 -0.002831 1.000000
-0.102203 -2.036940 994.214871
0.021175 -0.909694 13.068377
0.000004 -0.003282 1.000000
-0.078982 -1.982859 1169.971944
0.323759 -2.298439 -353.664728
0.000500 -0.005380 1.000000
-0.447235 -0.760023 740.659561
-0.161169 -0.193441 -313.286041
-0.001015 -0.001550 1.000000
-0.173619 -1.827887 842.734631
-0.095585 -1.551890 -25.500472
-0.000358 -0.003443 1.000000
0.064839 -2.454186 343.033761
-0.052541 -1.948256 -400.712406
-0.000064 -0.005166 1.000000
-0.200746 -2.007833 1106.074417
0.300690 -1.227992 -403.614948
0.000292 -0.004228 1.000000
0.265564 -1.104546 -107.213751
0.113415 -0.972698 -25.274523
0.000363 -0.003220 1.000000
-0.349782 -1.945204 863.291225
-0.117406 -1.271886 31.811061
-0.000277 -0.003079 1.000000
-0.053165 -2.344514 588.660092
0.017817 -2.018243 -23.582934
-0.000235 -0.003839 1.000000
-0.015530 -1.680053 871.271336
0.075373 -1.572641 100.690198
0.000101 -0.003759 1.000000
1.786947 -5.717627 3040.488129
1.765766 -3.547217 -2172.061568
0.002891 -0.008861 1.000000
2.375604 -9.240993 3788.136083
1.378915 -4.121769 -2184.653870
0.004123 -0.012234 1.000000
2.970908 -7.217779 2970.101480
1.121970 -3.858166 -1905.904156
0.004226 -0.010506 1.000000
-4.773065 9.177964 2404.942572
-5.252278 6.861379 2531.742233
-0.009557 0.013255 1.000000
-0.409601 -1.518875 948.077931
-0.127699 -0.596737 -133.818994
-0.000412 -0.002135 1.000000
0.384765 -2.738161 1204.048841
0.526383 -1.358042 -169.260747
0.000736 -0.004538 1.000000
1.030128 -3.049633 1499.489583
0.302562 -0.570461 -352.462318
0.001301 -0.004566 1.000000
0.533994 -2.409610 232.263265
0.169841 -1.936362 -330.045534
0.001845 -0.006048 1.000000
0.690382 -2.749346 720.753405
0.406633 -2.060357 -6.396813
0.000677 -0.004283 1.000000
0.037081 -1.832760 861.529462
0.082979 -1.123844 28.921513
0.000026 -0.002848 1.000000
1.036784 -2.723366 747.069795
0.356017 -1.692325 -182.538095
0.001115 -0.004340 1.000000
0.108349 -2.472864 581.625796
0.020630 -2.088880 6.179734
0.000270 -0.004387 1.000000
0.697899 -2.981512 714.413383
-0.003047 -2.227747 70.823992
0.000818 -0.005458 1.000000
0.124401 -2.790558 548.408923
0.010481 -2.867332 322.168903
-0.000044 -0.004528 1.000000
-0.110658 -1.419651 573.776026
0.017986 -0.703614 -69.445943
-0.000220 -0.002547 1.000000
-0.199396 -1.873036 430.251469
-0.238674 -1.728815 54.340001
-0.000370 -0.003661 1.000000
-0.094053 -1.190818 758.212203
-0.219183 -1.251236 232.606422
-0.000413 -0.002894 1.000000
0.383367 -1.756472 364.105473
0.088460 -1.409131 -37.536958
0.000248 -0.003476 1.000000
0.103079 -1.506160 513.173165
-0.063738 -1.729329 134.986848
-0.000023 -0.003505 1.000000
-0.198366 -1.487649 759.021037
-0.173097 -1.292219 258.274247
-0.000286 -0.002659 1.000000
-0.340724 -1.045341 585.288103
-0.334394 -1.621177 353.397511
-0.000452 -0.002784 1.000000
-0.168749 -1.550823 440.626906
-0.047606 -2.448312 183.587159
-0.000257 -0.003987 1.000000
0.290865 -1.994205 447.626260
-0.016883 -3.096344 284.269575
0.000154 -0.005178 1.000000
-4.147125 5.200789 -852.407815
-1.700130 1.251559 2059.070455
-0.006304 0.007107 1.000000
0.098263 -2.024328 327.167622
0.002572 -0.986432 -86.473739
0.000202 -0.003113 1.000000
0.121348 -1.855374 834.418454
-0.071775 -0.524513 74.608417
0.000074 -0.002392 1.000000
0.021441 -1.314895 356.724949
-0.084407 -0.759814 80.921421
-0.000324 -0.002330 1.000000
-0.363837 -1.705475 691.235938
-0.102384 -1.131943 -22.124496
-0.000408 -0.002840 1.000000
-0.195376 -2.903338 809.901317
-0.138123 -2.082953 210.237745
-0.000223 -0.003821 1.000000
0.398277 -1.444613 336.392324
0.291623 -1.379365 3.926933
0.000182 -0.003006 1.000000
0.403642 -1.089540 304.350174
-0.114017 -1.247227 108.894036
-0.000115 -0.002971 1.000000
0.077276 -2.285205 633.806118
0.155183 -2.165042 46.944992
0.000266 -0.004010 1.000000
0.217717 -2.415954 459.980935
0.157824 -2.146917 148.809759
0.000334 -0.003855 1.000000
0.612904 -2.540543 651.985031
0.463281 -3.338295 223.400091
0.000728 -0.005082 1.000000
0.068068 -1.311386 118.260655
-0.029522 -0.885975 -9.461617
-0.000142 -0.002894 1.000000
-0.104667 -1.123157 245.282317
-0.075290 -0.848930 10.568815
-0.000303 -0.002430 1.000000
-0.001358 -1.008342 351.284241
0.022483 -1.155246 -132.106434
-0.000139 -0.003006 1.000000
0.258917 -1.800698 444.293542
-0.104833 -0.662715 52.029482
0.000075 -0.002860 1.000000
-0.148681 -1.528335 889.948869
-0.004542 -1.022042 -35.680280
-0.000267 -0.002939 1.000000
0.156923 -1.155232 355.400142
0.059863 -1.326087 4.768441
0.000131 -0.003077 1.000000
0.020657 -3.155164 456.064420
0.397800 -3.583372 -121.304506
0.000920 -0.006424 1.000000
0.238915 -2.161378 190.128119
0.348216 -2.996884 79.699360
0.000596 -0.005109 1.000000
-0.398588 -1.728010 845.012640
-0.047429 -1.121636 92.293144
-0.000317 -0.002518 1.000000
-0.034853 -0.855807 54.917795
0.241850 -1.188471 -71.475971
0.000357 -0.003335 1.000000
0.266745 -1.530512 38.074154
0.174477 -1.596507 -61.220628
0.000323 -0.003450 1.000000
0.011825 -1.415433 447.943406
-0.278259 -2.122065 266.520895
-0.000136 -0.003797 1.000000
-0.170830 -2.081798 393.918604
0.283862 -2.561010 -435.554489
0.000887 -0.005486 1.000000
0.306438 -3.198167 759.064658
0.257162 -2.828437 121.011397
0.000470 -0.004776 1.000000
0.315648 -2.552086 178.587154
0.050361 -3.196753 176.892995
0.000318 -0.005341 1.000000
-0.139939 -1.260419 842.960525
-0.056288 -0.792686 -140.856317
-0.000083 -0.002678 1.000000
