-0.128532 -1.210955 483.888221
0.052726 -0.739077 -97.396403
-0.000089 -0.002440 1.000000
0.381085 -1.721010 441.610808
0.306289 -1.737144 -577.231678
0.001586 -0.005254 1.000000
-0.143668 -0.980183 235.742749
-0.136685 -0.690176 -49.801093
-0.000281 -0.002232 1.000000
0.245775 -1.871193 -203.031169
0.356889 -1.883647 -162.154629
0.001221 -0.005222 1.000000
-0.077293 -1.413312 40.946211
-0.036133 -1.290372 -53.667939
-0.000063 -0.002863 1.000000
0.125318 -1.525071 382.609090
0.240357 -1.543473 -232.452371
0.000492 -0.003675 1.000000
0.144913 -1.500535 119.308831
0.131839 -1.405065 -100.823716
0.000256 -0.003522 1.000000
-0.167918 -1.078567 258.276681
0.001628 -1.459766 51.408081
0.000006 -0.003288 1.000000
-0.069935 -1.269312 237.959455
0.028073 -1.535383 -18.033492
0.000153 -0.003417 1.000000
-0.305500 -1.194137 834.799920
-0.097833 -0.644644 -27.554012
-0.000465 -0.001889 1.000000
0.935544 -2.904505 493.909957
0.193415 -1.869688 -629.855636
0.001755 -0.005600 1.000000
-0.223995 -1.175963 150.002996
0.027567 -1.037624 1.332204
-0.000186 -0.002774 1.000000
-0.130194 -1.122782 720.010839
0.037263 -0.918910 -253.394175
-0.000096 -0.002538 1.000000
0.424376 -2.316219 611.300144
0.351796 -1.773039 -1322.519490
0.000946 -0.005193 1.000000
0.084479 -0.959998 518.025400
0.064507 -1.008729 -237.906900
0.000260 -0.003000 1.000000
0.027260 -1.592977 335.250255
-0.022171 -1.118961 30.710300
-0.000029 -0.002953 1.000000
0.255259 -1.668048 142.029939
0.187130 -1.577492 -474.303926
0.000711 -0.004067 1.000000
0.080887 -1.422093 166.573791
0.133692 -1.199173 -165.407096
0.000396 -0.003286 1.000000
0.234676 -1.647907 411.972534
0.095400 -1.067181 -227.458808
0.000510 -0.003324 1.000000
0.091633 -1.364553 152.951501
0.082223 -1.071371 36.240773
0.000301 -0.003221 1.000000
0.053156 -1.048533 4.079077
0.025851 -1.113849 -17.306524
-0.000162 -0.002708 1.000000
0.952669 -2.518108 -662.505615
0.311964 -1.906067 -662.137353
0.001743 -0.004741 1.000000
-0.617862 -0.531129 -721.455766
-0.489108 -0.529399 -412.564819
-0.001122 -0.001146 1.000000
0.027022 -1.768156 590.039498
0.105029 -1.174296 -37.126669
0.000121 -0.002905 1.000000
0.245076 -1.220740 360.173328
-0.155461 -0.848137 -165.261762
0.000039 -0.002826 1.000000
6.094145 -9.814822 2160.154687
2.160070 -6.600233 -3907.185876
0.011336 -0.019844 1.000000
0.312497 -1.213208 -176.383923
0.325126 -1.462846 -214.166970
0.001365 -0.004301 1.000000
0.047730 -0.521843 38.502024
-0.032844 -0.715951 -23.501383
-0.000063 -0.002200 1.000000
-0.085139 -1.037630 220.326085
-0.048627 -0.911029 -29.102728
-0.000349 -0.002343 1.000000
0.047710 -1.316326 638.511963
0.381356 -1.480009 -133.332169
0.000327 -0.002930 1.000000
0.082941 -1.305767 427.221115
0.022387 -1.439040 -301.403360
0.000075 -0.003255 1.000000
0.119680 -1.100893 -32.097580
0.115135 -1.048555 -124.110641
0.000467 -0.003350 1.000000
0.338843 -1.565844 303.118234
0.304420 -1.576231 -815.529217
0.001031 -0.004454 1.000000
0.265633 -1.685756 635.029006
0.197853 -0.955465 -581.604459
0.001250 -0.004083 1.000000
0.084961 -1.423525 84.942659
0.047477 -1.526758 -172.109377
0.000303 -0.003689 1.000000
-0.133950 -0.888364 539.948162
-0.054921 -0.893059 -173.646768
-0.000196 -0.002562 1.000000
-0.220090 -1.309187 316.070624
0.350212 -1.795678 -278.657652
0.000417 -0.004001 1.000000
-0.371566 -0.749911 175.378787
-0.104917 -0.657938 -258.516574
-0.000802 -0.001783 1.000000
-0.169576 -1.059645 312.576674
-0.305555 -0.996404 -179.338885
-0.000501 -0.002511 1.000000
0.378456 -1.570456 489.725127
0.162073 -1.099962 -354.981766
0.000434 -0.003482 1.000000
-0.072326 -1.253287 -19.805971
0.028936 -1.013821 -353.730146
0.000453 -0.003265 1.000000
-0.215986 -1.162715 224.396740
-0.120322 -0.938413 -163.818951
-0.000285 -0.002384 1.000000
0.377576 -1.238461 295.657383
0.080571 -0.776542 -303.500939
0.000162 -0.002846 1.000000
-0.114965 -0.528432 138.054289
-0.070247 -0.422195 -16.038368
-0.000365 -0.001698 1.000000
0.316334 -0.975093 -134.730180
0.192496 -0.703799 -175.573666
0.001482 -0.003964 1.000000
2.796316 -4.944655 -1692.820534
1.778149 -3.126574 -1060.127269
0.005461 -0.010243 1.000000
0.194918 -1.117735 195.444413
0.200159 -0.846370 -318.557594
0.000492 -0.002792 1.000000
0.788137 -2.201340 460.891705
0.094212 -1.179015 -611.672188
0.000893 -0.004165 1.000000
0.113569 -1.175107 617.851728
-0.132769 -0.765595 -171.450951
-0.000081 -0.002536 1.000000
-0.041158 -1.284238 417.825900
0.100528 -0.853720 -138.413101
-0.000065 -0.002529 1.000000
0.337681 -1.565808 1107.495686
0.088235 -1.171857 -392.598568
0.000299 -0.003607 1.000000
0.404516 -1.753119 768.885415
0.002899 -0.796547 -226.965361
0.000283 -0.002870 1.000000
-0.190230 -1.009590 570.223013
-0.081236 -0.315986 -109.900159
-0.000278 -0.001811 1.000000
0.417252 -1.853991 -772.533723
0.602101 -1.518850 -510.765466
0.001384 -0.004619 1.000000
0.604170 -2.321143 114.592892
0.168605 -1.152125 -423.828679
0.000803 -0.004045 1.000000
0.081870 -1.724310 333.431649
0.230532 -1.552155 -78.091341
0.000341 -0.003325 1.000000
0.097474 -1.481053 308.443185
-0.023455 -0.863827 -80.460223
-0.000104 -0.002526 1.000000
1.157898 -3.158150 215.629018
0.678642 -2.470643 -380.865505
0.001538 -0.005279 1.000000
-0.009212 -1.231959 526.190222
0.007434 -0.915870 -388.956620
-0.000005 -0.002803 1.000000
-0.059156 -0.978234 246.624042
-0.060054 -0.706966 -60.258893
-0.000248 -0.002247 1.000000
-0.035260 -0.872670 159.468690
0.102241 -0.507236 -33.579208
0.000027 -0.002148 1.000000
-0.095854 -1.076785 306.333387
-0.066635 -0.643617 35.384421
-0.000329 -0.002136 1.000000
-0.070293 -0.885408 168.512095
-0.037391 -0.593783 60.384921
-0.000230 -0.002125 1.000000
0.527216 -2.374895 534.927107
0.163829 -1.783294 -198.510018
0.000677 -0.004283 1.000000
-0.015854 -1.301366 406.795077
0.045740 -0.702448 -112.082141
-0.000180 -0.002435 1.000000
0.128412 -1.359937 508.202876
0.039747 -1.178236 -9.690754
-0.000181 -0.002658 1.000000
-0.133964 -1.461803 483.836155
0.105964 -0.898259 -141.349714
-0.000084 -0.002592 1.000000
-0.086091 -1.254317 451.314188
0.028981 -0.560013 -56.632222
0.000069 -0.002480 1.000000
0.307816 -2.397768 194.552995
0.182552 -1.366897 -137.891112
0.000138 -0.003282 1.000000
0.302860 -2.235476 570.629547
0.112002 -1.153074 -67.125177
0.000384 -0.003421 1.000000
0.138974 -1.544741 530.754725
0.230528 -1.253680 -92.467699
0.000202 -0.002931 1.000000
0.121481 -1.303069 557.044541
-0.072576 -0.767737 46.767622
-0.000003 -0.002388 1.000000
0.131004 -1.792595 54.804751
-0.099049 -1.275854 56.567135
-0.000101 -0.003207 1.000000
0.266374 -1.999417 1074.535126
0.300882 -1.375784 -933.739865
0.000958 -0.004295 1.000000
0.473826 -1.733549 324.974437
0.140505 -1.187110 -290.088962
0.000542 -0.003706 1.000000
0.619714 -2.546872 281.228366
0.372446 -1.758627 -445.606188
0.001584 -0.004779 1.000000
0.133006 -0.865198 93.710053
0.148053 -0.701545 19.814089
0.000270 -0.002478 1.000000
0.249678 -1.554558 61.753249
0.184046 -1.449258 116.759465
0.000469 -0.003241 1.000000
0.110551 -1.430546 359.173756
0.063028 -0.796504 -172.167721
-0.000012 -0.002715 1.000000
0.047204 -1.714142 613.887393
0.354723 -1.395461 -117.830424
0.000571 -0.003336 1.000000
0.114986 -1.556855 645.410014
0.008567 -0.672640 40.811962
0.000017 -0.002214 1.000000
0.104259 -1.485539 545.803867
0.016895 -0.740469 -7.412847
0.000132 -0.002467 1.000000
0.169459 -2.017069 534.993352
0.064534 -1.265788 -48.748196
0.000138 -0.003001 1.000000
0.095992 -1.581959 533.526866
-0.055394 -0.592082 -127.781186
-0.000026 -0.002604 1.000000
-0.004048 -1.049823 160.344933
0.055308 -0.793704 109.142143
0.000328 -0.002635 1.000000
-0.085831 -1.216154 263.169504
0.073755 -0.868914 87.103447
0.000147 -0.002594 1.000000
0.163327 -1.615496 492.241337
0.170921 -1.136620 -87.362002
0.000297 -0.003294 1.000000
0.075255 -1.401110 484.160713
-0.093573 -0.658571 52.533941
-0.000166 -0.002418 1.000000
-0.120479 -1.188301 436.359047
0.072335 -0.882332 117.151670
0.000075 -0.002388 1.000000
0.067069 -1.503571 503.902955
0.096036 -1.106183 49.405604
0.000167 -0.002744 1.000000
0.151467 -1.187716 458.601839
-0.027484 -0.595262 47.151122
0.000016 -0.002143 1.000000
-0.060433 -0.883555 483.914063
-0.124128 -0.393370 139.318399
-0.000221 -0.001637 1.000000
-0.408103 -1.830781 695.531799
0.051734 -1.714589 131.547781
-0.000012 -0.003249 1.000000
-0.232485 -1.899652 672.196563
0.024566 -1.638563 301.975012
0.000186 -0.003218 1.000000
-0.965982 -2.913652 1184.045546
0.177701 -3.727553 656.138252
0.000672 -0.005738 1.000000
0.471518 -1.313452 409.934854
0.109316 -0.373051 14.027778
0.000246 -0.002429 1.000000
-1.540291 -3.050708 1367.656700
-0.128135 -3.719449 914.983806
0.000231 -0.005362 1.000000
0.900686 -0.107337 122.512833
0.062552 1.058173 -83.789193
0.000037 -0.000184 1.000000
1.120661 -0.252012 116.416417
0.243171 1.142962 -128.098255
0.000338 -0.000368 1.000000
-0.093651 -1.128712 569.783101
-0.089254 -0.632317 111.095434
-0.000136 -0.002031 1.000000
-0.171545 -1.946419 649.025817
0.075190 -1.785709 91.737844
0.000150 -0.003479 1.000000
0.071674 -1.524822 514.603916
0.086120 -1.147030 32.749070
0.000102 -0.002741 1.000000
-0.022022 -1.548524 544.191406
-0.021871 -1.346917 122.679055
-0.000149 -0.002630 1.000000
0.098532 -2.608631 530.456642
-0.009181 -2.305778 101.471681
0.000118 -0.004063 1.000000
-0.084274 -1.097453 585.452849
-0.188145 -0.567204 117.441534
-0.000258 -0.001858 1.000000
0.419104 -1.691890 417.859203
0.317107 -1.693208 -480.037457
0.000866 -0.004424 1.000000
-0.653912 -0.284937 -610.165876
-0.335223 -0.223595 150.175453
-0.001498 -0.000501 1.000000
-0.063337 -1.798703 598.325846
-0.055933 -1.701882 61.082677
-0.000037 -0.003350 1.000000
0.686867 -2.085872 448.459440
0.094450 -1.250749 -16.637218
0.000540 -0.003385 1.000000
-0.159404 -1.319085 592.097346
-0.097056 -0.693271 132.873816
-0.000168 -0.002120 1.000000
-0.005223 -1.375956 369.974106
-0.065883 -0.772187 8.437834
-0.000171 -0.002563 1.000000
-0.084065 -1.491787 430.156739
-0.048069 -1.426839 116.438219
-0.000186 -0.003030 1.000000
-0.011893 -1.685117 588.278305
0.102954 -0.907844 -67.599969
0.000047 -0.002872 1.000000
0.324755 -2.216126 631.192957
0.231259 -1.505071 -339.243205
0.000464 -0.004087 1.000000
0.110706 -1.350873 274.233811
0.046914 -0.973046 -64.792550
-0.000132 -0.002644 1.000000
-1.866073 -4.022143 1402.469799
-0.112117 -4.557367 594.929695
-0.000341 -0.006546 1.000000
-0.120131 -1.223130 494.554895
-0.166939 -0.894015 222.515569
-0.000261 -0.002275 1.000000
1.000000 -0.000000 0.000000
0.000000 1.000000 0.000000
0.000000 -0.000000 1.000000
0.978400 -0.044979 22.605842
0.047803 0.980389 -13.770380
0.000024 -0.000099 1.000000
0.607487 0.053550 109.792970
-0.240748 0.964158 62.055161
-0.000379 0.000117 1.000000
0.491150 -0.080473 154.701346
-0.101064 0.852665 48.692327
-0.000318 -0.000092 1.000000
0.618742 -0.122110 139.793358
-0.081046 0.854818 58.499428
-0.000196 -0.000144 1.000000
0.394540 -0.061336 210.644924
-0.310411 0.871651 102.125147
-0.000425 0.000011 1.000000
-0.267827 -1.173289 545.489543
-0.179981 -0.786096 146.404250
-0.000301 -0.002111 1.000000
0.195395 -1.089069 471.425143
-0.015215 -0.310331 64.375876
0.000015 -0.001860 1.000000
-0.145579 -1.293910 603.172905
0.033353 -1.030784 82.513934
0.000129 -0.002629 1.000000
-0.199656 -0.832913 364.499550
-0.294150 -0.493001 271.307970
-0.000612 -0.001470 1.000000
0.119493 -0.971027 392.732694
-0.184676 -0.462502 275.958954
-0.000214 -0.001619 1.000000
-0.160659 -1.402859 498.030013
-0.175674 -1.194956 139.490620
-0.000395 -0.002406 1.000000
0.071637 -2.070722 631.256673
-0.096460 -1.570625 182.946135
0.000057 -0.003193 1.000000
-0.317122 -0.948141 437.113274
-0.174126 -0.619918 10.767642
-0.000479 -0.001743 1.000000
-0.294610 -1.169180 450.077478
-0.025142 -0.842575 -106.622357
-0.000185 -0.002418 1.000000
-0.419775 -1.142662 403.370993
-0.189124 -1.146874 150.066668
-0.000476 -0.002310 1.000000
-0.731889 -1.220032 736.744425
-0.369622 -0.885789 152.025367
-0.000760 -0.001785 1.000000
0.846326 -0.333876 157.098314
-0.010390 0.607745 156.637194
0.000051 -0.000368 1.000000
0.701684 0.096681 118.378698
-0.135618 1.006533 131.111988
-0.000241 0.000313 1.000000
-0.564206 -1.870465 727.678518
-0.143938 -1.744798 277.488347
-0.000331 -0.003111 1.000000
-0.604313 -1.673506 627.739735
-0.205143 -1.522056 236.909601
-0.000480 -0.003017 1.000000
-0.184681 -1.642595 721.148284
0.013335 -1.182641 18.783504
0.000104 -0.003189 1.000000
-0.221660 -1.238589 439.579983
-0.150249 -0.791966 -0.928298
-0.000441 -0.002122 1.000000
-0.306607 -1.805839 1159.481852
0.053106 -1.126686 -88.238579
0.000402 -0.003448 1.000000
-0.326943 -1.487411 834.603375
-0.120489 -0.816744 27.356898
-0.000209 -0.002366 1.000000
0.077254 -1.818384 656.724623
0.106550 -1.805291 -21.881837
0.000373 -0.004128 1.000000
-0.097634 -1.976816 941.132478
-0.043745 -1.097260 -128.786240
0.000099 -0.003259 1.000000
8.709121 -14.129058 9376.619890
3.017585 -5.217152 121.814855
0.013981 -0.021512 1.000000
0.244480 -1.590708 836.769071
0.173793 -1.348472 -235.006377
0.000579 -0.003552 1.000000
0.030378 -0.917703 632.785855
-0.054384 -0.929510 46.650511
-0.000078 -0.002484 1.000000
-0.259345 -1.325473 735.176729
-0.105554 -0.783604 -105.082698
-0.000221 -0.002533 1.000000
0.289903 -1.499306 59.571787
-0.067459 -0.881530 2.150647
0.000263 -0.002446 1.000000
-0.412435 -0.881725 -200.095726
-0.446592 -0.611080 -188.514494
-0.000992 -0.001444 1.000000
-0.195582 -1.180697 748.027708
-0.129368 -0.658048 -103.417551
-0.000210 -0.002316 1.000000
-0.209272 -1.680455 876.885077
-0.070128 -0.970331 -156.742946
-0.000285 -0.002699 1.000000
-0.414050 -1.268355 188.934872
-0.153136 -0.570214 -212.611479
-0.000460 -0.002031 1.000000
1.754186 -3.505768 -747.384988
0.865650 -1.312860 -1158.355489
0.003004 -0.006726 1.000000
0.049089 -2.177569 858.517300
0.037555 -1.084628 -396.367403
0.000200 -0.003661 1.000000
1.334488 -2.162855 855.974187
0.192545 -0.097536 -105.625563
0.001257 -0.002437 1.000000
0.414976 -1.881594 570.165687
0.155656 -1.259827 22.206927
0.000591 -0.003545 1.000000
0.561643 -2.455752 1362.816296
0.151254 -1.092680 -75.194705
0.000821 -0.004097 1.000000
0.609792 -2.326433 1031.940594
0.027409 -0.829646 39.849369
0.000575 -0.003078 1.000000
-0.062049 -1.368636 570.599929
-0.126934 -0.873602 88.454441
-0.000120 -0.002354 1.000000
-0.170960 -1.229486 561.584017
-0.099849 -1.077242 134.425073
-0.000325 -0.002269 1.000000
-0.419268 -3.310839 838.803934
0.106891 -2.866776 117.249593
0.000261 -0.006126 1.000000
-0.057486 -1.687608 549.779451
-0.104094 -0.999262 56.947628
-0.000177 -0.002850 1.000000
-0.034894 -0.947865 279.522361
-0.030533 -1.027039 10.441320
0.000369 -0.003190 1.000000
-0.007962 -0.811180 163.119053
0.014443 -1.050249 83.265060
0.000068 -0.002732 1.000000
-0.075907 -0.898739 119.363125
-0.103913 -1.081203 -86.700324
-0.000371 -0.002601 1.000000
-0.111218 -0.411997 -206.021845
0.011546 -0.941691 -224.089269
-0.000286 -0.001939 1.000000
0.248646 -1.755787 -243.208763
0.112566 -1.848526 27.743851
0.000942 -0.004743 1.000000
0.114455 -1.431115 358.814467
0.166353 -0.784970 -253.233023
0.000498 -0.003073 1.000000
-0.141490 -1.565215 535.391797
0.015909 -1.117172 -59.191227
-0.000187 -0.002748 1.000000
-0.063508 -1.590243 644.343895
-0.208397 -1.751808 185.257914
-0.000143 -0.003246 1.000000
-0.145660 -1.278473 520.437685
-0.391996 -1.206525 246.879422
-0.000463 -0.002327 1.000000
-0.153268 -0.778690 97.604969
-0.149721 -0.872995 57.917097
-0.000501 -0.002020 1.000000
0.445649 -0.930132 -205.590698
0.351823 -0.893606 -309.347982
0.001382 -0.004009 1.000000
0.041551 -0.638997 61.176157
0.017622 -0.780551 26.943295
0.000017 -0.002586 1.000000
0.112199 -1.354821 119.399991
0.119480 -1.620105 165.201028
0.000528 -0.003580 1.000000
0.104803 -1.847989 425.873306
0.031037 -1.221409 -144.133601
0.000355 -0.003330 1.000000
0.063043 -0.731654 12.588789
0.042567 -0.805745 8.033038
0.000225 -0.002543 1.000000
0.035542 -0.988444 -329.241114
0.153840 -1.176503 -154.308313
0.000524 -0.003438 1.000000
-0.066692 -0.743848 -76.371796
-0.079343 -0.829176 93.782285
0.000212 -0.002945 1.000000
0.212459 -0.978776 81.327849
0.114770 -0.872576 -17.518203
0.001109 -0.003530 1.000000
0.051688 -1.134065 15.305264
0.106159 -1.659900 143.970407
0.000338 -0.003620 1.000000
0.025848 -1.424517 448.415138
-0.109034 -1.202373 -58.782327
-0.000235 -0.002790 1.000000
-0.035195 -1.571061 561.426047
-0.098045 -0.559238 77.659161
-0.000150 -0.002427 1.000000
0.028878 -1.824580 574.651875
-0.013554 -0.857624 4.940583
-0.000026 -0.002752 1.000000
0.255613 -1.395452 -4.433784
0.017487 -1.286774 62.750381
0.000592 -0.003682 1.000000
-0.045240 -0.808328 -3.725112
-0.033017 -0.791467 67.046056
-0.000184 -0.002360 1.000000
0.121223 -0.837089 -98.070531
0.054941 -1.108889 -2.016373
0.000617 -0.003400 1.000000
-0.094354 -1.131551 208.376510
-0.246050 -1.000006 126.373938
-0.000286 -0.002555 1.000000
-0.292627 -0.948026 -651.501630
-0.011956 -1.355192 489.038638
-0.000118 -0.002565 1.000000
-1.006419 0.002941 1413.813449
-0.578677 0.223478 414.022803
-0.001726 0.000072 1.000000
0.182101 -1.544965 114.107621
0.150012 -1.417634 -64.831453
0.000141 -0.003330 1.000000
0.022057 -1.083230 79.199849
0.034479 -1.033247 -67.190896
-0.000115 -0.002720 1.000000
0.255402 -1.890988 46.368405
0.151070 -1.308702 -181.623876
0.000167 -0.003529 1.000000
-0.963531 -0.108264 1515.365000
-1.084406 0.126703 706.134488
-0.002174 0.000287 1.000000
1.874004 -1.577203 -6309.191753
2.881086 -5.198911 62.479546
0.006277 -0.010620 1.000000
-0.401827 -0.810997 1624.315389
-0.252828 -1.049698 202.245092
-0.000592 -0.001846 1.000000
-0.010441 -1.663597 1526.090452
0.024843 -1.357400 -111.007192
-0.000035 -0.002687 1.000000
-0.104088 -1.271563 587.649767
0.063975 -0.877807 -212.743930
0.000010 -0.002406 1.000000
-0.127467 -1.666684 84.515309
0.058663 -1.795311 -39.977700
0.000145 -0.003717 1.000000
-0.190512 -1.155731 437.212938
-0.142981 -0.993113 -458.105286
-0.000391 -0.002063 1.000000
-0.354971 -1.104872 1004.683856
-0.060754 -0.964097 -935.886982
-0.000491 -0.001943 1.000000
0.385624 -2.303444 958.040560
-0.024356 -1.367247 54.321396
0.000355 -0.003530 1.000000
-1.891681 1.625402 -3557.984571
-1.467462 1.234800 2063.409386
-0.003455 0.002541 1.000000
0.555794 -2.427299 1038.799759
0.178894 -1.519466 9.653179
0.000686 -0.004007 1.000000
-0.535005 -1.280296 970.536952
-0.111725 -0.692344 3.545262
-0.000597 -0.002142 1.000000
-0.131707 -1.546949 1224.256616
0.087095 -1.253900 -144.036942
0.000056 -0.002851 1.000000
0.024090 -2.536830 912.887985
0.119437 -1.688704 -99.963349
0.000032 -0.003814 1.000000
0.043073 -2.159004 1275.236620
0.060615 -0.893175 47.748955
0.000155 -0.003006 1.000000
0.671630 -2.493867 1069.114145
0.181286 -1.070090 -194.599612
0.000670 -0.003623 1.000000
-1.476071 1.209978 -593.010401
-1.638265 1.408540 78.825968
-0.003305 0.002528 1.000000
0.007009 -1.484457 130.133925
0.034243 -1.076949 -334.260286
0.000162 -0.002940 1.000000
-1.355113 0.757004 100.791895
-1.102657 0.275602 -807.571164
-0.002439 0.001097 1.000000
-0.249540 -1.190996 1063.879508
0.241077 -1.355603 -127.249905
-0.000083 -0.002544 1.000000
1.119890 -3.322869 1043.515117
0.419578 -2.752137 -279.878354
0.001464 -0.006046 1.000000
0.454473 -2.584157 1046.507050
0.112396 -1.725483 45.589389
0.000610 -0.004588 1.000000
0.022135 -1.541960 851.488098
-0.091265 -0.787270 -40.806756
-0.000136 -0.002464 1.000000
0.226030 -1.682759 313.448429
0.277121 -0.966786 -90.403206
0.000732 -0.003191 1.000000
0.286822 -1.768859 878.056539
0.513191 -1.730203 -1003.808803
0.000798 -0.003834 1.000000
-0.078324 -1.206297 1599.380043
0.052482 -1.244347 1258.686334
-0.000007 -0.002379 1.000000
-0.400191 -1.353590 1070.081842
-0.102977 -0.548384 78.144207
-0.000386 -0.001848 1.000000
-1.272452 0.274550 1573.451998
-0.972990 0.324847 -58.771496
-0.002180 0.000509 1.000000
-0.171959 -1.288941 303.120406
0.037480 -0.908876 -216.312432
-0.000203 -0.002592 1.000000
0.406617 -1.857289 1159.066227
0.051674 -0.684741 -456.278822
0.000391 -0.002714 1.000000
-0.056125 -1.248666 303.284213
-0.005530 -0.845203 29.551111
-0.000113 -0.002544 1.000000
0.512904 -2.522666 877.020755
0.133981 -1.420191 -45.395519
0.000533 -0.003938 1.000000
7.190377 -11.269739 3433.375355
1.772685 -3.123715 -1531.397529
0.009706 -0.015314 1.000000
1.018746 -6.078938 645.593593
2.878249 -6.570377 -3900.425170
0.007695 -0.016582 1.000000
0.037505 -1.709578 865.246132
0.035397 -0.915230 -112.065998
0.000051 -0.002854 1.000000
0.060724 -1.255644 562.105668
0.072350 -1.442010 -47.610658
0.000130 -0.003451 1.000000
0.307812 -1.589120 674.579372
-0.005341 -1.414282 8.510971
0.000298 -0.003347 1.000000
-0.606187 -1.215522 758.898516
-0.018774 -1.145831 -99.179263
-0.000392 -0.002544 1.000000
0.170471 -1.815358 904.794851
0.007688 -1.147292 -40.902245
0.000054 -0.002990 1.000000
-0.039548 -1.632552 465.665555
-0.081431 -1.149486 -185.383089
-0.000036 -0.003112 1.000000
0.779405 -2.723543 1069.641866
-0.025151 -1.449334 -68.767322
0.000789 -0.004168 1.000000
-0.239791 -1.344334 872.989035
-0.025759 -0.527212 -138.718649
-0.000376 -0.002103 1.000000
0.277367 -2.271706 1016.762290
0.014521 -1.382724 -253.822088
0.000378 -0.003460 1.000000
0.007172 -1.775049 921.219348
-0.243249 -1.191984 158.226835
-0.000067 -0.003374 1.000000
-0.158160 -0.824839 158.120107
0.007520 -0.691848 -139.003949
-0.000256 -0.001909 1.000000
-0.148205 -1.637438 875.697782
-0.030385 -1.095132 -62.813617
-0.000159 -0.002832 1.000000
-0.173149 -1.830852 1052.752536
-0.096445 -0.926896 29.165107
-0.000113 -0.002533 1.000000
-0.578344 -1.133579 934.741819
-0.176760 -0.374099 23.064555
-0.000802 -0.001424 1.000000
0.047385 -1.712035 419.651197
0.072138 -0.815680 -188.299672
0.000491 -0.003321 1.000000
0.054584 -1.827353 665.136288
0.013651 -1.413507 -61.653930
-0.000030 -0.003135 1.000000
0.080258 -1.690331 742.672751
-0.101623 -0.978357 -106.360255
-0.000029 -0.002940 1.000000
0.356864 -1.200674 524.579477
0.051617 -0.991721 75.964475
0.000269 -0.002577 1.000000
0.060885 -1.441867 628.869940
0.003976 -1.129829 47.009054
0.000038 -0.002597 1.000000
-0.009889 -1.220141 617.524136
-0.077738 -0.846516 84.980694
-0.000239 -0.002132 1.000000
0.414484 -1.909425 789.315491
0.198095 -1.444258 -316.395773
0.000532 -0.003666 1.000000
-0.319111 -1.420248 615.922197
-0.053481 -0.849744 -78.076890
-0.000280 -0.002425 1.000000
0.278723 -1.808245 720.971882
0.011523 -1.056833 -179.002221
0.000167 -0.003191 1.000000
-0.478939 -0.759957 567.667114
-0.072058 -0.868061 31.206424
-0.000530 -0.001976 1.000000
-0.178341 -1.314976 746.948679
-0.096521 -1.172298 -29.260545
-0.000209 -0.003065 1.000000
-0.141721 -1.149014 483.393909
0.010590 -0.743764 -60.878577
-0.000241 -0.002154 1.000000
0.351160 -1.710643 536.385247
0.016182 -1.439400 -113.053734
0.000505 -0.003715 1.000000
-0.017336 -1.051416 577.695873
-0.068251 -1.336948 137.420862
-0.000123 -0.002756 1.000000
-0.149012 -0.739552 411.279834
-0.206456 -0.908654 117.363085
-0.000447 -0.002128 1.000000
-0.005363 -1.317369 473.875803
-0.198120 -1.777417 199.719535
-0.000217 -0.003154 1.000000
-0.148732 -1.740075 1539.432714
0.005839 -0.615042 -6.713027
-0.000081 -0.002595 1.000000
-5.568819 7.040246 -5423.052204
-3.045075 5.091515 2807.346316
-0.011375 0.014436 1.000000
-0.443993 -1.005169 823.393898
-0.107493 -0.310318 -48.214455
-0.000580 -0.001564 1.000000
-0.299280 -0.878266 281.374265
-0.248980 -0.676862 123.674783
-0.000611 -0.001911 1.000000
-0.149971 -1.065033 512.938941
-0.052853 -0.844814 -50.005969
-0.000381 -0.002363 1.000000
-0.021161 -1.550231 335.877505
-0.083515 -0.885353 -42.466687
-0.000115 -0.002686 1.000000
0.059259 -1.147202 269.041834
-0.349954 -1.547999 239.539001
-0.000382 -0.002785 1.000000
0.385319 -1.302341 408.859251
-0.049726 -1.875620 9.867014
0.000291 -0.003967 1.000000
0.502632 -2.107180 774.671602
0.054806 -1.694555 -50.530053
0.000534 -0.003845 1.000000
0.193687 -1.680435 431.332828
0.010939 -1.568589 185.277254
0.000158 -0.003183 1.000000
0.366221 -1.871412 279.209016
0.114816 -2.053547 -22.388185
0.000150 -0.003789 1.000000
0.088572 -1.694886 413.429904
0.063848 -0.776189 -146.117850
0.000204 -0.003016 1.000000
0.564327 -2.061961 102.682877
0.215501 -2.481263 -73.676067
0.000925 -0.004938 1.000000
-0.019055 -1.690425 371.143774
0.121540 -1.211198 -81.937641
0.000076 -0.003132 1.000000
0.118380 -1.519976 584.839413
-0.017114 -0.518237 -7.507340
0.000019 -0.002402 1.000000
0.091613 -2.326265 674.821780
0.249929 -2.156347 -107.136010
0.000473 -0.004166 1.000000
-0.080572 -1.539235 351.267268
-0.100400 -1.209011 2.413686
-0.000105 -0.002935 1.000000
-0.074873 -1.010728 263.434884
0.082515 -0.760815 -120.591265
0.000520 -0.003054 1.000000
-0.002901 -1.922258 479.863256
0.037453 -1.860930 -170.620029
0.000321 -0.004064 1.000000
-0.412250 -1.047368 687.219375
-0.159121 -0.854950 81.399530
-0.000343 -0.002093 1.000000
-0.046647 -1.252463 266.397291
-0.231158 -0.940363 71.926313
-0.000326 -0.002474 1.000000
-0.059556 -1.055886 417.996073
-0.116056 -0.863244 -176.461662
-0.000308 -0.002381 1.000000
-0.359340 -1.048078 870.340156
-0.191463 -0.631344 -94.349410
-0.000557 -0.001861 1.000000
-0.027656 -1.008017 226.069244
-0.005781 -0.874610 -161.961660
-0.000076 -0.002651 1.000000
-0.387037 -1.243992 710.508902
-0.272020 -0.754522 131.847051
-0.000552 -0.002035 1.000000
-0.278926 -1.490779 408.310194
-0.085371 -1.160852 105.007941
-0.000373 -0.002403 1.000000
-0.195292 -1.211282 678.601832
-0.147859 -1.614679 -37.973798
-0.000331 -0.002914 1.000000
