-0.294497 -1.100147 684.748064
-0.026325 -0.270505 -102.537655
-0.000474 -0.001665 1.000000
-0.159352 -0.651700 365.785949
-0.101659 -0.496579 -63.960595
-0.000424 -0.002062 1.000000
-0.418083 -0.587736 410.184447
-0.147062 -0.126451 -95.791659
-0.000782 -0.001197 1.000000
-0.029633 -0.732229 123.805448
0.125210 -0.557807 -176.201539
-0.000028 -0.002355 1.000000
-0.101751 -0.568555 127.413346
-0.129690 -0.491214 111.057063
-0.000615 -0.001591 1.000000
-0.056609 -0.668037 196.453194
0.006132 -0.506694 20.667418
-0.000150 -0.002064 1.000000
-0.246280 -1.176919 170.369144
0.013331 -0.710136 -171.863994
-0.000184 -0.002509 1.000000
-0.162665 -0.453969 95.423882
-0.074856 -0.363687 -40.010358
-0.000661 -0.001569 1.000000
-0.113870 -0.591960 242.305424
-0.068255 -0.425243 -160.696856
-0.000431 -0.001780 1.000000
-0.006320 -1.707611 798.668842
0.006148 -0.702573 -45.993063
-0.000084 -0.002326 1.000000
-0.019750 -1.034480 478.678644
0.014533 -0.406600 -86.449685
-0.000036 -0.002021 1.000000
-0.031761 -0.399840 -15.469347
-0.031406 -0.505410 38.728546
-0.000468 -0.001925 1.000000
0.217806 -0.664846 225.111170
0.056789 -0.483819 -148.735954
-0.000155 -0.001881 1.000000
-0.004057 -1.319459 368.766763
0.131171 -0.488409 -432.236221
0.000040 -0.002331 1.000000
-0.226541 -1.003890 689.406038
-0.027292 -0.336991 -27.156948
-0.000398 -0.001562 1.000000
-0.015523 -0.383846 76.766414
-0.085622 -0.325361 77.768410
-0.000489 -0.001512 1.000000
0.014436 -0.750853 96.336127
-0.062505 -0.662778 56.773907
-0.000183 -0.002231 1.000000
-0.042714 -0.432494 54.370108
-0.116532 -0.407275 63.448489
-0.000434 -0.001663 1.000000
-0.146000 -0.423719 149.936559
-0.140870 -0.332339 41.859711
-0.000610 -0.001520 1.000000
-0.063706 -0.711870 210.940590
-0.002054 -0.500748 -25.030203
-0.000290 -0.001821 1.000000
-0.220366 -0.622799 308.707793
-0.025174 -0.291674 6.703796
-0.000313 -0.001565 1.000000
0.486648 -1.351051 -548.291635
0.161195 -1.155938 -106.448542
0.000513 -0.002641 1.000000
-1.516382 1.085653 -3183.996141
-1.807512 1.602050 -21.556498
-0.004095 0.002671 1.000000
-0.065498 -0.213016 43.962652
-0.036561 -0.164385 13.732031
-0.000589 -0.001302 1.000000
-0.182199 -0.907691 386.690494
-0.274929 -0.851792 106.273064
-0.000465 -0.002186 1.000000
-0.298389 -0.607575 227.614018
-0.170765 -0.513020 9.872955
-0.000641 -0.001638 1.000000
-0.150406 -0.571687 81.084905
-0.085282 -0.548940 200.853194
-0.000340 -0.001773 1.000000
0.008134 -0.330489 18.434881
-0.032639 -0.412795 90.066442
-0.000175 -0.001739 1.000000
-0.165364 -0.610675 200.423228
-0.138289 -0.425644 75.285167
-0.000465 -0.001668 1.000000
-0.251491 -0.605311 320.789436
-0.146420 -0.333735 12.045753
-0.000627 -0.001408 1.000000
-0.185906 -0.560365 236.243692
-0.049364 -0.342916 -16.862029
-0.000655 -0.001719 1.000000
-0.132766 -0.621047 155.689854
-0.138063 -0.397975 -33.710943
-0.000439 -0.001759 1.000000
-0.277172 -1.001265 449.546393
-0.127399 -0.870908 -28.934924
-0.000271 -0.002358 1.000000
-0.240821 -0.904080 558.414118
-0.012817 -0.398589 -259.562871
-0.000324 -0.001921 1.000000
-0.126881 -0.563108 296.659550
-0.105938 -0.675469 57.079251
-0.000371 -0.001868 1.000000
0.068294 -0.774749 231.908057
0.088884 -0.571818 -184.136939
-0.000030 -0.002252 1.000000
-0.042968 -0.740056 98.477389
0.013383 -0.617803 26.955120
-0.000178 -0.002040 1.000000
0.003502 -0.615451 89.669444
-0.013810 -0.388020 -46.564858
-0.000231 -0.001764 1.000000
0.020449 -0.494073 36.724705
-0.045073 -0.322579 34.703370
-0.000489 -0.001566 1.000000
0.400618 -1.186096 -312.285577
0.357431 -0.886667 -364.956020
0.000554 -0.003324 1.000000
0.099655 -1.210071 265.418669
0.224439 -1.340237 -503.484529
0.000171 -0.003302 1.000000
-0.218840 -0.957405 427.906084
0.032619 -0.487147 -234.821167
-0.000059 -0.002218 1.000000
-0.022315 -0.532688 131.951734
0.004124 -0.294553 21.673186
-0.000251 -0.001755 1.000000
-0.081797 -0.542970 287.849155
0.035777 -0.340912 -37.062914
-0.000130 -0.001867 1.000000
-0.021070 -0.524490 194.848904
0.054004 -0.256381 -38.474937
-0.000221 -0.001795 1.000000
-0.112779 -0.566331 258.903874
0.003784 -0.208414 -59.506674
-0.000366 -0.001717 1.000000
-0.095633 -0.680735 291.750173
0.025945 -0.362175 -2.634718
-0.000222 -0.001756 1.000000
0.252297 -1.246007 89.793764
0.146547 -0.752264 -129.227336
-0.000009 -0.002632 1.000000
0.088503 -1.161443 427.231624
0.012831 -0.717016 -70.978718
-0.000223 -0.002336 1.000000
0.089081 -1.151285 236.066917
0.036141 -0.818562 10.261285
-0.000323 -0.002195 1.000000
-0.006348 -0.906974 377.890746
0.034340 -0.334149 -87.954083
-0.000357 -0.001944 1.000000
0.005018 -0.992206 319.942053
0.126548 -0.394939 -96.733539
-0.000005 -0.002061 1.000000
0.178552 -1.399884 188.463902
0.225609 -0.778187 -467.059070
0.000153 -0.002748 1.000000
-0.005310 -0.546198 160.874940
0.028089 -0.438481 -6.768512
-0.000310 -0.001788 1.000000
0.029990 -0.895984 257.953986
0.060109 -0.494983 -56.043149
-0.000221 -0.001975 1.000000
-0.044611 -1.110436 360.175929
0.101198 -0.718874 -82.018986
-0.000037 -0.002288 1.000000
0.578960 -2.223312 118.897760
0.179568 -1.437542 -94.316379
0.000603 -0.003863 1.000000
-0.170177 -1.028011 380.811099
0.048592 -0.523084 -81.043110
-0.000021 -0.002133 1.000000
-0.112773 -1.426262 463.744517
0.177397 -0.608205 -125.621969
0.000240 -0.002581 1.000000
-0.163604 -0.801282 356.753634
-0.111810 -0.532530 14.494834
-0.000521 -0.001897 1.000000
0.016856 -0.478189 90.523405
0.050152 -0.226468 -54.679802
-0.000185 -0.001743 1.000000
-0.043228 -0.651376 218.740379
0.102491 -0.518043 4.392505
-0.000075 -0.002137 1.000000
-0.008926 -0.312006 122.972892
0.027257 -0.183668 -9.024589
-0.000327 -0.001535 1.000000
-0.023047 -0.835954 261.302597
0.017781 -0.522392 -26.476769
-0.000339 -0.001824 1.000000
-0.040384 -0.874502 313.557143
-0.059396 -0.586267 -70.011012
-0.000231 -0.002316 1.000000
-0.151509 -0.769202 411.685429
0.044151 -0.219141 -83.579062
-0.000388 -0.001635 1.000000
-0.016450 -1.294398 449.715080
0.057247 -0.688504 -72.185461
-0.000150 -0.002305 1.000000
-0.269759 -0.852179 449.205060
-0.104145 -0.323611 -8.504704
-0.000544 -0.001590 1.000000
0.131591 -0.622228 121.173217
0.016400 -0.319517 -32.624477
-0.000238 -0.001744 1.000000
-0.188521 -0.910517 437.068080
-0.157310 -0.370902 36.200315
-0.000495 -0.001656 1.000000
-0.077140 -1.156336 655.169341
-0.045419 -0.321425 20.829832
-0.000179 -0.001738 1.000000
0.099878 -0.975187 340.587651
-0.062950 -0.475836 33.162635
-0.000260 -0.001968 1.000000
0.116479 -0.734416 59.191169
-0.134908 -0.609674 110.932370
-0.000310 -0.002048 1.000000
0.051134 -1.460941 1015.528511
0.153614 -0.654913 -19.818719
0.000172 -0.002334 1.000000
-0.006234 -0.592143 177.633543
-0.000866 -0.376325 -77.784132
-0.000320 -0.001850 1.000000
-0.013352 -0.853594 263.813137
-0.148651 -0.483603 -90.904791
-0.000493 -0.001993 1.000000
-0.072449 -0.437808 170.144566
-0.107942 -0.405860 123.697469
-0.000406 -0.001540 1.000000
0.058953 -0.191388 148.086665
-0.049476 0.039555 5.800944
-0.000486 -0.001115 1.000000
-0.120365 -0.748889 406.073547
-0.050895 -0.159234 11.135281
-0.000535 -0.001488 1.000000
0.388280 -0.687222 332.791465
0.079519 0.150747 -48.338697
0.000115 -0.001414 1.000000
0.075896 -0.670962 355.527948
-0.068879 -0.097875 52.535492
-0.000238 -0.001394 1.000000
1.458656 0.604985 -199.663920
0.309193 1.809678 -372.932995
0.000397 0.000304 1.000000
0.542999 -0.706019 332.309487
0.162337 0.226092 -67.391763
0.000144 -0.001323 1.000000
0.253208 -0.842036 329.626511
0.059781 0.116166 -48.285962
-0.000146 -0.001673 1.000000
-0.109673 -0.215094 214.983339
-0.046525 -0.001358 22.551757
-0.000538 -0.001131 1.000000
0.014494 -0.197235 155.688419
-0.125191 0.063302 44.108603
-0.000733 -0.000897 1.000000
0.305930 -0.603385 213.308193
-0.018920 0.112104 27.966386
-0.000266 -0.001412 1.000000
0.002853 -1.042503 397.659021
-0.058277 -0.442566 89.731097
-0.000295 -0.002051 1.000000
-0.031008 -0.157451 146.464972
-0.154922 0.068878 57.411235
-0.000793 -0.000776 1.000000
1.163971 -0.083836 -27.774804
0.151917 1.094954 -95.852778
0.000254 -0.000299 1.000000
0.865131 -0.698218 203.640776
0.169185 0.248658 65.887842
0.000291 -0.001219 1.000000
0.904389 -0.173621 58.365474
0.030332 0.824078 -8.489349
0.000017 -0.000318 1.000000
0.689336 -0.150948 120.465103
-0.075931 0.781543 55.330087
-0.000134 -0.000333 1.000000
-0.005579 -0.210051 162.139016
-0.121539 0.082295 11.141764
-0.000577 -0.000935 1.000000
-0.139282 -0.904172 331.740666
-0.027149 -0.741707 78.883797
-0.000065 -0.002322 1.000000
-0.115934 -0.970530 421.711535
-0.044073 -0.550593 14.533731
-0.000363 -0.002026 1.000000
-0.013196 -0.696104 214.647635
-0.034104 -0.463159 -10.198619
-0.000140 -0.001914 1.000000
-0.057881 -1.184185 413.326480
-0.012482 -1.171205 122.264156
-0.000230 -0.002549 1.000000
0.140042 -0.981632 434.178975
0.049981 -0.285520 -30.850315
-0.000057 -0.001922 1.000000
1.000000 -0.000000 0.000000
0.000000 1.000000 0.000000
0.000000 -0.000000 1.000000
0.977657 -0.203496 38.170368
0.092191 0.740341 48.906298
0.000186 -0.000511 1.000000
0.018737 -1.317359 497.270486
0.064269 -0.889468 14.988191
-0.000008 -0.002361 1.000000
-0.078442 -1.094507 442.071985
-0.080205 -0.599930 63.687165
-0.000312 -0.001944 1.000000
0.102231 -0.893068 369.376072
-0.042967 -0.347673 58.458673
-0.000159 -0.001730 1.000000
0.000834 -1.077806 478.694852
-0.064664 -0.563177 104.660522
-0.000208 -0.001831 1.000000
-0.153278 -0.622921 223.295005
-0.031205 -0.275391 -38.844295
-0.000388 -0.001654 1.000000
-0.165354 -0.726806 282.808268
-0.175824 -0.410568 11.644424
-0.000585 -0.001775 1.000000
1.563660 0.280645 -170.063576
0.340799 1.708857 -267.095279
0.000676 0.000053 1.000000
1.192545 -0.255733 42.501218
0.290910 0.927132 -122.971393
0.000508 -0.000748 1.000000
0.500798 0.010233 158.674936
-0.007707 0.816272 -61.975142
-0.000289 -0.000255 1.000000
0.114316 -0.900846 397.232269
-0.064836 -0.218368 28.996093
-0.000164 -0.001654 1.000000
-0.007647 -1.615888 547.626118
0.115762 -1.162210 67.570349
0.000058 -0.002799 1.000000
0.696768 -0.011694 102.539234
0.069403 0.976292 -193.153808
-0.000152 -0.000167 1.000000
-0.241349 -0.953256 634.395729
-0.039018 -0.442052 20.758348
-0.000299 -0.001749 1.000000
-0.006061 -0.832370 282.968381
-0.030762 -0.372856 -49.731785
-0.000275 -0.001823 1.000000
-0.409232 -1.037092 512.573487
-0.242805 -0.823858 222.893187
-0.000583 -0.001864 1.000000
-0.027676 -1.690022 631.953836
0.124224 -1.624879 94.384083
0.000033 -0.003222 1.000000
-0.345902 -0.829557 422.510110
-0.210904 -0.651784 102.879288
-0.000500 -0.001843 1.000000
-0.112691 -0.783438 370.530333
-0.079411 -0.275561 -2.122989
-0.000373 -0.001667 1.000000
-0.048688 -1.226274 522.505628
-0.050277 -0.801157 -48.191208
-0.000076 -0.002510 1.000000
0.074724 -0.754168 181.943449
-0.049952 -0.503937 37.329836
-0.000287 -0.001911 1.000000
-0.326799 -0.893732 434.228765
-0.194607 -0.453009 108.514425
-0.000585 -0.001556 1.000000
-0.181329 -1.001341 581.085556
-0.073971 -0.538994 -72.088993
-0.000307 -0.001884 1.000000
-0.023603 -1.236516 556.734650
-0.053622 -0.522582 -60.465145
-0.000160 -0.002039 1.000000
-0.205658 -0.964170 524.198181
-0.267900 -0.892073 144.482717
-0.000522 -0.002018 1.000000
-0.122503 -1.039266 373.291877
-0.058601 -0.484299 -69.416141
-0.000359 -0.002020 1.000000
-0.304835 -1.420628 571.949086
-0.276171 -1.055628 256.059934
-0.000380 -0.002284 1.000000
-0.076439 -1.024718 457.707099
-0.147454 -0.677014 130.921531
-0.000230 -0.001955 1.000000
-0.144220 -0.977754 464.146596
-0.126614 -0.902944 166.425870
-0.000213 -0.002197 1.000000
0.045661 -1.085584 439.570455
0.007703 -1.049374 87.446941
-0.000077 -0.002431 1.000000
-0.466768 -1.141452 665.090306
-0.246233 -0.845817 44.025064
-0.000600 -0.001959 1.000000
-0.350328 -1.098583 574.514635
-0.158588 -0.938310 94.158249
-0.000420 -0.002166 1.000000
-0.136730 -0.481744 193.475415
-0.061720 -0.423897 53.111038
-0.000363 -0.001656 1.000000
0.043768 -1.154823 580.278147
-0.045190 -0.654569 -99.324821
-0.000226 -0.002205 1.000000
-0.389501 -1.384934 607.039500
-0.315479 -0.916435 345.965851
-0.000455 -0.002009 1.000000
-0.979586 -1.491395 803.071178
-0.314439 -1.580018 327.249256
-0.000583 -0.002640 1.000000
0.699795 -0.038108 67.434281
-0.103833 0.897647 45.438965
-0.000216 -0.000123 1.000000
1.150783 0.156903 -110.664812
0.070505 1.158519 -96.070569
0.000186 -0.000078 1.000000
-0.328248 -1.264340 687.057963
-0.184072 -0.690988 120.628370
-0.000411 -0.001981 1.000000
-0.460587 -1.257193 972.326926
-0.079127 -0.441414 -18.139331
-0.000445 -0.001726 1.000000
-0.305808 -1.529220 1067.281488
-0.015776 -0.294801 5.187865
-0.000282 -0.001831 1.000000
-0.432816 -0.811783 796.560845
-0.212460 -0.467440 -6.116262
-0.000735 -0.001687 1.000000
-0.256323 -0.771505 432.899073
-0.043962 -0.442321 -255.768779
-0.000356 -0.001747 1.000000
-0.273395 -1.227886 1052.134210
-0.063197 -0.424222 78.592023
-0.000417 -0.001601 1.000000
-0.521286 -1.245661 966.481311
-0.072906 -0.228333 37.882199
-0.000559 -0.001454 1.000000
-0.320988 -0.660931 375.489050
-0.169042 -0.343512 -12.381610
-0.000613 -0.001455 1.000000
-0.083954 -0.719347 366.225619
0.066947 -0.644038 -129.028860
-0.000148 -0.002311 1.000000
-0.424548 -1.656644 758.793873
0.057121 -0.965749 -131.677728
-0.000081 -0.002938 1.000000
-0.129412 -0.608639 267.269597
-0.104651 -0.372124 32.498539
-0.000506 -0.001561 1.000000
-0.133762 -0.846702 236.659025
-0.161294 -0.645699 118.232212
-0.000518 -0.001688 1.000000
-0.209711 -1.073128 97.105645
-0.159689 -0.569875 -332.076138
-0.000558 -0.001936 1.000000
-0.436590 -1.285235 911.012822
-0.193927 -0.649325 -13.049215
-0.000650 -0.001750 1.000000
-0.418868 -0.880198 812.284828
-0.211938 -0.384412 -109.115932
-0.000747 -0.001412 1.000000
-0.810501 -0.495305 1014.025777
-0.349702 -0.101839 -239.974960
-0.001305 -0.000564 1.000000
-0.328806 -1.140643 965.879106
-0.078391 -0.289736 -167.511528
-0.000577 -0.001764 1.000000
-0.225851 -1.506688 982.269494
0.011855 -0.514012 47.275405
-0.000274 -0.002146 1.000000
-0.117320 -1.554842 526.510341
-0.066241 -0.798111 -118.592313
-0.000236 -0.002601 1.000000
-0.263285 -1.542550 933.128328
0.023573 -0.671002 6.348888
-0.000344 -0.002112 1.000000
-0.560847 -1.302137 1083.518388
-0.063702 -0.341772 2.614646
-0.000622 -0.001586 1.000000
-0.162264 -0.800269 417.379235
-0.097814 -0.670224 46.061652
-0.000353 -0.001887 1.000000
-0.199610 -0.962071 632.473111
-0.120877 -0.514080 17.076253
-0.000340 -0.001810 1.000000
-0.047625 -1.223905 510.710600
-0.093895 -0.500849 13.712806
-0.000246 -0.002022 1.000000
-0.322486 -1.135410 617.893268
-0.142697 -0.553299 181.926770
-0.000374 -0.001836 1.000000
-0.098010 -0.721493 143.528566
-0.055114 -0.492766 50.909956
-0.000302 -0.002150 1.000000
-0.033439 -0.554251 48.164219
-0.111210 -0.575365 188.709310
-0.000387 -0.001907 1.000000
-0.100331 -0.522496 159.548677
-0.091078 -0.337247 76.893455
-0.000454 -0.001681 1.000000
-0.184072 -0.513957 -4.774695
-0.282452 -1.027079 798.732212
-0.000433 -0.001655 1.000000
-0.005742 -0.498568 -25.563112
-0.102671 -0.540406 152.096694
-0.000289 -0.001826 1.000000
-0.528335 -1.331013 668.269109
-0.148614 -0.695294 141.507328
-0.000399 -0.002054 1.000000
-0.019917 -0.737638 208.751347
-0.140336 -0.619308 130.034982
-0.000519 -0.001949 1.000000
-0.069916 -1.325808 568.868308
-0.091703 -0.726789 23.281318
-0.000312 -0.002086 1.000000
-0.202470 -1.044242 496.247748
-0.160444 -0.612133 107.536563
-0.000359 -0.001849 1.000000
-0.042165 -0.131224 17.111404
-0.091737 -0.226007 111.942671
-0.000462 -0.001451 1.000000
-0.089076 -0.343879 68.224668
-0.108968 -0.459615 130.943078
-0.000432 -0.001616 1.000000
-0.250433 -0.411364 45.896564
-0.236537 -0.447488 134.415978
-0.000739 -0.001420 1.000000
-0.050264 -0.448101 33.441386
-0.088459 -0.489000 148.541649
-0.000401 -0.001774 1.000000
-0.138447 -0.688166 216.777886
-0.063980 -0.542847 69.764956
-0.000570 -0.001796 1.000000
0.001769 -0.536116 121.249907
0.074171 -0.557972 -89.880380
-0.000134 -0.002211 1.000000
0.185680 -0.637085 -319.908886
0.024602 -0.888639 140.298992
0.000080 -0.002389 1.000000
-0.087241 -0.560679 56.737798
-0.001565 -0.467945 7.626817
-0.000405 -0.002010 1.000000
0.070298 -1.101198 27.769433
0.013746 -1.015724 -11.906948
0.000031 -0.002830 1.000000
-0.184231 -0.617489 87.525225
-0.154621 -0.581967 12.266690
-0.000478 -0.001899 1.000000
-0.305229 -1.325260 399.720700
-0.108270 -1.207844 152.138159
-0.000413 -0.002627 1.000000
-0.068026 -1.312117 553.690856
-0.170407 -0.545208 98.579271
-0.000188 -0.002056 1.000000
2.442131 0.345831 -336.729093
0.547093 2.062678 -510.910695
0.001038 0.000561 1.000000
-0.041724 -0.576884 -85.475716
-0.030916 -0.537781 10.307390
-0.000329 -0.001975 1.000000
0.035138 -0.132752 -144.374990
-0.105104 -0.329003 115.865264
-0.000489 -0.001616 1.000000
-0.020231 -0.422796 39.009623
-0.075003 -0.472139 75.778265
-0.000344 -0.001858 1.000000
0.015271 -0.796166 168.237488
0.025009 -0.544131 -111.705618
-0.000080 -0.002327 1.000000
0.079116 -0.572375 -180.745961
0.160270 -1.329604 747.684502
0.000252 -0.002397 1.000000
-0.621206 -0.466522 469.833646
-0.452275 -0.219237 33.107919
-0.001172 -0.000683 1.000000
-0.110572 -0.825151 306.780070
-0.022569 -0.629652 -35.558197
-0.000032 -0.002153 1.000000
0.052099 -0.508539 7.482959
0.058161 -0.583722 18.627552
-0.000136 -0.002152 1.000000
-0.001590 -0.732694 95.062754
0.052005 -0.555118 -18.996137
-0.000333 -0.002125 1.000000
-2.352382 1.338025 3179.483836
-1.784123 1.269921 -2405.727681
-0.004216 0.003099 1.000000
0.205621 -0.733243 -210.555427
-0.079727 -1.261105 779.497148
-0.000026 -0.002347 1.000000
0.217953 -1.562055 1934.378963
-0.019629 -1.731216 1597.647124
0.000603 -0.002762 1.000000
-0.121754 -1.501407 1486.238378
0.166342 -1.051576 204.490821
0.000126 -0.002272 1.000000
-0.722311 -0.144736 -240.497073
-0.808737 -0.340633 -56.183584
-0.001734 -0.000341 1.000000
-0.016894 -0.381886 -72.163017
-0.043632 -0.535391 159.370192
-0.000303 -0.001891 1.000000
0.653123 -1.503234 -226.559307
0.125495 -1.438488 1508.515524
0.000656 -0.002970 1.000000
-0.151828 -1.052234 177.213170
-0.150025 -1.001781 754.643283
-0.000372 -0.001902 1.000000
-0.685023 -1.142629 1028.135697
-0.051664 -0.140827 46.812389
-0.000686 -0.001217 1.000000
-0.355170 -1.355019 1573.254714
-0.203322 -1.040718 347.450251
-0.000335 -0.002115 1.000000
-0.242643 -1.369663 946.608553
-0.016866 -0.304362 58.578334
-0.000272 -0.001590 1.000000
-0.574469 -1.274218 1009.522902
-0.069754 -0.304252 27.017945
-0.000641 -0.001509 1.000000
-0.775129 -0.342261 1242.931990
-0.535976 -0.376550 288.376248
-0.001322 -0.000702 1.000000
-0.372134 -1.409735 921.711415
-0.016079 -0.222343 -0.314311
-0.000439 -0.001678 1.000000
-0.488287 -1.245647 1046.532918
-0.146055 -0.283509 152.220640
-0.000573 -0.001325 1.000000
-0.278163 -1.537662 1115.757827
-0.004475 -0.456344 11.831477
-0.000246 -0.001994 1.000000
-0.343620 -0.508720 1349.806334
-0.385894 -0.763694 1691.787396
-0.000783 -0.001284 1.000000
-0.109800 -1.286328 420.822928
-0.088686 -0.708729 69.173442
-0.000087 -0.002435 1.000000
-0.700741 -0.614278 1086.805915
-0.716507 -0.566124 260.681684
-0.001319 -0.000937 1.000000
-1.345339 0.482660 1145.181287
-0.996573 0.581856 1439.606612
-0.002523 0.000915 1.000000
-0.340882 -1.402663 1002.166961
-0.114615 -0.411380 165.041069
-0.000385 -0.001652 1.000000
-0.359186 -1.417006 988.911044
0.000908 -0.306261 -63.173770
-0.000446 -0.001742 1.000000
-0.527559 -0.802586 780.080493
-0.257689 -0.268319 -283.945350
-0.000991 -0.001053 1.000000
0.278295 -1.813883 602.085114
0.412114 -1.260945 -299.380505
0.001043 -0.003757 1.000000
0.102160 -1.276169 1472.534599
-0.038332 -1.200621 1114.478877
-0.000041 -0.002302 1.000000
-0.325428 -1.065943 811.998349
-0.363566 -1.013824 729.516754
-0.000544 -0.001587 1.000000
-0.297710 -1.392499 991.441688
-0.068006 -0.309476 61.787861
-0.000322 -0.001612 1.000000
-0.315169 -1.267591 921.148885
-0.291091 -1.027406 925.261843
-0.000429 -0.001789 1.000000
-0.622921 -1.272783 1042.100588
-0.110875 -0.270955 44.930571
-0.000711 -0.001462 1.000000
-0.349693 -1.203758 1129.881901
-0.115526 -0.549389 70.214597
-0.000422 -0.001708 1.000000
-0.104653 -0.759939 323.171166
-0.036798 -0.394934 97.334756
-0.000294 -0.001806 1.000000
-0.133135 -1.617652 922.301387
-0.010751 -0.347139 11.166645
-0.000219 -0.001882 1.000000
-0.442087 -1.354576 956.647998
-0.107573 -0.319823 108.847689
-0.000551 -0.001595 1.000000
-2.168982 1.582096 3378.587600
-1.108058 1.163733 278.959336
-0.004229 0.003324 1.000000
-0.369651 -1.385615 913.618396
-0.092949 -0.444876 106.301615
-0.000410 -0.001756 1.000000
-0.538530 -1.294046 836.144246
-0.128815 -0.708662 32.914454
-0.000482 -0.002326 1.000000
-0.448474 -1.750739 840.987697
-0.089784 -1.171555 -59.672644
-0.000195 -0.002786 1.000000
-0.352374 -1.317846 763.474393
-0.081610 -0.899984 -161.413792
-0.000149 -0.002507 1.000000
-0.336015 -1.372261 978.476221
-0.017496 -0.351751 45.836983
-0.000408 -0.001805 1.000000
0.086039 -1.856914 490.823783
0.225536 -1.038746 -251.684229
-0.000072 -0.003147 1.000000
-0.249247 -1.563601 939.711564
-0.081443 -0.423603 34.448626
-0.000391 -0.002060 1.000000
0.920148 -2.649928 1160.870642
0.198610 -1.199242 -213.300131
0.000916 -0.003730 1.000000
0.400722 -1.440942 413.796205
0.005137 -0.740318 -580.103894
0.000190 -0.002598 1.000000
-0.034015 -1.583499 890.825043
0.036560 -0.631856 -33.475071
-0.000175 -0.002185 1.000000
-0.029298 -0.835679 95.941374
-0.151587 -0.732112 772.977301
-0.000290 -0.001869 1.000000
-0.367335 -0.930606 972.716353
-0.179455 -0.363762 -0.506440
-0.000644 -0.001758 1.000000
-0.404719 -1.229707 1031.728479
-0.088536 -0.554035 56.170828
-0.000506 -0.001704 1.000000
-0.423523 -1.006851 970.071636
-0.208823 -0.259927 91.418541
-0.000805 -0.001335 1.000000
-0.107141 -0.967174 339.387800
0.011840 -0.349043 -45.353632
-0.000255 -0.002030 1.000000
-0.450883 -1.211168 896.946007
-0.046937 -0.379715 25.083855
-0.000483 -0.001611 1.000000
-0.137529 -1.245063 824.271721
0.016059 -0.321973 -17.891008
-0.000196 -0.001700 1.000000
0.188905 -1.426947 788.543309
0.296941 -0.792566 -129.422241
0.000285 -0.002508 1.000000
-0.361050 -1.065564 817.171701
-0.090178 -0.319423 7.797968
-0.000433 -0.001504 1.000000
-0.034453 -0.843437 483.948809
0.079509 -0.337653 -28.359059
-0.000226 -0.001660 1.000000
-0.212444 -1.385965 607.708783
-0.106674 -0.864997 87.882344
-0.000401 -0.002140 1.000000
-0.225958 -0.974308 502.423593
-0.009896 -0.408507 -125.359791
-0.000579 -0.001719 1.000000
-0.076110 -1.214715 743.544951
-0.079557 -0.493577 -47.473446
-0.000154 -0.002074 1.000000
-0.263135 -1.106164 661.480557
-0.083494 -0.641118 28.032226
-0.000433 -0.001844 1.000000
-0.129279 -1.599279 823.973049
-0.132182 -0.502448 -134.993538
-0.000130 -0.002566 1.000000
-0.143275 -1.061431 638.769195
0.013849 -0.344392 -108.272488
-0.000369 -0.001801 1.000000
-0.190433 -0.896603 485.981402
0.001854 -0.440444 4.453789
-0.000334 -0.001846 1.000000
-0.221055 -1.680275 656.663519
-0.110128 -1.090875 125.342705
-0.000312 -0.002367 1.000000
-0.248439 -0.636152 423.255051
-0.190355 -0.387424 -7.583659
-0.000676 -0.001359 1.000000
0.097842 -1.294347 532.808259
-0.153214 -0.979637 58.890842
-0.000115 -0.002423 1.000000
-0.283133 -1.245257 1190.461398
-0.131828 -0.468500 111.964397
-0.000486 -0.001685 1.000000
0.147314 -1.139028 477.696408
-0.009912 -0.255701 -142.143947
0.000087 -0.002178 1.000000
-0.494479 -0.912524 799.583563
-0.023237 -0.094768 -4.315176
-0.000640 -0.001230 1.000000
-0.270320 -1.106194 453.315914
-0.196949 -0.724777 107.684129
-0.000592 -0.001941 1.000000
-0.391182 -1.118447 857.564795
-0.077621 -0.340089 -27.525053
-0.000530 -0.001614 1.000000
-0.300369 -1.371421 790.198466
0.024516 -0.358304 -130.804974
-0.000403 -0.001814 1.000000
-0.132464 -1.161049 407.982506
-0.125561 -0.760932 47.188619
-0.000351 -0.002017 1.000000
-0.125658 -0.980950 581.697178
-0.096243 -0.539053 -43.014678
-0.000364 -0.001886 1.000000
-0.216949 -0.726810 350.573405
-0.145752 -0.837131 37.541796
-0.000431 -0.002181 1.000000
0.127287 -1.014990 545.659354
0.118763 -0.516189 -127.615158
-0.000081 -0.002095 1.000000
-0.163017 -1.368584 687.460621
-0.241417 -0.902055 146.369990
-0.000415 -0.002160 1.000000
0.148897 -1.113637 413.459508
0.071760 -0.494173 -83.953834
-0.000109 -0.002188 1.000000
0.064351 -0.476223 23.253178
-0.079557 -0.568486 106.347017
-0.000307 -0.001958 1.000000
0.044224 -0.791403 270.864841
-0.008436 -0.531405 11.564465
-0.000179 -0.002030 1.000000
-0.284963 -1.940018 664.489488
-0.044168 -1.259300 130.354785
0.000027 -0.003358 1.000000
-0.262130 -1.286045 857.999233
-0.119385 -0.585801 -13.089555
-0.000351 -0.002108 1.000000
-0.073449 -0.574014 88.238232
-0.117513 -0.427288 5.410804
-0.000616 -0.001662 1.000000
-0.324229 -1.382679 385.158372
-0.081801 -0.873698 38.513334
-0.000401 -0.002370 1.000000
-0.147517 -0.921449 171.089918
-0.040357 -0.936183 -26.638910
-0.000208 -0.002495 1.000000
-0.382175 -0.980044 685.110743
-0.136061 -0.384416 6.451103
-0.000487 -0.001596 1.000000
-0.060038 -0.364593 99.670527
-0.057311 -0.368291 101.818851
-0.000450 -0.001569 1.000000
0.098032 -0.714933 173.583562
-0.104166 -0.603137 4.122573
-0.000387 -0.001971 1.000000
-0.011524 -0.851493 369.167930
-0.062701 -0.547557 -146.788437
-0.000348 -0.002042 1.000000
0.055846 -0.673166 45.655833
0.009974 -0.479481 -80.716958
-0.000339 -0.001899 1.000000
-0.083397 -1.289812 623.028017
-0.000536 -0.471233 -1.155904
-0.000295 -0.001962 1.000000
-0.056232 -1.220449 146.807494
-0.100288 -0.821129 -55.701812
-0.000064 -0.002600 1.000000
-0.233055 -1.002531 782.090880
-0.030581 -0.318775 -48.634208
-0.000292 -0.001885 1.000000
