-0.050571 -1.155358 555.919312
-0.041288 -0.482640 -12.403382
-0.000063 -0.002220 1.000000
-0.024418 -0.898746 338.563059
-0.057058 -0.440021 -18.239441
-0.000265 -0.002053 1.000000
-0.085327 -0.522089 180.209993
-0.110172 -0.248449 63.207570
-0.000441 -0.001541 1.000000
-0.016947 -0.513127 140.424870
-0.077764 -0.279321 34.071261
-0.000298 -0.001752 1.000000
-0.076834 -0.520772 221.029866
-0.077514 -0.471497 102.683819
-0.000129 -0.001982 1.000000
0.010958 -0.535429 174.246363
-0.102449 -0.380393 95.020020
-0.000334 -0.001762 1.000000
-0.030786 -0.287326 75.057483
-0.047200 -0.220912 38.806565
-0.000496 -0.001533 1.000000
-0.077241 -0.583800 84.146166
-0.034396 -0.374434 -22.795261
-0.000552 -0.001694 1.000000
-0.044106 -0.623518 220.802120
-0.116706 -0.381417 113.716097
-0.000459 -0.001728 1.000000
-0.276094 -1.629816 910.609207
0.060824 -0.833795 -111.644142
-0.000244 -0.002454 1.000000
-0.298338 -1.195201 483.087427
-0.017598 -0.666977 -49.791305
-0.000330 -0.002308 1.000000
-0.048650 -0.481518 34.717966
-0.022826 -0.422660 -3.551204
-0.000365 -0.002001 1.000000
-0.364687 -0.827563 300.445154
-0.144469 -0.550500 46.765544
-0.000645 -0.001706 1.000000
-0.009368 -1.478116 516.911023
0.072220 -1.025890 37.009025
-0.000087 -0.002614 1.000000
-0.002933 -0.922244 428.221609
-0.019510 -0.347440 79.035458
-0.000187 -0.001820 1.000000
0.223611 -0.983726 250.686603
-0.059649 -0.455691 46.654391
-0.000086 -0.002081 1.000000
0.093279 -1.227528 310.674428
-0.050178 -0.694650 44.826666
-0.000248 -0.002271 1.000000
0.353531 -1.083260 268.699457
-0.054360 -0.403893 67.522438
0.000038 -0.002059 1.000000
0.014582 -0.873443 309.429613
-0.105136 -0.388959 77.882032
-0.000350 -0.001769 1.000000
0.006575 -0.659131 176.915774
-0.041353 -0.337588 -0.235477
-0.000389 -0.001816 1.000000
-0.138855 -0.641051 217.271084
-0.064426 -0.534862 94.028459
-0.000312 -0.001977 1.000000
-0.269039 -0.914652 1020.400197
-0.186716 -0.901740 802.961324
-0.000466 -0.001798 1.000000
0.020246 -1.368285 280.031789
-0.161540 -0.977545 2601.697070
-0.000014 -0.002665 1.000000
0.127789 -0.900194 230.619127
0.008322 -0.479295 -25.629574
-0.000137 -0.002270 1.000000
-22.771396 -9.757332 6652.502292
-2.834904 -28.005962 7172.256464
-0.015447 -0.022022 1.000000
0.621302 -0.581099 187.975896
0.048278 0.324263 -58.370630
0.000202 -0.001326 1.000000
-0.124299 -0.847795 168.401547
0.001837 -0.774153 117.766416
0.000017 -0.002388 1.000000
-0.099983 -0.596573 62.892601
-0.115106 -0.412681 77.075972
-0.000449 -0.001795 1.000000
0.170693 -0.881821 189.636219
0.029941 -0.404721 -48.468943
-0.000184 -0.002170 1.000000
0.804586 -0.242404 25.826467
-0.085907 1.091329 -107.694247
-0.000117 -0.000477 1.000000
0.693155 -0.471688 124.250283
-0.112080 0.614778 -2.458750
-0.000079 -0.000872 1.000000
-0.274350 -0.596348 273.787312
-0.187054 -0.430920 192.082232
-0.000740 -0.001315 1.000000
-0.176226 -0.861568 276.006236
-0.100197 -0.658103 130.514901
-0.000543 -0.001856 1.000000
0.249372 -0.321812 99.593710
-0.178863 0.218463 67.379261
-0.000457 -0.001065 1.000000
0.041532 -0.553778 207.369621
-0.127200 -0.250811 123.410062
-0.000313 -0.001628 1.000000
-0.238631 -0.435942 122.679090
-0.235686 -0.242237 172.771464
-0.001089 -0.000906 1.000000
0.184055 0.202474 18.450146
-0.467620 0.947528 78.195424
-0.001139 0.000414 1.000000
-0.177116 -0.445146 167.916491
-0.184170 -0.305029 120.688415
-0.000732 -0.001311 1.000000
-0.172817 -0.473793 152.977638
-0.207788 -0.299187 133.626176
-0.000669 -0.001458 1.000000
-0.027175 -0.561239 197.285772
-0.109349 -0.329303 84.730244
-0.000350 -0.001767 1.000000
-0.171597 -0.759268 274.405871
-0.113493 -0.428985 22.985371
-0.000422 -0.001826 1.000000
-0.049195 -0.627833 169.306564
-0.050622 -0.512956 44.908477
-0.000306 -0.001905 1.000000
-0.006497 -0.929106 349.931282
-0.015789 -0.217589 -66.080329
-0.000358 -0.001744 1.000000
-0.032532 -0.490510 175.238404
0.040850 -0.282486 -6.398362
-0.000071 -0.001883 1.000000
-0.079821 -0.339500 121.187517
-0.029057 -0.164353 -2.605004
-0.000400 -0.001576 1.000000
-0.045482 -0.708038 200.898768
-0.096046 -0.423338 62.193290
-0.000424 -0.001868 1.000000
-0.071283 -0.791860 236.362067
0.017351 -0.783589 27.731110
-0.000204 -0.002412 1.000000
0.139465 -0.988019 228.566456
-0.065803 -0.622183 -6.851536
-0.000162 -0.002481 1.000000
-0.101714 -0.684594 217.040262
-0.140798 -0.466674 29.658525
-0.000451 -0.001901 1.000000
-0.046792 -0.436913 82.040264
-0.108317 -0.208220 27.329387
-0.000552 -0.001628 1.000000
0.022390 -1.135887 453.516115
-0.024085 -0.681392 13.363542
-0.000162 -0.002349 1.000000
0.488611 -1.262653 396.448092
0.102123 -0.420144 -54.778032
0.000247 -0.002308 1.000000
0.006750 -0.751523 197.066586
-0.080949 -0.325793 -77.529938
-0.000343 -0.001952 1.000000
0.124211 -1.154823 318.895381
-0.129753 -0.805619 104.355324
-0.000153 -0.002435 1.000000
0.358417 -1.580867 332.773897
-0.030166 -0.929302 -10.769775
0.000062 -0.003154 1.000000
0.355469 -1.428206 415.522125
0.072602 -0.760172 -57.181437
0.000194 -0.002700 1.000000
0.000735 -1.009558 366.124504
-0.012574 -0.394702 -83.634671
-0.000236 -0.002240 1.000000
-0.084953 -1.081707 713.719304
-0.044803 -0.475889 -65.126824
-0.000212 -0.002101 1.000000
-0.109211 -0.438825 205.964043
-0.180443 -0.514379 105.583470
-0.000397 -0.002030 1.000000
-0.097610 -1.045387 452.458796
-0.131475 -0.886394 73.019461
-0.000320 -0.002359 1.000000
-0.297887 -0.423158 38.185296
-0.057847 -0.187759 25.997645
-0.000619 -0.001621 1.000000
0.304201 -0.957953 115.931791
0.063310 -0.688069 -117.872055
0.000199 -0.002827 1.000000
-0.022009 -0.345211 131.513901
-0.000469 -0.131911 19.345512
-0.000128 -0.001705 1.000000
0.278850 -1.081297 81.452638
-0.046536 -0.694360 -4.261905
0.000056 -0.002774 1.000000
-0.129500 -0.721502 170.424385
-0.018471 -0.318554 -132.380820
-0.000439 -0.002158 1.000000
0.162375 -0.982123 222.966049
-0.072195 -0.604399 -60.710039
-0.000069 -0.002726 1.000000
0.147440 -0.868265 180.732951
-0.055564 -0.672434 36.288237
-0.000034 -0.002585 1.000000
-0.131171 -0.658565 136.229458
-0.043313 -0.602749 24.435282
-0.000429 -0.002178 1.000000
0.137723 -1.328617 404.191060
0.221322 -0.649408 -546.729731
0.001072 -0.004306 1.000000
0.337761 -1.726484 846.676431
0.168472 -0.827858 -42.550564
0.000387 -0.002880 1.000000
0.117500 -1.221547 148.167481
0.026688 -0.721626 -26.331991
0.000030 -0.002773 1.000000
0.110200 -1.072799 231.708138
0.018252 -0.834984 30.494987
0.000178 -0.002701 1.000000
-0.020356 -0.543091 5.553751
-0.079527 -0.405871 -1.607828
-0.000390 -0.002177 1.000000
0.021453 -1.612461 630.540760
0.027352 -0.993653 61.554160
0.000354 -0.002916 1.000000
-0.012385 -0.609635 154.802556
-0.116040 -0.302714 22.873127
-0.000507 -0.001658 1.000000
0.220560 -0.179598 156.964753
-0.175613 0.412641 67.042503
-0.000445 -0.000645 1.000000
0.082317 -0.495301 98.752402
0.040989 -0.300583 36.872584
0.000111 -0.002044 1.000000
-0.113652 -0.196020 -29.007022
-0.118036 -0.211096 56.902247
-0.000702 -0.001253 1.000000
-0.075342 -0.786479 223.312594
-0.086409 -0.350914 -3.003019
-0.000365 -0.001666 1.000000
0.241971 -1.390432 361.548336
0.012307 -0.694333 -87.389776
0.000093 -0.002637 1.000000
0.019156 -1.049456 256.904213
-0.037785 -0.719090 43.255346
-0.000294 -0.002163 1.000000
0.042687 -1.130433 318.156367
-0.020269 -0.614469 -5.085745
-0.000147 -0.002141 1.000000
-0.132276 -1.660666 350.296277
-0.169820 -1.166398 132.079415
-0.000474 -0.002699 1.000000
-0.133554 -0.892596 273.840885
-0.062928 -0.573033 -48.897180
-0.000467 -0.002026 1.000000
-0.040804 -0.275083 174.033508
-0.034570 -0.073302 46.637426
-0.000213 -0.001434 1.000000
-0.086893 -0.506500 183.067592
-0.024564 -0.192604 16.254915
-0.000387 -0.001650 1.000000
0.210612 -1.590114 674.569649
0.026541 -0.892022 -184.461455
0.000050 -0.002867 1.000000
-0.237220 -0.813474 280.467693
-0.098587 -0.463503 -10.184425
-0.000378 -0.001783 1.000000
-0.052555 -0.553559 137.085825
0.017642 -0.276700 24.147919
-0.000165 -0.001847 1.000000
-0.073997 -1.027625 256.705919
-0.039061 -0.601443 16.979089
-0.000208 -0.002186 1.000000
-0.179392 -0.882960 153.802331
-0.122288 -0.516135 68.705929
-0.000441 -0.002021 1.000000
-0.191852 -1.526667 358.092217
-0.142588 -0.803969 90.561627
-0.000385 -0.002452 1.000000
0.047267 -0.939251 125.728981
-0.051450 -0.620207 75.473930
-0.000331 -0.002053 1.000000
-0.129274 -0.557563 148.321804
-0.063498 -0.176608 -56.023887
-0.000533 -0.001516 1.000000
-0.095974 -0.900723 83.736726
-0.047631 -0.408683 -9.223199
-0.000488 -0.002015 1.000000
-0.111738 -1.484900 620.887511
0.028521 -0.812791 -151.895040
-0.000260 -0.002478 1.000000
0.102046 -1.225291 111.978310
-0.022374 -0.433474 -20.708059
0.000129 -0.002650 1.000000
0.089131 -0.813633 49.287787
-0.118220 -0.484873 73.947503
-0.000402 -0.001961 1.000000
-0.102242 -1.219612 218.310533
-0.150704 -0.648968 -43.486808
-0.000482 -0.002287 1.000000
-0.245167 -1.020455 276.426794
-0.030117 -0.758585 31.231586
-0.000358 -0.002194 1.000000
-0.019327 -1.052560 426.889300
0.123233 -0.827321 11.568956
-0.000113 -0.002331 1.000000
0.048974 -1.150138 273.264786
-0.044260 -0.701951 -51.622901
-0.000092 -0.002426 1.000000
-0.212986 -0.879968 247.949705
-0.180433 -0.478365 108.521234
-0.000480 -0.001950 1.000000
0.268057 -1.391542 331.358632
-0.044537 -1.151499 35.317239
-0.000054 -0.002937 1.000000
-0.225047 -1.139554 289.639967
-0.076487 -0.821830 -32.322576
-0.000406 -0.002381 1.000000
1.000000 0.000000 -0.000000
-0.000000 1.000000 -0.000000
-0.000000 0.000000 1.000000
1.240659 0.137615 -108.901843
0.088302 1.313752 -108.767095
0.000172 0.000138 1.000000
-0.205039 -1.017858 312.492711
-0.095549 -0.846549 -12.700588
-0.000477 -0.002218 1.000000
0.070570 -1.216713 365.168810
-0.053337 -1.104727 55.330913
-0.000211 -0.002621 1.000000
0.141389 -1.193854 95.660748
0.138614 -0.736037 -15.822733
0.000033 -0.002449 1.000000
-0.034659 -1.076265 82.161197
-0.038944 -0.728568 13.861544
-0.000240 -0.002453 1.000000
-0.486000 -0.480904 -322.939383
-0.315327 -0.326797 392.696085
-0.001274 -0.001153 1.000000
0.149355 -0.873047 199.393675
-0.007257 -0.619876 -152.263982
-0.000128 -0.002436 1.000000
-0.024971 -1.356580 722.412221
-0.003316 -0.709675 -75.279204
-0.000079 -0.002600 1.000000
0.181650 -1.365434 332.310087
0.076808 -0.924283 -125.678744
0.000032 -0.003014 1.000000
0.080367 -0.905683 -1.700852
-0.104925 -0.489810 -9.367572
-0.000423 -0.001989 1.000000
0.115639 -1.284451 362.991563
-0.013660 -0.903773 -224.950437
-0.000155 -0.002596 1.000000
-0.151879 -1.110204 370.504278
-0.069491 -0.475969 -130.163686
-0.000439 -0.002106 1.000000
0.052287 -1.122448 292.181816
-0.088008 -0.467393 -114.606252
-0.000455 -0.002119 1.000000
0.213405 -1.445662 263.990140
-0.001121 -0.578432 -181.543892
-0.000071 -0.002611 1.000000
-0.151013 -0.628259 192.180373
-0.133460 -0.386301 -16.718667
-0.000619 -0.001781 1.000000
0.209210 -1.737917 435.979477
-0.020743 -0.831613 -124.069724
-0.000142 -0.002748 1.000000
-0.019976 -0.861581 115.767545
-0.046598 -0.469873 -31.283290
-0.000183 -0.002236 1.000000
0.219858 -1.298554 288.680091
-0.015241 -0.596170 -250.887751
-0.000094 -0.002716 1.000000
-0.199351 -1.401482 872.156312
-0.065628 -0.487373 51.706250
-0.000199 -0.002045 1.000000
-0.124020 -0.862629 359.992399
-0.094112 -0.483837 -60.411586
-0.000470 -0.001849 1.000000
-0.119500 -0.666087 209.666854
-0.169180 -0.480527 -0.483268
-0.000667 -0.001824 1.000000
0.134332 -1.065592 338.111359
0.008639 -0.987928 13.302471
-0.000180 -0.002546 1.000000
0.146713 -1.405078 408.721061
0.042383 -1.013675 -121.412693
0.000054 -0.003083 1.000000
-0.157012 -0.770586 269.606475
-0.181322 -0.475800 7.751748
-0.000509 -0.001866 1.000000
-0.071658 -1.016824 328.065682
-0.120201 -0.523841 -34.174366
-0.000404 -0.001910 1.000000
0.069204 -1.640469 554.167968
0.055061 -0.831285 -305.460586
0.000014 -0.002822 1.000000
-0.000698 -1.018602 197.859847
-0.048809 -0.632004 -141.819002
-0.000340 -0.002133 1.000000
0.450670 -2.176580 592.444429
0.291881 -1.080026 -314.174236
0.000528 -0.003561 1.000000
0.040372 -1.010676 355.839401
0.028408 -0.735213 -67.802886
-0.000149 -0.002445 1.000000
0.009717 -1.161803 430.465316
0.001346 -0.730538 -265.584242
-0.000323 -0.002290 1.000000
0.350836 -1.036752 390.825330
-0.019939 -0.691144 -6.267508
0.000236 -0.002527 1.000000
0.045193 -1.094588 335.072768
-0.012761 -0.573089 -128.890036
-0.000152 -0.002328 1.000000
-0.239681 -0.855168 318.100411
-0.102566 -0.325896 -48.559077
-0.000413 -0.002053 1.000000
-0.584999 -0.932777 638.278354
-0.278683 -0.374347 -30.375032
-0.000821 -0.001604 1.000000
-0.440541 -1.584371 1045.634878
0.000667 -0.221808 -12.762719
-0.000399 -0.001810 1.000000
0.186974 -1.568725 340.533875
0.109470 -0.640506 -137.844864
-0.000111 -0.002659 1.000000
0.068467 -1.424050 1138.398132
0.013731 -0.739199 -252.716997
-0.000102 -0.002382 1.000000
-0.542797 -1.149507 1139.741965
-0.178862 -0.450216 95.641811
-0.000684 -0.001608 1.000000
-0.672476 -0.908367 1069.372487
-0.217044 -0.276903 -55.875915
-0.000951 -0.001166 1.000000
0.334840 -1.746756 995.756637
0.084773 -0.630863 -118.330794
0.000192 -0.002707 1.000000
-0.087129 -1.469505 524.934535
0.005999 -0.689286 -185.213385
-0.000106 -0.002408 1.000000
-0.279981 -0.684065 183.702871
-0.079622 -0.344369 -166.759699
-0.000644 -0.001868 1.000000
-0.225672 -0.864567 355.223674
-0.041694 -0.398486 -22.824530
-0.000339 -0.001834 1.000000
-0.118786 -0.969758 287.886822
-0.039004 -0.665972 -3.342996
-0.000220 -0.002104 1.000000
0.178162 -1.871265 1170.118605
0.140501 -1.245839 43.930643
0.000300 -0.003232 1.000000
-0.207241 -1.492527 831.387802
-0.083757 -0.735734 22.778130
-0.000351 -0.002417 1.000000
0.111170 -1.137676 92.457721
-0.084309 -0.664875 -41.312404
-0.000314 -0.002200 1.000000
-0.096450 -1.604682 582.373423
-0.116373 -0.879347 -22.409720
-0.000372 -0.002428 1.000000
-0.554757 -1.416113 987.752864
-0.112030 -0.268257 58.998576
-0.000613 -0.001632 1.000000
-0.453865 -1.615401 1065.725349
-0.060222 -0.387052 19.577519
-0.000441 -0.001864 1.000000
-0.373041 -1.125051 889.268350
-0.191701 -0.474684 -41.551586
-0.000590 -0.001781 1.000000
-0.168506 -1.678260 1042.605899
-0.046045 -0.560263 100.753773
-0.000249 -0.002151 1.000000
-0.050317 -1.645455 1346.485033
0.091547 -0.666331 58.007026
0.000077 -0.002232 1.000000
0.088176 -1.316865 671.919950
-0.039134 -0.786421 23.918751
-0.000052 -0.002574 1.000000
-0.141631 -0.973553 479.946244
-0.005023 -0.353795 -80.788675
-0.000351 -0.002080 1.000000
0.071710 -1.369259 686.830719
0.100591 -0.768520 -186.358726
-0.000046 -0.002908 1.000000
0.139617 -1.022363 349.622376
-0.088688 -0.569334 -87.781488
-0.000201 -0.002277 1.000000
-0.006122 -0.468099 173.698012
-0.089566 -0.403746 131.067559
-0.000330 -0.001684 1.000000
0.059279 -0.417322 89.562172
-0.009617 -0.444289 50.017434
-0.000272 -0.001853 1.000000
-0.030394 -0.517697 128.971012
-0.002675 -0.377354 -18.200209
-0.000211 -0.002015 1.000000
-0.220988 -0.621964 -102.015009
-0.267689 -0.749179 534.156814
-0.000505 -0.001992 1.000000
-0.077126 -0.696012 133.413545
-0.074374 -0.521868 -13.033924
-0.000344 -0.001910 1.000000
0.663372 -1.291660 14.644276
0.238285 -0.501881 -96.399698
0.001027 -0.003326 1.000000
-0.176416 -0.772368 146.972754
-0.133682 -0.407148 -26.975424
-0.000585 -0.001756 1.000000
-0.008768 -1.309095 620.405807
0.037128 -0.934004 -62.396078
-0.000268 -0.002592 1.000000
-0.060909 -1.136758 457.593883
-0.127307 -0.636039 -21.433226
-0.000280 -0.002363 1.000000
-0.041313 -0.281592 13.738925
-0.094445 -0.247694 97.230269
-0.000213 -0.001894 1.000000
-0.071025 -0.590790 22.606139
-0.014918 -0.656622 144.386847
-0.000094 -0.002165 1.000000
-0.006971 -0.896849 63.157866
0.035161 -1.027766 76.873667
0.000281 -0.002803 1.000000
-0.001103 -0.552991 182.385469
-0.079482 -0.444053 94.456925
-0.000392 -0.001696 1.000000
0.018478 -0.647145 284.449606
0.045736 -0.290935 -0.240866
0.000034 -0.001910 1.000000
0.153152 -0.904031 -719.300535
0.294223 -0.921925 -295.083371
0.000846 -0.004054 1.000000
-0.055513 -0.771547 24.867420
-0.094341 -0.729682 88.145355
-0.000363 -0.002249 1.000000
0.049525 -0.289353 -18.635386
0.004128 -0.329198 44.294267
-0.000152 -0.001943 1.000000
0.074879 -0.421165 44.323126
-0.055511 -0.358320 37.490086
-0.000440 -0.001733 1.000000
0.022979 -0.393213 93.960489
-0.097153 -0.280295 58.551812
-0.000320 -0.001688 1.000000
-0.736124 0.113897 -296.473319
-0.368323 -0.030431 333.676971
-0.001741 -0.000438 1.000000
0.023996 -1.191239 482.787420
-0.016401 -0.469042 -31.857307
-0.000182 -0.002258 1.000000
-0.115532 -1.031136 413.844173
-0.041749 -0.492052 -125.896828
-0.000383 -0.002126 1.000000
-0.081072 -0.499972 9.776980
-0.075792 -0.269883 65.904396
-0.000491 -0.001738 1.000000
-0.057847 -0.557204 -57.070793
-0.133174 -0.406989 95.594195
-0.000491 -0.001858 1.000000
0.011698 -0.422575 -14.067988
-0.115340 -0.527571 94.927129
-0.000476 -0.001927 1.000000
0.026065 -0.263655 63.325598
0.019839 -0.291896 42.501347
-0.000152 -0.001857 1.000000
-0.356552 -0.858983 133.547985
-0.423549 -0.735688 673.101180
-0.000704 -0.001842 1.000000
-0.502501 -1.236333 581.233370
-0.249786 -0.851427 819.822333
-0.000568 -0.001881 1.000000
-0.033653 -1.175928 -3.713965
-0.044779 -0.642550 38.084449
-0.000238 -0.002342 1.000000
-0.089065 -0.496093 94.030769
-0.059931 -0.446350 52.542811
-0.000178 -0.001992 1.000000
0.185785 -1.327981 282.775187
-0.064308 -0.654425 -93.276887
-0.000051 -0.002521 1.000000
-0.572226 -0.074422 -55.150520
-0.662561 -0.373425 1591.531295
-0.001514 -0.000493 1.000000
0.141522 -0.895216 -94.119565
-0.173291 -1.229492 656.947710
-0.000187 -0.002262 1.000000
-2.061096 2.979328 2146.612070
-2.004099 2.607180 -2794.650641
-0.005122 0.006034 1.000000
-0.332063 -1.502422 1297.574942
-0.232066 -0.882725 687.069522
-0.000379 -0.001973 1.000000
-0.183764 -0.823724 461.002926
-0.423782 -0.896762 1171.649638
-0.000426 -0.001839 1.000000
0.127973 -0.970900 26.557803
0.022750 -0.569277 -48.176908
-0.000069 -0.002282 1.000000
-0.011779 -1.026092 328.355875
-0.076858 -0.900853 940.710516
-0.000166 -0.002160 1.000000
-0.701565 -0.323208 145.750567
-0.339222 -0.276696 -201.249168
-0.001189 -0.000740 1.000000
-0.583942 -1.401818 1053.181512
-0.038128 -0.422136 4.944040
-0.000630 -0.001799 1.000000
-0.417852 -1.442929 1572.948009
-0.248396 -1.067116 1188.475454
-0.000448 -0.002270 1.000000
-0.736379 -0.837507 988.090348
-0.133402 -0.410948 -26.177741
-0.000857 -0.001346 1.000000
-0.499822 -1.292150 1014.592468
-0.104082 -0.468008 37.505324
-0.000552 -0.001741 1.000000
3.212520 -7.013197 -154.390089
1.459182 -3.463830 -2740.800911
0.004902 -0.011180 1.000000
-0.293380 -1.499198 931.135172
-0.008485 -0.388143 17.787332
-0.000323 -0.001870 1.000000
-0.374316 -1.315436 993.521603
-0.158999 -0.374387 161.158147
-0.000443 -0.001602 1.000000
-0.336684 -1.386381 1307.433538
-0.043114 -1.045524 140.222436
-0.000365 -0.002656 1.000000
-0.593141 -0.545362 488.475085
-0.543861 -0.551900 945.695360
-0.001061 -0.000858 1.000000
-0.093554 -0.793945 546.273358
0.367819 -1.008962 -61.139099
-0.000059 -0.002329 1.000000
-0.756252 -0.606471 1568.768754
-0.257655 -0.679099 862.839271
-0.000802 -0.001475 1.000000
-0.407502 -0.437936 1315.265788
-0.210184 -0.478638 825.688875
-0.000926 -0.001302 1.000000
-0.294248 -1.346786 931.761187
-0.114677 -0.441073 105.656184
-0.000435 -0.001720 1.000000
-0.342703 -1.562664 1025.273722
-0.024375 -0.310728 69.566396
-0.000314 -0.001727 1.000000
-0.155099 -1.541587 1184.351714
0.001367 -0.400106 -19.087294
-0.000084 -0.001981 1.000000
-0.969933 0.409560 1010.003400
-0.319724 -0.073524 95.753396
-0.001789 0.000239 1.000000
-0.377057 -1.512440 860.719195
-0.242005 -1.079819 1188.037095
-0.000168 -0.002550 1.000000
-0.431525 -0.982586 621.205291
-0.409193 -0.923353 883.426334
-0.000599 -0.001586 1.000000
-0.316446 -1.246105 957.035423
-0.162532 -0.405358 163.424224
-0.000487 -0.001566 1.000000
0.413894 -1.764670 1064.675140
0.273929 -1.631738 854.246587
0.000290 -0.002962 1.000000
0.425742 -2.722738 731.484806
0.534077 -1.170453 -658.067202
0.000932 -0.004020 1.000000
0.123777 -1.231141 1229.350376
-0.006830 -0.536117 -36.679165
-0.000048 -0.002140 1.000000
-0.116668 -0.479250 288.681418
-0.004992 -0.224967 36.066071
-0.000302 -0.001607 1.000000
-0.318230 -1.363134 940.511513
-0.084755 -0.402134 115.605996
-0.000322 -0.001780 1.000000
-0.374951 -1.277934 981.419761
-0.060627 -0.278034 69.598427
-0.000359 -0.001540 1.000000
-0.146115 -0.823457 41.906416
-0.079288 -0.819606 10.215082
-0.000020 -0.002355 1.000000
-0.308123 -1.706778 984.377610
-0.008454 -0.555595 26.897114
-0.000226 -0.002179 1.000000
-0.353563 -1.334948 894.139889
-0.130830 -0.323198 32.931019
-0.000357 -0.001670 1.000000
-0.067837 -1.672818 795.172561
0.011143 -0.771993 -30.543328
0.000077 -0.002605 1.000000
-0.121287 -1.112738 578.178723
-0.000454 -0.812571 5.032449
-0.000165 -0.002420 1.000000
-0.441958 -1.425556 938.952178
-0.011129 -0.545219 36.127329
-0.000291 -0.002047 1.000000
-0.295163 -1.539296 959.680809
-0.003261 -0.408412 -3.556720
-0.000296 -0.002060 1.000000
-0.429488 -1.502520 994.554874
-0.045349 -0.302185 44.025287
-0.000448 -0.001886 1.000000
-0.260507 -1.712627 1027.585325
-0.054606 -0.542692 -76.189957
-0.000249 -0.002272 1.000000
-0.066852 -1.369704 876.624613
0.131405 -0.646085 -85.945775
0.000143 -0.002410 1.000000
-0.237924 -1.528402 1072.831846
0.008228 -0.566653 38.828781
-0.000212 -0.002085 1.000000
0.368068 -1.563579 -1616.416003
0.089406 -1.428417 1104.457382
0.000574 -0.003133 1.000000
-0.362103 -1.367542 995.704975
-0.065366 -0.437681 51.107744
-0.000476 -0.001845 1.000000
-0.109742 -1.637048 993.502712
0.068280 -0.912505 89.041372
0.000049 -0.002657 1.000000
-0.272120 -1.375136 981.300587
-0.093546 -0.391414 77.251995
-0.000338 -0.001829 1.000000
-0.202324 -0.515079 316.661414
-0.008469 -0.061651 -30.335470
-0.000541 -0.001395 1.000000
-0.266137 -1.376103 863.577209
-0.056183 -0.311214 21.348436
-0.000346 -0.001830 1.000000
-0.253401 -1.541039 877.889848
0.001470 -0.458784 43.073418
-0.000103 -0.002165 1.000000
-0.181376 -1.612087 796.809648
0.032890 -0.720289 -25.233953
-0.000090 -0.002351 1.000000
0.141682 -1.227657 464.492110
0.101616 -0.611860 -204.034416
-0.000040 -0.002579 1.000000
-0.069942 -1.058779 530.429751
-0.012781 -0.382492 -94.672356
-0.000053 -0.002206 1.000000
-0.211066 -1.227962 715.472357
-0.115123 -0.475568 -17.802957
-0.000314 -0.001953 1.000000
-0.160028 -1.265456 667.511115
-0.039882 -0.528297 -85.861316
-0.000148 -0.002552 1.000000
-0.235540 -1.279516 576.898633
0.086181 -0.552980 -150.301204
0.000087 -0.002658 1.000000
-0.117947 -1.418408 697.582938
-0.004692 -0.887979 10.535622
-0.000034 -0.002675 1.000000
-0.170891 -1.302429 602.299435
-0.076081 -0.503332 -153.608156
-0.000411 -0.002398 1.000000
-0.215896 -0.830470 381.368655
-0.086265 -0.395996 -91.142998
-0.000436 -0.001907 1.000000
-0.110540 -1.500437 689.281498
-0.086489 -0.702329 7.294731
-0.000242 -0.002396 1.000000
-0.164778 -1.418615 637.543084
0.031417 -1.141458 -20.655671
0.000062 -0.002942 1.000000
0.129422 -1.609768 201.437554
0.023770 -1.421700 -25.476561
-0.000070 -0.003349 1.000000
-0.270293 -1.128757 637.172305
-0.092831 -0.465146 30.831985
-0.000475 -0.001834 1.000000
-0.231508 -1.399871 997.498398
-0.025060 -0.264331 48.127278
-0.000292 -0.001753 1.000000
-0.361095 -0.790077 511.853264
0.019489 -0.267019 -232.863562
-0.000468 -0.001760 1.000000
-0.254770 -1.152950 784.188697
-0.107359 -0.278121 -67.915568
-0.000477 -0.001756 1.000000
0.184980 -1.604870 430.835123
-0.079917 -0.629141 -160.378525
-0.000050 -0.002832 1.000000
0.087121 -1.666939 779.652148
0.025294 -0.523574 -12.204083
-0.000038 -0.002609 1.000000
-0.036022 -1.256482 638.307514
0.033150 -0.621760 -116.858509
-0.000298 -0.002428 1.000000
-0.010710 -1.023817 300.027457
-0.015253 -0.775545 3.247271
-0.000128 -0.002608 1.000000
0.138665 -1.344912 522.204599
-0.024947 -0.714807 -65.330635
-0.000246 -0.002478 1.000000
-0.079439 -1.553987 754.202610
0.139946 -1.104065 -37.166064
-0.000010 -0.002955 1.000000
-0.220047 -1.165163 507.373071
-0.103602 -0.891628 16.296051
-0.000419 -0.002340 1.000000
-0.186895 -0.869753 484.080171
-0.107354 -0.621797 41.997421
-0.000582 -0.001837 1.000000
-0.160577 -0.543053 189.942810
0.034571 -0.431792 -75.728860
-0.000204 -0.002144 1.000000
0.096925 -0.639738 104.432078
0.016301 -0.385527 43.501021
-0.000039 -0.002111 1.000000
-0.156617 -0.439832 131.730270
-0.137157 -0.256945 116.761246
-0.000489 -0.001497 1.000000
0.069639 -1.172716 432.005452
0.043217 -0.397185 -191.633366
-0.000102 -0.002316 1.000000
-0.140049 -1.866726 941.897320
-0.022534 -0.669127 89.333312
-0.000166 -0.002435 1.000000
-0.055935 -0.604210 159.045288
-0.135601 -0.427676 95.307856
-0.000734 -0.001544 1.000000
0.148362 -1.095377 48.088861
0.063420 -0.766766 2.075382
0.000142 -0.002749 1.000000
-0.033912 -0.701903 234.945402
-0.087413 -0.421659 80.968278
-0.000499 -0.001600 1.000000
-0.386144 -1.474610 842.284168
-0.079179 -0.551290 -28.757503
-0.000352 -0.002241 1.000000
-0.094237 -0.766440 139.497305
-0.111091 -0.563789 124.542696
-0.000297 -0.002003 1.000000
0.028273 -1.304901 236.692237
0.049293 -1.210991 127.252292
-0.000227 -0.002810 1.000000
-0.026456 -1.471338 504.510117
-0.001780 -1.039951 84.777006
-0.000141 -0.002740 1.000000
-0.063607 -0.932393 198.185411
-0.079100 -0.613546 48.605320
-0.000486 -0.002075 1.000000
-0.437978 -1.473351 790.309362
-0.137385 -0.536113 -10.289796
-0.000619 -0.001921 1.000000
0.005393 -1.253483 142.081374
0.022607 -0.936267 50.952315
-0.000085 -0.002774 1.000000
-0.443077 -1.291841 878.372713
-0.115130 -0.382910 77.714205
-0.000510 -0.001697 1.000000
