-0.327683 -1.267708 856.791792
-0.067350 -0.823380 -42.189796
-0.000283 -0.002262 1.000000
-0.384792 -0.893921 395.903316
-0.322027 -0.330690 -177.924490
-0.001042 -0.001473 1.000000
0.101793 -0.676013 146.089908
-0.030074 -0.422600 -49.828796
-0.000287 -0.001783 1.000000
-0.155525 -0.489581 118.001004
-0.025370 -0.261569 -41.645323
-0.000726 -0.001456 1.000000
-0.227128 -0.844833 502.292360
-0.097316 -0.702375 -122.948158
-0.000596 -0.001898 1.000000
-0.012719 -0.922856 186.842299
-0.199352 -0.739491 64.316905
-0.000485 -0.002028 1.000000
-0.101070 -0.464650 158.774798
-0.036325 -0.286567 -44.681361
-0.000591 -0.001531 1.000000
0.053841 -0.862986 118.292837
-0.027993 -1.004679 42.519717
-0.000352 -0.002403 1.000000
-0.067947 -0.688339 216.186515
-0.260436 -0.679553 -49.304322
-0.000560 -0.001838 1.000000
-0.423362 -1.206982 863.912952
0.014372 -0.242231 -30.043087
-0.000471 -0.001547 1.000000
-0.247334 -0.881927 546.408838
-0.076179 -0.412218 -56.234145
-0.000479 -0.001675 1.000000
-0.130853 -0.872343 45.292190
-0.076430 -0.657442 0.699139
-0.000612 -0.001878 1.000000
-0.239070 -1.622552 940.118360
0.047838 -0.933336 -97.124294
-0.000185 -0.002472 1.000000
-0.279334 -1.389286 883.097032
0.062232 -0.733931 -162.461854
-0.000406 -0.002216 1.000000
0.139732 -1.159125 792.634198
0.169849 -1.210401 -44.934272
0.000180 -0.002800 1.000000
-0.090147 -0.936885 399.798378
-0.089304 -0.792561 19.784690
-0.000353 -0.002178 1.000000
-0.243854 -0.899517 332.430810
-0.003470 -0.755039 -98.264921
-0.000359 -0.002326 1.000000
0.018154 -0.622460 251.670982
-0.073427 -0.565363 -8.240720
-0.000309 -0.001897 1.000000
-0.119214 -0.960547 420.899483
0.023891 -0.815801 -80.458873
-0.000265 -0.002250 1.000000
-0.152688 -0.775963 218.972761
-0.075293 -0.383325 -59.603473
-0.000707 -0.001695 1.000000
-0.102362 -0.913941 208.437746
0.000682 -0.602471 -2.630944
-0.000416 -0.002022 1.000000
-0.160293 -3.022582 503.028027
0.257853 -1.604370 -86.151992
0.000263 -0.003448 1.000000
-0.541860 -0.358122 -87.905707
-0.589666 -0.526948 -332.763697
-0.001244 -0.000923 1.000000
0.003710 -0.943618 230.758218
-0.056807 -0.770884 62.012289
-0.000263 -0.002087 1.000000
-0.138999 -1.115914 536.239906
0.033247 -1.083013 -74.093331
-0.000186 -0.002706 1.000000
-0.199307 -1.194883 674.523786
-0.063261 -0.590969 -16.752824
-0.000366 -0.001972 1.000000
-0.149694 -0.805670 -11.676045
-0.133609 -0.597454 102.643403
-0.000565 -0.002121 1.000000
-0.127911 -0.600555 160.451142
-0.103064 -0.806450 94.022785
-0.000486 -0.001848 1.000000
-0.175731 -0.824559 250.466601
-0.134888 -0.634414 47.671839
-0.000542 -0.001810 1.000000
0.006634 -1.136364 646.823376
0.117122 -1.002032 -74.915096
-0.000033 -0.002477 1.000000
-0.188590 -0.931307 435.108108
-0.125934 -0.549645 -127.424561
-0.000654 -0.001827 1.000000
-0.063447 -1.752278 745.815962
0.095321 -1.487702 -87.558762
0.000111 -0.003234 1.000000
-0.169348 -0.964380 248.010308
-0.047993 -0.898737 -169.698030
-0.000306 -0.002593 1.000000
0.026225 -1.431767 813.843740
0.379165 -1.723243 -281.214035
0.000640 -0.003960 1.000000
-0.109544 -0.831678 35.709423
-0.165332 -0.977589 -97.749697
-0.000325 -0.002207 1.000000
-0.471143 -1.101408 628.210363
-0.090690 -0.398985 -97.942954
-0.000612 -0.001774 1.000000
-0.341188 -0.953895 426.376846
-0.255154 -0.722821 28.926201
-0.000753 -0.001908 1.000000
-0.433709 -0.678354 -85.730245
-0.174355 -0.439761 -107.328748
-0.000844 -0.001496 1.000000
-0.178606 -0.968304 96.088920
-0.029954 -0.557721 -169.622402
-0.000473 -0.002083 1.000000
0.110704 -1.041023 321.235325
0.097229 -1.065109 -279.335664
0.000352 -0.003170 1.000000
-0.551380 -0.922643 538.781855
-0.202570 -0.467642 -295.838233
-0.000962 -0.001503 1.000000
-0.143651 -0.567709 100.804606
-0.084724 -0.425993 -31.412751
-0.000611 -0.001544 1.000000
-0.096891 -0.749557 182.999995
-0.078697 -0.697358 -144.849435
-0.000416 -0.002247 1.000000
-0.152771 -0.639749 238.844578
0.034968 -0.534957 -57.605404
-0.000421 -0.001840 1.000000
0.097456 -1.159083 261.972089
0.098066 -0.672212 -195.961566
-0.000122 -0.002445 1.000000
-0.315923 -0.875481 750.434638
-0.082336 -0.527787 -55.267192
-0.000709 -0.001872 1.000000
-0.279587 -0.779377 927.090559
-0.175312 -0.612758 -287.132103
-0.000598 -0.001942 1.000000
-0.342951 -0.432642 202.845370
-0.308800 -0.227676 -116.074891
-0.001162 -0.001101 1.000000
-0.122930 -0.960053 661.674175
0.015737 -0.848211 -118.784344
-0.000172 -0.002747 1.000000
-0.117506 -0.665902 306.390174
-0.073267 -0.540653 -109.192937
-0.000366 -0.002016 1.000000
-0.230027 -0.665042 783.716133
-0.106025 -0.561366 35.779574
-0.000486 -0.001965 1.000000
-0.050152 -0.736380 560.624297
-0.051538 -0.587850 -26.758124
-0.000326 -0.002230 1.000000
-0.076400 -0.358291 32.052722
-0.121091 -0.341247 -32.308140
-0.000662 -0.001481 1.000000
-0.322159 -0.830857 572.573710
-0.222728 -1.014096 -198.458880
-0.000414 -0.002423 1.000000
-0.084583 -0.876243 129.435872
-0.053419 -0.821422 -270.604032
-0.000402 -0.002277 1.000000
-0.481239 -0.972794 747.613469
-0.243587 -0.659542 -35.168174
-0.000681 -0.001770 1.000000
-0.440948 -1.132800 893.591691
-0.177093 -0.294414 -142.779591
-0.000721 -0.001829 1.000000
-0.571255 -1.180479 1055.520282
-0.134000 -0.318166 68.916630
-0.000626 -0.001441 1.000000
-0.298136 -0.646684 188.091178
-0.162672 -0.611169 52.117177
-0.000764 -0.001650 1.000000
-0.608145 -1.141392 501.568140
-0.205002 -0.758002 -181.838447
-0.000776 -0.001948 1.000000
-0.134594 -0.700974 -69.941293
-0.027951 -0.407557 -161.030676
-0.000399 -0.001895 1.000000
-0.140147 -0.855094 270.286017
-0.104597 -0.649891 -68.529701
-0.000427 -0.002117 1.000000
-0.230325 -0.563776 81.135005
-0.129894 -0.347783 -55.304103
-0.000693 -0.001616 1.000000
-0.335961 -0.858351 809.742371
-0.071679 -0.637876 -86.164713
-0.000694 -0.002092 1.000000
-0.388443 -0.676650 786.797944
-0.074234 -0.262538 -230.918237
-0.000736 -0.001620 1.000000
-0.270988 -1.027293 741.558617
-0.011536 -0.534639 -129.884864
-0.000271 -0.002105 1.000000
-0.523591 -1.536209 910.726625
-0.182928 -0.714532 -11.676666
-0.000449 -0.002148 1.000000
-0.055960 -0.672273 128.627629
-0.076768 -0.459593 13.311249
-0.000485 -0.001833 1.000000
0.247096 -2.777711 -157.757627
0.162698 -0.958994 -399.675957
0.001145 -0.004451 1.000000
-0.622703 -0.942906 834.284879
-0.330773 -0.485291 -130.107216
-0.000977 -0.001493 1.000000
-0.189072 -1.285168 478.211093
-0.007199 -0.942912 -177.950337
-0.000007 -0.002797 1.000000
-0.562658 -1.086901 908.824622
-0.304148 -0.704388 -64.823014
-0.000741 -0.002101 1.000000
-0.039384 -0.843727 147.996808
-0.101612 -0.464459 -189.823415
-0.000484 -0.002125 1.000000
0.087802 -1.305337 884.696393
0.027368 -0.758224 -271.023677
-0.000048 -0.002687 1.000000
-0.214434 -0.714044 311.906702
-0.124876 -0.571220 -18.757928
-0.000533 -0.001833 1.000000
-0.017393 -0.806681 423.819742
-0.019711 -0.617463 -117.636044
-0.000288 -0.002131 1.000000
-0.247851 -0.657118 159.727474
-0.252379 -0.587398 178.097424
-0.000639 -0.001550 1.000000
0.125254 -1.019946 60.820355
-0.027911 -0.885822 13.529842
0.000478 -0.003091 1.000000
0.033012 -2.254697 -33.372587
0.350918 -1.561356 -442.554312
0.000597 -0.004290 1.000000
0.666247 -3.122356 122.665796
0.468572 -1.663958 -672.077946
0.002034 -0.005427 1.000000
-0.120881 -1.816144 576.671738
0.009432 -1.040636 -186.723938
0.000059 -0.002906 1.000000
0.155040 -1.496063 362.834800
0.109044 -1.216655 -120.649540
0.000279 -0.003108 1.000000
-0.389800 -1.270581 284.782601
-0.204555 -0.874709 -68.128583
-0.000524 -0.002309 1.000000
-0.130120 -1.330574 448.545524
-0.051273 -0.815030 -143.058322
0.000006 -0.002683 1.000000
-0.124646 -0.456070 125.156372
-0.048448 -0.230808 21.957188
-0.000649 -0.001515 1.000000
-0.153973 -0.607494 195.418929
-0.030784 -0.257582 -71.511807
-0.000545 -0.001555 1.000000
-0.091863 -1.096385 138.851150
0.093312 -1.026002 -337.289849
-0.000076 -0.002707 1.000000
-0.333090 -1.099198 702.206398
-0.159933 -0.885084 -99.477619
-0.000592 -0.002228 1.000000
-0.149466 -0.670154 104.631789
-0.114527 -0.452562 72.028739
-0.000321 -0.001916 1.000000
-0.174519 -1.599860 560.476777
0.019559 -0.800578 -126.963339
-0.000099 -0.002493 1.000000
-0.244506 -1.172872 386.377474
-0.032798 -0.606906 -39.284039
-0.000336 -0.002203 1.000000
-0.599036 -1.138245 567.403239
-0.248625 -0.600794 -6.562340
-0.000761 -0.001753 1.000000
-0.395935 -0.870681 448.893888
-0.090387 -0.390679 -153.686571
-0.000507 -0.001790 1.000000
-0.104510 -0.791803 96.494344
-0.041155 -0.379793 -11.789314
-0.000445 -0.001904 1.000000
-0.220020 -0.879219 165.938678
-0.129446 -0.704845 84.043785
-0.000482 -0.002353 1.000000
-0.222912 -1.360584 551.803016
-0.171375 -1.057040 -176.107812
-0.000090 -0.002792 1.000000
-0.223211 -1.569911 155.555812
-0.119822 -1.037170 117.758484
-0.000359 -0.002571 1.000000
-0.179133 -1.921431 521.940863
-0.107470 -1.180548 -20.420903
-0.000167 -0.002780 1.000000
-0.301834 -1.423767 752.711844
-0.091762 -0.838394 -169.556290
-0.000351 -0.002348 1.000000
-0.366042 -1.792774 627.087710
-0.039192 -1.264710 -84.392261
-0.000288 -0.002804 1.000000
-0.491519 -1.383298 747.169456
-0.195898 -0.820584 -258.056854
-0.000812 -0.002124 1.000000
-0.158706 -1.118649 370.339463
-0.007874 -0.636219 -246.900954
-0.000056 -0.002430 1.000000
-0.347170 -1.264153 851.230212
-0.118349 -0.627290 -36.741792
-0.000456 -0.002111 1.000000
-0.152889 -2.253854 -242.325531
-0.000768 -1.623681 -548.968815
0.000484 -0.004635 1.000000
-0.117409 -1.211044 -227.252821
0.109026 -0.816768 -330.549830
-0.000134 -0.002708 1.000000
-0.215655 -0.688425 392.950517
-0.296234 -0.643951 26.593314
-0.000765 -0.001787 1.000000
-0.478658 -1.135462 555.808623
-0.085774 -0.537435 -256.309735
-0.000701 -0.002071 1.000000
-0.556688 -1.534010 1024.106077
-0.072885 -0.430254 -103.167066
-0.000586 -0.001921 1.000000
-0.431566 -1.221853 921.650399
-0.137694 -0.492110 -62.087904
-0.000598 -0.001837 1.000000
-0.256412 -1.030845 169.940962
-0.134246 -0.856942 84.597585
-0.000531 -0.002080 1.000000
0.299167 -1.951264 217.672388
0.430969 -1.359101 -745.284567
0.001205 -0.003994 1.000000
-0.172912 -1.149619 446.983094
-0.181702 -1.011266 -86.900744
-0.000214 -0.002511 1.000000
-0.189810 -1.517782 466.739016
-0.000745 -0.712340 -119.908182
-0.000313 -0.002402 1.000000
-0.023083 -1.674196 881.153457
-0.002741 -1.012624 12.255649
-0.000009 -0.002811 1.000000
-0.426205 -0.864060 639.810057
-0.228848 -0.460217 -119.943081
-0.000813 -0.001635 1.000000
0.192377 -1.880015 -275.666263
0.361782 -1.549094 -494.111469
0.000800 -0.004482 1.000000
-0.387179 -1.754097 312.114127
-0.260021 -1.289318 104.425655
-0.000600 -0.002626 1.000000
-0.415223 -1.467104 727.694009
-0.036806 -0.737236 -64.208928
-0.000408 -0.002107 1.000000
-0.337171 -1.068399 567.467054
-0.132203 -0.682593 -83.793714
-0.000540 -0.002009 1.000000
-0.610808 -1.358253 871.870349
-0.136081 -0.549020 2.783670
-0.000752 -0.001794 1.000000
-0.408730 -1.656801 524.181968
-0.219328 -1.228211 39.891584
-0.000561 -0.002627 1.000000
-0.306027 -1.671583 838.692573
-0.089068 -1.115954 120.602777
-0.000391 -0.002299 1.000000
-0.309433 -1.089602 719.800480
-0.135341 -0.693603 -55.704590
-0.000442 -0.002029 1.000000
-0.161803 -1.821813 432.169173
0.172414 -0.999527 -333.442118
0.000257 -0.003082 1.000000
-0.349391 -1.285750 639.971301
-0.097474 -0.982757 -42.814022
-0.000586 -0.002133 1.000000
-0.203863 -0.976678 85.032180
0.056902 -0.894128 -384.407467
0.000035 -0.002581 1.000000
-0.362727 -1.438814 725.059780
-0.054903 -0.643629 -69.970539
-0.000416 -0.002018 1.000000
-0.444503 -1.058178 818.074365
-0.259183 -0.474708 108.211983
-0.000782 -0.001579 1.000000
0.061007 -1.113452 412.399168
0.004526 -0.639401 -293.809823
-0.000127 -0.002054 1.000000
-0.011874 -0.807019 375.781160
-0.023752 -0.673905 -92.885072
-0.000415 -0.001933 1.000000
-0.181955 -1.170049 371.938470
-0.061035 -0.972096 -7.818533
-0.000313 -0.002181 1.000000
-0.144600 -1.302950 577.684779
0.022962 -1.253540 -149.557736
-0.000179 -0.002699 1.000000
-0.312537 -0.805489 203.897755
-0.174283 -0.559275 -50.573372
-0.000675 -0.001539 1.000000
-0.075472 -1.283827 186.630942
-0.040237 -1.146902 -102.079716
-0.000267 -0.002527 1.000000
-0.248920 -1.185601 451.127528
-0.181151 -0.956852 41.708301
-0.000409 -0.002275 1.000000
-0.004835 -1.249064 487.168742
0.103250 -0.967625 -240.827303
0.000091 -0.003128 1.000000
-0.215754 -1.445948 308.021794
0.043304 -0.791988 -132.844995
-0.000063 -0.002562 1.000000
0.116121 -1.277245 92.463582
-0.034177 -1.338295 -16.773214
-0.000161 -0.002874 1.000000
-0.540952 -1.099129 942.046070
-0.238481 -0.540325 78.001233
-0.000866 -0.001687 1.000000
-0.159734 -1.205425 291.276901
-0.003695 -0.791733 -129.038869
-0.000241 -0.002375 1.000000
-0.459699 -1.177982 1037.587549
0.007177 -0.277988 -29.210458
-0.000590 -0.001701 1.000000
-0.060254 -0.958330 529.051382
0.114368 -0.837520 -322.323282
-0.000274 -0.002577 1.000000
-0.078351 -1.281047 721.273394
-0.019006 -0.645095 -54.834059
-0.000182 -0.002303 1.000000
-0.147867 -0.666038 392.653031
-0.136242 -0.634311 -118.051028
-0.000507 -0.002015 1.000000
-0.186934 -1.721777 1155.552736
0.118164 -0.814032 -58.898729
0.000073 -0.002602 1.000000
-0.444764 -0.714521 433.708032
-0.262046 -0.366342 -301.131360
-0.000887 -0.001472 1.000000
-0.228229 -0.544058 398.585736
-0.177238 -0.413358 -110.860145
-0.000806 -0.001487 1.000000
0.020560 -2.050681 706.079872
0.204540 -1.229739 -777.960629
0.000003 -0.003690 1.000000
-0.104101 -1.198650 114.071896
0.022326 -0.917533 31.933072
-0.000153 -0.002608 1.000000
-0.306772 -1.245712 617.382039
-0.098969 -0.928839 -129.920168
-0.000481 -0.002317 1.000000
-0.050666 -0.940734 140.195420
0.128419 -0.685032 -330.986896
0.000432 -0.003044 1.000000
-0.689375 -0.727422 921.128122
-0.198420 -0.527851 17.647978
-0.001094 -0.001512 1.000000
0.357288 -2.048288 -262.023874
0.371574 -1.015599 -611.576197
0.000968 -0.003975 1.000000
-0.386649 -0.128105 216.183833
-0.299660 -0.265373 -85.787200
-0.001166 -0.000904 1.000000
-0.429425 -0.891124 646.934605
-0.208219 -0.625734 -112.476332
-0.000788 -0.001684 1.000000
-0.597766 -1.386978 1081.826557
-0.005678 -0.307905 -15.758630
-0.000669 -0.001731 1.000000
-0.127890 -1.441923 800.331326
0.043094 -0.780411 -264.675636
-0.000122 -0.002527 1.000000
-0.665547 -1.294338 1120.947991
-0.103619 -0.275491 108.347197
-0.000597 -0.001430 1.000000
-0.325572 -1.614707 1191.379499
-0.054415 -0.665272 17.009018
-0.000127 -0.002222 1.000000
-0.440890 -1.162952 807.071463
-0.078423 -0.822809 55.686894
-0.000530 -0.001994 1.000000
-0.208009 -1.258086 651.990438
-0.027186 -0.647133 -74.246703
-0.000121 -0.002285 1.000000
-0.454124 -0.923351 1070.153228
-0.222806 -0.420570 85.949762
-0.000813 -0.001531 1.000000
0.070143 -1.422711 174.973543
0.226732 -1.292717 -137.562830
0.000504 -0.003527 1.000000
0.052801 -0.823142 307.219968
-0.159099 -0.735527 2.774561
-0.000395 -0.002090 1.000000
0.168858 -0.958503 187.050510
0.150751 -0.743837 6.303598
0.000194 -0.002414 1.000000
-0.015153 -0.492297 159.349390
-0.002671 -0.451132 47.877918
-0.000327 -0.001840 1.000000
-0.187276 -0.312019 -180.987586
-0.469997 -0.785704 731.354605
-0.000834 -0.001418 1.000000
0.007811 -0.907110 180.079214
-0.101155 -0.714215 63.023121
-0.000456 -0.002060 1.000000
-0.060857 -0.904854 554.542834
-0.143578 -0.965319 -39.686980
-0.000325 -0.002654 1.000000
-0.592667 -1.260504 802.017685
-0.219981 -0.623029 46.719695
-0.000617 -0.001834 1.000000
-0.257944 -1.951057 684.260809
0.009476 -1.364604 64.651758
-0.000248 -0.002911 1.000000
-0.344606 -0.934317 701.659451
-0.075770 -0.757783 -38.683905
-0.000679 -0.001992 1.000000
0.111656 -1.038064 174.862253
0.055718 -1.145384 134.863374
-0.000158 -0.002473 1.000000
-0.288913 -0.166637 -50.590038
-0.299324 -0.210702 -61.190631
-0.001169 -0.001016 1.000000
-0.016169 -0.539429 107.551708
-0.011161 -0.400571 18.916424
-0.000380 -0.001859 1.000000
-0.070905 -0.944577 216.639766
-0.017706 -0.890605 113.363670
-0.000320 -0.002175 1.000000
-0.045304 -0.849042 207.770796
-0.113791 -0.613619 97.382338
-0.000432 -0.001909 1.000000
-0.047363 -0.691089 145.472407
-0.044389 -0.619878 82.419700
-0.000459 -0.001761 1.000000
-0.083224 -0.569553 172.516456
-0.118320 -0.483181 101.032562
-0.000523 -0.001648 1.000000
-0.057512 -0.280505 20.409545
-0.133211 -0.278021 126.436157
-0.000602 -0.001455 1.000000
0.003905 -0.355805 134.360079
-0.061298 -0.253653 83.881334
-0.000469 -0.001411 1.000000
0.038909 -0.511849 160.716325
-0.040769 -0.388252 108.775758
-0.000341 -0.001660 1.000000
-0.366259 -0.571195 171.616663
-0.236840 -0.627337 -27.224164
-0.000846 -0.001731 1.000000
-0.507248 -1.570851 737.581899
-0.175392 -0.829271 4.082951
-0.000555 -0.002401 1.000000
-0.343490 -1.206626 702.664064
-0.096292 -0.529888 -153.236535
-0.000488 -0.002125 1.000000
0.043996 -0.625641 228.896786
-0.113597 -0.216000 82.588495
-0.000444 -0.001544 1.000000
-0.103669 -0.392231 105.405266
-0.130850 -0.256570 79.009390
-0.000617 -0.001505 1.000000
0.892197 0.267470 -119.726279
-0.208777 1.236025 -8.530342
-0.000106 -0.000008 1.000000
0.593817 -0.198419 54.834748
-0.102367 0.490114 66.381242
-0.000138 -0.000829 1.000000
-0.890857 -0.234246 131.996029
-0.483008 -0.608206 560.027134
-0.001338 -0.000895 1.000000
-0.694215 -1.178586 483.037377
-0.245649 -1.114025 455.138460
-0.000763 -0.001794 1.000000
-0.460612 -0.411180 178.817769
-0.248592 -0.301280 168.556536
-0.000880 -0.001281 1.000000
-0.252917 -0.399955 121.341702
-0.139522 -0.329493 103.360529
-0.000568 -0.001661 1.000000
-0.396159 -0.675362 288.615623
-0.186724 -0.362029 71.194086
-0.000705 -0.001546 1.000000
-0.959466 -0.031920 11.780591
-0.679827 -0.170081 540.718139
-0.001617 -0.000222 1.000000
-0.679754 -0.013916 -201.430959
-0.576414 -0.277462 474.901032
-0.001341 -0.000676 1.000000
0.047422 -0.449142 137.633407
-0.164440 -1.022739 -94.428359
-0.000263 -0.002181 1.000000
1.209861 -3.683163 2091.157256
0.427287 -2.540817 -338.478123
0.002070 -0.005050 1.000000
-0.782262 -1.095872 592.044063
-0.258282 -1.009710 429.021633
-0.000828 -0.001717 1.000000
-0.246182 -0.559874 263.977946
-0.240542 -0.248269 166.164727
-0.000713 -0.001329 1.000000
0.089374 -1.545612 530.978630
0.218531 -1.507093 74.602564
0.000569 -0.003210 1.000000
-0.671834 -0.676294 -685.712197
-0.510556 -0.670672 415.498087
-0.001176 -0.001080 1.000000
-0.661221 -1.481948 1050.523953
-0.113467 -0.762896 49.003395
-0.000670 -0.002135 1.000000
-0.631878 -0.848123 -168.009165
-0.605483 -0.862837 1214.355648
-0.000994 -0.001366 1.000000
-0.394209 -1.502404 908.762294
-0.119038 -0.690473 32.189821
-0.000479 -0.002225 1.000000
-0.303772 -1.445808 924.335370
-0.121849 -0.695381 -1.588086
-0.000371 -0.002385 1.000000
0.014177 -1.400416 558.936304
-0.145778 -1.335468 184.634530
-0.000172 -0.002588 1.000000
-0.418008 -1.435738 1009.232800
0.039744 -0.648151 -27.786898
-0.000451 -0.002031 1.000000
-0.176306 -1.796990 980.053071
-0.106088 -0.860091 136.751087
-0.000223 -0.002429 1.000000
-0.289667 -1.512394 1114.066482
0.070598 -0.989321 53.267703
-0.000236 -0.002417 1.000000
-0.288542 -1.276785 -503.986096
-0.176702 -1.281428 672.991537
-0.000324 -0.002289 1.000000
-0.027021 -1.313035 503.889623
-0.053197 -0.852495 -103.786936
-0.000220 -0.002221 1.000000
-0.526121 -1.038528 1469.414458
-0.308891 -0.596416 370.235855
-0.000860 -0.001542 1.000000
-1.018248 0.311126 1168.559057
-0.874352 0.078479 882.279669
-0.001890 0.000337 1.000000
-0.318308 -1.253888 815.535629
-0.017879 -0.441426 15.738284
-0.000451 -0.001786 1.000000
-0.598690 -1.246090 986.683880
-0.085876 -0.238170 64.114601
-0.000680 -0.001516 1.000000
-0.290703 -1.238816 1074.062733
-0.103261 -0.523582 -12.465604
-0.000428 -0.001876 1.000000
-0.056507 -1.139002 1006.637621
-0.192916 -0.641933 51.967584
-0.000452 -0.001959 1.000000
0.346259 -2.366141 1337.762388
0.353615 -1.981742 -960.826227
0.000616 -0.003487 1.000000
2.201190 -4.743887 -672.382512
1.693225 -4.231931 -2336.946462
0.003427 -0.007873 1.000000
-0.238321 -1.709088 852.645826
-0.038251 -0.852706 61.231166
-0.000400 -0.002202 1.000000
0.252772 -2.056023 1320.787574
0.389193 -2.338423 -107.411534
0.000925 -0.003893 1.000000
0.125976 -1.531030 745.972719
-0.059610 -0.698376 -59.739039
0.000136 -0.002915 1.000000
0.238758 -2.047528 685.346850
0.069503 -1.556000 135.798762
0.000118 -0.003166 1.000000
-0.078676 -0.544495 285.589505
-0.033944 -0.261384 95.880815
-0.000349 -0.001525 1.000000
-0.455179 -1.209025 926.901293
-0.045293 -0.176094 41.591416
-0.000542 -0.001499 1.000000
-0.456837 -0.949684 923.822416
-0.180485 -0.236599 79.705287
-0.000777 -0.001413 1.000000
-0.544204 -0.730598 199.587877
-0.312196 -0.616926 100.876428
-0.000920 -0.001616 1.000000
0.107671 -1.363660 646.127046
0.091233 -0.822376 -132.090775
0.000166 -0.002877 1.000000
0.343107 -1.180901 425.772271
0.013654 -1.050307 16.289319
-0.000011 -0.002967 1.000000
-0.820930 -0.872275 483.019281
-0.203917 -0.777161 59.170622
-0.001059 -0.001595 1.000000
-11.414442 1.575831 643.151764
-3.179196 -6.616634 1981.752809
-0.012071 -0.000156 1.000000
-0.107453 -1.392428 703.374085
0.279423 -1.307694 -130.128164
0.000172 -0.003094 1.000000
-0.134825 -1.495695 809.480451
0.164930 -0.776952 -76.463257
-0.000109 -0.002290 1.000000
-0.566015 -1.024928 1030.586789
-0.142279 -0.297212 32.951157
-0.000833 -0.001170 1.000000
-0.401299 -1.418368 964.362926
-0.074116 -0.626304 21.526484
-0.000601 -0.001846 1.000000
-0.246980 -1.140752 822.564731
-0.237976 -0.525442 93.737885
-0.000795 -0.001569 1.000000
-0.211968 -1.059048 790.365574
-0.216512 -0.543431 40.653967
-0.000619 -0.001765 1.000000
1.676985 -5.883107 -3475.397397
1.095562 -3.760589 29.400753
0.004202 -0.009380 1.000000
-0.437283 -1.001261 747.759740
-0.030032 -0.389539 -103.280245
-0.000475 -0.001748 1.000000
-0.332488 -1.391491 912.093551
-0.190349 -0.648603 54.134068
-0.000607 -0.001919 1.000000
-0.255029 -1.307194 901.108892
0.003733 -0.254039 -29.994142
-0.000363 -0.001784 1.000000
-0.199472 -1.067706 369.429577
-0.027487 -0.372098 -16.191313
-0.000560 -0.001855 1.000000
0.306609 -2.353241 657.710813
0.250306 -1.712166 14.176436
0.000198 -0.003513 1.000000
-0.078381 -1.394092 778.680122
0.101762 -0.383998 -40.651335
0.000159 -0.002009 1.000000
-0.023517 -1.527879 635.670015
0.134941 -0.893713 -48.030370
-0.000047 -0.002334 1.000000
-0.025779 -1.254640 482.837762
0.146052 -0.605754 -133.134627
0.000223 -0.002377 1.000000
-0.235832 -0.906080 615.739691
0.027431 -0.511126 -99.199500
-0.000383 -0.001951 1.000000
0.024128 -1.428603 416.157087
0.247284 -1.164112 -11.027513
0.000361 -0.002781 1.000000
-0.207761 -1.001540 631.467910
-0.065168 -0.938844 104.329689
-0.000463 -0.002231 1.000000
-0.084617 -1.027531 541.663247
0.025935 -0.891729 -66.494353
-0.000376 -0.002301 1.000000
-0.171431 -0.977145 523.073234
-0.003341 -1.106163 51.631613
-0.000122 -0.002510 1.000000
-0.399469 -1.503811 845.188748
0.015627 -0.488070 -39.368494
-0.000505 -0.001873 1.000000
-0.178787 -1.211698 394.432222
0.047867 -0.998385 -64.376219
-0.000027 -0.002628 1.000000
-0.010904 -1.245478 436.948709
0.417144 -1.843814 -138.800287
0.000513 -0.003861 1.000000
0.152778 -2.192388 320.267849
-0.004961 -2.058772 110.924232
-0.000042 -0.003687 1.000000
-0.268306 -1.283976 735.538707
-0.142727 -1.430349 95.968479
-0.000358 -0.002681 1.000000
-0.523081 -1.239399 775.487508
-0.184381 -0.973594 68.442002
-0.000623 -0.002252 1.000000
-0.221232 -1.558667 1095.302224
-0.030035 -0.361770 -70.220973
-0.000243 -0.001980 1.000000
0.213196 -1.431011 448.566633
0.093015 -0.526799 -295.349618
0.000348 -0.002560 1.000000
-0.631370 -0.914484 849.434029
-0.089016 -0.348550 -10.673091
-0.000870 -0.001268 1.000000
-0.622305 -1.352632 978.837636
-0.195383 -0.479972 101.105923
-0.000728 -0.001606 1.000000
-0.034715 -1.243642 617.663512
-0.053135 -0.472772 -40.820851
-0.000165 -0.002030 1.000000
-0.023266 -2.206001 518.563696
0.128467 -1.351408 52.325397
-0.000091 -0.003057 1.000000
0.100414 -1.516000 696.911479
0.084610 -2.199988 94.515255
-0.000210 -0.003650 1.000000
-0.272084 -1.015529 689.538729
-0.104811 -1.204175 98.050521
-0.000472 -0.002274 1.000000
-0.313729 -1.502223 644.735555
-0.027656 -1.315021 35.777997
-0.000541 -0.002595 1.000000
-0.465435 -1.176527 577.126138
-0.231688 -1.075968 64.410319
-0.000746 -0.002103 1.000000
-0.401317 -1.056452 619.019383
-0.081133 -0.833280 21.622991
-0.000671 -0.002045 1.000000
-0.027790 -1.148480 193.097991
-0.002010 -0.435149 -135.040493
-0.000362 -0.002146 1.000000
0.139448 -0.989274 278.504742
-0.058889 -0.509486 -52.702086
-0.000344 -0.001918 1.000000
-0.076300 -0.495587 -8.464890
-0.251842 -0.649002 189.780038
-0.000582 -0.001648 1.000000
-0.404186 -1.403288 766.535477
0.034914 -0.447716 -320.301093
-0.000286 -0.002117 1.000000
-0.089508 -1.300801 592.969300
-0.010068 -0.799467 -20.809151
-0.000202 -0.002431 1.000000
-0.110393 -0.863881 240.867564
-0.043228 -0.736714 -24.960607
-0.000463 -0.002051 1.000000
1.000000 0.000000 -0.000000
0.000000 1.000000 0.000000
0.000000 0.000000 1.000000
0.070295 -0.827659 131.876102
0.001898 -0.707798 -32.631451
-0.000233 -0.002114 1.000000
-0.216156 -1.169517 487.372767
-0.003149 -0.803390 60.487108
-0.000347 -0.002145 1.000000
0.085986 -0.503722 192.547648
-0.096416 -0.107489 45.093957
-0.000444 -0.001320 1.000000
0.123705 -1.710270 340.741633
0.111806 -1.213960 -46.807881
0.000077 -0.002842 1.000000
-0.143460 -1.235331 632.493053
0.055858 -0.754138 -126.442336
-0.000337 -0.002140 1.000000
-0.069964 -0.843719 103.109134
-0.133496 -0.787526 -67.755669
-0.000320 -0.002194 1.000000
-0.437532 -1.195601 837.375382
-0.049865 -0.483277 17.196950
-0.000352 -0.001705 1.000000
0.760954 0.114407 -41.071370
-0.072966 0.936910 -15.234242
-0.000179 -0.000218 1.000000
-0.035198 -0.653313 183.652338
-0.124457 -0.510668 33.589555
-0.000366 -0.001792 1.000000
