-0.352053 -1.235848 871.642926
-0.127628 -0.583304 78.069626
-0.000376 -0.001903 1.000000
0.503355 -1.761643 -157.270298
0.178745 -1.101978 -290.271895
0.001848 -0.004537 1.000000
-0.125772 -1.518568 484.649426
0.053444 -0.583209 -122.121458
0.000364 -0.002647 1.000000
0.477991 -1.696863 -175.020320
0.260844 -1.274033 -128.751522
0.001052 -0.003907 1.000000
-0.018549 -1.105799 219.281748
0.000285 -0.851665 -1.903009
-0.000060 -0.002660 1.000000
0.122509 -1.600665 227.028213
0.077025 -1.376975 -59.197988
0.000307 -0.003405 1.000000
0.065496 -0.656751 33.235417
0.036219 -0.631123 -63.720215
0.000231 -0.002585 1.000000
-0.021385 -0.715163 82.299335
0.183574 -0.873614 -114.700055
0.000740 -0.003239 1.000000
0.154285 -1.015461 -96.572335
0.130764 -1.021378 -67.357196
0.001243 -0.003751 1.000000
-0.318976 -1.249163 901.087339
-0.005908 -0.636692 -106.223443
-0.000315 -0.002220 1.000000
0.606121 -1.724084 468.334807
0.053835 -0.657390 -175.965290
0.001022 -0.003301 1.000000
-0.015336 -0.426756 -8.951408
0.053700 -0.371835 -38.621320
0.000208 -0.002498 1.000000
0.503853 -2.984095 509.371256
1.134091 -2.652634 -1918.869573
0.002789 -0.006954 1.000000
-3.258074 2.715794 1810.202821
-1.615808 0.531865 2647.684122
-0.005312 0.004480 1.000000
-0.253087 -1.050347 652.970855
-0.113046 -0.844133 -42.210584
-0.000310 -0.002273 1.000000
-0.216570 -0.667954 180.561318
0.147656 -0.802565 -8.499080
0.000513 -0.002971 1.000000
-0.023077 -1.031483 242.454160
0.064851 -0.885890 -136.907343
0.000082 -0.002826 1.000000
0.266134 -1.202340 146.947890
0.197272 -1.298333 -251.733670
0.000609 -0.003409 1.000000
-0.126654 -0.953917 237.059479
0.087548 -0.907850 -166.284004
0.000048 -0.002830 1.000000
-0.012094 -1.244648 394.155210
0.036209 -0.707212 -251.426296
0.000491 -0.003035 1.000000
0.549828 -1.649294 125.579366
0.345211 -1.108989 -240.843673
0.001036 -0.003446 1.000000
-1.476773 0.206186 -2974.984917
-0.769039 0.097815 -1139.002713
-0.002415 0.000496 1.000000
-0.806153 0.014555 1125.908185
-0.766818 -0.165362 300.618991
-0.001832 -0.000419 1.000000
0.123008 -1.406404 167.473065
0.030375 -0.791340 -120.279991
0.000232 -0.002935 1.000000
-0.277615 -0.893051 283.006848
-0.203810 -0.706026 -16.110030
-0.000278 -0.002189 1.000000
-0.320921 -1.206889 575.579501
-0.167006 -0.901653 57.762895
-0.000328 -0.002367 1.000000
-0.014284 -1.076236 269.313872
0.243313 -0.862190 -155.037486
0.000234 -0.002666 1.000000
0.212090 -0.546534 -111.786095
0.160950 -0.692180 69.868562
0.000993 -0.003006 1.000000
-0.073302 -0.545974 165.552140
0.012773 -0.507770 -7.018684
-0.000060 -0.001996 1.000000
-0.285612 -1.007811 409.403749
-0.155698 -0.989194 -65.080773
-0.000214 -0.002584 1.000000
-0.139867 -1.227016 241.139862
0.012109 -0.938359 -208.753389
0.000013 -0.002669 1.000000
0.170313 -1.916556 541.170898
0.063522 -1.390245 -533.954026
0.000711 -0.003633 1.000000
0.093915 -0.852081 -214.275249
0.038923 -0.534738 -235.196650
0.000748 -0.003356 1.000000
-0.140608 -0.704184 419.677276
-0.007050 -0.834340 -158.253275
0.000035 -0.002517 1.000000
0.000211 -0.724413 18.183250
-0.115613 -0.771499 51.023068
-0.000205 -0.002281 1.000000
-0.291570 -1.001809 555.470824
-0.092124 -0.398341 -432.346587
-0.000183 -0.002104 1.000000
0.013745 -1.253827 167.522409
0.024644 -0.787205 -116.406890
0.000519 -0.003308 1.000000
-0.195598 -0.855724 357.039411
-0.077308 -0.454601 -110.515889
-0.000190 -0.002131 1.000000
0.493572 -1.528537 -569.453825
0.219434 -0.895853 -411.588088
0.001219 -0.004386 1.000000
-0.262013 -1.205601 223.886096
-0.201902 -0.817896 -0.446166
-0.000122 -0.002596 1.000000
0.687350 -1.628532 -491.481929
0.278935 -1.108938 -376.052685
0.001953 -0.005174 1.000000
0.810354 -1.614373 28.890965
0.780179 -1.505291 -914.110869
0.001638 -0.004502 1.000000
0.694605 -2.863107 -772.452901
0.447394 -1.626314 -466.162136
0.001836 -0.005881 1.000000
0.054783 -0.886523 89.832364
0.157150 -0.485331 -56.823451
0.000267 -0.002631 1.000000
0.027898 -0.645936 178.682684
-0.009248 -0.406424 -79.365151
0.000261 -0.002260 1.000000
0.389096 -1.679619 -264.508293
0.102468 -1.353471 -465.934544
0.000799 -0.004027 1.000000
1.655135 -1.687780 -1489.859198
0.657532 -2.157068 -621.927047
0.003325 -0.007961 1.000000
-0.107392 -1.013259 152.893949
-0.065212 -0.992002 -207.279784
0.000075 -0.003065 1.000000
-0.198429 -1.052817 478.299199
-0.049323 -0.550138 -32.803723
-0.000054 -0.002323 1.000000
-0.128129 -1.762046 798.516131
0.163921 -1.450533 -363.843934
0.000647 -0.003930 1.000000
-0.221017 -1.077401 604.562147
-0.070079 -0.698030 -74.981318
-0.000112 -0.002608 1.000000
-0.109278 -0.945828 520.806776
-0.042757 -0.832792 -114.342169
0.000123 -0.002805 1.000000
0.091959 -0.854943 -45.034189
0.034123 -0.729976 -103.919313
0.000314 -0.002825 1.000000
0.332791 -1.364983 52.794462
0.247307 -0.836729 -289.504583
0.001232 -0.003649 1.000000
0.003681 -1.302597 164.768142
0.102117 -1.427744 -229.343708
0.000792 -0.004297 1.000000
0.226704 -1.657634 431.940243
0.062704 -1.264021 -117.380820
0.000672 -0.003846 1.000000
0.009256 -0.912283 -16.553217
-0.024674 -0.560016 -265.676464
0.000597 -0.003298 1.000000
-0.120581 -1.286519 1254.905757
-0.044808 -0.644914 -249.503955
-0.000125 -0.002351 1.000000
0.130232 -1.075325 -112.440148
0.214317 -1.374902 -43.943920
0.000619 -0.003794 1.000000
0.639559 -2.483573 -55.133146
0.344966 -2.410510 -487.214491
0.001406 -0.005812 1.000000
0.466156 -1.533470 -47.743631
0.465926 -0.926470 -709.072348
0.001870 -0.004820 1.000000
0.124979 -1.113037 -43.613983
0.086794 -0.985705 21.363305
0.000375 -0.003071 1.000000
-0.151742 -0.894635 65.849692
-0.071957 -0.525109 -33.489427
-0.000062 -0.002395 1.000000
0.072595 -1.068359 -630.984680
0.420989 -1.218185 -522.961799
0.002022 -0.004958 1.000000
0.203114 -1.372811 140.274542
0.258217 -0.828462 -396.944503
0.001034 -0.003859 1.000000
0.994222 -2.048400 2.030871
0.564917 -2.501972 -904.267026
0.002115 -0.006923 1.000000
0.007861 -1.204098 365.743100
0.209649 -1.271514 -252.514793
0.000734 -0.003690 1.000000
-0.109942 -1.001925 185.075782
-0.078465 -0.924864 12.068629
0.000347 -0.003072 1.000000
0.403987 -1.822073 -188.066656
0.010692 -1.128066 -261.073154
0.000856 -0.004350 1.000000
0.973216 -3.740220 348.665457
1.644687 -3.417307 -1431.776657
0.003451 -0.009842 1.000000
-0.246051 -1.570086 326.221443
-0.087492 -0.987797 26.745193
0.000160 -0.002930 1.000000
0.108312 -1.912372 928.394402
0.206969 -1.128072 -387.894976
0.000632 -0.003489 1.000000
0.133811 -0.190210 -161.822908
0.008248 -0.306169 26.874824
0.000228 -0.002279 1.000000
2.765360 -4.642858 1953.202919
1.420558 -2.440536 -1811.307619
0.004557 -0.008434 1.000000
-0.132811 -0.704658 166.115649
0.144436 -0.790817 -165.722844
0.000370 -0.003086 1.000000
-0.176140 -0.905593 442.982580
-0.115987 -0.739074 -226.146058
-0.000178 -0.002509 1.000000
0.018271 -0.765833 115.470637
-0.019144 -0.468475 79.861075
-0.000040 -0.002131 1.000000
-0.156514 -0.640258 187.394172
-0.112390 -0.450148 107.480351
-0.000464 -0.001818 1.000000
0.242658 -1.536905 -111.433094
0.215683 -1.550749 131.729052
0.000598 -0.003443 1.000000
0.157061 -1.399879 454.731647
0.377531 -1.567854 -390.000204
0.000774 -0.003772 1.000000
-0.317272 -1.036093 300.195151
-0.126159 -0.619198 -6.323163
-0.000380 -0.002066 1.000000
-0.035738 -1.278829 288.522569
0.008518 -0.887738 -106.925016
0.000040 -0.002835 1.000000
0.414366 -1.845059 -361.206843
0.321870 -1.634941 -446.768022
0.001118 -0.004354 1.000000
-0.107643 -2.274600 338.499664
0.378587 -1.923371 -224.805815
0.000703 -0.004575 1.000000
0.010263 -0.703432 135.903499
-0.002868 -0.284914 -0.262319
0.000121 -0.002189 1.000000
0.313171 -0.946850 -232.383548
0.156915 -0.577983 -78.706063
0.000717 -0.003024 1.000000
-0.215878 -1.573338 59.034704
0.149494 -1.086995 -356.229691
0.000729 -0.003770 1.000000
-0.275466 -1.308990 627.221999
0.022631 -1.167182 -146.844037
-0.000064 -0.002852 1.000000
0.123791 -0.955695 -79.798834
0.009752 -0.567480 10.234149
0.000526 -0.002948 1.000000
-0.202390 -1.578499 394.055415
-0.022272 -1.130156 -43.218600
-0.000186 -0.002919 1.000000
-0.040672 -1.828581 378.259041
0.277129 -1.540850 -282.081301
0.001281 -0.004811 1.000000
-0.196140 -1.099786 239.391575
-0.128654 -0.764615 80.125927
-0.000229 -0.002363 1.000000
-0.198478 -2.648718 397.646805
0.233855 -1.807755 -326.671682
0.000656 -0.004909 1.000000
-0.090307 -1.031014 120.568785
0.046660 -0.434631 -55.826934
-0.000036 -0.002509 1.000000
-0.165473 -2.646643 225.711152
0.217067 -1.255509 -153.463394
0.000637 -0.004766 1.000000
0.011974 -2.014564 -181.731655
0.120028 -1.563958 -458.664559
0.000280 -0.003988 1.000000
-0.324577 -1.586094 198.409504
-0.014043 -0.814432 -23.762329
-0.000009 -0.003096 1.000000
-0.375944 -1.309378 487.869504
-0.067373 -0.807104 -40.153142
-0.000075 -0.002609 1.000000
0.119148 -3.111682 108.401584
0.350333 -1.733547 -420.287419
0.000859 -0.005304 1.000000
-0.007382 -1.183211 140.653115
-0.039276 -1.111058 -179.859002
0.000125 -0.003059 1.000000
-0.077477 -2.874063 145.958206
0.028780 -1.736816 -11.887226
0.000455 -0.004529 1.000000
-0.343137 -1.390630 493.288772
0.085575 -0.833776 -252.495593
0.000113 -0.002749 1.000000
-0.223183 -0.929618 547.300106
-0.097496 -0.803559 -54.454114
0.000019 -0.002416 1.000000
0.105342 -1.242111 49.649786
0.182417 -1.603564 -177.515868
0.000515 -0.003709 1.000000
-0.049208 -1.392156 216.279187
-0.008480 -1.074041 -24.225929
-0.000042 -0.002970 1.000000
0.049813 -1.608277 254.055949
-0.103238 -1.272129 -214.941232
0.000081 -0.003579 1.000000
0.171043 -1.499395 56.945630
-0.081207 -1.247498 105.176843
0.000071 -0.003418 1.000000
1.070935 -2.800382 44.564127
0.909779 -1.942453 -535.786457
0.001984 -0.004966 1.000000
0.090760 -2.300825 281.504001
0.108961 -1.681290 -169.023354
0.000421 -0.004150 1.000000
0.051561 -1.682811 -69.613134
0.087438 -0.926321 -13.507135
0.000681 -0.003575 1.000000
0.133736 -1.088716 -174.713246
0.084811 -0.788408 -144.805621
0.000297 -0.003147 1.000000
1.791883 -4.275188 -1085.201605
2.241367 -4.090167 -2668.628618
0.005879 -0.011845 1.000000
0.376555 -1.680689 -314.731736
0.158613 -1.100570 -144.517332
0.000693 -0.003626 1.000000
0.084439 -1.043353 616.483447
0.007649 -0.722755 5.664335
0.000090 -0.002375 1.000000
0.671694 -1.972432 -672.088990
0.518281 -1.454019 -524.051808
0.001782 -0.004864 1.000000
0.064027 -1.945531 -11.161128
0.295478 -0.955617 -431.971228
0.000873 -0.004203 1.000000
-0.192015 -2.034906 196.820301
0.161286 -1.406026 -280.239865
0.000195 -0.003651 1.000000
-0.235686 -1.318867 507.227799
-0.031795 -0.577656 -264.664294
-0.000111 -0.002456 1.000000
-0.210763 -1.141139 329.216366
-0.090262 -0.564291 -109.493735
-0.000246 -0.002193 1.000000
-0.117697 -2.090857 896.627533
0.097219 -1.182596 -608.348533
0.000211 -0.003527 1.000000
-0.330281 -0.938921 389.201618
-0.073605 -0.466477 -185.536691
-0.000219 -0.002129 1.000000
0.283730 -2.572925 453.339966
0.205835 -1.506739 -287.830654
0.000437 -0.003810 1.000000
-0.152352 -1.553839 363.434315
0.043974 -1.154451 -97.681234
0.000249 -0.003274 1.000000
0.452469 -2.611601 184.252418
0.518728 -1.758444 -588.012169
0.001092 -0.005193 1.000000
-0.093945 -2.100911 620.531437
0.021062 -1.434557 -149.099621
-0.000067 -0.003483 1.000000
0.022577 -1.417391 425.512538
0.244863 -1.221576 -282.689602
0.000472 -0.003353 1.000000
-0.598875 -0.995280 870.888490
-0.240351 -0.480284 47.875115
-0.000778 -0.001714 1.000000
-0.132942 -1.591210 898.012394
0.046665 -1.429818 -58.372937
0.000113 -0.003273 1.000000
-0.223234 -1.277296 925.541835
-0.039432 -0.798179 -191.016322
0.000007 -0.002556 1.000000
0.052093 -1.445089 434.189842
0.167595 -0.827131 -245.629556
0.000237 -0.002858 1.000000
0.023606 -1.040477 183.750118
0.058522 -0.781241 -234.863003
0.000258 -0.002808 1.000000
0.108812 -1.891936 552.774965
0.235130 -1.649464 -238.645701
0.000316 -0.003609 1.000000
-0.224970 -1.672266 60.060699
0.179903 -1.285648 -163.820332
0.000394 -0.003524 1.000000
0.009169 -1.092070 25.318388
0.004268 -1.066349 29.134599
-0.000114 -0.002681 1.000000
-0.106712 -1.755616 498.875034
-0.049867 -1.602495 -387.921226
-0.000170 -0.003410 1.000000
0.461069 -2.773572 252.520258
0.632968 -1.915686 -617.004731
0.001629 -0.005526 1.000000
0.582560 -2.646572 -440.824128
0.052831 -1.686807 -212.862549
0.001008 -0.004771 1.000000
0.003927 -1.569806 228.401862
0.257165 -1.114877 -165.925451
0.000560 -0.003685 1.000000
0.393200 -1.129684 -219.512267
0.299729 -0.852708 -535.802729
0.001805 -0.004292 1.000000
-2.589006 1.734934 1418.054725
-1.660399 0.814362 1694.415850
-0.003890 0.002705 1.000000
0.750140 -2.310307 1151.957994
0.109162 -0.583498 -74.756080
0.000681 -0.003209 1.000000
0.104753 -2.006061 629.228907
0.111452 -1.251761 -367.546227
0.000939 -0.004334 1.000000
0.094308 -1.309175 216.876871
0.059173 -0.797872 -190.733539
0.000163 -0.002781 1.000000
-0.609678 -0.751071 166.458091
-0.343312 -0.405660 -979.870599
-0.000999 -0.001369 1.000000
-0.154017 -1.366152 982.293662
-0.099884 -0.389707 -17.468169
-0.000366 -0.001916 1.000000
0.074993 -1.302359 276.529575
0.141055 -0.965464 -319.354018
0.000614 -0.003195 1.000000
0.250524 -1.031466 324.565766
0.168446 -1.192828 -171.548023
0.000861 -0.003444 1.000000
0.051635 -2.360254 526.373043
0.158366 -1.384848 -299.384481
0.000610 -0.003854 1.000000
0.119677 -0.802334 39.928724
-0.084343 -0.752165 126.422548
0.000133 -0.002335 1.000000
0.104741 -1.551051 922.937033
0.014505 -0.848849 -309.853633
0.000175 -0.002688 1.000000
0.644377 -1.226358 -531.918588
0.466066 -1.104213 -396.695668
0.001440 -0.004263 1.000000
0.131968 -1.880939 988.280684
0.068184 -0.790919 -135.009148
0.000165 -0.002762 1.000000
-0.040420 -0.747248 770.404349
-0.208680 -0.756097 32.531963
-0.000381 -0.002110 1.000000
-0.109796 -0.840992 -70.431664
-0.296219 -1.031342 158.025391
-0.000415 -0.002169 1.000000
0.402780 -2.197196 831.510185
-0.262805 -1.177068 -69.662035
0.000243 -0.003570 1.000000
0.476741 -2.395872 1328.900179
0.198723 -1.088001 -100.326610
0.000801 -0.004141 1.000000
1.813091 -5.128727 607.213294
1.207599 -3.477046 -2512.269907
0.004356 -0.011171 1.000000
0.644475 -1.602964 1070.610999
0.050425 -0.652055 -0.640844
0.000594 -0.003281 1.000000
0.745366 -2.595735 1343.946833
0.179410 -0.645011 -242.772255
0.001001 -0.003144 1.000000
-0.176150 -1.387484 827.103777
-0.067722 -0.824617 -40.041693
-0.000154 -0.002427 1.000000
-0.142180 -1.084848 714.894356
-0.008598 -0.686956 39.099609
-0.000120 -0.002167 1.000000
-0.266603 -1.303982 543.230770
-0.136217 -0.796008 -63.205039
-0.000252 -0.002601 1.000000
-0.142402 -1.220828 164.253711
0.092168 -0.810776 -26.061392
-0.000004 -0.002731 1.000000
0.300181 -1.635168 -58.330798
0.232449 -1.368346 -54.430476
0.001069 -0.004294 1.000000
-0.051573 -0.847322 214.306138
-0.015244 -1.032254 -52.544498
0.000120 -0.002852 1.000000
0.099257 -0.700173 66.349809
0.028786 -0.648966 68.505846
0.000492 -0.002798 1.000000
-5.674777 3.489132 5305.144393
-5.435441 6.524536 -4601.638986
-0.012711 0.012305 1.000000
0.029654 -1.257566 -113.733498
0.014920 -0.938260 15.027079
0.000455 -0.003170 1.000000
0.716365 -1.862508 -436.188352
0.337282 -2.078877 -374.764343
0.001747 -0.005756 1.000000
0.287832 -2.096601 27.893606
0.432659 -1.482117 -199.485837
0.001130 -0.004064 1.000000
-0.030830 -1.681559 752.506527
0.265000 -1.026942 -260.699581
0.000326 -0.003252 1.000000
-0.214222 -1.691806 534.569543
-0.066740 -1.078586 -128.619155
-0.000222 -0.002886 1.000000
0.254599 -0.694374 -135.048871
0.053826 -1.366281 130.047323
0.000380 -0.002992 1.000000
0.111126 -0.313146 -79.005952
-0.067213 -0.791660 147.977728
-0.000072 -0.002334 1.000000
0.105548 -0.663763 -113.234667
-0.031396 -0.710061 89.140774
0.000114 -0.002441 1.000000
0.137630 -1.234883 74.420470
0.083972 -1.225753 54.274479
0.000288 -0.003017 1.000000
0.329058 -2.040800 380.074842
-0.027540 -1.498171 -177.609181
0.000207 -0.003770 1.000000
0.089969 -0.793426 -59.173713
-0.002668 -0.789748 -34.640804
0.000677 -0.003097 1.000000
0.177286 -0.861627 -124.734901
0.135819 -0.777350 -250.006935
0.000511 -0.002865 1.000000
0.256728 -0.721954 -104.322705
0.075429 -0.632566 47.597480
0.000249 -0.002719 1.000000
-0.017047 -0.920948 45.303321
-0.156082 -0.779697 19.466173
-0.000105 -0.002648 1.000000
-0.059597 -0.625579 172.358752
-0.106415 -0.711728 81.962818
-0.000166 -0.002221 1.000000
0.299283 -1.951880 140.425591
0.286301 -1.821807 -703.179405
0.001019 -0.004822 1.000000
0.466604 -1.607350 -351.412874
0.372460 -1.359366 -321.194333
0.001488 -0.004980 1.000000
-0.221469 -1.424963 572.207756
0.050416 -0.620595 -218.145989
0.000080 -0.002765 1.000000
-0.151110 -0.670206 -190.713648
-0.145143 -0.649238 244.443208
-0.000305 -0.002082 1.000000
0.021048 -0.306363 -132.138424
-0.032725 -0.515918 57.567335
-0.000116 -0.002113 1.000000
-0.126953 -0.663618 178.664178
-0.037121 -0.770432 9.537641
-0.000024 -0.002417 1.000000
0.141505 -1.076701 283.130347
0.271254 -1.912117 -118.398858
0.000462 -0.004081 1.000000
0.133173 -1.203059 -177.715495
-0.038717 -1.568692 733.344280
-0.000113 -0.002626 1.000000
-2.304020 1.886784 -1957.708277
-2.495769 2.966244 1603.807372
-0.005084 0.004081 1.000000
0.254806 -1.529305 -128.252623
0.493580 -1.445706 -413.509567
0.001633 -0.004771 1.000000
0.327131 -1.546233 -131.673987
0.182584 -1.073586 -188.466939
0.000589 -0.003602 1.000000
0.423766 -1.678471 348.733219
0.035479 -0.889208 -249.643618
0.000214 -0.002896 1.000000
-0.141507 -0.901267 -231.171048
-0.071258 -0.794128 -43.545821
-0.000368 -0.002136 1.000000
-0.279951 -0.404350 -100.666382
-0.363161 -0.765689 527.813960
-0.000814 -0.001505 1.000000
-0.750075 0.541117 -223.444971
-1.486203 1.349015 547.373971
-0.003231 0.002332 1.000000
-5.191958 3.828662 -1064.631346
-3.459431 3.686006 1455.880509
-0.008100 0.007085 1.000000
0.178029 -1.134815 -488.309532
0.291877 -1.243519 -120.980543
0.000325 -0.002759 1.000000
-0.097062 -0.586125 4.836545
-0.156668 -0.636838 145.919400
-0.000402 -0.001917 1.000000
-0.518045 -0.491174 -347.238271
-0.582650 -0.571793 965.311867
-0.001264 -0.000925 1.000000
-2.789643 2.136753 -1130.903568
-2.722574 3.168830 458.371502
-0.005898 0.004941 1.000000
0.946152 -3.122943 1329.501427
0.263631 -0.967174 -199.596306
0.001359 -0.004261 1.000000
-1.480372 0.290597 -195.819795
-1.122523 0.544965 802.452744
-0.002331 0.000609 1.000000
3.851327 -4.873229 1158.347904
0.821113 -0.640090 -514.903882
0.003991 -0.005856 1.000000
6.415672 -7.947512 1847.903631
1.544147 -0.547655 -1070.830546
0.006879 -0.009303 1.000000
1.868850 -4.149957 1180.650521
0.621109 -1.906918 -616.412377
0.002386 -0.005682 1.000000
1.000793 -3.155697 1136.540535
0.150924 -1.135445 -174.276120
0.001195 -0.004272 1.000000
0.125840 -1.936068 937.309919
-0.014951 -0.928393 92.833944
0.000098 -0.002551 1.000000
0.634693 -2.430406 1304.787770
0.242325 -1.233742 -95.258713
0.000934 -0.003712 1.000000
-1.078350 -0.177211 69.885638
-0.854439 -0.065998 214.420255
-0.001828 -0.000265 1.000000
0.001113 -1.274093 381.690114
-0.037635 -0.920855 -90.447931
0.000149 -0.002700 1.000000
0.498684 -2.855269 2024.959525
0.518945 -2.418572 414.059565
0.001035 -0.004229 1.000000
0.364916 -1.479543 754.904991
0.506563 -1.692868 -710.721500
0.000939 -0.003501 1.000000
-0.124194 -1.638126 897.561345
-0.187823 -0.567956 102.059108
-0.000254 -0.002047 1.000000
0.511293 -2.347271 1139.950454
-0.005792 -0.487629 4.315344
0.000540 -0.003178 1.000000
0.374158 -2.757055 1443.568249
-0.160289 -1.113942 123.348390
0.000463 -0.003304 1.000000
1.484220 -2.949999 1480.317986
0.720685 -1.901543 -2476.320235
0.002788 -0.005417 1.000000
2.090972 -4.126782 2775.980203
2.609084 -4.357487 -805.965399
0.004370 -0.007955 1.000000
-0.096358 -1.901632 1262.466051
0.145907 -1.617165 593.488928
0.000127 -0.002634 1.000000
-0.205546 -1.551733 988.591641
-0.078907 -0.617416 41.833140
-0.000232 -0.002153 1.000000
-0.384472 -1.081962 501.157392
-0.246455 -1.100664 175.029516
-0.000567 -0.001819 1.000000
1.204665 -4.443100 1840.022180
0.873788 -2.259828 -737.043463
0.003291 -0.007419 1.000000
-1.408613 0.303978 -1320.317198
-0.787922 -0.079801 820.793352
-0.002382 0.000262 1.000000
0.224402 -1.393501 302.221009
0.164393 -0.604647 -18.737381
0.001072 -0.003314 1.000000
0.495013 -2.505619 1131.765259
0.010156 -0.520616 -26.223871
0.000538 -0.002919 1.000000
0.050464 -2.323758 895.521332
-0.073677 -0.606730 -36.988721
0.000191 -0.002757 1.000000
-8.479577 13.916184 -6766.961810
-5.987307 4.494320 7517.989470
-0.019170 0.021421 1.000000
0.744376 -0.580473 321.919043
-0.043577 0.614751 -2.295642
0.000059 -0.000700 1.000000
0.013539 3.181216 -837.924438
-1.880302 5.170157 445.635325
-0.003914 0.007624 1.000000
0.173512 -1.867380 819.349435
0.118499 -1.402631 28.683499
0.000473 -0.003448 1.000000
0.016837 -1.412531 522.326234
0.251814 -1.723577 -98.779767
0.000690 -0.004051 1.000000
0.603555 -1.828352 929.801085
0.407190 -0.750794 -107.775876
0.001014 -0.002868 1.000000
0.723635 -1.977580 930.966907
0.414608 -0.455503 -289.330435
0.001101 -0.003037 1.000000
0.826642 -3.059507 1313.299717
0.027438 -0.686513 -75.540368
0.001085 -0.003844 1.000000
1.653482 -4.484279 1212.776345
0.225191 -1.394080 -197.087358
0.002134 -0.005671 1.000000
-0.084353 -1.699052 1204.649515
-0.201867 -0.566290 2.420926
-0.000331 -0.001986 1.000000
0.083010 -1.275356 786.201835
-0.100956 -0.920234 72.725095
-0.000034 -0.002524 1.000000
-0.145239 -1.192510 95.881087
-0.061823 -1.044183 38.580160
-0.000114 -0.002373 1.000000
0.214303 -1.456608 604.059120
-0.066037 -0.517558 -4.287871
-0.000168 -0.002257 1.000000
0.322915 -1.973679 942.552524
0.017006 -0.717506 31.877006
0.000302 -0.002677 1.000000
0.940272 -2.775890 1542.125423
0.408811 -0.774927 -378.895740
0.001246 -0.003651 1.000000
0.162497 -2.021960 324.681643
0.176176 -0.679433 -135.289118
0.000670 -0.003538 1.000000
0.306704 -1.637690 749.400971
0.112945 -0.824817 -84.988683
0.000384 -0.002792 1.000000
0.209077 -1.580931 690.187056
0.104748 -0.821025 -106.071213
0.000243 -0.002710 1.000000
-0.024039 -1.250606 640.319184
0.020341 -0.778603 -33.731700
0.000076 -0.002392 1.000000
0.476360 -1.667823 544.995656
0.312208 -0.888460 -241.209838
0.000846 -0.003205 1.000000
0.065760 -1.192801 430.019572
0.172005 -0.981795 -165.979589
0.000219 -0.002902 1.000000
0.903300 -2.419435 679.988535
0.416917 -1.345461 -307.846823
0.001075 -0.003858 1.000000
0.451395 -2.127913 330.174502
0.272615 -1.450612 -266.920331
0.000483 -0.004273 1.000000
0.433096 -2.958736 848.723436
1.054121 -3.151193 -725.076170
0.001493 -0.006559 1.000000
0.004429 -0.643924 361.516297
0.015458 -0.640826 3.543010
0.000055 -0.002208 1.000000
0.885278 -2.544957 796.757601
0.271247 -1.804750 -156.178199
0.001456 -0.005246 1.000000
0.407714 -2.006303 427.669077
0.333612 -1.761375 -291.218474
0.000649 -0.004195 1.000000
1.151336 -2.873038 1070.171945
1.295874 -2.323552 -986.806661
0.002903 -0.006446 1.000000
0.240559 -1.879343 605.900742
0.009269 -1.475832 48.595113
0.000085 -0.003117 1.000000
-0.263459 -1.879691 994.874412
0.277575 -1.413835 -107.255571
0.000299 -0.003349 1.000000
-0.345990 -1.742316 745.169884
0.309232 -1.718245 -279.343328
0.000254 -0.004123 1.000000
0.632375 -2.407629 1172.609139
0.087930 -0.489414 19.774499
0.000727 -0.002986 1.000000
0.474900 -1.654501 533.275759
-0.041574 -0.579313 -179.063230
0.000548 -0.002979 1.000000
0.809888 -2.547774 1049.922362
0.271351 -0.610997 -216.222222
0.001220 -0.003550 1.000000
-0.329817 -1.296168 690.536691
-0.012857 -0.530194 -62.290315
-0.000341 -0.001907 1.000000
0.274130 -1.563157 747.562047
0.143921 -0.660747 -26.226529
0.000405 -0.002721 1.000000
0.177826 -1.484112 525.057576
0.012120 -1.086178 -8.612043
0.000216 -0.003102 1.000000
-0.073550 -1.518812 543.254843
0.078105 -1.357277 -220.521344
0.000149 -0.003120 1.000000
-0.262159 -1.368426 549.886685
-0.029888 -1.260330 45.039937
-0.000058 -0.002877 1.000000
0.441878 -2.180232 280.306924
0.580366 -2.187004 -513.957825
0.000868 -0.004571 1.000000
-0.230101 -1.146691 557.411236
-0.209059 -1.731614 184.693071
-0.000144 -0.003269 1.000000
0.311331 -2.254887 134.390744
0.224274 -1.956633 -19.487153
0.000357 -0.004044 1.000000
0.269670 -1.546710 188.322272
0.009112 -0.468978 -332.124864
0.000282 -0.002864 1.000000
0.361111 -1.690518 394.451391
0.215848 -0.894519 -175.127227
0.000395 -0.002856 1.000000
-0.054324 -0.514627 116.074574
-0.019034 -0.735697 95.347915
0.000063 -0.002359 1.000000
-0.089636 -2.019057 656.391259
-0.080325 -0.738953 -193.403915
-0.000081 -0.002677 1.000000
1.787012 -3.648171 1443.619261
1.785067 -1.920533 -847.980101
0.003846 -0.006338 1.000000
0.021581 -1.716272 135.506656
0.212812 -1.366237 -312.929218
0.001272 -0.004978 1.000000
0.299749 -2.045285 219.848025
0.095128 -1.359633 -59.894897
0.000002 -0.003435 1.000000
0.086589 -1.643008 120.666344
0.084851 -1.631009 -77.741959
0.000761 -0.004108 1.000000
0.381865 -0.636598 370.637885
-0.021667 0.353388 -25.547750
-0.000090 -0.000983 1.000000
0.263767 -1.798686 274.090539
0.053564 -0.940860 -140.936895
-0.000052 -0.002971 1.000000
0.004867 -1.339442 72.421931
0.060773 -1.107536 -96.186452
0.000278 -0.002987 1.000000
0.550867 -1.790915 137.562711
0.280150 -1.354205 -106.426116
0.001198 -0.003739 1.000000
0.164922 -1.367868 88.414799
0.068789 -0.954951 -40.467344
0.000703 -0.003368 1.000000
0.116475 -1.106102 667.477754
-0.007249 -0.527863 -74.268939
-0.000104 -0.002102 1.000000
0.043908 -1.721333 532.929841
0.153533 -1.500923 -97.371918
0.000264 -0.003337 1.000000
1.000000 0.000000 0.000000
-0.000000 1.000000 -0.000000
-0.000000 -0.000000 1.000000
