-0.187375 -1.098777 731.100888
-0.093588 -0.307208 -79.863487
-0.000370 -0.001959 1.000000
0.050121 -1.324343 515.917155
0.051509 -0.791058 -371.804803
-0.000387 -0.002425 1.000000
0.026895 -1.106222 384.921675
0.054995 -0.471300 -120.116791
-0.000088 -0.002102 1.000000
-0.179584 -0.674668 256.664828
-0.076562 -0.319156 30.973894
-0.000611 -0.001523 1.000000
-0.204194 -0.682475 211.841327
-0.250012 -0.293667 -17.947769
-0.000810 -0.001386 1.000000
-0.117217 -0.527719 153.502989
-0.159665 -0.359010 30.646878
-0.000553 -0.001609 1.000000
0.015393 -0.509638 106.269480
-0.058223 -0.372012 -18.453243
-0.000385 -0.001876 1.000000
-0.066077 -0.640893 -4.923332
-0.059323 -0.370770 -78.076131
-0.000532 -0.001868 1.000000
0.116552 -1.252439 148.346008
0.020561 -0.751033 -208.612994
-0.000187 -0.002310 1.000000
-0.282668 -1.248852 825.598068
-0.050326 -0.482598 -86.016836
-0.000567 -0.001677 1.000000
-0.364596 -0.768926 548.354885
-0.146984 -0.365600 -73.079682
-0.000631 -0.001606 1.000000
-0.049577 -0.525823 115.220474
-0.113794 -0.342305 -27.198703
-0.000566 -0.001668 1.000000
-0.264781 -0.895956 563.990420
-0.007555 -0.668136 -96.962248
-0.000405 -0.001991 1.000000
-0.359461 -0.823892 690.813172
-0.222659 -0.490379 -63.939312
-0.000685 -0.001735 1.000000
-0.060971 -1.033423 502.656807
-0.044097 -0.683804 -32.164055
-0.000117 -0.002352 1.000000
-0.031586 -0.801663 278.391624
-0.060654 -0.592129 -66.985506
-0.000472 -0.001859 1.000000
-0.012712 -0.616133 177.839831
-0.071343 -0.398681 5.436190
-0.000412 -0.001694 1.000000
-0.109487 -0.551028 119.045880
0.016405 -0.678042 35.000403
-0.000268 -0.001998 1.000000
0.033389 -0.912383 203.304885
0.003484 -0.626939 -29.387185
-0.000340 -0.002241 1.000000
0.185591 -1.196086 388.808054
0.035365 -0.716906 25.310805
-0.000049 -0.002216 1.000000
-0.168173 -0.677583 281.977568
-0.114069 -0.548457 77.908697
-0.000574 -0.001607 1.000000
2.634890 -5.526517 2773.983439
4.007278 -6.935970 -1162.569485
0.006865 -0.013083 1.000000
60.936766 -61.659633 8539.791743
22.214934 -26.420066 -6663.085596
0.075037 -0.087814 1.000000
0.114228 -1.127114 293.068639
0.086304 -0.627862 -41.022101
-0.000294 -0.002012 1.000000
-0.128221 -0.849580 279.092602
-0.115858 -0.695115 65.853840
-0.000240 -0.002165 1.000000
-0.069921 -0.966620 261.248681
-0.087662 -0.861573 -8.824372
-0.000227 -0.002473 1.000000
-0.061288 -0.933127 282.893929
-0.044685 -0.575105 8.128201
-0.000311 -0.002048 1.000000
-0.101439 -0.734239 228.591727
-0.246928 -0.632440 65.939361
-0.000718 -0.001576 1.000000
-0.122821 -0.823584 252.016500
-0.008927 -0.562000 -13.818225
-0.000478 -0.001893 1.000000
0.086589 -1.303115 228.761188
0.042460 -0.932218 -103.158616
-0.000282 -0.002594 1.000000
-0.030728 -1.163784 513.724763
0.042222 -0.902192 -11.185409
-0.000132 -0.002545 1.000000
-0.533482 -0.755647 502.121927
-0.432861 -0.763951 34.953455
-0.000878 -0.001780 1.000000
-0.103860 -0.850381 67.777785
-0.115306 -0.507253 -40.264411
-0.000503 -0.001927 1.000000
0.026737 -0.970226 49.806859
0.151250 -1.010952 -64.252594
0.000150 -0.002834 1.000000
-0.648819 -0.246092 -158.364310
-0.432382 -0.168601 118.955017
-0.001271 -0.001136 1.000000
-0.180913 -1.146499 590.423670
-0.061424 -0.679220 -165.581052
-0.000514 -0.002076 1.000000
0.287001 -1.427102 411.606625
0.117197 -1.262855 19.650375
0.000023 -0.002841 1.000000
-0.218755 -0.488514 191.955250
-0.085225 -0.423234 -60.246461
-0.000488 -0.001752 1.000000
-0.699387 -0.321824 -19.958520
-0.362554 -0.315198 -26.033312
-0.001356 -0.000958 1.000000
-0.248679 -0.849092 212.018726
-0.219640 -0.653813 -52.549782
-0.000674 -0.001872 1.000000
-0.501550 -0.625183 127.750836
-0.338815 -0.321918 -23.368654
-0.000993 -0.001293 1.000000
0.048466 -1.038858 341.818776
-0.061506 -0.610652 -138.726739
-0.000275 -0.002211 1.000000
-0.846136 -0.183411 -30.536832
-0.351834 -0.161162 77.140298
-0.001434 -0.000812 1.000000
-0.275996 -0.499400 192.043915
-0.171150 -0.280777 29.124563
-0.000774 -0.001356 1.000000
-0.213062 -0.427400 270.903787
-0.077924 -0.155197 -38.792043
-0.000701 -0.001311 1.000000
0.797696 -2.411033 670.108581
0.121384 -0.782952 -91.129407
0.000486 -0.003052 1.000000
-0.035466 -0.885704 481.339160
0.144222 -0.853344 -108.928858
-0.000143 -0.002275 1.000000
0.139724 -1.500608 443.538141
0.269784 -1.291320 -90.403830
-0.000031 -0.003065 1.000000
-0.130686 -0.899132 344.343927
-0.101482 -0.569666 -30.658910
-0.000445 -0.002015 1.000000
-0.303736 -0.411710 63.525512
-0.269645 -0.331978 -85.855136
-0.000983 -0.001546 1.000000
0.104862 -1.008166 305.860066
0.083955 -0.851262 -41.739837
-0.000144 -0.002285 1.000000
-0.038816 -0.861145 306.597682
0.071071 -0.484966 -40.553064
-0.000315 -0.001974 1.000000
3.164792 -3.555028 2069.539934
1.552300 -2.132708 -789.239374
0.004072 -0.006339 1.000000
-0.236861 -0.986135 516.999588
-0.099428 -0.673568 -159.894742
-0.000373 -0.002228 1.000000
0.407172 -1.818603 465.868641
0.115301 -0.925629 -84.548125
0.000192 -0.003083 1.000000
0.300865 -1.981022 936.240534
0.369418 -1.147824 -111.462169
0.000362 -0.002891 1.000000
-0.232483 -1.124505 800.916051
-0.007729 -0.366301 -173.869348
-0.000503 -0.001939 1.000000
-0.480780 -0.302932 467.025407
-0.324969 -0.571251 -6.368154
-0.001065 -0.001409 1.000000
-0.244712 -0.530707 96.532116
-0.212165 -0.563938 -30.760029
-0.000671 -0.001555 1.000000
-0.221927 -0.822597 214.401500
-0.067180 -0.856155 -80.661953
-0.000600 -0.002046 1.000000
0.166834 -1.020410 92.493869
0.103268 -0.491935 -61.786380
-0.000054 -0.002412 1.000000
-0.054198 -1.214874 536.734976
-0.046150 -1.035068 -193.642594
-0.000387 -0.002519 1.000000
-0.171095 -0.720458 46.727959
-0.100854 -0.428657 -40.583643
-0.000668 -0.001618 1.000000
-0.536685 -0.960492 695.212306
-0.220328 -0.696082 -78.195261
-0.000804 -0.001861 1.000000
-0.215488 -0.941246 -53.865756
-0.106233 -0.295244 10.712711
-0.000664 -0.002002 1.000000
-0.591158 -0.515907 708.151632
-0.567060 -0.271381 4.286612
-0.001319 -0.001019 1.000000
-0.483590 -0.963579 567.308921
-0.458944 -0.439321 -13.829894
-0.001130 -0.001394 1.000000
0.050153 -0.947146 79.179847
-0.074724 -0.616467 -40.773164
-0.000141 -0.002269 1.000000
-0.483608 -1.179330 509.083856
-0.220959 -0.635507 -507.105412
-0.000664 -0.002043 1.000000
-0.407733 -1.095589 627.317970
-0.455927 -0.479665 -157.681072
-0.001104 -0.001647 1.000000
-0.656059 -0.438379 198.725825
-0.450140 -0.209811 -132.607803
-0.001444 -0.000847 1.000000
-0.107123 -1.113900 334.249058
-0.218820 -0.571066 -27.115983
-0.000427 -0.002023 1.000000
-0.057324 -0.645165 3.910471
-0.146578 -0.318809 0.714693
-0.000731 -0.001618 1.000000
-0.120806 -1.295701 541.673449
-0.054961 -0.812652 -106.993249
-0.000381 -0.002261 1.000000
-0.559022 -0.293548 299.614794
-0.490661 -0.423790 -30.818647
-0.001433 -0.000955 1.000000
-0.205677 -0.973815 300.125970
-0.053164 -0.740149 31.838140
-0.000476 -0.002088 1.000000
-0.230388 -0.539516 122.961616
-0.198702 -0.311047 59.554300
-0.000716 -0.001445 1.000000
-0.322293 -0.786646 106.250853
-0.288941 -0.246013 58.154331
-0.000985 -0.001441 1.000000
-0.498203 -0.758984 340.238544
-0.178811 -0.457251 -448.186738
-0.000607 -0.001569 1.000000
-0.397242 -0.521974 185.821646
-0.333762 -0.517938 -84.300026
-0.000939 -0.001532 1.000000
-0.298449 -0.999083 339.403074
-0.309134 -0.644832 -237.605659
-0.000748 -0.002078 1.000000
-0.445611 -0.632955 446.521310
-0.483710 -0.519186 111.690400
-0.001203 -0.001288 1.000000
-0.633178 -0.807696 270.629471
-0.323840 -0.537564 -119.274405
-0.001045 -0.001592 1.000000
-0.447253 -1.099519 464.120815
-0.272999 -0.671629 -72.130123
-0.000951 -0.001801 1.000000
-0.121828 -0.387467 151.911056
-0.058966 -0.233355 16.650756
-0.000568 -0.001548 1.000000
-0.359617 -0.442684 267.907870
-0.175355 -0.227980 -29.480544
-0.000883 -0.001336 1.000000
-0.403295 -0.919534 179.793683
-0.368735 -0.648031 53.331212
-0.000938 -0.001640 1.000000
-0.469312 -1.286491 1002.468210
-0.156640 -0.865637 -344.559174
-0.000863 -0.001918 1.000000
-0.270940 -0.297639 126.426896
-0.235391 -0.258099 44.931580
-0.000931 -0.001317 1.000000
-0.346504 -1.815750 595.018162
-0.210475 -1.161860 9.378636
-0.000617 -0.002739 1.000000
-0.476211 -0.718194 247.698728
-0.372510 -0.574257 103.863685
-0.000764 -0.001715 1.000000
-0.354695 -1.073322 179.404857
-0.155271 -0.607407 -172.857320
-0.000787 -0.001853 1.000000
-0.352807 -0.411506 134.367079
-0.310667 -0.257719 58.119607
-0.000986 -0.001053 1.000000
-0.248947 -0.320561 85.779142
-0.144416 -0.165228 5.344690
-0.000791 -0.001287 1.000000
-0.382914 -0.501477 109.681588
-0.229001 -0.305757 32.179960
-0.000907 -0.001748 1.000000
-0.340502 -1.139642 946.684682
-0.079812 -0.875751 -144.720682
-0.000651 -0.001973 1.000000
-0.258341 -1.055669 102.742242
-0.164495 -0.634858 35.700574
-0.000607 -0.002071 1.000000
-0.263952 -1.100722 370.083365
-0.196159 -0.449579 -58.465784
-0.000708 -0.001675 1.000000
0.387926 -1.715244 426.714700
0.429444 -1.406763 -145.903217
0.000377 -0.003182 1.000000
-0.401852 -0.681192 388.351317
-0.260299 -0.525032 53.133901
-0.000773 -0.001529 1.000000
-0.090994 -1.060850 -17.051720
0.097076 -0.999055 -151.642909
0.000048 -0.002609 1.000000
-0.364036 -0.860371 367.690258
-0.351799 -0.375404 -78.801831
-0.001029 -0.001509 1.000000
0.045160 -1.055069 536.459186
-0.055936 -0.922548 -78.506810
-0.000392 -0.002236 1.000000
-0.570948 -1.048940 498.028742
-0.223605 -0.702203 -56.011480
-0.000855 -0.001839 1.000000
-0.153051 -0.821666 191.615801
-0.110763 -0.730072 -167.975356
-0.000305 -0.002320 1.000000
0.339761 -1.312329 237.898851
0.081508 -1.047516 52.769154
0.000043 -0.002722 1.000000
0.080642 -1.368619 335.306451
0.062473 -0.993451 3.371625
-0.000025 -0.002533 1.000000
-0.136858 -1.433995 721.016972
-0.094197 -1.007605 -107.364774
-0.000485 -0.002470 1.000000
-0.019700 -0.973639 188.721958
-0.073791 -0.744787 24.104559
-0.000310 -0.002101 1.000000
-0.352649 -0.562559 -127.484087
-0.365233 -0.641854 -29.704191
-0.000970 -0.001627 1.000000
-0.159693 -0.600017 11.540878
-0.132214 -0.578614 126.400321
-0.000625 -0.001748 1.000000
-0.066237 -1.454363 337.840204
-0.037665 -0.906751 -120.229213
-0.000168 -0.002445 1.000000
-0.279652 -1.042180 642.513746
0.035184 -0.838105 -16.475364
-0.000267 -0.002370 1.000000
-0.192951 -0.899957 725.133297
-0.113293 -0.506897 -54.336690
-0.000384 -0.001976 1.000000
-0.220374 -0.849159 490.263095
-0.135388 -0.478990 -376.942280
-0.000615 -0.001676 1.000000
-0.651585 -1.075182 587.307326
-0.517912 -0.264346 -90.423087
-0.001418 -0.001286 1.000000
-0.376261 -0.893791 324.388946
-0.318394 -0.595451 -48.938142
-0.000889 -0.001803 1.000000
-0.497084 -0.785776 674.850144
-0.262977 -0.392465 -60.202263
-0.000989 -0.001345 1.000000
-0.620536 -0.649827 281.429921
-0.468495 -0.255737 19.486541
-0.001251 -0.001263 1.000000
-0.212606 -0.908322 379.529945
-0.131027 -0.408716 -233.714579
-0.000795 -0.001765 1.000000
-0.049162 -1.202035 343.686007
0.118394 -0.814581 -162.883932
-0.000204 -0.002323 1.000000
-0.098405 -1.395925 902.972638
-0.007434 -0.702532 -81.420727
-0.000316 -0.002006 1.000000
-0.037976 -1.229545 1360.103256
-0.067203 -0.852456 29.075932
-0.000272 -0.002001 1.000000
-0.262716 -1.121124 247.696274
-0.011729 -0.960568 -283.438758
-0.000260 -0.002352 1.000000
-0.919606 -0.692669 1067.841645
-0.742700 -0.022029 83.056351
-0.001623 -0.000594 1.000000
-0.463408 -0.600936 758.296628
-0.263518 -0.466000 -95.075008
-0.000740 -0.001689 1.000000
-0.234908 -1.147573 857.778071
-0.054454 -0.626065 -55.194926
-0.000433 -0.001932 1.000000
-0.192232 -0.995495 432.255141
-0.141523 -1.035206 1.119151
-0.000438 -0.002185 1.000000
-0.440720 -0.721805 678.211561
-0.469285 -0.521753 146.526252
-0.001103 -0.001251 1.000000
-0.151183 -1.099400 512.285416
-0.158894 -0.879678 8.468179
-0.000458 -0.002245 1.000000
-0.241640 -0.948968 452.165201
-0.180218 -0.629345 -11.069032
-0.000710 -0.001700 1.000000
-0.441159 -0.551025 456.096756
-0.407794 -0.615847 135.345333
-0.000941 -0.001419 1.000000
-0.291737 -0.589278 129.909924
-0.310774 -0.197484 -114.228011
-0.000778 -0.001550 1.000000
-0.276561 -0.980559 415.727849
-0.174944 -0.784473 -143.555962
-0.000611 -0.002000 1.000000
-0.497401 -0.675581 491.538374
-0.326156 -0.589677 3.930164
-0.000987 -0.001430 1.000000
-0.101138 -1.182999 314.686184
0.072412 -0.960646 -172.489969
-0.000417 -0.002416 1.000000
0.098247 -1.245411 670.875772
0.191080 -0.761429 -30.430991
0.000251 -0.002336 1.000000
-0.104421 -1.015886 397.743623
-0.137461 -0.659039 -184.178254
-0.000421 -0.002144 1.000000
-0.557769 -0.632577 874.986079
-0.308383 -0.176141 26.973894
-0.001276 -0.001088 1.000000
-0.362502 -0.805599 1042.134659
-0.148235 -0.451752 -123.132524
-0.000679 -0.001686 1.000000
-0.961150 -0.787493 1085.677872
-0.483994 0.341119 -38.698781
-0.001624 -0.000374 1.000000
-0.526528 -0.425321 57.723669
-0.265020 -0.112471 -164.736784
-0.001065 -0.001364 1.000000
-0.568754 -1.187780 809.786033
-0.222732 -0.550452 -164.468817
-0.000821 -0.001692 1.000000
-0.540604 -0.496053 949.715661
-0.404083 -0.437043 58.501384
-0.001088 -0.001134 1.000000
-0.588941 -1.013822 1130.591444
-0.171743 -0.345991 3.575434
-0.000777 -0.001356 1.000000
-0.253296 -1.206241 793.460797
-0.124510 -0.677516 -284.513267
-0.000399 -0.002105 1.000000
-0.047583 -1.157357 464.236831
-0.029879 -0.921080 -21.065109
-0.000132 -0.002408 1.000000
-0.313503 -0.766109 188.955917
-0.142647 -0.390087 -103.665754
-0.000700 -0.001715 1.000000
-0.138747 -0.770761 276.730011
-0.110242 -0.585739 5.267358
-0.000552 -0.001738 1.000000
-0.229788 -1.040895 53.559811
-0.188623 -0.734805 -200.695969
-0.000546 -0.001866 1.000000
0.303870 -2.028667 617.868152
0.203729 -1.362368 -129.365060
0.000319 -0.003376 1.000000
-0.324043 -1.369185 1012.946387
-0.061802 -0.547890 -36.546988
-0.000335 -0.001877 1.000000
0.409278 -2.169678 887.573513
0.644811 -1.652185 -304.622208
0.000687 -0.003878 1.000000
-1.490673 0.645113 -1034.652550
-0.792611 0.168195 199.654220
-0.002341 0.000095 1.000000
-0.135482 -1.846634 830.293273
0.363162 -1.463619 -32.324595
0.000208 -0.003223 1.000000
-0.420558 -1.469835 1100.700857
-0.025282 -0.289860 27.118358
-0.000490 -0.001745 1.000000
-0.605640 -0.805194 982.701938
-0.354396 -0.328557 26.877625
-0.001218 -0.001071 1.000000
-0.416467 -0.984883 1135.738305
-0.175680 -0.274672 78.011001
-0.000826 -0.001474 1.000000
-0.547925 -0.958605 1050.974763
-0.249904 -0.395532 39.888705
-0.000846 -0.001470 1.000000
-0.591793 -0.658617 767.760790
-0.546771 0.117420 -7.944259
-0.001581 -0.000389 1.000000
-0.149006 -1.009304 687.471278
-0.044191 -0.696474 3.058479
-0.000254 -0.002090 1.000000
-0.160549 -1.079382 1044.121957
-0.059499 -0.475967 54.101659
-0.000316 -0.001986 1.000000
-0.290482 -0.582033 268.507000
-0.222597 -0.367419 0.357298
-0.000824 -0.001206 1.000000
0.650263 -0.908390 238.277147
0.014683 0.056766 58.107917
0.000151 -0.001706 1.000000
0.330424 0.023888 116.520150
-0.286047 0.774050 80.888192
-0.000654 -0.000060 1.000000
0.676135 0.059303 34.937475
-0.193112 1.084606 -19.525009
-0.000464 0.000234 1.000000
-4.165046 2.423502 380.824517
-1.133508 -0.002812 688.263929
-0.004868 0.002550 1.000000
0.807635 -0.679568 107.528389
-0.119001 0.580326 28.798064
-0.000143 -0.000914 1.000000
-0.407040 -0.552298 114.640911
-0.260355 -0.305644 -56.606606
-0.001065 -0.001224 1.000000
-0.406850 -0.860332 340.444224
-0.237777 -0.404054 -112.142928
-0.000739 -0.001559 1.000000
-0.413153 -1.273452 831.175748
-0.208212 -0.958312 13.819221
-0.000607 -0.002536 1.000000
-0.678230 -0.482102 287.694475
-0.507906 -0.211019 4.223821
-0.001285 -0.000887 1.000000
-0.187134 -0.527582 198.705569
-0.098124 -0.539017 136.797135
-0.000639 -0.001473 1.000000
0.374217 -0.795248 233.551448
-0.053784 -0.200883 66.503299
0.000015 -0.001740 1.000000
0.520060 -0.440788 133.478265
0.016747 0.378645 -15.973332
-0.000144 -0.001122 1.000000
1.000000 0.000000 -0.000000
0.000000 1.000000 0.000000
0.000000 0.000000 1.000000
1.025966 -0.024944 20.919301
-0.022072 1.032729 25.263480
-0.000001 -0.000032 1.000000
-0.270566 -0.367827 127.361800
-0.142105 -0.257150 85.656081
-0.001047 -0.000928 1.000000
0.193693 -0.904097 339.679928
-0.043672 -0.364208 65.480138
-0.000132 -0.001789 1.000000
-0.164997 -0.299676 121.921994
-0.132607 -0.151656 45.807173
-0.000552 -0.001438 1.000000
1.670041 -0.027252 -79.049898
0.412364 1.561161 -334.854232
0.000965 -0.000325 1.000000
1.164446 -0.064105 -13.434334
0.228957 1.018112 -119.367755
0.000442 -0.000459 1.000000
-0.388160 -0.635271 105.546257
-0.337651 -0.352281 -28.674821
-0.001146 -0.001364 1.000000
-0.687704 -1.041444 449.627249
-0.253331 -0.561859 -40.865634
-0.001036 -0.001776 1.000000
-0.344231 -1.097922 467.969678
-0.100070 -0.440536 -96.509756
-0.000598 -0.001826 1.000000
-0.227001 -0.622200 61.048140
0.023867 -0.677172 20.473529
-0.000475 -0.002039 1.000000
-0.081831 -0.543889 113.631160
-0.104237 -0.384175 65.325491
-0.000572 -0.001670 1.000000
-0.228785 -0.956048 255.189319
-0.049869 -1.068543 107.145512
-0.000459 -0.002270 1.000000
0.037923 -0.666763 201.157338
-0.030862 -0.524950 62.854725
-0.000282 -0.001793 1.000000
-1.330792 0.092055 -40.049220
-0.633450 -0.597048 652.692067
-0.001975 -0.000410 1.000000
-0.350104 -1.003191 103.414953
-0.314526 -0.897768 191.749895
-0.000659 -0.001689 1.000000
-0.029305 -0.651545 -1.282128
0.080468 -0.427693 -56.590829
-0.000308 -0.001974 1.000000
-0.068405 -0.542167 -5.631643
-0.009138 -0.352499 -81.684109
-0.000459 -0.001769 1.000000
-0.083047 -0.845499 145.220566
0.087088 -0.452512 -158.227294
-0.000309 -0.002078 1.000000
1.427118 -3.223124 -1588.965143
1.458747 -2.510537 208.868169
0.004222 -0.007654 1.000000
3.997129 -8.684563 -6100.243957
4.025589 -6.096043 -1388.472812
0.012267 -0.019461 1.000000
-0.755744 0.542046 1364.580929
-1.204475 0.378228 536.295140
-0.002842 0.001302 1.000000
-0.733916 -1.054507 1273.732862
-0.417122 -0.457467 454.417033
-0.001235 -0.000697 1.000000
-0.206104 -0.949603 -83.776720
-0.156409 -1.059363 279.400232
-0.000304 -0.002173 1.000000
-0.123711 -0.535439 -49.164484
0.009966 -0.588287 3.625346
-0.000470 -0.001952 1.000000
0.776533 -2.042304 -588.249044
0.619828 -1.665657 -763.872989
0.001587 -0.004215 1.000000
0.152227 -2.328596 1284.868814
0.234401 -1.715882 -138.656299
0.000602 -0.003526 1.000000
-0.469414 -1.148072 987.759872
-0.162746 -0.194044 28.871691
-0.000660 -0.001388 1.000000
-1.721977 1.219127 1168.330945
-1.656674 1.249252 1290.806045
-0.003484 0.002444 1.000000
-0.503651 -1.159389 969.644055
-0.020721 -0.246859 27.841717
-0.000529 -0.001498 1.000000
-0.343756 -1.170549 900.012935
-0.111880 -0.236297 20.197266
-0.000455 -0.001622 1.000000
1.144661 -3.871410 407.749064
0.730195 -2.510601 -572.869784
0.001668 -0.005312 1.000000
-0.561667 -1.076124 936.473272
-0.106688 -0.145969 9.017885
-0.000663 -0.001328 1.000000
-0.531715 -1.130986 1033.415403
-0.176728 -0.324558 24.126231
-0.000652 -0.001495 1.000000
-0.632989 -0.981407 1126.289406
-0.250823 -0.204712 32.281416
-0.000867 -0.001185 1.000000
3.197781 -5.681343 -631.708587
1.856057 -3.809443 -3955.909093
0.006180 -0.009368 1.000000
-0.444912 -0.796497 353.237662
-0.195617 -0.125247 -178.279591
-0.000805 -0.001451 1.000000
-2.895147 2.200958 1221.146297
-1.737013 1.554479 1515.765575
-0.004636 0.003474 1.000000
0.530991 -2.671170 91.937681
0.978262 -2.830051 -791.679894
0.000573 -0.004217 1.000000
0.004693 -1.860850 920.317099
0.140884 -0.760174 -181.863085
0.000118 -0.002737 1.000000
-0.424225 -1.513808 1080.828961
-0.055666 -0.433038 40.118841
-0.000429 -0.001812 1.000000
-0.119950 -1.626795 801.285556
0.046756 -0.743685 -72.197515
-0.000112 -0.002315 1.000000
-4.358426 5.225858 -3701.260591
-2.178061 2.363081 4446.663692
-0.007809 0.007649 1.000000
-3.351924 3.157647 4902.701939
-2.511848 2.414326 2565.598755
-0.006833 0.005629 1.000000
-0.691928 -0.689093 870.853819
-0.487392 -0.665810 893.235635
-0.001079 -0.001066 1.000000
-0.231428 -1.346487 794.531021
-0.088061 -0.684444 70.441030
-0.000274 -0.002066 1.000000
0.193062 -1.616600 1323.475126
0.022638 -1.142738 119.961214
0.000054 -0.002561 1.000000
-0.590003 -0.779428 892.674286
-0.253759 -0.109094 -12.169135
-0.001018 -0.000978 1.000000
-0.424068 -1.185546 765.566674
0.007256 -0.481434 -138.373906
-0.000462 -0.001874 1.000000
-0.434399 -0.381287 319.639745
-0.118989 -0.226992 60.456867
-0.000870 -0.001147 1.000000
-0.343106 -1.314913 902.186067
-0.076556 -0.333983 -6.532516
-0.000358 -0.001879 1.000000
-0.362646 -1.208066 927.148457
0.005771 -0.566650 -15.773910
-0.000436 -0.001979 1.000000
0.558561 -1.959426 515.506866
0.558352 -1.487058 -243.202744
0.000873 -0.003763 1.000000
-0.432616 -1.094989 905.706757
-0.351704 -0.157504 83.219016
-0.001209 -0.001081 1.000000
-8.695659 10.407307 7943.926795
-10.489239 11.302723 903.656772
-0.026337 0.026497 1.000000
0.012321 -1.636569 651.590860
0.074883 -0.706231 -40.663690
-0.000166 -0.002286 1.000000
-0.042627 -0.964488 225.566597
-0.046214 -0.486408 -88.424046
-0.000533 -0.001827 1.000000
-0.241505 -1.264146 783.212601
0.029869 -0.590016 -2.545251
-0.000426 -0.001840 1.000000
-0.235373 -1.579390 871.770174
0.011179 -0.856427 -46.467061
-0.000260 -0.002303 1.000000
-0.608398 -1.142516 991.206401
-0.063898 -0.341700 5.848678
-0.000649 -0.001501 1.000000
-0.702253 -1.165568 1068.167277
-0.424867 -0.101593 -48.479311
-0.001200 -0.001152 1.000000
0.595110 -2.445107 1067.139471
0.415723 -1.140302 -341.167264
0.000964 -0.003654 1.000000
-0.391165 -1.284023 1158.191714
0.006269 -0.533620 -47.328613
-0.000473 -0.001758 1.000000
1.885149 -4.267079 -271.855347
1.168175 -3.023755 -903.947159
0.002217 -0.006110 1.000000
-0.456913 -1.179236 976.421564
-0.022319 -0.517755 -30.896202
-0.000376 -0.002032 1.000000
-0.267030 -1.695239 701.434975
0.048199 -0.944370 -126.674600
-0.000160 -0.002413 1.000000
-0.229961 -1.743981 1018.706380
-0.061913 -0.378042 50.348446
-0.000186 -0.002091 1.000000
-0.322032 -0.933869 347.963049
-0.103288 -0.272228 -152.852773
-0.000899 -0.001467 1.000000
-0.289176 -1.245416 675.845176
0.096642 -0.473133 -237.756307
-0.000141 -0.002210 1.000000
-0.207230 -1.253294 684.648139
0.022515 -0.526163 -124.617155
-0.000249 -0.001968 1.000000
-0.501964 -1.046727 808.178481
-0.238540 -0.683159 -31.455841
-0.000815 -0.001922 1.000000
-0.367177 -0.779835 429.999074
-0.146006 -0.368375 -143.240541
-0.000751 -0.001541 1.000000
-0.153320 -0.966889 463.008076
-0.099776 -0.797461 -46.719307
-0.000611 -0.001852 1.000000
-0.355073 -0.731081 465.807916
-0.167194 -0.350129 -70.011075
-0.000762 -0.001363 1.000000
0.264119 -2.056194 512.215303
0.522887 -1.765067 -195.996913
0.000367 -0.003792 1.000000
-0.334491 -0.825639 362.685750
0.376519 -1.479670 -217.386257
-0.000135 -0.002969 1.000000
-0.111877 -1.249761 587.774080
0.126567 -0.889850 -70.039312
-0.000241 -0.002182 1.000000
-0.451840 -1.161795 820.674128
-0.245891 -0.138294 -138.098648
-0.000940 -0.001404 1.000000
-0.295813 -0.761551 296.050828
0.018269 -0.844784 -48.604369
-0.000505 -0.002098 1.000000
-0.562481 -0.977761 797.565930
-0.306395 -0.541077 12.998078
-0.000941 -0.001497 1.000000
-0.354468 -1.265600 566.306513
-0.240166 -0.817528 9.642474
-0.000613 -0.002047 1.000000
-0.535232 -0.460550 329.855502
-0.416430 -0.171122 -5.044693
-0.001147 -0.000987 1.000000
-0.493030 -0.584176 479.137880
-0.381348 -0.333765 -16.729739
-0.001120 -0.001003 1.000000
-0.593053 -1.135240 938.628555
-0.114608 -0.270534 99.394452
-0.000705 -0.001321 1.000000
-0.412889 -0.895053 146.858743
-0.001921 -0.504408 -254.078011
-0.000540 -0.001909 1.000000
-0.433195 -0.832976 780.209934
-0.031013 -0.299307 -76.770753
-0.000643 -0.001420 1.000000
-0.452967 -1.380070 1004.093154
-0.191290 -0.333216 6.438016
-0.000616 -0.001616 1.000000
-0.291319 -1.167096 631.064992
0.041611 -0.508444 -186.674009
-0.000222 -0.002327 1.000000
0.046991 -2.122430 785.430459
0.248643 -1.131073 -155.414762
-0.000055 -0.002891 1.000000
-0.208421 -1.228661 575.277474
-0.100613 -0.928150 -195.103031
-0.000597 -0.002255 1.000000
-0.405745 -1.234485 746.039338
-0.270705 -0.829152 18.119207
-0.000815 -0.001875 1.000000
-0.628587 -1.176523 602.392401
-0.773035 -0.533651 -45.481370
-0.001426 -0.001634 1.000000
-0.004812 -1.028854 96.011481
-0.105862 -1.088527 113.678317
-0.000369 -0.002304 1.000000
-0.543292 -0.852355 497.470958
-0.412418 -0.610960 119.583915
-0.000901 -0.001577 1.000000
-0.261912 -0.832483 425.648687
-0.131537 -0.208006 -113.286242
-0.000592 -0.001622 1.000000
-0.069771 -0.911133 329.961934
0.052900 -0.578189 25.951686
-0.000496 -0.001681 1.000000
-0.457880 -0.567688 104.689048
-0.264146 -0.460402 70.106728
-0.000885 -0.001437 1.000000
-0.496348 -0.671177 377.938192
-0.198679 -0.253319 -33.193845
-0.000775 -0.001397 1.000000
-0.872528 -0.992070 742.492386
-0.417259 -0.379783 -64.653853
-0.001146 -0.001416 1.000000
0.144133 -1.184492 259.876753
0.066790 -0.752455 -72.693171
-0.000198 -0.002434 1.000000
-0.201532 -0.270746 147.959666
-0.177389 -0.189450 49.364051
-0.000812 -0.001096 1.000000
-0.421731 -0.656202 285.809392
-0.249745 -0.467196 -89.043617
-0.000893 -0.001585 1.000000
-0.214122 -1.329218 610.396154
-0.080406 -0.919245 34.472192
-0.000385 -0.002443 1.000000
-6.868592 -6.157208 2175.475694
-1.743058 -11.851927 2370.252068
-0.004282 -0.012434 1.000000
-0.435466 -0.498727 153.110090
-0.240056 -0.278808 56.184157
-0.000996 -0.001173 1.000000
-0.325237 -0.752226 476.739964
-0.165763 -0.764355 -64.512007
-0.000661 -0.001898 1.000000
-0.073228 -0.494451 297.814834
-0.007115 -0.619167 -55.258443
-0.000295 -0.002140 1.000000
-0.591576 -0.993069 850.171528
-0.404163 -0.268441 -73.474756
-0.001176 -0.001425 1.000000
-0.037422 -1.249731 305.974388
-0.070226 -1.038082 174.463706
-0.000409 -0.002345 1.000000
0.048479 -1.767369 333.574837
0.197269 -1.617169 -31.841504
0.000132 -0.003392 1.000000
