-0.026457 -1.254947 614.495981
0.010388 -0.438538 -8.197996
-0.000058 -0.002069 1.000000
0.069679 -0.719200 317.808210
-0.070933 -0.148035 26.111986
-0.000321 -0.001513 1.000000
-0.160252 -0.719368 417.839902
-0.091886 -0.235340 37.497167
-0.000576 -0.001446 1.000000
0.151829 -1.332008 409.333571
0.218046 -0.775892 -66.414169
0.000280 -0.002574 1.000000
-0.185343 -1.143396 390.609066
-0.269006 -1.009028 240.304601
-0.000458 -0.002163 1.000000
-0.282179 -0.936468 377.846750
-0.169682 -0.706921 188.144661
-0.000498 -0.001923 1.000000
-0.039795 -1.362100 73.223693
0.028504 -0.985046 -60.485271
-0.000015 -0.002947 1.000000
-0.284590 -0.768036 98.288075
-0.107632 -0.558262 50.860485
-0.000561 -0.001932 1.000000
0.229882 -1.154732 499.477501
0.014941 -0.266182 17.126593
0.000038 -0.001932 1.000000
2.292523 -4.498542 2320.665833
1.031901 -2.071665 -440.142457
0.004295 -0.007300 1.000000
-0.234251 -1.031408 562.309611
0.029526 -0.509813 -249.074801
-0.000424 -0.001905 1.000000
-0.103692 -0.633852 -147.958790
-0.156502 -0.532882 4.491807
-0.000727 -0.001815 1.000000
-0.853024 -1.359462 716.635528
-0.142661 -1.078187 263.350677
-0.000708 -0.002280 1.000000
-0.820996 -0.623003 388.555165
-0.305673 -0.480543 281.062173
-0.001314 -0.001092 1.000000
0.526150 -0.824647 311.504750
0.052548 0.189350 -0.797414
0.000136 -0.001433 1.000000
-0.043738 -1.070003 319.738239
-0.101511 -0.763851 54.232562
-0.000370 -0.002058 1.000000
-0.226688 -1.089876 405.850022
-0.083980 -0.735378 90.849045
-0.000382 -0.002099 1.000000
0.193857 -1.040615 410.968080
-0.041011 -0.440486 95.757734
0.000039 -0.002002 1.000000
-0.302291 -1.079425 533.831386
-0.154614 -0.511984 91.175189
-0.000534 -0.001742 1.000000
0.132840 -1.189895 445.741776
0.091485 -0.593493 -124.930438
0.000052 -0.002370 1.000000
-0.180422 -0.745847 328.064117
-0.105200 -0.463484 2.955639
-0.000591 -0.001634 1.000000
-0.201204 -1.208603 1310.194084
-0.096298 -0.766275 1272.616935
-0.000288 -0.002169 1.000000
-0.263286 -0.853867 912.196543
-0.233897 -0.602127 163.164014
-0.000560 -0.001758 1.000000
-0.004690 -1.194574 488.628835
0.056101 -0.514640 -33.387658
-0.000057 -0.002341 1.000000
0.254447 -0.855430 349.707940
-0.019823 -0.250121 52.159357
0.000002 -0.001757 1.000000
-0.303859 -1.043405 514.201019
-0.163132 -0.672680 181.640278
-0.000430 -0.002004 1.000000
-0.151448 -0.789099 361.834401
-0.245296 -0.601467 152.522861
-0.000626 -0.001655 1.000000
0.114261 -1.001386 -195.232775
0.056082 -0.870531 83.885679
0.000198 -0.002600 1.000000
0.151448 -1.338662 395.614377
0.048100 -0.668256 -155.653271
0.000162 -0.002574 1.000000
1.095904 -0.033830 -43.216115
0.090643 1.015115 -28.083197
0.000119 -0.000111 1.000000
1.000000 0.000000 0.000000
-0.000000 1.000000 0.000000
-0.000000 0.000000 1.000000
9.732157 9.146273 -5247.904310
0.347962 10.868418 -3425.206780
0.000482 0.013868 1.000000
5.255744 5.930414 -3491.272557
-1.162399 7.849214 -1417.934259
-0.003169 0.012474 1.000000
0.643663 0.036519 50.398944
-0.127447 0.948634 -10.095181
-0.000341 0.000038 1.000000
0.790416 -0.251702 111.146480
-0.032194 0.721650 -27.657330
0.000018 -0.000560 1.000000
0.899905 -4.312062 1604.090684
1.103212 -3.012822 -257.797803
0.003318 -0.007915 1.000000
0.053789 -1.253094 513.851316
0.088128 -0.679562 6.779019
0.000052 -0.002406 1.000000
0.314771 -2.326191 968.008638
0.543074 -1.676180 -219.676073
0.001409 -0.004699 1.000000
0.018634 -0.853853 369.948178
-0.052650 -0.335037 47.220830
-0.000290 -0.001769 1.000000
-0.314628 -1.048816 388.507831
-0.157518 -1.001480 172.577985
-0.000570 -0.002372 1.000000
-0.595346 -1.222929 612.703486
-0.312411 -1.075623 257.534226
-0.000688 -0.002316 1.000000
-0.096601 -0.482846 246.447382
-0.047817 -0.252596 41.922112
-0.000493 -0.001456 1.000000
-0.059759 -0.817302 354.151799
-0.097992 -0.399458 78.146415
-0.000256 -0.001835 1.000000
-0.302077 -0.362218 79.707475
-0.059069 -0.316117 56.857108
-0.000673 -0.001467 1.000000
-0.221316 -0.545030 201.912758
-0.006828 -0.350944 9.062575
-0.000524 -0.001712 1.000000
-0.142272 -0.775785 360.041367
-0.105027 -0.463002 81.050921
-0.000371 -0.001851 1.000000
-0.084640 -1.009557 417.288268
-0.128371 -0.972608 61.433797
-0.000350 -0.002327 1.000000
-0.385098 -0.801949 327.324509
-0.148130 -0.660612 -137.806849
-0.000689 -0.001822 1.000000
-0.172532 -1.182836 559.362237
-0.057970 -0.783050 -73.531353
-0.000222 -0.002355 1.000000
-0.272642 -0.909534 246.859502
-0.157395 -0.694322 -6.791510
-0.000579 -0.002037 1.000000
0.022418 -0.920761 411.644623
-0.033960 -0.608589 9.949085
-0.000291 -0.002070 1.000000
-0.047434 -1.015646 519.834218
-0.000220 -0.765458 62.883019
-0.000169 -0.002247 1.000000
0.095911 -0.972477 407.469456
-0.016619 -0.439636 -63.245979
-0.000118 -0.001979 1.000000
0.212671 -0.654215 117.683630
0.069602 -0.531711 30.119206
0.000174 -0.002279 1.000000
-0.416791 -0.892898 550.421620
-0.115150 -0.541566 -3.227037
-0.000562 -0.001761 1.000000
-0.178557 -0.729468 427.145172
-0.191864 -0.728696 148.341443
-0.000513 -0.001913 1.000000
-0.372586 -0.553830 205.692983
-0.115937 -0.351265 -243.080468
-0.000747 -0.001612 1.000000
0.147815 -0.986723 166.813065
-0.027653 -0.523364 -68.243597
-0.000087 -0.002448 1.000000
0.097917 -0.960497 261.633644
-0.074321 -0.631206 13.859213
-0.000162 -0.002224 1.000000
-0.110191 -1.456055 619.565133
-0.075779 -1.081778 -117.306399
-0.000242 -0.002564 1.000000
-0.194993 -0.514424 141.371081
0.020054 -0.232057 8.834315
-0.000543 -0.001505 1.000000
-0.339080 -0.909459 307.647349
-0.241323 -0.742456 20.158977
-0.000682 -0.001866 1.000000
-0.034517 -0.838716 17.905126
0.046115 -0.407846 -26.612440
-0.000024 -0.002223 1.000000
-0.288488 -0.880005 545.331288
-0.111582 -0.812780 67.536375
-0.000404 -0.002096 1.000000
0.122849 -1.468782 192.565098
0.129752 -0.618847 -391.568280
0.000003 -0.002664 1.000000
-1.608603 0.297015 1623.277322
-0.714595 0.292723 513.260339
-0.002252 0.000637 1.000000
-0.251230 -0.731298 364.231000
-0.126982 -0.534680 8.751533
-0.000511 -0.001800 1.000000
-0.097841 -0.744363 -12.483128
-0.080134 -0.709898 -119.606265
-0.000500 -0.001992 1.000000
0.096875 -0.755982 -10.680999
-0.038104 -0.319156 -36.938312
-0.000350 -0.001990 1.000000
0.243023 -1.913750 673.000127
0.268533 -1.376502 -243.804531
0.000652 -0.003583 1.000000
0.291219 -1.645983 317.973477
0.266032 -1.067341 -192.437987
0.000246 -0.002805 1.000000
0.084532 -1.228918 -24.859569
0.048077 -1.109364 -171.934659
-0.000251 -0.002982 1.000000
-0.349480 -0.537473 -211.097060
-0.150506 -0.424355 -83.362982
-0.000766 -0.001597 1.000000
-1.071208 -2.938603 1139.845405
-0.108969 -2.943801 477.949553
-0.000220 -0.004951 1.000000
-0.049276 -1.016040 370.476673
0.023292 -0.631133 -27.614925
-0.000104 -0.002251 1.000000
-0.303666 -0.915122 387.748235
-0.226485 -0.736491 192.584626
-0.000546 -0.001885 1.000000
0.000599 -0.480390 88.765134
0.013598 -0.368967 54.426388
-0.000208 -0.001799 1.000000
0.149654 -0.879894 -184.058072
0.095153 -0.649275 -96.332823
0.000012 -0.002352 1.000000
-0.081063 -1.320627 339.652968
-0.089328 -0.908607 -118.789890
-0.000266 -0.002577 1.000000
-0.141836 -0.897668 337.717264
-0.014672 -0.551130 -133.557554
-0.000374 -0.001919 1.000000
0.010944 -1.299903 502.058770
0.089590 -1.018885 -45.364806
0.000133 -0.002503 1.000000
-0.207481 -1.619555 529.888172
-0.012441 -0.878200 -433.395270
-0.000200 -0.002838 1.000000
-0.286961 -1.143265 213.446017
-0.132931 -0.941722 47.459713
-0.000469 -0.002123 1.000000
-0.109817 -0.951206 277.151663
-0.094219 -0.699897 -45.598301
-0.000460 -0.001968 1.000000
0.051243 -0.687320 26.460973
0.043885 -0.334343 36.958430
0.000033 -0.002133 1.000000
-0.005343 -0.402937 -117.409079
-0.102184 -0.291978 49.717238
-0.000600 -0.001513 1.000000
-0.077738 -1.228334 291.321894
-0.166899 -0.895598 15.116017
-0.000359 -0.002200 1.000000
-0.254843 -0.847791 229.497873
-0.169391 -0.740506 4.549628
-0.000438 -0.001995 1.000000
-0.070426 -0.814509 136.272218
-0.043167 -0.454514 96.406675
0.000073 -0.002256 1.000000
-0.068733 -1.372628 279.878975
-0.078603 -0.961331 167.376730
-0.000096 -0.002439 1.000000
-0.224460 -0.776269 332.272502
-0.160239 -0.506507 187.129948
-0.000480 -0.001608 1.000000
-0.072320 -0.979651 97.912024
-0.049782 -0.691841 -17.048153
-0.000375 -0.002108 1.000000
0.188904 -1.504854 -26.309667
0.050036 -1.086276 -17.407492
0.000121 -0.002821 1.000000
-0.216008 -1.434188 67.407076
-0.177581 -0.782733 104.340149
-0.000342 -0.002473 1.000000
0.056074 -0.894931 17.286418
-0.070918 -0.344559 -28.946503
-0.000309 -0.002012 1.000000
-0.438444 -0.774274 436.438428
-0.185482 -0.613352 -194.679290
-0.000856 -0.001511 1.000000
-0.199587 -0.787878 176.834567
-0.177290 -0.334829 -149.762247
-0.000685 -0.001631 1.000000
-0.144713 -0.481779 41.529823
-0.193594 -0.436747 65.999371
-0.000645 -0.001540 1.000000
-0.215959 -1.798558 189.748105
-0.050850 -0.996399 -30.413231
-0.000347 -0.002751 1.000000
-0.214463 -1.495847 239.013038
-0.192067 -0.806037 71.046794
-0.000435 -0.002257 1.000000
-0.365306 -1.744946 607.807164
-0.087572 -1.045761 133.241601
-0.000330 -0.002385 1.000000
0.160949 -1.813603 588.941171
0.251059 -1.280435 -669.352505
0.000090 -0.002992 1.000000
-0.430223 -1.102009 844.857092
-0.192166 -0.605751 16.684439
-0.000768 -0.001693 1.000000
-0.215407 -1.338521 604.909743
0.014112 -0.797241 -255.215251
-0.000160 -0.002208 1.000000
0.310692 -1.817643 435.521761
0.037566 -1.499734 -33.640788
-0.000090 -0.003028 1.000000
-0.330399 -1.537052 668.345103
-0.140945 -1.358143 362.642142
-0.000231 -0.002653 1.000000
0.386518 -0.398841 255.235561
-0.066888 0.194552 162.234059
-0.000123 -0.000800 1.000000
0.041335 -1.265260 106.021236
-0.033407 -0.779822 -47.417736
-0.000166 -0.002377 1.000000
0.093382 -1.387768 176.250329
-0.075360 -1.065667 79.981140
-0.000183 -0.002549 1.000000
-0.227522 -0.936833 244.750928
-0.206508 -0.631772 151.046696
-0.000426 -0.001856 1.000000
-0.033937 -1.238803 -52.490906
-0.000880 -0.802429 105.173763
-0.000232 -0.002389 1.000000
-0.365196 -1.477166 -215.666521
-0.016912 -0.807072 137.502258
-0.000296 -0.002360 1.000000
-0.001980 -1.393001 100.682199
0.021591 -0.572460 -217.110485
0.000104 -0.002704 1.000000
0.055541 -1.009913 408.112848
0.066100 -0.721439 -195.138674
0.000035 -0.002738 1.000000
-0.615788 -0.717625 911.821267
-0.237046 -0.480025 -217.730556
-0.000998 -0.001516 1.000000
-0.085498 -1.083313 44.336064
-0.001374 -0.753443 -154.542115
-0.000291 -0.002260 1.000000
0.938029 -2.490749 -1432.169729
0.560752 -1.992578 -671.145975
0.001124 -0.004586 1.000000
-0.222863 -0.886489 279.955795
-0.015443 -0.548604 -127.594943
-0.000485 -0.001887 1.000000
-0.434275 -0.847538 453.283062
-0.219547 -0.491245 -223.778201
-0.000883 -0.001621 1.000000
0.091669 -1.807055 119.728534
0.235140 -1.174490 -330.670823
-0.000014 -0.003099 1.000000
-0.126213 -1.328484 613.861247
-0.186911 -0.700601 4.560389
-0.000327 -0.002317 1.000000
-0.108536 -0.910648 771.869422
-0.094212 -0.837581 55.870627
-0.000469 -0.002220 1.000000
0.034250 -1.212335 144.106664
-0.073681 -0.765370 -247.041908
-0.000171 -0.002271 1.000000
-0.206541 -0.880419 160.789547
-0.096448 -0.627714 -68.683605
-0.000611 -0.001950 1.000000
-0.215483 -1.120512 543.052595
-0.033573 -0.630033 -227.335121
-0.000585 -0.001972 1.000000
0.400904 -1.984246 467.911057
0.286029 -1.334441 -288.268249
0.000317 -0.003219 1.000000
0.304772 -1.705581 458.336000
0.106809 -1.163426 -191.568017
0.000263 -0.003131 1.000000
-0.129508 -0.879794 494.245083
-0.154509 -1.015465 59.059021
-0.000416 -0.002203 1.000000
0.120946 -1.067732 645.251027
0.091780 -0.928612 87.422621
0.000145 -0.002484 1.000000
0.106782 -1.283850 421.618894
0.076621 -0.960174 -187.248255
0.000123 -0.002851 1.000000
0.118416 -1.739800 641.456811
0.426220 -1.043652 -438.928442
0.000828 -0.003462 1.000000
0.400817 -1.873024 262.264314
0.205433 -1.274311 -311.704442
0.000357 -0.003432 1.000000
-0.263773 -0.925206 435.878100
-0.086551 -0.705913 -187.085367
-0.000524 -0.001921 1.000000
-0.106835 -1.014881 481.846892
-0.153095 -1.021351 42.582657
-0.000332 -0.002301 1.000000
-0.436212 -0.593504 -23.267682
-0.237744 -0.589166 -101.254570
-0.000816 -0.001490 1.000000
0.022758 -1.471930 94.880037
0.087497 -0.996056 -204.622520
-0.000116 -0.002723 1.000000
-0.209405 -1.117656 491.470699
-0.156589 -0.621289 -87.928405
-0.000546 -0.001848 1.000000
-0.240380 -0.981024 352.286887
-0.161528 -0.552175 -59.751819
-0.000562 -0.001732 1.000000
0.114096 -1.533609 624.986191
-0.022694 -0.670804 1.157496
-0.000054 -0.002435 1.000000
0.215421 -1.427326 835.334444
0.195388 -0.724314 -353.288251
0.000017 -0.002692 1.000000
-0.327359 -1.489239 1270.137449
0.044732 -0.612903 -225.848516
-0.000264 -0.002504 1.000000
-0.013288 -1.532128 453.762830
-0.015885 -0.568100 -315.777452
-0.000197 -0.002502 1.000000
1.040202 -2.649276 1085.433105
0.220957 -1.451068 -279.205473
0.001209 -0.004153 1.000000
0.097250 -1.583895 2496.317870
0.105888 -1.107057 -284.365506
0.000375 -0.003145 1.000000
-0.318143 -1.591328 1189.379939
0.063544 -0.388555 -11.123276
-0.000074 -0.002036 1.000000
-0.164192 -1.256630 458.166635
-0.088640 -0.746266 -246.215233
-0.000320 -0.002258 1.000000
-0.171912 -1.090782 395.671568
-0.158996 -0.668003 -40.690340
-0.000589 -0.001876 1.000000
-0.126712 -0.709272 195.172824
-0.080266 -0.438300 -106.194541
-0.000482 -0.001913 1.000000
-0.001136 -0.876391 -18.516667
-0.021023 -0.639439 -21.280099
-0.000101 -0.002138 1.000000
0.283389 -1.490865 -104.577570
0.115920 -1.113402 -420.755758
0.000145 -0.002744 1.000000
0.435931 -2.094302 692.690346
0.235618 -1.236536 -445.082194
0.000613 -0.003430 1.000000
-0.230722 -1.123265 646.659649
-0.070188 -0.755372 -24.114070
-0.000419 -0.002110 1.000000
0.072969 -1.629944 514.406434
-0.033879 -0.715384 -61.171161
-0.000142 -0.002366 1.000000
-0.254444 -1.220732 589.387690
-0.101773 -0.814922 -351.790869
-0.000285 -0.002408 1.000000
-0.372811 -1.371574 870.941181
-0.077138 -0.563599 -54.319270
-0.000350 -0.001924 1.000000
-0.540241 -1.462018 1029.115115
-0.081697 -0.477930 -48.595058
-0.000503 -0.001860 1.000000
-0.430560 -1.001093 857.392589
-0.170005 -0.652873 -241.400206
-0.000590 -0.001739 1.000000
-0.065617 -1.662151 1503.551850
0.151680 -0.931465 -241.754829
0.000087 -0.002854 1.000000
-0.249060 -1.287346 1285.487697
-0.074894 -0.717923 79.215116
-0.000194 -0.002504 1.000000
0.121369 -1.701427 989.333320
0.086729 -1.252320 -113.524872
0.000555 -0.003217 1.000000
-0.121450 -1.120183 543.268865
-0.060421 -0.867593 42.798425
-0.000243 -0.002290 1.000000
-0.221032 -1.093649 882.162111
-0.036798 -0.511028 -58.227905
-0.000471 -0.001932 1.000000
-0.198847 -0.961511 189.512619
0.056242 -0.735427 -92.061863
-0.000261 -0.002187 1.000000
-0.037408 -0.633150 362.798472
-0.193075 -0.551315 138.255921
-0.000500 -0.001684 1.000000
-0.058215 -0.870010 368.411731
-0.180213 -0.625701 115.716169
-0.000466 -0.001776 1.000000
0.559913 -1.917573 1.760121
0.353041 -1.655939 -27.630117
0.000920 -0.003784 1.000000
-0.123979 -1.155374 -754.757177
-0.125455 -1.014839 1168.782457
-0.000237 -0.002349 1.000000
0.019210 -0.881632 215.008566
-0.031615 -0.628198 36.412974
-0.000102 -0.002128 1.000000
0.244362 -1.309668 525.768423
0.029788 -0.761403 -362.494171
0.000070 -0.002732 1.000000
0.075212 -1.845032 -481.179188
0.129190 -0.959307 -351.999231
0.000238 -0.003335 1.000000
-0.037611 -1.144718 427.418445
0.012978 -1.036362 -17.959094
-0.000079 -0.002534 1.000000
0.357144 -2.376127 684.736037
0.397252 -2.095483 -108.876344
0.000937 -0.004456 1.000000
0.229997 -1.653287 -244.767374
0.010351 -1.002543 -105.515724
0.000419 -0.003361 1.000000
0.113405 -1.227376 -121.862546
0.041149 -1.035425 35.017250
-0.000089 -0.002769 1.000000
0.080947 -0.920039 190.388288
-0.004652 -0.644876 -56.291978
0.000136 -0.002354 1.000000
0.163060 -0.982751 -45.157797
0.125354 -0.958368 -134.184645
0.000340 -0.002854 1.000000
0.051767 -1.164393 344.646289
0.066059 -1.035957 -214.601946
0.000225 -0.002623 1.000000
-0.080391 -0.386724 -11.765274
-0.137490 -0.358336 63.476168
-0.000662 -0.001384 1.000000
-0.215919 -0.942556 11.738647
-0.097865 -0.675892 97.832997
-0.000453 -0.001988 1.000000
0.006491 -0.881024 38.853424
-0.007299 -0.806925 -94.330516
-0.000080 -0.002497 1.000000
-0.059072 -0.967846 -49.431114
-0.054081 -0.851013 60.179584
-0.000357 -0.002076 1.000000
0.191821 -1.378392 124.671607
0.169904 -1.305876 -16.852896
0.000402 -0.003157 1.000000
0.304751 -1.909148 -271.015373
0.377691 -1.118177 -738.441839
0.000391 -0.003685 1.000000
-0.170610 -0.704237 274.860254
-0.161265 -0.453046 -58.605354
-0.000709 -0.001640 1.000000
-0.285113 -1.329664 467.263347
-0.056482 -0.758647 -110.824672
-0.000412 -0.002383 1.000000
-0.238104 -0.891668 51.263598
-0.099136 -0.804588 98.346538
-0.000394 -0.002159 1.000000
0.048884 -0.624134 23.340398
-0.036481 -0.457933 -3.403971
0.000072 -0.002142 1.000000
0.450464 -1.543677 333.712919
0.435940 -1.738605 -366.592384
0.000993 -0.004030 1.000000
0.650196 -1.405491 -52.889051
0.392404 -1.376676 -155.486704
0.000522 -0.003586 1.000000
0.593161 -1.426385 -2614.636225
0.026709 -1.310313 524.266750
0.000480 -0.002981 1.000000
-0.891966 -0.195612 211.394876
-0.637315 -0.205660 -975.589120
-0.001644 -0.000452 1.000000
-0.354106 -0.800316 -37.516405
-0.140524 -0.702778 -10.750750
-0.000627 -0.001831 1.000000
-0.001391 -0.797540 142.710585
0.051517 -0.604753 -81.213881
-0.000098 -0.002180 1.000000
-0.168189 -1.022064 296.784959
-0.002440 -0.627384 -313.300683
-0.000428 -0.001972 1.000000
-0.463443 -0.896771 263.550239
-0.300314 -0.655506 187.484816
-0.000696 -0.001504 1.000000
-0.864778 0.228486 -565.241627
-1.051731 0.263793 863.070183
-0.002176 0.000517 1.000000
-0.048725 -1.233933 1555.156786
-0.069865 -1.198504 -251.035593
0.000332 -0.003276 1.000000
-2.953419 2.467820 -2676.592911
-1.408823 1.168827 -355.833193
-0.005631 0.005422 1.000000
-2.369307 1.390139 4585.354254
-1.130050 1.107482 -5347.914445
-0.004260 0.003232 1.000000
0.149431 -1.019097 -157.130446
0.089825 -0.836711 -169.901162
-0.000052 -0.002524 1.000000
-1.163342 0.240328 1811.351104
-0.889209 0.274065 730.452438
-0.002435 0.000603 1.000000
-0.749936 -0.547014 -23.996183
-0.514325 -0.295070 231.221098
-0.001426 -0.000579 1.000000
-0.583472 -1.368770 1018.300492
0.014781 -0.686245 -0.578912
-0.000452 -0.002091 1.000000
0.619139 -2.447707 1905.172629
0.416086 -2.445548 -92.997424
0.001535 -0.005677 1.000000
-0.225668 -1.522614 978.670976
0.132535 -0.925547 33.042676
0.000000 -0.002616 1.000000
-0.110529 -1.683623 1172.934933
-0.001016 -1.147975 23.942842
0.000041 -0.002863 1.000000
-0.333214 -1.262744 925.597915
-0.024026 -0.673113 -192.619268
-0.000327 -0.002120 1.000000
-0.517458 -1.238886 930.800187
-0.017641 -0.407559 -28.333133
-0.000586 -0.001722 1.000000
-0.206324 -1.533111 1089.459439
0.149785 -0.564653 -77.324860
-0.000165 -0.002148 1.000000
0.248659 -2.006278 2238.083159
0.202019 -1.050923 -326.082424
0.000549 -0.003183 1.000000
-0.408389 -0.466749 668.040696
-0.496076 -0.452570 1110.542774
-0.001124 -0.001034 1.000000
-0.261033 -1.208085 431.771856
-0.097602 -0.701141 -288.484138
-0.000423 -0.002025 1.000000
-0.035410 -1.560254 2075.865956
0.023515 -0.960392 -683.971870
0.000026 -0.002833 1.000000
-0.277617 -1.167425 1445.862596
-0.112947 -0.640989 -159.137359
-0.000404 -0.002054 1.000000
-0.120343 -1.675028 1245.184296
-0.093917 -0.901994 -211.967917
0.000018 -0.002557 1.000000
-0.306439 -1.085677 917.033796
-0.066787 -0.357527 23.399805
-0.000478 -0.001544 1.000000
-0.250759 -1.005093 1088.849044
-0.131917 -0.503497 -410.289489
-0.000474 -0.001841 1.000000
-0.596287 -0.782298 1589.971404
-0.277238 -0.449645 77.526864
-0.000912 -0.001356 1.000000
-0.596360 -0.651871 930.905768
-0.474887 -0.542836 1192.293973
-0.001179 -0.000990 1.000000
-0.346616 -1.059600 1170.675082
-0.278867 -0.958933 723.474759
-0.000453 -0.002026 1.000000
-0.260964 -1.352600 858.170175
-0.055282 -0.822485 71.260828
-0.000313 -0.002063 1.000000
-0.134911 -1.247773 1137.970222
-0.223701 -0.892422 1031.576565
-0.000433 -0.001869 1.000000
-0.333468 -1.221392 375.762380
-0.052854 -0.671771 -375.731933
-0.000512 -0.002259 1.000000
-0.359205 -1.250910 442.392383
-0.100827 -0.677368 -237.080796
-0.000315 -0.002047 1.000000
-0.203378 -0.642496 261.477793
-0.054465 -0.324367 -17.546183
-0.000584 -0.001485 1.000000
-0.164750 -1.304306 855.942617
-0.178992 -0.725145 108.446285
-0.000353 -0.002103 1.000000
-0.023054 -1.576532 1082.984434
-0.016215 -0.682743 67.296900
-0.000076 -0.002195 1.000000
-1.138617 0.125690 1806.900879
-0.516871 0.131921 -220.244158
-0.001963 0.000396 1.000000
-0.266826 -1.512429 887.010304
-0.077017 -0.536061 107.172199
-0.000293 -0.001900 1.000000
-0.116287 -1.241879 376.270487
-0.005013 -0.783132 -56.536189
-0.000400 -0.002301 1.000000
-0.182414 -1.242376 734.411543
0.049096 -0.582233 -96.316854
-0.000149 -0.002166 1.000000
0.440717 -1.553501 315.850801
0.357526 -1.254167 -304.642699
0.001245 -0.003872 1.000000
-0.230818 -1.412617 963.715446
0.047786 -0.764915 -200.427682
-0.000222 -0.002257 1.000000
-0.249021 -1.195392 885.618879
0.003687 -0.770952 -79.526664
-0.000286 -0.002460 1.000000
0.026244 -1.546538 899.180487
-0.010921 -0.720003 -78.593613
-0.000002 -0.002569 1.000000
-0.147848 -1.492410 956.269049
0.049857 -0.646570 -247.481713
-0.000022 -0.002600 1.000000
0.018807 -1.639265 760.897599
0.066728 -0.863954 -222.706700
0.000092 -0.002611 1.000000
-0.093970 -1.487095 1279.248286
0.028821 -0.717650 -154.341774
-0.000043 -0.002336 1.000000
0.094160 -0.972038 517.643059
-0.107619 -0.628784 -186.494215
0.000016 -0.002099 1.000000
-0.367263 -1.247797 964.679551
-0.059679 -0.476776 33.136198
-0.000428 -0.001812 1.000000
-0.610798 -1.148252 1033.337875
-0.169424 -0.481542 27.700887
-0.000782 -0.001472 1.000000
-0.244766 -1.725792 905.218676
0.028623 -0.695794 -109.789892
-0.000059 -0.002347 1.000000
-0.130423 -0.920969 174.495269
0.031041 -0.343181 -165.099217
-0.000261 -0.002061 1.000000
-0.074587 -1.171614 894.991555
0.103366 -0.852698 18.425451
0.000021 -0.002532 1.000000
-0.064848 -1.417495 926.249604
-0.007895 -0.709011 60.193409
-0.000015 -0.002403 1.000000
-0.322606 -1.217054 762.198411
-0.035339 -0.802325 -82.977809
-0.000351 -0.002027 1.000000
-0.237718 -1.170945 558.238479
-0.135495 -0.785606 29.810076
-0.000318 -0.002079 1.000000
0.280917 -1.494941 372.672339
0.072077 -1.221434 32.658667
0.000332 -0.003100 1.000000
-0.287445 -1.176521 661.164409
-0.113241 -0.807590 6.573794
-0.000447 -0.002099 1.000000
-0.199153 -0.757610 521.252334
-0.019772 -0.430490 -117.342927
-0.000375 -0.001867 1.000000
-0.286039 -0.859265 407.302395
-0.104540 -0.567055 -63.652016
-0.000589 -0.001996 1.000000
-0.327417 -1.008670 628.572842
-0.047936 -0.768480 16.552061
-0.000249 -0.002151 1.000000
-0.244052 -1.075637 964.335618
-0.070428 -0.604174 -94.209425
-0.000684 -0.001982 1.000000
-0.328213 -0.738357 502.333727
-0.146961 -0.452879 -42.123047
-0.000685 -0.001722 1.000000
0.353976 -1.593868 221.198754
0.263558 -1.076210 -162.905978
0.000716 -0.003310 1.000000
-0.148657 -1.205078 554.063907
0.011613 -0.931765 6.836497
-0.000294 -0.002176 1.000000
-0.246264 -1.252960 616.060903
-0.110434 -0.929433 -56.077466
-0.000374 -0.002323 1.000000
-0.248534 -0.923802 682.900629
-0.122508 -0.783402 162.364321
-0.000409 -0.002039 1.000000
-0.727358 -1.061487 1366.411064
-0.098568 -0.346447 116.717245
-0.000794 -0.001343 1.000000
-0.200382 -0.673481 549.895479
-0.023997 -0.204993 -356.992160
-0.000582 -0.001559 1.000000
-0.464691 -0.857495 1094.332933
-0.021931 -0.333807 -94.896533
-0.000558 -0.001705 1.000000
-0.053753 -1.182044 214.927532
-0.050881 -0.695876 -7.607856
-0.000253 -0.002259 1.000000
-0.485799 -1.023506 968.039965
-0.042954 -0.459080 -20.716612
-0.000578 -0.001882 1.000000
-0.207404 -1.338465 1012.117814
0.042009 -0.729492 -12.763178
-0.000186 -0.002358 1.000000
-0.180378 -1.701861 520.187305
-0.000098 -1.437323 -8.895491
-0.000196 -0.002950 1.000000
-0.365460 -1.275347 603.389706
-0.125402 -0.964696 8.978818
-0.000351 -0.002579 1.000000
0.227772 -1.081179 240.769559
0.295976 -1.481961 -237.658736
0.000454 -0.003258 1.000000
-0.237280 -1.195948 582.778897
-0.095132 -1.025742 35.123462
-0.000293 -0.002390 1.000000
0.136241 -1.673924 494.210297
0.083932 -1.497359 27.765233
0.000109 -0.003326 1.000000
0.073217 -1.416362 67.198865
0.115058 -0.587189 -793.214275
0.000017 -0.002639 1.000000
0.017173 -1.136839 493.572508
0.008194 -0.732910 -13.966907
-0.000124 -0.002145 1.000000
0.545404 -1.914677 -576.135027
0.387396 -1.285336 -168.592682
0.000672 -0.003313 1.000000
-0.287777 -1.214300 500.355445
-0.076279 -0.653132 -115.041111
-0.000502 -0.001936 1.000000
-0.437319 -0.820905 701.056012
-0.299443 -0.533787 103.706724
-0.000864 -0.001439 1.000000
-0.056071 -1.280706 484.746480
-0.002189 -0.695880 2.210385
-0.000157 -0.002341 1.000000
1.443227 -3.848977 -970.218474
0.951842 -2.841701 -808.234773
0.002549 -0.007082 1.000000
-0.058727 -1.252294 444.760628
-0.082208 -0.744796 76.760694
-0.000276 -0.002246 1.000000
-0.358847 -1.144260 574.470576
-0.091836 -0.506650 -9.717869
-0.000454 -0.001835 1.000000
0.134916 -1.536033 15.503116
0.162520 -1.467585 45.198354
0.000398 -0.003277 1.000000
-0.291488 -1.452298 603.034589
-0.029342 -0.888066 27.898481
-0.000299 -0.002531 1.000000
-0.158432 -1.036290 508.284109
-0.065481 -0.518437 38.538279
-0.000400 -0.001910 1.000000
0.142904 -1.582695 367.766164
0.047016 -1.150660 1.514531
0.000001 -0.002927 1.000000
-0.353224 -1.446402 678.371400
-0.150185 -0.967122 28.192371
-0.000512 -0.002299 1.000000
-0.143250 -0.714197 157.815670
-0.175665 -0.651316 40.807041
-0.000636 -0.001697 1.000000
0.020295 -1.549457 696.724958
0.144828 -1.572332 -216.351842
0.000209 -0.003215 1.000000
