0.069634 -1.601212 717.736018
0.048080 -0.522171 -234.371365
0.000157 -0.002868 1.000000
-0.110749 -0.870468 194.016194
-0.124787 -0.529620 38.684271
-0.000473 -0.002107 1.000000
0.081534 -0.528562 39.035813
0.172209 -0.710186 -42.895813
0.000381 -0.002682 1.000000
0.097135 -0.542003 64.784011
-0.039627 -0.677986 124.476751
0.000232 -0.002588 1.000000
0.033093 -0.621630 54.398658
-0.095011 -0.581893 141.737099
-0.000227 -0.001948 1.000000
-0.120542 -0.695469 31.709260
-0.173381 -0.520328 0.577597
-0.000345 -0.001924 1.000000
0.164895 -0.774436 28.097781
0.047226 -0.562245 -7.645581
-0.000086 -0.002249 1.000000
-0.112835 -0.857081 170.884013
0.046894 -0.497800 -303.852695
-0.000247 -0.002176 1.000000
-0.273560 -0.483575 115.859731
-0.082462 -0.467524 45.468537
-0.000283 -0.001883 1.000000
-0.154047 -1.525596 920.179781
0.051314 -0.460830 -114.891978
-0.000279 -0.002218 1.000000
0.170330 -1.341198 472.778080
0.117398 -0.598663 -252.236923
0.000116 -0.002600 1.000000
-0.080266 -0.388047 -41.747600
0.043436 -0.449081 2.129660
-0.000138 -0.002213 1.000000
-0.125076 -1.421175 396.746851
-0.107947 -0.664666 -156.693412
-0.000195 -0.002319 1.000000
-0.088972 -0.629596 235.147138
-0.101799 -0.480246 -84.310628
-0.000393 -0.001822 1.000000
0.372578 -1.474225 667.493983
0.421052 -0.979253 -380.753331
0.000995 -0.003500 1.000000
0.024778 -0.826683 139.550169
0.066333 -0.813712 65.571681
0.000094 -0.002430 1.000000
-0.127787 -0.782313 241.102992
-0.020011 -0.550524 -78.028569
-0.000308 -0.002208 1.000000
-0.037931 -0.740559 101.332061
-0.051354 -0.621875 76.697407
-0.000095 -0.002224 1.000000
0.062482 -1.140127 143.999340
0.111874 -0.830937 56.010174
0.000359 -0.002680 1.000000
-0.144287 -0.764775 187.095542
-0.148725 -0.607522 -11.233425
-0.000534 -0.002025 1.000000
-0.024248 -0.675726 87.184622
-0.025041 -0.437441 6.922043
-0.000154 -0.001988 1.000000
-0.013658 -1.302622 -185.828950
0.134880 -0.988015 333.100956
0.000072 -0.002385 1.000000
-9.715003 8.473296 5096.759680
-7.846640 6.714711 2765.778883
-0.013151 0.010804 1.000000
-0.051462 -0.965483 423.538169
0.057253 -0.708115 -158.369821
-0.000148 -0.002498 1.000000
0.044817 -0.880403 304.916242
-0.052021 -0.697869 -24.030958
-0.000095 -0.002352 1.000000
-0.282363 -1.392505 446.154908
-0.144578 -1.048264 21.069396
-0.000381 -0.002491 1.000000
-0.059542 -0.530603 109.764453
-0.084501 -0.624500 180.373586
-0.000169 -0.001991 1.000000
-0.039728 -0.491110 -14.323785
0.027194 -0.527861 86.860229
-0.000180 -0.001924 1.000000
-0.084644 -0.663098 243.426720
-0.057198 -0.301658 60.840676
-0.000129 -0.001887 1.000000
-0.054645 -0.824638 337.344139
0.025177 -0.677303 -24.958888
-0.000046 -0.002293 1.000000
0.352345 -1.673043 201.669163
0.092354 -1.227490 -198.004213
0.000384 -0.003324 1.000000
0.107818 -1.506195 -3.659764
0.321364 -0.947558 -361.264855
0.000248 -0.003191 1.000000
0.001032 -1.079633 190.858817
0.071677 -0.526471 -99.103757
-0.000042 -0.002296 1.000000
0.403086 -1.375057 455.787332
-0.049011 -0.440688 -118.730301
0.000260 -0.002535 1.000000
-0.270329 -1.112909 -316.471522
-0.228644 -0.766405 -416.512341
-0.000534 -0.002059 1.000000
0.119184 -1.337493 365.158462
0.209207 -0.756011 -159.558516
0.000495 -0.003007 1.000000
-1.354120 1.712292 1113.176931
-1.714005 1.258001 698.939015
-0.004557 0.003664 1.000000
-2.392934 2.734125 1903.452403
-2.196654 2.024293 1315.915340
-0.006425 0.006616 1.000000
0.222843 -1.308531 -11.310868
0.365170 -0.607118 -148.917016
0.000822 -0.003244 1.000000
-0.079599 -0.575199 270.369748
-0.048880 -0.536497 -21.204167
-0.000323 -0.001954 1.000000
-0.086608 -0.805535 270.908950
-0.006081 -0.484893 -1.171592
-0.000278 -0.002003 1.000000
0.033464 -0.636576 105.148257
0.096200 -0.529110 -42.175528
0.000121 -0.002342 1.000000
-0.115124 -0.872715 422.826918
-0.050673 -0.504965 -29.827312
-0.000228 -0.002071 1.000000
0.148844 -0.727829 156.718575
0.091694 -0.273446 -32.235094
0.000583 -0.002546 1.000000
0.073435 -0.703250 11.945035
0.127343 -0.700884 -52.495672
0.000232 -0.002553 1.000000
-0.185016 -0.600929 240.517175
-0.175412 -0.375042 123.162102
-0.000628 -0.001475 1.000000
0.050832 -0.614961 291.692203
0.048476 -0.654333 -2.664410
-0.000036 -0.002150 1.000000
-0.045903 -1.117975 340.934308
-0.048213 -0.738934 52.193983
-0.000122 -0.002328 1.000000
-0.285172 -1.058458 312.272131
-0.173009 -0.827786 138.414767
-0.000489 -0.002130 1.000000
-0.087211 -0.701282 205.428284
-0.165711 -0.538019 46.063656
-0.000583 -0.001841 1.000000
-0.149947 -1.027262 494.295398
-0.080547 -0.544605 37.041658
-0.000312 -0.001983 1.000000
-0.188483 -1.067607 591.758005
-0.070839 -0.334119 -40.388124
-0.000363 -0.001897 1.000000
-0.186414 -0.718341 226.520386
-0.191882 -0.389342 64.355502
-0.000541 -0.001711 1.000000
0.139293 -0.474147 216.381180
-0.087618 -0.051326 54.759736
-0.000279 -0.001411 1.000000
-0.124515 -0.994649 354.196730
-0.038415 -0.751339 83.803854
-0.000168 -0.002235 1.000000
-0.012844 -1.115867 452.536094
0.025130 -0.841459 153.922080
-0.000022 -0.002270 1.000000
0.180014 -1.376911 442.976566
0.287572 -1.123089 -103.082440
0.000453 -0.003277 1.000000
-1.188139 -2.347094 1261.838930
0.605343 -3.819141 511.598570
0.000550 -0.005327 1.000000
-0.441026 -1.035068 465.663641
-0.211057 -0.844169 224.409177
-0.000469 -0.002068 1.000000
0.230750 -0.664249 259.040726
-0.094331 -0.048076 68.367505
-0.000240 -0.001453 1.000000
-0.224312 -0.692382 239.530500
0.034673 -0.631542 91.728518
-0.000312 -0.002012 1.000000
1.222253 -0.186324 -47.600100
0.122470 1.286986 -223.824349
0.000143 -0.000339 1.000000
0.495130 0.406304 -172.147216
-0.341791 0.920870 -91.710186
-0.000967 0.000131 1.000000
1.585116 -0.193191 0.751297
0.267253 1.625642 -376.109967
0.000662 -0.000278 1.000000
-1.036510 -3.360338 1561.544198
0.965010 -3.321546 204.960344
0.001481 -0.006503 1.000000
1.678757 0.493789 -280.454739
0.230434 1.990986 -396.823483
0.000462 0.000752 1.000000
1.105204 -0.036625 19.457102
0.093587 1.139634 -130.061827
0.000196 -0.000159 1.000000
0.740308 -0.105179 -20.644151
-0.164522 0.907355 -42.212172
-0.000356 -0.000368 1.000000
0.604093 0.214681 -163.366128
-0.162057 0.709185 -114.414274
-0.000657 -0.000210 1.000000
0.544219 -0.617544 235.053980
-0.068480 0.496997 18.449180
-0.000151 -0.001000 1.000000
1.444984 0.298222 -199.319061
0.095520 1.573455 -214.876314
0.000168 0.000530 1.000000
1.000000 0.000000 0.000000
0.000000 1.000000 0.000000
0.000000 0.000000 1.000000
-0.235860 -0.404330 153.539319
-0.078011 -0.405125 110.688085
-0.000570 -0.001507 1.000000
0.002271 -1.708575 693.198897
0.111174 -1.014306 26.639498
0.000074 -0.002770 1.000000
0.026964 -1.003103 139.364487
-0.142072 -0.550119 26.747430
-0.000329 -0.002176 1.000000
-0.086638 -0.894404 412.022732
0.001497 -0.633178 19.269855
-0.000186 -0.002124 1.000000
0.044332 -0.606239 211.977449
0.304902 -1.003905 29.479857
0.000487 -0.002899 1.000000
0.037063 -0.184178 96.810271
-0.086232 -0.021545 51.971767
-0.000534 -0.001132 1.000000
0.103059 -0.949523 381.341161
-0.011529 -0.456160 62.898846
-0.000098 -0.002087 1.000000
0.743332 -0.400777 148.965715
0.159850 0.532068 -137.484285
0.000176 -0.000977 1.000000
1.001492 -0.328361 154.960107
0.281117 1.003305 -275.673062
0.000391 -0.000679 1.000000
0.548744 -0.650370 314.966211
0.067562 0.276568 -63.476824
0.000150 -0.001227 1.000000
-4.174043 -6.160063 2420.697995
0.845676 -11.553822 1257.921119
0.000209 -0.014025 1.000000
0.430710 -1.554973 481.976236
0.016067 -0.989147 33.726366
0.000476 -0.003225 1.000000
-0.083748 -0.313229 165.563851
-0.002796 -0.164947 25.231456
-0.000160 -0.001715 1.000000
0.018039 -0.710917 178.562284
0.062326 -0.333694 -74.012440
0.000222 -0.002435 1.000000
0.148922 -1.042293 369.609262
-0.020580 -0.569008 -31.637434
0.000109 -0.002398 1.000000
-0.142084 -1.046082 387.456785
-0.235415 -0.592852 -24.336322
-0.000349 -0.002123 1.000000
0.034342 -0.267090 69.938485
-0.056447 -0.164198 43.982303
-0.000046 -0.001766 1.000000
-0.073937 -0.927834 441.232787
-0.044575 -0.645540 90.326978
-0.000135 -0.002043 1.000000
0.031270 -1.263463 594.538032
-0.019941 -0.958862 150.709225
0.000051 -0.002409 1.000000
0.045442 -1.223942 383.509854
0.046694 -0.665513 -48.820206
-0.000100 -0.002302 1.000000
-0.091491 -0.952840 437.261114
-0.023889 -0.617967 45.100371
-0.000292 -0.002119 1.000000
0.073399 -0.866712 107.825098
0.180187 -0.793304 -122.274760
-0.000006 -0.002587 1.000000
-0.010950 -0.615815 169.554340
-0.004818 -0.290789 -21.134726
-0.000064 -0.001997 1.000000
-0.237621 -1.092316 469.537141
-0.089847 -0.625989 44.247002
-0.000341 -0.002051 1.000000
0.008306 -0.641204 119.302142
0.075763 -0.452346 -26.371313
0.000335 -0.002420 1.000000
0.058816 -1.242472 353.668817
0.081988 -0.822941 -52.686572
0.000208 -0.002684 1.000000
0.082335 -1.254314 561.385637
0.018321 -0.981612 23.304024
0.000049 -0.002514 1.000000
0.415133 -1.668324 389.219977
0.117363 -1.017111 -6.224610
0.000354 -0.003058 1.000000
0.146106 -1.038153 387.149314
-0.012838 -0.506211 49.132185
-0.000077 -0.002032 1.000000
0.617371 0.115139 21.982581
-0.255246 1.057031 57.710050
-0.000479 0.000348 1.000000
0.597466 -0.118980 102.829209
-0.135344 0.756255 59.303623
-0.000300 -0.000169 1.000000
1.087051 0.016332 -59.816332
0.071969 1.276091 -147.000850
0.000130 -0.000047 1.000000
0.479973 -0.053491 68.827785
-0.045865 0.626829 13.007950
-0.000147 -0.000642 1.000000
0.084189 -1.366990 411.220936
0.055336 -0.727669 28.048275
-0.000036 -0.002503 1.000000
-0.120625 -0.784525 341.482006
-0.162234 -0.557162 43.144782
-0.000403 -0.001900 1.000000
0.282663 -1.499716 587.729077
0.108209 -0.618406 -41.709631
0.000312 -0.002498 1.000000
0.413524 -1.287723 366.762936
-0.026656 -0.650389 68.189379
0.000236 -0.002385 1.000000
0.310251 -1.400955 459.096404
0.257759 -0.837396 -125.614055
0.000482 -0.002883 1.000000
0.685968 -2.236683 541.556217
0.804700 -2.093755 -185.796541
0.001637 -0.005206 1.000000
0.376863 -4.273230 1287.221321
1.838141 -4.897537 -287.726878
0.003231 -0.009750 1.000000
0.203451 -1.155960 480.355010
-0.008238 -0.715694 -3.455007
0.000172 -0.002709 1.000000
0.047014 -1.366653 553.861509
0.143293 -0.887009 -95.549328
0.000031 -0.002616 1.000000
1.179580 0.526736 -222.352936
-0.129391 1.357278 -116.016851
-0.000177 0.000732 1.000000
0.164047 -1.544681 462.771004
0.123080 -1.570249 17.275301
0.000293 -0.003631 1.000000
0.481390 -1.910945 402.963547
0.075561 -1.645051 117.144734
0.000486 -0.003515 1.000000
0.236671 -1.739457 576.760298
-0.025586 -0.835431 -44.181295
0.000151 -0.002932 1.000000
-0.018185 -1.316411 582.007808
-0.067238 -0.602935 -74.042694
0.000222 -0.002855 1.000000
-0.104237 -1.270740 495.806863
0.056677 -0.564960 -98.994845
-0.000072 -0.002295 1.000000
0.232890 -1.000900 276.208885
-0.056535 -0.534727 -81.516765
-0.000076 -0.002381 1.000000
0.411932 -2.024552 388.704820
0.116843 -0.736018 -297.773898
0.000507 -0.003452 1.000000
0.756770 -1.871830 718.041059
0.305330 -1.250842 -241.128337
0.000868 -0.003922 1.000000
0.016251 -1.103022 337.111809
-0.127152 -0.634076 38.462804
-0.000337 -0.002360 1.000000
0.191017 -1.526966 780.689129
-0.021064 -0.761079 -41.810098
0.000200 -0.002801 1.000000
-0.016480 -0.968175 469.521925
-0.032962 -0.673215 -119.910289
-0.000290 -0.002174 1.000000
0.341641 -1.480053 568.100268
0.133370 -0.759956 -108.661655
0.000046 -0.002589 1.000000
0.505046 -1.755172 648.506911
0.067360 -0.869681 54.099086
0.000351 -0.002772 1.000000
0.128726 -1.114405 356.390704
0.000098 -0.759246 29.159089
-0.000183 -0.002341 1.000000
0.120186 -1.654869 593.543787
0.138713 -1.003155 -108.417355
0.000162 -0.002926 1.000000
0.499325 -1.842252 816.541399
0.726169 -0.921914 -812.918019
0.001757 -0.004442 1.000000
0.059653 -1.358910 499.220596
0.286334 -1.040707 -286.075669
0.000160 -0.003022 1.000000
-0.058337 -0.449827 102.446729
-0.034343 -0.575110 45.357977
-0.000088 -0.002099 1.000000
-0.201503 -1.326416 486.407875
0.056029 -0.692825 -261.148597
-0.000006 -0.002520 1.000000
0.687976 -1.905063 439.105792
0.189105 -1.026685 -55.969737
0.000588 -0.003288 1.000000
0.262055 -1.071568 238.952432
0.094664 -0.640734 -81.711630
-0.000147 -0.002403 1.000000
0.175296 -1.765763 549.247613
-0.014919 -1.173899 66.866590
0.000005 -0.003033 1.000000
0.133321 -1.190689 341.658751
0.029938 -0.699002 40.509674
-0.000024 -0.002292 1.000000
0.448751 -2.117928 891.725657
0.145735 -0.720073 -97.870547
0.000367 -0.003122 1.000000
0.496952 -1.862536 397.392394
0.187297 -0.675663 -374.592267
0.000532 -0.003217 1.000000
-0.196306 -1.928531 1049.945010
0.079881 -0.713328 -15.123626
-0.000132 -0.002732 1.000000
-0.328078 -1.476091 880.338373
0.013305 -0.500161 -145.709988
-0.000229 -0.002282 1.000000
-1.003490 -0.207629 1623.998264
-0.508096 0.026295 178.953243
-0.001822 0.000032 1.000000
-1.059143 -0.553385 113.927555
-0.437065 -0.444546 84.632539
-0.001536 -0.001088 1.000000
0.004920 -1.660335 1173.905337
0.066363 -0.505146 -18.954625
0.000002 -0.002460 1.000000
-0.295790 -1.045350 554.021390
-0.037473 -1.204302 17.638338
-0.000346 -0.002610 1.000000
-0.141845 -0.601130 216.191400
-0.127887 -0.388907 -28.641129
-0.000543 -0.001662 1.000000
-0.306354 -1.212113 653.808439
0.064343 -0.730430 -147.158603
-0.000120 -0.002577 1.000000
-0.106074 -0.961584 349.597101
-0.111866 -0.431600 -34.614902
-0.000464 -0.001882 1.000000
-0.058477 -0.812187 186.853891
-0.072347 -0.553785 -0.289322
-0.000399 -0.001943 1.000000
-0.310382 -0.784167 549.617129
-0.162187 -0.552444 -106.432223
-0.000505 -0.001911 1.000000
0.347224 -2.517618 1012.117699
0.000960 -0.902399 146.719330
0.000283 -0.002964 1.000000
-0.604178 -1.234843 1047.488152
-0.066892 -0.372734 -11.357970
-0.000594 -0.001678 1.000000
-0.148458 -1.171555 794.307219
-0.175352 -0.555631 -278.042306
-0.000667 -0.001975 1.000000
-0.201945 -1.744503 893.471737
-0.049311 -0.924905 28.025993
-0.000289 -0.002674 1.000000
0.245423 -1.963143 1170.334366
0.134093 -0.510507 -46.412021
0.000312 -0.002664 1.000000
0.618648 -1.744401 -583.366472
0.004825 -0.472437 -681.637599
0.000613 -0.003055 1.000000
0.127044 -1.811185 1079.627225
0.031739 -0.643155 161.493773
0.000237 -0.002359 1.000000
1.056513 -3.419627 1989.287301
0.407256 -0.978151 -17.978823
0.001557 -0.004351 1.000000
0.239777 -1.102245 306.986661
-0.051038 -0.696162 22.951524
-0.000136 -0.002221 1.000000
-0.027591 -1.269642 613.885774
0.000851 -0.482907 -34.773639
-0.000142 -0.002103 1.000000
0.419117 -1.939405 698.148877
0.144717 -0.737963 -300.869945
0.000372 -0.003084 1.000000
0.063678 -1.295691 522.243361
0.010195 -0.671667 57.091725
0.000186 -0.002497 1.000000
-0.159310 -0.448689 101.165728
-0.301636 -0.323308 122.141607
-0.000804 -0.001109 1.000000
0.072088 -0.762722 53.100624
0.164911 -0.654096 -38.667261
0.000408 -0.002453 1.000000
0.008446 -1.038355 265.482411
0.087054 -0.837895 2.253847
0.000288 -0.002647 1.000000
0.035021 -0.687019 31.351492
0.022765 -1.211325 750.494373
-0.000008 -0.002139 1.000000
0.007487 -0.477316 79.316058
0.033370 -0.379874 53.904993
0.000086 -0.002189 1.000000
-3.372037 -3.745905 2059.639257
-0.414214 -4.268164 972.896046
-0.001039 -0.006764 1.000000
11.814922 14.097992 -5281.568958
-0.988963 20.221154 -3201.276573
0.001533 0.024520 1.000000
0.235326 -1.193843 509.419714
0.141189 -0.596550 -133.906573
0.000140 -0.002409 1.000000
0.191093 -0.967045 301.810696
0.003749 -0.581796 10.680345
-0.000041 -0.002166 1.000000
-0.081338 -0.585484 -16.543612
-0.048541 -0.747086 107.817260
-0.000059 -0.002497 1.000000
-0.053377 -0.411336 18.007663
-0.136752 -0.548096 207.789319
-0.000268 -0.001846 1.000000
-0.076234 -0.343553 4.817042
-0.104880 -0.485849 151.320973
-0.000370 -0.001703 1.000000
0.021817 -0.872444 -132.745659
-0.055553 -0.676160 46.895393
-0.000027 -0.002348 1.000000
-0.000400 -1.291583 272.978549
-0.038616 -0.993574 47.721767
-0.000021 -0.002808 1.000000
-0.009282 -0.796312 0.573269
-0.025315 -0.548790 58.223222
-0.000095 -0.002456 1.000000
-0.010157 -0.694324 -108.994269
-0.014816 -0.609288 138.466912
-0.000027 -0.002300 1.000000
0.012319 -0.578959 25.817519
0.120366 -0.693819 -50.441140
0.000336 -0.002845 1.000000
0.503314 -1.393368 -106.078296
-0.067764 -0.828094 4.424543
0.000235 -0.002701 1.000000
0.030472 -0.585688 -52.295706
0.024866 -0.469558 67.160417
0.000028 -0.002149 1.000000
1.962365 0.205311 -408.076050
0.297485 1.751210 -437.368552
0.000513 0.000369 1.000000
0.758467 -2.108997 387.313329
0.032571 -0.843370 -171.487474
0.000539 -0.003602 1.000000
0.475455 -1.664789 466.045809
0.101694 -0.793443 -135.511524
0.000478 -0.003132 1.000000
0.248859 -0.841240 -111.852188
-0.037513 -0.791973 7.990776
0.000113 -0.002774 1.000000
-0.009141 -0.945988 29.586971
-0.000954 -0.894913 81.743246
0.000260 -0.002874 1.000000
0.007309 -1.117909 58.475312
0.089583 -0.970494 12.501829
0.000138 -0.002861 1.000000
-0.116670 -1.052072 146.355004
-0.202671 -0.708565 57.789846
-0.000214 -0.002451 1.000000
-0.058801 -0.542476 -5.740208
-0.169446 -1.036726 654.063339
-0.000337 -0.001957 1.000000
-0.038946 -1.099416 639.667045
0.009386 -1.101539 870.593975
0.000048 -0.002185 1.000000
0.018830 -0.763100 62.118656
0.090825 -0.607389 -33.659818
0.000615 -0.002815 1.000000
-0.080238 -0.965030 72.491033
-0.068167 -1.041707 154.054289
-0.000276 -0.002621 1.000000
-0.059297 -1.721787 338.912647
0.021654 -0.879424 -266.798821
0.000166 -0.003021 1.000000
0.631200 -2.145126 970.312962
0.725883 -2.220990 1296.552918
0.001287 -0.004417 1.000000
0.380988 -1.184689 -57.260114
0.570469 -1.848656 911.037764
0.001019 -0.003598 1.000000
0.311832 -1.247216 456.710164
0.324925 -1.515035 974.266610
0.000435 -0.002622 1.000000
-0.066792 -2.190323 2870.769879
0.211908 -1.468941 1043.152593
0.000908 -0.003683 1.000000
-0.019310 -1.018588 79.746483
0.305307 -1.100941 546.251363
0.000299 -0.002572 1.000000
-0.040528 -0.643142 -159.150531
-0.162499 -0.795759 294.605381
-0.000288 -0.001911 1.000000
-0.170631 -1.107519 788.715232
0.015106 -1.283284 1111.992639
0.000032 -0.002296 1.000000
-53.035729 46.700727 -21710.824208
-52.461159 48.384257 -10570.991314
-0.077863 0.078535 1.000000
-0.015870 -2.012834 1048.434925
0.044468 -0.511504 -8.533608
-0.000037 -0.002367 1.000000
-10.696642 12.832651 -11914.070800
-4.329413 5.414264 5362.279291
-0.014457 0.017045 1.000000
0.683550 -2.450926 1011.620902
0.097004 -0.349347 -51.098887
0.000799 -0.002764 1.000000
0.275454 -2.101986 1005.718505
0.022276 -0.413964 2.487355
0.000270 -0.002464 1.000000
1.334426 -4.429590 678.272339
2.332364 -4.597320 -1548.037326
0.002993 -0.007410 1.000000
0.196878 -2.435680 981.878250
0.114356 -0.920899 -50.231746
0.000355 -0.003198 1.000000
-0.154239 -1.489927 1021.145963
-0.043416 -0.376772 90.459938
-0.000191 -0.001754 1.000000
-0.227187 -1.659460 1191.638074
0.202245 -0.597154 -20.586754
-0.000108 -0.002738 1.000000
-0.091254 -1.029956 355.386945
-0.047610 -1.284177 862.765942
-0.000052 -0.002045 1.000000
0.026385 -0.853229 373.724320
0.103864 -0.379380 -68.999765
0.000255 -0.002225 1.000000
2.268041 -4.219807 4443.821902
1.591155 -3.042225 -40.420525
0.003815 -0.007287 1.000000
-0.644750 -0.855127 -97.405968
-0.427377 -0.494930 557.940452
-0.001119 -0.001326 1.000000
-0.255925 -1.381317 948.963638
-0.066640 -0.510440 106.254625
-0.000206 -0.001976 1.000000
0.088644 -1.867567 1011.985951
0.041368 -0.410349 3.648302
-0.000001 -0.002138 1.000000
0.175061 -1.631197 1198.056307
0.006430 -0.791421 293.006160
0.000161 -0.003228 1.000000
0.301185 -1.637141 1255.807133
0.306129 -0.680795 -221.895621
0.000712 -0.002682 1.000000
-0.075014 -1.280514 828.254401
-0.082228 -1.008189 919.199621
-0.000180 -0.002012 1.000000
-0.235623 -1.041218 721.629536
-0.293991 -0.892751 746.752353
-0.000471 -0.001541 1.000000
-0.188386 -1.407454 961.773790
0.041945 -0.505872 0.635541
-0.000206 -0.001926 1.000000
-0.566620 -0.673003 715.206587
-0.391547 -0.516342 965.315383
-0.001022 -0.001099 1.000000
-0.404058 -1.314264 950.264307
-0.120968 -0.715601 61.255240
-0.000348 -0.002191 1.000000
-0.180444 -1.481021 1157.163726
-0.000175 -0.483860 39.181032
-0.000032 -0.002254 1.000000
-0.144459 -0.715407 302.455290
-0.027836 -0.372239 70.266107
-0.000357 -0.001750 1.000000
-0.048871 -1.724288 972.447732
0.001175 -0.420591 54.331356
-0.000073 -0.002247 1.000000
0.364619 -1.903223 884.874298
-0.059760 -0.490749 105.368717
0.000192 -0.002400 1.000000
-0.359979 -0.978769 563.563112
-0.160194 -0.412027 -142.868097
-0.000490 -0.002057 1.000000
-0.274109 -1.327103 890.121507
-0.136501 -0.459262 128.090487
-0.000308 -0.001814 1.000000
-0.369835 -0.965847 690.751687
-0.118756 -0.471855 -170.850174
-0.000268 -0.002049 1.000000
-0.177927 -1.810994 1035.060453
0.080689 -0.601892 -129.536485
0.000022 -0.002536 1.000000
0.286093 -1.402428 578.872115
0.018196 -0.420626 -220.379424
0.000124 -0.002421 1.000000
0.586463 -2.002860 1005.368240
0.099347 -0.421664 27.824502
0.000657 -0.002584 1.000000
-0.149894 -1.698320 1046.884873
0.101399 -1.010843 -207.180883
0.000140 -0.002866 1.000000
0.791638 -2.619684 997.361565
0.054496 -0.481542 29.093926
0.000835 -0.003022 1.000000
0.632163 -2.329750 1011.704028
-0.065594 -0.808600 -6.444405
0.000585 -0.003612 1.000000
0.397222 -1.438879 767.374297
-0.052644 -0.780451 14.310743
0.000237 -0.002865 1.000000
0.474725 -2.292771 1098.620699
0.106972 -0.921790 41.841613
0.000608 -0.003124 1.000000
2.171911 -2.802051 -2141.218755
1.426306 -2.293871 74.869950
0.004484 -0.006129 1.000000
-0.021766 -1.631533 992.828600
0.038944 -0.517589 85.314558
-0.000028 -0.002036 1.000000
0.221916 -2.249224 1093.811857
0.173458 -0.830703 -60.236900
0.000284 -0.002666 1.000000
-0.467297 -1.118297 1107.750287
0.102955 -0.597927 27.844959
-0.000344 -0.001981 1.000000
-0.062285 -0.723825 353.465351
-0.014609 -0.094709 -46.299354
-0.000016 -0.001901 1.000000
0.350341 -1.600580 749.612171
0.186829 -0.514211 -218.479113
0.000320 -0.002589 1.000000
0.208316 -1.612012 912.077745
0.136772 -0.828972 27.481920
0.000254 -0.002548 1.000000
-0.257254 -1.219603 747.119156
-0.002083 -0.509942 -70.481745
-0.000300 -0.002039 1.000000
-0.082888 -1.299364 765.837923
-0.042605 -0.646814 -14.266935
-0.000101 -0.002422 1.000000
-0.024121 -1.352938 619.330041
-0.099407 -0.949119 47.141406
-0.000176 -0.002369 1.000000
-0.105399 -1.482219 740.074737
-0.081571 -0.832128 97.898363
-0.000205 -0.002320 1.000000
0.366885 -1.884480 729.362870
0.171343 -0.647190 -371.329461
0.000593 -0.002962 1.000000
0.028927 -1.148529 498.302269
0.227630 -0.665700 -189.543795
0.000325 -0.002596 1.000000
-0.037458 -1.369487 692.655889
-0.101682 -0.804252 52.093072
-0.000186 -0.002347 1.000000
-0.251964 -1.353034 846.949122
-0.118306 -0.419312 -30.723768
-0.000260 -0.002044 1.000000
0.106915 -1.315606 547.560955
-0.039491 -0.859985 16.548715
-0.000073 -0.002530 1.000000
0.259710 -1.471750 480.694143
0.027151 -0.771666 -16.550155
0.000270 -0.002855 1.000000
-0.033165 -1.133366 608.082218
0.045407 -0.717042 2.319094
0.000100 -0.002430 1.000000
0.160995 -1.326506 457.123168
0.211372 -0.786858 -332.672387
0.000421 -0.002899 1.000000
0.303040 -1.433240 385.274966
0.144398 -1.039480 -37.962159
0.000201 -0.002840 1.000000
0.692451 -2.800819 1822.155067
0.436323 -0.892251 -231.753895
0.001574 -0.004000 1.000000
0.086553 -1.034243 455.078316
0.036756 -0.173812 -43.049374
0.000114 -0.001984 1.000000
-0.159443 -1.207729 789.926305
0.002088 -0.252031 -16.032597
-0.000298 -0.001783 1.000000
-0.229776 -1.603428 728.416785
-0.138442 -0.612791 62.017596
-0.000378 -0.002290 1.000000
-0.160775 -1.297864 900.011037
0.071548 -0.451366 -89.109849
-0.000133 -0.002261 1.000000
-0.202942 -1.314323 860.058061
-0.032429 -0.389186 -185.460786
-0.000172 -0.002359 1.000000
0.025343 -1.398797 748.892644
0.031806 -0.816483 -0.162017
-0.000019 -0.002790 1.000000
0.093020 -1.384652 536.896997
-0.095408 -0.981321 77.322612
-0.000193 -0.002564 1.000000
0.041947 -1.737115 635.287874
-0.013355 -1.470365 84.854650
-0.000068 -0.003018 1.000000
0.357941 -1.982920 503.640567
-0.015430 -1.105466 32.668166
0.000053 -0.002991 1.000000
-0.018739 -1.434332 500.030651
0.067414 -1.155384 -37.950873
-0.000027 -0.002878 1.000000
-0.065623 -0.749218 219.847525
0.009190 -0.390430 -30.203023
-0.000162 -0.002085 1.000000
-0.340496 -0.745174 239.985973
-0.126129 -0.386954 13.841405
-0.000460 -0.001714 1.000000
0.041827 -0.799389 200.554529
-0.011769 -0.700696 82.504678
-0.000101 -0.002360 1.000000
0.494151 -1.859471 655.753163
0.147025 -0.602597 -315.873001
0.000647 -0.003268 1.000000
-0.156406 -1.323895 923.960174
-0.016510 -0.719849 92.076360
-0.000097 -0.002750 1.000000
0.042281 -0.587391 209.655777
-0.090625 -0.620389 38.575818
-0.000367 -0.002119 1.000000
0.064858 -0.804401 64.546014
0.062368 -0.531666 -30.626950
-0.000046 -0.002227 1.000000
0.022121 -0.945099 38.240186
0.158152 -0.579305 -77.914522
0.000377 -0.002925 1.000000
0.036185 -1.571667 769.022607
0.056385 -0.764123 -170.167472
-0.000003 -0.002738 1.000000
-0.151341 -0.779079 78.123714
-0.229826 -0.476274 -78.361317
-0.000443 -0.002088 1.000000
0.101204 -1.027051 260.564276
0.031286 -0.563969 -46.530442
0.000066 -0.002397 1.000000
0.138006 -1.050857 175.457442
0.016383 -0.577119 -164.467987
0.000011 -0.002375 1.000000
-0.093355 -0.692993 171.954203
-0.007779 -0.421257 -79.250312
-0.000393 -0.001788 1.000000
0.455557 -2.015087 660.563691
0.203277 -1.070598 -147.961858
0.000494 -0.003355 1.000000
-0.039035 -0.721431 177.733445
-0.034526 -0.387485 37.967809
-0.000054 -0.002005 1.000000
-0.355060 -1.658125 979.384954
-0.060613 -0.789181 -11.309515
0.000004 -0.002580 1.000000
