-0.099778 -0.987411 568.597581
-0.056392 -0.549943 -96.197935
-0.000062 -0.002172 1.000000
0.414081 -1.924857 -222.261219
0.145208 -1.159734 -275.437414
0.000889 -0.004085 1.000000
0.022722 -0.803620 195.028813
-0.012895 -0.600084 -68.252870
0.000088 -0.002322 1.000000
-0.068835 -1.305420 257.561392
0.049357 -1.077000 -19.689175
0.000215 -0.003084 1.000000
0.514527 -1.540544 -128.742357
0.293949 -1.216191 -78.543447
0.001025 -0.003785 1.000000
-0.038373 -1.194912 191.610682
0.044561 -0.918611 36.309284
-0.000031 -0.002723 1.000000
-0.125863 -0.610819 157.352866
-0.086061 -0.494747 -34.268488
-0.000104 -0.002133 1.000000
-0.125136 -0.892790 201.973597
-0.195059 -0.778675 47.418781
-0.000115 -0.002305 1.000000
-0.177936 -0.815070 115.388941
-0.127525 -0.597590 -75.315190
-0.000255 -0.002110 1.000000
-0.192013 -1.334351 997.860111
-0.150994 -0.689948 30.682743
-0.000131 -0.002281 1.000000
-0.222742 -1.153161 609.760452
-0.173053 -0.859453 -76.507753
-0.000182 -0.002442 1.000000
0.177774 -1.113290 96.507251
0.111403 -1.094301 -185.450068
0.000582 -0.003361 1.000000
-0.200264 -0.702318 172.673116
-0.235330 -0.388351 43.019606
-0.000330 -0.001789 1.000000
-0.011385 -1.053714 144.000047
-0.049446 -0.501903 -183.412647
0.000151 -0.002438 1.000000
0.318376 -1.572658 -17.780282
0.080947 -1.271215 -224.146296
0.000691 -0.003604 1.000000
0.047824 -0.859847 264.708416
-0.041395 -0.638983 -22.525461
0.000010 -0.002208 1.000000
0.039061 -1.115713 212.509479
0.061997 -1.072210 -39.147211
0.000351 -0.003130 1.000000
0.086126 -0.926031 179.524681
0.091393 -0.622479 7.065010
0.000350 -0.002498 1.000000
0.005882 -1.215952 35.292019
0.009684 -1.164222 -81.744882
0.000254 -0.003070 1.000000
-0.143352 -0.952884 245.100987
-0.178204 -0.584670 53.036686
-0.000263 -0.002157 1.000000
-0.025315 -0.553484 225.274896
-0.016704 -0.578285 25.897238
-0.000057 -0.002142 1.000000
0.081574 -1.490795 -73.555806
0.044325 -1.317143 -456.618273
0.000221 -0.002825 1.000000
-0.518552 -0.770189 793.767381
-0.465347 -0.756258 1.836961
-0.001024 -0.001472 1.000000
-0.124198 -0.834643 165.616797
-0.092640 -0.624223 -20.655193
-0.000133 -0.002330 1.000000
-0.068238 -0.764397 353.301513
-0.193535 -0.700949 -24.854183
-0.000305 -0.002294 1.000000
-0.023423 -1.561031 508.700858
0.002648 -1.505905 -154.566443
0.000284 -0.003595 1.000000
-0.103180 -0.965606 153.613311
-0.082968 -0.962592 90.703848
-0.000005 -0.002667 1.000000
0.005719 -0.461780 127.177175
0.028878 -0.759600 -9.493617
0.000144 -0.002649 1.000000
0.314442 -1.091503 196.583711
0.237356 -0.774013 -13.957270
0.001253 -0.003072 1.000000
-0.149238 -0.629643 292.421384
-0.196850 -0.975000 158.021907
-0.000028 -0.002394 1.000000
0.017783 -1.324644 467.726538
0.227340 -1.503474 -209.024030
0.000550 -0.003897 1.000000
-0.039231 -0.991167 141.053428
-0.180653 -0.665952 3.812768
-0.000004 -0.002496 1.000000
-0.015566 -0.790329 198.436615
-0.040923 -0.693748 -159.771212
0.000056 -0.002616 1.000000
0.095023 -1.029250 440.357516
0.048936 -0.909165 -180.668860
0.000192 -0.002728 1.000000
-0.133053 -0.745965 215.465872
-0.165541 -0.744332 12.825602
-0.000215 -0.002165 1.000000
0.127300 -0.923345 98.442080
0.031651 -0.859857 -98.715860
0.000342 -0.002775 1.000000
1.124383 -2.181298 -826.290552
1.080313 -1.853291 -905.166193
0.002847 -0.006699 1.000000
0.117931 -1.344855 417.550004
0.041244 -1.097972 -217.024450
0.000651 -0.003187 1.000000
0.037216 -1.536008 211.262889
0.173843 -1.037823 -293.432953
0.000143 -0.003111 1.000000
0.005164 -0.795203 205.616040
0.040726 -0.523827 -134.862121
-0.000052 -0.002310 1.000000
0.453988 -1.203443 134.275643
0.312160 -1.039090 -395.939074
0.000862 -0.003464 1.000000
0.094634 -1.175568 -40.349710
0.059449 -0.716943 -404.924967
0.000379 -0.003020 1.000000
0.063407 -1.188423 16.098640
0.127385 -0.870559 -192.372370
0.000292 -0.003049 1.000000
0.134974 -0.759445 140.334227
0.034178 -0.504766 -85.710289
0.000545 -0.002673 1.000000
0.126356 -0.693662 -14.282110
0.036322 -0.419493 -205.036658
0.000438 -0.002551 1.000000
0.204049 -1.031871 177.622131
0.221027 -0.587393 -68.012839
0.000630 -0.002551 1.000000
0.235007 -1.245645 344.221323
0.101510 -0.653379 -365.889496
0.000241 -0.002534 1.000000
-0.186370 -1.063293 447.156704
-0.055133 -0.728459 -54.805566
-0.000052 -0.002433 1.000000
-0.168533 -0.753313 563.217378
-0.038186 -0.809919 -3.097885
-0.000140 -0.002480 1.000000
0.451708 -1.597371 82.558426
0.393945 -1.190363 -289.507306
0.001070 -0.003563 1.000000
0.007281 -0.958431 578.043966
0.034488 -0.647878 -69.652538
0.000057 -0.002477 1.000000
0.067016 -0.984278 492.284415
0.133661 -0.731221 -130.401981
0.000436 -0.002766 1.000000
0.199177 -1.238877 144.049451
0.075438 -0.729431 -136.929799
0.000280 -0.002765 1.000000
0.926805 -1.918092 290.660051
0.411244 -1.092844 -435.546843
0.001611 -0.004025 1.000000
0.307805 -1.501669 505.029648
0.088331 -0.576497 -205.537249
0.000518 -0.002870 1.000000
0.004766 -1.470266 521.119353
0.041523 -0.757803 -166.920391
0.000496 -0.002919 1.000000
0.280718 -1.322870 -262.767549
0.003296 -0.406499 -530.641104
0.000287 -0.002896 1.000000
0.274342 -1.544876 723.221825
0.159768 -0.836822 -425.701627
0.000670 -0.003399 1.000000
0.646114 -2.197470 55.343307
0.790471 -1.420521 -823.155020
0.001459 -0.004706 1.000000
0.225121 -1.355454 320.987550
0.033213 -0.998294 -310.324947
-0.000060 -0.002896 1.000000
0.222142 -0.799638 -219.041951
0.130525 -0.475699 -293.218627
0.000534 -0.003083 1.000000
-0.195281 -1.431256 772.652160
-0.200513 -0.877970 -84.939807
-0.000236 -0.002403 1.000000
-0.004501 -0.663324 32.571802
0.059167 -0.336046 -74.429568
-0.000072 -0.002171 1.000000
0.628910 -1.661732 504.239970
0.226477 -0.999270 -326.172858
0.000912 -0.003778 1.000000
0.926692 -2.196877 -177.233158
0.187778 -0.604101 -603.959625
0.001929 -0.004362 1.000000
0.359171 -1.628723 330.921388
0.044801 -0.902475 -223.395897
0.000229 -0.003065 1.000000
0.745842 -1.922114 -82.560293
0.746759 -1.378354 -396.221643
0.001815 -0.004554 1.000000
0.044730 -1.106066 449.692197
0.135583 -1.083009 -260.587619
0.000363 -0.003246 1.000000
-0.134094 -0.574091 84.305380
-0.092394 -0.285778 7.333428
-0.000321 -0.001752 1.000000
0.851807 -2.715956 347.925593
0.473407 -2.280869 -480.016360
0.001413 -0.005384 1.000000
-0.113935 -0.876262 196.395587
-0.157975 -0.556521 -13.196714
-0.000272 -0.002133 1.000000
-0.072029 -0.853192 286.484946
0.021358 -0.779642 -70.495641
-0.000059 -0.002527 1.000000
0.368836 -1.361551 -277.256662
0.284515 -0.766389 -222.088407
0.000621 -0.003386 1.000000
-0.011391 -1.125722 178.294231
-0.088709 -0.781676 -146.249806
-0.000283 -0.002456 1.000000
0.364245 -1.033403 162.091073
0.180118 -0.990949 -250.699203
0.000336 -0.003274 1.000000
0.018723 -1.359706 590.822960
-0.075211 -1.207394 -49.424199
-0.000004 -0.003100 1.000000
-0.104051 -0.778565 113.685675
-0.192850 -0.630782 119.212309
-0.000315 -0.002064 1.000000
-0.074021 -1.209257 161.851960
-0.230195 -0.743767 133.611395
-0.000305 -0.002368 1.000000
-0.090384 -1.569347 286.492901
-0.197243 -1.086303 94.039015
-0.000144 -0.002860 1.000000
0.481046 -2.330395 99.175453
0.627764 -1.699835 -482.052235
0.001806 -0.005115 1.000000
0.891176 -2.062857 -221.187156
0.387573 -1.430628 -513.434132
0.001430 -0.004665 1.000000
-0.014934 -0.908505 236.191925
-0.063819 -0.759608 -27.588511
0.000315 -0.002663 1.000000
0.113152 -1.111227 -112.863500
0.096683 -1.124436 51.716185
0.000368 -0.003233 1.000000
1.388415 -3.109978 -1075.429313
0.560379 -1.689695 -1050.984672
0.002279 -0.006249 1.000000
0.181533 -0.875538 -39.953397
-0.043181 -0.432867 82.559906
0.000248 -0.002472 1.000000
-0.004291 -0.555889 60.276450
0.045283 -0.362442 16.603076
0.000273 -0.002393 1.000000
0.188672 -1.202402 44.751846
0.065519 -0.957325 5.602241
0.000291 -0.002727 1.000000
-0.216931 -1.015508 259.107493
-0.172240 -0.693266 -21.159930
-0.000219 -0.002316 1.000000
0.017688 -0.840120 64.857844
-0.033540 -0.445414 59.515697
0.000001 -0.002313 1.000000
0.328285 -1.422052 -298.453189
0.208933 -1.114299 -139.261107
0.000390 -0.003195 1.000000
0.269561 -2.185879 113.959924
0.131218 -1.628002 -49.674855
0.000383 -0.003857 1.000000
0.018736 -1.201127 31.684121
-0.180639 -0.939294 66.054072
-0.000218 -0.002686 1.000000
0.300184 -2.037421 -116.855052
0.109304 -1.485065 -72.475967
0.000365 -0.003706 1.000000
-0.145304 -1.018061 -222.566803
-0.089972 -0.575500 19.195037
-0.000107 -0.002354 1.000000
-0.150103 -0.971349 230.636975
-0.107633 -0.523830 23.935471
-0.000039 -0.002346 1.000000
0.012494 -1.121070 598.176822
-0.146226 -1.014959 98.279941
-0.000076 -0.002654 1.000000
-0.634302 -0.903780 347.020984
-0.434329 -0.561241 -358.206352
-0.000903 -0.001797 1.000000
0.545286 -1.952418 10.318415
0.234770 -1.368257 -278.131942
0.001015 -0.003872 1.000000
0.164170 -1.240794 69.981966
-0.003083 -0.977586 -44.151749
0.000148 -0.002909 1.000000
-0.021258 -1.483376 -5.635334
-0.096379 -0.865981 -154.561841
-0.000111 -0.002850 1.000000
-0.134657 -1.111060 94.912219
0.029506 -1.097810 -114.306149
-0.000058 -0.002814 1.000000
0.278315 -1.338037 -147.918870
0.056514 -1.158496 -360.860931
0.000473 -0.003514 1.000000
0.262312 -1.414672 161.375779
0.060317 -1.298798 -39.304283
0.000316 -0.003268 1.000000
0.276343 -1.396128 370.506902
-0.059409 -1.241887 -96.179263
0.000170 -0.003254 1.000000
0.239143 -2.152553 31.606743
0.208248 -1.685793 -0.855396
0.000624 -0.004221 1.000000
-0.088424 -1.315121 229.169271
-0.019113 -0.800829 -33.632007
0.000020 -0.002563 1.000000
0.231998 -1.840292 44.355570
0.187305 -1.324883 -47.979732
0.000478 -0.003793 1.000000
-0.109734 -1.022630 195.474032
-0.183079 -0.876554 159.160281
-0.000001 -0.002380 1.000000
0.357620 -2.172925 204.322586
0.263347 -1.394693 -156.222500
0.000608 -0.003844 1.000000
-0.064355 -0.877710 -159.265275
-0.121833 -0.734027 42.301841
-0.000241 -0.002310 1.000000
-0.100573 -1.017123 154.164281
-0.126461 -0.847031 100.847540
0.000012 -0.002581 1.000000
0.088549 -0.867321 -102.406719
-0.211608 -0.992174 89.485864
-0.000121 -0.002608 1.000000
-0.243380 -1.065853 156.965812
-0.159636 -0.603469 -80.231676
-0.000569 -0.002099 1.000000
0.460292 -1.729477 558.793664
0.181593 -0.937722 -52.227206
0.000725 -0.003132 1.000000
0.107103 -0.885548 102.345372
-0.026677 -0.698590 -15.011461
0.000359 -0.002645 1.000000
-0.204839 -1.620557 -116.505474
-0.101464 -1.212808 -59.889202
-0.000232 -0.003115 1.000000
0.056357 -1.742313 120.119077
0.011651 -1.538676 80.305700
0.000092 -0.003158 1.000000
0.270558 -1.715694 -230.643675
0.298315 -1.211563 -223.319397
0.001197 -0.004100 1.000000
0.175186 -1.025725 360.649944
-0.013265 -1.006452 -229.137589
-0.000094 -0.003020 1.000000
0.426920 -1.866876 91.260968
0.249930 -1.194518 -44.500062
0.000474 -0.003482 1.000000
0.557598 -1.526070 -159.337787
0.642439 -1.281367 -491.582362
0.001784 -0.004381 1.000000
0.567221 -3.014513 233.749385
0.506570 -1.839212 -181.455680
0.001387 -0.004746 1.000000
0.138202 -2.151685 419.718550
0.207151 -1.387237 -288.122190
0.000899 -0.003812 1.000000
0.216264 -2.250758 564.686079
0.162150 -1.302632 -87.197611
0.000463 -0.003416 1.000000
0.199384 -1.716773 230.908547
0.357893 -1.029501 -156.261612
0.000991 -0.003358 1.000000
0.517562 -1.938593 150.663397
0.431946 -1.090092 -462.996833
0.001205 -0.003829 1.000000
0.484702 -2.690149 323.902613
0.479709 -1.572226 -255.344455
0.001025 -0.004293 1.000000
0.165640 -1.868184 252.120982
0.242622 -1.699143 -50.787573
0.000507 -0.003750 1.000000
0.411499 -1.948961 250.194116
0.828056 -1.451184 -373.246760
0.001886 -0.004441 1.000000
0.457981 -1.701310 172.896403
0.336064 -1.417260 -66.084051
0.000956 -0.003582 1.000000
-0.280242 -1.168545 440.585041
-0.146916 -0.775490 33.910808
-0.000389 -0.002082 1.000000
0.318037 -1.783635 640.254652
0.216036 -1.083865 -496.253682
0.000533 -0.003560 1.000000
-0.105688 -1.244504 332.299027
-0.127561 -0.983891 4.996663
-0.000245 -0.002403 1.000000
0.096593 -1.734775 268.718295
-0.013529 -1.188804 4.375821
0.000306 -0.003114 1.000000
0.960204 -3.314298 -192.899212
0.957368 -2.387654 -595.831142
0.001988 -0.006222 1.000000
-0.003840 -1.526235 340.257006
0.003490 -0.887568 -36.323192
-0.000099 -0.002626 1.000000
0.089694 -1.161815 209.080028
0.012913 -0.702703 86.218332
0.000123 -0.002383 1.000000
0.147208 -1.526663 531.413251
0.233373 -0.834982 -274.034120
0.000342 -0.002851 1.000000
0.599358 -2.124708 28.537211
0.287102 -0.895747 -182.795022
0.001445 -0.003979 1.000000
0.371510 -1.549783 612.882626
0.194900 -0.838127 -750.274561
0.000699 -0.003063 1.000000
-0.020886 -1.676397 1102.014038
-0.092852 -0.638460 30.392163
-0.000054 -0.002388 1.000000
-0.152083 -1.173010 763.413529
-0.040713 -0.430332 -132.626664
-0.000300 -0.002336 1.000000
-0.303682 -1.289817 838.133453
-0.163641 -0.756818 24.248367
-0.000287 -0.002328 1.000000
0.159338 -1.582935 618.984464
0.054039 -0.784497 -218.091365
0.000054 -0.002655 1.000000
0.259595 -1.598310 831.012108
-0.071637 -0.627329 89.736763
0.000117 -0.002356 1.000000
-0.287558 -0.864887 524.200861
-0.268055 -0.745844 6.712684
-0.000538 -0.001923 1.000000
0.281935 -1.391077 467.328918
-0.043024 -0.845747 -135.617676
0.000312 -0.002879 1.000000
0.465039 -1.813378 575.029099
0.087069 -1.119973 -353.368458
0.000818 -0.003734 1.000000
0.188032 -1.916877 -267.422116
0.088738 -0.905217 -110.438241
0.000442 -0.003157 1.000000
-0.012253 -1.265767 17.184840
0.015958 -0.858994 106.386300
0.000049 -0.002610 1.000000
0.031973 -1.624219 108.347323
0.060469 -0.918976 -28.394050
0.000109 -0.002782 1.000000
-0.134597 -1.088776 523.700390
-0.051031 -0.439899 -111.752663
-0.000412 -0.001963 1.000000
-0.109598 -1.569153 774.623815
-0.027316 -0.608033 -129.846911
-0.000228 -0.002435 1.000000
-0.262088 -1.676573 685.516074
-0.062417 -0.655978 -183.999349
-0.000353 -0.002533 1.000000
1.739349 -3.085170 896.021738
0.683066 -1.273272 -483.610798
0.001844 -0.004948 1.000000
-0.292859 -1.453896 1109.348459
-0.189621 -0.390771 134.774463
-0.000526 -0.002015 1.000000
0.304661 -1.512053 210.635237
0.154115 -1.244820 -325.307881
0.000574 -0.003949 1.000000
1.831469 -3.417600 1836.218585
0.735328 -1.222562 48.887864
0.002698 -0.004982 1.000000
-0.092134 -1.398488 923.907152
-0.101375 -0.523493 87.023676
-0.000158 -0.002014 1.000000
0.116819 -1.876307 255.790841
0.075262 -1.465456 44.203412
0.000039 -0.003227 1.000000
0.124079 -1.137295 422.923853
0.133649 -0.773835 -60.313339
0.000324 -0.002592 1.000000
0.303209 -1.386519 475.562426
0.093832 -0.886418 -330.534842
0.000694 -0.003448 1.000000
-0.248545 -1.017653 60.714882
-0.311461 -0.713440 202.734416
-0.000612 -0.002033 1.000000
0.043728 -1.080523 271.404060
-0.019670 -1.031305 73.089724
-0.000051 -0.002703 1.000000
-0.300650 -0.596149 269.078907
-0.283671 -0.840935 216.353681
-0.000571 -0.001958 1.000000
-0.157529 -0.501258 142.303649
-0.148144 -0.510710 22.641498
-0.000468 -0.001899 1.000000
3.452852 -5.375199 -6698.648133
3.245487 -6.940646 1292.620525
0.007333 -0.012090 1.000000
0.004296 -1.149760 73.278887
0.120868 -1.110148 89.010595
0.000374 -0.003125 1.000000
0.109474 -1.293148 541.258513
0.030065 -0.886027 -208.254023
0.000502 -0.003105 1.000000
-0.041809 -0.833488 194.086064
-0.140950 -1.009228 96.160019
-0.000013 -0.002595 1.000000
0.368070 -1.516830 322.647708
0.334979 -1.401046 140.785834
0.000787 -0.003226 1.000000
0.110735 -3.441781 584.026730
0.098307 -2.943370 208.013509
0.000332 -0.005059 1.000000
0.244884 -0.982554 -269.529670
0.133372 -1.065192 -205.514425
0.000532 -0.003422 1.000000
-0.034317 -0.576912 -72.534096
-0.146298 -0.716378 62.602973
-0.000325 -0.002221 1.000000
-0.132713 -1.041045 235.693942
0.007965 -0.899077 -32.407251
0.000017 -0.002697 1.000000
-0.344709 -0.593213 242.515843
-0.244985 -0.604454 118.335896
-0.000546 -0.001703 1.000000
-0.145742 -1.042890 530.670994
-0.051755 -0.734072 -114.671270
-0.000322 -0.002229 1.000000
0.026842 -0.831279 -52.104734
-0.037276 -0.671083 -34.870653
0.000004 -0.002542 1.000000
-0.373146 -0.784918 156.005687
-0.221732 -0.509636 -72.766015
-0.000667 -0.001904 1.000000
0.150596 -1.438845 239.674836
0.165696 -1.248912 -273.875041
0.000476 -0.003723 1.000000
-0.095468 -0.994662 272.237172
-0.012738 -1.094268 -26.335020
0.000065 -0.002797 1.000000
-0.201365 -0.844321 200.141094
-0.084795 -0.846160 23.298221
-0.000068 -0.002661 1.000000
0.151448 -1.272184 526.797329
-0.097566 -1.155797 11.534949
-0.000090 -0.002867 1.000000
0.491625 -2.096616 101.665192
0.327036 -1.339961 -164.227889
0.001402 -0.004306 1.000000
0.167820 -1.244023 -132.404676
0.140389 -0.896241 -149.914991
0.000237 -0.002996 1.000000
-0.280389 -1.140581 98.795449
-0.251897 -0.829905 -31.472463
-0.000497 -0.002591 1.000000
0.056213 -1.256499 135.131233
-0.101286 -1.112659 66.221973
-0.000135 -0.002909 1.000000
0.143065 -1.185289 17.863442
0.102773 -1.135338 -125.405991
0.000854 -0.003486 1.000000
0.081061 -1.146494 338.660079
-0.001120 -1.048152 -12.792101
0.000000 -0.002827 1.000000
0.949520 -2.985448 -2129.734046
0.898757 -3.154383 713.117168
0.002727 -0.006661 1.000000
-0.075049 -1.081804 1144.015168
-0.022285 -1.198260 -96.325868
-0.000111 -0.002497 1.000000
-0.062769 -1.173862 33.071521
-0.030290 -0.827760 -76.240312
0.000118 -0.002879 1.000000
0.035122 -1.607016 81.612188
0.047735 -1.014466 -13.118281
0.000228 -0.003031 1.000000
-0.262045 -1.224798 239.612212
0.117113 -0.895875 -110.989769
0.000525 -0.003168 1.000000
-0.585429 -0.881398 1391.299513
-0.472206 -0.920980 -337.411311
-0.000894 -0.001946 1.000000
-1.528905 0.178121 1634.810607
-1.326701 0.469410 -275.798192
-0.002954 0.000617 1.000000
-0.073225 -1.366518 1616.720985
0.092891 -1.462653 -82.414050
0.000129 -0.002939 1.000000
-0.504733 -1.236696 1035.486209
-0.181923 -0.619143 -14.940087
-0.000745 -0.001753 1.000000
-0.304689 -0.821812 -764.147153
-0.027191 -1.204857 -51.821109
-0.000247 -0.002471 1.000000
0.430093 -1.977705 -387.549444
0.493660 -1.516691 -278.659296
0.001011 -0.004106 1.000000
-0.382792 -0.884155 -414.468800
-0.273058 -0.738140 614.828185
-0.000673 -0.001627 1.000000
-0.457010 -0.802578 932.094598
-0.291469 -0.578113 127.861050
-0.000700 -0.001696 1.000000
0.033687 -2.173728 1054.238918
0.016065 -0.828725 -40.359832
0.000128 -0.002971 1.000000
-0.497369 -0.919788 1400.619468
-0.559142 -0.790319 2.268634
-0.000985 -0.001616 1.000000
0.122973 -1.672246 1028.019950
-0.066880 -0.643922 41.473020
0.000173 -0.002485 1.000000
-0.033558 -1.826058 999.890072
-0.207184 -0.704275 101.833241
-0.000156 -0.002487 1.000000
0.327648 -2.137234 725.076519
0.268453 -1.164507 -543.733510
0.000489 -0.003503 1.000000
0.600881 -2.523766 1022.899003
0.198792 -0.643407 -246.864476
0.000802 -0.003328 1.000000
0.349873 -2.177304 1228.198920
0.292715 -0.707921 -113.163021
0.000546 -0.002877 1.000000
-0.026257 -2.173840 1609.195138
0.216469 -1.166954 -198.413729
0.000135 -0.003086 1.000000
-1.323836 -0.294520 3080.299594
-0.689793 -0.003330 684.620209
-0.002112 -0.000199 1.000000
-0.042585 -0.875313 -25.265009
-0.166428 -0.554097 5.080829
-0.000519 -0.001925 1.000000
-2.814338 2.123605 -699.364867
-1.980927 1.412088 -1083.329605
-0.004603 0.002861 1.000000
-1.694165 0.740004 -2466.481355
-1.345339 0.586009 -321.803595
-0.002874 0.000527 1.000000
0.729776 -2.519283 1284.294585
0.380849 -1.424069 -137.734306
0.000980 -0.003787 1.000000
0.183237 -1.709459 753.965583
-0.084515 -0.604813 -103.899548
-0.000054 -0.002556 1.000000
1.126174 -3.205205 776.340651
0.483339 -1.269016 -476.510717
0.001163 -0.004021 1.000000
-0.096201 -1.604511 2350.709032
-0.067626 -0.563375 -1675.352246
-0.000053 -0.002356 1.000000
-3.329186 2.739222 -971.853145
-2.417788 1.862062 -1714.948438
-0.006821 0.005514 1.000000
-0.878211 -0.391913 -499.995864
-0.791539 -0.203128 -453.378467
-0.001888 -0.000591 1.000000
0.716500 -2.159297 1189.374677
0.081930 -0.833149 -177.690591
0.000892 -0.003640 1.000000
-0.608146 -0.699936 270.110100
-0.481907 -0.726605 1195.388961
-0.001252 -0.001262 1.000000
-0.099952 -1.282902 835.278705
-0.078307 -0.713283 -131.801489
-0.000081 -0.002669 1.000000
0.188266 -1.669926 637.243327
0.048672 -0.974527 -23.257466
-0.000069 -0.002384 1.000000
-0.123969 -0.866446 263.382358
-0.003896 -0.474786 49.032960
-0.000255 -0.002022 1.000000
0.667258 -2.489826 1077.891060
0.221101 -0.579797 -97.917750
0.000779 -0.003087 1.000000
0.773500 -2.284082 1045.376937
0.349258 -0.912059 -102.159178
0.000977 -0.003299 1.000000
-0.474035 -1.268257 220.104822
-0.145595 -0.795458 -225.021657
-0.000662 -0.002287 1.000000
-0.046741 -1.303561 795.771717
-0.098689 -0.681108 50.544181
-0.000183 -0.002229 1.000000
0.191578 -1.466428 824.171034
-0.041091 -1.068174 122.661734
0.000201 -0.002987 1.000000
-0.392882 -1.184982 809.139666
-0.336546 -0.662526 100.429856
-0.000583 -0.002001 1.000000
-0.160194 -1.481871 687.834675
-0.225066 -1.005977 -32.827389
-0.000185 -0.002941 1.000000
0.310072 -1.845266 746.437406
0.095390 -0.953724 -99.859945
0.000349 -0.002936 1.000000
0.584189 -1.889291 818.087227
0.164747 -0.731135 -19.501903
0.000841 -0.002977 1.000000
0.884681 -2.399156 855.116863
0.100519 -0.405124 -179.229271
0.000944 -0.003122 1.000000
-0.063324 -1.547339 652.243473
-0.050784 -0.689194 -92.267547
-0.000181 -0.002311 1.000000
0.535172 -1.939409 699.427027
0.068535 -0.460684 -96.112939
0.000699 -0.003072 1.000000
-1.375917 0.704275 -404.043553
-0.923210 -0.230163 402.679061
-0.002668 0.000164 1.000000
-0.313089 -0.898419 78.814272
-0.265138 -0.771559 86.967980
-0.000659 -0.001809 1.000000
1.158666 -1.916074 503.160061
0.132905 -0.157147 -114.410038
0.000937 -0.002934 1.000000
0.607037 -2.453965 742.501120
0.161372 -1.001262 -220.833081
0.000415 -0.003126 1.000000
-0.301745 -1.355742 1108.419869
-0.105451 -0.419782 71.231868
-0.000458 -0.001779 1.000000
0.241743 -1.158012 106.789914
0.098917 -0.329749 -323.327216
0.000407 -0.002617 1.000000
-0.202645 -1.235596 628.785174
-0.099659 -0.866032 89.500265
-0.000213 -0.002212 1.000000
0.028338 -1.421653 745.294497
-0.080675 -1.021630 57.779379
0.000067 -0.002793 1.000000
0.373052 -1.900538 608.661286
0.003395 -0.867906 -9.374817
0.000482 -0.003017 1.000000
0.611635 -2.007896 599.373244
0.291511 -1.466024 -116.123034
0.000739 -0.003749 1.000000
0.050408 -0.534727 211.364773
-0.210886 -0.270062 192.961789
-0.000543 -0.001326 1.000000
0.693360 -1.677131 499.982122
0.194939 -0.896314 50.208224
0.000635 -0.002976 1.000000
0.469177 -2.003563 700.048945
0.296155 -1.680516 -4.008965
0.000906 -0.004210 1.000000
0.449002 -0.250677 165.747551
-0.153529 0.617483 72.162847
-0.000470 -0.000248 1.000000
0.555402 -0.416714 179.302544
-0.235228 0.787867 169.801240
-0.000513 -0.000035 1.000000
0.346473 -1.855818 639.708309
0.122215 -1.265977 -5.526988
0.000556 -0.003502 1.000000
1.000000 -0.000000 -0.000000
0.000000 1.000000 0.000000
0.000000 -0.000000 1.000000
1.260533 -0.338217 31.546090
0.131873 1.041538 9.072648
0.000353 -0.000338 1.000000
4.156008 -1.116305 -167.026349
1.209600 2.547194 -305.319623
0.002699 0.000175 1.000000
2.654537 -0.610007 -94.261030
0.697331 1.178424 -86.272816
0.001651 -0.000694 1.000000
3.113700 -0.304205 -293.780840
1.062875 1.378952 -271.682573
0.002371 -0.001006 1.000000
0.132434 -1.829938 1137.130453
0.025437 -0.461115 74.301120
0.000146 -0.002420 1.000000
-0.182065 -1.062598 497.937068
0.030164 -0.194521 -198.627688
-0.000317 -0.001845 1.000000
1.018751 -2.031004 857.150328
0.197087 -0.179019 -106.230165
0.001142 -0.002631 1.000000
0.213430 -1.804546 295.209358
-0.034927 -1.019117 33.536175
0.000133 -0.003092 1.000000
-0.073745 -1.297296 397.136882
-0.111485 -0.683771 -60.621425
-0.000211 -0.002419 1.000000
0.424399 -1.899085 677.734577
-0.033611 -0.792844 -59.079147
0.000376 -0.003205 1.000000
0.137897 -0.746620 221.890768
0.011250 -1.181307 108.519620
0.000029 -0.002567 1.000000
0.060435 -1.130169 373.627781
-0.197663 -1.300144 117.623510
-0.000245 -0.002823 1.000000
0.856397 -2.601304 485.149653
0.699349 -2.233357 -156.120614
0.001584 -0.004939 1.000000
-0.018137 -1.682693 501.661749
-0.085800 -1.728841 131.709110
0.000117 -0.003469 1.000000
0.272519 -1.823882 509.436842
0.135375 -1.763523 -31.525593
0.000294 -0.003597 1.000000
-0.136985 -1.016008 346.764448
0.040103 -0.396982 -40.968150
-0.000014 -0.002141 1.000000
-0.139222 -0.956093 499.122042
-0.044922 -0.824576 4.701229
-0.000046 -0.002562 1.000000
0.580169 -1.598595 22.562509
0.497719 -1.381859 -444.827228
0.001393 -0.004281 1.000000
0.062631 -1.177460 493.089931
-0.235455 -0.758320 66.746455
-0.000175 -0.002223 1.000000
0.566832 -1.951865 618.785565
0.265015 -1.347084 36.011119
0.000533 -0.003227 1.000000
-0.151403 -1.408455 281.996822
-0.129405 -1.033137 26.670050
-0.000125 -0.002996 1.000000
-0.248300 -1.466738 619.454435
-0.259473 -0.997017 86.562120
-0.000355 -0.002453 1.000000
-0.095560 -1.120710 344.985119
-0.161902 -0.863243 -1.655067
-0.000123 -0.002492 1.000000
0.127817 -1.825629 680.335005
0.096848 -1.180689 -136.937836
0.000495 -0.003492 1.000000
-0.075911 -1.069555 341.617667
-0.038081 -0.741362 -67.924985
-0.000007 -0.002431 1.000000
-0.052216 -1.259850 317.018982
-0.072919 -0.711856 -19.080227
0.000188 -0.002572 1.000000
-0.147754 -1.031852 592.135567
-0.115960 -0.492151 -67.645383
-0.000061 -0.002172 1.000000
0.110053 -0.766092 178.762807
-0.109262 -0.703121 -150.726685
-0.000316 -0.002254 1.000000
1.998361 0.143863 -203.388829
0.717138 1.335677 -287.469944
0.000735 -0.000045 1.000000
0.030786 -2.113903 368.475745
0.104660 -1.634187 1.187297
0.000211 -0.003643 1.000000
-0.059988 -1.059956 622.214288
-0.069411 -0.553883 64.187713
-0.000172 -0.001911 1.000000
