-0.299155 -0.919565 533.945169
-0.108270 -0.285267 -47.021761
-0.000390 -0.001706 1.000000
-0.048001 -0.296990 158.681847
-0.069886 -0.296050 33.287132
-0.000398 -0.001551 1.000000
-0.097415 -0.656017 130.439372
0.007906 -0.488231 80.633825
-0.000083 -0.002091 1.000000
-0.008269 -0.330207 58.350591
-0.043985 -0.361417 123.152256
-0.000279 -0.001795 1.000000
-0.111106 -0.629989 182.600387
-0.073927 -0.600192 -2.274128
-0.000249 -0.002021 1.000000
0.007298 -0.989309 110.211571
-0.014338 -0.675667 37.946191
0.000147 -0.002647 1.000000
-0.070792 -0.623779 67.055265
-0.137086 -0.480873 63.897450
-0.000216 -0.002149 1.000000
-0.066015 -0.433522 7.059950
-0.111718 -0.377500 27.994672
-0.000423 -0.001754 1.000000
-0.099499 -0.620906 136.658725
-0.066884 -0.639809 86.468137
-0.000280 -0.001937 1.000000
-0.348361 -1.014291 798.400672
-0.128853 -0.330840 -24.438781
-0.000505 -0.001691 1.000000
-0.067981 -1.071676 502.383168
-0.080718 -0.366340 -53.154980
-0.000059 -0.002190 1.000000
-0.034048 -0.453330 14.648593
-0.075869 -0.291503 26.696727
-0.000168 -0.002032 1.000000
0.022960 -0.766749 534.385860
-0.015056 -0.471842 -158.372007
-0.000189 -0.002337 1.000000
0.057262 -0.853827 157.780973
0.005827 -0.552624 -185.370129
-0.000035 -0.002164 1.000000
-0.009585 -0.858841 387.222669
-0.084981 -0.620274 18.946874
-0.000278 -0.001826 1.000000
-0.065751 -0.552428 143.747677
-0.098181 -0.463956 102.198547
-0.000302 -0.001767 1.000000
-0.023344 -0.662791 142.597756
-0.015844 -0.542117 -28.537238
-0.000193 -0.002193 1.000000
-0.097394 -0.640935 154.231255
-0.061777 -0.484410 3.162717
-0.000214 -0.002058 1.000000
-0.065784 -0.996088 243.616177
-0.008112 -0.372755 -94.663156
-0.000248 -0.002005 1.000000
-0.011660 -0.754739 227.519909
-0.066849 -0.497991 34.033804
-0.000068 -0.002172 1.000000
0.026353 -0.899786 295.747833
0.059238 -0.661632 36.723430
0.000182 -0.002375 1.000000
-33.410912 56.656481 12.661255
-29.905458 39.646670 35881.462448
-0.086309 0.110711 1.000000
-5.729044 8.360525 -16620.766877
-9.438637 5.501709 -3948.339374
-0.016680 0.016274 1.000000
-0.125833 -0.571049 176.830648
-0.027743 -0.315826 -23.859372
-0.000443 -0.001677 1.000000
-0.100772 -0.606062 240.816965
-0.220543 -0.451914 44.600579
-0.000485 -0.001833 1.000000
-0.121766 -0.805845 283.676591
-0.172310 -0.619558 35.525331
-0.000254 -0.002226 1.000000
-0.229789 -0.811134 210.490155
-0.126827 -0.620868 118.919868
-0.000383 -0.001987 1.000000
-0.139978 -0.866223 245.841206
-0.165083 -0.672982 147.046789
-0.000365 -0.001907 1.000000
0.129333 -0.670664 94.147958
0.034035 -0.606710 26.360422
0.000106 -0.002361 1.000000
-0.211683 -0.704323 368.209925
-0.070299 -0.515477 -0.248812
-0.000241 -0.001825 1.000000
-0.114484 -0.590091 158.990823
-0.114490 -0.658296 124.024972
-0.000388 -0.002046 1.000000
-0.309908 -0.802951 280.359425
-0.193502 -0.441327 26.844280
-0.000657 -0.001685 1.000000
0.086326 -0.879533 157.472054
-0.116490 -0.675544 -82.948310
-0.000052 -0.002617 1.000000
-0.019630 -0.766301 323.961000
-0.153658 -0.525793 -22.094833
-0.000595 -0.001815 1.000000
-0.006039 -0.343522 52.894812
-0.144408 -0.652285 168.121759
-0.000345 -0.001854 1.000000
-0.013368 -0.686605 304.701422
-0.109574 -0.572557 51.428744
-0.000283 -0.001994 1.000000
-0.121547 -0.629953 128.736439
-0.195096 -0.421173 136.879857
-0.000450 -0.001674 1.000000
-0.064743 -0.432477 142.915234
-0.039879 -0.270602 -38.408638
-0.000368 -0.001640 1.000000
-0.014758 -0.790485 140.114605
0.017257 -0.474140 -9.664363
-0.000108 -0.002115 1.000000
-0.054607 -0.721491 100.870743
-0.053088 -0.558114 50.158898
-0.000139 -0.002136 1.000000
0.504530 -1.485856 -118.641805
0.115998 -0.837902 -279.241528
0.000359 -0.003103 1.000000
0.003613 -0.478547 51.463406
-0.029683 -0.279525 25.574112
0.000001 -0.001950 1.000000
-0.091765 -0.657510 224.115554
-0.029215 -0.333491 -16.963613
-0.000266 -0.001724 1.000000
0.035243 -0.512667 171.396850
0.038964 -0.283784 -46.916000
0.000096 -0.002125 1.000000
-0.068778 -0.559228 257.105624
-0.033854 -0.186845 -30.994861
-0.000085 -0.001906 1.000000
-0.025710 -0.991877 441.680882
0.039244 -0.461281 -15.977540
0.000010 -0.002208 1.000000
0.238523 -1.098733 177.374485
0.095124 -0.669830 -54.103920
0.000183 -0.002442 1.000000
0.239482 -1.172253 141.397779
0.159493 -0.745690 -194.774722
0.000154 -0.002773 1.000000
0.110351 -0.744121 303.979522
-0.012781 -0.353386 -14.199160
-0.000268 -0.001846 1.000000
0.181932 -1.082440 171.200595
0.092108 -0.780228 -78.583982
-0.000024 -0.002706 1.000000
0.155406 -0.664602 206.352209
-0.042511 -0.391301 23.021018
-0.000311 -0.001916 1.000000
0.213729 -1.164947 357.778603
0.178378 -0.465821 -117.075756
0.000066 -0.002233 1.000000
0.097663 -0.850237 85.808425
0.108625 -0.453599 -186.881012
-0.000071 -0.002389 1.000000
0.016932 -0.648095 197.298925
0.007839 -0.323171 -24.517083
-0.000240 -0.001841 1.000000
0.100397 -1.324609 494.420340
0.158226 -0.683576 -87.763562
0.000155 -0.002491 1.000000
0.120063 -1.031743 310.556034
0.036508 -0.694136 -83.029480
-0.000212 -0.002447 1.000000
0.026707 -1.057136 418.496399
-0.021940 -0.486356 -20.244952
-0.000134 -0.002214 1.000000
-0.109624 -1.782702 831.794615
0.004392 -0.837739 -11.903653
0.000010 -0.002528 1.000000
0.007496 -0.718198 224.019082
0.051863 -0.560581 34.755586
0.000089 -0.002104 1.000000
-0.106271 -0.969174 512.312029
0.013781 -0.468389 -0.069387
-0.000239 -0.001898 1.000000
0.017675 -0.516924 135.940056
0.021991 -0.206310 -5.608677
-0.000143 -0.001641 1.000000
0.070372 -0.963281 220.454513
0.066311 -0.608452 12.363635
-0.000026 -0.002223 1.000000
0.028863 -0.283567 104.768280
0.029395 -0.156134 7.874564
-0.000019 -0.001666 1.000000
0.049831 -1.029115 343.328956
-0.129251 -0.647748 1.465346
-0.000245 -0.002043 1.000000
0.112638 -0.913140 189.064590
-0.026662 -0.524324 -14.091355
-0.000286 -0.002013 1.000000
0.145608 -1.369220 366.650898
-0.089724 -0.922372 96.254136
-0.000239 -0.002444 1.000000
0.037452 -0.795644 264.011534
0.000262 -0.511069 11.699130
-0.000187 -0.001928 1.000000
-0.007060 -0.962319 388.633037
0.038998 -0.462817 -13.966735
-0.000108 -0.002007 1.000000
0.114675 -1.384606 197.788580
-0.019231 -0.884811 65.223764
0.000151 -0.002608 1.000000
-0.028268 -0.904940 350.555308
0.019430 -0.484013 13.164187
-0.000213 -0.001993 1.000000
0.036389 -1.593049 478.437086
-0.054275 -0.991196 87.201703
-0.000003 -0.002634 1.000000
-0.077134 -1.020918 528.421756
0.055842 -0.429472 22.456810
0.000030 -0.001958 1.000000
0.062522 -0.344942 39.761606
-0.072851 -0.315425 59.158942
-0.000380 -0.001539 1.000000
-0.196250 -1.013635 621.992977
-0.046690 -0.489189 -71.286562
-0.000369 -0.001829 1.000000
0.211735 -1.082315 316.550386
-0.067792 -0.637413 0.793162
-0.000093 -0.002369 1.000000
0.118331 -1.003800 209.976283
-0.063163 -0.841321 -21.283822
-0.000337 -0.002465 1.000000
-0.056845 -0.308721 165.325556
0.025535 -0.257748 54.015853
-0.000102 -0.001606 1.000000
-0.108001 -0.442599 259.530203
-0.069356 -0.223942 78.502417
-0.000368 -0.001357 1.000000
-0.084528 -0.911671 366.001114
-0.045444 -0.651285 76.354570
-0.000247 -0.002102 1.000000
-0.089976 -0.793241 446.288669
-0.126883 -0.287816 107.191324
-0.000224 -0.001474 1.000000
-0.130148 -1.257057 641.186473
-0.109471 -0.585577 126.920817
-0.000180 -0.001838 1.000000
1.120266 1.010600 -183.800815
-0.011788 2.078322 -368.490191
0.000073 0.000803 1.000000
0.964962 0.475442 2.482177
-0.027726 1.644751 -228.864645
0.000061 0.000212 1.000000
2.090709 -0.834932 -53.409458
0.554443 1.449369 -511.151713
0.001151 -0.001203 1.000000
-0.090155 -0.202716 180.292031
-0.035504 -0.068648 39.693312
-0.000371 -0.001215 1.000000
-0.018032 -0.303498 165.015541
-0.138013 -0.103453 87.266821
-0.000507 -0.001167 1.000000
1.574042 -0.264272 -164.739761
0.215704 1.462521 -332.910240
0.000463 -0.000671 1.000000
0.608553 -0.325820 88.779023
-0.162842 0.766415 7.114821
-0.000360 -0.000565 1.000000
-0.056671 -0.221401 139.805667
-0.147198 -0.126673 110.318180
-0.000482 -0.001143 1.000000
1.664572 0.633222 -334.456794
0.236650 2.009739 -399.230938
0.000408 0.000582 1.000000
1.099007 -0.330846 77.481140
0.110443 0.796986 -28.012604
0.000251 -0.000510 1.000000
0.890909 0.394134 -71.170037
-0.098349 1.334991 -116.487178
-0.000281 0.000495 1.000000
0.907412 0.351041 -48.029023
-0.066221 1.319933 -104.071249
-0.000205 0.000385 1.000000
-0.111183 -0.532236 232.272476
-0.146107 -0.313400 101.735618
-0.000351 -0.001440 1.000000
-0.035841 -0.387013 159.181762
-0.041977 -0.223093 27.879764
-0.000183 -0.001576 1.000000
-0.054513 -1.385660 498.637323
-0.075317 -1.276967 194.216151
-0.000107 -0.002761 1.000000
-0.067540 -0.929436 332.839522
0.002857 -0.559812 -24.809283
-0.000043 -0.002014 1.000000
-0.058590 -1.002737 418.317682
-0.065113 -0.893284 181.219343
-0.000207 -0.002104 1.000000
-0.400052 -1.450811 600.140901
-0.236714 -1.245232 307.397599
-0.000458 -0.002415 1.000000
1.498089 0.370089 -205.703929
0.140003 1.603998 -259.109049
0.000278 0.000441 1.000000
1.000000 0.000000 -0.000000
0.000000 1.000000 0.000000
0.000000 0.000000 1.000000
-0.110469 -1.221709 498.164589
-0.059935 -0.794328 92.295574
-0.000150 -0.002171 1.000000
-0.058033 -1.331513 560.342882
-0.030585 -0.936199 116.626469
-0.000099 -0.002270 1.000000
-1.193918 -2.684884 1013.728484
-0.595096 -3.120960 813.750746
-0.000749 -0.003858 1.000000
0.169124 -0.991415 431.583401
-0.104015 -0.270261 145.398128
-0.000064 -0.001592 1.000000
0.073292 -0.854125 165.094521
-0.044465 -0.657031 38.965472
-0.000240 -0.002174 1.000000
-0.154528 -0.960135 261.917716
-0.210784 -0.784523 174.950243
-0.000515 -0.002189 1.000000
1.376038 0.772464 -200.573433
0.100863 2.386975 -412.168961
0.000318 0.000926 1.000000
1.131028 0.168334 -4.352297
0.174764 1.503254 -234.637798
0.000361 -0.000077 1.000000
0.464843 0.307336 86.157025
-0.260927 1.264235 -95.444460
-0.000665 0.000459 1.000000
-1.048719 -2.843660 969.178568
-0.127059 -2.620200 512.409861
-0.000351 -0.004288 1.000000
-0.182991 -1.355019 471.874657
-0.005999 -1.190230 180.045493
-0.000074 -0.002567 1.000000
3.019081 2.379322 -1035.734921
0.462537 3.996196 -1100.937116
0.000620 0.003092 1.000000
-0.116463 -1.004432 508.932195
-0.050616 -0.444327 11.699070
-0.000249 -0.001769 1.000000
0.053931 -1.144385 254.857270
-0.100449 -0.697927 100.851067
-0.000255 -0.002162 1.000000
-0.286578 -1.042222 432.334470
-0.215489 -1.036572 318.036295
-0.000466 -0.002045 1.000000
-0.274571 -1.111590 513.452819
-0.169906 -0.962886 230.653166
-0.000400 -0.002158 1.000000
-0.307569 -1.453187 687.215264
-0.147870 -1.159193 211.869468
-0.000284 -0.002309 1.000000
-0.125348 -1.279131 526.671282
-0.049859 -0.758727 32.950067
-0.000063 -0.002321 1.000000
0.111306 -1.403399 340.519978
-0.048211 -1.099530 60.950418
-0.000051 -0.002637 1.000000
0.207849 -1.607871 410.857093
-0.137966 -1.037262 130.928552
0.000018 -0.002741 1.000000
-0.134812 -0.921505 392.151743
-0.113674 -0.487892 -0.935008
-0.000353 -0.001818 1.000000
0.263164 -1.607918 634.698626
0.010923 -0.868921 -67.846495
0.000203 -0.002667 1.000000
-0.061407 -1.073341 312.607694
-0.098323 -0.667779 3.136419
-0.000161 -0.002289 1.000000
-0.190013 -1.332690 762.188554
-0.158735 -0.565414 76.857047
-0.000257 -0.002068 1.000000
-0.211669 -0.926037 381.195250
-0.202706 -0.554664 49.725845
-0.000434 -0.001937 1.000000
-0.305642 -1.190520 528.523425
-0.331001 -0.828715 248.310429
-0.000351 -0.002072 1.000000
-0.273434 -1.580534 593.069136
-0.236777 -1.420093 344.073076
-0.000275 -0.002596 1.000000
0.422528 -2.155594 430.770844
0.020492 -1.363053 95.625627
0.000397 -0.003403 1.000000
-0.231591 -0.919702 529.870747
-0.238700 -0.638490 136.934944
-0.000485 -0.001918 1.000000
-0.160010 -0.854922 283.557297
-0.159528 -0.725317 49.085136
-0.000250 -0.002122 1.000000
0.049495 -1.251488 372.373486
0.137027 -0.999363 -174.820106
0.000313 -0.002951 1.000000
-0.007650 -0.784649 188.489235
-0.066232 -0.643188 86.885227
-0.000285 -0.001900 1.000000
-0.272641 -1.601986 665.983318
-0.178343 -0.968014 130.135334
-0.000334 -0.002350 1.000000
-0.404223 -1.269532 672.345379
-0.339037 -0.695831 337.698636
-0.000438 -0.001739 1.000000
-21.187074 -27.318547 11568.008051
-2.040690 -40.008905 6773.791594
-0.003780 -0.040441 1.000000
1.184932 0.283777 -98.132094
-0.053767 1.633988 -185.504151
-0.000051 0.000521 1.000000
1.196099 1.128413 -319.729913
-0.324962 2.528665 -296.864046
-0.000665 0.002054 1.000000
-0.183796 -1.310330 493.698991
-0.153888 -0.607544 51.978219
-0.000316 -0.002229 1.000000
-0.526983 -0.832539 988.515763
-0.221658 -0.273463 89.741573
-0.000713 -0.001278 1.000000
-0.268640 -1.532089 1015.194071
0.008687 -0.102138 -11.133293
-0.000295 -0.001636 1.000000
-0.095079 -0.999228 464.335076
-0.061569 -0.577181 -123.315197
-0.000509 -0.002016 1.000000
-0.395110 -0.902960 655.572779
-0.155701 -0.380905 -29.870689
-0.000558 -0.001573 1.000000
-0.035255 -1.311981 1106.011338
-0.135998 -1.059701 -85.491084
0.000126 -0.002897 1.000000
-0.293813 -1.445133 976.412818
-0.089124 -0.423345 94.191619
-0.000398 -0.001739 1.000000
-0.006623 -0.491502 151.205406
-0.059702 -0.407825 -18.231493
-0.000193 -0.001879 1.000000
-0.065289 -0.564143 203.599483
-0.083260 -0.596875 60.757643
-0.000288 -0.001890 1.000000
0.223573 -1.924460 242.858521
0.212768 -1.362831 -93.411425
0.000471 -0.003757 1.000000
-0.126007 -0.939102 305.500586
-0.042107 -0.984686 22.019025
-0.000236 -0.002377 1.000000
-0.332459 -1.366649 470.770783
-0.406590 -1.346751 342.627403
-0.000501 -0.002469 1.000000
-0.389576 -1.023839 450.876709
-0.225597 -0.630413 -13.834584
-0.000570 -0.001902 1.000000
-0.131934 -1.858766 994.522452
0.053475 -1.031859 -104.185901
-0.000013 -0.002799 1.000000
-0.493391 -1.105949 579.339749
-0.278342 -0.665104 33.852987
-0.000765 -0.001815 1.000000
-0.464849 -1.123586 772.877949
-0.194039 -0.570866 -107.109638
-0.000654 -0.001807 1.000000
-0.197952 -1.699068 1063.920162
-0.063114 -0.422875 3.490078
-0.000107 -0.002281 1.000000
-0.088704 -1.672733 1071.019412
0.002614 -0.375263 46.213351
-0.000069 -0.002000 1.000000
0.066703 -1.888937 1080.912294
0.217115 -1.076903 -310.027508
0.000600 -0.003498 1.000000
-0.366860 -1.421728 1151.146462
-0.001152 -0.486218 -60.114737
-0.000277 -0.002165 1.000000
-0.276767 -1.204141 1002.006136
-0.293101 -0.436070 46.729026
-0.000619 -0.001526 1.000000
-0.076124 -1.040333 336.412326
-0.081121 -0.702194 41.728540
-0.000162 -0.002207 1.000000
-0.024791 -1.188346 465.480173
-0.088638 -0.658035 24.520677
-0.000049 -0.002283 1.000000
-0.096515 -1.327469 578.438025
-0.087132 -0.714607 12.555603
-0.000148 -0.002354 1.000000
-3.441283 -5.720036 2431.750275
-1.065709 -5.918657 1825.674785
-0.001372 -0.007434 1.000000
-0.066213 -0.513414 98.784709
-0.086098 -0.441805 66.490948
-0.000355 -0.001816 1.000000
-0.030172 -0.389078 106.508682
-0.120415 -0.352110 153.096261
-0.000098 -0.001871 1.000000
-0.140247 -0.391423 119.618764
-0.161214 -0.496473 177.178706
-0.000370 -0.001754 1.000000
-0.213280 -0.664517 -375.536145
0.140893 -1.423453 236.593188
-0.000057 -0.002260 1.000000
-0.040822 -0.370940 78.129602
-0.039713 -0.380404 59.226702
-0.000394 -0.001744 1.000000
-0.141487 -0.837972 306.520175
-0.096362 -0.488312 88.536424
-0.000351 -0.001769 1.000000
-0.166462 -0.881223 255.960014
-0.128554 -0.599586 81.195636
-0.000486 -0.001933 1.000000
-0.003295 -1.505677 581.015422
0.017584 -1.080241 67.881807
0.000089 -0.002630 1.000000
-0.166050 -1.414868 492.467142
-0.231487 -1.311333 266.053837
-0.000364 -0.002514 1.000000
0.110869 -0.534877 -78.104938
0.040265 -0.606930 105.246984
0.000199 -0.002395 1.000000
0.007230 -0.412936 -59.535837
-0.006524 -0.545253 202.998699
0.000064 -0.002146 1.000000
-0.121827 -0.434205 76.956558
-0.043231 -0.556778 87.534076
-0.000120 -0.002196 1.000000
-0.087675 -0.221793 63.433683
-0.108637 -0.392495 157.036386
-0.000435 -0.001550 1.000000
-0.210482 -0.630919 264.641248
-0.240843 -0.917463 253.337953
-0.000489 -0.001905 1.000000
0.042449 -0.404551 29.345172
-0.014640 -0.273060 17.629024
-0.000085 -0.001959 1.000000
-0.114221 -0.665100 -77.927549
-0.069108 -0.775214 241.815360
-0.000453 -0.002209 1.000000
0.004360 -0.315607 28.126669
-0.006835 -0.357980 61.263968
0.000010 -0.002077 1.000000
0.038500 -0.344654 13.920878
-0.013775 -0.417194 52.182587
-0.000101 -0.002018 1.000000
-0.080908 -0.443396 114.093326
-0.044926 -0.546611 111.218468
-0.000412 -0.001892 1.000000
-0.366238 -1.278940 533.539357
-0.271822 -1.102473 205.128393
-0.000420 -0.002464 1.000000
-0.204662 -1.200333 546.575675
-0.173659 -0.625391 109.967156
-0.000322 -0.002015 1.000000
1.146455 0.136172 -12.257930
0.104320 1.442033 -326.606920
-0.000014 0.000376 1.000000
0.010497 -0.761992 -63.993840
-0.048490 -0.775884 228.599722
-0.000261 -0.002206 1.000000
-0.066309 -0.380694 56.876113
-0.125155 -0.451503 153.940367
-0.000280 -0.001813 1.000000
-0.067312 -0.618140 79.891414
0.009075 -0.521659 -8.848523
-0.000084 -0.002202 1.000000
0.027240 -0.842501 202.379097
-0.077203 -0.714205 45.738290
-0.000251 -0.002148 1.000000
0.097395 -0.656526 -169.999467
-0.080064 -1.385567 909.435043
0.000127 -0.002584 1.000000
-1.025023 0.143352 718.431502
-0.716968 0.084441 -74.450612
-0.001614 -0.000067 1.000000
-0.108088 -0.866438 -98.700298
0.081055 -0.471881 -389.964965
0.000077 -0.002431 1.000000
-0.090543 -0.465491 -0.276809
-0.029415 -0.584310 89.326583
-0.000099 -0.002269 1.000000
-0.019254 -1.140911 254.164307
0.037938 -0.516587 -209.852149
-0.000176 -0.002500 1.000000
-0.164394 -0.641248 -84.598825
-0.368938 -1.112606 598.779944
-0.000458 -0.001777 1.000000
-0.099850 -0.446532 -46.496566
-0.173834 -1.044597 657.050739
-0.000253 -0.001862 1.000000
-0.929885 -0.044071 -159.873099
-0.838985 -0.220705 207.787309
-0.001844 -0.000216 1.000000
-0.234705 -1.204767 1220.053110
-0.132080 -0.789294 417.270480
-0.000208 -0.002006 1.000000
0.306062 -1.124195 83.600431
-0.103929 -1.201271 1158.870844
0.000342 -0.002909 1.000000
0.141833 -0.543797 -164.299721
-0.015009 -0.696658 215.572770
0.000049 -0.002287 1.000000
-0.177302 -1.015016 474.764889
-0.266681 -1.093484 862.795537
-0.000284 -0.001651 1.000000
0.142667 -1.215439 254.965439
-0.044736 -1.243496 1059.756295
0.000163 -0.002353 1.000000
-0.520398 -1.197643 994.803277
-0.051175 -0.171202 34.146977
-0.000542 -0.001340 1.000000
0.051081 -1.798095 1306.606658
-0.009000 -1.179944 883.818771
0.000095 -0.002631 1.000000
-0.189904 -1.440991 948.948387
-0.035640 -0.299703 43.020030
-0.000251 -0.001741 1.000000
-0.189040 -1.563351 969.588046
-0.060700 -0.462429 25.194909
-0.000280 -0.001976 1.000000
-0.492343 -0.894895 913.958344
-0.243117 -0.423394 94.003421
-0.000739 -0.001303 1.000000
-0.293728 -1.474066 907.370222
-0.025101 -0.183856 15.785610
-0.000338 -0.001715 1.000000
-0.312391 -1.411938 1013.465497
-0.070084 -0.466917 140.296379
-0.000374 -0.001679 1.000000
-0.057188 -1.668010 1113.604210
-0.189396 -0.620058 98.839137
-0.000203 -0.002348 1.000000
0.815537 -1.251509 602.335612
0.652409 -2.334037 1613.362744
0.001347 -0.003606 1.000000
-0.034258 -0.829199 350.618336
-0.006580 -0.304497 5.014226
-0.000150 -0.001824 1.000000
-0.596404 -0.848671 1107.469257
-0.471958 -0.536364 672.813319
-0.000881 -0.001223 1.000000
20.693775 -22.061584 12488.002165
12.119168 -15.512809 34936.145851
0.035887 -0.040831 1.000000
-0.178832 -1.454653 906.328530
-0.098458 -0.416430 107.638017
-0.000237 -0.001810 1.000000
-0.232222 -1.387308 925.430729
-0.042898 -0.371561 65.512550
-0.000322 -0.001747 1.000000
-0.299869 -0.922318 936.366018
-0.185675 -0.397029 31.996866
-0.000605 -0.001382 1.000000
-0.063451 -0.800033 412.481534
-0.133406 -0.730797 73.241856
-0.000299 -0.002035 1.000000
0.225115 -1.533758 1781.110351
0.211716 -1.394862 800.223221
0.000181 -0.002642 1.000000
-0.385531 -1.055010 765.827809
-0.360534 -0.971016 764.465390
-0.000551 -0.001588 1.000000
-0.207071 -1.328458 913.078364
-0.029732 -0.551447 158.316318
-0.000264 -0.001730 1.000000
0.342602 -1.814993 946.798497
0.103303 -1.571243 1488.378836
0.000605 -0.003223 1.000000
-0.391121 -1.149004 942.099056
-0.123576 -0.578035 52.217151
-0.000566 -0.001722 1.000000
-0.032634 -1.594139 1315.251401
0.016547 -0.627948 -145.502644
-0.000022 -0.002223 1.000000
-0.059997 -0.800851 308.365351
-0.001875 -0.368760 5.368288
-0.000161 -0.001944 1.000000
-0.054644 -1.730188 940.770235
0.052521 -0.513807 48.565734
-0.000091 -0.002155 1.000000
-0.289733 -1.362712 906.832010
-0.089221 -0.392163 154.813490
-0.000346 -0.001738 1.000000
1.162044 -2.190001 -526.929125
1.361150 -2.186542 -1062.504930
0.003527 -0.006712 1.000000
-0.298942 -1.350741 909.495087
-0.075427 -0.359852 54.944528
-0.000377 -0.001711 1.000000
-0.259482 -1.464018 786.881247
-0.123571 -0.719775 -87.475445
-0.000365 -0.002345 1.000000
-0.340690 -1.261748 698.578500
-0.201020 -0.424349 -72.920095
-0.000496 -0.001858 1.000000
-0.196676 -1.228288 561.335664
-0.161483 -0.665514 -29.119639
-0.000299 -0.002170 1.000000
0.026996 -1.603469 868.522288
-0.061274 -0.800329 125.280404
-0.000100 -0.002411 1.000000
-0.390503 -1.082528 821.806457
-0.104498 -0.372527 56.989458
-0.000533 -0.001619 1.000000
-0.060368 -1.678460 925.955249
-0.017830 -0.523971 92.970459
-0.000068 -0.002260 1.000000
-0.160263 -1.630852 974.554266
0.001688 -0.339863 11.472124
-0.000188 -0.002022 1.000000
-0.170059 -1.280575 857.645566
-0.111198 -0.494963 61.620139
-0.000344 -0.001810 1.000000
-0.206685 -1.139762 890.417876
-0.039628 -0.411244 111.566992
-0.000294 -0.001790 1.000000
0.009447 -0.731384 -1274.836871
-0.044360 -0.829351 599.802598
-0.000061 -0.002105 1.000000
0.055000 -1.678299 918.147743
-0.022538 -0.562583 -87.463954
0.000040 -0.002507 1.000000
-0.284166 -1.250667 930.303476
-0.086343 -0.477209 103.720751
-0.000375 -0.001751 1.000000
-0.101904 -1.338094 1062.449580
-0.041523 -0.600190 1.913646
-0.000213 -0.002032 1.000000
-0.060365 -1.057363 339.786666
-0.006511 -0.285101 -35.008886
-0.000184 -0.002169 1.000000
-0.230128 -1.215216 855.342383
-0.064433 -0.250049 17.441704
-0.000305 -0.001726 1.000000
-0.099438 -1.351054 870.339914
0.017564 -0.233864 30.650672
-0.000181 -0.001624 1.000000
-0.037056 -0.609026 437.216827
-0.048265 -0.335148 18.229784
-0.000453 -0.001507 1.000000
0.042576 -1.154661 529.983253
0.008645 -0.549724 -78.680678
-0.000002 -0.002090 1.000000
0.055040 -0.613197 304.352685
0.013441 -0.533831 1.716288
-0.000277 -0.001797 1.000000
-0.173222 -1.388957 677.428298
0.029152 -0.772878 21.915527
-0.000161 -0.002378 1.000000
-0.179742 -0.998084 534.422354
-0.038769 -0.421907 -43.769475
-0.000437 -0.001692 1.000000
-0.265556 -1.005007 649.144707
-0.078786 -0.271115 -97.783674
-0.000293 -0.001834 1.000000
-0.173257 -0.832849 540.420277
-0.012653 -0.562058 16.579085
-0.000248 -0.001895 1.000000
-0.165710 -0.918061 614.334259
-0.114952 -0.486764 -3.180388
-0.000460 -0.002002 1.000000
-0.036306 -0.870023 472.575732
-0.030036 -0.444872 -55.329347
-0.000397 -0.001955 1.000000
-0.127600 -0.902185 413.917430
-0.117681 -0.601100 28.882414
-0.000288 -0.002020 1.000000
-0.301567 -1.051427 616.200577
-0.184206 -0.767249 170.295283
-0.000392 -0.001950 1.000000
-0.044793 -1.308807 554.011915
-0.180972 -1.023016 132.678445
-0.000258 -0.002531 1.000000
0.241048 -1.403351 545.899520
0.025015 -0.825430 49.816824
0.000108 -0.002546 1.000000
-0.150593 -1.527058 1092.960006
-0.069868 -0.257595 61.968844
-0.000205 -0.001752 1.000000
-0.082557 -0.894019 488.459993
-0.005994 -0.124015 -13.473588
-0.000131 -0.001755 1.000000
-0.139378 -1.482605 849.067928
0.003641 -0.339154 -45.431104
-0.000142 -0.002093 1.000000
-0.310847 -0.828244 399.136659
-0.207860 -0.520817 45.129018
-0.000627 -0.001802 1.000000
-0.065254 -1.310606 824.371208
0.037966 -0.496237 59.439605
-0.000045 -0.002144 1.000000
-0.352140 -1.116686 595.560962
-0.137855 -0.498599 -24.941933
-0.000427 -0.001900 1.000000
-0.005755 -0.990723 418.300618
-0.105561 -0.523413 40.172535
-0.000294 -0.001919 1.000000
0.005482 -0.823301 347.779499
-0.073857 -0.731021 -20.572339
-0.000286 -0.002253 1.000000
-0.329370 -0.976803 670.963858
-0.151968 -0.811952 28.367661
-0.000402 -0.002129 1.000000
0.114860 -1.179170 316.403318
-0.067103 -0.897732 95.593003
-0.000102 -0.002412 1.000000
-0.036973 -1.147159 385.849774
-0.092892 -1.045037 91.212073
-0.000371 -0.002429 1.000000
-0.022103 -0.809396 239.942259
0.011008 -0.498648 4.231949
-0.000234 -0.001999 1.000000
-0.044034 -0.380494 112.454501
-0.070721 -0.465045 129.906448
-0.000222 -0.001812 1.000000
0.012308 -0.757164 182.905368
0.039489 -0.652563 64.237047
-0.000078 -0.002163 1.000000
-0.012233 -1.303065 536.283718
-0.071505 -0.683712 105.691701
-0.000102 -0.002201 1.000000
-0.180741 -1.179237 802.082915
-0.081010 -0.491714 26.132973
-0.000222 -0.001839 1.000000
0.028329 -0.719211 128.722563
-0.086599 -0.617862 -20.854235
-0.000271 -0.002143 1.000000
-0.115317 -1.225672 284.885603
0.006133 -0.851290 -15.080762
-0.000129 -0.002534 1.000000
0.198951 -0.664733 -13.143837
0.011983 -0.691771 52.569465
-0.000026 -0.002366 1.000000
-0.438128 -0.667817 616.260148
-0.140434 -0.229139 21.952001
-0.000657 -0.001165 1.000000
0.196343 -1.046647 88.819562
-0.034274 -0.725906 110.359896
0.000437 -0.002808 1.000000
0.069724 -0.761425 150.887998
-0.079823 -0.437912 -21.104527
-0.000328 -0.001901 1.000000
-0.201596 -0.583164 314.226860
-0.319393 -0.481767 64.526733
-0.000665 -0.001549 1.000000
0.054354 -0.740219 83.534842
0.107501 -0.652137 -91.448375
0.000040 -0.002447 1.000000
-0.170520 -1.573668 718.773903
-0.068814 -0.859712 70.391420
-0.000206 -0.002467 1.000000
-0.072051 -0.914537 95.492266
-0.059550 -0.683425 74.848650
-0.000154 -0.002210 1.000000
-0.339978 -1.286871 850.098233
-0.114568 -0.598424 -27.543032
-0.000167 -0.002188 1.000000
