0.505716 -1.903589 75.179985
0.407530 -1.859065 -942.837130
0.001046 -0.004002 1.000000
-0.501591 -0.611595 1653.206372
-0.464883 -0.438027 646.525956
-0.001208 -0.001285 1.000000
0.048613 -0.976081 248.023688
-0.019862 -0.592912 39.885831
0.000163 -0.002036 1.000000
1.885496 -3.445527 -2069.238002
0.959778 -2.151255 -2242.717962
0.002451 -0.005633 1.000000
-3.329911 4.039119 9373.191975
-7.556514 7.959413 17420.327937
-0.014423 0.014477 1.000000
-2.084503 1.056250 1314.889017
-2.330564 1.440926 -1679.877836
-0.005221 0.002627 1.000000
0.022198 -1.035166 80.854169
-0.162302 -0.830846 -276.289969
-0.000142 -0.002150 1.000000
0.634745 -1.988299 891.860809
0.608252 -1.961683 -134.728426
0.000680 -0.003634 1.000000
1.996439 -3.861966 1058.279440
1.575995 -3.045009 -1768.709120
0.002720 -0.006739 1.000000
-0.139777 -1.093505 634.774184
-0.139689 -0.552061 -77.388844
-0.000021 -0.002026 1.000000
0.019369 -1.465286 734.506588
0.167943 -1.002472 -166.189777
0.000186 -0.002517 1.000000
-0.251621 -0.617690 81.996384
-0.267088 -0.375651 -140.070365
-0.000639 -0.001404 1.000000
0.107992 -1.418587 769.905266
-0.124051 -0.834843 -1216.534165
0.000087 -0.002557 1.000000
-0.328719 -0.985955 668.941228
-0.338166 -1.192165 -62.325443
-0.000714 -0.002024 1.000000
0.071376 -0.958565 695.829783
-0.173641 -0.842140 324.885184
-0.000171 -0.001880 1.000000
0.037115 -1.075075 836.459464
0.059364 -1.439082 103.479703
0.000108 -0.002928 1.000000
-0.024211 -0.794769 756.119463
-0.089454 -0.866738 311.641647
-0.000232 -0.001856 1.000000
-0.176575 -1.231081 349.339522
-0.096355 -0.955713 202.103048
-0.000009 -0.002301 1.000000
-0.417106 -0.895292 315.143262
-0.352434 -0.888745 115.850081
-0.000584 -0.001765 1.000000
-0.184951 -1.734677 360.350719
-0.239437 -1.106482 149.284564
-0.000339 -0.002418 1.000000
-0.281253 -0.934336 477.127350
-0.170983 -0.589320 184.515768
-0.000373 -0.001615 1.000000
-0.457835 -1.225080 517.964887
-0.099168 -1.223809 49.365033
-0.000477 -0.002092 1.000000
-0.162673 -1.159951 232.294964
-0.044578 -0.820819 -197.876958
-0.000048 -0.002217 1.000000
0.544245 -1.910604 420.021270
0.312416 -1.349460 26.247984
0.000484 -0.002924 1.000000
-0.325984 -0.559470 806.141613
-0.279459 -0.921884 180.080720
-0.000563 -0.001735 1.000000
-0.474311 -0.922859 414.748838
-0.343683 -0.804109 119.701395
-0.000687 -0.001537 1.000000
0.045615 -1.516325 -187.656803
0.153993 -1.203914 477.822598
0.000279 -0.003061 1.000000
-0.050317 -0.982742 626.437704
-0.046528 -0.950286 -9.329534
-0.000171 -0.002244 1.000000
-0.134802 -1.248295 540.760302
-0.142015 -1.238805 213.652699
-0.000421 -0.002182 1.000000
-0.202983 -0.472693 450.073844
-0.640416 -0.959892 467.717503
-0.000955 -0.001534 1.000000
0.089237 -1.864434 747.773913
0.466720 -2.088161 -425.054078
0.000586 -0.004147 1.000000
-1.641403 0.495357 -810.662604
-1.284793 0.843203 301.488094
-0.003752 0.002242 1.000000
-0.502705 -0.508028 909.883064
-0.301020 -0.629895 -105.914320
-0.000714 -0.001545 1.000000
0.169716 -1.285020 634.932211
0.009563 -1.482827 30.057719
0.000042 -0.002796 1.000000
-0.263758 -0.707031 605.944969
-0.603193 -0.591199 240.633857
-0.000787 -0.001407 1.000000
0.099604 -1.319086 857.946994
0.167421 -0.837211 52.465589
0.000143 -0.002289 1.000000
-0.444181 -0.591519 1111.725736
0.210322 -1.337259 324.599486
-0.000060 -0.002580 1.000000
0.620885 -1.814028 986.762141
0.489592 -1.455357 1120.446068
0.000952 -0.003177 1.000000
-1.117121 -0.149589 -926.227893
-0.585649 -0.142767 -201.337476
-0.001590 -0.000925 1.000000
-0.456189 -0.162008 937.470222
-0.234125 -0.552102 196.874619
-0.000896 -0.001341 1.000000
-0.550339 -0.480743 1080.889030
-0.318448 -0.253563 -314.333116
-0.001028 -0.001082 1.000000
3.616584 -7.446866 -309.894380
2.518109 -5.111631 -1540.863332
0.003937 -0.009066 1.000000
-0.179720 -0.440305 643.233768
-0.349541 -0.530894 604.696715
-0.000664 -0.001647 1.000000
0.015818 -0.992397 821.648266
-0.068277 -0.655087 143.105919
-0.000091 -0.001807 1.000000
-0.449328 -0.387995 1503.306960
0.042094 -0.528802 72.738145
-0.002166 0.000567 1.000000
-0.435970 -0.384880 948.712568
-0.412166 -0.357774 217.733265
-0.001182 -0.000925 1.000000
0.007141 -0.812776 636.029613
-0.184338 -0.707093 269.493594
-0.000459 -0.001765 1.000000
-0.028224 -1.024168 948.101839
-0.017128 -0.764933 375.148018
-0.000092 -0.002176 1.000000
-0.018208 -0.772373 611.079013
-0.140384 -0.827432 442.225147
-0.000476 -0.002114 1.000000
-5.710567 5.997701 1516.316916
-4.180922 3.588486 2642.194269
-0.012023 0.010433 1.000000
0.027190 -0.690057 583.116147
-0.043619 -0.858410 429.558581
-0.000165 -0.002319 1.000000
-0.144058 -0.583483 823.048481
-0.163291 -0.589089 388.836013
-0.000607 -0.001687 1.000000
4.508686 -6.725453 1565.670269
2.599911 -3.926420 -1717.436491
0.006985 -0.010235 1.000000
-0.079133 -1.118438 2195.774761
0.318064 -1.240822 1281.414172
0.000796 -0.003550 1.000000
0.217556 -1.247695 1344.928744
-0.062259 -0.845467 843.612911
-0.000003 -0.002238 1.000000
-0.297059 -0.756752 1359.470014
-0.176350 -0.613467 3.844390
-0.000611 -0.001638 1.000000
-0.107003 -0.732834 864.483546
-0.073357 -0.423162 -25.632122
-0.000293 -0.001810 1.000000
-4.969527 6.471888 3495.312573
-4.046685 4.122211 5507.327394
-0.011072 0.012620 1.000000
0.321439 -1.354084 850.355773
0.112829 -0.914862 218.330139
0.000596 -0.002666 1.000000
-0.028325 -0.789060 743.887542
-0.096669 -1.065961 378.147268
-0.000107 -0.002169 1.000000
-0.585278 0.389773 -5448.261695
-0.942871 0.670466 -2198.434196
-0.003492 0.002224 1.000000
1.299975 -2.493363 2437.064920
1.197459 -2.413207 97.850627
0.002115 -0.004901 1.000000
1.053797 -2.123196 2391.932317
1.723688 -2.552756 825.456631
0.002232 -0.004707 1.000000
0.025755 -0.868319 877.830994
-0.170997 -0.553702 376.239283
-0.000328 -0.001585 1.000000
-0.187489 -0.759642 982.423958
0.140534 -0.675208 300.088238
0.000225 -0.002917 1.000000
-0.015852 -0.778343 913.622682
-0.150992 -0.812344 400.866077
-0.000550 -0.001852 1.000000
0.105074 -0.979028 -77.300939
0.247316 -1.052272 -101.997602
0.000433 -0.002602 1.000000
-0.356119 -0.535990 491.746115
-0.275492 -0.363900 -93.594983
-0.001015 -0.001253 1.000000
-0.502534 -0.513534 -121.846345
-0.487356 -0.325269 218.704416
-0.001275 -0.000632 1.000000
0.582257 -1.413357 1247.429035
-0.127794 -0.685404 500.752065
0.001011 -0.003602 1.000000
-0.245506 -0.876527 860.510248
0.063628 -0.931850 31.050795
-0.000049 -0.002092 1.000000
1.219543 -2.191074 4247.984052
1.738569 -3.265133 -326.494660
0.003059 -0.006030 1.000000
-0.472487 -1.071057 465.794839
-0.454882 -0.512231 94.069891
-0.000734 -0.001534 1.000000
-0.024545 -1.290069 711.010823
0.080256 -0.870680 932.015273
-0.000179 -0.002529 1.000000
-1.148983 0.547039 1118.225312
-1.068115 0.404043 479.591262
-0.002480 0.000164 1.000000
-0.152712 -0.934116 1088.738852
-0.147544 -0.771272 512.889197
-0.000403 -0.001868 1.000000
-0.273922 -0.796603 49.822585
-0.400611 -0.686803 204.383606
-0.000454 -0.001792 1.000000
-0.351983 -0.925084 713.337011
-0.342174 -0.494014 -189.820431
-0.000674 -0.001500 1.000000
-0.765437 -0.488707 -102.650060
-0.447294 -0.369190 546.751552
-0.001203 -0.001042 1.000000
0.088050 -1.103302 -76.293262
-0.124202 -0.857224 -46.914096
-0.000011 -0.002109 1.000000
-0.167917 -1.204603 167.470055
-0.167537 -0.949930 29.203085
-0.000213 -0.002063 1.000000
-0.064939 -1.243862 705.715091
-0.438454 -0.593357 155.437499
-0.000390 -0.001795 1.000000
-0.121438 -0.850300 423.634789
-0.113956 -0.611688 3.002165
-0.000303 -0.001632 1.000000
-0.302107 -0.940906 911.641016
-0.167141 -0.871538 38.697767
-0.000628 -0.001765 1.000000
0.137476 -1.457270 -21.974329
0.047125 -0.781504 -7.699895
0.000242 -0.002509 1.000000
-0.092843 -1.356514 -174.533662
0.094088 -1.108852 485.879328
0.000206 -0.002585 1.000000
-2.961314 2.090491 351.476529
-2.590067 2.146011 2978.235962
-0.006529 0.005091 1.000000
-0.878417 -0.474806 -295.424658
-0.656160 -0.183160 71.197686
-0.001562 -0.000501 1.000000
-0.076097 -1.211689 223.342304
-0.268931 -0.798016 42.556271
-0.000295 -0.002120 1.000000
-0.686851 -0.698379 100.806099
-0.307605 -0.494873 404.521557
-0.000905 -0.001201 1.000000
-1.943853 0.378163 -543.995452
-1.310233 0.642837 257.235680
-0.002605 0.000713 1.000000
-4.542511 5.977993 73.060938
-5.300051 6.082900 6012.867092
-0.009815 0.011488 1.000000
-0.970501 -0.275825 -8.981249
-0.708758 -0.198445 489.551006
-0.001582 -0.000318 1.000000
-0.419958 -1.012880 155.500309
-0.400733 -0.535005 -48.061875
-0.000865 -0.001439 1.000000
14.772183 -18.327342 -10695.050393
10.819491 -14.580818 -8043.660224
0.025338 -0.036937 1.000000
-0.094285 -1.003348 347.300608
-0.252343 -0.801638 -137.009810
-0.000304 -0.001975 1.000000
-0.412083 -1.080833 -78.976529
-0.077533 -0.740668 -30.895443
-0.000281 -0.002110 1.000000
-0.189771 -0.767701 -190.632554
-0.217997 -0.558712 146.654572
-0.000598 -0.001507 1.000000
-0.641225 -0.768450 249.648810
-0.451231 -0.583842 -74.497295
-0.000979 -0.001287 1.000000
-0.307687 -1.422834 -79.754222
0.084419 -1.081744 442.076551
-0.000360 -0.002158 1.000000
0.480060 -1.876465 -19.931949
0.428098 -1.453024 125.805163
0.000835 -0.003153 1.000000
0.083052 -1.249117 934.586222
-0.143911 -0.817082 159.005966
-0.000049 -0.001997 1.000000
-0.164998 -0.918979 1385.683056
-0.247337 -0.619482 303.076687
-0.000547 -0.001498 1.000000
-0.210831 -0.797415 1150.814138
-0.229465 -0.710886 117.952480
-0.000462 -0.001565 1.000000
-1.078980 -0.490620 -114.208074
-1.136391 -0.036088 373.208950
-0.002009 -0.000154 1.000000
194.478222 -251.061981 -191632.949161
169.775592 -246.463378 32861.803194
0.402360 -0.521223 1.000000
-1.771828 1.007127 -480.525170
-1.443158 0.647399 2320.497537
-0.003785 0.002288 1.000000
0.263148 -1.934963 -1792.951680
0.314894 -1.863652 1274.339676
0.000815 -0.003884 1.000000
-0.088890 -1.112291 84.197237
-0.223246 -0.952834 -99.776263
-0.000369 -0.001984 1.000000
-0.482469 -1.321822 107.804222
-0.286253 -0.941704 196.751154
-0.000559 -0.002000 1.000000
1.368917 -2.662223 459.868946
-0.302604 -0.346017 -23.002509
0.002091 -0.004354 1.000000
-0.158478 -0.618546 407.830057
-0.334362 -0.655881 131.274059
-0.000591 -0.001517 1.000000
-0.397112 -0.938231 228.485048
-0.346341 -0.553538 56.238364
-0.000713 -0.001714 1.000000
0.392462 -1.310660 762.630417
-0.058707 -0.619920 -21.060271
0.000418 -0.002432 1.000000
-0.005853 -0.794641 747.447434
-0.015986 -0.608771 167.114146
0.000007 -0.002026 1.000000
-0.549759 -0.709797 102.421238
-0.540470 -0.577835 179.162576
-0.001209 -0.001102 1.000000
-0.541979 -1.042362 310.493296
-0.382889 -1.016819 469.977492
-0.000714 -0.001860 1.000000
-0.374391 -1.366868 605.363979
-0.255247 -1.081922 -36.359218
-0.000584 -0.002008 1.000000
-0.266115 -1.057476 69.551221
-0.233285 -0.690112 -805.001183
-0.000511 -0.001736 1.000000
-0.307902 -1.015188 312.978419
-0.215179 -0.988664 252.392713
-0.000320 -0.002095 1.000000
0.043369 -1.449193 386.391702
-0.118589 -0.968371 8.494799
0.000009 -0.002480 1.000000
0.134438 -1.968502 559.808716
-0.142549 -1.426497 113.646536
-0.000565 -0.002316 1.000000
-0.386647 -1.077912 529.476945
-0.329747 -1.267654 229.617299
-0.000614 -0.002259 1.000000
-0.531830 -0.856231 852.155772
-0.356273 -0.440248 -14.504292
-0.000850 -0.001121 1.000000
-0.494463 -0.972026 1199.270137
-0.409274 -0.583191 142.264406
-0.000919 -0.001414 1.000000
-0.492998 -0.508035 809.426095
-0.600914 -0.547558 270.167288
-0.001128 -0.001114 1.000000
-0.390391 -0.871772 71.782171
-0.321527 -0.640467 190.013582
-0.000645 -0.001517 1.000000
0.489599 -2.496140 301.851349
0.438918 -1.929082 -431.021586
0.000991 -0.003862 1.000000
-1.827818 1.138690 -307.629154
-0.002936 -0.850559 794.578761
0.003689 -0.006544 1.000000
-0.421843 -0.593854 163.944206
-0.480858 -0.568881 141.877441
-0.000876 -0.001242 1.000000
-0.320815 -1.164114 723.946178
-0.372902 -0.950210 311.361403
-0.000497 -0.001862 1.000000
0.543264 -1.805698 467.317041
0.194355 -1.512773 -89.669602
0.000499 -0.003099 1.000000
-0.221469 -1.388226 918.746628
-0.184848 -1.260488 129.670423
-0.000272 -0.002269 1.000000
0.167092 -1.524522 745.370408
-0.030917 -1.488418 -23.197548
0.000032 -0.002862 1.000000
1.555002 -6.184369 -656.004338
1.026351 -4.359522 203.409136
0.001795 -0.007966 1.000000
-2.675846 2.927676 -823.827528
-1.551985 1.186962 1666.320008
-0.004560 0.003438 1.000000
-0.672337 -0.649562 280.267305
-0.394854 -0.354914 269.474206
-0.001118 -0.000790 1.000000
-0.636658 -0.854497 294.607584
-0.391537 -0.505125 284.156011
-0.000968 -0.001207 1.000000
-0.202640 -0.974661 168.731639
-0.119708 -0.606899 176.946323
-0.000411 -0.001632 1.000000
0.228304 -1.493782 637.418670
0.019793 -0.828098 -193.767053
0.000310 -0.002472 1.000000
0.010143 -1.118716 735.602691
-0.199722 -0.520784 -22.083045
-0.000175 -0.001923 1.000000
0.133027 -1.252680 435.105881
0.084526 -1.444775 229.260689
0.000068 -0.002875 1.000000
0.111023 -1.408372 962.975573
-0.020879 -0.862886 45.366902
-0.000010 -0.002536 1.000000
0.508661 -1.815911 712.363545
0.159866 -1.149921 -748.888609
0.000487 -0.003214 1.000000
-0.293449 -1.144975 824.739481
-0.133617 -1.141659 91.541333
-0.000363 -0.002597 1.000000
-0.089399 -1.084742 863.908212
-0.035761 -0.922774 129.813138
-0.000231 -0.002134 1.000000
-0.046780 -1.451796 1379.816629
0.371653 -1.402355 66.894160
0.000474 -0.003101 1.000000
0.113577 -1.377938 660.045976
0.013930 -0.943387 -117.981332
0.000159 -0.002639 1.000000
-0.209247 -1.243921 149.890768
-0.282694 -0.991571 27.663643
-0.000527 -0.002064 1.000000
-0.083543 -1.349570 1277.325077
0.041876 -1.114506 -491.526060
-0.000271 -0.002382 1.000000
-0.247918 -1.063005 39.646915
0.047411 -0.785137 72.517188
-0.000043 -0.002335 1.000000
-0.296683 -0.754990 -765.962845
-0.200298 -0.553145 -205.919541
-0.000578 -0.001820 1.000000
-0.027588 -1.807410 -156.010999
-0.013307 -0.962695 454.707205
0.000071 -0.002931 1.000000
2.314827 -5.184286 -2279.762917
1.282726 -2.702625 522.040778
0.003421 -0.007686 1.000000
-0.979924 -0.199506 1842.226313
-0.618164 -0.207360 90.067695
-0.001560 -0.000464 1.000000
-0.643462 -0.791459 900.591913
-0.468840 -0.631024 101.936195
-0.001098 -0.001647 1.000000
-2.470297 0.989401 2313.643979
-1.659830 0.901258 470.299334
-0.005223 0.003290 1.000000
0.469746 -1.813255 1180.591489
0.103048 -0.662247 263.766859
0.000337 -0.002418 1.000000
0.129011 -1.332670 692.802777
0.135465 -1.357060 5.685304
0.000079 -0.002799 1.000000
-0.077078 -1.568389 338.574134
0.112009 -1.597101 82.329337
0.000147 -0.002871 1.000000
-0.267674 -0.961123 192.372166
-0.153732 -0.861178 162.325691
-0.000442 -0.001889 1.000000
0.105431 -1.220595 1151.755030
0.169225 -0.700704 -590.345381
0.000410 -0.002438 1.000000
-0.648734 -0.545771 239.556765
-0.540158 -0.483949 190.821517
-0.001253 -0.000975 1.000000
-0.447622 -0.719090 1311.568088
-0.452319 -0.828648 657.862005
-0.001013 -0.001926 1.000000
-0.441251 -0.970039 611.521780
-0.423544 -0.895610 164.730855
-0.000830 -0.001730 1.000000
-0.260831 -0.688169 461.228113
-0.248497 -0.915440 68.448084
-0.000735 -0.001875 1.000000
0.565721 -1.817799 617.789482
0.071340 -1.255872 0.694144
0.000237 -0.002947 1.000000
-0.299559 -0.877377 1627.577746
-0.193179 -1.024748 557.305267
-0.000417 -0.002228 1.000000
0.230389 -1.423028 943.968586
0.012788 -0.614402 158.074871
0.000114 -0.002264 1.000000
0.446128 -1.616917 871.035749
0.424847 -1.281810 -301.229698
0.000824 -0.003484 1.000000
-0.407684 -1.095393 352.548195
-0.403855 -1.077534 398.257904
-0.000682 -0.002037 1.000000
0.352775 -2.244955 277.010136
0.402499 -2.292680 225.479666
0.000608 -0.003837 1.000000
0.141697 -1.293577 572.325351
0.066886 -1.465161 54.919897
0.000185 -0.003182 1.000000
0.587430 -2.023935 1137.367097
0.197756 -1.166711 431.111820
0.001164 -0.004394 1.000000
-0.002379 -1.072643 137.942142
-0.147295 -0.611209 -75.500593
-0.000321 -0.002047 1.000000
-0.162610 -1.452419 619.003126
-0.337908 -1.443693 281.789683
-0.000660 -0.002428 1.000000
-0.351194 -1.083341 703.191796
-0.370637 -0.935961 78.762718
-0.000574 -0.001959 1.000000
-0.121443 -1.233372 585.140115
-0.135105 -1.149752 130.205611
-0.000093 -0.002614 1.000000
0.382458 -1.788202 1629.717417
0.246287 -1.230788 663.545055
0.000732 -0.003549 1.000000
-0.751907 -0.664615 741.635846
-0.421889 -0.607747 -209.566896
-0.001107 -0.001602 1.000000
-0.488668 -0.800477 764.300622
-0.155017 -0.824777 170.690395
-0.000442 -0.001848 1.000000
-0.771606 -0.709296 831.054108
-0.454620 -0.763130 236.799246
-0.001110 -0.001342 1.000000
0.187087 -1.232830 369.137375
-0.018334 -1.131830 95.119523
0.000042 -0.002572 1.000000
0.220567 -2.110587 713.812064
0.230056 -1.494165 108.578006
0.000676 -0.003311 1.000000
-0.939076 -0.174717 -547.043620
-1.618730 1.205094 1009.176484
-0.003167 0.001743 1.000000
0.146619 -1.598072 94.205438
-0.170427 -0.888987 -720.101033
0.000050 -0.002734 1.000000
-0.623992 -0.758778 764.953839
-0.408451 -0.812490 198.601618
-0.000819 -0.001888 1.000000
-0.412435 -0.757130 636.353929
-0.232762 -0.877109 86.211149
-0.000609 -0.001881 1.000000
-0.596567 -0.664046 724.308642
-0.370493 -0.708569 156.081563
-0.000866 -0.001462 1.000000
-0.661617 -0.565272 802.828634
-0.232624 -0.389786 154.048169
-0.000942 -0.001105 1.000000
-0.413112 -0.906830 638.249406
-0.311748 -0.804620 107.402954
-0.000689 -0.001711 1.000000
-1.130810 0.057766 1013.800077
-0.746216 0.030180 -677.200433
-0.002247 0.000058 1.000000
-0.364488 -1.534396 206.372107
-0.365469 -0.520923 -42.540318
-0.000437 -0.002271 1.000000
-0.409481 -0.945600 255.146707
-0.274053 -0.470334 -20.976151
-0.000638 -0.001726 1.000000
-0.159652 -1.381824 70.351553
-0.159144 -0.699906 -316.798723
-0.000284 -0.002438 1.000000
-0.371004 -0.578445 176.304929
-0.313434 -0.665850 181.613784
-0.000739 -0.001683 1.000000
-0.123801 -0.477262 453.219147
-0.115332 -0.833382 -19.027066
-0.000147 -0.002155 1.000000
-0.531567 -0.792974 558.475605
-0.227500 -0.670943 140.389806
-0.000398 -0.001927 1.000000
-0.699366 -0.531163 641.429978
-0.223859 -0.889092 149.354142
-0.000949 -0.001778 1.000000
0.064063 -1.480179 371.851556
0.053719 -1.185358 55.844936
0.000733 -0.003159 1.000000
0.061417 -0.970304 500.638819
-0.065221 -0.453884 91.112343
0.000067 -0.001926 1.000000
-0.608448 -0.936858 626.037778
0.069649 -1.491694 114.364783
-0.000087 -0.002954 1.000000
-0.386558 -0.620228 134.327812
-0.274240 -0.493034 279.702787
-0.000631 -0.001572 1.000000
-0.792400 -0.614710 302.902154
-0.437602 -0.526333 101.962741
-0.001101 -0.001258 1.000000
-0.168570 -0.682162 335.273380
-0.153481 -0.630120 110.718493
-0.000416 -0.001931 1.000000
-0.587499 -0.713630 359.494361
-0.284615 -0.470926 115.625565
-0.000704 -0.001609 1.000000
-0.365187 -0.917683 356.989607
-0.306012 -0.499446 185.883307
-0.000579 -0.001745 1.000000
-0.377902 -0.553997 239.122502
-0.423710 -0.181128 238.495408
-0.001199 -0.000673 1.000000
0.453520 -0.782921 234.502389
-0.038861 -0.113681 248.616218
-0.000184 -0.001341 1.000000
0.847457 -0.079932 57.856843
-0.026220 1.107810 -94.261357
-0.000211 0.000061 1.000000
-2.876347 -1.719917 1380.639130
0.382929 -5.056661 382.473006
-0.000546 -0.006407 1.000000
0.638099 -0.342511 212.998669
-0.022062 0.737739 9.631910
-0.000165 -0.000502 1.000000
0.760024 -0.266748 111.070403
0.020750 0.731332 -20.780395
-0.000043 -0.000576 1.000000
1.193556 0.050754 3.759393
0.107101 1.498759 -183.633703
0.000126 0.000297 1.000000
0.565577 -0.733616 163.762736
-0.151941 -0.152245 348.803373
-0.000380 -0.000905 1.000000
-0.142217 -0.538348 82.644580
-0.461602 -0.081827 310.135818
-0.001294 -0.000497 1.000000
0.522459 -0.921011 187.668698
-0.014239 -0.104795 146.830946
-0.000125 -0.001704 1.000000
1.959741 0.035319 -208.021486
0.134928 2.195033 -425.279040
0.000552 0.000590 1.000000
1.000000 0.000000 0.000000
-0.000000 1.000000 0.000000
-0.000000 -0.000000 1.000000
0.940124 0.055910 30.304343
-0.038429 1.098575 -41.667446
-0.000138 0.000160 1.000000
0.848251 -0.181714 66.189982
-0.063358 0.628880 248.563922
-0.000041 -0.000415 1.000000
0.923167 -0.029076 45.944341
-0.075769 1.108096 -5.993475
-0.000181 0.000158 1.000000
-0.797032 -0.540725 304.095674
-0.503740 -0.324884 -218.960424
-0.001409 -0.001161 1.000000
0.507538 -0.830201 297.679605
-0.060549 0.205447 22.661794
0.000001 -0.001505 1.000000
0.305002 -0.181377 104.639031
-0.490513 0.901066 93.343383
-0.001079 0.000324 1.000000
7.074326 -10.308015 4815.816068
4.427884 -6.726225 561.955839
0.012703 -0.021108 1.000000
10.741217 -12.905094 6443.567586
7.437213 -9.467001 37.020331
0.015758 -0.021640 1.000000
0.224283 -1.346308 341.243778
0.036542 -1.270056 -51.192997
0.000231 -0.002934 1.000000
0.566165 -2.055313 917.766599
0.907063 -2.522529 -369.049014
0.001782 -0.004882 1.000000
-0.248514 -1.046713 267.919372
-0.029366 -1.644074 70.031186
-0.000257 -0.002887 1.000000
-0.558326 -0.818253 179.213998
-0.460488 -0.408082 263.318450
-0.000900 -0.001215 1.000000
0.023695 -1.416990 647.848144
0.065416 -1.031221 -57.402723
0.000178 -0.002447 1.000000
0.384670 -2.567586 836.573564
0.641931 -3.345202 172.320352
0.001455 -0.005732 1.000000
0.048575 -1.487437 597.993126
0.019087 -1.603853 20.589635
0.000222 -0.003277 1.000000
0.387766 -1.214471 620.816661
-0.100248 -0.861969 107.753090
-0.000046 -0.002373 1.000000
0.025937 -1.456760 647.193511
0.202767 -1.027827 -154.469858
0.000378 -0.002952 1.000000
0.123575 -1.044476 759.475046
-0.014819 -0.869682 -65.363261
-0.000192 -0.002345 1.000000
0.611194 -1.718566 1021.039222
0.227547 -1.347157 -249.183171
0.000522 -0.003309 1.000000
0.992550 -2.318968 878.041980
0.972187 -1.630981 -426.300775
0.001994 -0.004890 1.000000
-0.467667 -0.760104 462.977251
-0.185789 -0.719012 22.262719
0.000179 -0.002340 1.000000
0.492388 -1.950024 499.063793
0.446215 -1.475254 -278.191323
0.000740 -0.003880 1.000000
0.363835 -1.417649 527.008056
0.044914 -0.256944 -54.283094
0.000416 -0.002609 1.000000
3.735615 -3.230669 1492.704166
2.492095 -1.728628 -671.705857
0.006217 -0.006618 1.000000
0.236468 -1.374782 462.158479
-0.040929 -1.019079 244.031948
0.000012 -0.002261 1.000000
-0.349425 -0.851452 254.067557
-0.332529 -0.687440 134.261389
-0.000965 -0.001270 1.000000
-0.249945 -1.151340 326.664722
-0.202839 -1.228675 310.698370
-0.000531 -0.002176 1.000000
0.485837 -1.869736 573.092134
0.316980 -1.710963 40.643980
0.000647 -0.003587 1.000000
0.406266 -1.365140 550.003829
0.215667 -1.513079 182.548703
0.000292 -0.002788 1.000000
0.987750 -2.261277 726.559571
0.961586 -2.435517 150.106954
0.001763 -0.004518 1.000000
0.354467 -1.154954 453.853675
0.059062 -0.897306 135.942894
0.000240 -0.002520 1.000000
-0.146396 -0.767427 218.679423
-0.212257 -0.766552 -32.215408
-0.000328 -0.002002 1.000000
0.614444 -1.682277 804.391744
0.406861 -1.931623 333.545726
0.000771 -0.003563 1.000000
0.597550 -1.917417 656.938143
0.219869 -1.779396 176.811911
0.000913 -0.003819 1.000000
-0.004769 -1.155560 324.197685
0.002165 -1.201893 254.804659
-0.000224 -0.002153 1.000000
0.069298 -0.740148 -54.591556
0.037840 -1.005470 68.055261
0.000216 -0.002443 1.000000
-0.177352 -0.998796 366.231314
-0.147154 -1.285744 282.405154
-0.000178 -0.002236 1.000000
0.200084 -1.008300 375.950331
-0.028208 -0.987487 225.060595
-0.000051 -0.002109 1.000000
-0.148790 -0.878595 612.091284
-0.211495 -1.283863 277.739689
-0.000499 -0.002161 1.000000
4.804008 -7.791061 464.479045
3.985280 -4.590929 -4115.663732
0.011840 -0.017193 1.000000
-0.422425 -1.081188 335.133498
-0.351615 -0.321947 -72.088133
-0.000855 -0.001322 1.000000
-0.216739 -1.502473 471.475712
-0.109177 -0.992975 78.640159
-0.000360 -0.002183 1.000000
0.562523 -2.367967 224.655860
0.151263 -1.347738 95.509568
0.000489 -0.003375 1.000000
0.616393 -1.289811 456.859084
0.233312 -0.553826 35.895186
0.000663 -0.002482 1.000000
1.494870 -2.419718 707.472575
0.557783 -1.140404 -83.414420
0.001805 -0.004174 1.000000
0.022152 -0.769804 648.406939
-0.182632 -1.038320 411.694108
-0.000250 -0.001859 1.000000
-0.186804 -0.559361 708.692288
-0.920779 -0.480354 353.786174
-0.001288 -0.001144 1.000000
0.110570 -1.881754 371.402952
0.177195 -1.606774 363.054085
0.000267 -0.002882 1.000000
-0.292548 -1.169184 309.781556
-0.231553 -1.039469 169.046649
-0.000390 -0.002023 1.000000
-0.283246 -1.253248 598.598430
-0.122721 -1.301496 237.445221
-0.000125 -0.002438 1.000000
-0.452808 -1.175883 186.731784
-0.154117 -0.369060 246.294218
-0.000732 -0.001671 1.000000
-0.230444 -1.574452 903.902350
-0.056339 -1.353227 177.191157
-0.000169 -0.002527 1.000000
-3.224538 2.732210 4089.853251
-3.199440 1.740587 1530.787762
-0.008175 0.005922 1.000000
-0.275392 -0.885565 -315.396246
-0.161337 -0.551720 467.410328
-0.000354 -0.001805 1.000000
0.383210 -1.111396 476.620245
0.197116 -1.087568 225.290741
0.000418 -0.002570 1.000000
-0.177445 -0.808345 451.652197
-0.063604 -0.787197 59.363296
-0.000163 -0.001967 1.000000
-0.520442 -0.720141 673.580721
-0.321295 -0.746133 233.396095
-0.000625 -0.001429 1.000000
0.656445 -2.979467 464.117331
0.392253 -2.119723 -187.927519
0.001268 -0.004397 1.000000
0.080400 -1.442029 626.844346
0.127570 -1.527235 -3.763178
0.000405 -0.003089 1.000000
-0.406010 -1.029721 499.111076
-0.436796 -0.912680 112.831169
-0.000776 -0.001725 1.000000
-0.402677 -1.162059 464.916606
-0.423494 -0.736143 168.499598
-0.000606 -0.001731 1.000000
-0.542573 -0.610394 760.410387
-0.420695 -0.441133 100.550511
-0.000982 -0.001177 1.000000
0.177022 -1.457174 1799.761265
-0.075827 -0.894571 323.781307
0.000135 -0.002588 1.000000
-0.088426 -2.255993 444.701098
0.054957 -1.966923 187.802563
0.000435 -0.003828 1.000000
-0.313406 -1.017768 669.418793
-0.284873 -1.300718 285.458807
-0.000597 -0.002071 1.000000
1.194971 -2.451569 1103.544913
1.428053 -3.636811 -264.480503
0.002741 -0.006619 1.000000
