0.205406 -1.390206 634.765529
-0.022253 -0.340224 -80.983678
0.000168 -0.002158 1.000000
-0.079077 -0.735430 248.962110
-0.080925 -0.418456 2.930519
-0.000146 -0.002152 1.000000
-0.055782 -0.325689 167.685522
-0.054824 -0.287886 108.056161
-0.000054 -0.001723 1.000000
-0.103956 -0.743425 110.262379
-0.052272 -0.724242 98.976785
-0.000187 -0.002274 1.000000
0.067035 -0.553074 120.201790
0.027604 -0.419875 21.267679
0.000319 -0.002160 1.000000
0.040884 -0.490190 101.250982
0.052267 -0.462122 110.890690
0.000188 -0.002193 1.000000
0.120045 -0.932223 117.111524
0.041147 -0.534114 -43.577201
0.000009 -0.002248 1.000000
0.040016 -0.419959 65.118428
0.044335 -0.521471 13.635129
0.000148 -0.002387 1.000000
-0.031977 -0.482184 62.639053
0.001096 -0.513609 94.443490
-0.000107 -0.001874 1.000000
0.052999 -1.380948 738.149865
-0.091864 -0.959258 91.181676
-0.000092 -0.002436 1.000000
0.238765 -1.033913 383.281777
0.031717 -0.388782 -75.902846
0.000187 -0.002303 1.000000
0.060169 -0.635676 -0.404821
-0.037983 -0.729427 98.294227
-0.000074 -0.002369 1.000000
0.100621 -1.425238 566.832287
-0.095996 -0.546254 -42.814486
0.000041 -0.002425 1.000000
-0.273406 -0.850399 443.722461
-0.035731 -0.625973 -71.029214
-0.000431 -0.001813 1.000000
0.083027 -0.440065 264.696884
0.028103 -1.034876 142.726234
0.000072 -0.002401 1.000000
-0.026932 -0.712637 174.849249
0.051175 -0.392131 -65.803561
0.000046 -0.002197 1.000000
0.000417 -0.419886 110.192626
0.071167 -0.319090 -50.933619
0.000335 -0.002321 1.000000
0.216094 -0.794071 26.340677
0.137379 -0.725416 -128.854640
0.000559 -0.002967 1.000000
-0.034005 -0.668455 234.967097
-0.074298 -0.254067 -6.195595
0.000027 -0.002007 1.000000
-0.086129 -0.515455 218.928666
0.008731 -0.293203 20.670351
-0.000104 -0.001788 1.000000
0.079210 -0.492300 189.610125
0.049241 -0.441571 7.046886
0.000143 -0.002140 1.000000
2.395761 -3.277000 -2241.125825
1.346395 -3.488442 -235.033144
0.003450 -0.006353 1.000000
20.626345 -21.702557 -27217.026167
22.116236 -26.817833 -12646.926150
0.038419 -0.042331 1.000000
-0.089055 -0.539341 347.418793
-0.047950 -0.478727 8.034308
-0.000085 -0.001980 1.000000
-0.010124 -1.014016 335.373995
-0.050997 -0.710435 -54.203543
0.000046 -0.002519 1.000000
0.635221 -1.761416 378.316482
0.135189 -0.747418 -225.758529
0.000653 -0.003469 1.000000
0.043211 -0.548184 155.347157
0.030305 -0.521852 131.383824
0.000200 -0.002119 1.000000
-0.226362 -0.511674 198.231950
-0.135835 -0.553570 153.783696
-0.000413 -0.001704 1.000000
0.007267 -0.451451 195.945081
-0.023023 -0.490291 39.197954
0.000094 -0.002139 1.000000
-0.020741 -0.662093 338.707964
-0.056600 -0.955487 111.506688
-0.000217 -0.002238 1.000000
-0.096692 -0.810042 328.687362
-0.077850 -0.821587 83.871700
-0.000204 -0.002202 1.000000
0.400692 -2.144015 277.959256
0.367018 -1.287696 -541.395529
0.000353 -0.003327 1.000000
0.028969 -0.643403 157.631792
0.025753 -0.485537 -113.125160
0.000194 -0.002539 1.000000
0.063273 -1.043151 452.314925
0.030981 -0.592348 -101.147171
0.000275 -0.002610 1.000000
0.021533 -0.479483 78.981153
0.287361 -0.784692 41.927303
0.000688 -0.002635 1.000000
0.165267 -1.139350 318.312823
0.000651 -0.724366 -102.312979
0.000179 -0.002677 1.000000
0.108532 -0.763978 152.848965
0.134533 -0.596333 -68.022127
0.000388 -0.002454 1.000000
-0.000790 -0.435204 142.009159
-0.026397 -0.301001 47.234345
0.000133 -0.001950 1.000000
-0.009623 -0.874563 277.086979
0.009799 -0.599472 -69.096579
0.000164 -0.002425 1.000000
-0.046758 -0.344587 113.578886
-0.016774 -0.317680 68.065129
-0.000180 -0.001670 1.000000
-0.013763 -0.450948 167.069603
-0.066141 -0.277155 48.116455
0.000214 -0.002157 1.000000
0.085593 -0.321994 -23.054057
0.027984 -0.389099 105.004375
0.000240 -0.001959 1.000000
-0.141312 -0.346155 209.242444
-0.075008 -0.388926 56.410084
0.000010 -0.002042 1.000000
-0.061720 -0.414210 215.619182
0.036775 -0.161802 -12.874420
0.000023 -0.001800 1.000000
0.001122 -0.416813 130.639393
0.057397 -0.157235 -38.578471
0.000166 -0.001938 1.000000
-0.067528 -0.774430 237.220463
0.012287 -0.308458 -25.230988
-0.000031 -0.002055 1.000000
-0.128759 -1.022063 388.419569
-0.106131 -0.509162 -36.194987
-0.000174 -0.002076 1.000000
0.014993 -0.998398 388.950462
-0.053328 -0.422254 -123.060901
-0.000092 -0.002264 1.000000
0.040010 -1.033824 555.833101
0.052312 -0.395827 -72.005798
0.000073 -0.002197 1.000000
-0.014533 -0.863204 210.048722
-0.199711 -0.528242 53.506906
-0.000300 -0.001993 1.000000
0.331443 -1.107221 365.673277
-0.076089 -0.287678 -50.774677
0.000119 -0.002237 1.000000
0.719107 -1.350671 556.967332
0.046917 -0.264026 -82.640449
0.000500 -0.002321 1.000000
0.132356 -0.589218 147.264981
0.024431 -0.236590 -88.988440
-0.000073 -0.001834 1.000000
0.026202 -0.649173 178.235858
0.020113 -0.440544 -43.815527
0.000167 -0.002334 1.000000
0.007571 -0.306747 118.974544
-0.044316 -0.178857 50.191089
-0.000129 -0.001579 1.000000
-0.117681 -1.305268 422.243090
0.032338 -0.683870 -61.811250
0.000065 -0.002774 1.000000
0.139412 -0.665947 157.413343
-0.085489 -0.378900 -26.299538
-0.000128 -0.002012 1.000000
-0.164565 -1.030788 438.347059
0.020319 -0.632722 -101.566071
0.000076 -0.002531 1.000000
-0.116868 -1.309322 380.698013
0.116616 -0.713062 -0.039411
0.000091 -0.002499 1.000000
-0.026465 -0.752856 180.496049
0.003344 -0.501953 17.201251
-0.000048 -0.002166 1.000000
-0.029722 -0.455130 127.779959
-0.072520 -0.159389 17.635877
0.000239 -0.002122 1.000000
-0.020152 -0.699098 263.215709
0.111605 -0.719737 18.694258
0.000321 -0.002534 1.000000
-0.060347 -0.206632 121.792798
-0.022968 -0.126887 30.155140
-0.000144 -0.001711 1.000000
0.196926 -1.441799 429.050268
-0.126601 -0.975586 48.194282
-0.000104 -0.002697 1.000000
-0.157443 -0.904820 648.460800
-0.113740 -0.443293 -19.644173
-0.000399 -0.001792 1.000000
0.275671 -1.087692 422.828336
-0.011762 -0.170125 -111.857841
0.000004 -0.001912 1.000000
0.136012 -1.002683 398.290427
-0.068829 -0.227474 -7.346656
-0.000139 -0.001843 1.000000
-0.057875 -0.471675 111.981890
-0.024508 -0.456842 38.589505
-0.000124 -0.001931 1.000000
0.070472 -1.073598 290.315469
-0.121555 -0.329638 -190.617005
-0.000044 -0.002258 1.000000
0.102287 -1.325864 709.274291
-0.053665 -0.724193 -8.978403
0.000169 -0.002566 1.000000
0.008929 -0.495163 215.042066
0.074744 -0.275370 -45.999513
0.000000 -0.001822 1.000000
0.001306 -1.418788 630.097212
-0.016972 -0.708043 6.687880
0.000105 -0.002508 1.000000
0.043662 -0.457224 152.469380
-0.106147 -0.332167 -14.524819
-0.000410 -0.001859 1.000000
0.028110 -1.504333 714.279786
-0.070920 -0.598704 -118.591694
-0.000158 -0.002177 1.000000
-0.006824 -1.172477 317.717467
0.041886 -0.513981 -85.299194
-0.000055 -0.002271 1.000000
0.143915 -0.904627 426.391357
0.122160 -0.921918 -39.376232
0.000485 -0.002854 1.000000
0.052159 -0.387815 81.738735
0.065146 -0.293836 27.077390
0.000304 -0.002116 1.000000
0.080067 -0.348778 163.251662
0.014220 -0.143352 49.619774
0.000410 -0.001986 1.000000
0.067280 -0.598085 72.342215
-0.174970 -0.670210 160.231660
-0.000252 -0.001977 1.000000
0.071375 -1.065063 249.910908
-0.037767 -0.585657 -3.200806
-0.000203 -0.002097 1.000000
0.080090 -0.917498 312.752379
-0.050623 -0.321570 -39.620434
-0.000282 -0.001757 1.000000
0.061503 -1.262129 433.580543
-0.053641 -0.613647 -34.949046
-0.000153 -0.002328 1.000000
-0.082849 -1.037902 296.982231
-0.184490 -0.848620 102.906537
-0.000378 -0.002236 1.000000
0.056014 -1.158921 642.764987
0.102136 -0.773001 -11.885918
0.000245 -0.002592 1.000000
-0.056855 -0.281221 184.964158
-0.015091 -0.109300 49.041955
-0.000231 -0.001503 1.000000
0.058825 -0.409202 211.168608
0.047762 -0.113661 -6.607149
0.000236 -0.001838 1.000000
0.172606 -1.154895 352.070323
-0.222918 -0.744238 114.186804
-0.000183 -0.002351 1.000000
-0.118643 -0.914241 244.031377
-0.036304 -1.044792 112.486818
0.000019 -0.002690 1.000000
0.012605 -0.434576 146.535784
0.035031 -0.201345 17.501282
0.000155 -0.001981 1.000000
0.202526 -1.174909 280.285847
-0.190978 -0.814427 107.612556
-0.000052 -0.002491 1.000000
0.347634 -1.396507 369.139064
0.007088 -0.532885 -107.785775
0.000084 -0.002349 1.000000
0.077349 -1.064451 383.769866
-0.011821 -0.377175 -70.789112
-0.000029 -0.001979 1.000000
0.048158 -1.102243 493.705785
-0.019404 -0.608239 -45.140967
-0.000048 -0.002257 1.000000
-0.059191 -0.434833 164.228295
0.038956 -0.155256 -62.342109
0.000195 -0.001960 1.000000
-0.026131 -0.824551 156.111349
0.032276 -0.475422 -22.145652
0.000164 -0.002570 1.000000
-0.157476 -1.384429 749.087172
-0.070463 -0.818743 1.136706
-0.000047 -0.002460 1.000000
0.003669 -0.734079 177.491905
-0.073419 -0.435024 29.941092
-0.000107 -0.002138 1.000000
0.136494 -0.989566 274.315927
-0.108227 -0.515938 2.401345
-0.000098 -0.002212 1.000000
0.216405 -1.369075 552.982832
0.001447 -0.708018 -32.641301
0.000067 -0.002507 1.000000
0.222119 -1.268828 365.417938
-0.081908 -0.619907 13.758289
-0.000033 -0.002270 1.000000
0.304230 -1.241963 323.561319
-0.007581 -0.539095 42.146027
0.000012 -0.002261 1.000000
0.020386 -1.259938 325.407902
-0.017531 -0.973775 -11.608787
-0.000192 -0.002643 1.000000
0.157109 -1.035367 295.943276
-0.145131 -0.569471 65.344043
-0.000096 -0.002098 1.000000
0.130531 -1.782511 544.416259
-0.137422 -1.092418 55.550450
0.000059 -0.003181 1.000000
-0.015905 -0.941290 274.485545
-0.179168 -0.779077 135.040219
-0.000259 -0.002221 1.000000
0.002300 -0.834650 241.929751
-0.022021 -0.485590 -2.615477
-0.000084 -0.002315 1.000000
0.077545 -0.964233 256.037496
0.058208 -0.553451 -44.481703
0.000480 -0.002872 1.000000
-0.084371 -1.420107 648.435836
-0.148891 -0.893599 164.495002
-0.000361 -0.002297 1.000000
0.166062 -1.710435 402.188297
-0.005449 -0.761936 -84.375025
0.000114 -0.002937 1.000000
0.134511 -1.341390 192.757834
0.042780 -0.978809 46.637111
0.000060 -0.002688 1.000000
-0.065544 -0.910026 239.075507
-0.182192 -0.739922 149.717968
-0.000245 -0.002268 1.000000
-0.124807 -1.109209 322.205051
-0.146137 -0.762363 70.731815
-0.000359 -0.002053 1.000000
0.521967 -1.852219 692.977840
0.043792 -0.395096 -106.550305
0.000476 -0.002627 1.000000
0.484314 -1.600139 584.373754
-0.018880 -0.488386 -75.968064
0.000336 -0.002458 1.000000
0.282675 -1.090300 294.819323
-0.011801 -0.500238 -89.100292
-0.000049 -0.002190 1.000000
0.044056 -1.074645 165.697921
0.235466 -0.810788 -171.346832
0.000557 -0.003006 1.000000
0.570222 -2.393672 473.017819
0.113135 -1.231197 -85.357566
0.000432 -0.003482 1.000000
0.038556 -1.219629 512.416905
-0.014078 -0.380834 -66.289827
-0.000205 -0.002021 1.000000
0.247216 -1.495103 477.641455
-0.003304 -0.676814 -31.538857
-0.000022 -0.003035 1.000000
0.037166 -1.272203 526.862678
0.027286 -0.463280 -135.303642
-0.000010 -0.002275 1.000000
0.210095 -1.176285 436.610576
-0.115106 -0.451268 5.407548
0.000060 -0.002264 1.000000
0.613513 -2.022735 749.611365
0.071420 -0.604641 -93.396226
0.000587 -0.002901 1.000000
0.805797 -1.715008 631.081348
0.153264 -0.528852 -186.792837
0.000593 -0.002682 1.000000
0.158026 -1.699047 632.690035
-0.000815 -0.580966 -105.403419
0.000112 -0.002473 1.000000
0.333729 -1.249068 504.169703
0.028873 -0.348954 -129.554255
0.000103 -0.002159 1.000000
-0.051383 -1.352365 573.619651
0.027691 -0.640639 -77.218480
-0.000023 -0.002247 1.000000
0.062919 -0.988160 426.984796
-0.023500 -0.452574 -69.954472
-0.000124 -0.002028 1.000000
0.444476 -1.529076 638.496268
0.050414 -0.510430 -97.610784
0.000381 -0.002618 1.000000
0.045467 -0.954219 378.955067
0.070313 -0.732037 76.203417
-0.000014 -0.002249 1.000000
0.067832 -1.089437 407.476169
-0.083027 -0.577692 57.066669
-0.000073 -0.002200 1.000000
0.104464 -0.882028 400.830225
0.084157 -0.599880 -70.036503
0.000218 -0.002286 1.000000
0.033861 -0.868940 319.964396
0.142023 -0.403277 -210.144056
0.000201 -0.002348 1.000000
0.149696 -0.702633 249.688344
0.003765 -0.748365 24.082364
0.000044 -0.002202 1.000000
-0.003949 -1.043315 416.466055
-0.030162 -0.704489 -50.229135
-0.000005 -0.002410 1.000000
0.110309 -1.248828 461.823127
-0.068918 -0.659762 74.102713
-0.000007 -0.002375 1.000000
0.055835 -1.242643 614.274443
-0.031042 -0.636185 -10.907247
0.000016 -0.002365 1.000000
0.091585 -1.456043 563.499892
-0.153368 -0.812291 140.970359
-0.000019 -0.002482 1.000000
0.044524 -1.292774 363.533437
-0.058211 -0.768666 3.433051
-0.000181 -0.002402 1.000000
0.372952 -1.872235 790.514043
0.078646 -0.733218 -27.036859
0.000453 -0.002796 1.000000
0.650344 -1.875078 558.121663
0.422369 -0.803437 -560.249278
0.001064 -0.003248 1.000000
0.202407 -1.803793 905.525257
-0.017631 -0.370552 42.088409
0.000058 -0.002218 1.000000
-0.249884 -1.175849 668.675897
-0.050974 -0.491070 -85.352600
-0.000215 -0.002247 1.000000
-0.097873 -0.653132 6.929642
-0.103124 -0.408079 139.987829
-0.000213 -0.001880 1.000000
0.972942 -2.630727 749.166390
0.361877 -0.850109 -481.207562
0.001555 -0.003905 1.000000
0.074607 -1.692188 1116.652168
0.095362 -0.471219 51.232992
0.000293 -0.002157 1.000000
0.518138 -1.179783 448.122214
0.151839 -0.422305 -30.510476
0.000462 -0.002390 1.000000
0.257658 -0.964660 382.909683
0.057421 -0.427347 45.162960
0.000212 -0.002135 1.000000
0.047044 -1.056659 397.219644
-0.000976 -0.441834 -43.556530
0.000074 -0.002254 1.000000
0.147227 -0.840923 269.463614
-0.052235 -0.300217 74.381253
0.000019 -0.001989 1.000000
0.097114 -0.941029 346.969351
-0.018863 -0.654337 123.709641
0.000301 -0.002473 1.000000
1.212362 -2.204276 849.474572
0.353955 -0.147168 -181.405352
0.001708 -0.003321 1.000000
0.569648 -2.065189 876.902112
0.108603 -0.341554 -52.932994
0.000760 -0.002909 1.000000
0.573294 -2.321717 885.402724
0.140418 -0.674246 -16.410257
0.000727 -0.003119 1.000000
0.113560 -1.635125 559.231828
0.063325 -0.905427 -107.938372
0.000085 -0.002819 1.000000
0.242674 -1.931062 866.169886
0.021124 -0.470629 28.171258
0.000150 -0.002328 1.000000
-0.178689 -1.641888 1042.049101
-0.024774 -0.203825 69.155454
-0.000137 -0.001724 1.000000
0.454796 -1.824427 925.650263
0.348667 -0.826293 -156.358328
0.000945 -0.003001 1.000000
0.296824 -1.678329 1017.346542
0.077549 -0.634410 -60.965478
0.000466 -0.002724 1.000000
0.369089 -1.768030 940.768208
0.062079 -0.665476 50.120685
0.000290 -0.002405 1.000000
0.786464 -0.655620 152.474242
-0.008579 0.389748 -28.165650
0.000217 -0.001285 1.000000
0.519352 -0.930958 378.122738
0.040873 0.129382 -17.588008
0.000215 -0.001487 1.000000
0.158103 -1.260744 581.332883
0.009021 -0.464715 -155.904502
0.000218 -0.002505 1.000000
0.108325 -1.022694 353.263713
0.022183 -0.531573 -21.479409
-0.000150 -0.002065 1.000000
0.039159 -0.324863 55.248101
0.006086 -0.329367 89.468920
0.000065 -0.002002 1.000000
-0.063259 -0.228783 157.628661
-0.015101 -0.312788 38.921395
-0.000043 -0.001793 1.000000
-0.020492 -0.239800 106.805412
0.044510 -0.240216 26.421516
0.000046 -0.001801 1.000000
-0.135522 -0.383244 -57.799446
-0.153695 -1.115291 698.702166
-0.000160 -0.001885 1.000000
0.034971 -0.552594 15.732864
0.175848 -0.560821 32.612779
0.000584 -0.002835 1.000000
0.071867 -0.626946 109.081561
0.047770 -0.513558 -12.785851
0.000093 -0.002240 1.000000
-0.041045 -1.016171 245.020669
-0.145684 -0.694269 136.785062
-0.000385 -0.002045 1.000000
1.504058 0.103245 -222.454351
0.269741 1.410333 -284.368207
0.000631 -0.000277 1.000000
1.024168 -0.252826 -12.049344
0.094461 0.809051 -84.297734
0.000261 -0.000648 1.000000
-0.030309 -0.291022 -19.637290
0.060819 -0.446231 42.433771
0.000186 -0.002200 1.000000
0.026658 -0.446938 -1.896720
-0.095000 -0.767748 264.343178
0.000217 -0.002465 1.000000
-0.035933 -0.458596 43.572170
-0.100898 -0.409691 151.837858
-0.000005 -0.002145 1.000000
-0.012186 -0.365234 61.242508
0.017203 -0.372917 -44.238299
-0.000040 -0.002019 1.000000
-0.216773 -0.731408 340.595229
-0.035826 -0.360934 37.927049
-0.000109 -0.002050 1.000000
-0.082446 -0.996825 110.566488
-0.059483 -1.219087 181.650576
0.000356 -0.003168 1.000000
-0.055158 -0.195425 1.265662
-0.040885 -0.442022 225.883226
0.000003 -0.001874 1.000000
-0.127936 -0.587331 146.182046
0.050714 -0.650196 65.122195
0.000418 -0.002750 1.000000
0.012629 -0.154610 21.866243
-0.029218 -0.246686 63.290899
0.000407 -0.002245 1.000000
0.017583 -0.226885 12.932692
-0.031483 -0.538983 131.215973
0.000293 -0.002301 1.000000
0.365457 -1.723725 400.533888
0.433414 -1.066874 -429.375294
0.000652 -0.003604 1.000000
0.404180 -2.038782 835.468188
0.062589 -0.584924 -86.723579
0.000500 -0.002969 1.000000
0.492905 -1.888096 617.654323
-0.021165 -0.489856 -90.752745
0.000354 -0.002710 1.000000
0.500595 -1.259438 -149.485547
0.144823 -0.872477 70.698760
0.000937 -0.003452 1.000000
-0.037231 -0.425628 -47.579677
-0.042835 -0.468728 78.184096
0.000139 -0.002345 1.000000
0.192445 -0.803988 -108.673109
0.215848 -0.758731 -88.382102
0.001242 -0.003425 1.000000
-0.098593 -0.418721 158.166957
0.033594 -0.177618 -25.816549
0.000277 -0.002045 1.000000
0.209638 -0.853236 -155.267306
0.616192 -1.836729 634.151512
0.000823 -0.003133 1.000000
0.686978 -1.651389 286.824602
0.392704 -1.599643 -980.989569
0.000710 -0.003066 1.000000
0.029375 -0.789087 99.920269
-0.023394 -0.417032 2.505696
0.000033 -0.002056 1.000000
-0.055949 -0.603180 86.991758
-0.002278 -0.491210 42.201136
0.000152 -0.002290 1.000000
0.207339 -1.687152 231.845097
-0.012515 -0.911322 -194.718129
0.000492 -0.003464 1.000000
0.464215 -1.428984 -107.945406
0.590353 -2.123302 1694.719121
0.001362 -0.003814 1.000000
0.047097 -0.551895 -4.981840
0.336459 -1.531707 632.256311
0.000386 -0.002572 1.000000
0.670779 -1.789169 1392.694264
0.954642 -2.183098 954.402197
0.001561 -0.003674 1.000000
-0.154531 -1.303994 1011.051054
-0.225991 -1.042857 564.570822
-0.000335 -0.001736 1.000000
0.381576 -1.396845 -181.963054
0.667534 -2.054651 1181.786753
0.001291 -0.003645 1.000000
0.066043 -0.320835 -65.928492
0.188002 -0.703805 126.537196
0.000595 -0.002432 1.000000
-0.523174 -0.638869 638.968533
-0.365677 -0.578044 1639.243903
-0.001000 -0.001197 1.000000
135.484185 -95.529861 157995.001965
109.335669 -168.569346 32944.442173
0.230766 -0.238165 1.000000
0.106394 -1.836681 983.372105
0.026558 -0.196004 31.939276
0.000083 -0.001988 1.000000
-0.004440 -1.414147 1073.648377
-0.032504 -1.188304 157.531688
-0.000177 -0.002352 1.000000
0.045420 -1.722766 947.249393
-0.011063 -0.344489 68.839266
0.000057 -0.002120 1.000000
0.163396 -1.706422 931.074937
-0.002282 -0.581032 66.379001
0.000166 -0.002500 1.000000
0.161103 -1.720655 919.111924
0.218855 -1.293501 -29.566414
0.000254 -0.002889 1.000000
0.038504 -1.694513 916.991258
0.010680 -0.203023 6.725187
0.000032 -0.002013 1.000000
-0.301410 -1.575532 1026.334220
-0.124864 -0.551258 134.994893
-0.000394 -0.001957 1.000000
0.757981 -2.552802 1240.057345
0.034285 -0.605975 43.799531
0.000931 -0.003088 1.000000
0.028243 -1.067623 644.276488
0.040800 -1.253530 863.679810
-0.000092 -0.002003 1.000000
0.373086 -1.195210 110.825268
-0.026641 -0.646067 -86.188789
0.000602 -0.002822 1.000000
-1.926979 0.711135 1040.294350
-1.178657 0.337327 2334.147744
-0.002805 0.001032 1.000000
-9.481783 15.251593 14384.930467
-10.487674 10.984855 785.820086
-0.023687 0.026964 1.000000
0.423749 -2.291766 898.051299
0.062164 -0.950722 128.868946
0.000409 -0.002870 1.000000
0.085053 -1.855254 1000.588137
0.010723 -0.235175 43.813146
0.000078 -0.001982 1.000000
2.224600 -3.998407 1395.041898
0.483000 -1.859379 -231.034548
0.002194 -0.005303 1.000000
0.236071 -0.936345 488.078529
0.135843 -0.551546 -18.949620
0.000208 -0.002081 1.000000
1.707097 -3.382984 4187.197384
1.850708 -3.894199 2384.628708
0.003401 -0.005816 1.000000
0.150188 -1.618522 994.307870
0.127210 -1.489215 929.443869
0.000243 -0.002541 1.000000
0.129999 -1.925729 1022.716957
0.069904 -0.458459 80.645291
0.000209 -0.002231 1.000000
0.299231 -1.554962 1213.004027
0.273240 -1.604355 827.066944
0.000465 -0.002613 1.000000
-0.014997 -1.439561 624.544721
-0.071405 -0.803623 -151.803574
-0.000114 -0.002493 1.000000
-0.086765 -1.188781 974.730070
-0.054293 -0.533958 27.096158
-0.000163 -0.001930 1.000000
0.127722 -0.765822 289.472341
0.028215 -0.334300 101.464274
0.000364 -0.002211 1.000000
-0.240413 -1.468725 984.466003
-0.058630 -0.230897 71.118712
-0.000297 -0.001675 1.000000
-0.076022 -1.605361 914.790628
-0.031263 -0.570491 75.018703
-0.000071 -0.002218 1.000000
0.302074 -2.243802 724.846355
0.283589 -1.168894 -515.507604
0.000772 -0.003714 1.000000
-0.004838 -1.431112 845.185707
-0.016640 -0.389081 -22.077477
-0.000000 -0.002010 1.000000
0.126270 -1.675446 713.940025
-0.010774 -0.785272 -143.931171
0.000457 -0.003165 1.000000
0.290408 -1.479214 426.796272
0.234231 -0.787184 -375.811193
0.000630 -0.003215 1.000000
-0.045373 -0.992521 331.376639
-0.114387 -0.753649 32.130312
-0.000128 -0.002474 1.000000
0.065794 -1.679490 944.807283
0.021526 -0.261087 46.058354
0.000112 -0.001906 1.000000
-0.260195 -1.082189 610.075083
-0.178747 -0.388875 35.896749
-0.000314 -0.001803 1.000000
0.071637 -1.882296 1014.507541
-0.008892 -0.206652 56.889537
0.000145 -0.002021 1.000000
0.060758 -1.750405 879.608337
-0.085136 -0.610316 94.649988
0.000025 -0.002402 1.000000
-0.060246 -1.163607 488.910299
-0.045701 -0.666649 3.813044
-0.000045 -0.002196 1.000000
-0.395718 -1.249184 963.921755
-0.141883 -0.370746 104.992811
-0.000482 -0.001640 1.000000
0.025150 -0.742530 156.693349
-0.004623 -0.728576 344.757603
0.000136 -0.001836 1.000000
0.220577 -1.798012 885.451596
0.005501 -0.359066 42.146029
0.000265 -0.002458 1.000000
0.718656 -2.352186 1016.792066
0.245649 -0.548656 -23.406403
0.000830 -0.002681 1.000000
0.020783 -1.735719 1058.466209
0.014949 -0.291652 -123.103184
0.000142 -0.002209 1.000000
-0.013434 -0.773547 340.162783
-0.005250 -0.166853 -58.303409
-0.000012 -0.001888 1.000000
-0.207763 -1.010063 732.798886
-0.084480 -0.234406 67.149695
-0.000292 -0.001561 1.000000
-0.128864 -1.194411 816.911044
-0.046319 -0.287494 57.965074
-0.000185 -0.001720 1.000000
-0.034714 -1.007290 547.264955
-0.080454 -0.349478 21.794774
0.000023 -0.001967 1.000000
-0.141055 -0.896909 569.530745
-0.025446 -0.282760 -29.624602
-0.000043 -0.001798 1.000000
0.369142 -1.328750 430.470586
0.052257 -0.627015 19.554009
0.000227 -0.002537 1.000000
0.069519 -1.150673 616.395945
0.011585 -0.473768 -21.284090
0.000151 -0.002207 1.000000
0.061981 -1.317078 683.140153
-0.063576 -0.508567 -13.630000
0.000018 -0.002210 1.000000
0.203228 -1.184522 508.970238
-0.076170 -0.529402 16.356039
0.000018 -0.002183 1.000000
-0.087190 -0.918105 496.900373
-0.050673 -0.649638 114.984052
-0.000108 -0.002055 1.000000
0.088285 -1.501967 754.937881
-0.047867 -0.394334 -14.380322
0.000048 -0.002144 1.000000
0.671085 -1.596797 360.998309
0.462892 -0.635953 -206.293600
0.001087 -0.002969 1.000000
0.351952 -1.310908 482.346547
-0.048673 -0.407118 4.051096
0.000117 -0.002190 1.000000
0.219591 -1.442305 488.504374
0.304979 -1.138075 82.477877
0.000487 -0.002800 1.000000
0.169749 -1.225144 532.298216
0.089313 -0.632206 -1.608483
0.000059 -0.002236 1.000000
0.441705 -1.190608 579.151401
0.064219 0.235036 -59.010948
0.000305 -0.001571 1.000000
0.118763 -1.736681 1010.471899
0.010916 -0.265603 105.021860
0.000142 -0.001928 1.000000
0.042533 -0.754472 375.951894
0.022197 -0.138807 8.477510
-0.000016 -0.001687 1.000000
-0.011076 -1.421064 828.159285
-0.016207 -0.181145 -37.224525
0.000047 -0.001876 1.000000
0.905593 -1.836394 502.315523
0.120847 -0.389440 -27.549016
0.000600 -0.002404 1.000000
-0.098758 -1.316376 678.743266
-0.042160 -0.473903 -1.643849
-0.000027 -0.002096 1.000000
-0.331413 -1.064583 659.288246
-0.103251 -0.288169 -14.649899
-0.000131 -0.001821 1.000000
1.000000 -0.000000 -0.000000
0.000000 1.000000 -0.000000
0.000000 -0.000000 1.000000
1.153744 0.053600 -98.056908
0.003275 1.181406 -105.412492
0.000029 0.000196 1.000000
0.517636 -0.145930 167.253341
-0.135857 0.654814 102.886163
-0.000296 -0.000254 1.000000
0.909604 0.166668 -30.352685
-0.063478 1.191347 -29.240315
-0.000124 0.000147 1.000000
0.496631 -0.460796 320.846832
-0.057741 0.662214 77.750521
-0.000079 -0.000529 1.000000
0.578006 -1.265999 386.585070
0.288825 -0.428060 -183.579277
0.001045 -0.002771 1.000000
-0.068135 -0.375431 209.938442
-0.077322 -0.247111 115.611130
0.000200 -0.001944 1.000000
0.015552 -0.859185 168.047491
0.056708 -0.717521 38.762932
0.000086 -0.002309 1.000000
0.137466 -1.316997 441.351627
-0.147683 -0.613999 130.215573
-0.000250 -0.002139 1.000000
-0.129038 -1.368147 910.916303
0.008380 -0.304417 70.116078
-0.000083 -0.001760 1.000000
0.201152 -0.614390 114.302036
0.009412 -0.512351 41.723185
-0.000004 -0.002007 1.000000
0.014368 -1.304875 249.172120
0.076982 -1.123466 87.068531
0.000224 -0.002869 1.000000
0.059454 -0.678127 104.901367
0.005211 -0.555390 67.332472
0.000175 -0.002288 1.000000
0.065111 -1.522002 743.592654
-0.021702 -0.698469 18.695402
0.000062 -0.002325 1.000000
0.027052 -0.407192 96.655364
-0.079129 -0.383289 112.169841
0.000059 -0.001924 1.000000
0.023684 -0.937043 333.739961
-0.067039 -0.581195 -18.552763
-0.000201 -0.002203 1.000000
0.000444 -0.861432 365.509071
-0.122712 -0.740831 86.494566
-0.000187 -0.002158 1.000000
-0.038393 -0.710893 219.391125
-0.036054 -0.413787 -53.704635
0.000030 -0.002130 1.000000
0.533207 -2.048542 685.197602
0.221822 -0.792819 -0.448722
0.000517 -0.002646 1.000000
-0.042911 -0.552149 167.217212
0.068877 -0.489444 -48.966998
0.000157 -0.002147 1.000000
-0.339663 -0.985920 807.980230
-0.074164 -0.225123 -59.871040
-0.000291 -0.001619 1.000000
