-0.355615 -1.494909 682.690580
-0.191341 -0.849765 48.009362
-0.000508 -0.002286 1.000000
0.068898 -1.757462 289.059702
0.015048 -0.860717 -226.810730
-0.000281 -0.002697 1.000000
-0.206669 -0.891994 294.556360
-0.061580 -0.490869 60.850260
-0.000438 -0.001906 1.000000
-0.683748 -1.067976 388.717329
-0.305276 -0.646593 148.013020
-0.001091 -0.001607 1.000000
-0.114823 -0.827110 123.752308
-0.055627 -0.659331 43.475232
-0.000035 -0.002541 1.000000
0.054500 -1.641254 -33.955896
0.148690 -0.896738 0.149559
0.000273 -0.003623 1.000000
-0.056986 -0.753526 149.834504
-0.069243 -0.846263 -8.108757
-0.000574 -0.002039 1.000000
-0.085290 -1.427187 107.323701
-0.042679 -1.396261 -54.999346
-0.000391 -0.002825 1.000000
-0.250015 -0.768845 407.034542
-0.316656 -0.780840 99.688654
-0.000652 -0.001927 1.000000
0.271151 -1.904051 740.122698
0.042679 -1.825340 55.999881
0.000225 -0.004083 1.000000
-0.420692 -1.336056 402.613329
-0.273675 -0.944435 -153.403295
-0.000821 -0.002363 1.000000
-0.082101 -1.288744 212.426886
0.049523 -1.159244 31.244336
-0.000148 -0.002991 1.000000
0.281670 -2.282270 86.820706
-0.134205 -1.856557 -26.175528
0.000083 -0.004135 1.000000
0.259878 -1.788172 476.552196
0.039919 -1.069203 -167.271854
0.000865 -0.004047 1.000000
-0.530493 -0.489393 412.968326
-0.315659 -0.345706 -14.653463
-0.001132 -0.000952 1.000000
-0.168468 -1.469359 496.087900
-0.091266 -1.163359 -38.611140
-0.000375 -0.002593 1.000000
-0.045372 -1.288161 304.581438
0.060729 -1.405026 49.956652
-0.000112 -0.002874 1.000000
-0.099081 -0.980500 327.212820
-0.114142 -1.018608 4.899743
-0.000321 -0.002540 1.000000
-0.219459 -1.049823 265.288675
-0.177381 -0.881675 -51.457504
-0.000574 -0.002082 1.000000
-0.075832 -1.240674 222.162653
-0.069527 -0.938286 65.908622
-0.000193 -0.002654 1.000000
-0.203449 -1.276042 54.052974
-0.195352 -0.898769 56.468382
-0.000352 -0.002594 1.000000
0.060023 -1.590831 149.099231
-0.094082 -1.282730 -58.519949
0.000033 -0.002794 1.000000
-0.198819 -1.722114 -63.256071
-0.020886 -1.318508 205.527532
0.000046 -0.002654 1.000000
-0.332511 -0.949639 536.966895
-0.303062 -0.920599 0.362671
-0.000781 -0.001887 1.000000
-0.289144 -1.063842 386.413156
-0.186915 -0.986568 -104.595163
-0.000458 -0.002348 1.000000
-0.181357 -1.395758 670.284020
-0.161687 -1.128986 -105.481817
-0.000442 -0.002635 1.000000
0.012053 -1.828412 181.495013
-0.063496 -1.568709 206.458124
-0.000251 -0.003236 1.000000
2.412908 -6.546405 -2446.333757
0.589393 -5.016968 -151.253797
0.005083 -0.011348 1.000000
-0.149541 -1.162510 266.169615
-0.087162 -1.097508 133.296741
-0.000061 -0.002763 1.000000
-0.119257 -0.783961 408.357279
-0.409475 -1.070380 253.814863
-0.000728 -0.002039 1.000000
-0.184589 -1.008407 363.176882
-0.321583 -1.355753 -126.040819
-0.000512 -0.003095 1.000000
-0.201747 -1.410535 387.806804
-0.347151 -1.219229 89.324472
-0.000608 -0.002627 1.000000
0.046843 -0.836949 142.976816
-0.088468 -1.009436 31.443477
-0.000329 -0.002513 1.000000
-0.439630 -0.302778 183.007869
-0.324337 -0.361821 -163.021484
-0.001031 -0.001219 1.000000
-0.183346 -0.928374 359.304946
-0.327816 -0.990152 33.719017
-0.000624 -0.002066 1.000000
0.196750 -1.401184 515.124494
0.060023 -0.665859 -151.559103
-0.000085 -0.002574 1.000000
0.168045 -1.552363 340.582375
0.066813 -1.351588 -62.500973
0.000138 -0.002995 1.000000
-0.020999 -1.115482 291.661567
-0.071101 -1.178166 -5.363563
-0.000150 -0.002621 1.000000
-0.304599 -1.397680 212.020200
-0.110300 -0.882169 -141.731651
-0.000388 -0.002385 1.000000
-0.174406 -0.681340 599.122890
-0.190307 -0.735761 37.786197
-0.000812 -0.001989 1.000000
-0.656922 -0.568255 -215.936873
-0.361648 -0.428329 -352.055485
-0.001150 -0.001269 1.000000
-0.267971 -0.795040 204.116883
0.004482 -0.970794 -165.692155
-0.000201 -0.002299 1.000000
0.218678 -1.587816 250.331750
0.249491 -1.292556 -359.184389
0.000344 -0.003509 1.000000
0.285012 -1.342534 -370.018474
0.030025 -0.649118 -556.547882
0.000792 -0.003635 1.000000
0.024415 -0.951552 144.124989
0.092149 -0.589882 -142.577852
-0.000133 -0.002392 1.000000
0.118651 -1.243681 254.102637
0.137233 -0.930491 -108.050624
0.000114 -0.002794 1.000000
-0.070439 -0.684653 360.093693
-0.081590 -0.514275 -52.795096
-0.000421 -0.002008 1.000000
0.029592 -1.091488 194.835436
0.069182 -1.169131 -268.828777
-0.000008 -0.003125 1.000000
-0.282455 -0.478931 564.148684
-0.267504 -0.782100 145.446109
-0.000998 -0.001788 1.000000
0.468252 -2.386681 67.538764
0.422611 -1.663393 -312.233213
0.001085 -0.004635 1.000000
-0.383583 -0.581817 781.846268
-0.255901 -0.427539 115.209386
-0.001014 -0.001473 1.000000
-0.210313 -0.701317 641.207409
-0.160025 -0.639360 76.999428
-0.000568 -0.002017 1.000000
-7.803714 13.463293 3528.213593
-3.844487 5.575634 6159.591288
-0.013113 0.019394 1.000000
-0.180951 -0.778370 645.972596
-0.297256 -0.766760 20.551070
-0.000843 -0.001958 1.000000
0.261886 -1.992405 193.886431
0.213643 -1.467934 -106.662623
0.000178 -0.003461 1.000000
-0.238735 -0.957551 448.310624
-0.236756 -0.659165 -97.614078
-0.000747 -0.001785 1.000000
-0.021102 -1.084853 237.838162
-0.028168 -0.704697 -155.126664
-0.000017 -0.002954 1.000000
-0.285818 -1.630022 778.226996
0.063320 -1.268686 -179.460176
-0.000013 -0.003072 1.000000
-0.133384 -1.207479 387.157407
0.058890 -0.941627 -81.073957
0.000049 -0.002845 1.000000
-0.110578 -1.120184 644.441474
-0.086594 -1.065984 -73.613895
-0.000375 -0.002587 1.000000
2.286612 -6.027524 -812.915252
1.572997 -4.121525 -2403.309387
0.006648 -0.013539 1.000000
-0.187502 -1.023143 495.554273
-0.081078 -0.576107 0.101520
-0.000414 -0.002194 1.000000
0.003548 -0.682660 83.453293
-0.015583 -0.451422 -77.662193
-0.000319 -0.002275 1.000000
-0.048640 -1.304720 584.603944
-0.033413 -0.757236 -60.117816
-0.000308 -0.002505 1.000000
1.551123 -3.931422 1935.021312
0.916263 -4.168306 -1148.968388
0.003333 -0.010312 1.000000
-0.174515 -1.343271 591.536178
-0.108846 -0.975787 8.077971
-0.000278 -0.002619 1.000000
0.020771 -1.908296 524.559299
-0.092032 -1.411672 -12.209068
0.000028 -0.003635 1.000000
-0.151291 -1.279559 565.251772
-0.077419 -0.458174 24.943365
-0.000247 -0.002333 1.000000
0.218470 -2.519064 1018.085358
0.132000 -1.745792 -39.307672
0.000794 -0.004214 1.000000
0.092435 -1.890064 774.831303
0.189823 -0.953582 -82.374303
0.000340 -0.003276 1.000000
0.203405 -1.439144 452.637260
0.129288 -1.020751 -43.115024
0.000194 -0.003074 1.000000
0.202010 -1.448528 530.128945
0.059421 -0.935227 10.279000
0.000043 -0.002791 1.000000
-0.111581 -0.430138 23.845584
-0.175256 -0.157929 76.756350
-0.000708 -0.001335 1.000000
-0.226602 -1.361148 915.588055
-0.140679 -1.121835 -136.553126
-0.000412 -0.002837 1.000000
-0.159887 -1.343929 331.033668
-0.127164 -0.770920 -13.434443
-0.000359 -0.002380 1.000000
-0.093242 -1.163714 962.058899
-0.216755 -0.839549 -11.361914
-0.000537 -0.002156 1.000000
-0.010008 -1.539412 525.480085
0.076487 -1.418253 118.841498
0.000216 -0.003404 1.000000
-0.043336 -0.736714 331.875626
-0.114679 -0.203446 59.350544
-0.000529 -0.001518 1.000000
0.034717 -1.462416 431.947425
-0.128654 -0.553256 104.614473
-0.000299 -0.002404 1.000000
0.166893 -0.935194 442.578948
0.041132 -0.114191 32.530284
-0.000043 -0.001786 1.000000
-0.024700 -1.196979 563.984116
-0.059309 -0.364891 98.393910
-0.000175 -0.001960 1.000000
1.387158 -0.633886 135.538795
0.428507 0.851426 -138.958657
0.000867 -0.001271 1.000000
0.710699 -0.685051 296.054206
0.120794 0.450078 35.350388
0.000200 -0.001243 1.000000
1.149137 -1.251175 66.380591
0.262062 0.230261 -35.373903
0.000484 -0.002354 1.000000
-0.094972 -0.868315 367.638868
-0.064338 -0.447373 55.737991
-0.000255 -0.002052 1.000000
0.017308 -1.265016 451.218996
-0.050792 -0.787738 92.440095
-0.000106 -0.002517 1.000000
0.612800 -1.075341 192.227937
0.082851 0.106391 11.440675
0.000055 -0.002112 1.000000
0.325315 -1.224847 262.270844
-0.014646 -0.686904 52.273634
-0.000133 -0.002600 1.000000
0.290197 0.903966 -153.144316
-0.423953 1.827031 -111.481335
-0.001500 0.001480 1.000000
1.185750 -0.219917 -27.537052
0.114786 0.939297 76.977668
0.000357 -0.000573 1.000000
0.459008 -0.701308 281.279955
0.035881 0.097823 130.291241
0.000022 -0.001454 1.000000
0.579949 -0.353506 139.430464
-0.048240 0.480791 121.046084
-0.000137 -0.000754 1.000000
0.808838 -0.190306 62.029006
-0.057639 0.833339 134.574101
-0.000084 -0.000329 1.000000
-0.704854 -1.727314 764.663253
-0.381078 -1.571098 485.805377
-0.000537 -0.002780 1.000000
-0.014862 -0.869359 346.781937
-0.022500 -0.438211 -0.657164
-0.000114 -0.002241 1.000000
0.325634 -1.349948 355.106566
0.119354 -0.573599 -28.250863
0.000083 -0.002743 1.000000
-0.058098 -1.279683 294.499102
-0.129458 -0.986101 165.014993
-0.000187 -0.002744 1.000000
0.345856 -1.376183 372.455055
0.054823 -0.679659 -22.031487
0.000105 -0.002788 1.000000
0.080150 -1.696259 452.269783
0.016444 -1.082035 -12.132929
-0.000007 -0.003247 1.000000
0.862885 -0.518850 115.448025
0.019098 0.520204 118.878914
0.000198 -0.000968 1.000000
0.694705 -0.740689 184.737092
0.035754 0.124885 178.864244
0.000167 -0.001401 1.000000
-0.050345 -1.132109 488.031146
-0.031241 -0.862531 75.138311
-0.000136 -0.002480 1.000000
-0.221954 -1.231892 517.084062
-0.216712 -0.709247 55.371565
-0.000329 -0.002293 1.000000
0.058209 -1.746718 596.555694
-0.118864 -1.404339 136.065105
0.000007 -0.003139 1.000000
0.554849 -1.956554 572.066181
0.222233 -1.416827 -123.460319
0.000497 -0.003772 1.000000
0.145867 -1.065636 522.338306
-0.057183 -1.111709 -122.607433
-0.000289 -0.002946 1.000000
0.069176 -1.606691 29.711103
0.088028 -1.129306 -49.561313
-0.000106 -0.003369 1.000000
-0.397609 -1.790447 612.343140
-0.203798 -1.405617 255.195489
-0.000441 -0.002857 1.000000
0.231511 -1.361985 435.749347
0.015082 -0.841907 130.678373
0.000103 -0.002668 1.000000
0.789774 0.115528 70.992876
-0.067543 1.133097 69.880803
-0.000173 0.000152 1.000000
0.483220 -0.059202 207.207454
-0.089630 0.941823 -1.614677
-0.000289 -0.000173 1.000000
0.356633 -0.978376 435.279182
0.173320 0.149979 -107.913345
0.000105 -0.001729 1.000000
1.000000 0.000000 0.000000
-0.000000 1.000000 -0.000000
-0.000000 -0.000000 1.000000
0.270152 -2.144307 692.448018
0.147530 -1.644128 -176.305027
0.000635 -0.004149 1.000000
-0.059136 -1.534375 400.178715
-0.140723 -0.593456 -6.467869
-0.000250 -0.002548 1.000000
-0.466120 -1.788343 585.700331
-0.295171 -1.513398 278.274086
-0.000498 -0.003124 1.000000
0.138769 -1.389085 407.702041
-0.038174 -0.791444 137.208110
-0.000093 -0.002665 1.000000
0.055048 -1.464278 433.679972
-0.023552 -0.901245 16.156504
-0.000083 -0.002874 1.000000
-0.165290 -1.160903 380.124167
-0.093462 -0.659116 28.106916
-0.000334 -0.002306 1.000000
0.171722 -1.775101 476.362716
-0.130794 -0.887185 43.061418
0.000076 -0.003162 1.000000
0.021120 -1.322421 343.837494
-0.137364 -0.898590 21.013198
-0.000276 -0.002622 1.000000
-0.045274 -0.931187 349.560990
-0.094823 -0.635235 37.453590
-0.000300 -0.002216 1.000000
-0.411890 -1.689556 493.316690
-0.234661 -1.591216 89.255773
-0.000348 -0.003488 1.000000
0.015636 -1.494268 438.926718
-0.132630 -0.677338 -34.087166
-0.000222 -0.002409 1.000000
-0.121867 -1.634682 624.835665
0.066042 -1.154194 -159.070800
0.000090 -0.003249 1.000000
-0.425031 -1.088452 698.825928
-0.244439 -0.809743 30.771798
-0.000610 -0.001918 1.000000
-0.248671 -1.374458 552.972730
-0.143185 -1.295761 62.390182
-0.000329 -0.002890 1.000000
-0.079168 -1.357221 649.427174
-0.082398 -1.083073 92.818288
-0.000194 -0.002596 1.000000
-0.155632 -1.319205 525.588080
-0.133059 -1.012469 127.467283
-0.000282 -0.002442 1.000000
0.024351 -1.464491 524.226879
-0.166304 -1.146403 22.629196
-0.000019 -0.002717 1.000000
-0.404638 -1.038846 528.182035
-0.235356 -0.892509 100.371322
-0.000605 -0.002069 1.000000
-0.419566 -0.613703 386.943936
-0.232640 -0.805481 50.722687
-0.000703 -0.001867 1.000000
-0.191673 -1.253128 352.122327
-0.264181 -1.020992 30.398128
-0.000498 -0.002424 1.000000
-0.385897 -1.211466 622.429581
-0.190782 -1.063812 -57.597745
-0.000547 -0.002413 1.000000
-1.167204 -2.047736 747.329979
-0.785789 -1.816012 486.597968
-0.001210 -0.002696 1.000000
-0.307964 -1.499448 471.390925
-0.194722 -1.595291 90.593835
-0.000416 -0.003183 1.000000
0.197837 -1.241666 414.868381
-0.043398 -0.647977 194.242888
-0.000002 -0.002240 1.000000
-0.087671 -1.514307 516.454377
-0.089215 -0.915672 148.364232
-0.000102 -0.002612 1.000000
-0.023101 -1.351802 470.782190
-0.102975 -0.839253 70.159387
-0.000289 -0.002430 1.000000
-0.349436 -1.543628 686.092807
-0.150481 -0.888863 -135.063852
-0.000280 -0.002442 1.000000
-0.069054 -1.732539 952.769202
-0.018696 -0.544822 29.955266
-0.000212 -0.002263 1.000000
0.030193 -1.563121 684.946494
-0.002619 -1.140289 -177.197480
0.000073 -0.003626 1.000000
-0.236049 -1.265924 903.342764
-0.108153 -0.564588 -255.579276
-0.000315 -0.002187 1.000000
0.080310 -2.143939 1258.453523
-0.012102 -0.988860 -32.301316
0.000010 -0.002866 1.000000
0.077155 -1.812188 1148.851219
-0.031845 -0.862064 -23.880191
0.000009 -0.002933 1.000000
-0.178665 -1.007299 531.295247
-0.167772 -1.172885 118.073508
-0.000330 -0.002628 1.000000
-0.087830 -0.584425 194.674479
-0.182470 -0.549484 -33.210022
-0.000681 -0.001707 1.000000
-0.273722 -1.300344 552.342831
-0.192118 -1.653046 8.422652
-0.000244 -0.003666 1.000000
-0.617792 -1.343782 539.986802
-0.202541 -0.868302 104.863060
-0.000717 -0.001930 1.000000
-0.279754 -1.862897 381.628599
-0.162319 -1.513722 165.509804
-0.000266 -0.003098 1.000000
-0.872407 -0.913150 527.868449
-0.402802 -0.510256 -293.887519
-0.001308 -0.001413 1.000000
-0.571131 -1.351129 591.295218
-0.316453 -0.809049 -23.423339
-0.000806 -0.002199 1.000000
0.058533 -1.376772 330.058092
0.037860 -0.783536 -62.857309
-0.000028 -0.002586 1.000000
-0.256130 -1.543930 929.708587
-0.063365 -0.965760 -15.187374
-0.000226 -0.002555 1.000000
-0.407362 -1.799435 811.885121
-0.158628 -1.259233 -104.170752
-0.000564 -0.002958 1.000000
0.313916 -1.827481 997.295263
-0.133228 -0.778701 160.058268
0.000236 -0.002886 1.000000
-0.524161 -0.822141 855.716589
-0.430729 -0.448199 -107.669719
-0.001217 -0.001295 1.000000
-0.007433 -2.048767 1444.359439
0.023066 -0.901804 -189.860840
0.000155 -0.003141 1.000000
-0.689659 -1.099303 406.822275
-0.377044 -0.677694 59.186103
-0.000996 -0.001521 1.000000
-0.222368 -0.995185 192.864187
-0.209644 -0.798918 13.743073
-0.000680 -0.002121 1.000000
-0.130998 -1.159510 531.100101
-0.281239 -1.338316 186.783436
-0.000474 -0.002649 1.000000
-0.129664 -1.756528 571.184967
-0.060548 -0.955580 16.928719
-0.000096 -0.003193 1.000000
1.592501 -0.474879 8.418038
0.460444 1.154058 -242.086443
0.001068 -0.001019 1.000000
-0.013597 -0.880535 118.491605
-0.049160 -0.694037 -41.467902
-0.000215 -0.002810 1.000000
-0.227066 -0.973683 354.451874
-0.305768 -1.186849 97.123815
-0.000610 -0.002249 1.000000
-0.224240 -1.229972 279.757505
-0.186733 -1.174300 168.708768
-0.000308 -0.002740 1.000000
-0.174084 -1.123185 -146.722473
-0.218499 -1.283377 564.333339
-0.000379 -0.002566 1.000000
0.037626 -0.372006 -87.703384
-0.024043 -0.744016 110.753482
-0.000184 -0.002375 1.000000
0.428334 -2.188708 598.336001
0.193738 -1.352083 -161.821860
0.000595 -0.004124 1.000000
0.066230 -1.729563 573.052333
-0.031499 -1.175297 90.454175
-0.000026 -0.003088 1.000000
-0.044783 -1.397408 490.459089
-0.372318 -1.566474 177.889260
-0.000226 -0.002972 1.000000
0.135757 -1.078683 325.931743
-0.126592 -0.926914 -12.141252
-0.000220 -0.002577 1.000000
-0.053020 -0.826544 49.048170
-0.078960 -0.855378 113.131324
-0.000419 -0.002311 1.000000
-0.066730 -0.534855 -198.668317
0.100208 -0.825056 142.118419
-0.000086 -0.002511 1.000000
-0.091427 -0.820280 153.346036
-0.150174 -0.885203 31.429028
-0.000415 -0.002225 1.000000
-0.065784 -1.371486 111.512959
-0.004248 -1.227519 50.414415
0.000220 -0.003264 1.000000
-0.189889 -1.384840 432.879293
-0.387653 -1.538995 231.443546
-0.000567 -0.003000 1.000000
0.152338 -0.951477 83.637722
0.001942 -0.591915 -45.166809
0.000274 -0.002479 1.000000
-0.055744 -1.273122 -104.141165
-0.075345 -1.223670 36.428415
0.000075 -0.003082 1.000000
0.012550 -1.265574 44.219110
-0.061949 -0.969647 79.983711
-0.000015 -0.003146 1.000000
-0.344132 -1.635922 374.065770
-0.246785 -1.551604 209.451973
-0.000310 -0.002963 1.000000
-0.310128 -0.872642 163.445095
-0.147149 -0.635978 -5.136972
-0.000622 -0.001802 1.000000
-0.105016 -1.331087 422.180423
-0.156457 -1.169456 61.009592
-0.000209 -0.003074 1.000000
-0.195649 -1.598199 576.316407
-0.237066 -0.825686 119.498591
-0.000284 -0.002736 1.000000
0.852731 -0.403373 142.444699
0.109441 0.656275 -18.433433
0.000201 -0.000817 1.000000
0.012955 -1.473184 -155.054655
-0.133449 -1.210110 77.710386
-0.000006 -0.003097 1.000000
-0.222533 -0.941349 149.765915
-0.035113 -0.704558 6.385311
-0.000087 -0.002529 1.000000
-0.042457 -1.482511 113.740474
-0.101058 -1.218461 170.263292
-0.000077 -0.003208 1.000000
0.122683 -2.314750 -365.997941
0.169476 -1.878477 -139.116639
0.001108 -0.004627 1.000000
-0.331689 -1.006365 -190.268129
-0.541267 -1.034756 401.231147
-0.000773 -0.001879 1.000000
-0.417529 -0.328451 643.147196
-0.845647 -0.660514 224.450706
-0.001459 -0.001082 1.000000
-0.337601 -1.342281 192.102792
-0.119040 -0.987852 -27.373399
-0.000339 -0.002705 1.000000
-0.175062 -1.293527 114.457760
-0.143687 -1.040500 140.652904
-0.000325 -0.002755 1.000000
-0.563562 -1.379568 365.135587
-0.302582 -0.861668 35.543827
-0.000829 -0.002204 1.000000
-0.003694 -1.219463 634.132035
0.004264 -1.132034 -470.389293
-0.000088 -0.002708 1.000000
-0.771499 -0.477885 -2.014049
-0.764501 -0.334688 -92.951711
-0.001539 -0.000706 1.000000
-0.713071 -0.301795 1289.620204
-0.496551 -0.141338 -21.878454
-0.001475 -0.000883 1.000000
-0.934807 -0.399358 752.429696
-0.679698 -0.356444 69.534973
-0.001506 -0.000634 1.000000
0.456636 -1.969027 1931.817157
0.071240 -1.159905 443.326597
0.000497 -0.003278 1.000000
0.000140 -1.288689 100.994893
0.034445 -1.430486 119.119785
-0.000174 -0.003098 1.000000
-0.501846 -0.488334 333.666005
-0.469581 -0.554968 -155.959941
-0.001179 -0.000945 1.000000
-0.422060 -1.281953 595.378768
-0.096613 -0.565144 -129.083429
-0.000600 -0.001847 1.000000
-0.086656 -1.770895 883.318508
-0.036855 -0.497132 44.216049
-0.000160 -0.002353 1.000000
-0.432506 -1.437363 918.343269
-0.350738 -1.046794 -52.489146
-0.000730 -0.002240 1.000000
0.312109 -2.292077 980.815465
-0.092695 -0.877848 128.310327
0.000305 -0.003137 1.000000
-0.293931 -1.415290 880.944054
-0.210817 -0.916573 201.788573
-0.000529 -0.002271 1.000000
-0.698583 -0.689363 800.955167
-0.614694 -0.484572 18.540008
-0.001310 -0.001090 1.000000
0.048617 -2.483973 967.461027
-0.059069 -1.261957 -49.906202
0.000084 -0.003424 1.000000
-0.386067 -1.818824 1054.456043
-0.024140 -1.132724 -22.005673
-0.000314 -0.002790 1.000000
0.246578 -2.121436 1765.589649
-0.019327 -1.680558 47.203404
0.000424 -0.004036 1.000000
-0.332022 -0.619007 60.862087
-0.403697 -0.880143 -96.799898
-0.000938 -0.001768 1.000000
-0.288512 -0.759118 416.008544
-0.134537 -1.029969 -117.130125
-0.000359 -0.002522 1.000000
-0.272132 -1.459167 1249.834830
-0.034828 -1.207893 299.087123
-0.000328 -0.002834 1.000000
-0.179434 -1.340494 -185.612221
-0.144267 -1.246531 3.334155
-0.000331 -0.002408 1.000000
-0.357928 -1.774999 942.292628
-0.128426 -1.431944 160.716595
-0.000315 -0.002834 1.000000
-0.448854 -1.409065 947.762205
-0.085953 -0.347701 75.444682
-0.000576 -0.001749 1.000000
0.117152 -1.773911 935.729993
0.124898 -0.909788 -9.986139
0.000119 -0.003135 1.000000
-0.122731 -1.114510 2.024355
-0.083899 -0.531516 -288.914064
-0.000316 -0.002135 1.000000
1.113138 -3.431917 -1527.662591
1.056182 -3.022877 1103.536460
0.003132 -0.006552 1.000000
-2.210461 0.907874 -559.333878
-1.821267 0.548442 -1001.187927
-0.003426 0.001183 1.000000
-0.275966 -1.345395 848.075820
-0.067220 -0.921877 -143.562475
-0.000559 -0.002409 1.000000
7.832215 -12.086245 5892.822100
6.251225 -14.463107 9140.639435
0.013889 -0.024443 1.000000
-0.610499 -1.117327 863.709426
-0.367763 -0.769827 -54.788251
-0.001048 -0.001949 1.000000
-0.177896 -1.171452 484.909342
-0.208240 -0.666818 22.474190
-0.000514 -0.002096 1.000000
-0.284038 -0.711101 264.962776
-0.135799 -0.346785 22.672712
-0.000784 -0.001615 1.000000
-0.625516 -1.529187 935.036456
0.046951 -1.214153 72.321894
-0.000423 -0.002802 1.000000
-0.483395 -1.409350 942.399917
-0.192593 -0.632305 105.995505
-0.000652 -0.002111 1.000000
0.144435 -1.699254 547.966112
0.124655 -0.969110 -445.358880
-0.000032 -0.002898 1.000000
-0.656540 -0.982633 904.256258
-0.120015 -1.156575 90.371616
-0.000777 -0.002080 1.000000
-0.310561 -1.860842 1042.921283
-0.011810 -1.215369 -27.212185
-0.000272 -0.003099 1.000000
0.011960 -2.110449 827.881970
0.184662 -1.570402 -293.201985
0.000273 -0.003781 1.000000
-0.365437 -1.207519 421.800122
-0.164477 -0.837665 74.079634
-0.000295 -0.002461 1.000000
-0.302695 -1.206762 869.203173
-0.167615 -0.613007 65.906110
-0.000503 -0.002061 1.000000
-0.516486 -1.100471 896.705754
-0.098463 -0.296455 15.376373
-0.000806 -0.001474 1.000000
-0.351795 -1.441762 798.868294
-0.303778 -1.336182 133.192111
-0.000653 -0.002640 1.000000
-0.224494 -1.449894 845.496603
-0.081907 -1.108491 -98.443784
-0.000491 -0.002602 1.000000
-1.074102 -0.048891 745.055658
-0.587766 -0.269434 93.203206
-0.001740 -0.000341 1.000000
-0.087523 -2.257163 980.296031
0.089925 -1.331343 -71.517348
0.000016 -0.003546 1.000000
-0.005782 -1.084327 -627.633617
0.058027 -1.064198 426.887878
0.000013 -0.002429 1.000000
-0.035721 -2.180042 1033.616857
-0.162007 -0.870792 41.443539
-0.000039 -0.003134 1.000000
-0.295967 -2.168859 682.440732
-0.097874 -1.635275 211.709914
-0.000496 -0.002927 1.000000
-0.619251 -1.040139 683.014322
-0.301389 -0.628725 12.148339
-0.000952 -0.001777 1.000000
-0.055814 -1.265694 226.767492
-0.030579 -0.496788 11.509625
-0.000161 -0.002469 1.000000
-0.529646 -1.234210 820.234282
-0.261960 -0.856618 -22.391067
-0.000752 -0.001759 1.000000
-0.115504 -1.716540 1073.112348
-0.064718 -1.514333 88.594744
0.000171 -0.003464 1.000000
-0.227283 -0.902752 587.044076
-0.065852 -0.931744 -68.756740
-0.000549 -0.002213 1.000000
-0.085180 -1.433768 333.703657
-0.096289 -1.357051 -64.495550
-0.000002 -0.003183 1.000000
-0.069861 -1.030679 541.817790
0.003061 -1.010818 -67.835866
-0.000273 -0.002588 1.000000
-0.233317 -1.410115 432.541692
-0.326129 -1.684326 299.578126
-0.000570 -0.002796 1.000000
-0.441601 -1.186431 759.351965
-0.209062 -0.684309 -29.139466
-0.000569 -0.002182 1.000000
-0.071052 -1.236127 345.700030
-0.177451 -1.118744 -57.375792
-0.000394 -0.002803 1.000000
-0.597798 -0.771437 545.420583
-0.366541 -0.936100 63.217020
-0.000923 -0.001897 1.000000
-0.182116 -1.332244 756.810495
-0.114564 -0.934945 25.625907
-0.000289 -0.002581 1.000000
0.277611 -1.981133 240.632053
0.259710 -1.434528 -419.025680
0.000080 -0.003260 1.000000
-0.300448 -1.013214 302.746888
-0.191370 -1.030348 -33.722707
-0.000584 -0.002218 1.000000
-0.352034 -1.661524 606.464896
-0.353940 -1.785315 401.116248
-0.000555 -0.002820 1.000000
-0.015771 -1.298884 519.888105
-0.184628 -1.250765 52.422681
-0.000411 -0.002607 1.000000
0.216990 -1.686612 498.184105
-0.076825 -1.682630 51.286447
-0.000053 -0.003573 1.000000
-0.221084 -1.843088 1055.301195
-0.006418 -1.092505 -86.514035
-0.000208 -0.002871 1.000000
-0.025056 -1.283117 257.741324
-0.061483 -0.788846 -10.000075
-0.000058 -0.002610 1.000000
-0.676489 -1.007294 683.187852
-0.124570 -0.457298 -132.924562
-0.000917 -0.001438 1.000000
0.080469 -1.458076 630.292561
-0.006248 -0.888610 -16.557225
-0.000075 -0.002617 1.000000
-0.133600 -1.559253 828.776111
-0.072477 -0.826050 29.646072
-0.000273 -0.002503 1.000000
-0.357566 -1.540758 663.311130
-0.144942 -0.956445 6.712145
-0.000516 -0.002645 1.000000
0.010172 -1.116776 504.704230
-0.108820 -1.579770 131.549712
-0.000297 -0.002935 1.000000
0.421343 -1.502981 293.933639
-0.141096 -2.108648 222.340291
0.000013 -0.003749 1.000000
-0.237145 -1.141692 507.647881
-0.167978 -1.450898 79.231398
-0.000429 -0.002797 1.000000
-0.060508 -1.999180 433.278595
-0.134797 -1.791822 183.063844
-0.000027 -0.003263 1.000000
-0.397649 -1.008653 396.312406
-0.289469 -0.743332 84.800249
-0.000761 -0.001903 1.000000
0.149804 -1.286978 186.799929
0.001744 -0.599635 -42.689691
0.000090 -0.002764 1.000000
-0.404479 -1.153383 456.541551
-0.254494 -0.961964 86.888869
-0.000473 -0.002278 1.000000
0.309562 -1.483490 391.908054
0.020098 -0.460436 1.943818
0.000058 -0.002694 1.000000
0.500926 -1.287706 416.386740
-0.046208 0.069192 23.188562
0.000270 -0.002106 1.000000
-0.160710 -1.449677 700.968870
-0.167206 -1.119772 42.204688
-0.000219 -0.002735 1.000000
-0.059689 -1.225969 327.690042
-0.167860 -1.023189 101.446762
-0.000224 -0.002577 1.000000
-0.199479 -1.712942 556.411207
-0.053449 -1.065770 -55.909403
-0.000142 -0.002857 1.000000
-0.132328 -1.170101 546.645329
-0.161720 -1.270157 37.361071
-0.000345 -0.002502 1.000000
-0.745286 -0.979362 793.624543
-0.294047 -0.447117 3.324984
-0.000973 -0.001337 1.000000
-0.234349 -0.815580 314.656020
-0.181829 -0.915261 226.055381
-0.000508 -0.001891 1.000000
-0.356088 -0.923882 352.596907
-0.367465 -1.035310 88.924195
-0.000800 -0.002051 1.000000
-0.079521 -1.278132 432.422019
-0.165574 -1.353996 -196.532504
-0.000309 -0.003080 1.000000
-0.182911 -0.918405 160.919678
-0.223946 -0.806027 -176.422022
-0.000618 -0.002206 1.000000
-0.219118 -1.960029 586.470192
-0.109272 -1.360661 91.544439
-0.000346 -0.002859 1.000000
-0.398144 -0.991156 681.840868
-0.375888 -1.050127 114.859129
-0.000800 -0.001960 1.000000
-0.328921 -1.167962 520.805007
-0.084942 -0.982653 -46.174551
-0.000486 -0.002272 1.000000
