-0.551840 -0.734438 218.315835
-0.266875 -0.760364 -368.154903
-0.000884 -0.001610 1.000000
0.577615 -1.886375 360.458135
0.201846 -1.325419 -879.359715
0.000766 -0.003582 1.000000
-0.759378 -0.434738 564.216298
-0.295243 -0.252782 -690.698168
-0.001151 -0.000820 1.000000
0.092735 -1.374766 -142.835007
-0.045761 -0.969494 20.244455
-0.000090 -0.002484 1.000000
1.175280 -2.825839 -958.003313
0.891061 -2.966782 -758.823454
0.002637 -0.006661 1.000000
-0.333503 -0.749322 88.820718
-0.225333 -0.605836 -73.701242
-0.000756 -0.001531 1.000000
0.078914 -0.881107 76.584193
0.023284 -0.630742 -315.330991
0.000146 -0.002524 1.000000
-0.472767 -0.491880 289.705706
-0.280079 -0.347615 -294.289021
-0.001114 -0.001030 1.000000
0.289378 -1.406413 161.973594
0.118346 -1.172654 -233.450593
0.000249 -0.002951 1.000000
-1.925442 0.619942 1494.858027
-1.228895 0.947505 -663.866132
-0.003395 0.001904 1.000000
-0.416286 -0.868409 1511.299248
-0.218557 -0.564483 499.473828
-0.000744 -0.001674 1.000000
-5.001793 5.434044 12810.761858
-3.995963 5.089822 -4050.985253
-0.010734 0.009879 1.000000
-3.336998 2.591046 7930.607452
-1.680826 2.459829 5004.718153
-0.006021 0.005929 1.000000
-0.207208 -0.755012 139.245460
-0.100935 -0.503546 -256.641197
-0.000637 -0.001555 1.000000
-0.044861 -0.847615 259.384258
-0.084513 -0.732103 -81.377899
-0.000350 -0.001985 1.000000
0.281556 -1.478777 175.752865
0.298277 -1.308168 -587.102383
0.000453 -0.003197 1.000000
0.054473 -1.185336 525.227197
-0.050867 -0.770792 -311.281464
-0.000173 -0.002315 1.000000
-0.050412 -0.964724 293.004920
-0.147877 -0.822420 -302.411030
-0.000298 -0.002047 1.000000
0.465198 -1.958365 861.568821
0.109704 -1.342499 -354.710311
0.000628 -0.003559 1.000000
-0.109960 -1.323289 747.960501
0.029145 -1.210251 -639.566132
-0.000232 -0.002949 1.000000
-0.359569 -0.899589 407.966733
-0.239212 -0.715951 -41.880784
-0.000567 -0.001677 1.000000
-0.858923 0.005351 1584.307144
-0.614929 -0.020528 1194.808926
-0.001683 -0.000313 1.000000
-0.201689 -0.647489 1106.963082
-0.141837 -0.669709 743.872957
-0.000633 -0.001834 1.000000
0.871060 -2.832774 1477.715696
0.200110 -1.326324 -485.325588
0.001556 -0.004479 1.000000
-0.264970 -0.951589 210.553712
-0.221102 -0.748007 -345.337013
-0.000535 -0.001820 1.000000
0.082916 -1.064471 593.090950
-0.009572 -0.916090 -32.869247
-0.000225 -0.002353 1.000000
0.158029 -1.189518 -33.005624
0.155706 -1.090852 -332.012906
0.000255 -0.002836 1.000000
-0.178288 -0.391416 -101.774719
-0.178751 -0.384712 -183.988936
-0.000700 -0.001415 1.000000
0.219537 -1.377107 -133.906496
0.036536 -1.134357 -426.477716
0.000148 -0.002829 1.000000
0.313265 -1.465328 928.584802
0.113803 -1.317867 -725.897340
0.000353 -0.003245 1.000000
-0.010515 -1.747018 622.263538
0.129235 -1.275659 -380.380160
0.000305 -0.003008 1.000000
0.252915 -1.369382 -459.211249
0.279939 -0.848743 -88.662483
0.000470 -0.003209 1.000000
-0.308043 -0.646722 83.299292
-0.135631 -0.531369 -162.045374
-0.000629 -0.001553 1.000000
0.013877 -1.128443 661.319554
-0.011197 -0.926846 -553.702991
-0.000047 -0.002376 1.000000
-0.215138 -1.275795 360.236333
-0.222741 -0.869080 -12.366896
-0.000341 -0.002134 1.000000
0.763201 -1.806300 -702.066204
0.551477 -1.372243 -646.628809
0.000859 -0.003829 1.000000
0.040873 -1.122401 1027.394469
-0.115913 -0.776070 -99.539999
-0.000273 -0.002134 1.000000
-0.847763 0.074615 1725.687279
-0.512054 -0.044692 550.018775
-0.001784 -0.000090 1.000000
-0.098549 -0.863607 192.215507
-0.025121 -0.800445 -119.953490
-0.000266 -0.002123 1.000000
-0.209656 -0.896849 -4.551367
-0.111315 -0.510443 -262.108191
-0.000534 -0.001720 1.000000
0.131476 -1.602329 593.182494
0.111605 -0.840187 -408.444444
0.000120 -0.002714 1.000000
-0.183720 -0.906371 -56.537831
-0.159998 -0.597161 7.423919
-0.000581 -0.001740 1.000000
-0.501359 -0.587067 -306.218190
-0.338368 -0.513672 -223.024837
-0.000979 -0.001269 1.000000
0.316235 -1.562847 -1274.406999
0.129156 -0.878205 -348.843194
0.000290 -0.002969 1.000000
0.819206 -1.657157 -2340.830339
0.795402 -1.531631 -640.347522
0.002060 -0.004459 1.000000
2.396625 -4.312942 -2528.328807
0.956251 -2.302269 -2353.932043
0.003337 -0.007468 1.000000
-0.017454 -1.075466 1171.339591
-0.099282 -0.687001 -415.871613
-0.000355 -0.002158 1.000000
-0.211919 -0.941873 887.626950
-0.152634 -0.811586 -260.302933
-0.000516 -0.001899 1.000000
-0.234833 -0.924884 918.003165
-0.093128 -0.719897 -50.667063
-0.000523 -0.001900 1.000000
-0.219782 -0.722699 487.857064
-0.100834 -0.666531 -27.326351
-0.000454 -0.001699 1.000000
-0.070991 -1.267040 1988.199425
-0.051039 -0.851057 75.331134
-0.000171 -0.002249 1.000000
0.290710 -1.616730 -2549.480536
0.244863 -1.250441 -1530.558670
0.000458 -0.003407 1.000000
-0.461238 -0.768299 429.302324
-0.239540 -0.632882 -120.932869
-0.000644 -0.001517 1.000000
-0.034169 -1.131849 507.378329
-0.067310 -1.084415 55.894493
-0.000253 -0.002539 1.000000
-0.962239 -0.278926 1038.734862
-0.329134 -0.080736 -215.363921
-0.001363 -0.000489 1.000000
-0.350682 -0.948006 992.406394
-0.149457 -0.564372 -20.486342
-0.000559 -0.001624 1.000000
0.265672 -1.393053 -612.519481
0.175421 -0.925371 -242.973051
0.000488 -0.003358 1.000000
-0.253696 -0.898116 745.360829
-0.167933 -0.535620 -121.316738
-0.000597 -0.001625 1.000000
-0.468517 -0.444978 526.435004
-0.274420 -0.536955 -133.538175
-0.001055 -0.001280 1.000000
-0.496671 -0.674508 256.684504
-0.340774 -0.702122 -53.115192
-0.000825 -0.001591 1.000000
-0.137252 -0.977349 -216.320044
-0.052841 -0.561700 20.789029
-0.000158 -0.002190 1.000000
-0.279674 -0.535479 181.750744
-0.279100 -0.443992 -157.047046
-0.000866 -0.001316 1.000000
-0.059985 -0.920765 -105.905568
-0.172167 -0.415868 67.128014
-0.000478 -0.001950 1.000000
-0.128866 -1.424591 438.486006
-0.033116 -1.075967 -247.918923
-0.000033 -0.002608 1.000000
-0.098294 -1.129390 1465.409591
-0.072947 -0.633472 161.535829
-0.000463 -0.001919 1.000000
0.150310 -1.413373 1903.116563
0.047626 -0.862734 -134.677625
0.000233 -0.002611 1.000000
-0.341791 -0.605913 587.578723
-0.308653 -0.551100 -35.011672
-0.000701 -0.001325 1.000000
-0.229368 -0.962896 468.279119
-0.086646 -0.656357 -36.268859
-0.000345 -0.001969 1.000000
-0.239969 -1.016172 -254.818036
-0.064287 -0.412765 -449.619799
-0.000453 -0.002217 1.000000
-0.077002 -1.028626 286.300651
-0.093187 -0.851748 -120.041771
-0.000240 -0.002226 1.000000
-0.207406 -1.207024 84.292881
-0.158830 -1.031738 142.105556
-0.000314 -0.002047 1.000000
0.174768 -1.344224 321.348403
0.076865 -1.009843 -205.776157
0.000149 -0.002502 1.000000
-0.483572 -0.287983 -89.934519
-0.325460 -0.078165 52.453215
-0.001252 -0.000870 1.000000
-0.249885 -0.832413 337.032338
-0.137027 -0.469633 -159.906887
-0.000627 -0.001577 1.000000
-0.410188 -0.428843 1062.360495
-0.350427 -0.513425 12.100570
-0.000941 -0.001161 1.000000
-0.475478 -0.782099 977.646543
-0.278792 -0.516719 -884.576229
-0.000829 -0.001360 1.000000
-0.399091 -0.798812 -356.338077
-0.308503 -0.443348 1213.413798
-0.000748 -0.001307 1.000000
-0.713131 -0.220873 66.165938
-0.550151 -0.221524 186.467920
-0.001446 -0.000735 1.000000
0.323090 -2.410914 2364.308901
0.095425 -1.486760 -165.766347
0.000440 -0.003306 1.000000
-0.298488 -0.693429 -255.850156
-0.196981 -0.516515 -565.582351
-0.000732 -0.001644 1.000000
-0.411110 -0.748410 512.131265
-0.141234 -0.459126 -202.253266
-0.000648 -0.001412 1.000000
-0.703553 -0.699048 232.043597
-0.292703 -0.309044 -0.642641
-0.001062 -0.001154 1.000000
-0.711825 -0.426594 172.072822
-0.376599 -0.392227 10.429131
-0.001129 -0.000879 1.000000
-1.488500 0.864240 -920.281471
-1.125599 0.728342 352.787133
-0.002900 0.001259 1.000000
-0.407145 -0.511939 -241.853250
-0.286248 -0.451127 1753.022971
-0.001003 -0.001216 1.000000
-0.496772 -0.269734 -327.248562
-0.324712 -0.152188 303.566031
-0.001282 -0.000786 1.000000
-0.469616 -0.850249 -61.282859
-0.266222 -0.555903 2.054545
-0.000922 -0.001485 1.000000
0.423884 -1.792383 1612.948378
0.454065 -1.504269 -276.043761
0.000685 -0.003254 1.000000
-0.265114 -0.523203 -60.269040
-0.110988 -0.386994 -292.396465
-0.000737 -0.001404 1.000000
-0.292203 -1.137024 -185.711391
-0.227437 -0.712829 130.378106
-0.000631 -0.001738 1.000000
-0.105969 -1.010457 -70.332805
-0.116283 -0.806244 150.153608
-0.000373 -0.001884 1.000000
-0.330391 -0.889054 -205.303176
-0.307343 -0.656661 20.671793
-0.000650 -0.001504 1.000000
-0.221676 -1.187347 -273.165641
-0.194888 -0.771050 155.187568
-0.000479 -0.001950 1.000000
0.261891 -1.833206 123.464868
0.128642 -1.076458 2265.269795
0.000307 -0.002948 1.000000
-1.102737 0.175093 -184.646128
-0.320102 -0.174687 -96.331512
-0.001765 -0.000464 1.000000
0.037239 -0.995493 414.521525
-0.014815 -0.820966 -376.777831
-0.000082 -0.002091 1.000000
-0.035511 -0.912219 437.546834
-0.098277 -0.462597 -190.791860
-0.000303 -0.001885 1.000000
-0.189605 -1.115883 510.543335
-0.133272 -0.816502 -2.565008
-0.000345 -0.002040 1.000000
-0.498378 -0.541237 -109.397601
-0.332993 -0.496572 204.909941
-0.000924 -0.001227 1.000000
-0.262190 -1.321651 481.384441
-0.067133 -1.071153 -293.007825
-0.000051 -0.002624 1.000000
-0.639812 -0.586828 83.421063
-0.446946 -0.422286 -94.282931
-0.001231 -0.000931 1.000000
-0.592429 -0.711023 269.992312
-0.416111 -0.626142 109.385561
-0.000960 -0.001204 1.000000
-0.009205 -1.188453 -182.626971
-0.183354 -0.935274 -380.023828
-0.000306 -0.002045 1.000000
1.148990 -2.714508 1639.239034
0.638982 -1.545719 -236.084347
0.001525 -0.003926 1.000000
-0.612007 -0.563269 945.404655
-0.465207 -0.422162 67.246688
-0.001085 -0.000997 1.000000
-0.057183 -1.251604 674.931228
0.055044 -0.884044 -203.071593
-0.000033 -0.002235 1.000000
0.562157 -1.581703 -383.648317
0.439936 -1.432146 54.751435
0.001024 -0.003320 1.000000
-0.509295 -0.511593 132.039715
-0.348319 -0.394643 -99.532163
-0.001114 -0.000979 1.000000
-0.540365 -0.708986 111.093110
-0.337342 -0.412856 -71.969048
-0.001019 -0.001224 1.000000
-0.901868 -0.785167 225.772521
-0.527571 -0.303694 74.961032
-0.001268 -0.000925 1.000000
-0.573903 -0.673214 -244.517415
-0.286930 -0.297759 39.000632
-0.001079 -0.001160 1.000000
-0.421885 -1.068457 -156.181092
-0.270012 -0.656998 -259.708594
-0.000660 -0.001857 1.000000
-0.184807 -0.954530 394.055231
-0.112816 -0.725904 -219.225888
-0.000368 -0.002133 1.000000
0.006433 -0.891201 665.786433
-0.164399 -0.636890 43.469551
-0.000351 -0.001916 1.000000
-0.115989 -0.975439 806.729578
-0.101025 -0.581942 -35.818423
-0.000423 -0.001988 1.000000
-0.002389 -1.050220 909.928763
-0.031095 -0.862270 -1055.390680
-0.000131 -0.002048 1.000000
-0.175486 -1.548827 299.422452
0.066158 -1.305239 -56.601278
-0.000140 -0.002702 1.000000
-0.156337 -1.098630 -34.551249
-0.002660 -0.835207 -303.601466
-0.000356 -0.002078 1.000000
0.085209 -1.591838 613.525949
0.330432 -1.276116 -1085.112904
0.000548 -0.003295 1.000000
0.787158 -2.173582 962.181015
0.329239 -1.403244 -281.226603
0.000976 -0.003716 1.000000
-0.090182 -1.061092 350.572749
0.032779 -0.819122 -130.657798
-0.000204 -0.002278 1.000000
-0.015681 -1.398169 184.141200
-0.016144 -1.078570 -60.624885
-0.000128 -0.002457 1.000000
-0.363073 -1.166070 865.573115
-0.177923 -0.707631 -190.392224
-0.000495 -0.001915 1.000000
0.284054 -1.723313 726.929236
0.265071 -0.926888 -291.930516
0.000312 -0.002786 1.000000
0.315179 -1.856751 738.240593
0.335531 -1.000287 -284.613708
0.000612 -0.003110 1.000000
0.036566 -1.467643 591.608406
0.086339 -0.866349 -103.251814
-0.000012 -0.002483 1.000000
-0.373449 -1.100824 269.537212
-0.231541 -0.839008 136.297966
-0.000595 -0.001906 1.000000
-0.733881 -0.640920 637.784896
-0.599852 -0.477316 -186.851225
-0.001368 -0.000890 1.000000
0.103708 -1.369603 479.063105
0.133780 -1.280855 -77.332471
0.000348 -0.003006 1.000000
0.005824 -1.197882 265.607689
-0.031889 -1.125003 82.928635
-0.000079 -0.002447 1.000000
-0.015215 -1.263030 546.284833
-0.006521 -0.493238 7.109788
-0.000157 -0.002003 1.000000
0.115119 -1.397086 577.028479
0.051559 -0.499139 -60.204502
0.000092 -0.002308 1.000000
-0.053304 -2.215877 794.859228
0.181330 -1.520063 -66.474357
0.000191 -0.003585 1.000000
0.623341 -1.736328 540.591701
0.316120 -1.054733 -0.315660
0.000528 -0.002933 1.000000
-0.167537 -1.114258 467.900941
-0.027335 -0.969473 -288.022700
-0.000122 -0.002329 1.000000
-0.450349 -0.821508 242.789390
-0.301151 -0.618800 -57.851061
-0.000772 -0.001545 1.000000
0.081305 -1.584677 542.098982
0.464929 -1.302290 -819.184227
0.000548 -0.003030 1.000000
-0.258512 -0.837826 147.623465
-0.239731 -0.601915 69.878948
-0.000571 -0.001634 1.000000
-3.614693 4.819132 -3249.000407
-2.595306 2.614007 814.917466
-0.008757 0.008216 1.000000
-0.445898 -1.146660 418.781769
-0.100677 -0.881717 31.304598
-0.000558 -0.002095 1.000000
-0.925042 0.052440 -821.620147
-0.437539 -0.057665 261.683804
-0.001788 -0.000122 1.000000
-0.263107 -1.093443 167.792669
-0.078124 -0.494225 -595.921839
-0.000467 -0.001881 1.000000
0.723373 -2.333704 1479.989534
0.571810 -1.549904 -272.093434
0.001340 -0.004178 1.000000
0.309365 -1.449512 449.937334
0.105615 -0.790700 -28.193504
0.000174 -0.002511 1.000000
-9.128203 8.801475 -5746.182015
-4.446371 5.634167 4892.324239
-0.013465 0.016023 1.000000
2.380408 -0.109338 -233.567527
0.699166 1.552515 -337.217273
0.001374 -0.000218 1.000000
1.201930 -0.159806 -2.353106
0.220137 0.978155 -96.238593
0.000202 -0.000167 1.000000
-36.609810 -21.107476 14341.135790
-6.255763 -31.683174 10436.169131
-0.019096 -0.032527 1.000000
1.548382 -0.268611 38.027838
0.142989 0.958134 -47.986214
0.000558 -0.000405 1.000000
1.000000 -0.000000 -0.000000
-0.000000 1.000000 -0.000000
-0.000000 -0.000000 1.000000
0.763048 -0.136622 95.167622
-0.009603 0.904261 8.696626
-0.000059 -0.000215 1.000000
1.140661 -0.532178 56.128622
0.183033 1.014468 -107.369043
0.000514 -0.000757 1.000000
2.163002 -0.689448 -217.435507
0.738201 1.482924 -442.696350
0.001583 -0.001104 1.000000
1.647447 -1.246043 63.957758
0.574298 0.566649 -362.708186
0.001355 -0.002169 1.000000
-0.074015 -0.885777 452.369114
-0.090664 -0.513637 85.527834
-0.000240 -0.001876 1.000000
-0.435982 -1.088802 667.482331
-0.050864 -0.413911 -603.092071
-0.000616 -0.001642 1.000000
-3.033257 2.762949 4476.352816
-1.189795 1.480105 1315.568556
-0.004489 0.004452 1.000000
-2.587889 -1.248231 1230.203176
-0.826065 -2.599416 1070.862702
-0.002026 -0.002839 1.000000
-1.341170 -0.791198 618.101157
-0.323248 -0.909364 458.971193
-0.001214 -0.001772 1.000000
-0.444126 -0.167584 -131.153422
-0.596413 -0.071924 228.969301
-0.001635 -0.000251 1.000000
-0.658313 -0.506497 60.966974
-0.518379 -0.273066 246.902389
-0.001522 -0.000746 1.000000
-0.980800 0.976573 -3747.130071
-0.882815 0.935971 692.167700
-0.003377 0.002446 1.000000
-0.157541 -0.882362 -414.081214
-0.184380 -0.540339 215.687189
-0.000474 -0.001635 1.000000
-0.187171 -0.969398 746.704000
-0.037390 -0.930055 -193.940045
-0.000211 -0.002278 1.000000
-0.111382 -0.809785 -55.024312
-0.144579 -0.797893 -297.681737
-0.000401 -0.001944 1.000000
-5.235354 7.767913 -5622.213325
-4.998865 5.851423 21851.760427
-0.013031 0.014172 1.000000
-0.088638 -1.075414 -1954.147503
-0.062434 -1.005266 827.299699
-0.000380 -0.002038 1.000000
0.564989 -1.297155 -820.597226
0.430274 -1.230697 -200.933380
0.000612 -0.003007 1.000000
-0.754716 -0.327122 461.622743
-0.375235 -0.144031 -181.746272
-0.001304 -0.000765 1.000000
-0.266856 -1.294818 64.365034
-0.140629 -0.740855 -202.605812
-0.000477 -0.002077 1.000000
-0.395120 0.612804 -278.370185
-0.881780 0.705787 371.901130
-0.002227 0.001314 1.000000
-0.018194 -2.049585 982.628857
0.200055 -1.574824 229.178987
0.000624 -0.003632 1.000000
0.144429 -1.754806 1033.879582
0.177503 -1.450703 -1267.539099
0.000756 -0.003611 1.000000
2.733430 -5.361289 6520.361703
1.386747 -3.496413 -220.479006
0.004922 -0.009949 1.000000
-0.196060 -0.526515 93.143346
-0.092273 -0.575294 -95.238247
-0.000543 -0.001711 1.000000
0.077780 -1.263932 -63.376585
0.004846 -0.979644 -94.779047
-0.000051 -0.002433 1.000000
-0.422433 -0.793721 811.262206
-0.139918 -0.441003 -31.075392
-0.000747 -0.001492 1.000000
-0.216078 -0.967749 532.399894
-0.072217 -0.619972 -92.987328
-0.000241 -0.002035 1.000000
0.234396 -1.243215 -1355.791075
0.159486 -0.988747 -373.922777
0.000417 -0.003186 1.000000
-0.486800 -0.103031 -549.184356
-0.255280 -0.145352 714.465625
-0.001408 -0.000896 1.000000
-1.280291 1.132077 3901.322743
-0.977453 0.624549 2439.811453
-0.002520 0.001564 1.000000
-0.175596 -0.768726 1492.462938
-0.124027 -0.456439 -105.978974
-0.000590 -0.001597 1.000000
-0.788518 -0.462273 -398.075654
-0.508266 -0.404203 875.581558
-0.001463 -0.000783 1.000000
0.006091 -1.089463 600.644319
-0.002947 -0.647469 -307.256544
-0.000156 -0.002178 1.000000
-0.837132 -0.767112 -937.796671
-0.472910 -0.369351 392.098251
-0.001302 -0.001028 1.000000
0.037418 -0.930207 691.532965
-0.069739 -0.869883 -711.180942
-0.000180 -0.002364 1.000000
-0.164609 -0.804834 993.378834
-0.010517 -0.672045 -709.934005
-0.000296 -0.001964 1.000000
-0.090032 -0.988059 545.959406
-0.085083 -0.704854 -282.508350
-0.000483 -0.002068 1.000000
-0.454848 -0.624961 758.271443
-0.255699 -0.430803 12.328949
-0.000933 -0.001225 1.000000
-1.956705 0.667265 -5052.995715
-0.799225 0.107520 1030.738981
-0.003106 0.000726 1.000000
-0.706427 -0.262132 1242.189335
-0.583736 -0.391534 710.606313
-0.001679 -0.000469 1.000000
0.075610 -1.183303 -113.704936
0.031270 -0.677206 -245.475038
-0.000012 -0.002343 1.000000
-6.507306 8.918268 -17169.713767
-5.544957 5.888472 8403.529614
-0.015115 0.016306 1.000000
-0.975873 0.332630 -1562.113613
-0.773555 0.347716 549.571039
-0.002221 0.000446 1.000000
-0.235841 -0.767628 -64.726347
-0.282847 -0.789493 209.908583
-0.000626 -0.001719 1.000000
-0.231566 -0.904478 373.305749
-0.163338 -0.626531 -61.855842
-0.000440 -0.001801 1.000000
0.429965 -1.395108 -177.109543
0.307380 -1.062484 -288.270097
0.001320 -0.003664 1.000000
0.186605 -1.730115 275.314453
0.103575 -0.919062 -503.515488
0.000427 -0.002539 1.000000
-0.829901 0.226042 1104.743051
-0.736245 -0.004817 -601.692279
-0.002007 0.000248 1.000000
-0.174034 -1.040227 434.400770
-0.004459 -0.622828 -276.188490
-0.000153 -0.001957 1.000000
-0.711727 -0.172824 -1692.510602
-0.622972 -0.160509 1322.952134
-0.001610 -0.000476 1.000000
-0.362904 -0.913328 -305.478800
-0.309598 -0.715518 251.619085
-0.000766 -0.001359 1.000000
1.059733 -2.485822 1452.135945
0.514729 -1.226410 -1003.781807
0.001554 -0.004142 1.000000
0.127975 -1.385145 1004.828116
-0.113277 -0.530258 -348.441898
0.000055 -0.002253 1.000000
0.098811 -1.514608 815.821296
0.123972 -0.659405 -788.636041
0.000221 -0.002562 1.000000
-0.618233 -1.022732 880.035882
-0.256705 -0.412343 -1.772746
-0.000772 -0.001350 1.000000
-0.334966 -0.863363 445.026443
-0.279267 -0.687834 -79.441350
-0.000757 -0.001504 1.000000
-0.494982 -1.157572 619.958353
-0.178777 -0.674456 -199.194956
-0.000546 -0.001814 1.000000
-0.198500 -1.074315 701.982551
-0.031415 -0.614185 -69.350487
-0.000166 -0.001899 1.000000
-4.194343 3.355986 7803.389032
-3.341792 3.761332 -11848.208738
-0.008874 0.009443 1.000000
-0.482508 -0.493907 659.142397
-0.448835 -0.352669 1624.118725
-0.001281 -0.000983 1.000000
-0.333700 -0.972865 396.117319
-0.168694 -0.653309 -321.649688
-0.000591 -0.001655 1.000000
-0.895743 -0.375433 2144.235158
-0.536136 -0.157619 -415.519355
-0.001397 -0.000692 1.000000
0.224271 -1.688469 -840.982812
0.298363 -1.372113 -256.371121
0.000646 -0.003225 1.000000
-0.502894 -0.712637 488.987850
-0.262307 -0.505509 -186.967476
-0.000797 -0.001372 1.000000
-0.207456 -0.954826 164.613120
-0.039224 -0.474393 -584.868086
-0.000361 -0.001758 1.000000
2.286963 -3.986220 3542.088853
0.943229 -1.643485 -605.612023
0.003862 -0.007250 1.000000
-0.918230 -0.301086 711.872192
-0.336739 -0.072282 -559.182069
-0.001497 -0.000271 1.000000
0.313222 -1.526364 215.173969
0.315560 -1.365170 -1085.187962
0.001096 -0.003737 1.000000
-1.033706 -0.224846 148.498555
-0.825096 -0.343084 1452.443072
-0.001844 -0.000083 1.000000
-0.515426 -0.952589 951.904783
-0.093562 -0.554782 -93.040742
-0.000710 -0.001620 1.000000
-0.310289 -1.007166 4640.914229
-0.148678 -0.896364 1013.276075
-0.000349 -0.002036 1.000000
-1.770512 1.740483 -4814.362655
-1.097308 0.713870 2444.029723
-0.003507 0.002172 1.000000
3.171084 -4.097042 -4724.050813
1.196256 -1.811913 152.333785
0.004700 -0.007507 1.000000
-1.987371 0.628364 1576.990017
-0.546621 0.353112 -486.880132
-0.002946 0.001188 1.000000
-1.184966 -0.379151 1304.588286
-0.519211 -0.041294 -31.809550
-0.001511 -0.000518 1.000000
-0.543866 -0.698566 1025.426616
-0.309581 -0.530066 -127.401800
-0.000805 -0.001319 1.000000
-0.539523 -0.640612 -331.370962
-0.289172 -0.488296 623.091386
-0.000996 -0.001215 1.000000
-0.405268 -0.730681 522.804773
-0.332308 -0.728465 -11.521203
-0.000696 -0.001697 1.000000
-0.282836 -0.946383 956.797440
-0.194493 -0.956156 -315.775827
-0.000468 -0.002071 1.000000
-0.251203 -0.973699 416.341725
-0.152479 -0.893128 -47.991020
-0.000401 -0.002062 1.000000
-0.147196 -0.833765 165.748720
-0.044536 -0.903203 -90.789965
-0.000159 -0.002192 1.000000
-0.480663 -0.942669 661.369988
-0.233228 -0.661261 -106.759548
-0.000667 -0.001712 1.000000
-0.640130 -0.636488 600.306232
-0.391944 -0.570771 -67.474356
-0.001069 -0.001260 1.000000
-0.535534 -0.811072 885.357055
-0.311853 -0.468604 135.578641
-0.000772 -0.001390 1.000000
-0.740450 -0.265022 801.580784
-0.371162 -0.340885 102.254154
-0.001225 -0.000809 1.000000
-0.687222 -0.612940 1011.785837
-0.371101 -0.354562 95.433524
-0.001032 -0.001142 1.000000
-0.373931 -0.857702 639.921929
-0.321958 -0.806560 220.671463
-0.000622 -0.001859 1.000000
-0.575919 -0.709676 919.888153
-0.252527 -0.460722 193.299787
-0.000856 -0.001268 1.000000
-0.039392 -1.007518 523.379830
-0.054948 -0.565964 3.527943
-0.000129 -0.002043 1.000000
-0.388621 -1.008594 940.857590
-0.248054 -0.537665 66.893450
-0.000581 -0.001623 1.000000
0.317739 -2.021592 -597.334438
0.114833 -1.287204 -357.590388
0.000753 -0.003497 1.000000
-0.963152 0.196305 1232.086763
-0.347589 -0.152400 -60.084747
-0.001597 -0.000494 1.000000
-0.834254 -0.375909 893.709584
-0.399919 -0.322015 14.390240
-0.001152 -0.000870 1.000000
-9.441829 6.105579 9489.392471
-4.374210 3.774932 799.842829
-0.014111 0.012729 1.000000
-2.602646 1.161856 3418.907711
-1.097620 1.127434 -9.961726
-0.003633 0.002211 1.000000
-0.426740 -0.692929 888.145398
-0.236922 -0.616381 79.861608
-0.000622 -0.001645 1.000000
-2.517151 1.344431 3146.763611
-1.773298 1.148320 824.485907
-0.004795 0.003523 1.000000
-0.183961 -0.735375 299.682356
-0.106615 -0.677021 -196.104820
-0.000334 -0.001879 1.000000
-0.236377 -0.834550 625.381972
-0.083692 -0.562103 -231.405351
-0.000404 -0.001922 1.000000
-0.358175 -0.517715 918.807348
-0.314183 -0.507926 -4.336860
-0.000994 -0.001329 1.000000
-0.548402 -0.951267 721.990421
-0.355417 -0.678134 125.678895
-0.000881 -0.001497 1.000000
-0.351115 -0.760419 801.002428
-0.178239 -0.655389 151.761452
-0.000594 -0.001693 1.000000
-0.041531 -1.151497 753.934378
-0.090971 -0.856321 -321.805859
-0.000233 -0.002184 1.000000
-0.265356 -0.783462 392.292696
-0.281341 -0.883063 90.238448
-0.000612 -0.001788 1.000000
-0.146659 -1.079119 652.299650
-0.150994 -0.995060 142.157869
-0.000350 -0.002029 1.000000
-0.016215 -1.245333 472.661942
-0.079275 -0.915043 78.631797
-0.000108 -0.002176 1.000000
-0.507732 -0.682728 468.439594
-0.422522 -0.729500 128.289309
-0.000980 -0.001380 1.000000
-0.871616 -0.501747 1581.283809
-0.368472 -0.230094 217.426898
-0.001170 -0.000679 1.000000
-0.337514 -0.400090 -349.539336
-0.240409 -0.425630 -409.617355
-0.000757 -0.001221 1.000000
-0.172740 -1.112895 1120.731276
-0.107019 -0.663555 224.249406
-0.000264 -0.001926 1.000000
0.237010 -1.624515 667.045105
0.043543 -0.588807 25.357117
0.000247 -0.002458 1.000000
-0.352772 -0.721499 999.791048
-0.195959 -0.618547 -127.860477
-0.000767 -0.001741 1.000000
-0.395294 -0.811030 655.752206
-0.234547 -0.641572 70.218435
-0.000661 -0.001861 1.000000
-0.483129 -0.677669 338.759847
-0.492241 -0.624706 372.076750
-0.001026 -0.001227 1.000000
-0.113476 -1.130559 583.489583
-0.087322 -0.758050 206.165746
-0.000201 -0.002152 1.000000
0.293371 -2.808017 1287.407383
0.571402 -2.488862 7.323659
0.001308 -0.005076 1.000000
0.286459 -1.684052 814.537628
0.342796 -1.329187 102.194419
0.000709 -0.003120 1.000000
-0.162772 -1.341424 625.189179
-0.143258 -1.523108 329.630939
-0.000216 -0.002806 1.000000
0.094832 -1.005023 301.939401
-0.030838 -0.394581 -13.912397
-0.000045 -0.002139 1.000000
-0.129122 -0.882811 457.604038
-0.069493 -0.912047 -15.463702
-0.000154 -0.002087 1.000000
-0.593675 -0.696931 -180.451227
-0.398453 -0.347009 -81.565416
-0.001156 -0.001073 1.000000
-0.491767 -0.936724 -65.110048
-0.203674 -0.500918 183.211250
-0.000749 -0.001573 1.000000
-0.639092 -0.377088 546.871294
-0.480152 -0.436358 -20.962532
-0.001190 -0.000984 1.000000
0.952175 -2.787304 1469.573629
0.431531 -1.514675 -665.132958
0.002181 -0.005342 1.000000
-0.390772 -0.661505 63.064087
-0.253965 -0.542167 -26.850032
-0.000705 -0.001426 1.000000
0.077587 -1.291937 1537.166177
-0.027941 -0.816330 -336.745785
-0.000041 -0.002480 1.000000
-0.306762 -0.541569 447.428387
-0.230430 -0.436386 -65.865456
-0.000818 -0.001341 1.000000
-0.256436 -0.817680 428.344878
-0.099401 -0.753373 -356.131814
-0.000389 -0.001926 1.000000
-0.222225 -1.005822 737.274253
-0.114081 -0.737791 -532.193166
-0.000360 -0.001930 1.000000
-0.457235 -0.738101 1470.808511
-0.222775 -0.326428 59.977000
-0.000741 -0.001232 1.000000
-1.384299 0.931255 -695.803786
-1.293411 0.881221 1787.222801
-0.003000 0.001755 1.000000
-0.427506 -0.844068 495.570885
-0.205751 -0.655398 43.038571
-0.000668 -0.001602 1.000000
-0.454038 -0.580707 460.009417
-0.463438 -0.500021 -148.889501
-0.001052 -0.001194 1.000000
-0.280802 -0.827560 539.796421
-0.173545 -0.623649 -274.975045
-0.000565 -0.001526 1.000000
