0.898185 -2.365205 911.525551
0.456766 -1.326799 -674.238073
0.002032 -0.005142 1.000000
0.240042 -1.480579 356.256915
0.067084 -0.767782 -195.168969
0.000110 -0.002623 1.000000
0.369077 -1.434113 797.073735
0.114266 -0.721205 -291.824488
0.000644 -0.002906 1.000000
0.083379 -2.393636 135.861912
0.207444 -1.462518 -395.903803
0.000558 -0.003992 1.000000
0.360691 -1.428000 307.344250
0.179072 -1.522615 -428.495322
0.000427 -0.003557 1.000000
0.848249 -2.414440 1029.396214
0.713364 -1.666292 -732.025946
0.001671 -0.005026 1.000000
0.419970 -1.287122 177.972574
0.153499 -0.779453 -292.013960
0.000553 -0.002971 1.000000
0.612278 -2.205799 455.003347
0.422750 -1.751456 -397.094740
0.000832 -0.004080 1.000000
1.248235 -2.552736 834.814455
0.500517 -0.918432 -360.108602
0.001740 -0.004255 1.000000
0.041960 -2.022462 851.609291
-0.007649 -1.442753 -215.585437
0.000263 -0.002981 1.000000
-0.148460 -1.141665 526.337037
-0.152106 -0.890735 -51.242533
-0.000146 -0.002276 1.000000
0.253595 -1.903518 -27.632858
0.251666 -1.509338 -252.352592
0.000749 -0.003912 1.000000
0.943606 -2.043524 450.460622
0.147626 -1.103532 -306.306627
0.001158 -0.003942 1.000000
-0.017762 -1.195581 381.766802
0.042908 -1.385217 44.704286
0.000049 -0.002949 1.000000
0.086456 -1.049312 605.961049
-0.062354 -0.810182 75.274226
0.000080 -0.002568 1.000000
0.210866 -1.203181 500.606069
-0.027945 -0.790696 11.126954
0.000170 -0.002565 1.000000
0.470546 -1.481490 433.536389
0.084803 -0.864635 -50.099734
0.000506 -0.002751 1.000000
0.169418 -1.444103 412.353317
-0.057896 -0.933136 41.664592
0.000272 -0.002662 1.000000
0.183067 -1.211053 470.231851
-0.067272 -0.633791 26.507767
0.000046 -0.002211 1.000000
0.445207 -1.693950 371.268452
0.126864 -0.794377 -308.271119
0.000704 -0.002872 1.000000
0.199834 -1.459545 441.184865
0.038113 -0.980407 -63.404696
0.000441 -0.002764 1.000000
-7.827425 9.238897 4784.979701
-4.913308 5.726339 3647.149737
-0.011846 0.014133 1.000000
-0.078996 -1.147314 701.473116
-0.070899 -0.902501 -338.765460
-0.000000 -0.002178 1.000000
0.431541 -1.397735 438.066787
0.082679 -0.857003 -71.414506
0.000475 -0.002848 1.000000
0.449314 -1.181059 343.118465
-0.006570 -0.722262 -16.868731
0.000272 -0.002632 1.000000
0.181830 -1.099151 448.179065
-0.118799 -0.826376 120.385481
0.000021 -0.002363 1.000000
-9.401042 12.409962 6628.516712
-8.565735 11.471418 12013.843309
-0.022111 0.030482 1.000000
0.406417 -1.412601 231.591233
0.224457 -1.015473 -440.055592
0.000759 -0.003208 1.000000
1.713786 -3.468317 610.048335
1.290111 -2.817674 -1046.302457
0.003721 -0.007555 1.000000
0.436053 -1.173698 391.707834
0.082912 -0.811026 -68.981464
0.000305 -0.002633 1.000000
0.016463 -1.275854 375.307465
-0.090358 -0.820248 28.460656
-0.000295 -0.002510 1.000000
-0.093497 -1.486758 489.581289
0.083884 -1.676676 115.368710
0.000073 -0.003294 1.000000
0.325641 -1.707028 586.921870
0.196393 -1.576804 -254.793719
0.000596 -0.003753 1.000000
0.278326 -0.906386 422.502566
0.104613 -0.953925 -55.276255
0.000200 -0.002993 1.000000
0.044762 -1.403266 496.319427
-0.091727 -0.748163 -71.901465
-0.000007 -0.002539 1.000000
1.381875 -2.469637 841.238649
0.588583 -1.637796 -554.233934
0.002034 -0.004671 1.000000
0.210525 -1.754369 689.227288
0.044697 -1.500381 -228.510101
0.000428 -0.004235 1.000000
0.637727 -1.605857 336.010385
0.392811 -1.429970 -299.204306
0.000891 -0.003795 1.000000
0.245968 -1.497457 450.299916
0.062924 -0.975880 -246.937096
0.000190 -0.003178 1.000000
0.515582 -1.588957 365.312072
0.178327 -0.878550 -348.344823
0.000601 -0.003092 1.000000
0.164672 -1.448890 729.529758
0.126947 -0.988070 -181.832964
0.000238 -0.003107 1.000000
-0.106842 -1.057382 410.180110
-0.103962 -0.638290 -108.664021
-0.000183 -0.002081 1.000000
0.666394 -1.961476 452.399270
0.551702 -1.086659 -830.809345
0.001242 -0.004250 1.000000
0.000885 -0.958552 469.787859
-0.176646 -1.267470 126.309523
-0.000229 -0.002480 1.000000
0.449124 -1.589388 507.152666
0.081612 -1.446868 -833.567437
0.000786 -0.003767 1.000000
0.208454 -1.216340 334.084165
0.237935 -0.803550 -412.871066
0.000351 -0.002682 1.000000
-0.040741 -1.451142 997.207267
0.016369 -0.980183 -315.071790
0.000027 -0.002938 1.000000
0.225485 -1.472656 152.119445
-0.071260 -0.662964 -438.586501
0.000230 -0.002589 1.000000
-0.394484 -0.888280 -150.315332
-0.235646 -0.436784 88.901565
-0.000623 -0.001507 1.000000
0.127091 -1.137811 380.419204
-0.020990 -0.569773 -202.920140
0.000051 -0.002254 1.000000
0.378786 -1.711108 1632.103117
0.085457 -0.930967 -22.650754
0.000399 -0.003328 1.000000
0.778509 -2.088678 998.195557
0.350252 -0.828748 -505.874887
0.001005 -0.003432 1.000000
0.516216 -1.234020 243.055365
0.084626 -0.701172 -182.814924
0.000308 -0.002477 1.000000
0.351335 -0.928112 289.536569
0.001336 -1.051042 -279.741649
0.000327 -0.003125 1.000000
0.592320 -1.936896 513.974724
0.337797 -1.152906 -395.480782
0.000616 -0.003176 1.000000
0.433142 -2.428484 846.419167
0.155859 -1.691673 -314.227565
0.000585 -0.004021 1.000000
1.168761 -2.276102 1066.341150
0.480015 -1.856554 -624.022617
0.002201 -0.006223 1.000000
0.449471 -1.613635 846.895172
0.094242 -0.793088 -64.203726
0.000473 -0.002810 1.000000
-0.011459 -0.873387 499.598080
-0.288987 -0.873769 -41.452894
-0.000503 -0.001871 1.000000
0.132994 -1.311639 579.319821
-0.231035 -1.121340 -8.529643
-0.000115 -0.002493 1.000000
1.187974 -2.299758 -1716.638619
0.348785 -2.071841 -621.135564
0.002333 -0.006205 1.000000
0.105238 -1.933148 314.465083
0.085719 -1.809304 -234.056980
0.000492 -0.003892 1.000000
0.263243 -1.244866 21.370550
0.055108 -0.814274 -193.015181
0.000614 -0.003006 1.000000
1.667181 -3.117940 1746.327753
0.314012 -2.503026 -1049.916596
0.002022 -0.006466 1.000000
1.466710 -3.400416 1532.614815
0.400600 -1.615255 -1097.565634
0.003303 -0.006399 1.000000
0.505093 -1.421525 758.744602
0.372657 -1.393977 -298.680412
0.000908 -0.003479 1.000000
0.514684 -1.519392 729.995934
0.014168 -1.256783 -389.211806
0.000237 -0.003385 1.000000
0.256384 -1.623309 10.527609
0.235817 -1.207154 -1487.027514
0.000725 -0.003491 1.000000
-0.090058 -1.274006 -215.431384
-0.008390 -0.889312 75.105134
0.000109 -0.002674 1.000000
0.547462 -1.727362 131.809988
0.296818 -1.625495 -1299.515287
0.001047 -0.003802 1.000000
0.422040 -1.555611 -39.776380
0.173093 -1.210372 -122.322030
0.000503 -0.002908 1.000000
285.208915 -369.783287 283910.356637
127.351279 -222.524628 -58256.468161
0.405910 -0.617558 1.000000
0.333267 -1.249850 149.301592
-0.118638 -1.260673 -200.233976
0.000419 -0.003347 1.000000
0.385099 -1.751393 581.971713
0.112811 -0.825663 -70.188806
0.000317 -0.003200 1.000000
1.049913 -2.541369 440.083170
0.558276 -1.496150 -707.783308
0.001597 -0.004435 1.000000
0.501214 -1.545808 431.929253
0.050144 -0.820205 33.782623
0.000451 -0.002836 1.000000
0.532062 -1.740580 -1590.942207
0.494719 -1.609530 -199.570940
0.001416 -0.004505 1.000000
-0.337837 -1.639421 -465.811220
-0.006942 -1.011518 288.146569
-0.000199 -0.002714 1.000000
0.772969 -2.496549 -249.276933
0.806005 -1.915006 -854.900991
0.001516 -0.004563 1.000000
0.007577 -1.172134 821.284153
0.098124 -1.249465 -157.851089
0.000236 -0.002878 1.000000
-0.362691 -1.088109 -141.072141
-0.230143 -0.933916 -30.464412
-0.000567 -0.002050 1.000000
0.036842 -1.534912 513.209748
-0.168530 -1.235523 -51.793391
0.000022 -0.002942 1.000000
-0.146625 -1.100079 552.008964
-0.296682 -1.266418 132.360689
-0.000413 -0.002453 1.000000
-0.455727 -0.769454 268.163741
-0.223046 -0.473459 -98.032500
-0.000723 -0.001454 1.000000
0.598791 -1.822587 43.239026
0.339871 -1.172202 -623.588733
0.001729 -0.004612 1.000000
0.190941 -1.347447 22.332063
-0.000256 -0.922699 -27.537971
0.000420 -0.003099 1.000000
-0.371240 -1.440410 3258.700679
-0.214575 -1.140269 20.322755
-0.000321 -0.002516 1.000000
1.734367 -3.857497 304.994268
1.786772 -4.104921 -3225.912137
0.003966 -0.008110 1.000000
-3.107938 1.927981 6069.938137
-2.164449 1.379293 2000.826606
-0.007805 0.006232 1.000000
1.277734 -3.877538 1029.847557
0.585686 -2.241876 -867.762228
0.001850 -0.005129 1.000000
0.540444 -2.851335 969.115081
0.132952 -2.111435 -416.709066
0.000854 -0.004302 1.000000
2.389537 -3.968956 167.277199
1.366117 -2.999533 -1697.956410
0.003446 -0.006818 1.000000
0.351235 -2.174073 -245.213101
0.110471 -1.474612 -201.311966
0.000338 -0.003442 1.000000
0.407004 -1.802053 -509.468588
0.604432 -1.544285 -913.305156
0.001901 -0.005132 1.000000
-0.110443 -1.123095 2.323737
0.021449 -0.622480 -234.532794
-0.000208 -0.002313 1.000000
-6.255841 6.521864 -7835.460281
-2.838469 4.304322 3894.030564
-0.010435 0.014610 1.000000
0.179188 -1.990710 -795.270654
0.089175 -1.246056 -140.584145
0.000374 -0.003400 1.000000
-0.020431 -1.413074 1025.811027
-0.138810 -1.171951 -34.958718
-0.000067 -0.002597 1.000000
0.231708 -1.657437 1348.580887
-0.045195 -1.340141 123.016810
0.000298 -0.002953 1.000000
1.795168 -3.715182 735.060762
1.049361 -2.848701 -2550.706275
0.003009 -0.006871 1.000000
0.853215 -3.092671 -67.609560
0.846560 -1.882903 -723.414472
0.001663 -0.004965 1.000000
0.539072 -1.746814 695.786392
0.277141 -1.966100 -636.021092
0.000770 -0.004072 1.000000
0.242315 -1.102390 392.793692
0.046633 -1.283701 -226.116134
0.000321 -0.002902 1.000000
0.001630 -1.980369 507.626015
0.022552 -1.330843 -321.227947
0.000221 -0.003342 1.000000
-0.131725 -1.257045 376.482427
-0.162394 -1.053416 7.956368
-0.000167 -0.002348 1.000000
0.325436 -1.243640 406.094822
0.071772 -0.794620 23.849461
0.000161 -0.002658 1.000000
-0.008816 -0.969659 360.583737
-0.106980 -0.628280 122.189209
-0.000307 -0.002009 1.000000
0.363315 -1.881476 439.892824
-0.023057 -1.423419 -372.180813
0.000367 -0.003266 1.000000
0.014289 -1.572505 692.497596
-0.154617 -1.429194 -511.418881
0.000025 -0.003015 1.000000
0.124865 -1.950967 256.243784
0.017816 -1.581470 -61.561478
0.000258 -0.003180 1.000000
0.101867 -1.304597 320.231497
0.027155 -1.069055 0.291591
0.000036 -0.002569 1.000000
-0.046434 -1.277629 216.220821
-0.027657 -1.252103 -121.128638
-0.000117 -0.002601 1.000000
0.705893 -2.030914 621.332785
0.257347 -1.181719 -485.384953
0.000967 -0.003781 1.000000
0.404722 -1.706407 669.521279
0.080183 -0.832132 -219.487799
0.000587 -0.002868 1.000000
-0.889738 0.352536 -285.974430
-0.655421 0.080621 672.486787
-0.001990 0.000412 1.000000
-0.457496 -0.435053 -156.251350
-0.399128 -0.561848 448.843386
-0.000911 -0.001111 1.000000
0.210421 -2.627836 -126.262834
0.303610 -2.122842 -467.986680
0.000350 -0.004178 1.000000
0.501496 -2.247365 87.540264
-0.130809 -1.511914 -294.148727
0.000294 -0.003657 1.000000
0.843678 -2.207139 -15.964641
0.294183 -1.016091 -565.177884
0.001004 -0.003647 1.000000
0.670633 -2.524553 165.798533
0.349053 -1.999648 -407.389273
0.000997 -0.004216 1.000000
1.033976 -2.913082 98.906857
0.490839 -1.625371 -593.839445
0.001598 -0.004492 1.000000
-0.105184 -1.458066 355.612240
-0.112511 -1.061204 86.547245
-0.000242 -0.002236 1.000000
2.786181 -4.459240 445.756521
1.084735 -2.794954 -1066.690536
0.003530 -0.006856 1.000000
-0.051911 -1.540459 214.302686
-0.245664 -1.186329 132.870879
-0.000189 -0.002487 1.000000
0.242410 -1.241224 169.755923
-0.037365 -1.336029 -421.994839
0.000111 -0.002908 1.000000
-0.024217 -1.299592 769.371762
-0.177454 -0.887357 20.884656
-0.000119 -0.002148 1.000000
1.325306 -1.907902 782.653502
0.562248 -1.340196 -468.963800
0.001664 -0.003834 1.000000
0.105528 -0.949474 511.276615
-0.127193 -0.976462 110.500410
-0.000023 -0.002201 1.000000
-0.034593 -1.080411 652.140206
-0.088065 -1.261720 78.887136
-0.000050 -0.002513 1.000000
0.429775 -1.659427 726.371956
0.024078 -1.543006 16.696639
0.000340 -0.003172 1.000000
0.487426 -1.651234 716.629231
0.313016 -1.424007 -274.091181
0.000768 -0.003307 1.000000
0.621323 -1.653985 501.044293
0.287036 -1.687095 -226.812031
0.000755 -0.003617 1.000000
0.698490 -2.069030 1295.700998
0.359677 -1.388929 -356.611204
0.000977 -0.003720 1.000000
0.825837 -2.619308 1772.621756
0.270592 -1.945259 -697.657149
0.001358 -0.004552 1.000000
-4.469546 5.421833 100.654966
-3.915297 5.033584 4410.088110
-0.008729 0.010176 1.000000
0.161645 -1.087370 736.030337
-0.007728 -0.764041 38.755586
0.000133 -0.002185 1.000000
0.038334 -1.719547 619.714484
0.065198 -0.967044 -106.989159
0.000171 -0.002596 1.000000
0.295778 -1.709761 99.087311
0.296733 -1.812756 0.414181
0.000531 -0.003338 1.000000
-3.211772 1.757046 826.717217
-1.627636 1.262912 1785.649106
-0.005192 0.003878 1.000000
-0.003442 -1.347780 1044.188142
-0.037092 -0.610559 -62.715561
-0.000095 -0.001990 1.000000
0.183550 -1.707334 1406.494080
0.189747 -1.158929 -104.242520
0.000300 -0.002924 1.000000
0.029781 -1.127424 1039.953322
-0.059371 -1.143116 -49.223075
-0.000074 -0.002679 1.000000
0.331277 -1.411097 697.912518
0.081260 -0.939683 -365.896825
0.000578 -0.002920 1.000000
2.619767 -4.754886 4952.285420
1.188326 -2.952538 -1811.253653
0.003969 -0.007917 1.000000
0.759016 -2.481104 1248.797395
0.093049 -0.913496 -210.707047
0.000795 -0.003111 1.000000
-1.612097 0.892179 32.996554
-0.832864 0.413861 2403.972731
-0.002905 0.001453 1.000000
0.177983 -1.331513 572.423972
0.198811 -1.711481 -130.131428
0.000720 -0.003611 1.000000
0.227915 -1.373164 444.777498
-0.028799 -1.111054 -193.762112
0.000141 -0.002965 1.000000
-0.013210 -1.564724 256.531529
-0.040822 -1.222345 -35.545128
0.000101 -0.002711 1.000000
0.400282 -1.604548 82.826222
0.012092 -1.250863 -536.194619
0.000375 -0.003046 1.000000
-0.935958 -0.358281 374.669617
-0.558320 -0.205241 1293.412918
-0.001588 -0.000533 1.000000
0.039965 -1.627132 2450.686087
0.038549 -0.724644 -3044.901159
0.000206 -0.002954 1.000000
28.729061 -29.919105 -2722.828268
13.380279 -20.159250 -21087.210214
0.036871 -0.062917 1.000000
-0.354903 -1.391820 1294.368704
-0.273649 -0.739988 -374.672034
-0.000536 -0.002489 1.000000
0.503072 -2.912719 226.013594
0.325884 -1.357503 -640.406538
0.000884 -0.004510 1.000000
0.040255 -1.974486 1204.506137
0.126447 -0.728353 -361.972724
0.000378 -0.003011 1.000000
-0.953066 -0.123600 -476.801221
-0.505651 -0.198320 549.461995
-0.001591 -0.000424 1.000000
-0.000353 -1.473016 1955.859015
0.163667 -1.162770 -16.006354
0.000313 -0.003209 1.000000
5.243475 -6.768906 644.404944
3.342255 -4.288606 -4385.990983
0.009433 -0.012229 1.000000
-0.108202 -0.710828 528.234379
-0.314687 -0.936129 165.757826
-0.000457 -0.001920 1.000000
0.495477 -1.665817 761.492444
0.173725 -1.572434 -118.332359
0.000613 -0.003565 1.000000
0.134705 -1.303678 769.496432
-0.061613 -0.664492 -39.739386
0.000255 -0.002620 1.000000
0.585887 -2.143980 -187.218885
0.166993 -1.403034 -190.752024
0.000445 -0.003489 1.000000
-5.175688 7.570730 2509.863882
-4.003646 4.566166 5205.746621
-0.009470 0.013362 1.000000
0.060209 -1.208971 333.930794
0.029476 -1.011868 -22.857979
0.000605 -0.002957 1.000000
0.474415 -1.777734 261.072145
0.484193 -1.986168 -477.250226
0.001338 -0.004699 1.000000
0.185663 -1.598003 -1574.347583
0.346221 -1.383423 -15.344235
0.000668 -0.003296 1.000000
2.730435 -6.961678 -994.152705
1.497315 -5.393575 -1963.211693
0.005915 -0.012785 1.000000
2.446802 -3.552185 955.607270
0.938211 -1.668902 -1321.668317
0.003846 -0.006685 1.000000
0.041433 -1.702694 158.627754
-0.072267 -1.411082 36.116747
-0.000040 -0.003112 1.000000
1.250000 -2.977337 548.444159
0.385945 -2.420080 -531.742579
0.002024 -0.006008 1.000000
0.649786 -2.565284 1218.953138
0.395914 -2.330411 -355.224725
0.001113 -0.004769 1.000000
0.008959 -0.842006 132.966681
-0.018678 -1.128486 21.881065
-0.000047 -0.002436 1.000000
0.562809 -2.008961 917.064669
0.980295 -2.231986 -949.040528
0.001803 -0.005498 1.000000
-0.087330 -1.360871 316.882980
-0.038976 -0.835546 -129.121774
-0.000059 -0.002687 1.000000
2.062718 -4.171016 -98.660517
1.955025 -3.204095 -1420.384736
0.004736 -0.007825 1.000000
0.549838 -2.146410 181.396477
0.233859 -1.521749 -371.646186
0.001312 -0.004302 1.000000
0.607381 -1.673785 166.750144
0.237931 -1.557461 -492.057558
0.000944 -0.003818 1.000000
-0.066150 -1.162258 -76.740616
-0.092661 -0.913334 -230.851172
-0.000253 -0.002382 1.000000
0.313147 -2.509674 -617.851250
0.480022 -1.681875 -365.251618
0.001432 -0.005371 1.000000
0.167034 -1.768669 -68.856608
0.056504 -1.600650 -233.086567
0.000608 -0.003801 1.000000
-0.228858 -1.200027 331.156111
-0.106673 -0.810750 9.974173
-0.000208 -0.002484 1.000000
-0.275949 -0.531933 464.685653
-0.304989 -0.747872 13.610110
-0.000758 -0.001726 1.000000
-1.180597 0.232902 -14.900830
-0.693912 -0.114868 832.852332
-0.001786 -0.000015 1.000000
0.348601 -1.884441 -78.949553
0.145514 -1.204182 -252.859897
0.000472 -0.003426 1.000000
0.372109 -1.567567 -865.177552
0.275750 -1.312987 115.360413
0.001003 -0.003639 1.000000
0.511235 -1.842160 -748.236277
0.251995 -1.101677 -537.255958
0.001532 -0.004815 1.000000
-0.127787 -1.072865 476.256233
-0.049835 -0.840241 16.031974
0.000043 -0.002321 1.000000
0.157159 -1.286695 432.122563
0.237563 -1.091420 -363.501501
0.000940 -0.003205 1.000000
-0.081178 -2.071462 372.678536
0.015410 -1.389211 -165.889102
0.000260 -0.003018 1.000000
2.132847 -4.013824 748.020448
1.113526 -3.198121 -1548.570759
0.003700 -0.006988 1.000000
0.715447 -2.467128 -2308.512749
0.364039 -1.205028 -1151.703208
0.002453 -0.006611 1.000000
0.079089 -1.309850 -609.501008
0.235897 -0.807404 -309.858001
0.000442 -0.002961 1.000000
0.985911 -3.207915 -220.307232
0.913690 -2.216014 -1839.867037
0.002034 -0.006224 1.000000
-0.567224 -0.509847 -206.395179
-0.430768 -0.355893 216.810850
-0.001002 -0.001190 1.000000
-2.319514 2.767665 -12385.251714
-2.220962 2.330594 -822.062065
-0.006310 0.006225 1.000000
-0.303149 -0.563091 1058.816191
-0.185153 -0.459951 -282.548607
-0.000753 -0.001528 1.000000
-0.128376 -0.906414 734.361837
-0.289487 -0.886243 36.622573
-0.000478 -0.001990 1.000000
-0.089983 -0.862179 175.835849
-0.259373 -1.090607 -135.510501
-0.000214 -0.002303 1.000000
-0.065982 -1.335829 176.135979
-0.104060 -0.994336 -139.584982
0.000122 -0.002704 1.000000
0.008589 -1.300338 844.382371
-0.184997 -0.847372 43.413921
-0.000353 -0.002243 1.000000
0.144991 -1.224154 79.172062
0.032073 -0.994517 -300.712735
0.000070 -0.002590 1.000000
0.155253 -1.654422 806.003012
0.131553 -1.077853 -374.963340
0.000168 -0.003126 1.000000
2.009730 -5.606466 -1286.460575
0.824237 -2.393223 -1316.069633
0.002690 -0.007200 1.000000
0.191675 -1.539835 1046.677392
0.105093 -1.130546 -228.983372
0.000155 -0.002957 1.000000
21.724047 -29.508362 9824.408214
9.607117 -13.264329 -5636.339773
0.030988 -0.044198 1.000000
-0.726581 -0.700029 451.920364
-0.320385 -0.363963 -558.441453
-0.001198 -0.000985 1.000000
0.223958 -2.221154 953.665248
-0.039754 -1.333690 -311.839607
0.000331 -0.003413 1.000000
-0.073821 -1.782103 1303.161558
-0.003396 -1.144754 -248.367765
0.000030 -0.002992 1.000000
5.338754 -13.921534 9001.552400
7.880185 -12.668361 -9978.506908
0.015364 -0.026938 1.000000
-1.037449 0.044969 931.381847
-0.878736 0.175018 1026.314479
-0.001663 0.000143 1.000000
-0.200096 -2.013678 522.331291
-0.164643 -1.420423 -68.820380
-0.000139 -0.002908 1.000000
0.486455 -2.268538 676.371884
0.304035 -1.606648 -558.843042
0.000888 -0.003820 1.000000
-3.931724 6.188920 271.450252
-3.576319 5.468358 5075.134953
-0.008141 0.009515 1.000000
0.040057 -1.429147 858.869856
-0.034081 -0.727680 -209.512116
0.000016 -0.002418 1.000000
-0.460126 -0.684920 1237.479803
-0.404739 -0.427602 -525.082652
-0.000995 -0.001305 1.000000
0.425405 -2.297900 -63.308852
0.078979 -1.084336 -825.349659
0.000638 -0.003687 1.000000
0.631150 -2.366493 703.584998
-0.041339 -0.771047 -759.929178
0.001076 -0.003709 1.000000
0.040324 -0.843803 -170.001037
-0.129325 -0.814752 -531.985807
-0.000303 -0.002094 1.000000
-0.500139 -1.073962 -645.080611
-0.414112 -0.802691 190.147990
-0.000908 -0.001767 1.000000
-0.547402 -1.060413 774.537844
-0.123703 -0.288963 -620.213827
-0.000772 -0.001584 1.000000
-0.999749 0.011789 -836.573701
-0.789635 -0.146554 482.064467
-0.001897 -0.000182 1.000000
0.320706 -1.368053 926.322438
-0.112981 -0.817309 -704.038743
0.000393 -0.003127 1.000000
1.048361 -2.444317 51.687918
0.489275 -1.428926 -1024.369341
0.001632 -0.004631 1.000000
-0.101065 -0.714291 280.898189
-0.137219 -0.511435 0.397837
-0.000297 -0.001805 1.000000
-0.055071 -1.400136 1085.001806
-0.156046 -0.786035 143.349777
-0.000252 -0.002323 1.000000
-0.641132 -0.629540 1200.234655
-0.271640 -0.220896 62.339852
-0.001073 -0.000968 1.000000
-1.020453 -0.047753 1611.975337
-0.804177 0.207509 823.349405
-0.002301 0.000334 1.000000
0.566930 -1.624127 811.022497
0.303183 -1.183754 -173.591140
0.000851 -0.003347 1.000000
0.299262 -1.644936 989.111429
0.195672 -0.847142 -123.661284
0.000607 -0.003094 1.000000
-0.245158 -0.954398 594.974784
-0.094905 -0.546452 -75.874146
-0.000414 -0.001928 1.000000
1.069071 -3.982485 113.381447
1.043594 -2.709360 -1626.624997
0.003371 -0.007232 1.000000
-0.204824 -1.096037 757.287160
-0.208228 -1.006104 74.684922
-0.000390 -0.002132 1.000000
-0.013306 -1.142388 590.876483
-0.070358 -1.045933 -265.306065
-0.000010 -0.002491 1.000000
0.025376 -1.621528 913.320308
0.135555 -0.720432 -427.097970
0.000151 -0.002689 1.000000
-0.436448 -1.019460 772.194000
-0.323853 -1.013486 -131.491582
-0.000642 -0.002174 1.000000
20.141181 -22.927435 6275.017475
7.990210 -13.567471 -13701.400184
0.023307 -0.039788 1.000000
-6.232308 6.352996 7671.703249
-4.143968 2.782285 7386.512787
-0.010790 0.011156 1.000000
0.391156 -3.019595 52.576585
0.409779 -2.168074 -364.771675
0.001350 -0.004883 1.000000
-0.760139 -0.437737 603.783378
-0.407393 -0.350791 -589.973954
-0.001189 -0.000805 1.000000
-0.191622 -1.556249 801.088547
-0.142971 -1.062150 -349.486583
-0.000135 -0.002426 1.000000
-0.123383 -1.265899 507.844253
-0.100294 -0.786597 -133.525236
-0.000267 -0.002271 1.000000
-0.150611 -2.120034 404.383327
-0.184940 -0.934911 98.421458
-0.000118 -0.002897 1.000000
0.408730 -2.003520 409.144593
0.268194 -1.395286 -299.185949
0.000921 -0.003818 1.000000
0.013833 -1.636766 611.281497
-0.048670 -1.107928 -41.303823
0.000052 -0.002573 1.000000
0.283343 -1.403985 546.169861
-0.061990 -0.859083 65.003113
0.000321 -0.002446 1.000000
0.386763 -2.353292 261.463440
0.168374 -1.639298 -105.624526
0.000887 -0.003712 1.000000
1.022085 -2.955409 586.185790
0.736988 -2.704473 -479.984941
0.001812 -0.005567 1.000000
0.253452 -1.263248 323.037149
-0.189635 -1.167053 121.968269
0.000292 -0.002777 1.000000
0.010527 -1.063958 538.553808
-0.012618 -0.735542 -1.455153
-0.000269 -0.002107 1.000000
0.079601 -0.967471 191.491341
0.088114 -0.963944 -191.254744
0.000464 -0.002742 1.000000
0.067633 -0.858594 264.308810
-0.004605 -0.837823 115.197841
0.000218 -0.002172 1.000000
-0.140850 -1.055576 544.215726
-0.200577 -0.788915 -4.454983
-0.000339 -0.002074 1.000000
0.094193 -1.816124 383.631985
0.104976 -1.527674 -17.056316
0.000411 -0.003389 1.000000
0.313687 -0.966812 475.810357
0.078235 -1.328418 -6.980429
0.000320 -0.002932 1.000000
0.196318 -1.317522 350.917879
-0.115979 -1.390863 165.274434
0.000077 -0.002806 1.000000
-0.212311 -1.290106 641.785054
-0.213108 -1.327488 197.603959
-0.000196 -0.002473 1.000000
0.271628 -1.144179 586.833713
0.052951 -1.426459 -8.846942
0.000367 -0.003118 1.000000
0.642242 -2.980239 909.083052
0.458771 -1.371040 -346.438233
0.000935 -0.003924 1.000000
0.043582 -2.165901 677.333355
0.257120 -0.889290 -538.136132
0.000271 -0.003092 1.000000
0.245786 -1.488400 618.768243
-0.039006 -0.765587 -190.978973
0.000188 -0.002563 1.000000
1.163620 -3.853634 469.468566
0.453204 -2.387717 -274.841660
0.001622 -0.005457 1.000000
0.387767 -1.435908 234.296946
0.136926 -0.609624 -362.287072
0.000730 -0.002871 1.000000
0.653808 -2.118791 715.946473
0.284426 -1.103224 -356.085130
0.000934 -0.003456 1.000000
0.884991 -2.461059 780.035863
0.562252 -2.418569 -100.456363
0.001343 -0.004726 1.000000
-0.029310 -0.966438 443.118528
-0.102490 -0.904939 38.040273
-0.000055 -0.002161 1.000000
0.106468 -1.256671 477.138922
-0.120483 -1.592302 233.949181
0.000090 -0.002795 1.000000
-0.020567 -1.336808 256.556496
-0.074253 -1.361189 49.607101
-0.000006 -0.002553 1.000000
0.866644 -2.812198 574.738029
0.493063 -2.423276 -318.341591
0.001149 -0.004945 1.000000
1.953106 -3.817546 -486.965657
0.881246 -1.861551 -853.334483
0.002704 -0.005980 1.000000
-0.098501 -1.127183 459.308835
-0.182736 -1.221775 174.307200
-0.000202 -0.002573 1.000000
-0.124464 -0.992485 234.702031
-0.120354 -0.833767 -140.441465
-0.000249 -0.002097 1.000000
2.135376 -4.466492 -1030.993737
0.727688 -3.160640 -758.899725
0.002995 -0.007834 1.000000
-0.099726 -1.132616 581.662908
-0.207396 -1.152949 70.699940
-0.000179 -0.002360 1.000000
0.665112 -1.718426 354.714897
0.162333 -0.952599 -83.704083
0.000805 -0.003204 1.000000
0.094621 -1.052270 213.023802
-0.054855 -0.969250 -56.787886
0.000031 -0.002434 1.000000
0.322589 -1.427445 418.569611
-0.023467 -0.613064 34.217622
0.000543 -0.002788 1.000000
0.323561 -1.913557 625.033126
0.297410 -1.473971 -180.798246
0.000613 -0.003330 1.000000
0.028172 -1.895646 430.258985
0.167334 -1.504883 -152.235917
0.000348 -0.003284 1.000000
0.345691 -1.604870 531.681002
0.031286 -0.661336 -38.583184
0.000212 -0.002693 1.000000
1.000000 0.000000 -0.000000
-0.000000 1.000000 0.000000
-0.000000 0.000000 1.000000
0.340744 -1.317423 531.434887
-0.049846 -0.589067 29.448705
0.000381 -0.002553 1.000000
0.241416 -1.389254 646.345344
0.105573 -0.941013 -143.994864
0.000632 -0.002839 1.000000
-0.025254 -1.137535 415.747415
0.000018 -0.936504 -120.141510
-0.000048 -0.002205 1.000000
0.284675 -1.424535 431.588539
0.140255 -1.241240 -135.103052
0.000912 -0.003441 1.000000
