-0.284834 -1.032822 740.149541
-0.141155 -0.344424 -129.047705
-0.000479 -0.001704 1.000000
-0.135086 -1.394865 410.151863
-0.034986 -0.649327 -126.364345
-0.000451 -0.002382 1.000000
-0.164052 -1.030232 440.329615
-0.143691 -0.597757 -173.483676
-0.000419 -0.001967 1.000000
-0.120561 -0.769505 86.950357
-0.180063 -0.549721 79.970828
-0.000552 -0.001794 1.000000
0.043864 -1.630955 126.493712
-0.167040 -1.447373 14.420857
-0.000143 -0.003146 1.000000
-0.549031 -0.252963 102.749215
-0.348041 -0.366615 117.670174
-0.001366 -0.000646 1.000000
-0.062730 -0.457479 12.875900
-0.068514 -0.513845 -46.320749
-0.000592 -0.001945 1.000000
-0.188794 -0.472468 111.690473
-0.148074 -0.397919 -125.649843
-0.000836 -0.001577 1.000000
-0.178984 -0.703855 97.330233
-0.225471 -0.701860 -232.160778
-0.000706 -0.001873 1.000000
-0.695065 -0.923927 803.965001
-0.332205 -0.722042 -116.336105
-0.001055 -0.001611 1.000000
-0.341431 -0.840769 451.062821
-0.135671 -0.465006 -102.887764
-0.000699 -0.001730 1.000000
-0.093840 -0.836730 41.625900
-0.142680 -0.695602 -9.218523
-0.000569 -0.002107 1.000000
-0.133028 -0.581423 119.030347
-0.119187 -0.575875 -186.429965
-0.000558 -0.001915 1.000000
-0.347336 -0.878472 85.288715
-0.088885 -0.469540 -183.406474
-0.000703 -0.001766 1.000000
-1.049570 0.131095 16.404430
-0.552222 -0.195434 -70.041367
-0.001861 -0.000604 1.000000
-0.467491 -0.485861 429.843069
-0.223601 -0.392986 -71.646084
-0.000937 -0.001123 1.000000
-0.233211 -1.189918 339.758571
-0.146353 -0.699890 16.009655
-0.000486 -0.002061 1.000000
-0.059601 -1.190595 144.079938
-0.082608 -0.690930 -181.880337
-0.000371 -0.002325 1.000000
-0.208849 -0.450262 -54.274059
-0.293217 -0.447805 -98.974655
-0.000937 -0.001439 1.000000
-0.494888 -0.972781 84.972267
-0.174069 -0.619230 0.685585
-0.000831 -0.001540 1.000000
-0.087760 -1.054463 220.619902
0.048653 -0.832161 73.972698
-0.000172 -0.002152 1.000000
10.657131 -20.137611 -26528.958849
6.937497 -11.301848 8872.618676
0.017540 -0.029808 1.000000
-3.859966 4.561514 3167.159223
-2.246378 2.176211 -2069.301691
-0.005918 0.005889 1.000000
-0.543740 -0.747352 516.702234
-0.198040 -0.562415 -105.113245
-0.000746 -0.001513 1.000000
-0.293715 -0.621659 601.961167
-0.246601 -0.536278 -73.676839
-0.000779 -0.001427 1.000000
-0.343619 -1.000226 597.030318
-0.216088 -0.798772 38.455304
-0.000596 -0.001888 1.000000
-0.109971 -0.735050 4.997053
-0.247218 -0.689286 111.428948
-0.000457 -0.001804 1.000000
-0.284093 -0.589032 56.637184
-0.131189 -0.476187 64.967105
-0.000663 -0.001768 1.000000
-0.271344 -0.839198 263.910600
-0.219063 -0.543718 67.231553
-0.000673 -0.001689 1.000000
-0.195547 -0.509123 234.912537
-0.234944 -0.389941 32.705888
-0.000675 -0.001345 1.000000
-0.161746 -0.881075 330.510714
-0.139821 -0.632861 12.046448
-0.000571 -0.001840 1.000000
-0.015418 -0.982934 280.907361
0.000886 -0.901001 -292.922726
-0.000264 -0.002348 1.000000
0.092658 -1.135103 371.458977
-0.063280 -0.844464 -101.443070
-0.000305 -0.002306 1.000000
0.164101 -1.484973 269.038538
0.166235 -1.161576 -273.838603
0.000034 -0.002838 1.000000
-0.311194 -0.602239 337.297458
-0.349493 -0.550274 51.267835
-0.000860 -0.001273 1.000000
-0.094726 -0.870926 308.365090
-0.121634 -0.596060 -108.473863
-0.000604 -0.001863 1.000000
-0.150456 -0.723219 205.523727
-0.162001 -0.521375 -5.955937
-0.000606 -0.001822 1.000000
-0.161857 -0.547335 137.695851
-0.117192 -0.462070 -84.439492
-0.000600 -0.001757 1.000000
-0.021009 -0.804569 33.976251
-0.030324 -0.441493 -48.453935
-0.000289 -0.001933 1.000000
-0.030225 -0.724541 73.569383
-0.144934 -0.396157 -8.561566
-0.000530 -0.001702 1.000000
0.026931 -1.249728 146.575006
0.075950 -0.835667 -65.250150
-0.000274 -0.002310 1.000000
-0.119633 -0.827056 156.090657
-0.052955 -0.442671 -30.984708
-0.000450 -0.001790 1.000000
-0.153557 -0.993624 314.386854
-0.152452 -0.558656 9.342537
-0.000639 -0.001856 1.000000
-0.114700 -0.462995 139.410436
0.002584 -0.173417 -35.467430
-0.000490 -0.001580 1.000000
0.057637 -0.669373 -17.675276
0.089711 -0.386554 -137.727847
-0.000036 -0.002172 1.000000
-0.067718 -1.148231 565.714785
0.065499 -0.523149 -59.533637
-0.000161 -0.002031 1.000000
-0.214829 -0.882420 502.857908
-0.016486 -0.510806 -220.104163
-0.000414 -0.001873 1.000000
-0.387262 -0.636203 547.167643
-0.243224 -0.490561 -87.576272
-0.000928 -0.001404 1.000000
-0.102694 -1.305215 567.021377
-0.033520 -0.839777 -59.261064
-0.000258 -0.002214 1.000000
-0.009657 -1.179105 129.496448
0.035537 -0.744973 -250.294993
-0.000043 -0.002388 1.000000
-0.119567 -0.834082 336.920793
-0.073072 -0.432679 -7.791962
-0.000374 -0.001651 1.000000
0.046478 -0.979526 195.855342
-0.004290 -0.636861 -142.605179
-0.000299 -0.002094 1.000000
-0.324982 -0.596659 279.764731
-0.202266 -0.330385 -133.184502
-0.001039 -0.001193 1.000000
-0.067929 -0.501032 158.604407
-0.104826 -0.351369 33.317561
-0.000588 -0.001578 1.000000
-0.379264 -0.757887 550.752230
-0.168278 -0.373024 -4.576236
-0.000671 -0.001370 1.000000
-0.391795 -0.721586 437.535922
-0.170979 -0.531455 -31.474928
-0.000842 -0.001506 1.000000
-0.047531 -1.319863 376.792718
-0.009862 -0.792014 -169.004585
-0.000311 -0.002468 1.000000
0.031346 -1.708499 703.982481
0.407252 -1.557871 -372.005308
0.000741 -0.003954 1.000000
-0.198110 -0.731882 267.145051
-0.164974 -0.497430 52.618093
-0.000572 -0.001605 1.000000
-0.137311 -0.755280 344.102047
-0.154560 -0.420431 117.692557
-0.000585 -0.001407 1.000000
-0.115517 -1.208624 -10.497475
0.015690 -0.774505 125.666065
-0.000223 -0.002540 1.000000
-0.388386 -1.741953 661.147058
-0.113109 -1.409553 195.197331
-0.000303 -0.002784 1.000000
-0.213142 -0.966104 67.010291
-0.016462 -0.653512 112.251826
-0.000359 -0.002250 1.000000
-0.218737 -1.156873 706.954915
-0.054428 -0.605092 44.160228
-0.000266 -0.001906 1.000000
-0.381967 -1.299538 542.818456
-0.092034 -0.685109 -152.630578
-0.000452 -0.002278 1.000000
0.077704 -1.376364 475.847142
0.105177 -0.924801 -140.035502
0.000059 -0.002726 1.000000
-0.010362 -1.579550 463.045542
-0.009331 -1.222842 5.311853
-0.000247 -0.002797 1.000000
1.271063 0.185444 -12.515865
0.246790 1.520324 -288.951634
0.000310 0.000090 1.000000
-1.089247 -1.525792 747.220477
-0.066278 -1.160306 293.001847
-0.000311 -0.002907 1.000000
0.600658 -0.189047 198.590098
-0.036880 0.754259 23.219037
-0.000170 -0.000328 1.000000
-0.298448 -1.434458 617.394137
-0.055200 -1.001089 137.400325
-0.000273 -0.002559 1.000000
-0.048077 -1.303784 490.433539
0.049309 -1.026718 61.538254
-0.000143 -0.002638 1.000000
-0.230336 -0.767406 241.190306
-0.002930 -0.622036 80.212497
-0.000191 -0.002035 1.000000
-0.206195 -0.793978 394.119885
-0.136062 -0.640849 -73.662906
-0.000463 -0.002031 1.000000
-0.021494 -0.944705 458.020311
-0.084395 -0.692566 -172.280866
-0.000663 -0.002107 1.000000
-0.286886 -0.714302 682.081589
-0.166548 -0.673380 -105.934950
-0.000813 -0.001680 1.000000
0.947319 3.095435 -951.695515
-0.959843 3.214721 -372.054597
-0.002767 0.004995 1.000000
1.404397 1.213286 -467.431990
-0.190620 2.054190 -467.338801
-0.000650 0.001742 1.000000
1.000000 0.000000 -0.000000
-0.000000 1.000000 0.000000
0.000000 0.000000 1.000000
1.099614 0.223335 55.674474
0.124159 1.331839 -102.547269
0.000286 0.000410 1.000000
0.827503 0.046888 159.436918
0.019087 1.035016 -18.279186
0.000039 0.000165 1.000000
0.679646 0.030780 163.002116
-0.029734 0.920322 2.831649
-0.000141 0.000205 1.000000
0.887260 0.688586 19.419715
-0.025705 1.569450 -29.115097
-0.000197 0.001073 1.000000
1.012133 0.096889 -91.770398
0.012244 1.322506 -79.173028
-0.000112 0.000293 1.000000
0.708080 1.834713 -657.073620
-0.777531 2.094826 -188.358571
-0.002841 0.004145 1.000000
-0.657236 -0.786939 430.721457
-0.122495 -0.624686 214.092739
-0.000601 -0.001739 1.000000
1.268668 -0.089711 -88.731208
0.213461 1.607622 -218.197282
0.000343 0.000015 1.000000
0.241777 -1.250627 456.737169
0.132557 -0.770849 29.154414
0.000240 -0.002591 1.000000
-0.495274 -0.841050 388.184773
0.172316 -1.005123 136.035769
0.000124 -0.002746 1.000000
-5.426045 -4.925061 2530.783774
-0.734886 -7.665638 878.604696
-0.002629 -0.010111 1.000000
-0.580608 -1.712089 677.368886
-0.099743 -1.718616 228.737287
-0.000466 -0.003201 1.000000
-0.167556 -1.270125 483.772064
-0.025799 -1.004301 72.279232
-0.000285 -0.002478 1.000000
-0.044767 -1.291576 548.592848
0.016326 -0.820408 66.012532
-0.000112 -0.002341 1.000000
-0.885705 -0.241534 84.485065
-0.269412 -0.341485 129.619518
-0.001186 -0.001264 1.000000
-0.473256 -0.582836 113.271619
-0.116740 -0.555840 23.594805
-0.000796 -0.001759 1.000000
0.008345 -1.113424 433.003703
-0.106754 -1.172451 180.325009
-0.000080 -0.002659 1.000000
-0.772828 -0.188170 106.610385
-0.311331 -0.227887 75.908372
-0.001231 -0.000872 1.000000
-0.203878 -1.449198 569.384453
-0.105018 -1.254996 126.387566
-0.000234 -0.002865 1.000000
-0.134510 -1.372564 482.921781
-0.248892 -1.247002 261.678221
-0.000340 -0.002605 1.000000
-0.342010 -1.588053 579.789851
-0.103260 -1.328479 183.433713
-0.000292 -0.003048 1.000000
-0.391557 -2.145376 724.625702
-0.111915 -2.157166 310.352506
-0.000044 -0.004040 1.000000
0.073859 -1.282374 483.634413
0.038720 -0.865571 4.864703
-0.000035 -0.002465 1.000000
-0.116236 -1.156136 525.051993
-0.103416 -0.908058 197.828404
-0.000229 -0.002312 1.000000
0.671924 -0.179840 135.313659
-0.028222 0.646295 111.243115
-0.000012 -0.000294 1.000000
0.686330 -0.362763 204.352560
0.091360 0.466257 92.698050
0.000149 -0.000662 1.000000
-0.156897 -0.888500 295.726331
-0.148458 -0.727217 -129.274823
-0.000520 -0.002015 1.000000
-0.168292 -1.000742 340.235780
-0.153121 -0.795098 135.274041
-0.000434 -0.002041 1.000000
-0.336540 -1.204119 485.332708
-0.157123 -1.075675 215.864145
-0.000491 -0.002378 1.000000
-0.014231 -1.692414 626.435158
0.186593 -1.392618 55.900135
0.000264 -0.003323 1.000000
-0.101812 -1.211559 498.483980
-0.072380 -0.740831 74.492657
-0.000246 -0.002208 1.000000
-27.363664 -47.256784 13843.178623
-0.705106 -53.333031 6533.906574
-0.006265 -0.077562 1.000000
-0.306948 -1.405238 559.162142
-0.145271 -1.004248 155.831024
-0.000431 -0.002478 1.000000
-0.523201 -1.656609 641.769384
-0.109239 -1.192147 136.999457
-0.000324 -0.003247 1.000000
-0.448578 -0.693539 208.111842
-0.208000 -0.377415 -55.388318
-0.000843 -0.001435 1.000000
-0.138659 -1.317243 279.694198
-0.103364 -0.846995 107.668108
-0.000519 -0.002399 1.000000
-0.383155 -0.866643 283.541699
-0.267814 -0.744200 148.346740
-0.000828 -0.001820 1.000000
-0.236729 -1.317283 553.482374
-0.109985 -1.325925 285.864650
-0.000271 -0.002515 1.000000
-0.425535 -1.299817 499.619549
-0.256630 -1.433729 206.987833
-0.000676 -0.002744 1.000000
-0.044755 -1.234623 425.505996
-0.021524 -0.867361 -16.860170
-0.000126 -0.002623 1.000000
-0.091130 -1.909046 797.649877
0.123674 -1.599425 -127.624615
0.000167 -0.003806 1.000000
0.052877 -1.345493 491.605094
-0.007102 -0.867186 -100.027846
-0.000025 -0.002561 1.000000
-0.149649 -1.021729 430.852870
-0.126231 -0.770950 62.200647
-0.000301 -0.002187 1.000000
-0.121486 -1.015239 389.175158
-0.091516 -0.699151 -125.084546
-0.000481 -0.002014 1.000000
-0.054070 -1.085518 400.967168
-0.087155 -0.727665 -114.333247
-0.000333 -0.002131 1.000000
-0.434316 -0.549317 322.313683
-0.244154 -0.560932 5.038789
-0.000811 -0.001571 1.000000
-0.165157 -0.950358 351.602514
-0.123602 -0.694299 -411.664222
-0.000430 -0.002107 1.000000
-0.269336 -1.102376 375.783059
-0.077825 -0.644735 -199.707917
-0.000438 -0.002068 1.000000
-0.167435 -1.037167 538.319254
-0.090082 -0.711468 -42.808167
-0.000273 -0.001980 1.000000
-0.149065 -1.166492 569.448959
0.007770 -0.884139 -39.971952
-0.000314 -0.002422 1.000000
-0.187250 -1.002614 292.707157
-0.182252 -0.950192 -28.357173
-0.000557 -0.002231 1.000000
0.134837 -1.051071 109.864248
-0.058347 -0.817608 -104.843164
-0.000314 -0.002364 1.000000
-0.113602 -0.913091 378.979604
-0.118226 -0.649656 -66.721757
-0.000463 -0.001991 1.000000
0.460282 -2.236366 631.331715
0.189648 -1.432357 -383.123119
0.000432 -0.003586 1.000000
-0.177620 -0.697124 300.202411
-0.121124 -0.619231 -28.949674
-0.000663 -0.001654 1.000000
0.368518 -1.634316 532.824712
0.101459 -0.959521 -78.827628
0.000318 -0.002873 1.000000
-0.133383 -1.099316 526.187507
-0.119397 -0.955480 -137.978051
-0.000282 -0.002319 1.000000
-0.212263 -1.034602 473.502195
-0.113480 -0.550822 61.221992
-0.000408 -0.001870 1.000000
0.070157 -1.664232 524.534047
0.117045 -1.284017 -102.975607
0.000158 -0.003323 1.000000
-0.035137 -1.290132 717.404596
0.049569 -0.718288 -313.282402
-0.000306 -0.002493 1.000000
0.547519 -2.180696 1859.900414
0.225457 -1.028369 -396.006488
0.000817 -0.003627 1.000000
-0.279363 -1.586220 1127.992639
-0.111432 -0.505469 -10.677506
-0.000236 -0.002379 1.000000
0.155637 -1.634283 749.027879
0.160032 -0.792579 -597.174574
0.000095 -0.002989 1.000000
-0.072555 -1.080532 633.017976
0.009790 -0.882674 -134.999279
-0.000084 -0.002485 1.000000
1.201866 -2.547509 11.082695
0.295482 -1.141711 -1142.742449
0.001198 -0.004612 1.000000
-0.884090 -0.517602 1021.682277
-0.454123 -0.290292 130.656975
-0.001306 -0.000884 1.000000
-0.324900 -0.983474 576.064659
-0.162761 -0.711597 -181.137857
-0.000668 -0.001920 1.000000
-0.222528 -0.857093 246.609531
-0.244412 -0.627491 -100.302492
-0.000655 -0.001805 1.000000
0.227002 -1.433522 446.239788
0.025695 -0.901124 -338.751382
-0.000035 -0.002799 1.000000
-0.426790 -0.423460 111.234212
-0.372241 -0.346203 -10.275445
-0.001190 -0.001089 1.000000
-0.291094 -0.347441 -71.247930
-0.277924 -0.424312 12.954829
-0.001117 -0.001138 1.000000
-0.582604 -0.008450 -91.687076
-0.300516 -0.132913 -43.832946
-0.001396 -0.000744 1.000000
-0.509080 -0.558619 222.459522
-0.188244 -0.309452 -579.478135
-0.001084 -0.001290 1.000000
-0.095290 -0.806602 471.414423
-0.105592 -0.513962 -174.781372
-0.000491 -0.001825 1.000000
-0.467135 -1.163779 578.902755
-0.285358 -0.798980 -231.378129
-0.000684 -0.001988 1.000000
-0.620607 -0.671930 615.370064
-0.328662 -0.375975 -117.095524
-0.001165 -0.001165 1.000000
-0.550353 -1.282519 1108.107923
-0.094086 -0.372177 4.969303
-0.000635 -0.001672 1.000000
-0.349500 -0.523390 147.707462
-0.242902 -0.777769 13.878480
-0.000869 -0.001838 1.000000
-0.191535 -1.265628 1140.072634
-0.042449 -0.544888 -346.847504
-0.000466 -0.002076 1.000000
-0.321677 -0.772710 1237.559370
-0.231923 -0.596848 -180.671024
-0.000659 -0.001572 1.000000
-0.145928 -0.976959 332.932907
-0.081109 -0.847839 7.067907
-0.000466 -0.002094 1.000000
-0.370823 -0.584291 435.368742
-0.128108 -0.375740 -55.645799
-0.000710 -0.001459 1.000000
-0.262986 -1.122628 564.972912
-0.091273 -0.549889 -170.383442
-0.000521 -0.002197 1.000000
-0.181946 -1.304290 512.571682
0.038711 -0.896531 -10.029416
-0.000168 -0.002727 1.000000
-0.067896 -0.884769 287.060034
-0.133313 -0.649802 13.815536
-0.000350 -0.002150 1.000000
-0.131763 -0.447644 125.717350
-0.202533 -0.416112 59.431778
-0.000661 -0.001463 1.000000
-0.293281 -0.835994 -337.428313
-0.145796 -0.733264 14.812511
-0.000640 -0.001967 1.000000
-1.175013 0.726712 633.664896
-1.225468 0.400401 1870.398821
-0.002623 0.001103 1.000000
0.002772 -0.837894 -95.147741
-0.047424 -0.597830 92.118890
-0.000036 -0.002296 1.000000
-0.238928 -1.049951 507.003476
-0.075844 -0.587333 -70.505661
-0.000459 -0.002066 1.000000
-0.117629 -1.339195 477.027907
-0.107354 -0.834222 54.886411
-0.000339 -0.002379 1.000000
-0.217059 -1.014510 632.092222
-0.255955 -0.939512 34.497795
-0.000610 -0.002138 1.000000
-0.288833 -0.923489 516.336789
-0.195241 -0.997052 119.004299
-0.000535 -0.002204 1.000000
-0.260349 -0.568754 -32.644188
-0.076197 -0.582274 60.928007
-0.000738 -0.001662 1.000000
-0.104111 -0.481487 -136.132553
-0.167681 -0.587036 212.278202
-0.000619 -0.001690 1.000000
-0.098222 -0.430262 76.931358
-0.097646 -0.518555 125.552155
-0.000318 -0.001837 1.000000
-0.348237 -0.994640 43.125193
-0.237719 -0.717855 147.668202
-0.000832 -0.001583 1.000000
-0.194918 -1.484132 370.242909
-0.135874 -1.481095 53.897581
-0.000399 -0.002872 1.000000
0.004477 -0.687454 13.686858
-0.064160 -0.640179 40.502029
-0.000370 -0.002118 1.000000
0.539239 -1.649271 -474.780957
0.035603 -1.614536 175.860898
0.001317 -0.004532 1.000000
0.082324 -0.739957 -112.683714
-0.065884 -0.641224 -35.115363
-0.000429 -0.002110 1.000000
0.048481 -1.207338 78.824268
-0.081543 -1.071806 -18.476075
0.000165 -0.002865 1.000000
-0.211780 -0.749446 318.305801
-0.171211 -0.639290 -91.749042
-0.000576 -0.001828 1.000000
-0.055085 -1.185815 522.539597
-0.140038 -1.010925 140.279703
-0.000283 -0.002697 1.000000
0.427089 -2.247552 400.309535
0.213374 -1.431046 -91.870761
0.000190 -0.003750 1.000000
0.214414 -1.699290 416.654970
0.126588 -0.939570 -128.334514
0.000146 -0.003074 1.000000
-0.177184 -0.635186 -67.069029
-0.177938 -0.632575 102.938595
-0.000815 -0.001436 1.000000
-0.207748 -0.853895 205.518381
-0.142884 -0.944357 110.642527
-0.000309 -0.002282 1.000000
0.146374 -1.183945 25.214409
0.036883 -1.126459 -42.902605
0.000077 -0.002847 1.000000
-0.293790 -1.226433 775.889603
-0.024472 -0.944136 -115.819398
-0.000348 -0.002370 1.000000
1.864186 -2.866930 -1160.157764
1.132995 -2.389285 1499.642883
0.002824 -0.005813 1.000000
-0.388596 -0.911126 1153.987063
-0.319375 -0.680354 211.302483
-0.000714 -0.001466 1.000000
-0.318853 -1.086142 -1970.887856
-0.132138 -0.680136 -101.777988
-0.000496 -0.002046 1.000000
-0.271288 -0.505044 268.049094
-0.202880 -0.339403 -213.826945
-0.001054 -0.001178 1.000000
0.078941 -1.849843 1032.219273
0.106808 -1.224408 -939.696842
0.000801 -0.003803 1.000000
0.227632 -1.385815 787.820085
0.164060 -1.411258 -568.836829
0.000252 -0.002743 1.000000
-0.549654 -0.284635 -1276.523122
-0.584564 -0.634919 260.943308
-0.001081 -0.001083 1.000000
-0.070620 -1.031880 847.553953
-0.032142 -0.932321 69.408382
-0.000055 -0.002214 1.000000
-0.255043 -1.098315 1561.359152
-0.028197 -0.920781 408.462922
-0.000281 -0.002315 1.000000
-0.571941 -0.014483 781.026241
-0.632207 -0.139671 -798.928711
-0.001609 -0.000428 1.000000
0.034730 -1.220709 -46.441099
0.078271 -1.307481 -88.468009
0.000069 -0.002939 1.000000
-0.139188 -1.342674 -289.637055
0.021414 -0.988687 901.298584
-0.000111 -0.002340 1.000000
-1.369848 0.410176 2816.274816
-1.001091 -0.080289 -2810.927505
-0.002639 0.000571 1.000000
-0.399425 -1.390084 976.929690
-0.101998 -0.992056 37.359083
-0.000506 -0.002477 1.000000
-1.024195 -0.817824 1119.573338
-0.483182 -0.358115 16.266863
-0.001541 -0.000854 1.000000
-0.539152 -0.951127 871.756381
-0.234021 -0.579262 19.355259
-0.000813 -0.001523 1.000000
-0.436757 -1.062313 850.155146
-0.182033 -0.659448 -17.255382
-0.000627 -0.001798 1.000000
-0.370795 -1.297158 394.730471
-0.201079 -0.664000 -249.557432
-0.000554 -0.001917 1.000000
-0.325242 -1.451439 898.926586
-0.060878 -0.779061 -98.938344
-0.000414 -0.002048 1.000000
-0.611161 -0.859306 871.682457
-0.233628 -0.570786 21.589397
-0.000803 -0.001585 1.000000
-0.532651 -0.929312 1544.675932
-0.265917 -0.511525 -344.472787
-0.000903 -0.001541 1.000000
-1.308738 0.461158 2526.406121
-1.058026 0.256654 1840.371419
-0.002389 0.000596 1.000000
-0.449021 -0.640955 277.612451
-0.294739 -0.578566 -547.076085
-0.001022 -0.001476 1.000000
-0.991195 0.207263 19.276984
-0.777884 0.023520 -496.052414
-0.001855 -0.000262 1.000000
-1.519154 0.651113 703.285945
-1.267506 0.717571 -758.392208
-0.002769 0.001171 1.000000
-0.495764 -1.310502 951.502871
-0.201807 -0.536704 -20.323231
-0.000674 -0.001717 1.000000
-0.779413 -0.894280 953.435347
-0.232150 -0.507930 12.843328
-0.000983 -0.001446 1.000000
-0.432940 -0.799116 703.486597
-0.244711 -0.536192 -228.598058
-0.000804 -0.001490 1.000000
6.860521 -18.252010 16866.963501
5.584306 -10.413150 -7311.776662
0.021407 -0.032751 1.000000
-1.632445 1.206980 -519.057890
-1.204403 0.846515 -607.165399
-0.002881 0.001349 1.000000
1.755848 -4.275352 -3733.162340
0.921381 -3.016865 -411.515945
0.002233 -0.006209 1.000000
-0.198570 -1.372791 1010.992065
-0.041136 -0.742480 106.767667
-0.000292 -0.001808 1.000000
1.312191 -4.047499 -727.214841
0.743933 -2.525637 1570.638434
0.001878 -0.005574 1.000000
-0.481289 -1.043813 1045.750603
-0.146390 -0.483040 -321.942737
-0.000896 -0.001814 1.000000
0.129187 -1.688330 281.764279
0.082845 -0.914412 -300.928228
0.000216 -0.002707 1.000000
-0.320042 -0.662074 247.394118
-0.096068 -0.347783 7.788753
-0.000638 -0.001515 1.000000
-0.819498 -0.984302 920.036463
-0.309182 -0.409603 -40.457979
-0.001066 -0.001358 1.000000
-0.529678 -1.161577 1052.931144
-0.142278 -0.488575 -34.658388
-0.000800 -0.001598 1.000000
-0.366845 -0.973436 747.789569
-0.201094 -0.503812 -186.771141
-0.000760 -0.001702 1.000000
-0.531788 -0.820366 773.482832
-0.167011 -0.921422 -0.074188
-0.000892 -0.001707 1.000000
-0.889997 -0.086884 719.379375
-0.399782 -0.144369 -197.304611
-0.001561 -0.000445 1.000000
0.466587 -1.834101 -18.667850
0.357105 -1.423609 -408.315706
0.000534 -0.003631 1.000000
-0.388486 -0.695275 670.320326
-0.244897 -0.573909 -22.952332
-0.000805 -0.001529 1.000000
-0.107435 -1.105875 682.144105
-0.094967 -0.849234 -3.096974
-0.000506 -0.002119 1.000000
-0.664964 -0.371633 775.977393
-0.284019 -0.291103 -131.678176
-0.001218 -0.000698 1.000000
-0.295401 -1.242864 1000.475152
-0.078088 -0.514354 -0.918036
-0.000434 -0.001846 1.000000
-0.549676 -1.006158 919.387128
-0.072590 -0.477601 -81.253744
-0.000725 -0.001602 1.000000
-0.052884 -1.304877 766.676352
-0.110997 -0.656071 -86.115565
-0.000316 -0.002186 1.000000
-0.411165 -1.103823 921.049118
-0.165379 -0.456412 -49.791229
-0.000729 -0.001640 1.000000
4.971601 -8.693052 2210.661085
5.149821 -8.143228 7684.636060
0.010822 -0.015595 1.000000
-0.468686 -1.002693 1011.186716
-0.189160 -0.524127 -459.937501
-0.000679 -0.001724 1.000000
-0.638551 -0.974997 842.361160
-0.100669 -0.859544 22.943345
-0.000553 -0.001957 1.000000
-0.001161 -1.202977 576.787605
0.162614 -0.634432 -340.400687
0.000048 -0.002149 1.000000
-0.402386 -1.256132 484.453449
-0.087419 -0.511427 -75.237622
-0.000382 -0.002104 1.000000
-0.292205 -0.916249 785.635019
0.036795 -0.727330 -82.380491
-0.000445 -0.001889 1.000000
-0.228051 -1.178565 438.874160
-0.138223 -0.819884 -152.435422
-0.000343 -0.002055 1.000000
-0.324227 -1.019706 770.642957
-0.082128 -0.752870 -234.303775
-0.000667 -0.001714 1.000000
-0.631104 -0.659942 599.029756
-0.281132 -0.399389 22.754019
-0.000943 -0.001323 1.000000
-0.605620 -0.835365 595.769165
-0.289841 -0.590861 -25.946218
-0.000993 -0.001372 1.000000
-0.505283 -0.540090 487.114340
-0.262064 -0.399265 -133.223510
-0.001035 -0.001312 1.000000
-0.603294 -0.681951 622.556542
-0.215113 -0.428263 -30.869130
-0.000960 -0.001339 1.000000
-0.472973 -0.862129 575.228823
-0.165658 -0.342874 -312.921615
-0.000888 -0.001477 1.000000
-0.197568 -0.736448 556.464092
-0.177899 -0.646365 129.205260
-0.000537 -0.001752 1.000000
-0.244228 -1.236081 892.288547
-0.023508 -0.407197 -172.238766
-0.000400 -0.002139 1.000000
-0.425006 -0.497728 359.285371
-0.223613 -0.235578 -66.755009
-0.001030 -0.001249 1.000000
-0.191365 -0.638214 593.577588
-0.189874 -0.627478 -47.868630
-0.000713 -0.001685 1.000000
-0.354014 -0.764173 417.066438
-0.230428 -0.635315 -1.775808
-0.000859 -0.001516 1.000000
-0.435607 -0.717583 608.942226
-0.220963 -0.482025 -25.961181
-0.000920 -0.001311 1.000000
-0.142636 -1.007824 579.572970
-0.068079 -0.962086 102.828053
-0.000342 -0.002199 1.000000
-0.557242 -0.795911 1464.365829
-0.231909 -0.443965 225.322108
-0.000785 -0.001311 1.000000
-0.616202 -0.457260 513.502127
-0.183922 -0.089961 -211.017893
-0.001166 -0.000844 1.000000
-0.747293 -0.453701 670.721634
-0.162645 -0.297343 -126.178321
-0.001198 -0.000968 1.000000
0.584745 -2.072538 -705.855678
0.191558 -1.538122 -530.257871
0.000612 -0.004118 1.000000
-0.496569 -1.081658 944.484767
-0.071189 -0.342672 -162.656188
-0.000706 -0.001556 1.000000
-0.483666 -0.564916 382.645826
-0.208229 -0.217129 -109.870895
-0.001053 -0.001024 1.000000
-0.500395 -0.429569 359.626772
-0.401492 -0.466192 3.319477
-0.001056 -0.001231 1.000000
0.094572 -0.907539 302.686683
0.044116 -0.767076 18.875667
-0.000117 -0.002126 1.000000
-0.553054 -0.698970 352.568209
-0.255771 -1.146132 94.497740
-0.000929 -0.002157 1.000000
-0.350191 -0.833201 271.752387
-0.257739 -0.747672 63.051765
-0.000790 -0.001719 1.000000
-0.427115 -0.756567 121.952941
-0.332827 -0.636150 83.668437
-0.000857 -0.001413 1.000000
-0.281426 -0.776454 331.664219
-0.007434 -0.237230 -169.703269
-0.000553 -0.001560 1.000000
-0.133542 -1.551834 699.834162
-0.082525 -0.890318 -98.463382
-0.000422 -0.002381 1.000000
0.095431 -1.164363 337.244025
0.042317 -0.715015 -8.699250
-0.000165 -0.002366 1.000000
0.072824 -1.781707 735.532927
0.049020 -0.592635 -142.027824
0.000393 -0.002920 1.000000
-0.428453 -0.850623 642.438088
-0.194540 -0.413776 -204.014418
-0.000821 -0.001520 1.000000
-0.283716 -1.030004 465.575366
-0.222287 -0.644092 -263.385743
-0.000586 -0.001941 1.000000
-0.459738 -0.760836 437.290933
-0.389648 -0.680978 -66.246498
-0.001063 -0.001351 1.000000
-0.374335 -0.371912 226.236056
-0.362260 -0.337695 -46.580642
-0.001031 -0.001071 1.000000
-0.486795 -0.889001 644.403644
-0.304950 -0.640309 31.053194
-0.000835 -0.001648 1.000000
-0.363387 -0.663514 471.063105
-0.287524 -0.575973 5.459682
-0.000907 -0.001609 1.000000
-0.443431 -0.737369 723.903031
-0.220980 -0.465189 -56.404133
-0.000759 -0.001444 1.000000
-0.330367 -0.820888 428.196960
-0.228308 -0.576967 -1.756955
-0.000684 -0.001594 1.000000
-0.291787 -0.940567 567.570049
-0.086666 -0.683767 -59.138173
-0.000392 -0.001955 1.000000
-0.409218 -0.908977 553.587323
-0.279776 -0.555237 107.306944
-0.000861 -0.001479 1.000000
-0.135851 -1.324359 333.913525
-0.090568 -0.809879 -61.588772
-0.000475 -0.002292 1.000000
-0.284901 -0.738526 579.413898
-0.243420 -0.550097 -9.340047
-0.000704 -0.001406 1.000000
