0.284925 -2.384837 421.383235
0.104868 -1.339255 -114.645473
0.000346 -0.003582 1.000000
-0.194174 -1.312858 439.837205
-0.058747 -1.278305 -139.649775
-0.000335 -0.003537 1.000000
-0.225796 -0.942661 319.902415
-0.214238 -0.504202 17.744452
-0.000778 -0.001797 1.000000
0.130869 -1.723395 252.374227
0.286896 -2.485157 54.434676
0.000389 -0.004604 1.000000
0.665228 -2.005592 -158.194472
0.131290 -1.612950 183.328873
0.001607 -0.005191 1.000000
-0.107404 -0.763347 173.518259
-0.082806 -0.657980 26.846361
-0.000550 -0.002017 1.000000
0.304535 -1.520228 29.934360
0.093800 -1.043152 25.703087
-0.000173 -0.002911 1.000000
0.043942 -0.972267 168.674099
0.095786 -1.210645 60.205142
-0.000301 -0.002650 1.000000
-0.108993 -0.973230 -84.805333
-0.050369 -0.706172 114.923666
-0.000437 -0.002339 1.000000
-0.314790 -1.128394 874.183370
-0.120047 -0.977748 28.114518
-0.000585 -0.002231 1.000000
-0.104160 -1.739368 366.547958
-0.039517 -1.176717 -49.217869
-0.000319 -0.002949 1.000000
0.010320 -1.026365 157.673185
-0.024081 -0.808485 84.933671
-0.000294 -0.002382 1.000000
0.022168 -1.276572 618.227670
0.022290 -1.015009 15.833724
-0.000145 -0.002794 1.000000
-0.208661 -1.518453 913.988885
0.158181 -1.452205 -96.019469
0.000131 -0.003466 1.000000
-0.190872 -1.345033 654.841420
0.163012 -0.891184 -187.649717
0.000057 -0.002840 1.000000
0.058126 -2.113008 258.949784
0.131312 -1.541093 92.913544
0.000195 -0.003609 1.000000
0.222087 -1.025808 229.831092
0.014854 -0.836031 11.024874
-0.000284 -0.002411 1.000000
-0.024681 -1.200635 26.205327
-0.023276 -1.190763 43.436255
-0.000260 -0.002713 1.000000
-0.147647 -0.953014 178.136820
-0.017216 -0.838523 -129.257098
-0.000265 -0.002602 1.000000
0.095442 -1.570005 372.956945
0.226215 -1.093945 -67.269753
-0.000056 -0.002744 1.000000
-0.231388 -1.131378 298.775701
0.065484 -1.076223 112.893137
-0.000184 -0.002508 1.000000
0.192161 -2.589273 110.729854
0.157234 -2.061405 -15.538120
0.000515 -0.004251 1.000000
-1.799263 2.053522 194.575722
-2.374810 1.665619 2384.339183
-0.003738 0.003283 1.000000
-0.020140 -1.296180 416.057185
0.058070 -0.796244 -168.952839
0.000014 -0.002895 1.000000
0.454598 -1.662042 355.830489
0.269374 -1.570753 -136.603895
0.000645 -0.003824 1.000000
0.076386 -1.823133 410.315350
0.145405 -1.837159 20.692630
0.000042 -0.003734 1.000000
-0.032362 -1.603524 291.052389
0.160581 -1.877412 149.673445
-0.000156 -0.003511 1.000000
0.021770 -0.841685 167.879999
0.036172 -1.065584 126.283378
0.000026 -0.002732 1.000000
0.011714 -0.831500 200.611042
-0.005156 -0.712369 34.995353
-0.000227 -0.002218 1.000000
-0.094167 -0.759431 297.029489
-0.082638 -0.605499 -88.923526
-0.000352 -0.002121 1.000000
-0.145548 -0.991013 153.484792
-0.104623 -0.887773 38.530387
-0.000590 -0.002319 1.000000
-0.147608 -1.463453 382.663677
0.112264 -2.193960 -251.330082
0.000562 -0.004575 1.000000
0.324020 -1.929571 563.384904
0.311708 -2.887220 38.446630
0.000416 -0.004936 1.000000
-0.608335 -0.537984 -344.153537
-0.295490 -0.301643 82.727979
-0.001298 -0.001173 1.000000
0.260722 -1.334698 52.877727
0.080006 -1.320336 30.960142
0.000259 -0.003033 1.000000
1.073270 -3.641342 273.385799
1.134196 -4.351571 -1218.122048
0.003625 -0.009918 1.000000
0.036441 -0.869459 345.473111
-0.054053 -0.669369 -44.210077
-0.000465 -0.002302 1.000000
0.174352 -1.097686 215.465848
0.105166 -0.943889 -73.535509
-0.000130 -0.002807 1.000000
-0.026949 -1.388599 414.628974
0.020282 -0.707425 -117.034472
-0.000258 -0.002449 1.000000
-0.143432 -0.686943 257.154104
-0.149853 -0.452189 3.826841
-0.000715 -0.001905 1.000000
-0.116428 -0.764133 438.258823
-0.075033 -0.561938 -7.026970
-0.000461 -0.002041 1.000000
-0.073865 -0.903411 233.600881
-0.170982 -0.799813 -46.452894
-0.000547 -0.002068 1.000000
0.112127 -1.640936 358.977439
0.290712 -1.113773 -395.392094
0.000445 -0.003588 1.000000
0.038359 -0.945938 223.524163
0.070588 -0.321716 -123.138783
-0.000059 -0.002390 1.000000
-0.178047 -1.147049 152.404802
0.064327 -1.076763 -0.281609
-0.000545 -0.002353 1.000000
0.276605 -1.802045 675.019381
0.066903 -0.800594 -64.754204
0.000228 -0.002866 1.000000
0.343765 -1.700850 633.965130
0.102156 -0.897047 -62.409904
0.000453 -0.003462 1.000000
0.019477 -0.745858 213.381027
0.042988 -0.643774 -62.800156
-0.000322 -0.002371 1.000000
-0.067271 -0.774657 425.697621
-0.180148 -0.913075 -81.741059
-0.000458 -0.002706 1.000000
-0.125780 -0.853255 225.657576
-0.105907 -0.548355 75.328692
-0.000609 -0.002009 1.000000
-0.107765 -0.772081 502.040658
0.037722 -0.846433 -57.162916
-0.000362 -0.002526 1.000000
-0.042003 -0.763108 288.071971
-0.063248 -0.637984 -3.168690
-0.000329 -0.002372 1.000000
0.156050 -1.207940 23.915975
-0.030223 -0.905142 -130.430539
-0.000286 -0.002671 1.000000
-0.248429 -1.293680 604.116259
-0.146589 -0.699790 82.567436
-0.000228 -0.002435 1.000000
0.096130 -1.281617 366.925602
0.099212 -0.783306 7.791423
0.000014 -0.002613 1.000000
-0.059951 -0.993233 355.085773
-0.069737 -0.635294 69.328155
-0.000359 -0.002023 1.000000
0.182787 -2.607052 710.638398
0.236073 -2.588180 41.282300
0.000760 -0.005449 1.000000
0.376397 -1.443603 414.050203
0.127993 -0.392355 -127.320005
0.000268 -0.002751 1.000000
0.033824 -1.343295 496.861188
0.009011 -0.485633 -16.584072
-0.000094 -0.002497 1.000000
0.096782 -1.305929 349.284249
-0.037701 -0.825285 88.349552
-0.000282 -0.002506 1.000000
-0.036054 -0.742988 138.662068
-0.005366 -0.775080 -29.436576
-0.000258 -0.002472 1.000000
0.317935 -1.194115 384.257271
0.056773 -0.285936 57.843361
0.000037 -0.002229 1.000000
0.124708 0.164403 -44.668884
-0.146486 0.563361 -35.803318
-0.001127 -0.000354 1.000000
0.697359 -1.026825 261.115963
-0.006604 0.110810 68.760002
0.000198 -0.001778 1.000000
-0.282195 -1.030194 358.281572
-0.095908 -0.471496 -22.878205
-0.000628 -0.001954 1.000000
0.607696 -1.027700 362.933626
0.185587 0.034193 -21.462562
0.000385 -0.001940 1.000000
1.982731 -1.261741 185.569617
0.428720 0.512082 -137.622402
0.001599 -0.002403 1.000000
0.311507 -0.675678 198.652238
-0.115005 0.215454 80.177311
-0.000455 -0.001286 1.000000
0.221502 -0.445203 105.936346
-0.086069 0.123134 -7.488425
-0.000558 -0.001157 1.000000
0.388563 -0.829228 250.231476
-0.007373 0.019717 55.432133
-0.000250 -0.001730 1.000000
1.090734 -0.210581 1.968271
-0.100471 1.113541 88.883629
0.000069 -0.000186 1.000000
0.723814 -0.523006 139.448786
-0.129886 0.502733 181.460984
-0.000099 -0.000804 1.000000
-0.223597 -0.634868 175.910442
-0.212841 -0.218427 95.695947
-0.000942 -0.001204 1.000000
-0.187388 -0.789930 584.537403
-0.180991 -0.733838 111.713786
-0.000717 -0.001804 1.000000
0.033333 -1.768017 427.032076
-0.031552 -1.283053 21.170193
0.000032 -0.003353 1.000000
-0.059763 -1.143923 512.539345
0.104274 -1.347873 143.646538
-0.000201 -0.002929 1.000000
0.020522 -0.551250 213.104936
-0.038117 -0.329693 46.709408
-0.000361 -0.001904 1.000000
-0.022285 -0.496305 217.155492
-0.073732 -0.163577 62.670831
-0.000477 -0.001499 1.000000
0.081581 -0.897404 217.459244
-0.157569 -0.541556 75.859266
-0.000482 -0.002061 1.000000
0.507595 -0.627943 192.244528
-0.057500 0.440642 26.272883
-0.000135 -0.001138 1.000000
0.275992 -1.019676 341.782304
-0.014505 -0.150909 70.321598
-0.000050 -0.001919 1.000000
0.180070 -0.894046 336.699846
0.015616 -0.208884 59.830767
-0.000153 -0.001783 1.000000
-0.045698 -1.274416 402.234888
-0.057283 -0.776565 64.673582
-0.000275 -0.002424 1.000000
0.032748 -1.788776 753.346543
-0.004260 -0.641657 -42.539721
0.000005 -0.002932 1.000000
-0.074106 -0.593849 186.246342
-0.066788 -0.264658 1.833026
-0.000454 -0.001664 1.000000
-0.150912 -0.608645 148.854766
-0.070356 -0.516884 40.687322
-0.000591 -0.001912 1.000000
-0.224361 -1.088890 338.342471
-0.204159 -0.828497 141.051654
-0.000688 -0.002109 1.000000
-0.168133 -1.705656 390.498906
-0.042596 -1.159893 7.555304
-0.000259 -0.003190 1.000000
0.064036 -0.611395 -130.214729
0.117434 -0.777890 -60.249033
0.000127 -0.003015 1.000000
-0.095039 -1.494709 467.933938
-0.005880 -1.233071 86.870103
-0.000039 -0.003020 1.000000
-0.002467 -1.344730 539.518371
0.126116 -0.910605 -70.840064
0.000012 -0.002929 1.000000
0.024612 -1.497509 302.281732
-0.022224 -1.326475 76.673025
-0.000037 -0.003153 1.000000
0.247629 -2.544892 982.570685
0.525351 -2.712169 -995.793466
0.000908 -0.006012 1.000000
0.181364 -1.227765 275.973538
0.142909 -0.798226 -102.718970
-0.000012 -0.002802 1.000000
-0.098436 -0.580803 129.695585
-0.056783 -0.412396 14.375066
-0.000664 -0.001881 1.000000
-0.329531 -1.175415 637.874050
-0.124024 -1.045967 6.604560
-0.000590 -0.002401 1.000000
-0.259903 -0.977307 304.642868
-0.097746 -0.960848 -68.871249
-0.000374 -0.002839 1.000000
-0.080539 -0.996887 409.318583
-0.390763 -1.366029 232.551841
-0.000518 -0.002713 1.000000
-0.321067 -1.073500 205.931614
0.001909 -1.052706 -109.183118
-0.000728 -0.002367 1.000000
-0.629208 -1.357334 490.201282
-0.146365 -1.260654 106.961931
-0.000685 -0.002513 1.000000
-0.162537 -1.537894 370.548785
-0.098757 -1.322030 104.453954
-0.000340 -0.002945 1.000000
0.767082 -0.223293 10.288430
-0.194375 0.722249 181.841624
-0.000168 -0.000469 1.000000
0.280991 -0.491666 215.194619
-0.185000 0.284024 172.122162
-0.000349 -0.000970 1.000000
1.092731 -0.254553 -41.084291
-0.102809 1.125000 108.149983
0.000179 -0.000436 1.000000
0.400257 -1.617746 284.399415
-0.014770 -0.883245 51.435538
0.000124 -0.002990 1.000000
0.173413 -1.333792 207.416151
0.102961 -1.023343 -81.306573
0.000218 -0.003516 1.000000
0.121527 -1.613431 143.285470
-0.040358 -1.338004 -44.548261
-0.000319 -0.003515 1.000000
0.071008 -1.263542 378.800302
-0.093114 -0.724990 170.017667
-0.000077 -0.002433 1.000000
-0.185046 -1.389506 345.093280
-0.117108 -1.317662 93.640048
-0.000472 -0.002781 1.000000
-0.162285 -1.441273 425.596263
-0.021987 -1.328942 53.220269
-0.000222 -0.002965 1.000000
0.159078 -1.238103 440.219822
0.129509 -0.499636 -65.238880
0.000087 -0.002536 1.000000
0.510768 0.287959 16.556128
-0.373656 1.469091 78.043754
-0.000745 0.000719 1.000000
0.478404 -2.093006 294.891018
0.294662 -1.422934 -151.722890
0.000416 -0.004050 1.000000
-0.031681 -2.105124 644.143444
0.006629 -1.609055 90.990220
0.000104 -0.003772 1.000000
1.101461 -0.164635 30.796852
0.061210 1.147282 -91.698288
0.000275 -0.000429 1.000000
0.273424 -1.560865 183.289180
-0.029882 -0.944742 26.146285
-0.000166 -0.002987 1.000000
-0.272279 -2.110120 422.476137
-0.098113 -1.558257 47.028024
-0.000265 -0.003522 1.000000
-0.177409 -1.983047 758.975589
0.074082 -1.183911 -84.437552
-0.000033 -0.003055 1.000000
-0.003586 -1.483569 422.178740
-0.025091 -0.734735 -28.641364
-0.000238 -0.002579 1.000000
-0.108224 -1.852432 572.123688
-0.008590 -1.091598 -33.223104
-0.000242 -0.002892 1.000000
-0.007293 -1.208381 224.902534
-0.046756 -1.061707 2.697194
-0.000213 -0.002900 1.000000
-0.201989 -1.403189 590.156946
-0.025410 -0.745808 30.261513
-0.000326 -0.002232 1.000000
-0.075806 -2.452659 433.161808
0.237054 -2.351567 -44.585822
0.000394 -0.004889 1.000000
0.007413 -0.608891 169.112178
-0.150507 -0.594667 78.464634
-0.000532 -0.001879 1.000000
1.375501 -3.462571 1200.521071
0.489119 -1.991485 -214.260216
0.001506 -0.005269 1.000000
-0.345529 -1.737553 414.948848
-0.153549 -1.346082 125.321580
-0.000659 -0.002757 1.000000
-0.192669 -0.972853 305.700293
0.021821 -0.882159 -52.681768
-0.000452 -0.002574 1.000000
0.286330 -2.484161 720.659235
0.145604 -1.772447 31.161359
0.000168 -0.003871 1.000000
0.135590 -1.856211 543.701196
-0.046052 -1.527627 39.032639
-0.000117 -0.003285 1.000000
0.070973 -0.819272 193.085243
-0.061522 -1.214377 62.944371
-0.000216 -0.002760 1.000000
-0.028384 -1.134001 548.265757
-0.118308 -0.863250 50.479790
-0.000221 -0.002569 1.000000
-0.027410 -1.588530 556.174022
-0.146559 -1.395185 67.729354
-0.000030 -0.003066 1.000000
-0.150101 -1.456131 541.946120
-0.087047 -1.116263 46.985484
-0.000247 -0.002577 1.000000
-0.260217 -2.032840 585.739094
-0.242602 -1.632405 153.967177
-0.000481 -0.003339 1.000000
0.039978 -1.988641 425.076916
0.066935 -1.512088 78.553568
-0.000076 -0.003249 1.000000
-0.099485 -1.418727 402.336882
-0.000419 -0.899836 2.244262
-0.000226 -0.002561 1.000000
-0.115621 -2.313772 501.940997
-0.004348 -1.816981 128.133195
-0.000148 -0.003650 1.000000
-0.466735 -1.785926 362.266729
0.045759 -1.791854 133.662641
-0.000508 -0.003165 1.000000
0.165859 -1.172813 305.000651
0.076652 -0.908824 -104.762903
-0.000013 -0.002803 1.000000
-0.309698 -1.581810 951.651685
0.019681 -0.832258 -131.819230
-0.000520 -0.002708 1.000000
0.206487 -1.836567 959.814914
0.007420 -1.718011 -95.901579
0.000254 -0.003959 1.000000
-0.208366 -1.112446 620.965886
-0.120316 -0.669014 5.682771
-0.000703 -0.002347 1.000000
-0.238079 -1.193843 282.256001
-0.031280 -0.834544 -265.439052
-0.000279 -0.002553 1.000000
-0.787764 -0.782452 -31.618025
-0.274645 -0.364660 -369.096590
-0.001168 -0.001163 1.000000
0.090764 -1.835232 859.551720
0.127434 -1.253256 -249.157989
0.000330 -0.003375 1.000000
0.107626 -0.748604 234.077339
-0.252528 -1.345935 164.936939
-0.000355 -0.002962 1.000000
-0.261573 -1.013057 493.638155
-0.199653 -0.771514 -63.395859
-0.000648 -0.002066 1.000000
0.203331 -2.260011 395.436023
-0.091174 -1.466533 102.174544
-0.000046 -0.003345 1.000000
-0.128847 -1.194972 224.214446
-0.041745 -0.912389 76.234486
-0.000403 -0.002457 1.000000
-0.403442 -0.833599 178.095011
-0.330689 -0.811100 184.541897
-0.000741 -0.001929 1.000000
1.644454 -8.610390 534.760186
0.461179 -5.550542 -2592.032844
0.003589 -0.012283 1.000000
-0.351033 -1.938624 900.483084
-0.215162 -1.271754 -8.693839
-0.000443 -0.002851 1.000000
-0.977017 -0.498077 123.894130
-0.456357 -0.319762 -260.244200
-0.001599 -0.001010 1.000000
-0.148472 -2.865879 -149.627450
-0.034796 -1.532360 -971.475809
-0.000174 -0.003860 1.000000
-0.291030 -1.491432 1037.509115
0.010183 -1.118272 -1.734368
-0.000426 -0.003035 1.000000
-0.183931 -1.843217 944.275220
0.109138 -0.762018 27.454527
-0.000168 -0.002849 1.000000
0.011832 -1.791012 604.569034
-0.087368 -0.962177 -8.020237
-0.000379 -0.002998 1.000000
-0.489679 -1.610812 1114.616573
-0.114682 -0.595143 -13.395704
-0.000565 -0.002237 1.000000
0.730239 -2.583447 879.193300
0.322909 -1.547311 -152.923720
0.000837 -0.003932 1.000000
0.328644 -2.319898 250.704885
0.185760 -1.950102 -13.764006
-0.000047 -0.003830 1.000000
0.280328 -1.844859 267.162912
0.258301 -2.202146 -97.381942
0.000267 -0.004445 1.000000
0.013751 -1.933461 454.205247
-0.065578 -1.389786 105.208021
-0.000211 -0.003301 1.000000
-0.900619 -3.416269 938.268093
0.028152 -3.367477 219.798296
-0.000105 -0.006208 1.000000
0.215866 -1.657591 104.494684
0.662262 -2.037131 -74.217230
0.000787 -0.004255 1.000000
-0.147855 -0.674264 64.125107
-0.058093 -0.755416 69.738537
-0.000720 -0.001942 1.000000
-0.022052 -0.484908 92.767759
-0.076611 -0.553935 39.925793
-0.000538 -0.002004 1.000000
-0.074407 -0.542569 -54.366898
-0.381559 -0.990754 729.701760
-0.000529 -0.002055 1.000000
-0.151530 -1.143749 198.638478
-0.227517 -0.853548 106.365681
-0.000589 -0.002296 1.000000
1.000000 0.000000 0.000000
-0.000000 1.000000 0.000000
-0.000000 -0.000000 1.000000
0.799635 -0.038940 106.769411
-0.012560 1.099086 -35.739891
-0.000154 -0.000101 1.000000
-0.027613 -1.893114 407.410877
-0.030235 -1.300629 123.404703
-0.000263 -0.002917 1.000000
-0.088539 -1.696536 444.739482
0.134257 -1.561924 -45.230556
-0.000047 -0.003517 1.000000
0.077002 -0.922608 -27.188714
-0.002214 -0.737295 17.975441
-0.000201 -0.002588 1.000000
-0.295123 -1.219777 192.615604
-0.141532 -1.233079 -178.896657
-0.000334 -0.002913 1.000000
0.137775 -0.934057 -51.883520
-0.072812 -0.784666 87.843245
-0.000344 -0.002213 1.000000
-0.109849 -0.381091 80.080917
-0.144557 -0.433414 115.180546
-0.000532 -0.001801 1.000000
0.311955 -2.175575 365.175399
0.038551 -1.490389 -31.813247
-0.000046 -0.003796 1.000000
0.137938 -1.205555 47.365087
0.123160 -1.272388 71.424369
-0.000086 -0.003065 1.000000
-0.112356 -1.012178 -56.873026
-0.079054 -0.887355 86.287691
-0.000410 -0.002476 1.000000
-0.277666 -0.678081 123.369396
-0.230698 -0.722181 150.317895
-0.000759 -0.001909 1.000000
-0.154572 -0.741549 41.044755
-0.142992 -0.746129 98.287694
-0.000714 -0.002173 1.000000
0.334223 -1.934440 -69.222362
0.292011 -1.692239 -26.635510
0.000519 -0.004195 1.000000
0.829112 -0.188299 -9.840342
-0.031494 0.767081 27.103396
0.000028 -0.000648 1.000000
0.050918 -2.013403 485.046497
-0.029590 -1.356985 -24.702720
-0.000131 -0.003313 1.000000
0.033549 -1.608600 408.498670
0.030135 -1.037539 48.024773
-0.000068 -0.002934 1.000000
-0.422845 -0.729894 -143.259145
-0.336689 -0.616252 7.914989
-0.001014 -0.001637 1.000000
-0.001855 -2.715088 396.723200
0.012190 -2.305387 288.872125
-0.000210 -0.004039 1.000000
0.127562 -1.166697 61.747083
0.121203 -1.038589 52.001092
-0.000216 -0.002724 1.000000
-0.418963 -0.234251 45.457927
-0.221944 -0.414405 27.687023
-0.001358 -0.001171 1.000000
-0.648979 0.193079 28.135181
-0.610684 -0.236687 1004.595178
-0.001876 -0.000898 1.000000
-0.379889 -1.309802 1264.824716
-0.270599 -0.900643 -67.143102
-0.000629 -0.001989 1.000000
0.127104 -2.163851 158.606345
0.077691 -1.565315 71.502757
-0.000346 -0.003209 1.000000
0.082970 -1.318779 123.109704
0.035926 -0.918458 -35.765758
-0.000186 -0.002722 1.000000
-0.626430 -1.298960 284.790068
-0.281287 -0.812380 216.382190
-0.000833 -0.001977 1.000000
-2.497288 2.826094 337.432396
-3.485158 3.577470 -3268.396175
-0.005565 0.005368 1.000000
-14.647099 28.533572 49859.378581
-20.811872 28.439269 -2745.022540
-0.043884 0.061282 1.000000
-0.717402 -0.438856 636.624887
-0.646105 -0.483430 155.748775
-0.001425 -0.000951 1.000000
-0.250015 -1.924310 2172.663852
0.002055 -1.128898 831.333823
0.000172 -0.003008 1.000000
-0.679703 -0.410100 1653.037780
-0.771409 -0.059728 1430.639389
-0.001540 -0.000979 1.000000
0.000180 -0.832196 -8.361175
-0.091299 -0.835316 56.314166
-0.000459 -0.002149 1.000000
-0.714404 -0.468169 8.514231
-0.527817 -0.543605 327.139534
-0.001270 -0.000978 1.000000
1.828261 -4.877849 323.571245
1.425649 -3.062065 -1919.601179
0.002912 -0.007130 1.000000
0.063218 -2.136008 878.055366
0.063770 -1.360108 66.461610
0.000049 -0.003367 1.000000
-0.576457 -1.503767 1054.007440
-0.192667 -0.763987 30.736166
-0.000732 -0.002129 1.000000
-0.619245 -1.073659 948.298245
-0.047579 -0.657752 109.986808
-0.000625 -0.001811 1.000000
-0.612827 -1.205564 970.381396
-0.071459 -0.255133 66.034379
-0.000726 -0.001386 1.000000
-0.408440 -1.494412 849.268532
0.070252 -1.284266 -21.020096
-0.000399 -0.002731 1.000000
0.111891 -2.242897 931.616183
0.052274 -0.409547 17.495647
0.000084 -0.002496 1.000000
-0.381960 -1.716766 940.661213
-0.126438 -0.868269 142.983432
-0.000447 -0.002455 1.000000
-0.787606 -1.475089 1396.022577
-0.305514 -0.696293 55.925926
-0.001002 -0.001918 1.000000
-0.720533 -0.156122 1966.614463
-0.717110 -0.262299 -1410.909227
-0.001562 -0.000347 1.000000
-0.421970 -1.021416 434.292001
-0.083419 -0.506996 -13.076385
-0.000739 -0.001759 1.000000
0.860645 -2.333360 910.751600
0.836960 -3.317615 -77.562417
0.001390 -0.006043 1.000000
-1.133400 -0.145116 147.607844
-0.989012 0.098512 690.949487
-0.001948 0.000243 1.000000
-0.612362 -1.466917 933.513505
-0.173761 -0.885871 130.578231
-0.000725 -0.002034 1.000000
-0.722056 -1.416831 931.535627
-0.255495 -0.911974 116.069323
-0.000782 -0.002046 1.000000
3.494369 -6.667954 795.280574
1.546710 -4.153749 -1363.570495
0.004279 -0.009797 1.000000
0.208896 -1.393098 508.287773
0.053060 -0.698426 -6.481784
0.000067 -0.002507 1.000000
0.556573 -2.809541 1591.434699
0.958305 -3.033969 -1042.339442
0.001966 -0.006813 1.000000
-0.542411 -0.922409 1020.544008
-0.409428 -0.795749 719.460462
-0.000886 -0.001761 1.000000
-0.419962 -1.445733 923.403956
0.042436 -0.806522 70.773891
-0.000487 -0.002344 1.000000
-1.471946 0.124256 -929.053075
-1.346238 -0.136302 2219.531785
-0.002547 0.000236 1.000000
-0.900231 -0.430155 214.262451
-0.350896 -0.337207 -214.960546
-0.001610 -0.000814 1.000000
-0.158324 -1.469556 759.907416
-0.040667 -0.988260 81.493385
-0.000190 -0.002345 1.000000
-0.075251 -0.724180 327.101246
-0.010908 -0.337574 69.989036
-0.000323 -0.001648 1.000000
0.834334 -3.085678 1075.228055
0.454508 -2.080495 -24.136140
0.000797 -0.004620 1.000000
-0.065840 -2.036005 1103.086616
-0.094707 -1.113862 -119.160924
-0.000266 -0.003274 1.000000
-0.313227 -1.320155 620.553535
-0.125566 -1.451298 62.989930
-0.000439 -0.002757 1.000000
-0.252404 -1.882520 907.126432
0.006981 -1.062720 51.586848
-0.000163 -0.002998 1.000000
-0.389803 -1.670935 875.075910
-0.033682 -0.660717 -20.671047
-0.000474 -0.002335 1.000000
-0.259701 -0.836949 481.799908
-0.223640 -0.472521 -62.925847
-0.000874 -0.001796 1.000000
-0.399521 -1.665605 247.051608
-0.056007 -0.983849 -202.626624
-0.000689 -0.002555 1.000000
-0.530785 -1.543482 896.054290
-0.093463 -1.077274 45.578731
-0.000532 -0.002513 1.000000
-0.335389 -1.653871 937.019891
-0.059747 -0.629741 14.489184
-0.000314 -0.002128 1.000000
-0.544616 -1.332251 969.764456
-0.090270 -0.496289 65.187897
-0.000697 -0.001910 1.000000
-0.616203 -1.122927 1170.163316
-0.035732 -0.508384 42.426857
-0.000596 -0.002405 1.000000
-0.275649 -1.882263 843.436101
0.030131 -1.014801 -197.086306
-0.000209 -0.002556 1.000000
-0.661145 -1.587228 1354.994758
-0.050339 -1.096900 29.277226
-0.000732 -0.002537 1.000000
-2.323832 2.068601 3136.610153
-2.001534 1.021155 709.343162
-0.004359 0.002873 1.000000
-0.477594 -1.258438 856.963821
-0.087795 -0.794918 -185.633112
-0.000551 -0.002353 1.000000
-0.068419 -1.911018 947.440654
0.078053 -1.077402 -33.678833
-0.000136 -0.002741 1.000000
0.782159 -2.457587 1131.992830
0.169148 -0.990565 -76.177329
0.001225 -0.004027 1.000000
-0.188045 -0.909421 370.401669
-0.008532 -0.305327 -56.985361
-0.000513 -0.001944 1.000000
0.146431 -2.058256 1078.331821
0.241915 -1.442716 -59.861553
0.000366 -0.003495 1.000000
-0.333025 -1.431512 931.783174
0.046574 -0.933357 63.421122
-0.000345 -0.002351 1.000000
-0.153583 -1.317158 590.857646
-0.038532 -1.003555 7.793560
-0.000202 -0.002766 1.000000
0.289876 -1.622936 478.377700
0.142419 -0.788665 -146.475552
0.000430 -0.003035 1.000000
-0.331824 -0.632506 453.314390
-0.220595 -0.477032 -54.907451
-0.000890 -0.001561 1.000000
-0.117949 -0.605002 116.843403
-0.019439 -0.894730 57.081316
-0.000529 -0.002276 1.000000
-0.052897 -1.584691 586.715662
0.134731 -1.111245 -129.738356
-0.000099 -0.003130 1.000000
-0.024441 -1.240832 303.148543
0.028843 -0.975855 -99.640122
-0.000164 -0.002718 1.000000
-0.219392 -1.206508 636.390602
0.302715 -2.001948 -79.452723
-0.000161 -0.003502 1.000000
0.746459 -2.685620 439.810064
0.182935 -2.482301 -55.761894
0.000976 -0.005257 1.000000
-0.007703 -1.117958 291.461558
0.048064 -1.117089 -55.356935
-0.000372 -0.002621 1.000000
-0.243874 -1.078348 663.510084
0.070547 -1.327625 101.282657
-0.000153 -0.002814 1.000000
-0.203125 -0.743699 345.090987
-0.064921 -0.981701 -162.624114
-0.000677 -0.002479 1.000000
-0.008692 -1.291303 408.032937
0.274318 -1.560196 -77.771945
-0.000044 -0.003112 1.000000
0.081768 -2.008263 486.379817
0.122418 -1.669257 44.591992
0.000034 -0.003315 1.000000
-0.569179 -1.149427 857.778082
-0.095662 -0.513811 85.118016
-0.000904 -0.001896 1.000000
-0.314115 -1.316592 602.937373
0.008771 -0.561197 -121.668323
-0.000354 -0.002119 1.000000
-0.236108 -1.603982 788.358829
0.011347 -0.538824 -65.053798
-0.000193 -0.002303 1.000000
-0.084502 -1.797386 287.767978
0.018106 -1.788481 41.877432
-0.000309 -0.003757 1.000000
0.221797 -1.583247 651.423921
0.140138 -1.036937 -43.638227
-0.000000 -0.002815 1.000000
0.030754 -1.706827 551.973639
0.264820 -1.629427 -65.029389
0.000143 -0.003457 1.000000
0.100465 -0.993404 235.242999
-0.076811 -1.649568 145.607479
-0.000351 -0.002909 1.000000
0.019032 -1.784133 513.529491
0.152781 -3.335900 294.212853
0.000259 -0.005258 1.000000
-0.159026 -1.997271 599.280129
0.256263 -2.492473 61.724014
0.000387 -0.004293 1.000000
0.773761 -7.320180 914.100702
1.094173 -6.589228 368.052156
0.001947 -0.009583 1.000000
0.841253 -3.888902 809.634394
0.819741 -3.389158 17.578750
0.001299 -0.005875 1.000000
0.101588 -1.293802 299.794354
0.148425 -0.735800 -43.533956
0.000160 -0.002818 1.000000
-0.099670 -1.490648 443.718021
0.138713 -1.600615 72.733822
-0.000277 -0.003126 1.000000
0.306071 -0.538907 221.123054
-0.040973 0.217652 1.363130
-0.000198 -0.001366 1.000000
0.096563 -1.463565 364.856180
0.075765 -0.760262 -77.274651
0.000008 -0.002824 1.000000
-0.082634 -1.751900 729.565660
0.446623 -1.815297 -169.805019
0.000458 -0.004122 1.000000
0.074609 -1.323233 184.849083
0.142331 -1.093839 -42.313209
0.000038 -0.002924 1.000000
0.499501 -2.859645 376.061834
0.565326 -2.220675 -136.436070
0.001329 -0.005120 1.000000
0.236357 -1.716555 306.017655
0.213799 -2.362268 -97.027414
0.000430 -0.004529 1.000000
0.184631 -1.857351 697.725077
0.258905 -1.106267 -74.251810
0.000204 -0.002806 1.000000
0.192220 -1.753995 358.951413
0.112524 -1.235558 7.054896
-0.000105 -0.002746 1.000000
0.010440 -1.084874 190.899335
-0.055083 -1.144678 -25.578976
-0.000388 -0.002787 1.000000
0.124407 -1.571194 674.353627
0.062970 -1.311889 -60.283070
-0.000110 -0.003049 1.000000
0.078907 -1.520708 416.272033
0.105696 -1.424667 -80.383809
-0.000215 -0.002915 1.000000
-0.037579 -1.476561 502.107906
0.196958 -1.644457 -295.525634
-0.000001 -0.003549 1.000000
0.178914 -1.817186 271.410330
0.234266 -1.923558 51.524305
0.000821 -0.004147 1.000000
-0.486483 -1.131282 857.839704
-0.213081 -0.661628 148.308957
-0.000621 -0.001852 1.000000
