0.280760 -2.329131 438.960107
0.497982 -1.065318 -283.568103
0.000795 -0.003826 1.000000
0.604416 -2.970288 311.131020
0.571535 -2.295974 -188.978712
0.000618 -0.004930 1.000000
0.107646 -1.117386 155.191288
0.416025 -0.832773 -89.855063
0.000789 -0.003144 1.000000
-0.031672 -0.462184 38.127759
-0.037668 -0.421194 -4.271512
-0.000397 -0.001926 1.000000
2.144819 -5.730932 -2034.039868
2.289193 -3.326400 -360.772073
0.005823 -0.011810 1.000000
-0.148639 -1.110202 336.166958
0.054686 -0.524827 -54.933032
-0.000373 -0.002019 1.000000
-0.043191 -0.715303 167.664808
0.031488 -0.511104 -82.196445
-0.000190 -0.002119 1.000000
0.210463 -1.656700 -59.819770
0.120740 -0.822080 -82.451664
0.000605 -0.003694 1.000000
0.131759 -1.723171 182.228816
-0.030230 -0.620639 9.537355
0.000095 -0.002742 1.000000
-0.220709 -1.575922 1281.053541
0.002326 -1.165310 -20.209702
-0.000416 -0.002712 1.000000
-0.057179 -1.227961 497.025298
0.069282 -0.905944 -235.113797
0.000170 -0.002968 1.000000
-0.162452 -1.278335 72.353144
-0.140243 -0.991540 13.769529
-0.000270 -0.002883 1.000000
0.178860 -2.287891 407.335572
0.230439 -1.712768 -73.249708
0.000219 -0.003666 1.000000
0.105384 -1.538224 150.695545
0.177871 -1.832890 -436.616890
0.000359 -0.004012 1.000000
0.019922 -1.393112 383.110146
0.034701 -0.954533 -70.300818
-0.000242 -0.002659 1.000000
0.108509 -1.324158 237.390134
0.325119 -0.690284 -188.999611
0.000353 -0.002864 1.000000
0.248194 -1.845546 214.095426
0.416012 -1.517494 -243.158537
0.000485 -0.003957 1.000000
0.101478 -1.259096 201.769457
0.256198 -0.915848 -93.428984
0.000133 -0.002758 1.000000
0.088154 -2.656731 495.396186
0.272943 -1.479789 -238.555839
0.000597 -0.004126 1.000000
0.339488 -2.246395 165.233769
0.413082 -1.146351 -136.071965
0.001299 -0.004209 1.000000
0.395739 -2.155400 126.700167
0.274789 -1.337916 -73.952299
0.000723 -0.003920 1.000000
0.213310 -1.665892 3150.307865
0.123464 -1.223005 -1039.011021
0.000554 -0.003249 1.000000
-0.837133 -0.241022 -646.683543
-0.819505 -0.332026 523.031184
-0.001488 -0.000623 1.000000
0.142331 -2.082770 329.600850
0.303684 -1.332777 -169.367279
0.000551 -0.003918 1.000000
0.136450 -1.158559 199.021458
0.140976 -1.140647 -123.028013
0.000070 -0.003025 1.000000
-0.019857 -1.212346 362.207543
-0.116103 -0.876484 66.710457
-0.000201 -0.002429 1.000000
-0.035507 -0.894872 153.780494
-0.135988 -1.044705 96.918928
-0.000263 -0.002326 1.000000
-0.160291 -0.359091 60.675793
-0.150238 -0.478476 75.968941
-0.000617 -0.001509 1.000000
0.165721 -1.825326 206.717385
0.244296 -1.085799 -59.074197
0.000435 -0.003377 1.000000
0.003882 -2.070623 468.404492
0.264567 -2.262651 -10.859909
0.000086 -0.004162 1.000000
0.043897 -2.240498 690.825496
0.218601 -1.699151 -214.037723
0.000488 -0.004132 1.000000
-0.150502 -2.037557 476.473620
0.265735 -1.511132 -168.882938
0.000553 -0.003972 1.000000
0.026675 -1.264869 -58.962895
0.088342 -1.094713 -135.543743
-0.000006 -0.003206 1.000000
-0.128393 -1.035271 427.744942
-0.035082 -0.690621 -38.775550
-0.000307 -0.002169 1.000000
0.293152 -1.218066 -46.488587
0.227056 -1.166000 -193.876957
0.000554 -0.003466 1.000000
0.084007 -1.262559 453.907335
0.105950 -0.861518 -126.022039
0.000129 -0.002679 1.000000
-0.008636 -0.980707 440.776754
-0.029124 -0.519805 36.218281
-0.000283 -0.002032 1.000000
-0.201752 -1.545411 401.696235
0.054411 -1.551099 181.637397
-0.000036 -0.003256 1.000000
0.939509 -0.038406 0.410072
-0.007752 1.234199 -188.525752
-0.000052 -0.000195 1.000000
0.860220 -0.362607 10.611935
0.054202 0.491267 -41.655582
0.000080 -0.001110 1.000000
0.145451 -0.379856 223.360378
-0.014520 0.280828 -38.880151
-0.000547 -0.000817 1.000000
1.588909 0.099928 -264.003209
0.118348 1.633548 -305.305219
0.000231 -0.000035 1.000000
0.768246 -0.285843 54.382286
-0.075336 0.679146 20.621011
-0.000220 -0.000602 1.000000
-0.605739 -1.282549 507.523530
-0.208019 -1.132308 359.354784
-0.000655 -0.002173 1.000000
0.210785 -0.101813 54.712054
-0.160073 0.298000 9.087918
-0.000681 -0.000612 1.000000
0.559769 0.187489 -75.259108
-0.274623 1.009238 40.829637
-0.000757 0.000189 1.000000
-0.080253 -0.801395 306.354551
-0.194807 -0.400607 146.403458
-0.000485 -0.001649 1.000000
0.679617 0.083851 1.382671
-0.146132 0.857761 45.985188
-0.000376 0.000045 1.000000
0.803099 -0.169274 97.440299
-0.101036 0.912092 44.933945
-0.000191 -0.000107 1.000000
0.457948 0.183268 25.366310
-0.175966 0.721549 39.710963
-0.000625 0.000129 1.000000
0.818803 -0.195957 101.829232
-0.037920 0.822106 50.491399
-0.000128 -0.000174 1.000000
1.000000 0.000000 -0.000000
-0.000000 1.000000 -0.000000
-0.000000 0.000000 1.000000
1.028514 0.247536 -66.738780
0.019337 1.229835 -157.095052
-0.000070 0.000273 1.000000
-0.082426 -0.659002 227.709207
-0.312358 -0.318775 207.924668
-0.000720 -0.001334 1.000000
0.199631 0.255508 0.194851
-0.249774 0.744882 75.287112
-0.000918 0.000204 1.000000
-0.097156 -1.908832 654.686643
0.134065 -2.022061 211.332581
0.000418 -0.004383 1.000000
-0.191055 -0.483330 222.918446
-0.182314 -0.150376 62.451189
-0.000857 -0.001023 1.000000
-0.182915 -0.758726 271.933081
-0.193305 -0.426122 -9.578442
-0.000726 -0.001549 1.000000
-0.127487 -0.498402 193.717250
-0.245927 -0.264933 144.464328
-0.000658 -0.001334 1.000000
-0.188114 -1.087732 372.293867
-0.319845 -1.158123 268.884049
-0.000513 -0.002354 1.000000
-0.245401 -0.577240 175.624244
-0.123001 -0.345631 52.679534
-0.000698 -0.001468 1.000000
-0.097302 -1.203361 428.834121
0.026920 -0.738719 -97.836795
-0.000051 -0.002510 1.000000
-0.268173 -0.491876 153.658823
-0.133070 -0.281922 50.742194
-0.000591 -0.001582 1.000000
-0.352625 -1.677158 455.640837
-0.186397 -1.551368 211.186700
-0.000472 -0.003260 1.000000
-0.190001 -0.488124 149.310019
-0.143215 -0.166825 -17.073975
-0.000768 -0.001216 1.000000
-0.253241 -0.940534 294.723480
-0.225704 -0.935652 150.225927
-0.000621 -0.002198 1.000000
-0.055526 -1.605559 440.740492
-0.208373 -1.311219 179.599444
-0.000130 -0.002899 1.000000
-0.039752 -1.385522 485.686970
0.053214 -0.795812 -178.244679
0.000116 -0.002740 1.000000
-0.122778 -0.761187 50.527350
-0.138863 -0.420859 -20.546165
-0.000602 -0.001894 1.000000
-0.072629 -1.047401 492.997954
-0.095257 -0.843759 -98.057432
-0.000255 -0.002482 1.000000
0.158459 -1.260222 269.044775
0.155409 -0.970442 -6.640293
0.000075 -0.002524 1.000000
-0.087754 -1.124667 353.428120
-0.251724 -1.069932 156.160537
-0.000509 -0.002347 1.000000
-0.372026 -0.579398 185.053462
-0.201925 -0.341758 -200.724938
-0.001024 -0.001474 1.000000
-0.248027 -1.915024 688.892371
0.157221 -1.682182 23.626321
-0.000014 -0.003492 1.000000
0.491347 0.011102 52.755499
-0.130993 0.558839 57.724227
-0.000491 -0.000179 1.000000
1.577325 -0.036768 -83.468827
0.252054 1.423603 -205.641364
0.000809 -0.000389 1.000000
-0.102875 -1.003802 156.405522
-0.139354 -0.606970 140.121611
-0.000327 -0.002230 1.000000
-0.287731 -0.648850 83.641043
-0.256239 -0.481626 -5.562119
-0.000750 -0.001618 1.000000
0.097232 -1.243811 477.345752
0.000892 -0.931696 -192.976637
-0.000115 -0.002685 1.000000
-0.141714 -1.032473 397.713063
-0.095749 -0.583823 -184.603724
-0.000442 -0.002179 1.000000
-0.223589 -1.129063 451.065771
-0.146187 -0.768435 -126.276899
-0.000266 -0.002273 1.000000
0.279185 -1.833700 112.612063
-0.042904 -1.014038 -61.396386
0.000139 -0.003199 1.000000
0.116498 -1.558197 235.930474
-0.035301 -1.114432 24.009098
-0.000127 -0.002907 1.000000
0.301361 -1.747569 258.281717
0.122331 -1.051128 -199.014615
0.000122 -0.003216 1.000000
0.013323 -0.603324 45.616984
0.047186 -0.285507 -26.599270
-0.000300 -0.001973 1.000000
0.050153 -0.619459 53.582321
0.076504 -0.346739 -40.231961
0.000116 -0.002195 1.000000
-0.316660 -1.071615 745.945001
-0.356025 -0.928047 159.228518
-0.000643 -0.001999 1.000000
0.299952 -1.772284 169.033411
0.156626 -0.913747 -189.324159
0.000517 -0.003315 1.000000
-0.055826 -0.624865 77.755424
-0.099037 -0.285217 72.272384
-0.000251 -0.001949 1.000000
-0.136877 -1.178891 285.988450
-0.139011 -0.872733 -20.268218
-0.000355 -0.002572 1.000000
0.076507 -1.512637 286.198820
-0.237459 -1.406069 170.364465
-0.000348 -0.002943 1.000000
-1.081772 -0.113473 926.443653
-0.589180 -0.076745 -6.484938
-0.001564 -0.000565 1.000000
-0.428844 -0.966323 594.868747
-0.147578 -0.383841 -27.832180
-0.000607 -0.001621 1.000000
-0.045544 -0.540084 56.081336
-0.021075 -0.292640 -53.994272
-0.000249 -0.001914 1.000000
-0.125185 -0.811256 35.892279
-0.112682 -0.408679 59.683427
-0.000517 -0.001924 1.000000
-0.119707 -1.893727 305.996679
0.128193 -1.309446 -414.074959
-0.000019 -0.003602 1.000000
-0.031191 -0.959193 -46.079774
-0.038363 -0.514563 -30.830182
-0.000178 -0.002425 1.000000
-0.249015 -1.069386 409.082061
-0.143194 -0.482567 -106.026876
-0.000439 -0.001816 1.000000
-0.021443 -1.294057 218.594911
0.004461 -0.827415 -84.874959
0.000041 -0.002692 1.000000
-0.091889 -0.879143 197.041603
-0.100692 -0.857263 40.381305
-0.000117 -0.002430 1.000000
0.564342 -2.176903 235.371177
0.002582 -1.399774 84.138587
0.000280 -0.003405 1.000000
0.180736 -1.189750 163.842974
0.007918 -0.943220 -104.701389
-0.000080 -0.002802 1.000000
-0.050557 -1.486245 443.747576
-0.154694 -1.027783 -30.412204
-0.000217 -0.002696 1.000000
-0.076612 -1.072515 339.166982
-0.264277 -1.020452 85.696709
-0.000509 -0.002350 1.000000
-0.032520 -1.609831 487.188734
-0.256769 -1.406242 124.451584
-0.000321 -0.003028 1.000000
0.246297 -1.378788 243.401473
0.094434 -1.221437 31.667572
0.000185 -0.003091 1.000000
-0.241768 -1.082066 393.385950
-0.138204 -0.837739 95.564807
-0.000502 -0.002159 1.000000
-0.273265 -1.099033 404.006969
-0.302498 -0.752084 112.671323
-0.000467 -0.002050 1.000000
0.038815 -1.397802 331.558860
-0.168932 -0.879111 42.363149
-0.000176 -0.002691 1.000000
0.612803 -2.351077 -786.379565
0.341479 -1.180574 -269.733821
0.000798 -0.004250 1.000000
0.277226 -1.432015 -235.063981
0.162884 -0.912157 -152.354075
0.000482 -0.003487 1.000000
0.850028 -3.182042 -1005.833902
0.778255 -2.828023 -93.208293
0.002007 -0.006161 1.000000
0.297055 -1.337112 389.922035
-0.082493 -1.084004 36.107145
-0.000116 -0.003166 1.000000
-0.165508 -0.798805 276.119458
-0.207826 -0.637031 181.414925
-0.000574 -0.001791 1.000000
-1.187406 0.755490 -597.732493
-0.601123 0.255637 360.666563
-0.002192 0.000621 1.000000
-0.362282 -0.887543 80.531731
-0.304561 -0.454012 -131.857777
-0.000762 -0.001701 1.000000
-0.360140 -1.104913 346.062773
-0.325765 -0.693853 31.783804
-0.000696 -0.001752 1.000000
-0.038286 -1.564920 647.457131
-0.095482 -0.988207 -177.878253
-0.000153 -0.002969 1.000000
-0.073218 -1.108156 320.016542
0.032015 -0.647007 -182.329523
-0.000233 -0.002551 1.000000
-0.003100 -1.517937 130.383008
0.017984 -0.829603 -379.301749
-0.000193 -0.002779 1.000000
0.039964 -1.798066 886.302564
0.068427 -0.834484 -194.773325
0.000064 -0.002935 1.000000
-0.082459 -1.767347 506.626720
-0.064328 -1.120183 -25.635947
-0.000289 -0.002914 1.000000
0.605925 -1.750720 432.342319
0.153939 -1.053286 -228.749760
0.000402 -0.003244 1.000000
-0.295281 -1.025494 574.598465
-0.195124 -0.562742 -112.459167
-0.000732 -0.002030 1.000000
-0.346270 -1.392584 543.225910
-0.126398 -1.191201 -58.314384
-0.000315 -0.003120 1.000000
-0.267468 -1.395102 449.320718
-0.135522 -0.804688 -103.656256
-0.000488 -0.002437 1.000000
0.003893 -0.990118 463.052110
0.014593 -0.751031 -43.368366
-0.000300 -0.002326 1.000000
0.244067 -1.894787 522.847907
0.253523 -1.594373 -234.090434
0.000296 -0.003855 1.000000
0.042494 -1.150496 315.343400
-0.012460 -1.002515 -128.893958
-0.000232 -0.002561 1.000000
0.557593 -1.704472 537.807162
0.173214 -1.208708 -189.171113
0.000568 -0.003562 1.000000
0.039588 -1.952939 405.855132
0.345547 -1.254965 -416.159794
0.000324 -0.003536 1.000000
0.255817 -2.088166 693.349284
0.047332 -1.466680 -147.294047
0.000307 -0.003791 1.000000
1.174230 -2.948194 625.832003
0.668065 -2.221230 -932.395455
0.001277 -0.005133 1.000000
0.331203 -1.776754 495.279301
0.292525 -1.015638 -640.721121
0.000477 -0.003333 1.000000
-0.310844 -1.097040 782.391503
-0.174643 -0.543544 89.667486
-0.000436 -0.001857 1.000000
-0.190206 -1.182241 416.923365
-0.276001 -1.089613 -68.359971
-0.000496 -0.002624 1.000000
-0.271111 -1.037834 496.047822
-0.203632 -0.787141 -4.872268
-0.000453 -0.002133 1.000000
0.154763 -1.193396 203.388690
-0.002236 -1.294645 -63.064307
-0.000073 -0.003056 1.000000
0.131828 -0.925977 179.531928
-0.026779 -0.614802 -71.868968
-0.000232 -0.002463 1.000000
0.145184 -0.959661 463.009469
-0.092572 -0.534603 -192.271388
-0.000200 -0.002331 1.000000
-0.334030 -1.468303 1024.224106
-0.124508 -0.430449 31.573664
-0.000537 -0.002047 1.000000
-0.126192 -1.380476 385.918887
-0.024179 -0.743438 -101.767388
-0.000199 -0.002597 1.000000
0.117940 -1.705407 1527.589875
0.063088 -0.945015 -101.508815
0.000233 -0.003055 1.000000
0.636849 -2.676806 1292.503473
0.735526 -1.774746 -648.067650
0.001464 -0.004968 1.000000
0.137922 -2.191147 1488.476991
0.098056 -1.046428 -282.547618
0.000350 -0.003407 1.000000
0.167310 -1.714236 532.831861
0.302492 -1.270053 -218.303557
0.000407 -0.003366 1.000000
-0.198844 -0.785258 245.627781
-0.208134 -0.497249 -103.717738
-0.000688 -0.001708 1.000000
0.229328 -1.353413 377.858501
0.165757 -1.154806 -230.098685
-0.000035 -0.003331 1.000000
0.066547 -1.597907 65.498283
0.151105 -0.763793 -230.308446
0.000073 -0.002794 1.000000
0.096041 -1.521804 388.016105
0.082778 -0.991849 -702.107112
0.000166 -0.003386 1.000000
-0.400761 -1.292834 571.045868
-0.265414 -0.720869 -375.631069
-0.000525 -0.002315 1.000000
1.691804 -3.768883 1234.034010
0.687625 -1.566960 -1258.560014
0.002524 -0.006295 1.000000
0.559120 -2.435350 1605.219936
0.059530 -1.859356 -281.780039
0.000909 -0.005032 1.000000
1.379545 -4.012875 493.463332
0.436784 -2.949569 -1220.587647
0.001898 -0.007672 1.000000
-0.445122 -1.503683 841.483050
-0.099689 -0.738191 -17.849880
-0.000367 -0.002275 1.000000
-0.332538 -1.679007 1061.323199
-0.002022 -0.408781 -5.750860
-0.000318 -0.001967 1.000000
1.534894 -3.096575 680.643679
0.640006 -2.120551 -1273.964768
0.001957 -0.006982 1.000000
-0.144824 -1.448479 1017.788223
0.014383 -0.502960 95.284981
-0.000150 -0.002015 1.000000
0.114006 -1.828357 1302.635477
0.092146 -0.622759 -74.571315
0.000292 -0.002601 1.000000
0.043671 -0.870303 369.353421
-0.052176 -0.453992 -111.732685
0.000020 -0.002348 1.000000
-0.071277 -0.696443 311.062454
-0.084378 -0.777782 -11.503771
-0.000472 -0.002298 1.000000
0.140607 -1.365110 419.961678
-0.061050 -0.580202 -46.980673
-0.000043 -0.002646 1.000000
0.042407 -1.510616 222.314929
-0.133811 -1.301427 14.318048
-0.000323 -0.003009 1.000000
-0.167761 -0.827259 222.827954
-0.094681 -0.754078 102.243445
-0.000292 -0.002183 1.000000
0.350780 -1.194883 -2.473716
0.251112 -1.280560 -60.999426
0.000546 -0.003597 1.000000
-0.097118 -0.907267 52.121338
-0.191477 -0.684881 98.812369
-0.000481 -0.002077 1.000000
-0.380464 -0.430685 119.368982
-0.526617 -0.514742 771.387032
-0.001107 -0.001160 1.000000
0.019194 -1.351903 33.993282
-0.070005 -1.182402 121.652966
0.000015 -0.003091 1.000000
0.494040 -1.863806 323.289524
0.286543 -1.195211 -239.812357
0.000939 -0.003903 1.000000
0.073446 -1.247127 99.237710
0.020642 -0.635785 -64.066812
-0.000354 -0.002358 1.000000
-0.087400 -1.596970 746.662420
0.125132 -0.945954 -95.905014
0.000363 -0.003127 1.000000
-0.056208 -1.468389 585.840571
0.100695 -1.046579 -111.282234
0.000141 -0.002939 1.000000
-0.384060 -0.524431 -93.744758
-0.256325 -0.373825 119.404986
-0.000801 -0.001568 1.000000
-0.165124 -0.570108 84.261238
-0.153120 -0.598645 109.985361
-0.000402 -0.001971 1.000000
0.137225 -1.116974 -89.858298
0.103115 -0.864509 -80.527851
0.000293 -0.003068 1.000000
0.030137 -0.722739 57.961985
-0.149042 -0.805019 126.088880
-0.000320 -0.002194 1.000000
-0.005488 -1.272478 334.593336
0.068270 -0.962794 -104.005046
-0.000022 -0.002739 1.000000
0.021929 -0.719195 -364.757224
0.075999 -0.623016 -89.323590
0.000101 -0.002569 1.000000
0.048977 -1.091415 -77.515925
0.032847 -1.214975 -20.408269
-0.000079 -0.002899 1.000000
-0.075274 -0.682775 124.159180
-0.065060 -0.663433 22.136675
-0.000094 -0.002239 1.000000
-0.154981 -2.070209 182.069579
0.250246 -1.631454 -145.851683
0.000347 -0.004055 1.000000
0.166390 -0.889396 -24.563023
0.139101 -1.093200 25.997245
0.000237 -0.003031 1.000000
-0.335611 -1.035838 616.769570
-0.205275 -0.612773 -184.563797
-0.000772 -0.001978 1.000000
1.008784 -2.260153 -83.341194
0.638517 -1.472309 -777.951476
0.001513 -0.005051 1.000000
0.692154 -1.970660 -124.274824
0.277970 -1.051013 -302.467749
0.000859 -0.004268 1.000000
-0.043281 -0.831533 -218.543510
-0.077880 -0.871609 44.133752
-0.000365 -0.002486 1.000000
-0.001853 -0.452109 -34.610106
-0.018968 -0.503130 23.797533
-0.000362 -0.002073 1.000000
0.072148 -0.759604 -124.850587
0.043497 -0.983150 -114.333984
-0.000070 -0.002911 1.000000
-0.075037 -0.998904 212.585665
0.071437 -0.757378 -125.001060
-0.000215 -0.002511 1.000000
-0.710401 -0.159757 122.029435
-0.601026 -0.486846 895.809420
-0.001361 -0.000869 1.000000
-0.952019 -0.308410 1232.700413
-0.591787 -0.334470 1865.217107
-0.001564 -0.000447 1.000000
0.117529 -0.968377 -250.219620
0.039883 -0.840828 -40.587012
-0.000117 -0.002555 1.000000
-0.439827 -1.477736 247.047600
0.008836 -0.996408 71.987390
-0.000541 -0.002529 1.000000
0.116059 -1.758679 689.084795
0.212372 -1.364406 -203.803056
0.000046 -0.003138 1.000000
-1.112200 0.003411 991.396315
-0.817648 0.185317 1333.749301
-0.002080 0.000150 1.000000
-0.054688 -0.979029 -501.708965
-0.168643 -1.090205 817.740821
-0.000294 -0.002338 1.000000
0.991345 -2.191136 -1827.780196
1.113673 -2.325084 -6435.486234
0.002103 -0.005298 1.000000
0.304113 -2.343669 1318.719844
0.430487 -1.649305 -1035.011684
0.001320 -0.004112 1.000000
-0.339466 -0.227092 -137.748089
-0.475259 -0.419998 743.785014
-0.000975 -0.000978 1.000000
0.346071 -1.590636 -284.599772
0.210459 -1.787116 5.485330
0.000630 -0.004187 1.000000
-0.484553 -0.273410 443.970667
-0.577807 -0.422320 846.780003
-0.001307 -0.000664 1.000000
-2.049204 0.888168 -376.125903
-1.066293 0.049717 1444.937502
-0.002870 0.001145 1.000000
-0.257903 -1.835763 1062.452904
0.148686 -0.775698 -129.984377
-0.000213 -0.002623 1.000000
-0.771624 -0.607588 1819.186730
-0.445325 -0.253191 195.066732
-0.001383 -0.000736 1.000000
-0.396342 -1.399539 1045.238502
-0.027940 -0.456355 2.342768
-0.000504 -0.001978 1.000000
-0.249344 -1.929735 1259.468417
0.068992 -0.689209 -71.144909
-0.000065 -0.002525 1.000000
0.208016 -1.934648 1326.926808
0.153790 -0.866315 -126.122570
0.000193 -0.002861 1.000000
-0.615876 -1.280322 907.375649
-0.098307 -0.476329 35.818016
-0.000741 -0.001852 1.000000
-0.334932 -1.337985 986.513960
-0.084215 -0.603374 124.980076
-0.000438 -0.001912 1.000000
-0.416880 -1.178677 1380.203262
-0.083007 -0.723053 87.164365
-0.000478 -0.002337 1.000000
-0.970031 0.838061 -135.734598
-0.930720 -0.214109 1368.688409
-0.002227 0.000506 1.000000
-0.519811 -0.625336 356.885672
-0.164398 -0.274058 -218.344788
-0.001052 -0.001233 1.000000
0.466194 -1.970651 1508.871765
0.159245 -1.642398 -552.905940
0.000514 -0.003448 1.000000
-0.170699 -1.177332 -186.509378
-0.214863 -0.834398 1024.816206
-0.000432 -0.002397 1.000000
-0.134666 -1.633695 988.240638
-0.121831 -0.824807 33.547376
-0.000133 -0.002366 1.000000
-0.179769 -1.611832 1020.555631
-0.127115 -0.669328 105.355675
-0.000265 -0.002200 1.000000
-0.580195 -1.253614 1206.163248
-0.179838 -0.425085 189.213289
-0.000721 -0.001587 1.000000
-0.990210 0.234163 -678.614744
-0.479976 0.040314 1266.124845
-0.001862 0.000225 1.000000
-0.182177 -1.270585 1146.513003
-0.158956 -1.172458 1208.837458
-0.000184 -0.002610 1.000000
-0.533066 -0.870763 972.228038
-0.501339 -0.812452 839.981977
-0.000769 -0.001393 1.000000
-0.410053 -1.330640 986.907355
-0.122103 -0.505109 104.107115
-0.000553 -0.001823 1.000000
-2.409358 1.480755 -2192.423014
-1.600270 1.121460 530.377868
-0.004076 0.003160 1.000000
-0.479181 -1.652899 1036.687182
-0.077093 -0.623368 -28.606628
-0.000485 -0.002071 1.000000
0.146176 -1.490914 1060.867941
-0.061395 -0.965339 9.734604
0.000115 -0.003055 1.000000
0.159800 -0.965241 37.273155
0.024495 -0.452148 -205.620396
-0.000073 -0.002254 1.000000
-0.178990 -1.833938 1009.037888
-0.025785 -0.535721 20.605792
-0.000006 -0.002482 1.000000
6.894496 -9.344314 4582.386975
4.607632 -5.759034 -3108.652917
0.010811 -0.016103 1.000000
-0.122661 -1.586490 461.280811
0.270139 -1.420681 -529.159714
0.000374 -0.003611 1.000000
-0.407364 -1.328049 892.606226
-0.040310 -0.710935 3.957189
-0.000435 -0.002259 1.000000
-0.538872 -1.264005 885.296498
-0.112814 -0.539526 -47.647560
-0.000572 -0.001916 1.000000
-0.439584 -1.409208 673.066097
-0.278611 -0.895905 10.570955
-0.000719 -0.002181 1.000000
-0.141336 -1.338226 623.113405
-0.196040 -0.748125 -24.873640
-0.000493 -0.002275 1.000000
-0.375481 -1.942430 1052.838206
0.028676 -0.938667 -59.583227
-0.000182 -0.002743 1.000000
-0.181163 -1.705937 923.969232
0.115006 -1.100338 -151.399156
0.000046 -0.003067 1.000000
-0.265346 -1.655840 1028.198924
0.060779 -1.008369 33.245156
-0.000042 -0.002918 1.000000
-0.045707 -1.631027 902.293280
-0.087038 -0.826851 -19.292840
-0.000050 -0.002683 1.000000
1.299833 -3.505780 901.931214
0.862489 -2.019858 -2129.732418
0.002151 -0.006531 1.000000
-0.389696 -1.470889 1141.653918
0.005664 -0.521408 -85.658680
-0.000340 -0.001993 1.000000
-0.548824 -0.502062 264.586630
-0.493916 -0.546134 870.027015
-0.001061 -0.000991 1.000000
-0.131285 -1.594559 983.441586
-0.031459 -0.695809 14.309244
-0.000174 -0.002570 1.000000
-0.042418 -1.858529 1069.522965
0.025183 -1.009698 100.456873
0.000109 -0.002774 1.000000
-0.300964 -1.330888 1020.670343
-0.176430 -0.475251 45.878199
-0.000393 -0.001944 1.000000
-0.269722 -1.228463 301.450976
-0.124557 -0.438201 -80.764810
-0.000546 -0.002012 1.000000
-0.382297 -1.159381 908.624340
-0.056658 -0.468421 20.683641
-0.000451 -0.001793 1.000000
-0.161868 -1.397505 882.856929
-0.028564 -0.821449 4.903717
-0.000230 -0.002531 1.000000
0.143792 -1.530422 716.430887
0.155137 -0.975107 -193.168124
0.000146 -0.002982 1.000000
0.066159 -1.405023 487.751756
0.117716 -0.915544 -150.608170
-0.000010 -0.002692 1.000000
0.261695 -1.723362 116.659579
0.334388 -1.324915 -99.054228
0.000627 -0.003575 1.000000
0.007307 -1.344763 655.062333
-0.046501 -1.125853 -50.341112
-0.000112 -0.003038 1.000000
0.185848 -1.708564 430.898282
0.248698 -0.868005 -295.242098
0.000024 -0.003009 1.000000
0.044033 -1.329189 464.714788
0.111951 -0.729907 -167.782324
0.000286 -0.002967 1.000000
0.050976 -1.400718 650.474430
0.023779 -1.026128 -116.820665
-0.000063 -0.002848 1.000000
-0.224431 -1.003084 644.969122
-0.030079 -0.390197 -169.228046
-0.000551 -0.002022 1.000000
0.243447 -1.521567 326.597543
0.184783 -0.880947 -267.087600
0.000271 -0.003220 1.000000
0.151671 -0.913625 312.573398
0.155485 -0.925121 -202.573192
0.000020 -0.002622 1.000000
-0.167260 -1.501933 900.246217
0.034404 -1.396073 -57.860067
-0.000031 -0.002999 1.000000
-0.003233 -0.912269 298.763741
-0.041071 -0.929533 -26.106319
-0.000291 -0.002526 1.000000
-0.080529 -1.540546 569.457133
-0.032540 -1.125369 -36.993099
-0.000157 -0.002804 1.000000
-0.247315 -1.138190 937.737707
-0.118770 -0.490134 90.381505
-0.000448 -0.001683 1.000000
-1.313755 0.394746 950.803751
-0.526571 0.052536 -889.207522
-0.002075 -0.000014 1.000000
-0.125524 -1.132227 720.659154
-0.054145 -0.628900 -128.222832
-0.000238 -0.002249 1.000000
0.158513 -1.384967 368.561431
0.094014 -0.583091 -233.865391
0.000070 -0.002812 1.000000
0.044199 -2.007831 468.623040
0.126815 -0.687466 -289.434820
0.000211 -0.002946 1.000000
-0.175610 -1.368053 710.849409
-0.050902 -0.627337 -71.920957
-0.000462 -0.002242 1.000000
0.224725 -1.768719 430.634649
0.253296 -1.449573 -245.606995
0.000435 -0.003510 1.000000
0.234601 -1.547446 446.929061
0.166891 -1.151747 -203.205679
0.000093 -0.003220 1.000000
-0.083322 -1.135311 375.369952
-0.115874 -1.115445 -53.628383
-0.000384 -0.002767 1.000000
-0.126972 -1.193562 427.073913
-0.014592 -1.045625 -20.082545
-0.000217 -0.002701 1.000000
0.152258 -1.675475 634.988878
0.118994 -1.534265 103.360974
0.000111 -0.003389 1.000000
-0.112416 -1.016717 336.840943
-0.037698 -0.476325 -115.366487
-0.000283 -0.002127 1.000000
0.214642 -1.706786 126.417660
0.011408 -1.651417 -23.043769
0.000494 -0.004272 1.000000
-0.158185 -1.119964 -120.547604
-0.092354 -0.599711 -18.114335
-0.000446 -0.002364 1.000000
-0.221921 -1.240204 530.892771
-0.283470 -0.786789 30.917720
-0.000641 -0.002216 1.000000
-0.378934 -0.913911 715.942259
-0.132530 -0.402464 23.717684
-0.000689 -0.001621 1.000000
0.069741 -1.354879 260.185049
0.157321 -0.886087 -85.346449
-0.000018 -0.002810 1.000000
-0.211716 -1.248703 356.390153
0.061534 -0.975168 -148.974211
-0.000421 -0.002794 1.000000
-0.045601 -0.987667 114.851601
-0.114712 -0.763765 16.474313
-0.000427 -0.002090 1.000000
-0.363635 -1.505294 695.129207
-0.030976 -0.797294 -76.081231
-0.000284 -0.002570 1.000000
-0.159370 -0.923569 100.470394
0.000676 -0.724774 -214.748404
-0.000177 -0.002544 1.000000
0.385594 -1.462825 276.643413
-0.041916 -1.198302 20.136059
0.000170 -0.003103 1.000000
0.445538 -1.791095 521.482017
0.431858 -1.294989 -525.845499
0.000610 -0.003839 1.000000
0.069363 -0.974883 173.621083
-0.114876 -0.971816 116.200468
-0.000238 -0.002527 1.000000
-0.026806 -1.857840 754.958327
0.025372 -1.309525 -53.366584
-0.000192 -0.003322 1.000000
-0.633169 -1.007795 619.745625
-0.336487 -0.726589 99.846408
-0.000897 -0.001855 1.000000
-0.292575 -1.696777 696.897303
0.175932 -0.895582 -255.718792
-0.000110 -0.002826 1.000000
