-0.261695 -1.575357 673.360593
0.221102 -0.755469 -117.882885
0.000069 -0.002832 1.000000
-0.241211 -1.089060 557.279314
-0.005273 -0.329530 -112.974499
-0.000451 -0.001900 1.000000
0.461417 -2.355328 97.602632
0.332650 -1.543566 -259.697519
0.000476 -0.004286 1.000000
-0.284786 -0.686494 164.236164
-0.212194 -0.545661 50.347307
-0.000760 -0.001672 1.000000
-0.081657 -1.570766 348.586429
0.050245 -1.058080 59.571621
-0.000192 -0.002718 1.000000
0.085102 -1.167620 53.896360
0.195690 -0.955877 -77.173046
-0.000001 -0.002779 1.000000
-0.060393 -0.808017 131.802574
0.089996 -0.568830 -102.410189
-0.000171 -0.002239 1.000000
0.191173 -1.371955 -85.016966
0.219441 -0.922176 -268.687734
0.000593 -0.003601 1.000000
0.160701 -1.328474 525.002906
-0.021175 -0.547390 -165.756183
0.000196 -0.002459 1.000000
-0.665861 -0.401179 1441.428052
-0.376811 -0.196014 128.092323
-0.001617 -0.000405 1.000000
-1.987471 2.968272 2100.334748
-1.924872 2.562981 2179.478824
-0.007650 0.008016 1.000000
-0.251770 -0.587976 -527.252343
-0.245857 -0.632407 -281.682802
-0.001187 -0.001532 1.000000
0.124437 -1.347549 356.072550
-0.027590 -0.651961 -356.966981
0.000138 -0.002757 1.000000
-0.567250 -0.597694 109.437659
-0.395796 -0.399319 109.773341
-0.001089 -0.001194 1.000000
0.220277 -1.262375 468.758776
0.143439 -0.573220 -95.982308
0.000092 -0.002461 1.000000
0.042382 -2.183061 440.903055
0.260896 -1.570021 -270.285506
0.000479 -0.003832 1.000000
0.136853 -1.424320 44.384236
0.121037 -0.853990 -214.157575
0.000150 -0.002903 1.000000
0.082330 -1.595569 326.731732
0.122006 -1.094979 -270.518030
-0.000003 -0.002907 1.000000
0.305154 -1.475147 359.254298
0.152405 -0.902699 -383.263890
0.000251 -0.003027 1.000000
-0.007743 -1.474890 317.605027
0.252994 -0.951346 -193.864477
0.000408 -0.003198 1.000000
0.838493 -3.195605 -289.278774
0.791348 -2.571392 -497.676910
0.002615 -0.006711 1.000000
-1.108332 -0.072223 392.860834
-0.712399 -0.085139 1285.662134
-0.001791 -0.000193 1.000000
-2.155653 1.848484 -592.335862
-1.204105 1.112881 2117.361263
-0.003863 0.002900 1.000000
0.062977 -1.221049 -97.372043
-0.166084 -1.080897 -18.139069
-0.000042 -0.002653 1.000000
-0.019089 -1.242741 315.037314
0.009642 -0.804660 -231.306057
-0.000197 -0.002418 1.000000
0.127907 -1.174171 342.544401
0.064997 -0.778520 -117.186499
-0.000119 -0.002523 1.000000
-0.076965 -1.353570 129.585696
-0.064302 -1.055949 -49.943390
-0.000175 -0.002768 1.000000
0.042552 -0.760411 101.515183
-0.157422 -0.767581 -249.893842
-0.000556 -0.002120 1.000000
0.193063 -1.540357 -106.124925
0.312054 -0.821644 -465.261899
0.000346 -0.003325 1.000000
0.114699 -0.895572 251.746415
-0.101610 -0.454688 117.342217
-0.000410 -0.001881 1.000000
0.202384 -0.907049 341.173991
-0.027292 -0.249398 57.858577
-0.000244 -0.001746 1.000000
-0.660624 -0.403752 -11.945866
-0.361281 -0.331671 300.768220
-0.001366 -0.000904 1.000000
0.097310 -1.519176 502.787618
0.106610 -1.415756 -63.537541
0.000349 -0.003381 1.000000
0.204907 -0.845273 350.512751
0.007461 -0.071769 -18.354064
-0.000205 -0.001670 1.000000
0.448480 -1.355085 364.042553
0.163233 -0.617323 -179.833369
0.000219 -0.002711 1.000000
4.806193 4.637264 -2353.096716
0.389694 6.735244 -1572.548215
0.000383 0.006913 1.000000
1.373089 0.008490 -104.489702
0.174176 1.207475 -68.888426
0.000200 0.000071 1.000000
1.035884 0.355748 -166.801171
-0.103722 1.179576 -135.608191
-0.000272 0.000475 1.000000
1.000000 -0.000000 0.000000
0.000000 1.000000 0.000000
0.000000 0.000000 1.000000
0.733484 -0.266704 85.411779
-0.046519 0.611497 89.337143
-0.000108 -0.000531 1.000000
0.702208 -0.106310 132.750895
0.100358 0.925676 -63.696046
-0.000301 0.000114 1.000000
0.531178 -0.099090 95.093550
-0.157534 0.750765 80.683309
-0.000408 -0.000137 1.000000
0.419401 -0.381702 206.513258
-0.039547 0.451331 75.021463
-0.000242 -0.000783 1.000000
0.170506 0.443878 27.952616
-0.306683 0.868922 -18.346713
-0.001208 0.000747 1.000000
-0.065463 -0.600295 297.439943
-0.175702 -0.228852 95.769562
-0.000573 -0.001182 1.000000
0.328679 -0.954193 350.962235
0.047631 -0.236230 10.341286
0.000046 -0.001931 1.000000
-0.024986 -1.169562 415.493080
-0.083821 -1.178963 99.631884
-0.000197 -0.002690 1.000000
5.901537 -10.994458 1618.420879
3.187585 -9.479543 -1185.816193
0.009484 -0.022387 1.000000
0.256916 -2.186970 529.178608
0.213016 -2.369155 130.572544
0.000413 -0.004496 1.000000
-0.233506 -1.492974 469.894616
-0.044190 -1.058839 -33.114862
-0.000449 -0.002654 1.000000
0.426241 -0.858197 258.608321
0.017806 -0.265995 131.206582
-0.000060 -0.001611 1.000000
0.640677 -1.064602 277.402296
0.119343 -0.299696 69.250752
0.000227 -0.001962 1.000000
-0.406366 -1.381443 446.820554
-0.097442 -1.140507 103.124280
-0.000540 -0.002626 1.000000
0.005425 -1.010102 379.005786
-0.035537 -0.445734 -53.051310
-0.000204 -0.002125 1.000000
-0.007448 -1.460284 688.140611
-0.037393 -1.248352 -133.933384
-0.000036 -0.003005 1.000000
-0.037989 -0.966216 410.543317
-0.111445 -0.873876 77.576692
-0.000432 -0.002175 1.000000
-0.120402 -1.399954 372.290112
0.019052 -1.453025 -90.790950
0.000053 -0.003296 1.000000
-0.261067 -0.851676 416.776625
-0.158742 -0.807805 42.199017
-0.000536 -0.001946 1.000000
0.051687 -0.914613 362.087243
-0.002886 -0.525153 -95.374082
-0.000130 -0.002097 1.000000
-0.143082 -1.069325 427.565668
-0.001612 -0.839398 -91.413452
-0.000314 -0.002147 1.000000
-0.196743 -0.831525 152.822605
-0.106367 -0.644642 54.353703
-0.000585 -0.001813 1.000000
0.531656 -0.972820 -119.606127
0.502489 -1.137838 -33.167699
0.001526 -0.003751 1.000000
0.085896 -0.691119 -39.083964
0.071275 -0.577333 -20.184567
-0.000071 -0.002221 1.000000
-0.402230 -0.861202 635.848233
-0.182435 -0.669631 44.249764
-0.000560 -0.001777 1.000000
0.128080 -1.463854 730.151972
0.122451 -0.969114 -274.985495
0.000225 -0.003172 1.000000
-0.300218 -0.681313 319.347284
-0.184415 -0.725746 -0.188126
-0.000537 -0.002066 1.000000
-0.265229 -0.948134 393.417568
-0.084826 -0.846460 -55.221112
-0.000273 -0.002388 1.000000
0.039676 -1.077063 -167.215733
0.115607 -1.024476 -173.144433
0.000112 -0.002869 1.000000
0.432913 -1.844787 -919.397251
0.390107 -1.397784 -377.336653
0.001456 -0.005027 1.000000
-0.227458 -0.812792 43.715927
-0.131589 -0.580092 -25.648836
-0.000640 -0.001878 1.000000
-1.380602 0.243187 1458.722078
-0.681187 0.232921 250.980934
-0.002120 0.000225 1.000000
-2.438039 0.963856 2437.190768
-1.193438 0.699081 348.795458
-0.003501 0.002347 1.000000
-0.270904 -1.144483 -231.659442
-0.207459 -0.991864 24.857799
-0.000654 -0.002477 1.000000
1.753875 0.186000 -176.763337
0.277535 1.659560 -229.289105
0.000414 0.000406 1.000000
0.034957 -1.216504 389.603996
0.036859 -0.980405 60.555717
-0.000246 -0.002634 1.000000
0.788132 -0.070915 94.722406
0.017269 0.727964 128.399701
0.000014 -0.000121 1.000000
-0.044895 -0.664301 -95.974500
0.028707 -0.307376 -32.525801
-0.000707 -0.001900 1.000000
-0.081001 -0.830428 -117.238612
-0.073854 -0.535714 -148.125068
-0.000532 -0.001958 1.000000
0.132808 -1.106217 -82.837742
-0.003227 -1.005032 -241.740495
-0.000224 -0.002745 1.000000
-0.478938 -0.333732 262.545236
-0.480926 -0.349710 -78.546254
-0.001309 -0.001091 1.000000
-0.118157 -1.243215 -535.840158
-0.095842 -0.717909 -143.761531
-0.000614 -0.002289 1.000000
-0.145386 -0.991503 677.883333
0.056072 -0.624364 -11.423937
-0.000058 -0.002117 1.000000
-0.236987 -0.938406 218.284370
-0.255918 -0.867791 -163.898330
-0.000681 -0.002123 1.000000
-0.052973 -0.971846 65.103447
-0.162083 -0.874364 -236.898769
-0.000766 -0.002160 1.000000
-0.168381 -0.705820 92.908570
-0.079904 -0.454707 -119.629646
-0.000599 -0.001757 1.000000
-0.178884 -0.355311 69.617469
-0.076258 -0.321917 33.162094
-0.000794 -0.001377 1.000000
0.510937 -2.477948 -462.218874
0.543171 -1.457982 -1882.348254
0.000835 -0.004180 1.000000
-0.383822 -0.426430 -163.864550
-0.235305 -0.247985 14.892566
-0.000924 -0.001265 1.000000
-0.096894 -0.883775 -262.433259
-0.184599 -0.797487 68.239889
-0.000213 -0.002521 1.000000
0.028339 -1.488355 155.290070
0.084428 -0.761051 -116.372921
-0.000048 -0.002553 1.000000
0.074796 -1.470766 0.899325
0.129558 -1.075550 5.614277
0.000049 -0.002530 1.000000
-0.551650 -0.276038 106.436800
-0.474661 -0.224099 -167.505096
-0.001263 -0.000910 1.000000
-0.211301 -1.413399 410.503204
-0.042560 -1.023148 -25.204608
-0.000201 -0.002528 1.000000
-0.292320 -0.294501 168.694054
-0.171670 -0.202109 -56.747377
-0.001091 -0.001094 1.000000
-0.466385 -0.256701 -43.042425
-0.251937 -0.162487 -7.540417
-0.001233 -0.001000 1.000000
-0.245189 -1.118044 601.964139
-0.065776 -0.792075 -618.244976
-0.000479 -0.002034 1.000000
-0.039492 -0.628148 43.500527
-0.138175 -0.531023 -142.143976
-0.000677 -0.001669 1.000000
-0.281805 -0.882150 -104.996551
-0.167222 -0.674552 -41.345118
-0.000639 -0.001933 1.000000
-0.558530 -0.498753 102.670037
-0.305036 -0.301181 -117.416226
-0.001190 -0.001038 1.000000
-0.189420 -1.158982 197.029266
-0.201012 -1.203743 4.255389
-0.000510 -0.002386 1.000000
-0.122752 -1.727656 559.410305
-0.147852 -1.343163 -22.545285
-0.000543 -0.002897 1.000000
-0.360731 -0.731345 877.935584
-0.320178 -0.709259 -84.456356
-0.000821 -0.001897 1.000000
-0.243843 -0.835768 511.718701
-0.220116 -1.027492 -59.736404
-0.000546 -0.002145 1.000000
0.078321 -1.346851 173.393904
-0.011328 -1.145112 -7.302131
-0.000160 -0.002610 1.000000
-0.383195 -1.174227 757.564089
-0.226703 -0.931289 6.329972
-0.000659 -0.002169 1.000000
-0.276358 -0.941938 246.335446
-0.256955 -0.732592 160.019994
-0.000789 -0.001839 1.000000
-0.206174 -1.076088 481.284920
-0.115197 -0.648146 124.163291
-0.000452 -0.001914 1.000000
-1.321207 -0.044304 2183.260966
-1.065516 0.549853 254.626462
-0.002260 0.000400 1.000000
0.201919 -1.552740 -234.532234
0.191059 -1.299924 -91.905163
0.000055 -0.002950 1.000000
-0.436868 -0.817472 206.040765
-0.210188 -0.418175 -125.596571
-0.000825 -0.001502 1.000000
-0.275912 -1.189574 -642.372307
0.031809 -0.815275 82.092149
-0.000259 -0.002680 1.000000
0.598029 -3.455182 -1614.056757
0.682447 -2.814830 83.300860
0.001806 -0.006730 1.000000
-0.460455 -1.183443 463.363441
-0.224023 -0.672068 -179.874713
-0.000505 -0.002032 1.000000
0.437538 -1.550757 661.689787
0.223004 -0.979913 -160.707876
0.000577 -0.003203 1.000000
0.454581 -1.399388 347.608679
0.205145 -1.009635 -199.737270
0.000467 -0.002969 1.000000
-0.258970 -1.055838 262.312416
-0.218375 -0.965028 3.931010
-0.000556 -0.002246 1.000000
-0.934334 -0.227291 570.851951
-1.164077 -0.117650 27.091418
-0.002081 -0.000306 1.000000
-0.295423 -0.819554 357.573138
-0.100781 -0.479306 -411.887541
-0.000745 -0.001543 1.000000
-0.525878 -0.812376 838.728417
-0.175903 -0.436255 -500.915982
-0.000997 -0.001624 1.000000
-0.500995 -0.434279 395.596859
-0.468998 -0.383993 -108.399494
-0.001339 -0.000925 1.000000
-0.227129 -0.907141 522.923013
-0.140770 -0.688846 -294.868484
-0.000761 -0.002216 1.000000
-0.242135 -0.909265 203.641790
-0.209502 -0.665324 42.984799
-0.000664 -0.001775 1.000000
-0.487815 -0.862656 284.934353
-0.236948 -0.497012 -500.555701
-0.000865 -0.001553 1.000000
-0.086352 -1.021180 35.442354
-0.087742 -0.853131 -112.173249
-0.000442 -0.002184 1.000000
-0.202364 -1.102765 803.679110
-0.211389 -0.671871 -172.062617
-0.000577 -0.002068 1.000000
-0.085794 -1.676480 654.323598
-0.140066 -1.155991 -128.691711
-0.000039 -0.002973 1.000000
-0.192401 -0.892244 717.969920
-0.070664 -0.667815 -19.452115
-0.000367 -0.002000 1.000000
-0.371595 -0.668731 269.168373
-0.363514 -0.653013 -9.903262
-0.000929 -0.001534 1.000000
0.273483 -1.272291 324.970047
0.124612 -1.464519 -144.369224
0.000326 -0.003095 1.000000
-0.069636 -1.425008 217.913460
-0.215112 -1.274631 -326.785362
-0.000159 -0.002726 1.000000
0.318836 -1.848479 1115.551093
-0.108161 -1.293372 -250.478863
0.000267 -0.003384 1.000000
-2.782810 2.366130 -1684.618438
-1.071316 1.128765 548.441099
-0.004395 0.003611 1.000000
-0.776406 0.007447 -221.896075
-0.469016 -0.042804 -142.265281
-0.001510 -0.000546 1.000000
-0.127959 -1.232502 654.390775
-0.225793 -1.161428 -34.365268
-0.000625 -0.002499 1.000000
-0.669773 -0.628751 786.513830
-0.527776 -0.366006 50.158364
-0.001154 -0.001074 1.000000
-0.887202 -0.047844 65.824757
-0.661222 0.064922 -351.412178
-0.001817 -0.000140 1.000000
-0.256319 -1.033656 434.877604
-0.118646 -0.833957 -188.981434
-0.000388 -0.002176 1.000000
-0.149694 -0.910732 420.983987
-0.136313 -0.851588 19.065806
-0.000613 -0.001890 1.000000
0.064890 -1.202582 -495.144810
0.083746 -0.978045 -237.211648
0.000074 -0.002937 1.000000
-2.545453 1.595753 -2507.187729
-1.217428 0.826144 -399.193798
-0.003943 0.002800 1.000000
-0.677593 -0.807649 1231.636629
-0.435564 -0.091256 -51.646898
-0.001262 -0.000926 1.000000
-0.004138 -0.797083 -206.552206
0.043822 -0.416826 -95.184797
-0.000434 -0.001938 1.000000
-0.323212 -0.829145 833.920668
-0.168397 -0.671225 -70.601159
-0.000663 -0.001849 1.000000
-0.308269 -0.960920 971.967484
-0.219571 -0.641035 -257.062468
-0.000756 -0.002019 1.000000
-0.346719 -1.272781 1209.542089
-0.090079 -0.641700 -154.063876
-0.000454 -0.001947 1.000000
-0.136616 -1.339788 644.401627
-0.117621 -1.007326 -163.970230
-0.000361 -0.002544 1.000000
-0.147050 -0.932216 50.348276
-0.064836 -0.729306 -420.210149
-0.000495 -0.002104 1.000000
-0.261181 -1.457827 357.656574
-0.144242 -0.962731 -253.671069
-0.000571 -0.002446 1.000000
-0.078722 -1.122242 107.509904
-0.128759 -0.683263 2.467870
-0.000388 -0.002158 1.000000
-0.020683 -0.943529 387.383254
-0.064222 -1.096336 -142.827878
-0.000354 -0.002555 1.000000
0.379386 -2.493056 126.934067
0.183078 -1.918219 -181.409280
0.000780 -0.004546 1.000000
-0.349870 -0.825196 704.986102
-0.199967 -0.992669 52.463825
-0.000809 -0.002328 1.000000
0.156694 -2.518401 923.949159
0.465062 -2.003276 -466.523064
0.000628 -0.004474 1.000000
-0.511983 -1.008996 735.541840
-0.151750 -0.504123 -191.651617
-0.000824 -0.001825 1.000000
-0.140819 -1.206952 687.017336
0.097795 -0.531022 -636.440148
-0.000412 -0.002201 1.000000
-0.320158 -1.657853 1218.201578
0.025157 -0.577112 -226.716115
-0.000301 -0.002281 1.000000
0.040704 -1.655423 137.888234
0.128985 -1.126098 -312.611735
0.000107 -0.003060 1.000000
-0.603118 -1.051851 616.835230
-0.278782 -0.545485 -143.575937
-0.000976 -0.001427 1.000000
-518.585415 576.462105 -185269.407705
-209.077459 381.999078 238142.516219
-0.628447 1.034629 1.000000
0.065662 -1.263237 941.043343
0.058053 -1.104940 -420.291673
-0.000222 -0.002575 1.000000
-0.279640 -1.169905 746.605682
-0.067840 -0.896094 -66.027908
-0.000461 -0.002424 1.000000
-0.290551 -0.615969 180.716517
-0.135614 -0.403258 -69.226669
-0.000806 -0.001506 1.000000
-0.630848 -0.601838 347.919045
-0.295424 -0.556118 -25.689460
-0.001027 -0.001372 1.000000
-0.272560 -0.558318 146.093760
-0.112941 -0.363588 -23.091565
-0.000846 -0.001448 1.000000
1.280192 -3.713324 -233.320942
1.039640 -2.610655 -740.260233
0.002635 -0.006773 1.000000
1.925956 -5.069900 2147.372139
1.343543 -3.325901 -4041.733251
0.005349 -0.011494 1.000000
1.140789 -2.319761 2920.450172
0.552762 -2.132282 3255.368292
0.001296 -0.004353 1.000000
-0.067007 -0.580287 -0.470371
-0.197699 -0.529346 7.400979
-0.000770 -0.001556 1.000000
-0.318661 -1.410783 863.329971
-0.184691 -0.779294 -272.581371
-0.000514 -0.002275 1.000000
-0.022510 -1.796370 74.924168
-0.040585 -1.063582 -134.079185
-0.000384 -0.003071 1.000000
0.317773 -1.789660 441.323163
0.167774 -1.262244 -649.822996
0.000540 -0.003201 1.000000
-0.077410 -1.130011 563.558694
-0.140186 -1.051783 -6.799127
-0.000435 -0.002324 1.000000
-0.299002 -0.694388 -89.418369
-0.201161 -0.492677 85.806066
-0.000828 -0.001613 1.000000
-0.229091 -0.665848 11.320145
-0.164700 -0.556597 117.217123
-0.000720 -0.001691 1.000000
-0.200370 -0.832062 41.735974
-0.162674 -0.662618 3.876913
-0.000683 -0.001874 1.000000
0.087287 -1.637295 -37.486397
0.144090 -1.227947 -46.106541
0.000224 -0.003027 1.000000
0.573477 -2.622835 297.826976
0.480096 -1.718155 -746.083642
0.001012 -0.004502 1.000000
-0.046457 -0.439182 -253.156259
-0.179873 -0.401393 12.092011
-0.000643 -0.001649 1.000000
-0.422420 -0.491386 -591.580165
-0.267511 -0.531231 286.177742
-0.001194 -0.001320 1.000000
-0.226262 -0.619664 61.045739
-0.277526 -0.478880 54.973845
-0.001033 -0.001414 1.000000
0.493717 -2.861909 71.451466
0.274213 -2.585451 -240.582556
0.000524 -0.005150 1.000000
-0.061976 -1.251390 536.707187
0.036445 -1.179731 -245.591159
-0.000123 -0.003030 1.000000
-1.419959 0.173912 2730.784562
-0.841505 0.050802 223.214481
-0.002459 0.000350 1.000000
-0.805256 -0.774618 222.659518
-0.385722 -0.524921 149.788581
-0.001198 -0.001420 1.000000
-0.427327 -0.563518 620.294905
-0.261166 -0.337604 -316.786774
-0.001022 -0.001278 1.000000
0.826549 -1.862944 966.171947
0.460039 -1.989541 -1377.152740
0.001001 -0.004491 1.000000
-0.094020 -0.764926 -39.293463
-0.079358 -0.543591 -37.059636
-0.000529 -0.001961 1.000000
-0.286395 -1.506560 156.796080
-0.148540 -1.141674 -403.431323
-0.000572 -0.002402 1.000000
0.104133 -1.319818 445.890782
-0.092645 -0.871109 -117.855775
-0.000166 -0.002605 1.000000
-0.982701 0.428373 -351.787468
-0.771741 -0.170412 995.849575
-0.002072 0.000327 1.000000
-0.093245 -1.376755 2417.134175
-0.125605 -1.147699 -509.636969
-0.000151 -0.002720 1.000000
0.288262 -1.334818 -333.094595
0.137226 -1.659307 -269.265081
0.000571 -0.003802 1.000000
0.234404 -1.450511 296.077201
0.174551 -1.042669 -684.265436
0.000069 -0.003016 1.000000
0.023248 -1.473380 434.318718
0.042838 -1.412910 -273.526038
0.000124 -0.003269 1.000000
-3.143943 7.715260 7661.933713
-4.298549 5.277226 4394.062272
-0.011250 0.014897 1.000000
-2.815532 3.375121 2663.391803
-1.916134 1.653276 2001.137996
-0.004702 0.005781 1.000000
-1.165622 0.309547 1567.994483
-1.010462 -0.043323 899.548982
-0.002302 0.000269 1.000000
-1.076466 -0.253593 1076.106836
-0.538221 -0.238408 1764.817161
-0.001646 -0.000475 1.000000
-0.356981 -0.224408 -309.714722
-0.463057 -0.406790 -0.370025
-0.001174 -0.000959 1.000000
-0.251107 -0.816690 -491.067961
-0.244091 -0.729343 -26.916841
-0.000656 -0.001899 1.000000
35.336650 -92.895171 -181170.405730
46.194285 -65.877424 -45091.451296
0.136334 -0.191082 1.000000
0.717772 -2.902407 1859.488161
0.455593 -1.625986 -1244.547867
0.001498 -0.004884 1.000000
-0.670800 -1.258527 1066.585154
-0.120290 -0.617826 -61.548697
-0.000828 -0.001882 1.000000
-0.328836 -1.203932 569.944447
-0.333053 -1.121763 -214.794337
-0.000640 -0.002427 1.000000
-0.622676 -1.569982 969.594779
-0.059355 -0.788734 -181.016248
-0.000655 -0.002530 1.000000
-0.015370 -2.653723 1400.985513
-0.051470 -1.460016 -1224.830361
0.000076 -0.003823 1.000000
2.933464 -4.063816 1612.256417
1.536984 -3.366424 -2338.090242
0.003867 -0.008370 1.000000
-0.273950 -1.703312 825.691973
-0.057366 -0.939460 -543.526241
-0.000256 -0.002604 1.000000
-0.297835 -1.568434 1185.509825
-0.063290 -0.659783 -439.017975
-0.000266 -0.002507 1.000000
0.229610 -2.089221 2156.452959
0.009286 -1.413639 -551.159406
0.000493 -0.003751 1.000000
-1.788899 0.977725 -19.580105
-0.913107 -0.059852 1190.491877
-0.002766 0.001121 1.000000
0.201018 -2.094030 1813.335554
0.053166 -1.316341 -636.563814
0.000483 -0.003951 1.000000
-1.172976 -0.028919 1525.103639
-0.717554 -0.056316 1099.349187
-0.002115 -0.000211 1.000000
-1.096389 0.190996 1073.471386
-0.907462 0.091568 1386.890056
-0.002294 0.000751 1.000000
-0.224073 -2.059058 666.080010
0.088716 -1.107369 -450.710394
0.000087 -0.003137 1.000000
-0.467032 -1.726483 555.999695
-0.081230 -0.964754 -268.044605
-0.000446 -0.002478 1.000000
1.798102 -6.511042 -3601.563351
0.829838 -2.872604 -4457.627505
0.004419 -0.011467 1.000000
0.979212 -1.953460 1971.721680
0.148095 -1.089665 -86.123737
0.000973 -0.003724 1.000000
-0.115542 -1.563043 -220.919718
-0.013890 -1.073244 -448.429598
0.000067 -0.002821 1.000000
-0.952042 -0.101606 641.027272
-0.698772 -0.300964 1169.953580
-0.001681 0.000038 1.000000
-0.528678 -0.968651 1028.131418
-0.198782 -0.460116 -16.039066
-0.000756 -0.001548 1.000000
13.761582 -20.717795 21064.672274
5.800828 -11.522785 -1552.862853
0.018053 -0.029536 1.000000
-0.310560 -1.078373 1056.280749
-0.107855 -0.619138 -169.639123
-0.000398 -0.002271 1.000000
-0.396948 -0.798217 202.566689
-0.261071 -0.438273 -85.660406
-0.000850 -0.001555 1.000000
-0.307530 -0.595713 138.381174
-0.179662 -0.300696 16.685229
-0.000966 -0.001275 1.000000
-0.515074 -1.076051 883.055277
-0.066797 -0.821465 27.262582
-0.000531 -0.002101 1.000000
-0.718290 -0.931033 840.703073
-0.252067 -0.369054 -81.719507
-0.000953 -0.001390 1.000000
0.326063 -2.130317 -78.472180
0.153356 -1.272875 -370.176549
0.000734 -0.003901 1.000000
-0.717897 -0.964036 880.711221
-0.078498 -0.589438 17.803047
-0.000823 -0.001733 1.000000
-0.722743 -0.799766 1131.821812
-0.257374 -0.397934 -94.524043
-0.001082 -0.001346 1.000000
-0.147073 -1.551802 851.923215
0.034594 -1.247931 -127.517150
0.000059 -0.002997 1.000000
-0.203377 -1.410593 1227.859266
0.097657 -0.990197 -302.227364
-0.000078 -0.002947 1.000000
-0.537799 -0.870368 915.693423
-0.136060 -0.523199 -34.254290
-0.000631 -0.001573 1.000000
-0.288943 -1.574495 829.334620
0.081435 -1.252859 -115.302885
-0.000017 -0.002773 1.000000
-0.676189 -1.280587 979.023149
-0.094568 -0.510526 -1.267205
-0.000722 -0.001706 1.000000
-0.083965 -1.544510 671.448555
0.065479 -0.822836 -278.288891
0.000125 -0.002658 1.000000
-0.426685 -1.063742 901.278739
-0.024519 -0.612472 -165.270815
-0.000477 -0.002224 1.000000
0.001791 -1.996136 1012.516337
0.107598 -1.258801 -432.533218
0.000323 -0.003656 1.000000
-0.566950 -0.274029 113.684237
-0.469732 -0.141643 723.344705
-0.001280 -0.000708 1.000000
-0.028955 -1.405280 596.535701
0.050983 -0.816907 -369.139162
-0.000375 -0.002652 1.000000
-0.031838 -1.608990 528.900174
0.126696 -0.956532 -454.052784
0.000020 -0.002752 1.000000
-0.722689 -0.711801 1196.127601
-0.214250 -0.307637 -121.821404
-0.001172 -0.001056 1.000000
-0.295865 -0.790448 99.116099
-0.009551 -0.249427 -212.348960
-0.000870 -0.001490 1.000000
-0.565549 -0.944985 972.070318
-0.050533 -0.513377 -108.821139
-0.000680 -0.001660 1.000000
-0.551902 -0.608723 940.679663
-0.321695 -0.505508 70.180784
-0.001052 -0.001381 1.000000
-0.030996 -1.486854 -234.961407
-0.011565 -0.938677 -230.602409
0.000263 -0.002933 1.000000
0.003152 -1.630560 687.164239
0.082315 -0.885450 -146.207273
0.000017 -0.002619 1.000000
-0.361093 -1.333663 860.726933
-0.122775 -0.965668 -326.604941
-0.000485 -0.002440 1.000000
-0.338131 -0.875357 529.053703
-0.265932 -0.652108 -199.078785
-0.000868 -0.001802 1.000000
-0.352019 -0.716144 345.369469
-0.241888 -0.424146 -387.898174
-0.000722 -0.001627 1.000000
-0.010676 -1.031131 252.591591
0.130361 -0.695338 -87.052376
0.000223 -0.002583 1.000000
-0.207020 -1.480956 310.854330
0.143711 -1.122657 -101.839288
0.000103 -0.002749 1.000000
-0.316700 -1.004950 713.792008
-0.198939 -0.716525 -105.619793
-0.000758 -0.002166 1.000000
-0.403421 -0.857673 510.596145
-0.135333 -0.484548 -86.917267
-0.000658 -0.001645 1.000000
-0.473799 -0.595642 601.473031
-0.117482 -0.252526 56.688641
-0.000886 -0.001226 1.000000
0.041209 -1.224062 328.485325
-0.046021 -1.173340 115.143751
0.000027 -0.002774 1.000000
-0.459996 -1.546826 193.581908
-0.111996 -1.370354 -46.988996
-0.000451 -0.002890 1.000000
0.043161 -1.166326 269.713206
0.034469 -1.255099 -84.380320
-0.000014 -0.002885 1.000000
-0.295955 -1.176495 1030.938539
-0.058651 -0.592758 -81.526397
-0.000540 -0.002183 1.000000
0.015629 -1.612693 1657.366243
0.188086 -0.723653 241.973938
0.000106 -0.002717 1.000000
-0.156905 -1.293699 1039.187340
0.059914 -0.676582 -102.337738
-0.000204 -0.002712 1.000000
0.413576 -2.054051 1755.107545
0.252126 -1.215189 -984.655499
0.000505 -0.003757 1.000000
-0.200083 -1.297484 771.693088
-0.028192 -0.741210 -282.739040
-0.000195 -0.002710 1.000000
-0.543622 -0.776500 809.925401
-0.152913 -0.355936 14.620137
-0.000631 -0.001319 1.000000
2.354900 -6.194024 3302.645695
2.378339 -5.754465 -4096.238791
0.004961 -0.012365 1.000000
-0.114016 -1.084101 429.491047
-0.015550 -1.134580 -156.817904
-0.000406 -0.002577 1.000000
-0.273716 -1.114785 567.811984
-0.168792 -1.018290 -17.034820
-0.000711 -0.002211 1.000000
-0.089015 -1.366769 286.938654
-0.050502 -0.991735 -360.251981
-0.000162 -0.002310 1.000000
-0.025034 -1.368298 539.627457
0.123503 -1.143570 -96.190225
-0.000019 -0.002614 1.000000
-0.030277 -0.753445 300.182862
-0.103436 -0.412671 6.356246
-0.000496 -0.001750 1.000000
0.012337 -1.591669 565.467454
0.089859 -0.828453 -145.620105
0.000199 -0.002793 1.000000
0.188556 -3.058295 -181.830546
0.426379 -2.103328 -418.544293
0.000927 -0.005069 1.000000
-0.359642 -0.560100 523.048014
-0.343652 -0.475167 43.139017
-0.001059 -0.001372 1.000000
-0.700663 -0.531495 907.310599
-0.486137 -0.259127 34.854434
-0.001423 -0.000964 1.000000
0.224816 -1.932212 815.656805
0.100478 -1.027888 -569.709485
0.000309 -0.003425 1.000000
-0.750288 -0.784835 318.145543
-0.303424 -0.412757 20.684782
-0.001094 -0.001210 1.000000
0.129908 -1.068512 210.455490
0.104181 -0.689367 -214.140482
-0.000175 -0.002355 1.000000
-1.650078 1.078574 2025.897784
-1.066429 1.041405 442.824574
-0.003817 0.002610 1.000000
-0.489461 -1.395739 206.125091
-0.010188 -0.589306 -19.481814
-0.000731 -0.002120 1.000000
-0.276321 -1.544936 517.570253
-0.070538 -1.049406 -63.923596
-0.000442 -0.002805 1.000000
0.103957 -2.253171 520.157135
0.126039 -1.565171 -216.571768
0.000135 -0.003866 1.000000
0.570572 -2.320654 704.051782
0.291109 -1.495934 -115.600905
0.001051 -0.004520 1.000000
-0.494969 -1.586047 437.998426
-0.125296 -1.077932 -51.318097
-0.000500 -0.002410 1.000000
-0.213165 -1.265117 176.282455
-0.142022 -1.133970 90.157071
-0.000445 -0.002480 1.000000
-0.388094 -1.167264 877.319500
-0.156863 -0.663137 -118.666728
-0.000670 -0.001809 1.000000
