-0.243407 -1.281966 732.231891
-0.085410 -0.823767 -30.211583
-0.000244 -0.002215 1.000000
0.017928 -1.468410 968.484036
0.027081 -1.247005 -78.107465
0.000452 -0.003748 1.000000
-0.125141 -0.826267 140.680430
-0.093812 -0.978205 -45.922447
-0.000109 -0.002297 1.000000
-0.020037 -0.818100 -98.133567
-0.016140 -0.874572 49.905384
-0.000199 -0.002359 1.000000
1.638456 -3.515378 -492.938597
0.953509 -3.971353 -601.900431
0.003096 -0.007524 1.000000
-0.080220 -1.082631 98.988754
-0.088430 -0.782792 94.921788
-0.000119 -0.002393 1.000000
0.033973 -0.817222 119.267299
0.047014 -0.781035 16.834595
-0.000233 -0.002170 1.000000
-0.084455 -1.225525 231.711778
-0.150255 -1.185487 149.683262
-0.000332 -0.002427 1.000000
-0.264815 -0.837046 502.216576
-0.227686 -0.794780 -77.883998
-0.000669 -0.001792 1.000000
-0.755759 -0.720204 807.361058
-0.289278 -0.562459 -3.408160
-0.000952 -0.001327 1.000000
-0.107058 -0.948995 400.012790
-0.042861 -0.987051 -53.380096
-0.000218 -0.002306 1.000000
-0.020488 -0.612935 42.886400
-0.071841 -0.788107 108.475243
-0.000403 -0.002017 1.000000
-0.001037 -1.214800 840.980434
-0.058677 -0.544379 -14.880244
-0.000162 -0.002076 1.000000
-0.004495 -1.512768 582.870381
0.061717 -1.212356 -236.545992
-0.000061 -0.002750 1.000000
-0.095242 -0.672300 495.566277
-0.110502 -1.063338 130.281872
-0.000399 -0.002049 1.000000
-0.006754 -0.625828 125.085637
-0.094936 -0.644223 58.617721
-0.000320 -0.001947 1.000000
-0.187938 -0.705941 276.533910
-0.004155 -0.544019 -51.280493
-0.000170 -0.002004 1.000000
-0.244326 -0.831576 192.259251
-0.052585 -0.668152 11.495473
-0.000623 -0.001760 1.000000
-0.077240 -0.872206 -19.661908
0.051927 -1.038149 131.859642
-0.000205 -0.002222 1.000000
-0.283638 -1.034481 346.293087
-0.137164 -0.844402 39.656468
-0.000477 -0.002102 1.000000
-0.369067 -0.878717 356.466428
-0.247352 -0.769397 64.191966
-0.000553 -0.001724 1.000000
-0.401089 -0.593527 420.629408
-0.365560 -0.497044 104.167097
-0.000868 -0.001155 1.000000
5.941039 -9.737463 -3357.884900
4.866304 -8.763769 -723.158949
0.008371 -0.014183 1.000000
-0.232761 -0.740529 240.614435
-0.155608 -0.698414 48.632143
-0.000845 -0.001448 1.000000
-0.165307 -0.658760 348.473074
-0.226153 -0.660623 -91.525330
-0.000633 -0.001942 1.000000
-0.078950 -1.133755 439.542834
-0.066955 -1.036944 36.302164
-0.000347 -0.002317 1.000000
-0.159706 -0.759438 23.754179
-0.061178 -0.523132 6.246708
-0.000373 -0.001951 1.000000
-0.128192 -0.638232 224.224584
-0.090935 -0.931809 148.681339
-0.000291 -0.002054 1.000000
-0.028746 -0.903303 214.584263
-0.022032 -0.725397 -102.874121
-0.000373 -0.002003 1.000000
0.079086 -0.842341 371.146501
-0.099103 -1.245036 193.802579
-0.000122 -0.002425 1.000000
-0.266300 -0.857801 350.900377
-0.197974 -1.033436 139.823925
-0.000623 -0.001979 1.000000
-0.144517 -0.943191 413.119772
-0.176528 -1.109269 110.139217
-0.000445 -0.002161 1.000000
-0.190636 -0.774614 492.710651
-0.247710 -0.656853 58.241516
-0.000439 -0.001831 1.000000
0.099078 -1.004256 637.445155
0.086698 -0.687504 -137.720492
-0.000047 -0.002311 1.000000
-0.275160 -0.671651 390.776939
-0.264856 -0.859130 113.585184
-0.000762 -0.001602 1.000000
-0.156436 -0.963218 529.603787
-0.150426 -0.839232 48.627905
-0.000252 -0.002149 1.000000
-0.048620 -0.881212 133.281273
-0.112148 -0.902463 43.205825
-0.000491 -0.002070 1.000000
-0.056633 -0.612776 146.205369
-0.008826 -0.582162 -24.690715
-0.000066 -0.002133 1.000000
-0.012097 -0.600183 106.827561
-0.089024 -0.440839 34.559383
-0.000598 -0.001743 1.000000
-0.158693 -0.620428 -5.831315
-0.076456 -0.569576 92.022301
-0.000443 -0.001858 1.000000
0.223493 -1.445659 721.180995
0.119778 -1.066348 -42.876794
0.000240 -0.002937 1.000000
-0.243248 -0.962279 281.998300
-0.168968 -0.626612 108.475143
-0.000345 -0.001877 1.000000
-0.020336 -0.633282 281.360734
-0.120287 -0.384226 -11.274650
-0.000408 -0.001710 1.000000
-0.042943 -0.468322 195.303643
-0.067308 -0.321864 -20.378538
-0.000387 -0.001633 1.000000
-0.073983 -0.571139 208.332152
0.029433 -0.432355 11.822128
-0.000346 -0.001663 1.000000
-0.031221 -0.644033 356.133395
-0.127138 -0.568632 -78.528754
-0.000437 -0.001854 1.000000
-0.002978 -0.760623 432.547651
-0.089546 -0.535484 15.871701
-0.000364 -0.001868 1.000000
-0.097648 -0.813098 398.429148
-0.051956 -0.749771 -102.079472
-0.000324 -0.002264 1.000000
0.177672 -0.781202 326.192233
-0.012324 -0.606350 -156.243543
-0.000261 -0.002124 1.000000
0.028020 -0.879680 169.241930
0.014964 -0.538312 11.455188
-0.000376 -0.001903 1.000000
-0.148598 -0.501486 342.817583
-0.080398 -0.502099 -68.872485
-0.000619 -0.001704 1.000000
-0.355073 -0.581878 692.235639
-0.167984 -0.579803 -130.401747
-0.000781 -0.001577 1.000000
-0.273160 -0.437687 116.531296
-0.140151 -0.286040 -35.429509
-0.000906 -0.001182 1.000000
0.062361 -0.752678 20.686494
-0.022923 -0.709275 -175.203647
-0.000188 -0.002278 1.000000
0.077233 -1.038652 126.919340
-0.026621 -0.795172 22.790651
-0.000235 -0.002115 1.000000
-0.064246 -0.765636 336.260393
-0.047893 -0.588114 -8.944559
-0.000355 -0.001840 1.000000
0.144021 -1.182031 518.142508
0.053573 -0.828436 -0.660295
0.000088 -0.002580 1.000000
0.055391 -1.350478 471.255738
0.037882 -0.861226 3.488884
0.000033 -0.002641 1.000000
-0.017263 -1.290283 504.289592
-0.065622 -0.621663 42.370633
-0.000068 -0.002280 1.000000
-0.186995 -1.055244 562.600382
-0.045142 -0.916197 62.033597
-0.000249 -0.002295 1.000000
-0.063423 -1.634614 505.758757
0.229235 -1.432639 -86.930104
0.000555 -0.003545 1.000000
0.424829 -0.972765 384.528753
0.026904 0.047366 66.470583
-0.000029 -0.001549 1.000000
0.361406 -3.218525 1192.155214
0.704574 -3.331257 140.070186
0.002067 -0.006142 1.000000
0.363123 -0.903516 381.834543
0.135499 -0.330498 -17.737337
0.000080 -0.001970 1.000000
0.085717 -1.029288 391.004254
0.138086 -0.634316 -123.566145
-0.000031 -0.002442 1.000000
0.194067 -1.253045 572.846456
0.229923 -0.580355 -41.874387
0.000289 -0.002407 1.000000
0.385809 -1.515079 587.205837
0.244423 -0.819063 0.783305
0.000421 -0.002668 1.000000
0.185952 -1.102044 445.265132
0.026813 -0.157596 -59.026179
-0.000116 -0.002014 1.000000
0.417805 0.287689 -115.548886
-0.412296 1.078558 14.961692
-0.001085 0.000391 1.000000
0.450861 -0.725517 249.673243
0.039867 0.080973 57.331736
-0.000174 -0.001359 1.000000
0.730424 -0.131378 136.458758
-0.009789 1.031493 13.686981
-0.000056 -0.000176 1.000000
0.502005 -0.869906 377.815301
0.154541 -0.060777 106.879792
0.000215 -0.001598 1.000000
0.851546 -0.299826 -0.547633
-0.018589 0.498963 -107.887555
0.000030 -0.001135 1.000000
-0.087799 -1.004472 409.275759
-0.036890 -0.977599 -387.435413
-0.000147 -0.002440 1.000000
0.061200 -1.226707 558.628000
0.013091 -0.705078 -153.035100
-0.000045 -0.002431 1.000000
0.109363 -1.007641 364.692309
-0.077531 -1.044394 -200.185689
-0.000359 -0.002513 1.000000
0.442422 -0.127059 66.730297
-0.267904 0.744349 9.160845
-0.000667 -0.000350 1.000000
0.416874 -0.054759 38.820951
-0.284710 0.705396 43.964674
-0.000650 -0.000361 1.000000
0.267050 -1.026822 356.841361
-0.122983 -0.153086 106.010783
-0.000126 -0.001822 1.000000
0.744061 -0.421887 162.466191
-0.014442 0.572154 99.710427
0.000095 -0.000794 1.000000
0.760092 -0.494858 185.505110
0.070666 0.425379 69.922719
0.000177 -0.001048 1.000000
0.549017 -0.368262 201.024676
-0.056892 0.517003 97.227339
-0.000087 -0.000732 1.000000
0.260261 -0.285899 274.263314
-0.221900 0.590268 165.931489
-0.000469 -0.000431 1.000000
0.036509 -1.308520 451.843938
-0.050756 -0.398547 -32.959474
-0.000176 -0.002366 1.000000
-0.348989 -1.568005 516.606533
0.350904 -1.907337 99.342723
0.000438 -0.004099 1.000000
-0.211574 -0.628406 287.781632
-0.157750 -0.490113 176.452673
-0.000614 -0.001549 1.000000
-0.023145 -1.015514 393.703117
-0.029004 -0.445672 24.965498
-0.000241 -0.002128 1.000000
0.031638 -0.917110 241.206588
-0.035746 -0.716305 30.851830
-0.000280 -0.002219 1.000000
-0.208611 -0.427329 131.729423
-0.115208 -0.294872 84.892400
-0.000770 -0.001264 1.000000
0.457295 -1.059685 391.986322
0.225969 -0.347671 24.924336
0.000420 -0.002150 1.000000
0.392783 -0.853780 319.208540
0.198069 -0.344712 30.975197
0.000204 -0.001984 1.000000
0.180413 -1.132372 501.000616
0.081489 -0.499566 39.874605
0.000153 -0.002181 1.000000
0.236601 -0.723880 329.955798
0.059308 -0.206044 84.934214
-0.000034 -0.001578 1.000000
-0.083359 -0.438998 119.755732
-0.101769 -0.299881 52.748591
-0.000565 -0.001422 1.000000
-0.137158 -0.779325 253.735922
-0.008304 -0.506091 -68.469024
-0.000529 -0.001853 1.000000
-0.008446 -1.393695 445.116931
0.007985 -0.819944 -42.078097
0.000104 -0.002647 1.000000
0.046712 -1.110206 480.917284
0.069643 -0.735207 -195.750867
0.000092 -0.002476 1.000000
-0.064201 -1.120229 595.035755
0.155114 -0.666439 -123.132203
0.000090 -0.002420 1.000000
-0.032821 -1.171300 566.395050
0.117936 -0.500155 -87.079575
-0.000060 -0.002170 1.000000
0.362349 -0.995496 339.654844
0.109599 -0.288707 16.977474
0.000218 -0.002055 1.000000
0.104001 -1.079424 307.937968
0.003962 -0.662998 114.312930
-0.000033 -0.002202 1.000000
0.632723 -0.875331 271.139182
0.194678 -0.062374 37.150823
0.000395 -0.001833 1.000000
0.462960 -1.056946 337.651607
0.135792 -0.470677 81.894110
0.000337 -0.002237 1.000000
0.618067 -0.655752 208.056878
0.145913 -0.099114 106.489298
0.000266 -0.001615 1.000000
0.280500 -0.987199 292.334935
0.051153 -0.478637 124.236652
0.000008 -0.002004 1.000000
-1.529557 0.786834 -460.118183
-0.573569 -0.272977 205.357534
-0.002369 0.000055 1.000000
-0.295984 -0.625810 86.927096
-0.277903 -0.624921 87.490656
-0.000883 -0.001652 1.000000
0.261569 -0.807547 293.026089
0.023189 -0.298237 121.460870
-0.000055 -0.001668 1.000000
0.087533 -0.979085 356.963524
-0.018939 -0.608191 129.156465
-0.000143 -0.001988 1.000000
0.197851 -1.143949 440.394341
0.146556 -0.596845 10.770232
0.000312 -0.002359 1.000000
0.688369 -0.159167 127.727019
-0.111825 0.780050 45.611604
-0.000113 -0.000314 1.000000
1.000000 0.000000 0.000000
0.000000 1.000000 -0.000000
0.000000 0.000000 1.000000
0.406660 -0.833503 318.665867
0.073600 0.078980 -36.238376
0.000148 -0.001671 1.000000
0.063547 -1.266827 571.556979
-0.080029 -0.778887 89.978511
-0.000087 -0.002244 1.000000
0.074127 -1.255098 516.399732
0.078931 -0.538523 0.155773
0.000067 -0.002358 1.000000
0.000729 -1.080395 352.483098
-0.114997 -0.641874 12.210051
-0.000223 -0.002316 1.000000
-0.143890 -1.571352 550.854861
0.023705 -1.114335 81.126072
-0.000104 -0.002754 1.000000
-0.128075 -1.345893 616.589112
-0.037807 -0.444045 -2.455733
0.000086 -0.002446 1.000000
-0.245958 -0.928128 413.508759
-0.111216 -0.709126 34.389353
-0.000401 -0.002062 1.000000
0.102361 -1.077346 391.474082
-0.054186 -0.883280 33.590991
-0.000124 -0.002438 1.000000
-0.000615 -1.063776 348.867883
-0.168822 -0.749171 126.655201
-0.000420 -0.001986 1.000000
-0.285948 -1.224686 481.140967
-0.253591 -1.079665 186.810242
-0.000462 -0.002276 1.000000
0.185709 -1.022924 416.092859
0.008364 -0.683940 -51.189517
-0.000066 -0.002290 1.000000
-0.194379 -0.949014 581.941944
-0.135869 -0.666283 102.766484
-0.000401 -0.001700 1.000000
0.020297 -1.322780 427.034362
-0.031533 -0.649936 -38.728968
-0.000008 -0.002313 1.000000
-0.147235 -0.830526 339.649966
-0.056116 -0.540217 1.109287
-0.000479 -0.001631 1.000000
-0.006247 -1.086272 311.573207
-0.049085 -0.646127 94.087691
-0.000164 -0.002067 1.000000
0.098120 -1.193745 516.221310
-0.030436 -0.821513 26.115255
0.000023 -0.002339 1.000000
-0.151822 -0.738728 359.929918
-0.118985 -0.801490 60.928098
-0.000397 -0.001878 1.000000
0.162559 -1.195010 467.154795
-0.010872 -0.966030 66.546207
-0.000067 -0.002370 1.000000
-0.123867 -0.639645 257.439698
-0.194509 -0.694834 110.406957
-0.000392 -0.001824 1.000000
-0.140225 -1.011699 442.634372
-0.089933 -0.881182 -108.507345
-0.000160 -0.002202 1.000000
-0.121867 -1.195984 232.904747
-0.037474 -0.985146 29.707301
-0.000230 -0.002309 1.000000
-0.478574 -1.169583 538.362287
-0.027736 -0.908672 -180.216173
-0.000557 -0.002215 1.000000
-0.051335 -1.147127 398.277612
-0.080934 -0.708327 122.086953
-0.000195 -0.002013 1.000000
-0.101898 -1.190653 403.825231
-0.043976 -0.771776 26.726057
-0.000165 -0.002237 1.000000
-0.217751 -1.213207 505.153295
-0.116121 -0.762343 166.109504
-0.000277 -0.002062 1.000000
-0.022127 -0.911069 320.329120
-0.102282 -0.597662 79.492003
-0.000319 -0.001898 1.000000
-0.198418 -0.869183 399.324630
-0.229828 -0.864178 141.223890
-0.000493 -0.002092 1.000000
-0.365768 -1.111192 625.709572
-0.209519 -0.658095 -94.427651
-0.000668 -0.001602 1.000000
-0.409244 -1.545283 1089.347522
-0.016380 -0.888278 -7.095167
-0.000222 -0.002601 1.000000
-0.320784 -1.019958 727.511968
-0.188597 -0.848546 36.030716
-0.000523 -0.002431 1.000000
-0.301640 -0.672862 431.802107
-0.153938 -0.641298 20.825818
-0.000527 -0.001837 1.000000
0.513514 -1.771798 615.676939
-0.037834 -1.038629 -435.798190
0.000316 -0.003024 1.000000
-0.312241 -0.996099 810.447775
-0.223682 -0.554582 123.078463
-0.000618 -0.001740 1.000000
-0.308593 -0.558664 262.657665
-0.206735 -0.782281 111.736001
-0.000702 -0.001647 1.000000
-0.147710 -0.905991 542.840618
-0.072764 -1.046724 31.431407
-0.000405 -0.002200 1.000000
-0.039746 -1.138595 487.925218
-0.132173 -1.398350 106.548129
-0.000253 -0.002801 1.000000
-0.095506 -0.812356 234.844461
-0.173985 -0.527742 188.834561
-0.000496 -0.001555 1.000000
-0.064146 -0.981005 100.625299
-0.165977 -0.703274 100.215311
-0.000430 -0.001889 1.000000
-0.459825 -0.767294 691.667477
-0.234314 -0.618225 -158.488999
-0.000753 -0.001486 1.000000
-0.353873 -0.966414 904.373520
-0.140749 -0.435051 -63.776967
-0.000659 -0.001765 1.000000
-0.337390 -0.768253 102.760275
-0.208808 -0.660295 -119.808031
-0.000844 -0.001549 1.000000
-0.935770 -0.320285 1035.009170
-0.467898 -0.213254 -34.650829
-0.001881 -0.000431 1.000000
-0.233838 -1.278972 1046.711550
0.179320 -0.689385 25.207202
-0.000113 -0.002148 1.000000
-0.608091 -0.773501 828.896691
-0.069770 -0.834687 181.125425
-0.000684 -0.002055 1.000000
-0.274893 -1.087155 991.171510
-0.160337 -0.799317 29.922463
-0.000419 -0.002242 1.000000
-0.767896 -0.850465 1075.762603
-0.234193 -0.340209 50.597185
-0.000999 -0.001181 1.000000
-0.102376 -1.607287 838.208996
-0.009161 -0.930688 -22.280934
-0.000061 -0.002465 1.000000
-0.361784 -0.769672 271.493059
-0.300446 -0.922873 236.295169
-0.000742 -0.001731 1.000000
-0.042316 -0.874014 393.375803
-0.052107 -0.664184 34.177529
-0.000416 -0.001778 1.000000
-0.116402 -1.276459 595.387307
-0.013584 -0.707712 -0.581290
-0.000174 -0.002369 1.000000
0.551502 -0.501649 203.542664
0.029919 0.455123 -25.175337
0.000085 -0.001039 1.000000
0.290739 -1.366250 47.188103
0.105044 -0.855871 73.466758
0.000479 -0.003278 1.000000
-0.082099 -0.529143 159.698517
-0.069587 -0.693640 64.065513
-0.000396 -0.001913 1.000000
-0.018138 -0.522731 87.439597
-0.002400 -0.759933 73.547259
-0.000186 -0.002125 1.000000
-0.821468 0.695034 3235.935212
-3.028679 2.924877 -4942.505299
-0.006090 0.005316 1.000000
0.019642 -1.227385 -200.075323
0.188025 -1.218302 -20.086433
0.000388 -0.003198 1.000000
0.963782 -0.476584 191.063924
0.168927 0.725515 -106.857216
0.000466 -0.000891 1.000000
0.407027 -0.321154 306.344050
-0.018014 0.633388 -3.440677
-0.000245 -0.000530 1.000000
-0.540009 -0.962575 445.756455
-0.216976 -0.848550 50.331483
-0.000782 -0.001808 1.000000
-0.415603 -0.664333 244.452453
-0.156062 -1.101190 103.604118
-0.000804 -0.001921 1.000000
-0.102673 -0.672092 172.919771
-0.089993 -1.070127 106.743234
-0.000175 -0.002365 1.000000
-0.339885 -0.225756 741.159043
-0.290692 -0.381479 268.904966
-0.001313 -0.001058 1.000000
-0.346835 -0.974385 32.060343
-0.135036 -0.874863 156.773905
-0.000817 -0.001662 1.000000
-0.174364 -0.749280 128.405044
-0.035740 -0.929889 150.259726
-0.000510 -0.001758 1.000000
0.020658 -1.582350 453.925971
0.016172 -1.451781 238.084309
-0.000169 -0.002668 1.000000
-0.016230 -0.919249 220.736993
-0.052349 -0.660971 -13.139881
-0.000139 -0.002297 1.000000
-0.068742 -1.220993 20.510347
-0.121284 -0.967180 186.200014
-0.000242 -0.002521 1.000000
-0.280942 -0.710422 176.187454
-0.224011 -0.701869 98.061828
-0.000657 -0.001844 1.000000
-0.086359 -0.914833 82.792331
0.058025 -1.178605 206.524085
-0.000206 -0.002466 1.000000
-0.114967 -0.951028 6.706596
-0.096410 -1.079507 164.662575
-0.000259 -0.002382 1.000000
0.745328 -0.350454 127.261882
0.086849 0.647101 -31.508202
0.000213 -0.000775 1.000000
0.265205 -1.906241 553.093373
0.211087 -1.103239 -67.433491
0.000431 -0.003398 1.000000
-0.017468 -1.240613 461.783419
-0.086701 -0.524997 78.356137
-0.000129 -0.002179 1.000000
-0.130271 -0.796382 83.215538
-0.331341 -0.482078 65.420428
-0.000806 -0.001763 1.000000
0.069327 -0.842584 65.947604
-0.059557 -0.832392 79.008375
-0.000282 -0.002341 1.000000
-0.278266 -0.635230 267.427240
-0.274363 -0.717409 3.910133
-0.000898 -0.001413 1.000000
-0.227001 -1.212714 243.808956
-0.077933 -1.073046 -95.482066
-0.000480 -0.002510 1.000000
0.137278 -1.192764 -258.704310
-0.178515 -1.075147 276.952809
0.000290 -0.002825 1.000000
-0.968321 -0.401575 831.746307
-0.535960 -0.377467 38.585188
-0.001406 -0.000710 1.000000
-0.190998 -0.854813 215.695475
-0.164340 -0.936587 -41.291382
-0.000419 -0.002087 1.000000
0.248243 -1.076731 157.700528
-0.060628 -0.888848 -121.439437
-0.000263 -0.002490 1.000000
-0.338137 -1.253885 72.655816
-0.055177 -0.818546 -408.312602
-0.000735 -0.002144 1.000000
-0.200892 -0.775334 1747.243761
-0.382001 -0.835389 84.731547
-0.000641 -0.001804 1.000000
-0.217408 -0.560462 -24.899276
-0.230305 -0.982768 616.020258
-0.000505 -0.001750 1.000000
-0.406108 -0.650665 912.351726
-0.268304 -0.723361 106.900505
-0.000678 -0.001410 1.000000
-0.991498 -0.385202 1031.941366
-0.463778 -0.542474 271.533566
-0.001320 -0.000651 1.000000
-0.313867 -0.255501 40.092418
-0.465013 -0.114932 -24.006329
-0.001543 -0.000415 1.000000
-0.128288 -0.671260 100.177597
-0.165874 -0.690419 140.988919
-0.000560 -0.001802 1.000000
-0.202641 -0.732017 591.304289
-0.390473 -1.040022 278.689499
-0.000557 -0.001834 1.000000
-1.125549 0.231911 1829.575842
-0.817256 0.043431 -1841.652538
-0.001953 0.000198 1.000000
-0.784030 -0.980540 962.421187
-0.060736 -0.352765 34.881320
-0.000840 -0.001373 1.000000
51.480292 -57.814657 53204.330924
19.670314 -33.134627 -41435.732834
0.075823 -0.100886 1.000000
-0.094113 -1.250729 752.045789
-0.018300 -1.050574 132.458561
-0.000201 -0.002424 1.000000
-0.587830 -1.349849 972.597947
-0.055902 -0.744523 54.226195
-0.000629 -0.001963 1.000000
-0.267464 -1.050824 544.738961
-0.274088 -0.612116 10.652933
-0.000750 -0.001622 1.000000
-0.535810 -1.259667 928.113047
-0.055729 -0.509138 -3.527138
-0.000715 -0.001693 1.000000
-0.561996 -1.204251 1035.491937
-0.119687 -0.695567 82.782215
-0.000583 -0.001764 1.000000
-0.674305 -0.679651 911.753955
-0.086392 -0.946849 92.718036
-0.000709 -0.001854 1.000000
-0.396200 -0.716605 661.489356
-0.404765 -0.943969 143.763572
-0.000717 -0.001688 1.000000
-0.478232 -0.950607 378.487254
-0.174864 -0.606345 -104.775480
-0.000873 -0.001596 1.000000
0.577331 -2.545642 1586.112647
0.296964 -1.651503 1189.552584
0.001103 -0.004146 1.000000
-47.719617 74.506929 84923.097675
-40.114281 81.113581 17533.735919
-0.107344 0.145103 1.000000
-0.892790 -0.749380 709.762990
-0.655265 -0.822431 261.212405
-0.001371 -0.001423 1.000000
-0.705907 -1.089248 1026.936590
-0.139828 -0.554116 47.393114
-0.000782 -0.001505 1.000000
1.284129 -3.756068 2031.368968
0.013338 -1.420620 1538.760651
0.002530 -0.006542 1.000000
-0.209131 -0.893260 498.168632
-0.208191 -0.516316 -12.729848
-0.000651 -0.001777 1.000000
0.052950 -1.022449 736.186822
-0.023834 -0.781386 -0.163108
-0.000111 -0.002092 1.000000
-0.529412 -0.775928 920.671240
-0.428036 -0.819778 1214.245999
-0.000960 -0.001295 1.000000
-0.411093 -1.219830 893.529488
-0.129588 -0.735136 86.111059
-0.000527 -0.001820 1.000000
-0.079375 -1.149576 473.458600
0.247627 -1.330583 -312.315361
0.000199 -0.002581 1.000000
-0.178168 -1.372964 1011.725507
0.023686 -0.626167 48.637335
-0.000348 -0.002052 1.000000
0.210882 -1.641994 1049.489612
0.065404 -1.076762 -472.735726
0.000495 -0.002970 1.000000
-0.157020 -0.734103 370.739188
-0.015056 -0.366691 49.478899
-0.000307 -0.001744 1.000000
-0.158982 -1.579851 1008.174024
-0.020694 -0.477112 46.381779
-0.000169 -0.001970 1.000000
-0.349720 -1.288152 1185.613860
-0.203120 -0.582891 243.606048
-0.000550 -0.001913 1.000000
-0.338488 -0.892072 804.750483
-0.314281 -0.655750 -72.242302
-0.000820 -0.001658 1.000000
-0.560475 -1.012688 841.675955
-0.052082 -0.745806 108.668494
-0.000654 -0.001819 1.000000
-0.550549 -1.022426 912.585869
-0.079818 -0.972514 95.423559
-0.000652 -0.002122 1.000000
-0.528500 -0.912709 761.535952
-0.178486 -0.488425 93.873424
-0.000621 -0.001568 1.000000
-0.512108 -1.026298 653.519703
-0.250636 -0.772469 62.798757
-0.000757 -0.001674 1.000000
-0.334995 -1.145936 884.668535
-0.126798 -0.454056 84.891075
-0.000395 -0.001765 1.000000
-0.366839 -1.286969 726.905940
0.038186 -1.192359 50.794981
-0.000536 -0.002156 1.000000
-0.547861 -1.231102 951.895527
-0.096077 -0.466992 47.966742
-0.000617 -0.001763 1.000000
-0.238636 -1.394954 859.271726
-0.057061 -0.711118 2.768792
-0.000310 -0.002091 1.000000
-0.943876 -0.427267 125.400257
-0.394546 -0.361759 -84.923200
-0.001324 -0.000856 1.000000
-0.684876 -0.729809 977.751533
-0.233060 -0.282880 2.634743
-0.001013 -0.001163 1.000000
4.529711 -6.879162 -4440.631339
2.554878 -4.515627 -517.562274
0.010140 -0.014162 1.000000
-0.647641 -1.147643 992.105760
-0.107621 -0.434359 74.704995
-0.000765 -0.001384 1.000000
-0.479140 -1.070719 983.608438
-0.108607 -0.639272 -101.212440
-0.000545 -0.001708 1.000000
-0.644927 -1.026830 831.083128
-0.235145 -0.637296 102.758225
-0.000795 -0.001575 1.000000
-0.133264 -1.041409 303.932178
-0.027967 -0.487113 -41.723403
-0.000504 -0.001832 1.000000
-0.608163 -0.912069 776.400063
-0.169504 -0.598802 -0.529698
-0.000819 -0.001438 1.000000
-0.693704 -0.750841 773.192642
-0.213249 -0.460636 36.326830
-0.000874 -0.001156 1.000000
-0.561903 -0.731666 549.884125
-0.147021 -0.654669 -12.238415
-0.000733 -0.001595 1.000000
-0.163346 -1.557586 584.616584
-0.072893 -1.178309 82.818760
-0.000215 -0.002611 1.000000
-0.270774 -0.599014 370.984561
-0.113044 -0.677554 -25.472883
-0.000693 -0.001684 1.000000
-0.232083 -1.026493 527.755931
-0.147100 -0.942837 106.458550
-0.000495 -0.001823 1.000000
-0.638379 -0.329296 368.030827
-0.301201 -0.465120 3.412505
-0.001266 -0.000999 1.000000
-0.019231 -1.207042 407.501749
0.054919 -0.988049 -8.463874
-0.000129 -0.002455 1.000000
-0.229814 -0.841842 639.752419
-0.079501 -0.895431 42.859720
-0.000512 -0.002031 1.000000
-0.367527 -1.034551 717.735796
-0.123362 -0.757682 -27.617024
-0.000611 -0.001945 1.000000
-0.086969 -1.426759 510.755286
-0.050028 -1.046974 -0.209047
-0.000412 -0.002175 1.000000
-0.201969 -0.964013 542.691110
-0.054765 -1.168251 9.210904
-0.000523 -0.002183 1.000000
0.030038 -1.467565 440.270341
0.074356 -1.763079 217.645542
0.000085 -0.002966 1.000000
-0.121933 -1.195283 462.907722
-0.091069 -1.221441 -40.983508
-0.000303 -0.002579 1.000000
-0.041598 -0.780851 296.953884
-0.117510 -0.894676 51.478309
-0.000435 -0.001979 1.000000
-0.666395 -1.425285 998.532564
-0.143599 -0.618706 11.675731
-0.000587 -0.001829 1.000000
-0.390077 -0.767448 502.355910
0.013078 -0.209398 -84.023529
-0.000642 -0.001342 1.000000
0.222543 -1.502949 720.723258
0.054446 -0.646396 -125.011386
0.000290 -0.002609 1.000000
-0.047071 -1.191133 232.412288
0.010001 -0.917882 7.562368
-0.000345 -0.002136 1.000000
-0.143991 -1.580717 968.861586
0.010896 -0.674352 16.259801
-0.000083 -0.002188 1.000000
-0.483572 -0.827760 457.097502
-0.115594 -0.707138 -23.037370
-0.000770 -0.001719 1.000000
-0.024259 -1.033449 404.667624
-0.098684 -1.089656 137.772517
-0.000317 -0.002168 1.000000
0.050999 -1.143707 539.990680
0.093684 -1.454134 115.722886
0.000078 -0.002861 1.000000
0.149771 -0.849773 217.833855
-0.046412 -1.243708 219.627874
-0.000169 -0.002289 1.000000
-0.305311 -1.410068 372.858445
-0.107590 -1.521161 99.809503
-0.000505 -0.002578 1.000000
-0.005874 -1.028893 404.802172
0.010738 -0.972740 84.467575
-0.000184 -0.002184 1.000000
-0.069195 -0.620291 191.409265
-0.155105 -0.615288 -50.832182
-0.000605 -0.001688 1.000000
0.006456 -1.031108 325.616342
-0.033145 -1.079016 29.116442
-0.000455 -0.001995 1.000000
0.246220 -0.543256 313.174920
0.025483 0.247441 -23.214858
-0.000198 -0.001150 1.000000
0.288848 -1.372097 367.616372
-0.020444 -0.762023 -65.711406
-0.000004 -0.002423 1.000000
-0.583348 -0.890190 792.657202
-0.301765 -0.786315 115.760794
-0.000983 -0.001534 1.000000
-0.255757 -0.701670 365.188914
-0.200146 -0.524807 46.650641
-0.000576 -0.001628 1.000000
0.087587 -1.685349 487.251432
0.113043 -1.139560 -110.619861
0.000061 -0.002776 1.000000
-0.257626 -0.631982 232.397597
-0.219439 -0.632409 120.325402
-0.000658 -0.001533 1.000000
-0.619985 -0.996532 681.400909
-0.213105 -0.531687 -12.671779
-0.000882 -0.001572 1.000000
-0.078344 -1.201001 304.616069
0.099947 -0.935738 -11.808397
-0.000143 -0.002399 1.000000
-0.188155 -0.947335 251.929977
-0.115925 -1.002524 63.467024
-0.000478 -0.002120 1.000000
-0.174338 -0.854870 430.068798
-0.251566 -0.892314 182.722263
-0.000407 -0.001993 1.000000
-0.062134 -0.399108 70.600778
-0.259204 -0.711864 104.573109
-0.000416 -0.001720 1.000000
-0.107519 -1.073873 605.314409
-0.002891 -0.875043 -98.436320
-0.000413 -0.001969 1.000000
-0.163522 -0.769517 132.759521
-0.227282 -0.739528 230.925873
-0.000493 -0.001772 1.000000
-0.223141 -1.074799 714.569627
-0.009205 -0.885471 48.961067
-0.000422 -0.001972 1.000000
