0.841989 -2.468898 274.227626
0.291738 -1.389637 -313.236085
0.001056 -0.004304 1.000000
0.043576 -2.540661 215.856437
0.165345 -1.807855 -357.607985
0.000421 -0.004247 1.000000
0.298896 -1.400190 524.643035
-0.041338 -1.089597 -64.836158
0.000049 -0.002789 1.000000
0.778580 -3.644226 360.454756
0.512259 -3.024219 -933.008871
0.002524 -0.007218 1.000000
-1.521523 2.637750 518.111409
-1.573673 2.378184 2069.195013
-0.003974 0.005129 1.000000
7.479722 -26.783427 10214.393531
10.098728 -28.561068 -8254.769120
0.026147 -0.059174 1.000000
-0.109730 -1.014530 161.777389
-0.144880 -0.634069 -206.323387
-0.000269 -0.002173 1.000000
1.477787 -5.180932 575.707351
0.885418 -3.516086 -1850.153018
0.003565 -0.008751 1.000000
0.501699 -2.312585 74.007194
0.331774 -1.594415 -904.599154
0.001225 -0.004911 1.000000
-2.145666 1.882820 -593.609096
-0.959705 0.659924 1201.800838
-0.003653 0.003453 1.000000
0.030436 -1.419443 7.385785
-0.014026 -0.702464 -390.183980
0.000103 -0.002765 1.000000
-0.167913 -1.120620 -541.907592
-0.108551 -0.802013 -814.487661
-0.000120 -0.002369 1.000000
4.667888 -12.555965 575.169288
3.621528 -5.829344 -6710.026062
0.011257 -0.019668 1.000000
-1.722701 0.340545 562.324612
-0.985458 -0.047307 1390.591545
-0.002598 0.001031 1.000000
0.088887 -2.062734 1123.505173
-0.001881 -1.436422 -296.427921
0.000225 -0.003541 1.000000
1.083816 -3.378058 251.383136
0.512150 -2.895494 -1253.944518
0.001487 -0.006175 1.000000
-6.724846 8.112266 -3497.031819
-5.343184 7.846207 5065.199562
-0.013024 0.019479 1.000000
-13.027618 16.620951 -9323.514873
-6.962187 11.567500 11275.110232
-0.025919 0.039926 1.000000
-11.475968 12.911984 1927.745404
-4.158487 18.226963 10219.251410
-0.016925 0.035665 1.000000
2.380279 -6.470193 636.434032
1.238125 -4.601962 -1677.450584
0.004062 -0.011061 1.000000
0.524323 -2.362077 -111.869076
0.490306 -1.776319 -1421.687522
0.001373 -0.004865 1.000000
0.256215 -2.047681 1730.279561
0.174385 -1.301484 -568.759592
0.000723 -0.003568 1.000000
-5.991581 6.647304 -8645.633276
-3.049642 2.614166 4026.713696
-0.010544 0.013548 1.000000
1.370660 -3.643853 1734.437522
1.226969 -3.193030 -976.707789
0.003561 -0.008980 1.000000
-1.854691 0.735934 1360.464585
-1.139242 0.605088 1379.718688
-0.002942 0.001701 1.000000
0.049403 -1.479068 751.552745
-0.096305 -1.355525 -106.039647
-0.000048 -0.002860 1.000000
0.373285 -2.094547 -492.420114
0.027889 -1.682009 -273.546454
0.000512 -0.003738 1.000000
-0.220681 -1.924357 694.622652
0.172182 -1.524954 -842.212712
0.001194 -0.004657 1.000000
1.065225 -3.757145 313.711418
0.689588 -2.962770 -852.923306
0.002065 -0.006961 1.000000
-0.449636 -0.816435 282.528508
-0.328751 -0.665348 136.986483
-0.000732 -0.001569 1.000000
5.621260 -10.343088 -653.915830
4.747828 -8.643157 -5907.248439
0.011559 -0.021080 1.000000
-0.559452 -0.495135 -361.295226
-0.407310 -0.451272 496.168892
-0.001119 -0.000999 1.000000
-0.430697 -1.038627 624.883111
-0.234657 -0.824911 -341.013250
-0.000547 -0.002154 1.000000
-1.156679 0.693362 768.196972
-1.175988 0.592324 1982.050068
-0.002489 0.001417 1.000000
-0.359837 -1.219325 1506.720897
-0.092435 -0.810150 18.936242
-0.000445 -0.002031 1.000000
0.589593 -2.699010 -1292.778554
0.208183 -2.213288 -754.342342
0.001579 -0.005941 1.000000
-0.536397 -0.765021 554.524062
-0.352174 -0.515020 24.051667
-0.000907 -0.001366 1.000000
-1.879902 1.081522 2410.010875
-0.686256 0.685359 -412.103206
-0.002970 0.001956 1.000000
-0.217252 -1.221472 26.265044
-0.074734 -0.803874 -179.491426
-0.000476 -0.002227 1.000000
-1.471294 0.541617 1841.420110
-0.642444 0.831312 954.022812
-0.002403 0.001775 1.000000
8.364407 -15.534947 8108.915399
6.264706 -11.352023 -5609.586764
0.014968 -0.027777 1.000000
0.806741 -3.079236 -1271.834940
0.242292 -2.336380 -1386.690802
0.001695 -0.006637 1.000000
-0.357817 -0.773261 585.184296
-0.263583 -0.679042 48.906594
-0.000727 -0.001757 1.000000
-0.539514 -1.050760 -61.890055
-0.318479 -0.605818 1662.503509
-0.000714 -0.001622 1.000000
-0.080010 -1.437145 510.580304
-0.000822 -0.418713 -189.716221
0.000169 -0.002547 1.000000
0.816929 -3.310721 1002.236933
0.469132 -3.324643 -787.945857
0.001552 -0.006926 1.000000
-0.162620 -1.694546 735.060962
-0.014235 -1.204466 -322.422412
0.000080 -0.003205 1.000000
-0.800789 -0.382001 968.716066
-0.411598 -0.238990 -90.397753
-0.001574 -0.000283 1.000000
-1.371050 0.286145 210.901957
-0.794111 0.317627 1443.163017
-0.002456 0.000880 1.000000
0.021009 -1.372557 851.346324
-0.222944 -1.255014 61.609837
-0.000020 -0.002754 1.000000
0.429712 -3.516781 2127.929739
0.200713 -2.321015 -607.341839
0.001583 -0.005583 1.000000
1.517038 -2.770409 -89.114049
1.050710 -3.265039 -1568.925104
0.001946 -0.006102 1.000000
-0.156267 -1.163332 711.744283
-0.067215 -0.834879 -194.756836
-0.000064 -0.002534 1.000000
-0.190562 -2.448320 460.021892
0.074960 -1.487471 -283.786101
0.000403 -0.003917 1.000000
-0.338928 -1.792080 563.913947
-0.216961 -1.416665 -25.961864
-0.000284 -0.002905 1.000000
0.091425 -1.775616 309.269242
-0.147744 -1.319432 -145.117000
0.000045 -0.003155 1.000000
-1.327689 0.983129 2324.666054
-0.747233 0.538388 2971.315876
-0.003117 0.001616 1.000000
-0.197785 -0.583464 398.728748
-0.463045 -0.795768 102.353404
-0.000796 -0.001561 1.000000
-0.327633 -1.217191 159.834260
-0.463618 -1.316027 334.061354
-0.000509 -0.002256 1.000000
-0.321423 -0.879453 -326.532310
-0.326349 -0.766515 30.114672
-0.000749 -0.001518 1.000000
-0.425446 -1.163525 -123.362170
-0.234524 -0.666100 346.974476
-0.000754 -0.001811 1.000000
-0.603131 -1.219068 540.201905
-0.450528 -1.047550 447.668540
-0.000667 -0.001775 1.000000
-0.412949 -1.119577 452.970327
-0.290881 -0.667404 -74.019643
-0.000427 -0.002106 1.000000
-0.654034 -0.316066 1.284443
-0.532090 -0.251665 -98.732663
-0.001289 -0.000552 1.000000
-0.248164 -1.047828 193.291102
-0.329222 -0.734336 100.020833
-0.000543 -0.002094 1.000000
0.045979 -1.753991 -173.006608
0.045639 -1.719765 -360.694677
0.000406 -0.003535 1.000000
-1.944043 3.986065 1439.334254
-1.631882 2.592893 2111.720135
-0.005900 0.007337 1.000000
-0.505361 -1.387460 407.882748
-0.172965 -0.750942 -38.974371
-0.000559 -0.001905 1.000000
-3.046306 7.163823 5221.536941
-1.500617 3.348231 -1244.971582
-0.010961 0.013169 1.000000
0.084547 -1.703374 -170.906653
0.095603 -1.498633 -20.178025
0.000264 -0.003237 1.000000
5.030567 -9.762341 -5843.659164
0.078887 -8.176888 -5379.670513
0.006972 -0.021228 1.000000
0.848301 -2.452634 -1591.911889
0.382871 -2.817250 -438.485826
0.001458 -0.005777 1.000000
-0.319422 -0.882451 -292.040035
-0.256709 -0.788974 -81.141155
-0.000333 -0.002170 1.000000
0.447984 -1.705284 -776.721432
0.214087 -1.416490 -459.046103
0.000592 -0.003399 1.000000
-0.239260 -1.059349 590.189181
-0.358707 -0.981348 96.144362
-0.000493 -0.002092 1.000000
-0.336399 -1.445832 898.349336
-0.238127 -1.306070 201.489942
-0.000159 -0.002922 1.000000
0.922078 -3.882842 -2243.757984
1.020845 -2.092998 -1302.289235
0.002650 -0.006753 1.000000
-0.227637 -1.203354 214.944605
-0.135730 -0.795522 -397.907031
-0.000354 -0.002376 1.000000
-0.172035 -1.307891 131.325464
-0.198230 -1.253786 65.761517
-0.000351 -0.002580 1.000000
0.645685 -1.951838 -418.824727
0.629973 -1.920962 -853.878950
0.001087 -0.004708 1.000000
2.673104 -8.034468 -6289.635112
5.682121 -5.674374 -8082.630409
0.012454 -0.018771 1.000000
-0.154840 -1.181994 72.996598
-0.096606 -0.948419 -87.992445
-0.000118 -0.002629 1.000000
0.551770 -1.996130 -1831.441928
0.433389 -1.848579 283.204671
0.000926 -0.004548 1.000000
3.238951 -3.215228 -4241.949724
2.697812 -2.570394 -2301.441492
0.006725 -0.009712 1.000000
-1.041618 0.476954 2548.972065
-0.591255 0.256717 982.190382
-0.002170 0.000931 1.000000
-0.854026 0.339676 995.111384
-0.618964 0.058599 660.986415
-0.002424 0.000502 1.000000
-4.927622 6.348219 2506.173159
-4.316212 5.145359 4519.145601
-0.009382 0.012052 1.000000
-5.495344 5.516014 1096.663925
-3.257687 2.986198 4752.208807
-0.008713 0.009654 1.000000
-0.795879 -0.009132 1172.519352
-0.493834 -0.022135 662.625262
-0.001645 0.000080 1.000000
-4.819741 7.385961 3872.345038
-5.017840 5.188848 5904.777279
-0.010865 0.013120 1.000000
-0.697264 -0.567678 1200.079502
-0.581691 -0.425622 636.676055
-0.001169 -0.000702 1.000000
-1.516833 1.812990 916.218130
-0.844874 1.179335 1925.096016
-0.002561 0.003030 1.000000
-0.891656 -0.029498 1045.240905
-0.617378 -0.041638 1123.140150
-0.001701 -0.000048 1.000000
-1.326005 1.060312 2890.095367
-0.882883 0.450732 966.569596
-0.002794 0.001678 1.000000
-3.008066 2.227266 2886.873562
-1.017168 1.237717 2138.044247
-0.004467 0.004947 1.000000
-1.235116 0.354444 1532.999174
-0.810426 0.331439 1531.445441
-0.001987 0.000838 1.000000
-2.752308 3.604374 5310.719754
-0.701843 2.077713 -953.495465
-0.003872 0.006349 1.000000
3.929327 -7.907877 -2584.940160
1.745206 -5.634279 -2113.735215
0.004429 -0.011461 1.000000
-1.157983 -0.082390 1068.517833
-0.818673 -0.162402 1191.972080
-0.001866 -0.000044 1.000000
-1.880871 0.994611 241.148787
-1.815570 1.753131 2139.790803
-0.004413 0.003244 1.000000
6.186992 -10.849574 -3670.109772
5.215870 -9.393379 -4325.195711
0.010463 -0.020140 1.000000
-0.598675 0.121464 -635.219786
-0.589555 -0.056926 683.503471
-0.001514 0.000127 1.000000
-0.121806 -0.850977 590.223036
-0.143399 -1.002140 -216.019000
-0.000210 -0.002198 1.000000
0.975901 -7.628127 -53.268817
1.155627 -4.825629 -3531.256057
0.004464 -0.010520 1.000000
-0.885367 0.024183 697.422468
-0.829590 0.022548 1183.681931
-0.001824 0.000192 1.000000
0.348246 -1.675257 984.807900
0.373759 -1.476533 -101.636935
0.000690 -0.003495 1.000000
-5.137841 9.085988 1429.409105
-5.500639 6.804747 7436.332580
-0.010916 0.017410 1.000000
-0.031272 -1.323079 -365.064462
-0.214685 -1.243428 169.813483
-0.000291 -0.002568 1.000000
0.630624 -2.195205 1294.209036
0.650572 -2.538983 -771.353445
0.001552 -0.005097 1.000000
-0.549804 -0.444801 139.574121
-0.459556 -0.471116 1156.547540
-0.001099 -0.000921 1.000000
0.540546 -1.310973 -747.417578
0.327194 -1.161434 -23.018194
0.000908 -0.003393 1.000000
-0.055405 -1.064962 -178.254374
0.000306 -1.061391 -281.422159
0.000015 -0.002480 1.000000
0.015815 -1.385863 -255.353763
0.138840 -1.359987 -730.597152
0.000588 -0.003806 1.000000
-0.068976 -1.341020 810.198686
0.010602 -0.674792 -66.343354
0.000107 -0.002268 1.000000
0.842238 -3.203273 -1431.226173
0.394910 -2.596207 -1081.576372
0.002732 -0.007324 1.000000
1.230321 -3.613701 -1579.518048
0.405605 -2.671799 -69.975448
0.002444 -0.007013 1.000000
1.358868 -4.735637 -2115.285693
0.927202 -4.095599 -920.905517
0.002540 -0.008131 1.000000
-0.022787 -1.156566 918.975071
-0.079076 -0.892923 -10.828460
-0.000240 -0.002165 1.000000
0.234213 -1.480203 78.279503
0.206708 -1.045257 -1123.197170
0.000559 -0.003171 1.000000
0.092088 -1.090351 557.350890
-0.000015 -1.228499 -26.544208
0.000163 -0.002986 1.000000
-0.076878 -1.453209 343.099613
-0.191630 -1.437191 -34.698401
0.000213 -0.003322 1.000000
-0.055904 -1.022308 612.966126
-0.154040 -0.850007 46.004443
0.000022 -0.002113 1.000000
-0.141865 -2.176662 654.574755
-0.004130 -2.168496 -216.880384
0.000672 -0.004811 1.000000
1.343614 -6.104901 996.264745
1.050307 -3.930051 -2751.285091
0.003593 -0.009984 1.000000
-0.050497 -2.061978 1011.315526
0.210594 -1.872587 -803.913126
0.000467 -0.003935 1.000000
-0.194683 -1.370498 1347.784300
-0.106828 -1.237929 -560.763533
0.000105 -0.002725 1.000000
-0.129952 -1.651849 1780.120579
0.098342 -1.244124 2140.751946
0.000310 -0.002937 1.000000
-1.155660 0.590667 780.215905
-1.030154 0.469741 2403.672054
-0.002507 0.001402 1.000000
-1.300442 1.351373 -1061.898603
-1.420315 1.366328 2163.425421
-0.003588 0.003255 1.000000
0.591442 -1.977618 695.643505
0.577730 -1.813767 -193.360539
0.001011 -0.004312 1.000000
-0.054087 -1.633863 2080.079927
-0.153101 -1.307996 -223.120067
0.000144 -0.002882 1.000000
1.395818 -3.323612 2887.125094
0.970897 -2.167147 -1306.802325
0.002484 -0.006191 1.000000
-0.576317 -0.829365 -375.604445
-0.416582 -0.664210 102.290848
-0.000987 -0.001430 1.000000
-0.199200 -1.355361 707.309824
-0.338094 -1.317032 -29.806652
-0.000386 -0.002430 1.000000
-0.586658 0.199380 200.418541
-0.837267 0.165096 1106.184925
-0.001692 0.000368 1.000000
-0.600335 -0.454445 208.463488
-0.591563 -0.301577 850.937073
-0.001355 -0.000414 1.000000
-0.980433 0.399414 836.116722
-1.249198 0.452543 1540.456130
-0.002488 0.001279 1.000000
-0.312948 -0.928764 586.787836
-0.336738 -0.870563 63.583343
-0.000478 -0.001947 1.000000
-0.725430 0.145467 555.113980
-0.581067 -0.017146 1211.913125
-0.001902 0.000688 1.000000
-0.932073 0.281465 224.655916
-0.567978 0.238027 2771.121372
-0.001938 0.000521 1.000000
-0.372104 -0.924780 885.907831
-0.287040 -0.525714 2.273473
-0.000763 -0.001463 1.000000
2.721823 -5.082306 -2982.434197
0.947411 -2.801229 -2177.529750
0.004466 -0.009424 1.000000
-0.722454 -0.176418 463.013239
-0.557646 -0.285129 1248.303336
-0.001478 -0.000249 1.000000
0.366591 -2.226257 1367.015864
0.304271 -2.338252 -234.166102
0.000971 -0.005617 1.000000
-1.094048 -0.226838 -222.795294
-0.440472 -0.077884 -32.198733
-0.001653 -0.000260 1.000000
-0.544872 -0.262467 1260.263899
-0.429646 -0.232296 227.945782
-0.001148 -0.000804 1.000000
0.765599 -3.428264 1492.367937
0.726499 -2.942022 -2449.975741
0.002210 -0.007210 1.000000
-0.196360 -0.278053 -466.315048
-0.417887 -0.712868 340.969681
-0.000865 -0.001329 1.000000
0.007826 -1.673840 543.923562
0.015487 -1.415829 -100.453864
0.000341 -0.003099 1.000000
0.160255 -1.188100 778.961090
-0.104654 -1.616026 -576.834268
0.000062 -0.003344 1.000000
-0.138665 -1.368993 -284.962927
-0.049954 -0.786251 -585.774118
-0.000238 -0.002377 1.000000
-23.629277 36.048455 11880.507321
-25.748108 32.223944 22271.926928
-0.044150 0.079067 1.000000
0.169150 -2.621839 -669.442033
0.193512 -2.152544 -742.032810
0.001292 -0.005226 1.000000
0.086249 -1.558478 624.012104
-0.125271 -0.797728 -287.944324
-0.000076 -0.002440 1.000000
-2.553894 6.323783 1509.690171
-2.996595 2.981323 3381.035994
-0.008426 0.010013 1.000000
1.404676 -3.221996 3543.646609
0.006033 -1.428396 402.211088
0.001610 -0.005475 1.000000
0.151655 -1.374036 -8.480098
0.069172 -1.037506 -145.993746
0.000012 -0.002737 1.000000
-0.105910 -1.435416 1380.638698
0.030791 -0.953928 26.896048
0.000125 -0.002673 1.000000
0.037871 -2.073079 1260.888673
0.053487 -1.161557 -513.554512
0.000213 -0.003135 1.000000
-1.630730 0.615841 1479.161425
-1.258798 0.898074 1140.334367
-0.002590 0.001993 1.000000
-0.057617 -1.459268 765.432869
-0.099437 -1.003286 -132.910110
-0.000055 -0.002687 1.000000
-2.670594 1.955810 -4065.956905
-1.834359 1.192003 6339.744063
-0.005611 0.006189 1.000000
-0.069300 -0.934937 -248.562857
-0.070230 -0.847922 237.611723
-0.000041 -0.002334 1.000000
-0.109438 -1.262727 520.211883
-0.238023 -1.183630 -33.233327
-0.000050 -0.002673 1.000000
-0.128904 -2.623578 1018.725402
0.257990 -2.702548 -100.610369
0.001539 -0.005994 1.000000
-0.748619 -0.427810 -251.072907
-0.590512 -0.390962 408.451276
-0.001563 -0.000634 1.000000
0.147383 -1.861812 2466.395185
0.016627 -1.084168 984.779000
0.000351 -0.003680 1.000000
-4.857575 7.089818 5180.877234
-4.052939 5.666784 4938.975972
-0.013732 0.019745 1.000000
-0.012986 -1.065187 454.332898
-0.199463 -0.788353 39.607346
-0.000255 -0.002109 1.000000
-0.171411 -1.900803 -1.768240
-0.079276 -1.294262 108.713504
0.000146 -0.003118 1.000000
-0.448412 -0.863583 410.425925
-0.373039 -0.678799 255.633159
-0.000697 -0.001493 1.000000
0.383248 -1.604553 -692.622231
0.403037 -1.968281 -316.180459
0.001545 -0.004272 1.000000
-6.282634 6.002977 8144.161585
-3.275590 6.904765 2729.889465
-0.011302 0.016706 1.000000
-0.194582 -1.033857 379.937815
-0.156287 -1.139334 83.443874
-0.000301 -0.002265 1.000000
3.931170 -5.999064 -922.957130
2.469331 -4.798447 -3336.744986
0.009322 -0.015389 1.000000
0.454274 -2.205374 -219.101155
0.054099 -2.194903 -404.301731
0.000781 -0.004595 1.000000
-0.081481 -1.109168 376.577938
0.033084 -1.015379 -71.234945
-0.000013 -0.002344 1.000000
-0.259740 -0.956673 -9.941495
-0.213149 -0.807689 30.430251
-0.000227 -0.002367 1.000000
-0.218520 -1.061167 642.647691
-0.128169 -1.131133 -7.615841
-0.000491 -0.002209 1.000000
-0.357050 -0.797974 621.372831
-0.213621 -0.756727 187.937679
-0.000496 -0.001874 1.000000
0.461969 -2.202041 -190.764928
0.396024 -2.209774 -348.197338
0.000729 -0.004507 1.000000
0.476072 -2.399219 172.605202
0.227019 -2.384836 -126.291175
0.000688 -0.004906 1.000000
0.504923 -1.952098 -528.032498
-0.239132 -1.526637 -583.381039
0.000478 -0.003858 1.000000
-7.145748 9.510796 1836.782925
-6.220250 8.809756 7996.358442
-0.016616 0.024294 1.000000
-1.164135 0.110646 1380.325730
-0.980049 0.308717 1158.905843
-0.002829 0.001008 1.000000
-0.148091 -1.430492 736.016068
-0.084124 -1.260335 80.935181
-0.000043 -0.002759 1.000000
-0.413703 -0.874908 625.944141
-0.178762 -0.768911 193.127001
-0.000442 -0.001942 1.000000
-0.465025 -0.943841 1015.179542
-0.203036 -0.639538 -94.144214
-0.000676 -0.001638 1.000000
-0.303830 -0.987504 628.886525
-0.244404 -1.136372 235.240803
-0.000505 -0.002257 1.000000
-0.442466 -0.654063 805.541974
-0.228391 -0.493459 181.599330
-0.000714 -0.001425 1.000000
-0.534102 -0.529976 -897.654351
-0.322942 -0.453288 -421.633094
-0.001076 -0.001120 1.000000
-0.098934 -0.762431 314.797643
-0.077446 -0.819728 101.867488
-0.000105 -0.002266 1.000000
-0.309642 -0.940670 560.221737
0.009227 -0.613519 -52.781945
-0.000283 -0.001964 1.000000
-0.110320 -1.005655 580.350741
-0.031000 -0.558334 29.871840
-0.000138 -0.002016 1.000000
-0.321271 -0.879948 499.774519
-0.122129 -0.701406 118.826112
-0.000410 -0.001852 1.000000
-0.192880 -0.769739 405.630806
-0.188658 -0.521167 169.533875
-0.000440 -0.001644 1.000000
0.079880 -0.833559 358.814205
-0.111616 -0.325396 110.066170
-0.000184 -0.001664 1.000000
-0.880037 -1.272881 872.443843
-0.155248 -1.326619 208.155798
-0.000524 -0.002597 1.000000
-0.553591 -1.002519 1526.002122
-0.177423 -0.645393 -21.703924
-0.000528 -0.002091 1.000000
-0.188638 -1.084815 550.790347
-0.168246 -1.067550 132.696125
-0.000035 -0.002491 1.000000
-0.426932 -0.989127 638.305033
-0.202320 -0.675432 101.667010
-0.000663 -0.001791 1.000000
-0.566505 -1.129083 818.251389
-0.136532 -0.772875 92.263417
-0.000526 -0.001988 1.000000
0.817956 -0.485152 85.300693
0.052690 0.535756 -35.809083
0.000273 -0.001135 1.000000
0.723229 0.245629 -42.510341
-0.229706 1.393845 -0.592805
-0.000389 0.000413 1.000000
1.149362 0.006923 -118.974285
-0.018345 1.383903 -78.783911
0.000079 0.000126 1.000000
1.432875 0.011430 -188.978636
0.117826 1.496097 -190.054288
0.000280 0.000096 1.000000
0.716060 0.145913 -13.173037
-0.181679 1.087293 48.473172
-0.000343 0.000219 1.000000
0.687075 0.002680 120.123914
-0.129290 0.871083 83.927618
-0.000273 -0.000034 1.000000
1.000000 0.000000 -0.000000
0.000000 1.000000 -0.000000
0.000000 0.000000 1.000000
4.803897 5.841853 -2857.309302
-0.422196 7.812186 -2273.926031
-0.002820 0.011503 1.000000
-1.192592 -0.826006 730.813556
-0.428290 -0.957811 425.498309
-0.001033 -0.001772 1.000000
-4.583119 -4.632778 2385.829333
-0.450498 -5.941467 1699.900288
-0.001514 -0.008015 1.000000
6.626783 5.970707 -3316.601040
0.030814 8.713608 -2229.145870
-0.000567 0.010546 1.000000
-4.180474 -5.633842 2931.287551
-0.261272 -6.181909 1970.437661
0.000064 -0.009475 1.000000
0.948583 -0.281463 95.971100
0.029911 0.779375 72.263249
0.000104 -0.000480 1.000000
1.318529 -0.120672 -42.786721
0.108434 1.118025 -61.931545
0.000403 -0.000309 1.000000
1.869732 0.582052 -406.527518
0.198745 2.147627 -435.749260
0.000354 0.000859 1.000000
-2.582702 -2.971493 1971.577523
-0.224047 -2.802503 1014.897932
-0.000160 -0.005295 1.000000
-1.140138 -2.081953 1025.576319
-0.205973 -1.798026 551.115381
-0.000495 -0.003377 1.000000
-1.207381 -2.249868 1051.684718
-0.222930 -1.859353 603.209338
-0.000401 -0.003586 1.000000
1.117788 0.254993 -119.765877
-0.043509 1.228080 -59.871861
0.000050 0.000185 1.000000
-9.286376 -11.348008 5617.580462
1.400832 -14.981851 3214.664914
0.002004 -0.021782 1.000000
-0.401395 -1.564628 677.657272
-0.264672 -1.913799 261.525518
-0.000259 -0.003317 1.000000
-0.463391 -1.632836 786.082265
-0.133886 -1.180916 223.362370
-0.000198 -0.002627 1.000000
-0.440375 -0.734686 269.270549
-0.265358 -0.509737 307.734217
-0.000642 -0.001507 1.000000
0.391508 -1.430133 501.148989
0.102380 -0.505911 -45.850654
0.000187 -0.002435 1.000000
0.077352 -0.819017 357.371083
-0.093031 -0.353167 121.170834
-0.000344 -0.001645 1.000000
-0.295691 -1.136413 619.643008
-0.236849 -0.956273 72.019659
-0.000485 -0.002399 1.000000
0.233407 -1.433508 529.695505
0.100048 -0.851403 -108.057745
0.000224 -0.002814 1.000000
-0.215493 -1.256873 489.498583
-0.109460 -1.043422 146.028901
-0.000232 -0.002558 1.000000
-1.773719 1.598404 198.875030
-1.472480 0.805071 1319.832999
-0.002955 0.002207 1.000000
-0.068948 -2.489714 735.358398
0.125810 -2.321569 29.025479
0.000266 -0.004600 1.000000
-0.153476 -0.552005 341.801351
-0.207784 -0.158255 196.319631
-0.000601 -0.001067 1.000000
-0.127003 0.738803 -5.211960
-0.411876 1.082125 191.488854
-0.001466 0.001506 1.000000
0.166199 -1.591484 729.662274
0.094119 -0.566729 -272.045437
0.000316 -0.002561 1.000000
-0.053192 -1.658682 893.279961
0.020685 -1.180663 -99.485271
0.000064 -0.003213 1.000000
0.068036 -1.496618 470.461903
0.009348 -0.979187 -159.156314
-0.000028 -0.002541 1.000000
0.431488 -2.020007 223.869486
0.272549 -1.379547 -563.938528
0.000937 -0.004169 1.000000
0.353536 -2.064921 1297.091097
0.160005 -1.306419 -222.891949
0.000757 -0.003427 1.000000
0.550499 -2.180864 877.113095
-0.010461 -1.148725 -234.222157
0.000787 -0.003943 1.000000
-1.304456 2.001277 -1258.385793
-0.827769 1.854859 453.119596
-0.003304 0.003248 1.000000
-0.428706 -1.883117 927.660111
-0.391063 -1.543153 480.324181
-0.000293 -0.002854 1.000000
-0.965972 -0.086227 39.633040
-0.521880 -0.079898 -72.104737
-0.001731 -0.000236 1.000000
-1.032627 -3.624384 1483.142119
0.069240 -3.282274 243.456960
0.000660 -0.006920 1.000000
0.010091 -1.378646 584.208487
0.003635 -0.760750 47.102648
0.000116 -0.002625 1.000000
-0.136857 -1.100437 506.152511
-0.178661 -0.963515 125.135045
-0.000231 -0.002417 1.000000
0.395751 -3.287499 1228.270182
0.404309 -2.780125 -257.343312
0.002231 -0.006602 1.000000
0.096818 -2.994451 912.931736
0.381097 -2.791468 -18.908560
0.001460 -0.006079 1.000000
-0.913611 0.763738 -551.539012
-0.737850 0.542607 717.429401
-0.002846 0.001049 1.000000
-4.621890 11.084787 -7491.990864
-3.561985 7.064101 3641.604623
-0.013582 0.019890 1.000000
-0.061008 -1.164449 382.318866
-0.066054 -1.022954 -47.119534
-0.000008 -0.002586 1.000000
0.136093 -1.476921 627.672943
0.015555 -1.633836 56.983686
0.000599 -0.003921 1.000000
0.189442 -2.270081 910.905080
0.084835 -1.275617 -208.100633
0.000623 -0.003943 1.000000
0.866054 -6.832624 1142.148020
0.838391 -4.715198 -1689.545906
0.003508 -0.011780 1.000000
-0.088867 -0.979575 151.679187
0.126704 -1.028935 -24.970766
-0.000104 -0.002202 1.000000
-2.027756 5.439447 -805.978716
-4.172714 6.478693 3441.968088
-0.007500 0.012251 1.000000
-0.909595 0.466194 1149.312024
-0.795941 -0.077510 1106.001069
-0.001858 0.000229 1.000000
0.362007 -1.406891 -184.960698
0.428479 -1.870176 55.393973
0.000911 -0.003956 1.000000
1.991838 -2.848604 1573.114915
0.774071 -1.265269 -481.849307
0.002660 -0.005390 1.000000
-0.246525 -1.018996 734.299718
-0.117882 -0.913397 -47.429066
-0.000483 -0.002393 1.000000
-0.501360 -0.713272 1444.809391
-0.315702 -0.530076 37.183521
-0.000844 -0.001309 1.000000
0.762562 -1.845561 -202.688081
0.441383 -1.311884 -447.969793
0.001897 -0.004669 1.000000
-0.399651 -2.811249 1138.595964
0.027193 -1.765905 19.333948
0.000645 -0.005172 1.000000
1.188647 -2.640548 817.370326
0.351161 -0.983791 -157.198887
0.001830 -0.004706 1.000000
-0.352103 -1.242198 310.411118
-0.353636 -1.208000 151.622968
-0.000519 -0.002111 1.000000
-0.559059 -0.045517 -664.032780
-0.655179 -0.211592 639.265336
-0.001451 -0.000355 1.000000
-0.569340 -0.608400 764.968130
-0.446440 -0.418903 50.673822
-0.001029 -0.000857 1.000000
7.533822 -20.571195 -24363.927528
19.402425 -26.274860 -11684.004179
0.042660 -0.059786 1.000000
0.828454 -3.865460 -422.176690
0.786309 -4.915637 -1188.865253
0.002475 -0.009129 1.000000
-2.845103 5.490717 -1614.676435
-2.498612 3.363144 5077.258173
-0.010031 0.013731 1.000000
1.567355 -3.992516 456.418527
0.885803 -3.219320 -658.360610
0.002927 -0.007786 1.000000
3.547555 -6.340428 -11132.203949
2.104950 -3.983927 -718.504313
0.007412 -0.012999 1.000000
-0.940423 0.301286 1003.735581
-0.630173 0.128749 592.766278
-0.001672 0.000256 1.000000
-0.061926 -0.582901 315.846976
-0.217660 -0.255903 245.151117
-0.000524 -0.001178 1.000000
1.227551 -3.843336 -519.287467
0.500625 -2.309272 -507.544016
0.002316 -0.006702 1.000000
0.518577 -2.139100 872.658427
0.183938 -1.692176 -285.014864
0.000633 -0.004122 1.000000
-1.286857 0.873894 -10.210953
-0.972088 0.820342 1083.323125
-0.002648 0.001667 1.000000
0.453643 -1.916070 747.439360
0.311389 -1.286380 -267.081758
0.000971 -0.003749 1.000000
0.335008 -2.002407 570.966541
-0.045541 -1.478566 -304.893754
0.000284 -0.003623 1.000000
0.609108 -2.072763 683.147203
0.338005 -1.574534 -839.766516
0.001065 -0.004154 1.000000
-0.062409 -1.405921 441.242441
0.005827 -0.794074 -238.730785
-0.000086 -0.002354 1.000000
-0.267028 -1.066642 209.674570
-0.224613 -0.705448 -49.328601
-0.000398 -0.001801 1.000000
0.051822 -1.260449 528.056929
0.066394 -1.268329 27.193204
0.000342 -0.003172 1.000000
8.047956 -10.865598 -3574.171419
4.717274 -7.297284 -2953.195081
0.012459 -0.019211 1.000000
0.075515 -1.449698 418.013957
0.063360 -1.153436 -15.236129
0.000327 -0.003029 1.000000
