0.001084 -1.364431 607.003884
-0.087517 -0.361256 -85.076047
0.000042 -0.002230 1.000000
0.068213 -0.760495 137.324442
0.027448 -0.374900 -36.346792
0.000256 -0.002470 1.000000
-0.089678 -0.390331 147.901316
-0.039380 -0.177970 20.278121
0.000053 -0.001996 1.000000
-0.014285 -0.503508 46.068560
0.098733 -0.485691 81.747089
0.000416 -0.002342 1.000000
-0.109690 -0.536066 96.444998
-0.136070 -0.580509 118.161165
-0.000268 -0.002052 1.000000
0.023351 -1.060090 152.907223
0.091345 -0.819852 -39.877727
0.000296 -0.002763 1.000000
0.009785 -0.464129 57.545581
-0.011851 -0.375800 29.677314
0.000254 -0.002304 1.000000
-0.056928 -0.319001 69.142395
-0.052899 -0.322977 41.934602
-0.000247 -0.001704 1.000000
-0.091534 -0.649299 147.111954
0.072900 -0.682414 -18.015221
0.000063 -0.002352 1.000000
0.087801 -1.526701 901.702314
0.061223 -0.656988 -52.174222
0.000144 -0.002318 1.000000
0.216381 -1.112995 385.418267
0.116364 -0.724662 -279.205912
0.000388 -0.002738 1.000000
-0.067467 -0.537013 1.766274
-0.050586 -0.585978 31.388786
0.000289 -0.002587 1.000000
0.570583 -1.492525 -167.645322
0.134389 -1.747966 -158.546222
0.000932 -0.004272 1.000000
0.316128 -1.426200 310.151630
0.356629 -1.251088 -371.024199
0.000789 -0.003579 1.000000
-0.207070 -0.760188 514.593244
-0.042110 -0.680640 -6.417751
-0.000096 -0.002243 1.000000
-0.070997 -0.472304 189.327384
0.017157 -0.372435 23.291586
0.000046 -0.002038 1.000000
0.103147 -0.714980 125.222841
0.003435 -0.548355 -16.738610
0.000285 -0.002441 1.000000
-0.016418 -0.389710 84.735565
-0.020720 -0.340772 8.434147
-0.000100 -0.001910 1.000000
-0.148713 -0.790487 197.103498
-0.022895 -0.666918 -17.620431
-0.000129 -0.002164 1.000000
-0.064607 -0.772459 245.672195
-0.055726 -0.365340 -96.742567
-0.000155 -0.002103 1.000000
-0.042108 -0.503706 106.267249
0.007249 -0.405788 -6.214389
-0.000075 -0.002041 1.000000
-0.136022 -1.016168 163.512699
-0.075894 -0.863601 227.154034
-0.000217 -0.002008 1.000000
0.782624 -1.894273 -57.049500
0.865545 -1.729804 1869.314007
0.001527 -0.003843 1.000000
-0.058806 -0.809643 338.511206
-0.006805 -0.583911 -70.246386
-0.000146 -0.002179 1.000000
-0.059055 -1.049951 366.448715
0.042546 -1.116904 -80.763414
0.000193 -0.003182 1.000000
-0.084714 -1.111745 270.343440
0.144362 -0.998873 -58.168383
0.000441 -0.003200 1.000000
-0.028085 -0.312045 8.493717
0.015859 -0.609365 179.133129
0.000078 -0.002109 1.000000
-0.154075 -0.496242 222.945852
0.089641 -0.610076 21.561803
0.000046 -0.002048 1.000000
-0.110861 -0.571393 202.997693
0.036054 -0.384713 -20.969072
0.000098 -0.002060 1.000000
0.015387 -0.309340 24.082004
0.159764 -0.630038 -1.572974
0.000604 -0.002569 1.000000
-0.139719 -0.889523 478.331205
-0.374992 -0.533511 -50.716607
-0.000596 -0.001926 1.000000
-0.130230 -0.877915 213.797276
-0.031675 -0.812271 -58.254594
-0.000018 -0.002623 1.000000
-0.081761 -0.846520 278.156313
0.094106 -0.455525 -180.370720
0.000331 -0.002564 1.000000
0.057577 -0.703157 60.878171
0.092498 -0.833003 -85.219651
0.000411 -0.002856 1.000000
-0.066013 -0.561939 106.421125
0.097039 -0.752690 49.606575
0.000043 -0.002280 1.000000
0.227605 -0.980252 233.714219
0.193812 -0.418788 -305.892806
0.000325 -0.002531 1.000000
0.040497 -0.848725 131.029229
0.186995 -0.649111 -64.603251
0.000599 -0.003024 1.000000
-0.069320 -0.686124 248.289778
0.044577 -0.462767 -124.328614
0.000045 -0.002114 1.000000
0.001294 -0.565792 43.383744
0.032874 -0.494958 -17.134938
0.000255 -0.002742 1.000000
-0.122488 -0.209333 107.389029
0.077602 -0.432053 37.536756
0.000253 -0.002323 1.000000
-0.072224 -1.019694 498.077774
0.040950 -0.371467 -145.266617
0.000197 -0.002324 1.000000
-0.115211 -0.751891 359.544232
-0.062219 -0.399331 -115.749136
-0.000202 -0.001894 1.000000
0.045639 -0.714372 194.031756
0.051049 -0.451092 -44.896011
0.000278 -0.002613 1.000000
0.111861 -1.126400 248.278466
0.043707 -0.638566 -80.145724
0.000426 -0.002659 1.000000
0.122393 -0.499921 -11.538448
0.067440 -0.433656 -140.761786
0.000323 -0.002288 1.000000
-0.233756 -0.634906 355.564853
-0.081269 -0.373120 -77.329287
-0.000282 -0.002087 1.000000
-0.179742 -0.570003 301.214397
-0.065011 -0.386505 -25.248399
-0.000112 -0.002089 1.000000
-0.192499 -0.786843 364.689238
-0.012764 -0.501193 -100.700938
-0.000123 -0.002270 1.000000
0.014557 -0.969846 378.148051
-0.012704 -0.752095 -11.780306
0.000378 -0.002980 1.000000
0.032526 -0.670561 107.096347
-0.024519 -0.520367 -76.149516
0.000183 -0.002578 1.000000
0.118841 -0.787372 379.160265
0.119777 -0.693857 -165.219041
0.000469 -0.003104 1.000000
0.087719 -0.799799 218.717258
-0.036390 -0.735905 -5.956337
0.000239 -0.002873 1.000000
-0.104493 -0.698699 288.592101
-0.114920 -0.663522 57.587033
-0.000179 -0.002100 1.000000
-0.155456 -1.250603 423.075462
0.049910 -0.939956 -275.366918
0.000363 -0.003066 1.000000
0.095130 -0.899576 136.357681
0.031265 -0.524022 -84.131039
0.000255 -0.002549 1.000000
0.148875 -1.109739 404.175276
-0.032009 -0.353164 -99.100893
0.000186 -0.002381 1.000000
-0.117371 -0.916976 486.576708
-0.079743 -0.354388 -51.964189
-0.000215 -0.001919 1.000000
-0.148219 -1.347411 651.818498
-0.007225 -0.777776 10.746317
0.000248 -0.002781 1.000000
-0.094512 -0.627381 348.072837
-0.078562 -0.709065 -14.766180
0.000035 -0.002460 1.000000
0.001936 -1.332355 297.471604
-0.023086 -1.017095 47.652918
0.000037 -0.002767 1.000000
-0.006225 -0.454856 18.153604
-0.004555 -0.286114 -26.299834
0.000021 -0.002082 1.000000
0.392283 -1.558295 329.318845
0.113697 -0.749623 -185.146895
0.000605 -0.003231 1.000000
0.059710 -0.275799 52.866197
-0.009884 -0.138138 35.832047
0.000282 -0.002078 1.000000
0.517353 -1.103873 201.674270
0.113371 -0.877074 -149.772148
0.000121 -0.002793 1.000000
0.448989 -1.230321 230.971862
0.009138 -0.823034 -244.894926
0.000268 -0.003005 1.000000
0.457045 -1.608545 594.707619
0.318680 -0.886197 -226.782630
0.000647 -0.002968 1.000000
0.319801 -1.512788 317.853782
0.287455 -0.865579 -187.982016
0.000581 -0.002891 1.000000
0.109030 -1.253555 115.902477
0.072526 -0.771953 -138.807320
0.000462 -0.003201 1.000000
0.067877 -1.097845 449.220832
0.002060 -0.495749 -149.227865
0.000015 -0.002500 1.000000
-0.210145 -1.215546 339.167578
-0.111151 -0.758395 -75.675460
-0.000233 -0.002319 1.000000
-0.081524 -0.780608 170.048414
-0.117593 -0.678951 110.365687
0.000013 -0.002296 1.000000
0.151127 -1.006779 230.077856
0.013177 -0.632648 -76.087849
0.000210 -0.002675 1.000000
0.093926 -0.392575 -68.406158
0.164581 -0.382687 -62.846137
0.000774 -0.002592 1.000000
0.200690 -1.777322 872.132724
-0.077378 -0.758614 167.829476
0.000174 -0.002566 1.000000
0.047193 -0.732651 240.603266
0.060236 -0.586436 -146.289939
0.000184 -0.002544 1.000000
-0.106302 -0.935699 433.885571
-0.018089 -0.854503 -73.095325
0.000149 -0.002868 1.000000
0.005060 -0.312035 64.922861
-0.043374 -0.282586 103.989767
-0.000007 -0.001799 1.000000
-0.108772 -0.394076 183.637059
-0.046434 -0.238651 30.156376
-0.000242 -0.001683 1.000000
0.214378 -1.563749 276.237340
0.151411 -1.108482 -231.980720
0.000445 -0.003309 1.000000
0.003796 -0.994967 183.147801
0.021116 -0.813339 -8.245950
0.000105 -0.002560 1.000000
0.039601 -0.720977 161.142334
-0.016687 -0.378551 -76.125277
-0.000022 -0.002181 1.000000
0.033739 -0.981365 243.401772
0.012792 -0.773493 -23.402485
-0.000015 -0.002377 1.000000
0.047228 -1.367496 333.797603
0.203387 -1.081717 -112.474057
0.000341 -0.003088 1.000000
0.260255 -1.025886 38.818299
-0.010455 -0.722420 -81.260666
0.000197 -0.002804 1.000000
0.024786 -0.383302 86.389593
-0.020315 -0.271157 54.185364
-0.000021 -0.001872 1.000000
0.073331 -0.539513 112.616333
0.013356 -0.296122 22.683464
0.000183 -0.002133 1.000000
0.049577 -0.926185 186.176788
0.091838 -0.638589 -45.088933
0.000117 -0.002410 1.000000
-0.042862 -1.104317 226.884864
0.054778 -0.746902 -123.872064
0.000123 -0.002820 1.000000
0.047400 -0.397768 88.321996
-0.001221 -0.310908 25.617886
0.000101 -0.001919 1.000000
-0.113621 -0.810720 177.644103
-0.047242 -0.360126 -13.103826
-0.000417 -0.001973 1.000000
0.181882 -1.164111 22.601632
0.137967 -0.761026 -162.828652
0.000268 -0.002910 1.000000
-0.203002 -0.808198 137.691757
-0.163113 -0.609523 52.196190
-0.000387 -0.002056 1.000000
-0.155633 -1.461487 189.931149
-0.138967 -0.572326 33.795213
-0.000356 -0.002335 1.000000
0.034294 -0.332273 64.354854
-0.041812 -0.148708 47.453316
-0.000128 -0.001688 1.000000
-0.067025 -0.679565 144.689133
0.091768 -0.445970 -14.735791
0.000384 -0.002585 1.000000
-0.146209 -0.844080 274.033069
-0.075487 -0.460271 -71.627367
-0.000259 -0.002003 1.000000
0.043965 -1.280164 91.819899
0.036557 -0.441428 -69.168258
0.000170 -0.002886 1.000000
0.663980 -1.926576 -17.536641
0.372320 -0.880034 -543.257395
0.001001 -0.003911 1.000000
0.148220 -1.487350 216.931125
0.188209 -0.941383 -173.451953
0.000309 -0.003153 1.000000
0.418898 -1.625954 178.261219
0.060073 -0.667263 -99.320628
0.000175 -0.002740 1.000000
0.310913 -1.888266 374.016276
0.159599 -0.966303 -120.634887
0.000264 -0.003214 1.000000
0.365922 -1.057956 155.724325
0.191947 -1.072145 -238.532154
0.000568 -0.003458 1.000000
0.128108 -1.142785 444.845738
0.043636 -0.665688 -207.294568
0.000369 -0.002785 1.000000
-0.131040 -0.957528 197.393009
0.001804 -0.699999 -7.225959
-0.000120 -0.002406 1.000000
0.065630 -0.739102 26.336182
-0.020116 -0.632256 42.528416
0.000004 -0.002344 1.000000
0.119846 -1.175560 264.303455
0.106951 -0.932979 -62.881004
0.000421 -0.003286 1.000000
-0.045337 -1.092438 326.684644
-0.064709 -0.835123 -80.792153
-0.000177 -0.002838 1.000000
0.351887 -1.526851 265.037403
0.101139 -1.064166 -141.905930
0.000234 -0.003288 1.000000
0.327902 -1.505721 198.390938
-0.024020 -0.863643 -65.311499
0.000260 -0.003177 1.000000
0.114759 -1.470175 -15.931143
0.001228 -0.784210 -95.910317
0.000041 -0.003021 1.000000
-0.094668 -0.609875 57.262343
-0.047806 -0.386947 56.161789
-0.000364 -0.001859 1.000000
0.110778 -1.323588 162.834899
0.011279 -0.883453 -236.053613
0.000376 -0.002942 1.000000
-0.016086 -1.112991 216.335335
-0.102022 -0.730241 -47.630866
-0.000283 -0.002132 1.000000
0.043289 -0.869943 342.114244
-0.124668 -0.499248 44.184526
-0.000173 -0.001996 1.000000
0.640255 -2.164281 117.806329
0.366695 -0.995718 -283.162777
0.001280 -0.004073 1.000000
-0.032229 -1.344628 122.551382
-0.009962 -0.786999 -80.303538
-0.000089 -0.002631 1.000000
0.445538 -2.004311 262.015234
0.042284 -1.779391 46.909413
0.000289 -0.003592 1.000000
0.371144 -1.877173 501.582376
0.039078 -0.601278 -250.225894
0.000340 -0.003199 1.000000
0.033901 -1.622518 559.534171
0.037565 -0.574441 -139.067525
0.000207 -0.002677 1.000000
0.366683 -1.969351 453.492977
0.192519 -1.010551 -268.541622
0.000706 -0.003491 1.000000
-0.079777 -0.965431 301.469274
-0.051567 -0.411734 -22.623203
-0.000058 -0.002211 1.000000
0.254952 -2.190284 597.177911
0.184484 -0.830127 -164.197341
0.000517 -0.003125 1.000000
0.147697 -1.823809 573.972832
0.077808 -1.012538 -40.399346
0.000326 -0.002952 1.000000
0.004756 -1.246732 476.216434
0.119653 -0.711041 -121.004909
0.000257 -0.002608 1.000000
-0.068748 -1.987933 886.140937
0.044456 -0.629127 -81.301475
0.000170 -0.002504 1.000000
0.258154 -1.335742 327.477784
0.268249 -0.903246 -296.025734
0.000870 -0.003208 1.000000
0.165448 -1.321571 481.553726
0.080071 -0.843342 -54.661975
0.000076 -0.002507 1.000000
0.018667 -1.425844 675.010571
0.029449 -1.046109 115.307190
-0.000041 -0.002459 1.000000
0.449467 -1.176111 207.994160
0.325340 -0.869808 -137.331719
0.000783 -0.003062 1.000000
0.705859 -1.383010 167.167643
0.380672 -1.306101 -302.402599
0.000958 -0.003713 1.000000
0.473603 -1.841293 273.917477
0.451108 -1.209039 -153.684175
0.000842 -0.003342 1.000000
-0.094628 -0.917569 622.787865
-0.000731 -0.912341 -6.279374
-0.000070 -0.002418 1.000000
0.063692 -1.525694 250.916977
0.065494 -0.929884 -116.799677
0.000047 -0.002851 1.000000
0.124474 -1.405362 501.702389
0.140154 -0.901118 -133.769126
0.000437 -0.002999 1.000000
0.768178 -2.276964 429.677016
0.185595 -0.880113 -245.311343
0.000712 -0.003676 1.000000
0.314914 -1.449789 270.009535
0.169487 -0.644805 -233.918246
0.000257 -0.002831 1.000000
0.144241 -1.377398 257.749178
0.114908 -0.652612 -108.259957
0.000156 -0.002743 1.000000
-0.167712 -1.242010 398.625138
-0.157329 -0.686078 16.476783
-0.000261 -0.002316 1.000000
0.252446 -1.586310 396.817754
0.057144 -0.644065 -105.349600
0.000050 -0.002591 1.000000
0.074662 -1.265758 366.777479
0.017664 -0.583198 -179.286607
0.000264 -0.002570 1.000000
0.054074 -1.456195 945.223269
-0.011101 -0.330052 29.252926
-0.000048 -0.001838 1.000000
0.136054 -1.713407 551.147300
0.050081 -0.954930 -75.411133
0.000301 -0.003146 1.000000
2.010086 -2.498544 -2819.629761
1.836026 -1.799013 -1586.587669
0.006607 -0.008805 1.000000
-0.052182 -1.377867 840.499876
-0.099212 -0.598223 -98.163080
-0.000152 -0.002221 1.000000
0.252812 -1.699179 947.523707
0.027840 -0.337509 38.902632
0.000271 -0.002126 1.000000
-0.201251 -0.658207 246.218908
0.022328 -0.524174 -86.973926
-0.000298 -0.002091 1.000000
-0.092981 -0.672369 300.439298
0.066179 -0.443992 -72.853617
0.000225 -0.002392 1.000000
0.410209 -1.539439 93.343980
0.173866 -1.554721 -322.975218
0.000677 -0.004138 1.000000
0.102672 -0.770687 136.812522
0.073771 -0.590545 68.393044
0.000486 -0.002578 1.000000
-0.242986 -1.273741 522.456645
-0.104341 -0.920972 135.670824
-0.000053 -0.002483 1.000000
0.071973 -1.570695 612.332138
-0.014859 -1.026050 -184.828008
-0.000178 -0.002631 1.000000
0.190644 -1.922546 716.867364
-0.000349 -0.914432 41.567155
0.000102 -0.002868 1.000000
-0.494075 -1.177176 625.135444
-0.199700 -0.550810 147.857913
-0.000585 -0.001770 1.000000
-0.153686 -1.530234 771.893123
-0.031977 -0.549217 -36.528683
-0.000150 -0.002245 1.000000
0.365370 -2.055869 917.260752
0.115042 -0.299814 -79.975271
0.000388 -0.002529 1.000000
-0.072048 -1.709651 1044.784244
-0.085866 -0.343429 103.325557
-0.000091 -0.002020 1.000000
-0.153728 -1.379338 807.648688
-0.109716 -0.638207 -15.185559
-0.000399 -0.002124 1.000000
-0.395802 -1.337693 996.374451
-0.180068 -0.398040 128.069583
-0.000454 -0.001561 1.000000
-0.213036 -1.294257 925.543082
-0.079292 -0.366123 55.664114
-0.000369 -0.001544 1.000000
0.096401 -1.276641 515.422766
0.086993 -0.662530 -88.224175
0.000137 -0.002470 1.000000
0.086659 -1.142472 460.495953
0.118673 -0.649873 -109.335717
0.000288 -0.002558 1.000000
0.626393 -2.480744 947.848283
0.270770 -1.309445 -291.189392
0.001104 -0.004455 1.000000
0.635344 -2.125406 829.779349
0.356705 -1.539085 -150.729003
0.001038 -0.004287 1.000000
0.079268 -0.365661 -25.378359
0.073836 -0.485878 100.317506
0.000252 -0.002327 1.000000
-0.065964 -0.421475 103.687055
-0.001293 -0.637486 60.100900
-0.000100 -0.002246 1.000000
0.052600 -0.390620 26.772139
0.040450 -0.458069 53.417017
0.000055 -0.002180 1.000000
5.349625 -5.366521 -7426.803399
6.614756 -9.666832 2619.554015
0.013359 -0.016063 1.000000
0.096762 -0.363969 -12.724315
0.129326 -0.562819 97.437771
0.000662 -0.002590 1.000000
0.308910 -1.475358 205.579319
0.061903 -0.920159 -105.501267
0.000614 -0.003253 1.000000
-0.102169 -0.677875 251.136418
0.037658 -0.485798 64.092707
-0.000135 -0.001843 1.000000
0.265288 -1.275078 318.975289
0.020742 -0.617835 -80.890171
0.000161 -0.002710 1.000000
-0.123462 -1.541375 515.758987
-0.049500 -1.064643 14.422223
0.000112 -0.002984 1.000000
-0.091732 -0.423303 71.056839
-0.090271 -0.911790 216.830794
-0.000105 -0.002272 1.000000
-0.147666 -0.355177 -11.076884
-0.047225 -0.434677 116.933603
-0.000319 -0.001913 1.000000
-0.095183 -0.288066 62.359424
-0.064986 -0.426024 162.231031
0.000014 -0.002132 1.000000
-0.078014 -0.828395 163.571477
0.083631 -0.705492 -7.573134
0.000181 -0.002455 1.000000
-0.122206 -0.926451 262.818469
0.027417 -0.614887 -13.694905
-0.000094 -0.002284 1.000000
0.116124 -0.448023 21.718357
0.035079 -0.479235 19.232404
0.000133 -0.002154 1.000000
0.006524 -0.468759 -85.093654
0.011947 -0.525428 80.956974
0.000412 -0.002669 1.000000
0.013347 -0.417311 -22.769875
0.081446 -0.318681 40.099994
0.000620 -0.002736 1.000000
-0.028186 -0.555869 7.654988
-0.000111 -0.460933 -18.299395
0.000237 -0.002442 1.000000
-0.109007 -0.364320 78.391081
-0.001190 -0.344379 45.929673
-0.000050 -0.001918 1.000000
0.150499 -0.868333 82.202866
0.200528 -1.371616 48.380100
0.000457 -0.003268 1.000000
2.150526 -4.674530 955.260438
0.942893 -1.748204 -1278.302462
0.004244 -0.007519 1.000000
0.488605 -1.997618 439.129083
0.275174 -0.777436 -303.607796
0.000764 -0.003277 1.000000
-0.053370 -0.745794 5.334983
-0.136424 -1.011049 317.377747
-0.000042 -0.002503 1.000000
-0.019165 -0.237685 9.655943
0.007563 -0.446539 58.688243
0.000162 -0.002308 1.000000
-0.111264 -0.625372 54.231044
-0.019027 -0.621019 58.363695
0.000318 -0.002686 1.000000
-0.187395 -0.616286 276.264551
-0.135792 -0.470904 26.008258
-0.000051 -0.002212 1.000000
-0.148683 -1.043854 125.633751
0.073013 -1.464851 613.515737
-0.000032 -0.002468 1.000000
-0.096176 -1.168455 1495.903251
-0.073593 -1.176456 49.771864
-0.000273 -0.002078 1.000000
-0.050812 -0.904727 96.165462
0.000653 -0.654401 46.855852
0.000013 -0.002510 1.000000
-0.059472 -0.444879 120.655150
0.013232 -0.321610 -3.612745
0.000219 -0.002186 1.000000
0.056206 -1.397302 363.010403
-0.035867 -0.539075 -128.830265
0.000102 -0.002715 1.000000
2.907843 -1.453302 -2199.249522
1.984083 -4.691129 2003.351933
0.004404 -0.006698 1.000000
0.974491 -0.582286 -847.443336
1.402208 -3.067423 863.471214
0.002620 -0.005274 1.000000
-1.082119 -0.199703 1135.306146
-0.881014 0.228667 113.750370
-0.002296 -0.000077 1.000000
-0.550690 -1.011994 1132.464711
-0.062016 -0.773725 208.457442
-0.001003 -0.001345 1.000000
1.562085 -2.708996 1313.296189
0.806446 -2.360196 -981.159757
0.002132 -0.004503 1.000000
-0.000733 -0.646711 -106.175909
0.103057 -1.018177 199.102744
0.000306 -0.002580 1.000000
-1.732767 0.646998 2409.798173
-1.201583 0.993903 -934.184993
-0.002966 0.001310 1.000000
-0.361901 -0.701023 670.974092
0.042389 -1.134944 221.754875
-0.000383 -0.001908 1.000000
0.097796 -1.724536 907.988356
-0.082038 -0.443123 83.703187
-0.000054 -0.002193 1.000000
0.157422 -2.115359 2114.411113
0.493213 -1.607710 -458.195402
0.000592 -0.003412 1.000000
0.060686 -1.861877 926.722204
-0.060880 -0.559024 80.919704
0.000040 -0.002384 1.000000
0.617838 -2.581265 995.938061
0.069526 -0.923499 -3.580847
0.000658 -0.003505 1.000000
0.230655 -1.667272 815.021925
-0.008612 -0.942957 -274.146329
0.000380 -0.003079 1.000000
0.766113 -2.391280 874.026766
0.043361 -0.626792 2.880264
0.000829 -0.003133 1.000000
-0.148559 -1.622121 987.658952
-0.074664 -0.631937 64.893526
-0.000305 -0.002113 1.000000
0.595983 -2.053889 1126.579836
0.027570 -0.912256 -37.724318
0.000410 -0.003042 1.000000
0.944039 -2.416128 -2913.982166
1.080591 -2.964571 -1905.202097
0.001905 -0.004618 1.000000
0.059191 -1.047878 361.713583
-0.041590 -0.311908 -69.057397
0.000193 -0.002271 1.000000
-6.089592 6.440507 -4945.000774
-4.220158 4.535208 -2893.819797
-0.010313 0.009087 1.000000
-0.091343 -1.163752 -275.548967
0.258565 -1.490101 1079.377150
0.000833 -0.003282 1.000000
0.178749 -2.021053 938.243700
0.144343 -0.728802 15.331853
0.000284 -0.002515 1.000000
0.283461 -2.021556 955.563086
0.046806 -0.293256 -46.988071
0.000233 -0.002264 1.000000
2.233669 -3.875982 1788.406577
0.439024 -1.327310 -210.121389
0.002440 -0.004516 1.000000
-0.215067 -0.918457 594.199236
-0.030312 -0.505540 -129.283152
-0.000355 -0.001838 1.000000
1.736659 -2.848833 1462.187860
1.946330 -3.903478 2487.196869
0.003693 -0.006235 1.000000
0.435807 -1.707386 543.078401
0.228981 -1.544388 1090.655934
0.000254 -0.002509 1.000000
0.121233 -1.728301 1064.364376
0.046278 -0.587703 -24.248542
-0.000053 -0.002056 1.000000
0.290944 -1.646836 860.160557
0.181042 -1.383807 1446.315047
0.000435 -0.002814 1.000000
0.199650 -1.496520 527.679108
-0.003069 -1.256715 -124.989145
0.000170 -0.003036 1.000000
0.580946 -1.962161 1230.316278
0.101717 -0.750988 140.188629
0.000431 -0.002450 1.000000
0.090926 -0.859518 340.996849
0.084119 -0.333329 34.239623
0.000397 -0.002236 1.000000
0.069221 -1.745420 902.101578
-0.078590 -0.526700 79.476404
0.000038 -0.002299 1.000000
0.272218 -2.049117 901.525383
0.010218 -0.313395 39.675281
0.000356 -0.002526 1.000000
0.378601 -2.023852 513.762857
0.347161 -1.148686 -491.180348
0.001073 -0.003865 1.000000
-0.017552 -1.419058 853.587599
-0.083155 -0.161311 49.867800
-0.000054 -0.001800 1.000000
-0.134903 -1.320156 856.562095
-0.114546 -0.350413 27.426191
-0.000112 -0.002068 1.000000
-0.126693 -1.107080 508.084932
-0.133859 -1.312541 168.120314
-0.000155 -0.002965 1.000000
0.020336 -1.077954 507.844101
-0.125047 -0.814493 -21.681031
-0.000021 -0.002783 1.000000
0.261108 -1.775139 845.975351
-0.012755 -0.788574 -39.846984
0.000278 -0.002701 1.000000
0.097077 -1.506213 725.311569
-0.006581 -0.641643 -94.507012
-0.000023 -0.002493 1.000000
0.693072 -2.368761 1117.753108
0.147200 -0.371753 -72.612909
0.000870 -0.002784 1.000000
0.863002 -2.738275 1135.234797
0.222008 -0.436713 -93.880703
0.001013 -0.003188 1.000000
-0.015831 -1.668886 513.294567
-0.054203 -0.830870 188.976702
-0.000244 -0.002203 1.000000
1.092614 -2.971423 1066.868464
0.198498 -0.287954 13.091594
0.001309 -0.003041 1.000000
-0.986101 0.076110 -681.352771
-0.712664 0.051579 -63.286023
-0.002162 0.000214 1.000000
0.674153 -2.270100 893.494626
0.058323 -0.231765 -168.536664
0.000905 -0.002995 1.000000
0.984833 -3.105070 1174.124439
0.163218 -0.990049 83.052370
0.001114 -0.003728 1.000000
-0.054743 -1.160554 931.004825
0.015269 -0.654431 78.406150
-0.000114 -0.002030 1.000000
-0.169338 -1.157741 226.526754
-0.045638 -0.448478 -6.991721
-0.000185 -0.002159 1.000000
0.051635 -1.321024 777.740011
0.015534 -0.178931 -28.792065
0.000064 -0.001883 1.000000
0.047020 -1.808123 938.464941
-0.006236 -0.508934 74.886880
0.000026 -0.002120 1.000000
0.008792 -1.747420 667.338079
0.013506 -1.244004 61.248103
0.000027 -0.002992 1.000000
0.165485 -1.404279 561.410823
-0.031159 -0.655566 7.525544
0.000008 -0.002298 1.000000
0.083927 -1.012196 489.311194
-0.080894 -0.379229 62.901929
-0.000123 -0.002053 1.000000
0.155400 -1.216865 516.401198
0.007626 -0.679882 25.434358
0.000044 -0.002268 1.000000
0.369072 -1.515003 649.128091
-0.016538 -0.447873 -37.620111
0.000302 -0.002509 1.000000
0.061335 -0.349486 213.314595
-0.162256 0.220878 21.055959
-0.000479 -0.001010 1.000000
0.241782 -0.345601 219.983891
-0.303301 0.656862 108.884929
-0.000720 -0.000144 1.000000
-0.017257 -1.117839 382.487918
-0.099208 -0.529534 14.357182
-0.000201 -0.001973 1.000000
0.471776 -0.241138 153.161233
-0.088949 0.496696 31.213006
-0.000323 -0.000482 1.000000
0.616236 -0.033952 63.456440
-0.089757 0.830503 4.993418
-0.000313 -0.000105 1.000000
0.511120 0.114935 -54.006696
-0.238331 0.850185 118.713581
-0.000484 -0.000007 1.000000
1.000000 0.000000 -0.000000
-0.000000 1.000000 -0.000000
-0.000000 0.000000 1.000000
1.372277 -0.306005 20.972883
0.148098 1.101579 -75.514796
0.000448 -0.000216 1.000000
0.067273 -1.756144 1643.659752
-0.055791 -0.507496 176.189348
-0.000154 -0.002155 1.000000
1.005641 -2.039268 -44.180935
0.514477 -0.772636 -750.325130
0.001857 -0.003946 1.000000
0.466546 -1.658231 721.918948
0.146795 -0.477083 -68.138403
0.000438 -0.002360 1.000000
0.632343 -1.482488 259.940658
0.259512 -0.815717 -305.726758
0.000595 -0.003309 1.000000
0.261766 -1.922209 679.030552
0.065416 -0.967662 -99.780307
0.000365 -0.003344 1.000000
0.057839 -1.255246 527.022723
-0.023120 -0.471420 -115.437713
-0.000035 -0.002296 1.000000
0.225557 -1.140633 388.460016
0.069410 -0.982652 42.423876
0.000113 -0.002535 1.000000
0.169822 -1.423488 502.794308
-0.018191 -1.265862 78.330764
0.000045 -0.002959 1.000000
0.872115 -1.329880 454.641896
0.388148 -0.401816 -113.318146
0.001017 -0.002718 1.000000
0.267347 -1.204231 325.994854
0.140033 -0.790340 -48.168846
0.000160 -0.002588 1.000000
0.828248 -0.229645 105.088722
0.157717 0.830263 -95.765302
0.000303 -0.000797 1.000000
0.130423 -0.819253 226.402091
0.070635 -0.283323 -109.398766
0.000244 -0.002132 1.000000
0.014218 -0.636283 122.919236
-0.033386 -0.669215 58.838993
-0.000115 -0.002285 1.000000
-0.134091 -0.617577 174.114632
0.077166 -0.714368 73.118165
0.000163 -0.002330 1.000000
0.616237 -2.082009 729.457333
0.237473 -0.676589 -273.989815
0.000782 -0.003044 1.000000
0.207658 -1.552881 789.284982
-0.030773 -0.328208 53.431076
0.000153 -0.002056 1.000000
-0.008419 -1.035334 157.666831
0.064713 -0.940595 -104.981548
0.000063 -0.002856 1.000000
-0.304755 -0.792569 509.699671
-0.140183 -0.659341 54.961725
-0.000349 -0.002022 1.000000
-0.150371 -0.632829 189.882733
-0.072552 -0.482873 78.495617
-0.000037 -0.002057 1.000000
0.211556 -1.659664 745.683165
-0.020755 -0.594141 -47.019989
0.000278 -0.002546 1.000000
0.088738 -0.686399 83.613071
0.071962 -0.475372 -109.884544
0.000237 -0.002382 1.000000
0.012322 -0.676115 160.921118
0.045272 -0.525195 3.045188
-0.000028 -0.002027 1.000000
-0.287107 -0.812411 519.379620
-0.111711 -0.582778 12.462552
-0.000318 -0.001794 1.000000
-0.109503 -0.284651 124.668398
-0.121436 -0.311989 51.062782
-0.000175 -0.001773 1.000000
0.315072 -0.820597 396.744219
0.055988 0.122118 -32.224628
-0.000145 -0.001307 1.000000
-0.130749 -0.728026 173.888330
-0.089098 -0.734961 152.380053
-0.000185 -0.002123 1.000000
-0.227010 -0.845366 505.861021
-0.156691 -0.511754 24.488360
-0.000069 -0.002178 1.000000
