1.543882 -0.291900 -44.100405
0.547156 1.326615 -424.558300
0.000495 -0.000201 1.000000
0.782707 0.451397 -174.123811
0.097850 1.379640 -263.186063
-0.000804 0.000806 1.000000
-0.581222 -0.685194 416.912274
-0.388689 -0.627000 306.240411
-0.001098 -0.001255 1.000000
0.215655 -1.112843 359.304647
-0.007339 -0.691236 32.059810
0.000064 -0.002293 1.000000
1.477888 -0.094139 -108.232898
0.293310 1.178407 -136.276249
0.000448 -0.000161 1.000000
1.000000 0.000000 -0.000000
-0.000000 1.000000 0.000000
-0.000000 -0.000000 1.000000
24.584424 10.129968 -8510.820857
4.008870 23.870793 -7252.026429
0.011830 0.021001 1.000000
1.163125 0.276993 -150.463467
-0.046603 1.323862 -287.623383
-0.000232 0.000613 1.000000
0.620464 0.451566 54.482088
-0.113377 1.495553 -171.984854
-0.000664 0.000932 1.000000
0.064417 -1.602462 1063.727698
0.105491 -0.763757 148.298541
0.000772 -0.002948 1.000000
-0.514068 -1.383537 808.737754
0.173300 -1.407983 132.428411
0.000144 -0.003327 1.000000
-0.065296 -0.737018 174.496039
0.115807 -0.812289 3.971187
-0.000165 -0.002337 1.000000
-0.975358 0.262277 -200.862548
-0.525437 0.240356 50.987433
-0.002675 0.000755 1.000000
-0.685757 -0.563556 183.251017
-0.309384 -0.505121 227.941498
-0.001337 -0.001105 1.000000
-0.456589 -3.436027 1513.299286
0.373505 -4.590818 559.854869
0.002106 -0.008312 1.000000
-0.767035 -0.824374 424.827123
-0.450113 -0.599289 243.537032
-0.001250 -0.001337 1.000000
-1.497050 -0.685099 384.733793
-0.892847 -0.780217 446.148280
-0.002368 -0.001118 1.000000
-0.596916 -0.980838 466.405869
-0.307443 -0.918771 257.965760
-0.000759 -0.002107 1.000000
-0.553144 0.432465 13.476536
-0.328360 0.630534 21.028515
-0.001940 0.000708 1.000000
-1.244041 -0.714491 419.193514
-0.522793 -0.579163 270.028609
-0.001719 -0.001189 1.000000
-0.595515 -0.750122 357.810717
-0.291301 -0.573634 180.071723
-0.000998 -0.001511 1.000000
-9.405015 8.505897 -4729.383831
-4.812754 8.501541 -737.578386
-0.018036 0.019995 1.000000
-9.458990 9.556203 -4799.567005
-4.881561 8.299149 -4923.947721
-0.017465 0.022185 1.000000
-5.363875 -6.180909 2966.384030
-0.689404 -8.100502 1706.265303
-0.000764 -0.013405 1.000000
-0.249914 -1.197212 689.169180
-0.104124 -0.922404 108.945338
-0.000236 -0.002451 1.000000
0.115332 -1.947415 742.876465
0.182852 -1.361922 -92.970387
0.000233 -0.003282 1.000000
-0.190762 -1.946481 517.335181
0.152638 -2.065794 274.862861
0.000007 -0.003506 1.000000
-0.446956 -1.133851 397.172669
-0.136053 -0.882240 188.251455
-0.000569 -0.002177 1.000000
-0.784299 -1.539543 873.543270
-0.292428 -1.441928 371.544920
-0.000349 -0.003030 1.000000
-0.102949 -1.203341 476.460568
-0.093081 -1.061631 187.532295
-0.000140 -0.002395 1.000000
-0.237377 -1.072286 399.062523
-0.182605 -1.007313 142.665297
-0.000450 -0.002253 1.000000
-0.155177 -0.883729 86.609248
-0.079778 -0.745521 -197.709152
-0.000274 -0.002162 1.000000
0.372270 -1.653141 790.600256
0.179137 -1.068624 -329.845329
0.000343 -0.003205 1.000000
-0.185278 -1.003696 512.565407
-0.145233 -0.869193 -4.401963
-0.000425 -0.002130 1.000000
-0.142426 -1.470628 486.653262
-0.021501 -1.073911 79.496942
-0.000146 -0.002710 1.000000
0.335690 -1.691312 1403.607265
0.223794 -1.090750 -709.130553
0.000586 -0.003352 1.000000
-0.051850 -1.198081 457.644403
-0.094009 -0.921578 84.165007
-0.000334 -0.002253 1.000000
-0.144007 -0.737599 -257.486251
-0.038206 -0.689798 -275.653878
-0.000424 -0.002203 1.000000
-0.477817 -0.542215 439.756557
-0.299609 -0.536540 79.880035
-0.000847 -0.001496 1.000000
-0.185561 -0.900065 258.856439
-0.154253 -0.683610 59.913115
-0.000488 -0.001919 1.000000
-0.044885 -1.170734 461.542457
-0.151219 -0.942838 93.907404
-0.000338 -0.002272 1.000000
0.452654 -1.233808 -99.644369
-0.329625 -1.365047 381.740514
-0.000064 -0.002890 1.000000
3.965658 -3.004564 -2296.546927
0.794590 -3.459692 642.660063
0.003618 -0.006996 1.000000
2.108625 -2.467563 -1267.050906
0.748232 -1.553006 506.645898
0.002622 -0.005242 1.000000
-5.854516 4.079331 3158.800115
-2.419953 0.588101 146.730143
-0.008843 0.005197 1.000000
-0.180285 -0.363303 278.527330
-0.150189 -0.311370 66.700885
-0.000708 -0.001447 1.000000
4.922941 -6.505765 -2270.085092
1.684976 -3.914627 -89.164468
0.005022 -0.009263 1.000000
-0.452769 -0.702881 644.807341
-0.384761 -0.475482 201.479248
-0.000982 -0.001432 1.000000
9.868207 -12.653541 -4478.783705
4.321344 -8.103970 274.710593
0.012976 -0.018693 1.000000
-1.320772 0.463359 954.744620
-0.379852 0.603483 -169.678875
-0.001840 0.000184 1.000000
-0.462755 -0.678270 680.640791
-0.250645 -0.370862 78.671960
-0.000857 -0.001397 1.000000
-0.757097 -0.188831 597.992338
-0.630602 -0.391609 208.467641
-0.001556 -0.000936 1.000000
0.476260 -1.244276 -328.687050
-0.077546 -1.087768 50.411212
0.000033 -0.003028 1.000000
-0.094181 -0.792911 402.871608
-0.104077 -0.817989 -135.229929
-0.000518 -0.002069 1.000000
-0.351205 -0.461362 470.542308
-0.295579 -0.444895 23.334577
-0.000983 -0.001525 1.000000
-0.110831 -0.805434 416.286146
-0.105915 -0.436869 -27.569715
-0.000602 -0.001753 1.000000
-0.160988 -1.476702 1015.689539
0.079978 -0.559235 -519.428019
-0.000184 -0.002627 1.000000
0.017446 -1.417806 947.424774
0.019475 -1.420324 27.555992
0.000284 -0.003250 1.000000
-0.457832 -0.924008 300.150318
-0.088316 -0.460908 -177.522006
-0.000673 -0.001854 1.000000
0.072774 -1.003989 373.110350
0.009211 -1.189488 -206.217386
-0.000155 -0.002712 1.000000
-0.394097 -0.433601 -213.857598
-0.359625 -0.091001 -46.505512
-0.001290 -0.001023 1.000000
0.139762 -0.766148 -56.624398
0.028977 -1.058091 -15.346030
-0.000035 -0.002608 1.000000
-0.093368 -0.799619 -190.155921
-0.000721 -0.485400 -45.567188
-0.000338 -0.002210 1.000000
0.790308 -2.389433 2600.892473
1.258244 -3.722858 636.744666
0.002465 -0.006544 1.000000
-0.504425 -0.492436 1465.210088
-0.169751 -0.251322 -88.319977
-0.001053 -0.001228 1.000000
0.450123 -1.707307 551.851433
0.337272 -1.126390 -609.551983
0.000565 -0.003269 1.000000
-0.004965 -1.750643 1010.705176
0.006012 -1.182393 -108.236944
-0.000269 -0.002786 1.000000
-0.089538 -1.240369 572.414279
-0.070179 -1.174254 -49.801052
-0.000111 -0.002755 1.000000
-0.282555 -0.472856 -167.109736
-0.218165 -0.163547 -162.512627
-0.001112 -0.001475 1.000000
-0.353106 -0.897808 697.890422
-0.162190 -0.637832 -723.728618
-0.000673 -0.001889 1.000000
-0.213941 -0.954822 22.129083
-0.278353 -0.793394 -79.786761
-0.000626 -0.001962 1.000000
1.408344 -3.196852 68.387039
1.415900 -2.015364 -1656.891889
0.003607 -0.006542 1.000000
-0.460859 -0.870906 -69.360270
-0.366106 -0.423109 -57.117781
-0.001203 -0.001735 1.000000
0.101538 -1.472274 559.304728
0.115032 -1.121126 -84.113056
0.000222 -0.003036 1.000000
-0.102660 -0.874053 310.037121
-0.076164 -0.387948 -69.874976
-0.000537 -0.001886 1.000000
-0.347960 -0.988473 595.271735
-0.220028 -0.765203 0.100076
-0.000635 -0.001925 1.000000
-0.198653 -0.721103 -60.133497
-0.001775 -0.663666 168.915076
-0.000315 -0.002045 1.000000
-0.027549 -0.964834 -203.278481
0.154767 -0.967338 170.876721
0.000227 -0.002798 1.000000
0.150580 -1.765135 617.593210
0.290739 -1.411977 -484.318253
0.000337 -0.003321 1.000000
-0.949722 0.327252 -1452.391174
-0.637315 0.538161 330.050286
-0.002257 0.000434 1.000000
-0.358132 -0.936194 610.980041
-0.071181 -0.567244 -143.644988
-0.000669 -0.001998 1.000000
0.101664 -1.825189 -207.628933
0.106914 -1.104008 -537.207197
0.000105 -0.002978 1.000000
-0.755370 -0.463872 844.369433
-0.321670 -0.274124 -82.326801
-0.001353 -0.001030 1.000000
-0.192273 -0.887712 -585.772655
0.072556 -0.717424 120.138232
-0.000286 -0.001969 1.000000
-0.164718 -0.561707 41.517079
-0.193413 -0.286388 19.626281
-0.000916 -0.001594 1.000000
0.047024 -0.984683 76.793130
0.034928 -0.413619 5.059327
-0.000171 -0.002095 1.000000
0.080978 -1.280963 282.711847
0.090634 -1.068746 -229.263865
-0.000050 -0.002743 1.000000
-0.413223 -0.942582 587.133376
-0.288276 -0.660755 -118.361550
-0.000773 -0.001718 1.000000
0.059423 -0.698098 139.615007
0.021011 -0.409586 9.279402
0.000035 -0.002068 1.000000
-0.753357 -0.492861 1216.823853
-0.368318 -0.262808 -98.583477
-0.001236 -0.001027 1.000000
0.545649 -1.757649 -30.289908
0.397653 -1.319423 -553.615500
0.000529 -0.003459 1.000000
-0.587551 -0.442926 -1149.308949
-0.457297 -0.274181 116.683231
-0.001380 -0.001178 1.000000
0.075347 -1.862584 -226.356128
0.129730 -1.247971 208.721398
0.000138 -0.002943 1.000000
-0.249172 -0.346879 -85.790853
-0.228398 -0.173928 26.979531
-0.000873 -0.001283 1.000000
-0.781276 0.041769 -120.852162
-0.410138 0.003444 -73.548341
-0.001503 -0.000706 1.000000
-1.077334 -0.585962 456.226876
-0.656871 -0.388247 -14.575580
-0.001662 -0.000939 1.000000
-0.269056 -0.695229 -511.140393
-0.080268 -0.259957 -67.552436
-0.000829 -0.001587 1.000000
-0.684512 -0.908721 214.704870
-0.358612 -0.410511 -42.689061
-0.001077 -0.001379 1.000000
0.112509 -1.613339 189.275043
0.156659 -1.197205 -161.765338
-0.000128 -0.002965 1.000000
0.203810 -1.806199 835.852473
0.600803 -1.444469 -372.237417
0.001302 -0.003847 1.000000
0.564202 -2.159113 21.424428
0.475059 -1.453884 -624.672516
0.001008 -0.003663 1.000000
0.205067 -1.723344 -311.859366
0.018958 -1.162148 -192.824280
0.000068 -0.003006 1.000000
-0.511207 -0.583989 28.179043
-0.318811 -0.388488 124.494442
-0.001054 -0.001135 1.000000
0.348254 -2.296166 1003.816407
0.354687 -1.598989 -553.558094
0.000833 -0.003847 1.000000
-0.078414 -1.360148 476.518250
-0.063729 -0.796296 -184.049471
-0.000159 -0.002470 1.000000
0.130503 -1.292296 492.654985
0.038775 -0.911376 102.719033
0.000156 -0.002515 1.000000
-0.097046 -1.084610 383.475365
-0.116215 -1.004663 143.329569
-0.000318 -0.002408 1.000000
-1.014260 -0.266510 1324.933497
-0.636728 0.172435 -149.688746
-0.001761 -0.000275 1.000000
-0.521522 -0.639578 319.047486
-0.320492 -0.384208 -429.531646
-0.001033 -0.001239 1.000000
-0.300842 -1.681945 85.221075
-0.124032 -1.102207 92.692689
-0.000604 -0.002459 1.000000
-0.282143 -1.000029 -87.783838
-0.084871 -0.565521 152.426780
-0.000572 -0.002033 1.000000
0.155590 -1.453894 -694.383853
0.065928 -0.702603 -2308.652731
-0.000251 -0.002484 1.000000
-0.213448 -1.541752 226.531779
0.374776 -1.303663 -641.040803
0.000499 -0.003676 1.000000
-0.311227 -0.592564 574.496444
-0.150073 -0.358235 -35.252576
-0.000756 -0.001502 1.000000
0.577376 -2.390792 3052.816414
0.485145 -1.393074 -437.843286
0.001243 -0.004723 1.000000
-0.580854 -1.040223 886.580745
-0.321443 -0.442727 -175.769989
-0.000972 -0.001449 1.000000
-0.092212 -1.613107 586.664659
-0.062871 -1.175299 -431.030474
-0.000395 -0.002643 1.000000
-0.165530 -0.944004 222.838845
-0.071387 -0.730269 -75.714210
-0.000353 -0.002372 1.000000
-0.299268 -1.294598 999.763396
0.009456 -0.543871 -136.590783
-0.000265 -0.002204 1.000000
-0.213511 -1.338281 466.095819
-0.107331 -0.741260 -76.375804
-0.000254 -0.002461 1.000000
0.125429 -1.191904 508.491964
0.096438 -0.871059 -131.798901
0.000134 -0.002540 1.000000
-0.126726 -1.214862 850.505467
0.082571 -0.928567 -187.289634
-0.000274 -0.002216 1.000000
-0.039813 -1.243136 1026.021506
-0.096158 -0.766995 204.996906
-0.000229 -0.002109 1.000000
0.132697 -1.507199 139.860248
0.152305 -1.296362 -268.890817
-0.000015 -0.002843 1.000000
-0.501255 -1.126269 539.805901
-0.111221 -0.793983 -282.634474
-0.000745 -0.001977 1.000000
0.270168 -1.962869 727.326718
0.275921 -1.689932 -179.006625
0.000410 -0.003557 1.000000
-0.331392 -1.059663 943.904842
-0.080822 -0.867940 67.341480
-0.000406 -0.002343 1.000000
-0.116076 -1.208694 634.167453
-0.026621 -1.003650 41.132690
-0.000384 -0.002222 1.000000
-0.160789 -1.090795 556.248438
-0.060520 -0.893512 -65.122458
-0.000456 -0.002202 1.000000
0.638936 -1.982049 946.887166
0.765323 -1.584919 -516.917525
0.001533 -0.004321 1.000000
-0.183230 -1.144158 957.931309
-0.119705 -0.601005 -235.423032
-0.000337 -0.002034 1.000000
-0.185063 -1.361719 738.183483
-0.113434 -0.832452 -74.517106
-0.000550 -0.002252 1.000000
-0.431287 -0.991681 449.301122
-0.285131 -0.527249 -427.491753
-0.000816 -0.001610 1.000000
-0.642343 -0.997475 837.673863
-0.314252 -0.682275 62.485470
-0.000846 -0.001516 1.000000
0.198321 -1.994933 877.979784
0.490065 -1.600189 -270.553391
0.000490 -0.003677 1.000000
-0.056516 -0.906959 127.172218
0.108664 -0.957911 -259.393249
-0.000035 -0.002554 1.000000
-0.481823 -0.562055 362.661554
-0.247850 -0.583924 16.699379
-0.000870 -0.001421 1.000000
0.130258 -1.397901 397.947446
0.077672 -1.148112 -79.756122
0.000199 -0.002883 1.000000
0.297281 -1.107842 1093.635971
0.142672 -0.773986 -172.802312
0.000447 -0.002900 1.000000
0.228288 -1.403228 132.310098
0.242189 -0.913894 -667.394984
0.000613 -0.003415 1.000000
-0.602232 -1.553968 1053.728238
-0.038389 -0.321779 -52.024108
-0.000562 -0.001770 1.000000
-0.133654 -1.498087 1014.472781
-0.206156 -0.593687 38.590437
-0.000447 -0.002266 1.000000
-0.448444 -1.040823 528.505012
-0.210131 -0.714908 12.653083
-0.000712 -0.001964 1.000000
0.687048 -2.265978 1573.400509
0.569821 -1.974550 40.419917
0.001250 -0.004691 1.000000
-0.072632 -1.241769 907.152759
0.027179 -0.515309 139.153185
-0.000180 -0.002198 1.000000
-0.715787 -0.894053 1155.309535
-0.325039 -0.449313 -4.682418
-0.001084 -0.001334 1.000000
-0.526635 -0.835841 749.890904
-0.329840 -0.446108 -209.088560
-0.000806 -0.001564 1.000000
-0.337852 -0.983581 496.700354
0.079394 -0.639234 -257.756576
-0.000493 -0.002086 1.000000
0.170433 -1.310489 19.291228
0.033721 -0.910173 -97.004875
0.000054 -0.002498 1.000000
0.003435 -1.952735 564.343420
0.111028 -1.414886 -188.423959
0.000184 -0.003202 1.000000
-0.221194 -1.366071 841.224856
0.005861 -0.812000 -4.483393
-0.000283 -0.002146 1.000000
-0.047234 -1.679220 933.996792
0.038077 -0.894190 -98.108205
0.000077 -0.002887 1.000000
-0.280705 -1.447758 1014.579804
-0.079794 -0.704629 -20.901435
-0.000242 -0.002369 1.000000
-0.436282 -0.990906 678.414740
-0.169960 -0.513384 -138.432525
-0.000758 -0.001587 1.000000
-0.065782 -1.732746 545.944962
0.009694 -0.857121 -309.778613
-0.000164 -0.002441 1.000000
-0.504205 -1.387203 1227.140806
-0.108598 -0.490369 -155.958293
-0.000588 -0.001884 1.000000
-0.158252 -1.101240 123.869732
0.092113 -0.892316 -27.082681
-0.000139 -0.002560 1.000000
-0.756839 -1.019050 1169.331972
-0.221126 -0.399087 -24.430109
-0.000926 -0.001426 1.000000
-0.564412 -1.105174 913.324486
-0.276150 -0.549807 -89.240774
-0.000708 -0.001863 1.000000
0.180445 -1.525851 541.614471
0.123624 -0.947703 -79.424070
0.000163 -0.002809 1.000000
0.027388 -1.447616 1008.708607
0.208682 -0.927371 -183.534291
0.000199 -0.002728 1.000000
0.097408 -1.405644 961.125622
0.239689 -0.904603 -204.890385
0.000310 -0.003303 1.000000
0.428426 -1.801567 -91.669811
0.459177 -1.019705 -459.817408
0.000758 -0.003516 1.000000
0.086077 -1.367347 362.839412
0.122240 -1.468770 48.829382
0.000061 -0.003028 1.000000
0.127344 -1.041059 292.234212
0.014515 -0.811196 151.155841
0.000199 -0.002403 1.000000
-0.250241 -0.977943 237.471500
-0.155933 -0.801814 99.529227
-0.000641 -0.001960 1.000000
-0.787454 -0.298120 375.331753
-0.574905 -0.544274 1042.422281
-0.001419 -0.001044 1.000000
-0.180556 -1.061145 108.510720
-0.185748 -0.663841 -19.379369
-0.000521 -0.002037 1.000000
0.298868 -2.195831 1515.607291
0.291847 -1.491482 -570.331339
0.000373 -0.003527 1.000000
-0.426330 -0.943249 18.534777
-0.122331 -0.560206 56.616472
-0.000641 -0.001809 1.000000
-0.572188 -0.529441 765.463434
-0.290964 -0.347054 -30.786916
-0.001133 -0.001139 1.000000
-0.266902 -1.011232 519.081213
-0.206388 -0.691458 -18.898471
-0.000741 -0.002125 1.000000
-0.083398 -0.763381 58.003511
-0.098315 -0.548915 60.553329
-0.000432 -0.001882 1.000000
0.071173 -0.995063 217.827868
0.015984 -1.099092 20.792948
-0.000255 -0.002416 1.000000
-0.240914 -0.652732 60.629240
-0.044873 -0.756384 22.396210
-0.000618 -0.001900 1.000000
-0.222517 -1.007051 228.783632
-0.061321 -0.786426 87.229766
-0.000465 -0.002067 1.000000
0.025714 -1.013920 363.535102
-0.094676 -0.753352 70.315244
-0.000101 -0.002276 1.000000
0.067907 -0.786776 40.672806
-0.011039 -0.382521 -11.845932
-0.000217 -0.002175 1.000000
-0.300540 -0.841675 240.479449
-0.116559 -0.677791 72.570923
-0.000566 -0.001913 1.000000
0.069440 -0.760147 90.804929
0.010158 -0.961449 -33.625715
-0.000179 -0.002421 1.000000
-0.453335 -0.807950 90.323672
-0.195413 -0.796569 124.268864
-0.000769 -0.001944 1.000000
0.216082 -1.355291 7.132310
-0.008806 -1.137032 -64.306207
0.000001 -0.002541 1.000000
0.335037 -1.919223 -549.564390
0.230667 -1.375548 -220.540895
0.000379 -0.003619 1.000000
-0.105821 -0.981383 781.205684
-0.029015 -0.782433 -117.093656
-0.000295 -0.002382 1.000000
-0.016401 -0.909253 192.830664
-0.141774 -0.466218 -108.373153
-0.000463 -0.001970 1.000000
-0.538018 -0.869906 91.361338
-0.166877 -0.579753 160.426204
-0.000874 -0.001813 1.000000
0.061543 -1.203422 35.496048
0.174895 -1.389703 -102.453380
-0.000125 -0.002934 1.000000
-0.055371 -1.185750 641.154575
-0.106026 -0.937370 45.033161
-0.000179 -0.002194 1.000000
0.415866 -1.393554 344.574064
0.248613 -1.614246 -91.590385
0.000359 -0.003529 1.000000
-0.732449 -0.444098 -28.132642
-0.260964 -0.610044 719.807900
-0.001152 -0.001677 1.000000
8.403796 -12.712853 6084.002567
6.548801 -11.081154 -18448.699389
0.017576 -0.026331 1.000000
0.212567 -0.711866 -189.367359
0.074178 -0.664361 -92.317213
0.000215 -0.002615 1.000000
-0.035418 -0.779143 -537.648306
0.007867 -0.630321 -145.753121
0.000060 -0.002583 1.000000
0.084910 -1.277645 -1512.571178
-0.025828 -0.939102 887.547261
0.000057 -0.002620 1.000000
-0.759279 0.077266 1382.711095
-0.651374 -0.186991 710.093576
-0.002071 -0.000018 1.000000
-0.389579 -1.143481 -713.142532
-0.222920 -0.801563 742.167740
-0.000673 -0.001848 1.000000
0.283181 -1.400911 -449.770969
0.224423 -1.562115 -123.573466
0.000569 -0.002993 1.000000
-0.022319 -1.565342 1563.925977
-0.036432 -0.981674 -293.840120
-0.000126 -0.002467 1.000000
0.034763 -1.187233 -28.591715
0.089483 -0.855788 -52.713767
0.000315 -0.002842 1.000000
-0.412610 -0.296059 -343.447240
-0.363654 -0.399305 45.493102
-0.001178 -0.001026 1.000000
-0.740387 -0.241742 2034.780058
-0.623554 -0.311465 694.925512
-0.002031 -0.000594 1.000000
3.247401 -6.963857 3488.089583
1.388682 -3.753229 -2833.413686
0.008769 -0.013826 1.000000
-0.809309 -0.788037 996.555156
-0.154037 -0.240106 12.322087
-0.001003 -0.001016 1.000000
-0.571557 -1.266141 1082.399708
0.075962 -1.254018 -90.154106
-0.000566 -0.002612 1.000000
-0.313983 -1.540231 1041.523976
-0.002884 -0.665302 -35.244376
-0.000322 -0.002205 1.000000
-0.317167 -1.440538 1032.487001
0.031932 -0.796731 -97.971677
-0.000241 -0.002219 1.000000
-0.486586 -0.930532 1197.377885
-0.218617 -0.619094 -230.286508
-0.000903 -0.001769 1.000000
-0.104924 -1.749435 1023.061728
0.142378 -0.784217 -111.806101
0.000127 -0.002624 1.000000
-0.215904 -1.567365 1095.559978
0.012856 -0.600065 125.271410
-0.000222 -0.002124 1.000000
-0.485749 -0.750539 1285.247001
-0.244301 -0.579874 20.681750
-0.000929 -0.001667 1.000000
-1.455858 0.159864 91.053484
-0.589892 -0.031968 1601.861795
-0.002357 -0.000022 1.000000
1.185663 -2.942016 1404.338250
0.772144 -1.958265 -1152.281731
0.002338 -0.005609 1.000000
-0.331110 -0.662896 1886.257137
-0.249599 -0.585498 901.988358
-0.001065 -0.001498 1.000000
-0.710556 -0.279364 403.502708
-0.392587 -0.190533 1027.525953
-0.001748 -0.000451 1.000000
0.409299 -1.745684 674.357563
0.158807 -1.060163 -219.550383
0.000603 -0.003143 1.000000
-0.428655 -1.466733 1102.138331
-0.023630 -0.633654 10.527867
-0.000437 -0.001966 1.000000
-0.411071 -1.209573 457.288598
-0.109674 -0.607236 -246.435782
-0.000559 -0.001803 1.000000
0.341987 -1.710912 1821.599505
0.156825 -0.651623 -252.610929
0.000582 -0.002950 1.000000
1.594500 -3.061650 -2885.736561
0.828278 -2.033134 472.324086
0.003104 -0.006441 1.000000
-1.026369 0.014075 1104.659375
-0.612010 -0.158474 813.005550
-0.001904 -0.000194 1.000000
-0.179001 -1.585680 920.580107
0.074942 -0.937459 25.645528
-0.000196 -0.002216 1.000000
0.005838 -1.428551 1709.669057
-0.150758 -0.843744 610.118446
-0.000110 -0.002402 1.000000
-0.458586 -0.974849 828.364987
-0.331396 -0.727860 88.791668
-0.000985 -0.001713 1.000000
-1.054822 0.309041 2150.566234
-0.605408 0.267485 1.457399
-0.002532 0.000335 1.000000
-0.140064 -0.588335 187.484574
-0.055485 -0.229235 100.515943
-0.000501 -0.001503 1.000000
-0.336260 -1.365066 902.604690
0.004327 -0.515011 -49.180793
-0.000348 -0.001968 1.000000
-0.477212 -0.753046 792.944437
-0.113053 -0.653293 70.271462
-0.000666 -0.001611 1.000000
-2.453007 1.651673 1291.052811
-1.515342 1.146252 2893.214958
-0.004903 0.003649 1.000000
-0.026595 -1.970328 889.278473
0.231019 -1.167463 -326.428017
0.000294 -0.003339 1.000000
0.267920 -1.985465 554.727687
0.065862 -0.861968 -144.436729
0.000252 -0.003114 1.000000
-0.348277 -1.246508 622.540540
-0.146593 -1.134953 -80.344881
-0.000450 -0.002361 1.000000
-0.236354 -1.043264 450.498818
-0.100451 -0.965461 -264.050029
-0.000345 -0.002546 1.000000
-0.195836 -1.188211 797.457140
0.047947 -0.728004 -41.092997
-0.000306 -0.002275 1.000000
-0.381756 -1.265034 804.146100
-0.089829 -0.844018 40.260099
-0.000636 -0.002199 1.000000
-0.371861 -1.493281 1077.940126
0.038555 -0.650006 -99.580347
-0.000296 -0.002154 1.000000
-0.284789 -1.234315 933.617718
0.111072 -0.459397 -97.824628
-0.000256 -0.002030 1.000000
-0.329022 -0.964682 773.264727
-0.041930 -0.472845 -7.889718
-0.000520 -0.001725 1.000000
-0.441034 -1.387722 763.004533
-0.127767 -0.738193 -130.616056
-0.000434 -0.002146 1.000000
-1.327647 0.244954 -225.299155
-0.600536 0.235123 917.331501
-0.002309 0.000193 1.000000
-0.483253 -1.595546 991.351006
-0.011654 -0.787702 -32.795749
-0.000644 -0.002065 1.000000
-0.540288 -1.086903 1001.257450
-0.151968 -0.580531 10.308971
-0.000708 -0.001630 1.000000
0.700492 -2.519906 1294.099900
0.171699 -0.849746 -55.081611
0.000964 -0.003575 1.000000
-0.314298 -0.470846 171.782672
-0.067035 -0.156483 -114.006428
-0.000736 -0.001379 1.000000
-0.246025 -0.938332 516.408470
-0.087980 -0.476070 -78.668645
-0.000275 -0.002044 1.000000
-0.614972 -1.080811 951.771137
-0.082296 -0.307597 -67.289430
-0.000734 -0.001602 1.000000
-0.399054 -0.826771 655.099084
-0.223808 -0.580646 128.674110
-0.000867 -0.001604 1.000000
-0.126765 -1.242300 630.831446
0.038613 -0.815569 -164.941226
-0.000172 -0.002522 1.000000
-0.352236 -0.747973 257.422082
-0.196240 -0.559263 39.954526
-0.000718 -0.001662 1.000000
-0.534720 -1.026393 686.321978
-0.268177 -0.625591 25.194440
-0.000779 -0.001728 1.000000
-0.328387 -0.954088 812.462430
-0.143237 -0.387889 -77.824772
-0.000752 -0.001442 1.000000
-0.134505 -0.812093 242.128108
0.010977 -0.873718 -16.599119
-0.000126 -0.002609 1.000000
-0.169074 -1.335185 690.643680
0.159851 -1.520387 -32.497871
0.000348 -0.003418 1.000000
-0.208768 -1.138979 657.028017
-0.051735 -0.508107 -220.695959
-0.000474 -0.002341 1.000000
-0.247078 -1.141101 285.154037
-0.068492 -0.868391 -22.460376
-0.000179 -0.002594 1.000000
0.181777 -1.238848 853.276058
0.062495 -1.127163 -221.490866
-0.000032 -0.002641 1.000000
-0.176331 -1.287766 541.371918
-0.053788 -1.178846 9.852256
-0.000274 -0.002527 1.000000
-0.367735 -0.812287 293.217505
-0.307473 -0.555843 -98.521227
-0.000919 -0.001561 1.000000
-0.292804 -1.257332 797.694450
-0.051865 -0.870264 -15.426992
-0.000313 -0.002404 1.000000
0.932317 -2.324652 1486.164611
0.532960 -1.520740 84.804073
0.001257 -0.003902 1.000000
0.118315 -1.058113 492.763237
-0.028677 -0.266379 -166.659733
-0.000205 -0.001996 1.000000
-0.480193 -1.086006 850.879887
-0.100223 -0.351300 -117.246846
-0.000618 -0.001629 1.000000
2.109805 -5.010806 -1093.489835
1.954136 -2.738658 -1641.253716
0.003424 -0.007394 1.000000
-0.655361 -0.983078 733.471193
-0.246507 -0.177190 -168.235641
-0.001098 -0.001262 1.000000
0.374304 -1.777581 831.010050
0.257258 -0.734088 -306.718582
0.000582 -0.003188 1.000000
-0.056629 -1.226306 329.299358
-0.048049 -0.999153 71.523356
-0.000256 -0.002539 1.000000
-0.057254 -1.609018 588.767162
0.090675 -1.122551 -201.829115
0.000060 -0.002784 1.000000
-0.220555 -1.207882 487.717909
0.020951 -1.061205 -55.734828
-0.000445 -0.002682 1.000000
-0.134332 -1.459299 945.044663
0.001491 -1.000123 47.788560
-0.000243 -0.002817 1.000000
-0.470215 -1.097542 622.640563
-0.313170 -0.867637 143.059294
-0.000786 -0.001975 1.000000
-0.396625 -0.792951 265.418962
-0.130735 -0.262567 -305.934409
-0.000924 -0.001484 1.000000
-0.135520 -1.083923 316.222271
-0.044161 -0.735411 80.194547
-0.000371 -0.002191 1.000000
0.142787 -1.032167 151.802931
0.109020 -0.516298 -123.148516
0.000723 -0.003089 1.000000
-0.189608 -0.656653 317.687478
-0.086840 -0.373953 -76.095934
-0.000566 -0.001748 1.000000
0.222233 -1.642971 381.937082
0.404912 -1.360630 -165.847886
0.001107 -0.003898 1.000000
-0.204767 -1.107388 462.550409
-0.140620 -0.883800 179.211185
-0.000387 -0.002435 1.000000
0.176621 -0.977039 15.260662
-0.009030 -0.745749 22.132574
-0.000075 -0.002511 1.000000
-0.515194 -1.213379 543.917265
-0.067647 -1.418907 156.385044
-0.000531 -0.002973 1.000000
-0.275852 -0.932873 569.414582
-0.097826 -0.604735 -228.714123
-0.000617 -0.001901 1.000000
0.000994 -0.954243 186.272899
0.028931 -0.724909 -16.125825
-0.000190 -0.002369 1.000000
-0.075784 -1.403006 473.139768
0.045068 -0.922988 -45.770785
-0.000154 -0.002618 1.000000
0.125222 -1.807277 706.197776
0.075183 -0.897768 -138.146451
0.000278 -0.003016 1.000000
-0.087607 -1.219529 420.803328
-0.077226 -0.549591 0.143231
-0.000335 -0.002003 1.000000
-0.448945 -0.922972 502.697858
-0.297308 -0.565732 64.933678
-0.000961 -0.001546 1.000000
-0.252412 -1.182275 370.554388
-0.168060 -0.830874 194.584197
-0.000524 -0.001898 1.000000
0.073239 -1.759763 1087.842813
0.216216 -1.151520 -187.222439
0.000524 -0.002918 1.000000
