-0.265308 -1.038629 602.999738
0.010276 -0.838791 -146.976283
-0.000504 -0.001920 1.000000
-0.350268 -0.700862 338.463364
-0.156646 -0.570776 -188.170125
-0.000828 -0.001586 1.000000
0.045293 -0.919589 -63.772652
0.117884 -0.712542 -121.225220
-0.000052 -0.002248 1.000000
-0.032897 -0.974568 -4.652446
-0.060005 -0.739515 -57.120957
-0.000085 -0.002543 1.000000
-0.074782 -0.991341 215.689875
-0.111545 -0.996937 137.644369
-0.000228 -0.002378 1.000000
-0.414673 -0.490473 27.126476
-0.312423 -0.351861 102.438945
-0.001098 -0.000926 1.000000
0.125940 -1.418612 139.385486
0.178921 -1.002124 -101.107658
-0.000170 -0.002631 1.000000
0.158202 -0.997402 -41.089047
0.189283 -1.056114 -159.131210
0.000517 -0.003268 1.000000
-0.171034 -0.623475 147.638057
-0.206669 -0.724018 143.092486
-0.000570 -0.001841 1.000000
-0.404201 -1.324666 806.581580
0.067153 -0.712666 -106.699254
-0.000432 -0.002060 1.000000
-0.266221 -0.928872 526.766019
0.017302 -0.584022 -90.544531
-0.000478 -0.001847 1.000000
0.054633 -0.827826 12.619032
-0.005603 -0.650964 0.890802
-0.000254 -0.002270 1.000000
-0.104976 -1.457484 825.223480
0.140469 -1.089953 -292.633881
0.000019 -0.002900 1.000000
-0.403258 -1.317183 478.236746
-0.130474 -0.912056 -66.367924
-0.000518 -0.002248 1.000000
-0.335717 -1.019064 578.688964
-0.048946 -0.981100 -61.210901
-0.000304 -0.002177 1.000000
0.054600 -1.016235 247.012673
-0.017058 -0.883120 -83.806513
-0.000249 -0.002282 1.000000
-0.027225 -1.116431 385.939803
0.149839 -0.865601 -170.572218
0.000096 -0.002565 1.000000
-0.185792 -0.670062 308.081067
-0.137744 -0.465306 -13.789722
-0.000509 -0.001536 1.000000
-0.306713 -0.661046 125.390670
-0.201502 -0.364901 -243.077727
-0.000865 -0.001385 1.000000
-0.094501 -0.856930 110.957811
-0.034576 -0.773237 51.123424
-0.000391 -0.001935 1.000000
0.010785 -1.028822 88.243196
0.095782 -0.876923 33.638489
-0.000070 -0.002312 1.000000
-2.561514 1.495928 2293.190021
-1.705545 0.870652 1916.191142
-0.004057 0.002494 1.000000
-0.736431 -0.573078 1153.093910
-0.476535 -0.355770 -286.019700
-0.001133 -0.000873 1.000000
0.124561 -1.284071 528.747372
0.269623 -1.254888 -260.088892
-0.000059 -0.002946 1.000000
-0.084789 -1.033505 117.711004
-0.007946 -1.029765 -289.978028
-0.000113 -0.002737 1.000000
-0.044402 -1.344332 427.675586
-0.090519 -0.844926 -179.444120
-0.000272 -0.002321 1.000000
0.127864 -0.782395 -162.469747
-0.086310 -0.879585 181.543434
-0.000097 -0.002253 1.000000
0.181018 -1.317173 313.198571
0.206577 -1.915056 -181.532429
0.000063 -0.003261 1.000000
-0.265749 -0.846648 361.475306
-0.086492 -0.606483 -178.290247
-0.000787 -0.001596 1.000000
-0.171067 -0.886915 498.941344
0.031126 -1.321789 47.396167
-0.000152 -0.002571 1.000000
-0.229431 -1.011365 237.220834
-0.126583 -1.049479 44.235829
-0.000427 -0.002442 1.000000
-0.160493 -0.988177 176.964038
0.203773 -0.967852 -332.561749
0.000087 -0.002946 1.000000
-0.177213 -0.669171 346.352231
-0.099815 -0.848057 -152.770532
-0.000424 -0.002115 1.000000
-0.456791 -0.596507 695.359934
-0.205240 -0.446058 -34.221222
-0.000793 -0.001338 1.000000
-0.080961 -0.792305 105.936056
-0.140325 -0.801338 108.041115
-0.000447 -0.001825 1.000000
-0.535615 -0.759096 379.867253
-0.154551 -0.984405 -111.109091
-0.000649 -0.002270 1.000000
-0.294426 -0.752614 340.969310
-0.133318 -0.839275 -131.618885
-0.000420 -0.002329 1.000000
-0.141801 -0.787716 246.179387
-0.031317 -0.807929 -74.041889
0.000008 -0.002537 1.000000
-0.412647 -0.454243 49.610566
-0.216828 -0.610812 -7.616052
-0.001087 -0.001374 1.000000
0.289789 -1.254751 25.686647
0.080055 -1.080084 -51.452070
0.000040 -0.002907 1.000000
-0.538864 -0.156422 -383.229880
-0.545663 -0.040766 270.472637
-0.001528 -0.000331 1.000000
-0.253082 -0.705654 89.726448
-0.055921 -0.526139 -106.104641
-0.000662 -0.001544 1.000000
-0.248624 -0.876482 425.318635
-0.081883 -0.869556 -84.426634
-0.000450 -0.002028 1.000000
-0.216816 -0.682119 138.553401
-0.176305 -0.542278 -28.176711
-0.000619 -0.001532 1.000000
-0.211384 -0.397650 109.216032
-0.210045 -0.372432 14.076399
-0.000924 -0.001138 1.000000
-0.085107 -1.026098 396.103352
-0.104923 -0.716116 -53.857995
-0.000411 -0.002083 1.000000
-0.203679 -0.763469 310.862254
-0.109047 -0.782969 -24.700009
-0.000532 -0.001904 1.000000
0.163285 -0.978127 143.173833
0.050041 -0.927805 -148.139457
-0.000189 -0.002464 1.000000
0.121678 -1.118085 224.210724
0.085547 -1.015554 -123.668162
-0.000202 -0.002650 1.000000
0.384031 -1.825769 207.053081
0.355972 -1.268571 -211.653772
0.000704 -0.003716 1.000000
-0.049152 -0.949074 731.962814
-0.057957 -0.940663 -91.216920
-0.000097 -0.002467 1.000000
-0.242162 -0.715688 389.433839
-0.154279 -0.554025 -41.901150
-0.000485 -0.001760 1.000000
0.302901 -1.296191 -136.462290
0.024820 -0.884333 -130.881339
0.000152 -0.002576 1.000000
0.262680 -1.720859 325.688388
0.133893 -0.944402 -83.751626
0.000311 -0.002852 1.000000
0.020352 -1.519371 -2.271104
0.187963 -1.092987 -289.074518
0.000032 -0.002705 1.000000
0.026781 -1.216966 200.491357
-0.040299 -1.072107 92.907620
-0.000113 -0.002507 1.000000
-0.007056 -1.363742 430.939424
0.086736 -1.006584 -49.950964
-0.000216 -0.002510 1.000000
0.500600 -2.291037 494.473074
0.304172 -1.782299 -107.880359
0.000395 -0.003697 1.000000
0.205748 -1.474404 333.898368
0.094468 -1.095043 -18.819079
0.000042 -0.002758 1.000000
-0.150017 -0.843593 474.937354
-0.150259 -0.660440 88.923816
-0.000490 -0.001771 1.000000
0.063490 -1.145180 144.914173
0.125617 -0.994487 138.210603
-0.000036 -0.002415 1.000000
0.135304 -1.387250 356.919120
0.074092 -0.803841 -0.154038
0.000062 -0.002563 1.000000
0.171562 -0.880804 97.430049
0.170164 -0.794772 35.384888
0.000437 -0.002686 1.000000
-0.139511 -1.213503 521.734427
-0.025562 -1.016277 -25.153513
-0.000386 -0.002357 1.000000
0.046109 -0.836922 170.589683
0.012811 -0.597842 -8.740178
-0.000316 -0.002028 1.000000
0.002866 -1.430634 511.997708
0.172714 -1.259991 -38.766811
-0.000075 -0.002765 1.000000
-0.020585 -0.968499 402.415468
0.036620 -0.661406 15.618617
-0.000073 -0.002082 1.000000
0.001618 -1.098805 304.269828
-0.084526 -0.482709 -62.293822
-0.000402 -0.001999 1.000000
0.157335 -1.293581 171.021263
0.263487 -1.150590 -63.240050
0.000377 -0.003117 1.000000
0.026418 -1.134713 327.001298
-0.113682 -0.591898 78.699588
-0.000329 -0.002014 1.000000
-0.004491 -1.024795 372.782331
0.096205 -0.852556 54.915019
-0.000185 -0.002205 1.000000
-0.126003 -1.138666 467.293755
0.043457 -1.079284 -13.857766
-0.000386 -0.002453 1.000000
0.051912 -1.091431 180.959546
0.006606 -0.801828 113.788801
-0.000283 -0.002186 1.000000
0.015793 -1.843465 1335.269226
0.220210 -1.085372 -363.033862
0.000285 -0.003179 1.000000
0.208047 -1.379421 157.592966
0.109687 -1.114598 -53.625655
0.000080 -0.002939 1.000000
-0.388323 -0.979609 454.979799
-0.202742 -0.725672 -49.835518
-0.000587 -0.001857 1.000000
0.040927 -1.325942 336.993502
0.223063 -1.294304 34.559363
0.000181 -0.002813 1.000000
-0.066459 -1.062574 352.429524
0.005090 -0.959154 155.641709
-0.000240 -0.002127 1.000000
-0.011362 -1.345243 457.112578
-0.053705 -0.729903 2.589137
-0.000143 -0.002388 1.000000
0.228984 -1.600012 548.654660
0.349667 -1.001904 -156.714973
0.000401 -0.002904 1.000000
-0.080186 -1.383574 483.134587
0.005126 -0.983613 79.436352
-0.000264 -0.002334 1.000000
0.007320 -1.662075 562.823078
0.185058 -1.312933 -16.662257
0.000105 -0.003054 1.000000
-0.014565 -1.370005 585.028339
0.018612 -0.854385 66.116823
-0.000119 -0.002223 1.000000
0.122143 -1.328062 505.125335
0.034387 -0.467649 -3.495099
0.000020 -0.002387 1.000000
-0.033554 -0.393401 215.156733
-0.069564 -0.144964 56.328932
-0.000386 -0.001322 1.000000
0.126514 -3.456275 867.841775
0.934905 -3.284567 151.826227
0.001864 -0.006080 1.000000
0.666989 -1.026880 241.512539
0.117434 -0.064135 -16.806187
0.000223 -0.001982 1.000000
0.841962 -1.128574 217.501597
0.305687 -0.021453 -43.737752
0.000415 -0.002186 1.000000
1.606802 5.018958 -1437.252113
-1.339659 6.076890 -841.072060
-0.003213 0.007140 1.000000
0.687990 -1.023998 374.971985
0.243987 -0.200467 -19.478345
0.000493 -0.001851 1.000000
0.357326 -1.038013 410.815042
0.219973 -0.549380 27.941661
0.000270 -0.002082 1.000000
0.854924 -0.651488 265.979051
0.304044 0.256002 -41.793473
0.000565 -0.001272 1.000000
1.530219 0.355973 -113.552139
0.183850 1.812956 -89.369155
0.000564 0.000615 1.000000
3.241711 3.460116 -1553.226569
-0.637271 6.315982 -1388.755974
-0.001143 0.005719 1.000000
1.602368 0.173776 -275.173201
0.023268 1.738897 -417.455080
0.000197 0.000398 1.000000
1.176228 -0.790000 53.854218
0.245291 0.632834 -42.602699
0.000452 -0.001352 1.000000
3.703055 1.883598 -1289.666924
0.025658 4.700084 -1230.383531
0.000321 0.003481 1.000000
1.000000 0.000000 0.000000
-0.000000 1.000000 -0.000000
-0.000000 -0.000000 1.000000
1.236013 -0.031164 -37.656493
0.184181 1.202849 -80.019104
0.000288 -0.000091 1.000000
0.270241 -1.584256 457.753881
0.206484 -1.213864 8.113314
0.000290 -0.003085 1.000000
-0.099775 -1.269660 493.205741
-0.012049 -1.159008 173.995126
-0.000237 -0.002485 1.000000
0.086872 -1.400624 438.092889
0.395878 -1.614450 -128.749598
0.000239 -0.003352 1.000000
0.203439 -2.155105 631.834641
0.662782 -2.871001 -125.892316
0.000616 -0.004931 1.000000
-0.124749 -0.814268 296.360620
-0.194779 -0.713697 118.535482
-0.000598 -0.001807 1.000000
-0.226386 -0.780169 372.868282
-0.227334 -0.683653 144.334703
-0.000633 -0.001731 1.000000
0.019127 -0.832677 327.861704
0.047452 -1.171299 -387.127077
-0.000448 -0.002820 1.000000
-0.132184 -0.958977 162.890270
-0.170683 -0.852457 66.023998
-0.000540 -0.002220 1.000000
0.073840 -1.116073 382.977591
-0.021485 -0.838007 100.397496
-0.000190 -0.002213 1.000000
-0.134617 -1.123226 448.447565
-0.013461 -0.818577 78.514750
-0.000382 -0.002085 1.000000
0.409843 -0.981402 447.933761
0.177400 -0.217129 9.588579
0.000229 -0.001727 1.000000
0.008501 -1.353285 494.748232
0.180398 -0.676819 -128.285102
0.000046 -0.002631 1.000000
-0.238650 -1.660835 704.942411
0.130436 -1.235952 -108.836359
-0.000096 -0.003004 1.000000
0.502598 -1.307960 475.538888
0.127572 -0.276486 -76.052020
0.000416 -0.002250 1.000000
-0.000107 -1.389200 510.371853
0.113599 -0.859782 -79.744432
0.000087 -0.002691 1.000000
0.042532 -1.767691 453.922288
0.239867 -0.922855 -191.142068
0.000034 -0.002854 1.000000
2.678641 1.013883 -591.647896
0.218100 3.394692 -511.790006
0.000951 0.002031 1.000000
0.622401 -0.424701 191.736083
0.012990 0.445561 136.535974
-0.000093 -0.000681 1.000000
0.654984 -0.177132 110.157108
-0.024002 0.785861 -12.670831
-0.000073 -0.000388 1.000000
0.422030 -0.176910 158.626089
-0.135628 0.676702 64.808537
-0.000374 -0.000295 1.000000
0.771692 0.664758 -90.218278
-0.276971 1.862712 -40.038191
-0.000584 0.001382 1.000000
0.224502 -1.115275 407.753198
0.159926 -0.724484 -93.985885
0.000233 -0.002522 1.000000
0.232637 -1.292184 427.305938
0.194095 -1.074558 -30.457414
0.000291 -0.002851 1.000000
0.213036 -1.468494 552.481304
0.105435 -0.912773 3.721674
0.000218 -0.002701 1.000000
0.082832 -1.334419 380.635575
0.164426 -1.059287 -207.972517
0.000124 -0.002825 1.000000
0.051032 -1.663288 567.305484
0.030784 -1.201029 -25.042872
0.000044 -0.002998 1.000000
0.126274 -1.271029 395.327566
0.130062 -1.139527 -20.700919
0.000013 -0.002658 1.000000
0.128028 -1.351955 412.474224
0.139273 -1.022368 11.353538
0.000096 -0.002771 1.000000
0.267876 -1.227678 336.885501
0.047742 -0.924865 68.570545
0.000125 -0.002513 1.000000
0.359360 -1.946785 463.173632
0.207184 -1.626741 51.038141
0.000297 -0.003284 1.000000
-0.057856 -1.482586 561.661102
0.035012 -1.043199 -9.076773
0.000072 -0.002708 1.000000
-0.183136 -1.006756 509.397827
-0.006030 -1.018895 -33.982775
-0.000228 -0.002329 1.000000
-0.144995 -1.225857 691.685473
0.027923 -1.125257 -66.647713
-0.000131 -0.002673 1.000000
-0.199382 -0.753050 320.513386
-0.094283 -0.568488 -0.483549
-0.000421 -0.001726 1.000000
0.180381 -1.584807 325.271650
0.174623 -1.129423 -191.351959
0.000257 -0.002986 1.000000
0.222121 -1.397410 489.046089
0.076459 -0.791986 106.332173
0.000165 -0.002532 1.000000
0.358242 -0.756612 313.613190
-0.025046 -0.134008 136.591829
-0.000078 -0.001428 1.000000
2.831557 0.462079 -465.727619
0.582438 2.569755 -236.561827
0.001630 0.001038 1.000000
0.403434 -0.759571 311.291792
0.063595 -0.058257 54.706572
0.000107 -0.001539 1.000000
-0.077146 -0.907098 426.138057
-0.030510 -0.737323 -58.083855
-0.000374 -0.002251 1.000000
-0.569366 -1.088896 824.546546
-0.288718 -0.734312 -66.389280
-0.000643 -0.001729 1.000000
-0.620718 -1.389122 1005.946169
-0.128072 -0.719938 33.686587
-0.000579 -0.002209 1.000000
-0.080221 -1.333814 537.879096
0.063888 -1.057508 -106.374772
-0.000115 -0.003155 1.000000
-0.239236 -1.178345 758.179812
-0.051641 -0.885278 68.184337
-0.000397 -0.002391 1.000000
-0.410200 -0.719371 1194.063635
-0.259116 -0.633403 140.086465
-0.000754 -0.001596 1.000000
-0.253494 -1.367797 1811.503811
-0.090751 -0.599654 -9.259650
-0.000397 -0.001975 1.000000
0.103457 -0.598929 135.235815
0.048555 -0.786606 -184.838300
0.000051 -0.002329 1.000000
0.093394 -1.000711 522.120326
0.002673 -0.934078 31.845535
-0.000030 -0.002312 1.000000
-0.381070 -1.190919 700.245247
0.082902 -0.927055 -128.213388
-0.000271 -0.002575 1.000000
0.127392 -1.223367 451.263708
0.041678 -1.011550 63.081587
-0.000034 -0.002365 1.000000
0.286304 -1.815099 71.801946
0.572084 -1.900744 -304.736801
0.001039 -0.004224 1.000000
-0.412900 -0.939277 1580.796793
-0.351902 -0.482823 -173.318406
-0.000811 -0.001620 1.000000
-0.426458 -1.219945 626.715421
-0.192222 -0.524118 -137.608894
-0.000689 -0.001795 1.000000
0.106527 -1.689594 664.455336
0.084720 -1.095922 -431.078381
-0.000014 -0.002972 1.000000
-1.244239 0.387345 128.346672
-0.706536 0.211551 -510.486406
-0.002005 0.000353 1.000000
-0.670170 -1.285478 829.289231
-0.222100 -0.810260 1.632799
-0.000784 -0.001935 1.000000
-0.416388 -1.619996 1134.582357
0.395043 -1.418342 97.809483
0.000274 -0.003254 1.000000
0.187079 -1.941636 659.081208
0.218191 -1.660803 -73.520016
0.000818 -0.004249 1.000000
0.145837 -2.018953 1365.061139
0.150006 -0.808702 129.245883
0.000332 -0.002890 1.000000
-0.178118 -1.788829 1408.943621
0.192517 -0.752962 27.943910
0.000027 -0.002411 1.000000
0.226550 -1.432844 327.477780
0.127801 -1.249234 -202.285457
-0.000038 -0.002958 1.000000
-0.210821 -1.079328 641.606304
-0.000773 -0.926718 -25.694808
-0.000350 -0.002148 1.000000
-0.338363 -1.521869 575.384059
-0.039845 -1.042697 33.320447
-0.000437 -0.002877 1.000000
0.113645 -1.190097 376.724233
0.035563 -0.569962 -0.382676
-0.000045 -0.002318 1.000000
-0.307426 -0.581649 129.013088
-0.368279 -0.988916 164.451855
-0.000749 -0.001969 1.000000
-0.180470 -0.498607 155.965278
-0.085155 -0.507666 91.176025
-0.000411 -0.001644 1.000000
-0.308298 -0.661049 131.994924
-0.324301 -0.751615 56.734120
-0.000671 -0.001963 1.000000
0.194617 -0.894217 -451.821913
-0.039864 -1.463132 229.504505
-0.000033 -0.002619 1.000000
-0.114678 -0.670168 55.027422
-0.105449 -0.895860 157.524078
-0.000358 -0.002086 1.000000
0.260315 -1.380821 363.361881
0.140554 -0.682875 -264.195777
0.000231 -0.002645 1.000000
-0.241928 -1.341796 531.977000
-0.005319 -0.916556 -19.712026
-0.000328 -0.002433 1.000000
-0.021320 -1.293351 686.743395
0.063013 -0.985391 -131.908681
0.000046 -0.002464 1.000000
0.183017 -1.429370 313.884932
0.061107 -1.343520 -45.474644
-0.000022 -0.002892 1.000000
-0.077003 -0.583824 48.898331
-0.036293 -0.606454 56.215486
-0.000450 -0.001914 1.000000
-0.205699 -0.436697 -192.727668
-0.234660 -0.496204 103.939090
-0.000884 -0.001350 1.000000
-0.324700 -0.238842 34.167913
-0.222526 -0.420944 111.871935
-0.001136 -0.000706 1.000000
0.093982 -1.094342 189.712296
0.043946 -1.050418 -177.297534
0.000091 -0.002896 1.000000
-0.014035 -0.965251 158.836556
-0.024118 -0.915479 40.497848
-0.000240 -0.002342 1.000000
0.532455 -1.732906 442.953546
0.586495 -1.718137 -1064.049597
0.001188 -0.004574 1.000000
-0.008025 -0.772390 -858.659467
-0.101467 -0.995340 -153.985313
-0.000361 -0.002314 1.000000
-0.075580 -0.839475 -13.209569
-0.004251 -0.791929 -20.334980
0.000009 -0.002679 1.000000
-0.184891 -0.921486 121.933648
-0.131929 -0.900835 79.685362
-0.000541 -0.002064 1.000000
-0.232295 -0.858669 118.354917
-0.173590 -0.748667 168.128131
-0.000573 -0.001880 1.000000
0.508492 -1.787888 664.973002
0.553468 -1.449633 -301.857482
0.000786 -0.003853 1.000000
0.041386 -1.589784 483.896442
-0.010215 -0.884126 -7.339828
-0.000153 -0.002898 1.000000
0.419186 -1.738671 317.599808
0.150403 -0.886889 -29.068734
0.000087 -0.002900 1.000000
-0.141463 -0.903091 51.173431
-0.043430 -0.706296 91.531728
-0.000596 -0.001656 1.000000
0.099768 -0.885856 -145.819488
-0.023105 -0.520613 12.420159
-0.000079 -0.002196 1.000000
-0.193089 -0.836188 271.665107
-0.120321 -0.965891 -47.737687
-0.000630 -0.002126 1.000000
-0.294412 -1.253622 361.370453
-0.264932 -1.672072 188.215023
-0.000601 -0.002734 1.000000
-0.390722 -0.290881 -345.332816
-0.279961 -0.883036 858.402555
-0.000749 -0.001746 1.000000
-2.059428 1.808556 1753.048445
-2.170281 2.176250 1541.302929
-0.003964 0.003637 1.000000
-0.111575 -0.906636 290.241883
-0.222594 -0.538546 -64.586433
-0.000627 -0.001769 1.000000
-0.093120 -0.605032 56.169973
-0.080319 -0.719152 9.026349
-0.000555 -0.001848 1.000000
0.124773 -1.426899 175.563755
0.063661 -1.184931 -106.381265
-0.000020 -0.002673 1.000000
-0.758923 -0.144807 1069.383672
-0.596409 -0.252227 525.881808
-0.001528 -0.000284 1.000000
-1.049943 0.261730 -192.097985
-0.646369 -0.491204 955.119417
-0.001810 -0.000128 1.000000
0.147635 -1.141621 1075.730042
-0.123707 -1.110518 532.546042
-0.000042 -0.002185 1.000000
-0.334893 -1.044352 1193.348069
-0.230981 -0.758987 439.992294
-0.000631 -0.001421 1.000000
-0.535397 -0.325379 -278.639370
-0.570927 -0.192353 532.601612
-0.001328 -0.000525 1.000000
0.120563 -1.454843 -208.970075
0.086763 -1.113164 -372.707515
0.000116 -0.002766 1.000000
-0.710477 -0.370869 -245.744256
-0.510991 -0.260238 587.735324
-0.001454 -0.000538 1.000000
-0.492558 -0.559868 80.030993
-0.366806 -0.609570 2077.265512
-0.000918 -0.001120 1.000000
-0.669277 -1.050229 976.808728
-0.035505 -0.660824 25.569756
-0.000702 -0.001734 1.000000
0.074728 -1.668192 2106.204572
0.148473 -1.634236 -87.077595
0.000374 -0.003379 1.000000
-0.335695 -1.342488 928.061053
-0.025892 -0.990570 108.820436
-0.000409 -0.002318 1.000000
-0.527889 -0.984844 898.285874
-0.163079 -0.525753 43.328937
-0.000708 -0.001648 1.000000
0.065613 -1.045267 683.538804
0.039019 -1.140809 65.749006
0.000110 -0.002683 1.000000
-0.529906 -1.290221 986.845714
-0.046290 -0.545628 -39.024172
-0.000619 -0.001777 1.000000
-0.436184 -1.067075 928.476109
-0.198325 -0.824140 138.379472
-0.000600 -0.002065 1.000000
-0.519143 -0.891489 1439.241107
-0.325214 -0.509425 24.545933
-0.000973 -0.001307 1.000000
-0.815845 0.098661 -181.031427
-1.028504 0.152855 825.903125
-0.001835 0.000284 1.000000
-0.355182 -0.987202 304.932696
-0.176290 -0.791508 -142.156877
-0.000591 -0.002041 1.000000
-0.739541 -0.910544 1937.490091
-0.488234 -0.489492 432.687226
-0.001027 -0.001330 1.000000
-3.213287 2.447534 -4320.604793
-3.923148 4.216044 -2154.146422
-0.006929 0.006260 1.000000
-0.528379 -1.390678 1211.361565
-0.110099 -0.641014 -75.141877
-0.000575 -0.001999 1.000000
-0.388431 -0.994125 986.890589
-0.108176 -0.430780 37.944687
-0.000516 -0.001605 1.000000
-0.280498 -1.102367 861.360206
-0.020330 -0.972837 -90.167931
-0.000179 -0.002494 1.000000
-0.260404 -0.828634 522.327244
-0.038502 -0.574287 -496.909128
-0.000457 -0.001837 1.000000
1.118613 -2.470104 2534.406694
0.587577 -2.056075 -1246.862593
0.002184 -0.005525 1.000000
-0.557636 -0.655424 910.364627
-0.599833 -0.588624 1096.179204
-0.000929 -0.001154 1.000000
-0.455120 -1.369140 976.801998
-0.082230 -0.551133 -43.533818
-0.000643 -0.001730 1.000000
-0.264315 -0.878941 1309.642014
-0.209652 -1.204045 629.192068
-0.000460 -0.002093 1.000000
0.089368 -1.081422 359.362057
0.100271 -0.793377 -565.293084
-0.000137 -0.002301 1.000000
-5.788772 5.847767 -1990.641713
-3.283687 3.779873 4130.790444
-0.008562 0.009746 1.000000
-0.196766 -0.726399 291.793656
0.015146 -0.498131 44.868661
-0.000349 -0.001802 1.000000
-0.117244 -1.692679 972.701759
0.131731 -0.868744 -223.974573
-0.000002 -0.002611 1.000000
-0.520172 -1.167491 1077.399298
-0.155837 -0.739874 -241.962208
-0.000589 -0.002050 1.000000
-0.075925 -1.990584 768.090458
-0.028315 -0.978278 -463.233129
0.000308 -0.003323 1.000000
-0.505741 -1.097952 888.757037
-0.148972 -0.486959 19.336758
-0.000727 -0.001558 1.000000
-0.312769 -1.016801 723.413899
-0.104393 -0.619799 21.917495
-0.000405 -0.001915 1.000000
-0.197058 -0.996594 521.905823
-0.183283 -0.749807 9.467277
-0.000486 -0.002066 1.000000
-0.104815 -1.246921 443.237519
0.028436 -0.976043 -246.328990
-0.000222 -0.002389 1.000000
-0.105140 -1.720265 933.111487
0.052186 -0.908415 32.007682
-0.000181 -0.002412 1.000000
-0.116077 -1.492794 924.415280
0.066527 -1.130470 -108.490553
-0.000146 -0.002937 1.000000
-0.439376 -1.336898 1006.616274
-0.046101 -0.461548 73.239896
-0.000460 -0.002021 1.000000
-0.494409 -1.012006 912.057825
-0.257139 -0.554688 27.476389
-0.000571 -0.001900 1.000000
-0.060474 -1.335555 954.195215
-0.133078 -0.816973 -86.139393
-0.000229 -0.002278 1.000000
-0.364384 -1.284230 1157.905055
-0.077349 -0.682128 69.655407
-0.000443 -0.002038 1.000000
-0.400109 -0.486324 -468.224892
-0.313537 -0.661226 368.011947
-0.000800 -0.001396 1.000000
-0.298279 -1.242555 989.002672
-0.049993 -1.090208 -110.920760
-0.000421 -0.002483 1.000000
-0.508321 -1.182824 887.988394
-0.177743 -0.913395 -62.139477
-0.000361 -0.002351 1.000000
0.159020 -1.920037 1118.138775
0.266688 -0.958975 -111.756460
0.000319 -0.002684 1.000000
-0.092497 -1.132471 328.619990
0.009856 -0.512446 -104.545729
-0.000220 -0.002213 1.000000
-0.316678 -0.906514 887.974685
-0.018794 -0.946791 -99.088259
-0.000508 -0.002128 1.000000
-0.291868 -1.071946 853.911515
-0.167354 -0.642780 30.580629
-0.000505 -0.001781 1.000000
-0.453258 -0.828272 819.821422
-0.006073 -0.823672 -80.793020
-0.000559 -0.001948 1.000000
-0.215577 -0.979625 541.465261
-0.090334 -0.769560 -32.906312
-0.000515 -0.001824 1.000000
-0.158635 -1.040779 649.097439
-0.059856 -0.978116 138.792639
-0.000251 -0.002122 1.000000
-0.181840 -1.099646 736.297567
0.094115 -0.989616 11.713871
-0.000382 -0.002383 1.000000
-0.046434 -1.359101 574.686117
0.002685 -0.780298 -272.500499
-0.000143 -0.002642 1.000000
-0.235919 -0.813075 819.286132
-0.091381 -0.721707 -19.835322
-0.000565 -0.001971 1.000000
-0.272516 -0.963184 682.707295
-0.133621 -0.975675 56.432286
-0.000431 -0.002209 1.000000
-0.710174 -0.860909 532.957714
-0.251919 -0.260506 -180.571310
-0.001153 -0.001187 1.000000
0.289635 -1.557342 257.208902
0.064578 -1.246668 -90.712567
0.000098 -0.002901 1.000000
-0.187834 -0.876660 500.355851
-0.068848 -0.945915 -0.777349
-0.000331 -0.002358 1.000000
-0.235739 -0.784611 680.170038
-0.300873 -0.870487 -11.920924
-0.000770 -0.001764 1.000000
0.185706 -1.517077 858.343109
-0.064996 -1.380692 64.906119
0.000046 -0.003078 1.000000
-0.242997 -1.354215 636.036246
-0.141559 -1.207413 207.239483
-0.000346 -0.002398 1.000000
-0.695206 -0.590420 974.331386
-0.341197 -0.331839 100.449090
-0.001139 -0.000913 1.000000
-0.325764 -0.669424 425.693372
-0.030422 -0.319454 -21.865938
-0.000592 -0.001472 1.000000
-0.027238 -1.703666 906.621358
0.095433 -0.620384 -349.320769
0.000081 -0.002612 1.000000
0.220476 -1.771571 346.969436
0.010951 -1.142644 -21.971987
-0.000018 -0.002956 1.000000
-0.107584 -1.063861 558.159563
0.149818 -0.872727 -141.961809
-0.000163 -0.002341 1.000000
-0.154007 -1.397669 721.979524
0.028472 -0.664888 -16.181681
-0.000338 -0.002115 1.000000
-0.124918 -1.030353 588.667128
-0.008077 -1.260503 13.255114
-0.000227 -0.002533 1.000000
-0.175122 -0.996540 573.769573
-0.080442 -0.970694 -4.527771
-0.000320 -0.002185 1.000000
-0.034710 -1.011368 500.528793
-0.014993 -1.368592 41.047789
-0.000272 -0.002727 1.000000
-0.056047 -1.140951 285.080695
-0.111434 -1.258096 80.854386
-0.000447 -0.002563 1.000000
0.225415 -1.630739 152.846320
0.177581 -1.505281 -12.166397
0.000065 -0.003192 1.000000
0.073334 -1.397316 125.020522
0.242827 -1.017210 -123.958149
0.000095 -0.002687 1.000000
-0.265318 -1.045108 308.692225
-0.260273 -0.893926 115.717995
-0.000621 -0.002056 1.000000
0.133494 -1.299722 333.444029
-0.025771 -0.662281 -64.413354
-0.000071 -0.002389 1.000000
0.205106 -1.021052 480.732395
0.039364 -0.063279 -23.956296
-0.000078 -0.001707 1.000000
-0.320812 -1.572431 692.229787
0.089361 -1.648557 -38.952769
-0.000062 -0.003027 1.000000
0.209902 -1.480342 284.476950
0.086717 -1.204288 -238.358802
-0.000268 -0.002710 1.000000
-0.045284 -1.467334 333.972079
0.060156 -1.172242 -33.898052
-0.000219 -0.002587 1.000000
-0.107124 -0.762823 141.172123
-0.087724 -0.774150 -110.998045
-0.000470 -0.001988 1.000000
-0.565245 -0.971585 882.324598
-0.143382 -0.455668 5.439685
-0.000768 -0.001495 1.000000
-0.191071 -1.081664 290.046917
-0.137192 -0.805424 32.052891
-0.000427 -0.002200 1.000000
-0.217102 -0.442111 275.696103
-0.208422 -0.673280 13.102072
-0.000710 -0.001750 1.000000
0.129333 -1.207759 214.020579
0.124487 -0.980131 -277.934120
0.000064 -0.002738 1.000000
-0.363079 -0.825084 78.343892
-0.275436 -0.582018 46.217189
-0.000761 -0.001719 1.000000
-0.244231 -1.237590 694.772586
-0.127595 -0.853818 60.315092
-0.000447 -0.002134 1.000000
-0.231832 -1.358863 463.283491
-0.026612 -1.089237 -112.632172
-0.000354 -0.002419 1.000000
-0.451832 -1.239542 665.260439
-0.136644 -0.875327 49.235025
-0.000530 -0.002091 1.000000
