-0.036485 -1.818643 552.373452
0.140206 -0.585662 -90.832388
0.000013 -0.002715 1.000000
0.070593 -1.273135 225.022941
0.277685 -0.481955 -133.686902
0.000516 -0.002922 1.000000
0.078036 -1.071745 151.400868
0.274765 -0.605980 -223.969607
0.000528 -0.003028 1.000000
0.048399 -0.614186 66.027855
-0.093324 -0.590617 118.450617
-0.000447 -0.002087 1.000000
-0.228003 -0.464579 380.892011
-0.249045 -0.262789 95.718742
-0.000845 -0.001268 1.000000
-0.259667 -0.355349 333.174204
-0.140057 -0.193010 84.695389
-0.000686 -0.001154 1.000000
-0.025029 -0.594176 89.336506
0.019066 -0.325897 -45.001514
-0.000252 -0.001935 1.000000
0.321578 -1.137543 -175.031201
0.428041 -0.656684 -256.255534
0.001146 -0.003765 1.000000
0.207253 -1.252181 -111.119928
0.072887 -0.714912 -48.153540
0.000198 -0.002793 1.000000
-0.347347 -1.098641 1014.528368
-0.043498 -0.465547 79.041743
-0.000585 -0.001720 1.000000
-0.163489 -1.552966 275.571656
0.082439 -1.015940 -496.908392
0.000328 -0.003104 1.000000
-0.010690 -0.582079 -174.587152
-0.117762 -0.538680 -47.099382
-0.000533 -0.002264 1.000000
-0.254314 -1.200818 576.981483
0.179746 -0.692816 -267.043330
-0.000009 -0.002368 1.000000
-0.101577 -1.751646 527.601246
0.044219 -0.944733 -277.823766
0.000140 -0.003057 1.000000
-0.142724 -1.178099 527.357493
-0.074774 -0.498622 -27.063475
-0.000501 -0.002049 1.000000
0.614845 -2.056551 58.012102
0.698836 -1.302672 -148.174535
0.001500 -0.004204 1.000000
0.231588 -1.797593 128.605230
0.764013 -0.796198 -422.688249
0.001486 -0.004005 1.000000
0.401981 -2.017719 117.457075
0.248125 -1.393577 3.408950
0.000398 -0.003679 1.000000
0.377296 -1.792562 111.235049
0.396121 -1.122305 -237.806941
0.000841 -0.003668 1.000000
0.060723 -1.265491 227.073981
0.164610 -0.619691 -138.988604
-0.000009 -0.002753 1.000000
0.062564 -1.310546 251.255788
0.166591 -0.705268 -137.673595
0.000132 -0.002751 1.000000
-1.675119 1.027660 -1364.594351
-1.171025 0.512429 -1961.520586
-0.003165 0.002047 1.000000
-0.398973 -0.739655 165.448251
-0.468989 -0.688116 928.666944
-0.000862 -0.001415 1.000000
-0.013453 -1.670662 380.276654
0.231432 -0.745285 -213.784131
0.000280 -0.002883 1.000000
-0.011014 -0.655121 173.659788
-0.032149 -0.377347 -32.614016
-0.000171 -0.001932 1.000000
0.117850 -1.246809 285.025492
0.203244 -0.609034 -142.532722
0.000257 -0.002636 1.000000
-0.175252 -0.707602 151.613402
-0.132190 -0.500635 41.043827
-0.000587 -0.001736 1.000000
0.077020 -0.711667 -19.838673
0.029288 -0.672373 -33.899745
0.000069 -0.002456 1.000000
0.490216 -2.444070 -14.381261
0.632254 -1.375145 -264.114317
0.001238 -0.004559 1.000000
0.335096 -1.827043 447.038740
0.328399 -1.413237 -208.030339
0.000415 -0.003494 1.000000
-0.168112 -0.778221 148.718821
-0.168786 -0.352273 -1.701436
-0.000605 -0.001623 1.000000
-0.201863 -0.798816 150.493021
-0.118777 -0.725352 114.678179
-0.000522 -0.002008 1.000000
-0.032133 -1.180581 417.075005
-0.077713 -0.688950 -485.183424
-0.000262 -0.002429 1.000000
0.086831 -0.801766 203.808468
-0.056109 -0.399774 -97.453555
-0.000443 -0.001935 1.000000
-0.021462 -1.360965 306.750196
0.088238 -0.973013 -234.765178
0.000109 -0.002906 1.000000
-0.085001 -1.107027 317.899187
-0.067630 -0.591488 -125.142048
-0.000188 -0.002265 1.000000
-0.090159 -0.999041 444.226631
-0.093423 -0.657579 22.771135
-0.000337 -0.002080 1.000000
-0.283811 -0.353289 152.075801
-0.185408 -0.256969 92.256544
-0.000806 -0.001133 1.000000
0.136964 -0.238033 131.755348
-0.078492 0.134830 9.278046
-0.000496 -0.000958 1.000000
0.744277 -0.526059 77.171350
0.089197 0.116317 -59.637472
0.000189 -0.001581 1.000000
-0.201861 -0.403154 272.143509
-0.118578 -0.197788 67.402431
-0.000656 -0.001224 1.000000
0.698242 -0.279804 84.908530
0.064917 0.679441 -129.981638
-0.000104 -0.000732 1.000000
0.559445 -0.558727 175.132591
-0.003649 0.265419 16.562876
-0.000160 -0.001129 1.000000
-0.192169 -0.577790 177.329410
-0.133182 -0.438116 151.021614
-0.000545 -0.001610 1.000000
3.802883 5.598111 -2410.797460
-0.590972 7.395806 -1652.464997
-0.001876 0.008036 1.000000
0.485358 -0.185709 73.561628
-0.215520 0.611623 60.182305
-0.000558 -0.000405 1.000000
0.698845 -0.059629 -23.518132
-0.134216 0.839935 -35.691133
-0.000355 -0.000342 1.000000
1.104038 0.001890 -64.599415
0.041616 1.016552 -60.171212
0.000093 -0.000025 1.000000
1.000000 0.000000 -0.000000
-0.000000 1.000000 0.000000
-0.000000 0.000000 1.000000
1.606672 0.405485 -244.466550
0.184634 1.513798 -273.748948
0.000319 0.000548 1.000000
1.315472 -0.402064 61.929878
0.252246 0.788423 -66.020051
0.000579 -0.000696 1.000000
1.291519 -0.037504 -126.401086
0.216135 0.813547 -79.344825
0.000383 -0.000499 1.000000
1.683434 0.431928 -351.111378
0.229442 1.360251 -276.077158
0.000428 0.000214 1.000000
0.126832 -0.348208 155.166519
-0.269349 0.076423 171.419653
-0.000668 -0.000882 1.000000
0.535620 0.097537 44.001876
-0.191634 0.828547 47.443434
-0.000541 0.000122 1.000000
0.402318 0.169129 64.461806
-0.250946 0.880399 65.783130
-0.000710 0.000232 1.000000
0.099364 -0.077266 88.678273
-0.182528 0.344110 -12.305530
-0.000878 -0.000366 1.000000
-0.187642 -0.672011 286.352665
-0.194213 -0.641029 184.513383
-0.000648 -0.001558 1.000000
0.060089 -0.340801 184.869676
-0.264626 0.185943 116.827470
-0.000603 -0.000863 1.000000
0.268748 -1.509498 579.521883
0.098318 -0.848132 51.787786
0.000358 -0.002623 1.000000
-0.410261 -0.191484 170.421840
-0.251615 -0.055783 61.239381
-0.001243 -0.000572 1.000000
-0.124705 -0.536480 234.705784
-0.213821 -0.187596 100.451726
-0.000587 -0.001327 1.000000
-0.210625 -0.325987 134.629779
-0.091891 -0.202334 23.549239
-0.000596 -0.001350 1.000000
-0.100153 -0.974564 306.568138
-0.211756 -0.779069 142.513845
-0.000433 -0.002019 1.000000
-0.392418 -0.408106 148.943341
-0.195965 -0.278479 72.615985
-0.001088 -0.001029 1.000000
-0.115934 -1.232024 477.713663
-0.126890 -1.206497 205.075120
-0.000179 -0.002608 1.000000
0.126032 -1.042541 328.734402
-0.051009 -0.836038 121.149034
-0.000098 -0.002192 1.000000
-0.071844 -0.527706 159.139018
-0.146469 -0.450715 29.493162
-0.000514 -0.001747 1.000000
-0.220036 -0.516756 198.039740
-0.111598 -0.261758 -21.448567
-0.000736 -0.001478 1.000000
-0.293276 -1.080441 565.180540
-0.097179 -0.655868 9.764320
-0.000453 -0.001949 1.000000
-0.079149 -0.873964 160.074317
-0.071752 -0.844542 -65.499243
-0.000411 -0.002306 1.000000
-0.219137 -0.927167 320.309855
-0.028909 -0.806809 13.181059
-0.000456 -0.002094 1.000000
-0.154235 -0.489602 -30.784511
-0.181251 -0.344402 63.847636
-0.000823 -0.001331 1.000000
-0.280158 -0.976266 632.327385
-0.137486 -0.515138 -28.826232
-0.000494 -0.001774 1.000000
1.491007 -0.368289 -7.584858
0.245848 0.819928 -135.092070
0.000451 -0.000339 1.000000
0.484313 -2.278344 658.399172
0.255331 -1.511805 -66.728452
0.000741 -0.003862 1.000000
0.397624 -1.073433 -191.740625
0.108732 -0.617872 -54.632134
0.000574 -0.002821 1.000000
0.060107 -1.120062 162.450661
-0.060514 -0.821859 88.583092
-0.000144 -0.002538 1.000000
-0.419900 -0.629487 286.538165
-0.228272 -0.405068 25.001378
-0.000798 -0.001423 1.000000
0.110630 -0.801564 158.351254
-0.023186 -0.679180 -75.837035
-0.000266 -0.002339 1.000000
0.167793 -0.903623 182.703949
0.028780 -0.677037 -67.141732
0.000048 -0.002486 1.000000
0.184353 -1.465702 395.589784
0.102797 -0.929034 -169.906442
-0.000067 -0.003000 1.000000
-0.011645 -1.237805 419.109993
-0.003734 -0.671121 -186.181245
-0.000291 -0.002379 1.000000
-0.106632 -0.869020 271.371354
-0.051653 -0.638099 -88.545478
-0.000452 -0.002075 1.000000
-0.207262 -0.486608 170.247159
-0.058807 -0.208920 -12.311283
-0.000564 -0.001574 1.000000
0.188937 -0.609192 -17.477618
0.055793 -0.408010 -61.274127
0.000680 -0.002734 1.000000
0.361407 -1.938555 133.057378
0.137438 -1.119111 -218.586791
0.000426 -0.003534 1.000000
0.221088 -1.443038 161.177945
0.092934 -1.290385 -262.048497
0.000110 -0.003587 1.000000
0.037102 -0.578074 32.859785
-0.029650 -0.314799 25.417103
-0.000123 -0.002045 1.000000
0.050645 -0.984318 238.943563
-0.087414 -0.752961 26.676559
-0.000269 -0.002351 1.000000
0.023814 -0.845990 174.977739
-0.205720 -1.042427 134.061379
-0.000536 -0.002409 1.000000
0.779437 -1.744508 -303.083723
0.253570 -1.770498 -149.226553
0.000541 -0.004427 1.000000
0.469438 -1.698721 -244.489425
0.145998 -1.176143 -97.976888
-0.000040 -0.003371 1.000000
-0.140005 -0.462015 61.292895
-0.119453 -0.274179 -40.209698
-0.000615 -0.001576 1.000000
-0.004333 -1.107878 -21.784477
0.056789 -0.388704 -185.124140
0.000088 -0.002547 1.000000
2.094152 -2.454861 -927.262138
1.289551 -1.565786 -1322.503454
0.002665 -0.006049 1.000000
-0.201363 -0.987634 149.987869
-0.056636 -0.472004 2.258827
-0.000346 -0.002192 1.000000
0.137450 -0.902545 174.799624
-0.038208 -0.710163 -34.288839
-0.000412 -0.002238 1.000000
-0.004426 -1.291293 294.776553
-0.135069 -0.945668 -112.044240
-0.000341 -0.002480 1.000000
0.481751 -1.220994 -81.588332
0.279134 -1.104693 -40.449092
0.000701 -0.003305 1.000000
0.075908 -0.992633 306.101097
0.043919 -0.848950 30.762888
-0.000087 -0.002423 1.000000
-0.155146 -0.921109 202.265913
-0.094655 -0.639075 -50.107979
-0.000402 -0.002129 1.000000
0.003122 -1.238513 220.648783
-0.087477 -0.903120 -76.450971
-0.000131 -0.002447 1.000000
-0.299083 -1.576814 449.816016
-0.172857 -1.013134 65.141024
-0.000595 -0.002463 1.000000
-0.070311 -1.185674 306.187068
-0.119585 -0.704595 -72.704699
-0.000365 -0.002404 1.000000
0.012202 -0.845418 231.560561
0.012062 -0.363342 -26.069314
-0.000441 -0.001796 1.000000
0.139545 -0.741871 65.944246
-0.014340 -0.683072 21.246535
-0.000358 -0.002241 1.000000
-0.013565 -1.093989 441.965556
-0.214161 -1.118317 159.479796
-0.000427 -0.002376 1.000000
0.265432 -1.306193 491.847760
-0.067189 -0.847503 -51.165607
0.000178 -0.002684 1.000000
0.235758 -1.251868 21.645084
0.144768 -1.210177 11.117512
0.000117 -0.003103 1.000000
-0.052484 -0.900997 120.411992
0.067319 -0.600885 -144.152270
-0.000107 -0.002416 1.000000
0.577535 -1.739374 471.892174
0.229164 -1.237778 -334.384801
0.000599 -0.003467 1.000000
0.182983 -0.808259 -66.969081
0.087300 -0.707630 -46.569631
0.000134 -0.002655 1.000000
0.690266 -2.554315 855.670148
0.245881 -1.777745 176.805186
0.001175 -0.004653 1.000000
-0.010226 -0.910005 250.380067
-0.088661 -0.862419 48.059547
-0.000165 -0.002455 1.000000
0.030759 -1.081085 161.463829
-0.002631 -0.720583 -161.020909
-0.000283 -0.002494 1.000000
-0.222281 -1.437211 387.762637
-0.175131 -1.473260 -31.565150
-0.000492 -0.002768 1.000000
0.201541 -0.996862 247.129558
0.017208 -0.523608 -147.557188
-0.000157 -0.002237 1.000000
-0.034763 -0.966007 526.277944
-0.062096 -0.487276 -132.322814
-0.000406 -0.002123 1.000000
-0.064735 -1.085623 356.846305
-0.022545 -0.652817 -154.385379
-0.000377 -0.002396 1.000000
-0.094455 -0.818819 292.452078
-0.224508 -0.892621 15.686467
-0.000606 -0.002340 1.000000
-0.107142 -0.981671 368.658274
-0.189828 -0.845291 -100.093174
-0.000502 -0.002227 1.000000
0.180499 -0.874561 93.020331
-0.015245 -0.763574 -171.298154
-0.000355 -0.002410 1.000000
-0.181576 -0.946261 468.410137
-0.095680 -0.616517 -37.315274
-0.000580 -0.001996 1.000000
-0.132747 -1.337661 607.486915
0.018403 -0.984518 -30.241580
-0.000287 -0.002606 1.000000
0.543356 -1.854613 463.823330
0.204481 -1.202882 -407.626384
0.000735 -0.003821 1.000000
0.135966 -1.092397 277.372794
-0.041347 -0.866340 -48.089049
-0.000178 -0.002648 1.000000
0.064533 -1.521128 532.805970
0.191860 -0.871701 -280.981030
-0.000067 -0.002954 1.000000
0.024601 -0.673177 193.792913
-0.086204 -0.553486 -158.240476
-0.000434 -0.001990 1.000000
-0.196502 -1.443615 668.054619
-0.022306 -1.110139 -127.834884
-0.000229 -0.002902 1.000000
0.061154 -1.429139 355.675537
0.105011 -0.946275 -285.352157
0.000374 -0.003155 1.000000
-0.185906 -0.755916 115.931707
-0.045785 -0.330546 -264.845511
-0.000585 -0.001914 1.000000
0.002491 -1.547174 304.755575
0.119933 -1.053655 -260.303323
-0.000121 -0.002994 1.000000
-0.105921 -1.445533 318.053391
-0.148320 -1.194134 47.653079
-0.000281 -0.002683 1.000000
0.054161 -1.300420 447.221705
0.021409 -1.188884 -38.871204
-0.000106 -0.002989 1.000000
-0.057764 -0.958805 149.966557
-0.074545 -0.819014 -14.883736
-0.000521 -0.002324 1.000000
-0.075310 -0.874637 453.793077
-0.107069 -0.821497 80.891062
-0.000319 -0.002125 1.000000
-0.003946 -0.633847 190.852648
-0.001999 -0.628375 -45.946795
-0.000447 -0.002226 1.000000
0.245370 -1.622274 461.804956
0.163791 -0.921261 -187.079796
0.000170 -0.003072 1.000000
4.316711 -6.407580 7867.683947
2.288377 -3.283773 -733.056542
0.006485 -0.009506 1.000000
-0.435566 -1.289186 1054.918615
-0.095325 -0.670391 90.808510
-0.000474 -0.002175 1.000000
-0.310611 -1.283904 593.574341
-0.017099 -0.333997 -266.378522
-0.000401 -0.002436 1.000000
1.345326 -3.568964 5080.428035
1.434854 -1.832789 -1859.047428
0.003162 -0.007241 1.000000
0.387909 -1.757000 -99.699717
0.252556 -0.942098 -413.817607
0.000546 -0.003314 1.000000
-0.312696 -0.884165 554.677114
-0.284276 -0.751484 34.580320
-0.000576 -0.001722 1.000000
-0.097891 -0.991276 520.802460
-0.112336 -0.510633 -172.974666
-0.000405 -0.002101 1.000000
0.021850 -1.393816 674.399400
0.079666 -0.737441 -453.758394
0.000117 -0.002990 1.000000
0.079395 -1.251008 318.032239
-0.094623 -0.983004 -55.208910
-0.000168 -0.002786 1.000000
0.058077 -0.816117 188.877346
0.008569 -0.599490 -154.508074
-0.000190 -0.001889 1.000000
-0.099418 -1.259741 216.304495
0.174668 -1.075939 -285.795300
-0.000073 -0.002957 1.000000
-0.222294 -1.944311 529.041544
0.057331 -0.972355 -162.721638
0.000073 -0.002845 1.000000
-0.066773 -1.215721 714.512604
-0.010711 -0.734110 -175.464185
-0.000297 -0.002497 1.000000
-0.387879 -1.194476 125.809690
-0.158671 -0.509047 -16.241800
-0.000617 -0.001908 1.000000
-0.567002 -0.982132 854.839668
-0.297960 -0.580452 -671.826371
-0.001067 -0.001563 1.000000
-0.049410 -2.260645 787.118183
0.047563 -1.148276 -154.716773
0.000085 -0.003060 1.000000
-0.028709 -1.716903 1075.240345
0.037019 -0.427115 43.193612
-0.000042 -0.002336 1.000000
0.300014 -1.031843 641.587161
-0.117454 -0.804436 -204.352618
-0.000095 -0.002783 1.000000
0.732350 -2.436049 956.733770
0.373967 -1.081155 -279.966528
0.000952 -0.003659 1.000000
0.016288 -1.234802 877.691146
-0.189328 -0.859562 9.994022
-0.000185 -0.002232 1.000000
-0.155866 -1.458423 760.923001
-0.048448 -0.973692 -13.849543
-0.000080 -0.002644 1.000000
-0.050417 -0.832428 468.829222
-0.029754 -0.489331 -113.573288
-0.000261 -0.002130 1.000000
0.002824 -0.811132 179.961142
-0.118018 -0.475234 -13.142989
-0.000477 -0.001976 1.000000
-0.288117 -0.907586 451.162650
-0.058933 -0.526024 -119.903541
-0.000366 -0.002116 1.000000
-0.057709 -0.415760 122.316757
-0.057799 -0.333030 -16.706773
-0.000674 -0.001668 1.000000
0.112386 -0.690003 108.053767
0.101031 -0.646097 9.973596
0.000080 -0.002231 1.000000
0.103697 -0.523652 48.340718
0.000520 -0.524061 35.093945
-0.000300 -0.001945 1.000000
-0.266325 -0.903350 4.116998
-0.302970 -0.750161 794.603893
-0.000677 -0.001754 1.000000
0.026003 -0.575190 107.907692
-0.010508 -0.358728 50.109219
-0.000119 -0.002126 1.000000
0.192896 -1.646971 602.517876
0.127368 -0.917860 -697.080519
0.000271 -0.003364 1.000000
-0.127125 -1.024117 124.998846
-0.091510 -0.661474 -26.413283
-0.000477 -0.002231 1.000000
0.136544 -1.340000 443.028022
-0.032926 -0.798085 -81.334035
0.000015 -0.002652 1.000000
-0.027717 -1.350113 467.773635
-0.010306 -1.157631 -149.732519
-0.000216 -0.002872 1.000000
-0.082274 -0.491984 12.501407
-0.181793 -0.653744 146.721938
-0.000530 -0.001995 1.000000
-0.063116 -0.272088 -62.827208
-0.142026 -0.486096 189.954483
-0.000444 -0.001592 1.000000
-0.037971 -0.317525 -18.517214
-0.021582 -0.396427 74.145709
-0.000336 -0.001815 1.000000
-0.029586 -0.605230 146.668365
-0.045897 -0.549603 22.597391
-0.000311 -0.001893 1.000000
0.058532 -0.895400 192.846649
0.067259 -0.436506 -143.604749
-0.000176 -0.002132 1.000000
-0.035179 -0.509913 29.627890
-0.011508 -0.370966 8.585842
-0.000398 -0.001874 1.000000
-0.136677 -0.812741 -285.369291
0.013734 -0.749576 72.702567
-0.000297 -0.002238 1.000000
-0.129443 -0.974778 69.184345
-0.160611 -1.002527 66.763535
-0.000044 -0.002557 1.000000
0.047375 -0.402164 -81.130948
-0.045343 -0.499345 24.943958
-0.000498 -0.001994 1.000000
0.172348 -0.824857 -0.921382
0.045107 -0.630636 4.071186
-0.000123 -0.002124 1.000000
-0.141098 -0.387959 28.138834
-0.138886 -0.254320 -8.418909
-0.000790 -0.001417 1.000000
0.011453 -1.330362 409.185104
0.070613 -0.676908 -183.457952
-0.000097 -0.002617 1.000000
-0.116705 -0.901741 454.072261
-0.099500 -0.677424 -26.743413
-0.000344 -0.002358 1.000000
-0.239136 -0.429339 -31.678606
-0.292143 -0.610304 173.362403
-0.000788 -0.001447 1.000000
0.048196 -0.059678 -66.879706
-0.012905 -0.145024 35.993204
-0.000431 -0.001643 1.000000
-0.154698 -0.539237 -79.897767
-0.158550 -0.483727 71.961768
-0.000729 -0.001678 1.000000
-0.257389 -1.638580 437.333253
-0.129276 -1.194092 119.151113
-0.000339 -0.002582 1.000000
-0.268968 -0.923926 -169.444118
-0.252688 -0.863493 634.531127
-0.000731 -0.001931 1.000000
-0.220890 -1.582972 83.533406
-0.274919 -1.119809 1121.739169
-0.000200 -0.002480 1.000000
-0.012180 -0.877255 -59.539940
0.108517 -0.658453 -102.101807
-0.000048 -0.002262 1.000000
-0.171948 -0.592646 12.459349
-0.169123 -0.527213 53.757570
-0.000593 -0.001839 1.000000
-0.330693 -1.617914 529.322476
0.301490 -0.806622 -490.462223
-0.000139 -0.003001 1.000000
-0.304883 -0.854044 -756.477680
-0.467421 -1.056084 386.724228
-0.000656 -0.001846 1.000000
-0.000551 -1.222875 -185.184282
-0.042962 -1.189787 493.198420
-0.000074 -0.002721 1.000000
-0.134091 -0.923152 495.809151
-0.166840 -0.634187 910.351222
-0.000500 -0.001883 1.000000
-0.236509 -1.548457 1961.235740
-0.102385 -1.007870 830.638521
-0.000088 -0.002430 1.000000
-1.247158 0.307173 -1488.174429
-0.900158 0.616180 -822.417735
-0.002505 0.001189 1.000000
0.055452 -0.614897 -91.992269
0.081351 -0.633086 90.629342
-0.000077 -0.002196 1.000000
-0.616740 -0.233530 445.500568
-0.562457 -0.563974 889.772781
-0.001169 -0.000710 1.000000
-0.811436 -0.187313 158.999647
-0.592997 -0.317181 1025.476947
-0.001491 -0.000473 1.000000
-0.481117 -1.412840 994.741850
-0.163030 -0.669906 62.513319
-0.000587 -0.002020 1.000000
-0.604914 -0.811455 1141.829400
-0.518034 -0.638091 836.945590
-0.001038 -0.001322 1.000000
-0.696765 -1.031969 958.147156
-0.106903 -0.213122 34.079674
-0.000811 -0.001273 1.000000
-0.245050 -1.476478 1030.885637
-0.152813 -0.445564 5.777512
-0.000420 -0.001982 1.000000
-0.202974 -1.607774 1202.663493
-0.124528 -1.032035 -467.948081
-0.000016 -0.002886 1.000000
-0.567581 -1.357929 979.423188
-0.117471 -0.585588 -73.765443
-0.000679 -0.001891 1.000000
-0.573701 -1.324407 1013.851731
-0.114463 -0.511358 71.031483
-0.000688 -0.001665 1.000000
-0.003545 -1.712578 1331.726805
-0.177570 -1.012065 -0.001471
-0.000115 -0.002664 1.000000
0.197469 -1.228245 874.510162
-0.088764 -1.293280 1155.053687
-0.000061 -0.002209 1.000000
-0.138323 -1.015542 927.382954
-0.098438 -0.677326 -244.104919
-0.000286 -0.002450 1.000000
-0.206504 -1.131883 2035.133909
-0.322628 -1.007082 90.101772
-0.000345 -0.002231 1.000000
-0.251674 -0.944490 -50.483962
-0.263061 -0.836495 1132.412565
-0.000473 -0.001794 1.000000
-0.430418 -1.637683 1137.269563
0.033391 -0.487572 -66.022167
-0.000318 -0.002091 1.000000
-0.466279 -1.365516 984.840441
-0.030605 -0.225951 21.936396
-0.000504 -0.001696 1.000000
-0.191463 -2.429234 1417.618621
0.353513 -0.952678 -746.864007
0.001237 -0.004022 1.000000
0.254170 -1.260955 935.757179
-0.058346 -0.863842 -257.503929
0.000159 -0.002795 1.000000
0.014074 -1.670427 180.056402
-0.065997 -1.235231 1863.757200
0.000398 -0.002985 1.000000
-0.586554 -0.788219 827.935236
-0.528887 -0.764548 799.393070
-0.000928 -0.001210 1.000000
-0.602261 -1.216914 1178.512293
-0.112015 -0.393679 -230.234764
-0.000767 -0.001655 1.000000
-0.512228 -0.607843 1327.828352
-0.460421 -0.658665 929.020776
-0.000939 -0.001151 1.000000
-0.452845 -1.091918 917.016136
-0.294152 -0.633008 -195.558165
-0.000808 -0.001773 1.000000
-0.189736 -1.247828 1156.374904
-0.176812 -0.717740 -249.949461
-0.000289 -0.002232 1.000000
-0.153605 -0.922925 63.444732
-0.125104 -0.330431 16.493828
-0.000512 -0.001768 1.000000
-0.325416 -1.412777 984.326307
-0.104751 -0.443730 29.975559
-0.000434 -0.001864 1.000000
-0.445980 -1.441423 1027.814224
-0.073452 -0.369846 10.866855
-0.000458 -0.001852 1.000000
0.070846 -1.434780 1753.995559
0.170945 -0.514182 -166.275302
-0.000143 -0.002687 1.000000
-0.535148 -1.245525 944.456948
-0.000714 -0.216565 -23.884287
-0.000570 -0.001610 1.000000
-0.489014 -1.627497 869.369077
-0.042311 -0.505968 -160.836687
-0.000563 -0.002224 1.000000
-0.113165 -1.388740 1011.802446
-0.017371 -0.660966 -161.560558
-0.000183 -0.002127 1.000000
-0.531827 -1.233935 797.764690
-0.231767 -0.684935 -70.395405
-0.000638 -0.002048 1.000000
-0.318929 -1.416956 1036.630106
0.038084 -0.629513 -47.325022
-0.000189 -0.002127 1.000000
-0.055270 -1.921372 972.992316
0.059507 -0.788223 -131.435313
0.000175 -0.002958 1.000000
-0.166285 -1.868302 1033.087759
0.021143 -0.620637 29.108559
-0.000100 -0.002384 1.000000
0.995472 -2.960942 1084.559384
0.233623 -0.713167 -215.996234
0.001097 -0.003719 1.000000
0.052454 -1.676650 1044.279558
0.167493 -0.704497 -325.109312
0.000120 -0.002524 1.000000
-0.109325 -1.807527 1289.930378
0.024213 -0.895221 -66.146410
0.000073 -0.002803 1.000000
-0.259714 -0.540783 184.252233
-0.274209 -0.461564 542.395289
-0.000700 -0.001326 1.000000
-0.440597 -1.315386 1058.421128
-0.056625 -0.736023 -167.578041
-0.000551 -0.002382 1.000000
-0.384984 -1.490574 943.658298
-0.063050 -0.545483 21.974653
-0.000372 -0.002022 1.000000
-0.472595 -1.314872 1154.255950
-0.059283 -0.199932 -32.286504
-0.000475 -0.001663 1.000000
-0.507125 -1.394581 430.212573
-0.103620 -0.481883 -9.508125
-0.000745 -0.001957 1.000000
-0.396391 -1.253830 905.475141
-0.065932 -0.542632 -44.452155
-0.000452 -0.001808 1.000000
-0.270608 -1.268556 1010.907044
-0.150609 -0.697192 80.168582
-0.000326 -0.001953 1.000000
-0.223607 -1.357397 794.399505
0.046298 -0.566310 -147.715043
-0.000201 -0.002308 1.000000
-0.017042 -1.208722 768.706777
0.235332 -0.557611 -370.636300
0.000100 -0.002806 1.000000
-0.132489 -0.972247 364.434107
-0.023425 -0.574056 -153.667061
-0.000238 -0.002170 1.000000
-0.281010 -1.229336 790.098951
0.052924 -0.509200 -332.200818
-0.000314 -0.002356 1.000000
0.109054 -1.162376 509.292057
0.141993 -0.330430 -241.962381
0.000006 -0.002250 1.000000
-0.188114 -1.242552 541.616131
-0.077976 -0.594642 -238.942889
-0.000265 -0.002535 1.000000
-0.381528 -1.100037 673.099121
-0.065200 -0.690163 -63.308743
-0.000417 -0.002187 1.000000
-0.395535 -1.450107 801.429520
0.005980 -0.338618 -365.613266
-0.000405 -0.002334 1.000000
-0.157972 -1.284184 643.186239
0.055707 -0.835682 -155.442136
-0.000156 -0.002675 1.000000
-0.293631 -0.854535 395.824868
-0.197192 -0.398733 -14.350935
-0.000707 -0.001453 1.000000
-0.502718 -0.897344 673.303051
-0.177833 -0.634478 127.901989
-0.000675 -0.001761 1.000000
-0.118683 -1.145242 497.373003
0.034677 -0.762769 -157.220103
-0.000295 -0.002249 1.000000
-0.394425 -1.183010 567.076052
-0.127360 -0.632914 -105.626880
-0.000549 -0.001967 1.000000
-0.317421 -1.543293 1072.268296
0.013565 -0.625836 43.202640
-0.000198 -0.002135 1.000000
-0.387482 -0.962651 702.618077
-0.032289 -0.277063 -142.224428
-0.000537 -0.001673 1.000000
-0.362211 -0.989262 837.576623
-0.090531 -0.322516 -88.458196
-0.000566 -0.001649 1.000000
-0.298928 -1.092753 855.409718
-0.123785 -0.463393 -330.343092
-0.000388 -0.002490 1.000000
-0.251251 -1.934247 910.418212
0.059099 -0.801818 -231.533140
-0.000142 -0.002976 1.000000
-0.555944 -1.240466 813.139078
-0.055110 -0.321699 -200.434581
-0.000721 -0.001860 1.000000
-0.190298 -0.892964 262.028304
-0.158682 -0.796619 -112.664579
-0.000485 -0.002264 1.000000
0.009606 -0.968935 246.030197
0.134626 -0.596802 -241.410578
-0.000180 -0.002632 1.000000
-0.289893 -1.272911 647.686805
-0.104496 -0.800731 -27.763316
-0.000505 -0.002300 1.000000
-0.193748 -0.834550 300.278571
-0.120720 -0.672566 -41.263757
-0.000565 -0.002120 1.000000
-0.058409 -1.758759 630.327669
0.057885 -1.160972 83.601705
-0.000035 -0.002795 1.000000
-0.054213 -0.519833 46.505555
-0.082501 -0.191273 -14.382434
-0.000468 -0.001615 1.000000
-0.084877 -0.853635 307.396844
-0.027355 -0.382279 -139.995515
-0.000481 -0.001789 1.000000
-0.012422 -0.860334 -49.979886
0.015855 -0.463844 -76.389111
-0.000071 -0.002192 1.000000
-0.522277 -1.159452 860.208620
-0.142591 -0.307792 -216.730169
-0.000667 -0.001712 1.000000
-0.095996 -1.575647 1064.788367
0.102998 -0.568785 -19.460413
0.000090 -0.002204 1.000000
0.156301 -1.534945 231.052985
0.109356 -0.737815 -112.865397
0.000206 -0.002995 1.000000
-0.099164 -0.899959 137.265362
-0.084409 -0.923994 -7.615769
-0.000531 -0.002578 1.000000
-0.118771 -0.789926 46.020774
-0.092354 -0.538372 -29.090726
-0.000431 -0.002001 1.000000
0.787407 -2.011078 416.115391
0.364728 -1.231779 -422.893057
0.001290 -0.004441 1.000000
-0.041700 -0.359645 31.915234
-0.146420 -0.393609 51.423826
-0.000621 -0.001501 1.000000
-0.336103 -0.613480 53.215092
-0.337221 -0.477978 0.490231
-0.000836 -0.001602 1.000000
0.110131 -1.390356 687.829011
0.063040 -0.504094 -222.537344
0.000185 -0.002513 1.000000
0.085460 -0.767684 80.620507
0.053894 -0.470928 -173.230392
-0.000206 -0.002327 1.000000
0.147918 -2.413758 899.023524
0.266893 -0.955153 -424.729185
0.000556 -0.003517 1.000000
-0.214952 -1.447343 301.074010
-0.087144 -0.759276 -137.535434
-0.000381 -0.002442 1.000000
-0.273847 -1.065165 467.428144
-0.107489 -0.787875 -5.839773
-0.000401 -0.002155 1.000000
