0.341156 -1.199006 583.079825
0.172456 -0.919887 -50.975371
0.000399 -0.002911 1.000000
-0.746341 -0.026034 -154.862075
-0.422234 -0.072306 -114.208714
-0.001484 -0.000730 1.000000
0.021825 -0.837979 249.940603
-0.149152 -0.441242 105.263016
-0.000419 -0.001632 1.000000
0.227987 -0.978083 217.284965
-0.057704 -0.513737 60.750309
-0.000194 -0.002146 1.000000
0.662106 -1.970050 557.665626
0.364224 -1.562016 -208.011310
0.000947 -0.004182 1.000000
-0.003820 -1.118656 254.662262
-0.258816 -0.725516 132.768240
-0.000438 -0.002148 1.000000
0.018369 -0.513065 126.737170
-0.106086 -0.369544 74.408640
-0.000498 -0.001555 1.000000
0.045551 -0.887819 106.907625
0.122581 -0.999277 -42.751605
-0.000248 -0.002460 1.000000
0.395774 -1.328875 521.310388
0.260324 -0.891017 -264.485485
0.000427 -0.002797 1.000000
-0.001227 -1.555001 811.478012
0.100226 -0.743723 -41.664732
0.000067 -0.002389 1.000000
-0.617346 -0.620596 545.545405
0.002004 -0.662896 -27.220507
-0.000769 -0.001551 1.000000
-0.008163 -1.396746 99.830804
0.223245 -1.546383 58.747934
-0.000336 -0.002725 1.000000
-0.131254 -1.438081 973.247812
-0.187153 -1.113762 -21.051115
-0.000250 -0.002552 1.000000
-0.288663 -1.147811 574.658259
-0.111021 -1.044560 -14.513886
-0.000424 -0.002327 1.000000
0.217600 -1.028406 587.267858
0.204084 -1.151907 60.912839
0.000274 -0.002610 1.000000
0.213920 -1.134730 249.080050
0.039400 -1.102181 4.740273
-0.000155 -0.002589 1.000000
-0.080555 -1.027734 302.568874
-0.004592 -0.791683 14.589666
-0.000333 -0.002188 1.000000
0.311964 -1.528333 369.826295
0.196219 -0.998323 -141.615669
0.000218 -0.002862 1.000000
-0.199021 -1.141520 250.629085
-0.118283 -0.904131 -92.671078
-0.000469 -0.002252 1.000000
-0.074565 -0.863196 212.727723
-0.172123 -0.443735 65.490851
-0.000579 -0.001647 1.000000
0.039171 -0.711082 260.462863
-0.079180 -0.265725 86.142359
-0.000248 -0.001684 1.000000
-1.717456 0.245821 76.081077
-0.821384 -0.192839 994.811261
-0.002080 -0.000009 1.000000
0.383946 -2.388590 933.989370
0.669155 -2.404868 -43.941659
0.001067 -0.004361 1.000000
-0.089459 -1.016371 287.010444
-0.007580 -0.823656 14.896044
-0.000456 -0.002102 1.000000
-0.037621 -0.935993 435.640643
-0.020929 -1.073004 28.297289
-0.000251 -0.002400 1.000000
0.556841 -2.036120 490.677707
0.114924 -1.640937 39.065291
0.000501 -0.003621 1.000000
0.126960 -0.758792 251.152184
-0.250349 -0.181241 181.719934
-0.000419 -0.001535 1.000000
-0.038322 -1.190731 364.355124
-0.033571 -1.580181 210.779672
0.000092 -0.003054 1.000000
0.351893 -0.278639 158.761465
-0.156227 0.454671 69.047464
-0.000336 -0.000704 1.000000
0.116663 -0.855542 457.398361
0.006253 -1.293141 87.307458
-0.000064 -0.002665 1.000000
0.248930 -1.321051 324.742326
-0.025032 -0.942518 32.771660
0.000012 -0.002589 1.000000
0.052161 -1.696802 621.254935
0.227154 -1.612591 -219.288560
0.000230 -0.003311 1.000000
0.041113 -0.803581 385.137398
0.038515 -1.095044 -230.748988
0.000012 -0.002804 1.000000
-0.005099 -0.800632 350.426519
0.020888 -0.950932 -74.118970
0.000037 -0.002523 1.000000
-0.024515 -1.041565 242.786542
0.177655 -1.454143 -156.770537
0.000085 -0.002810 1.000000
0.351970 -2.167395 998.943158
0.542236 -2.297661 -66.847776
0.000962 -0.004460 1.000000
-0.116398 -1.143049 474.991131
0.004801 -0.776351 -157.705110
-0.000303 -0.002352 1.000000
-0.029550 -1.114268 344.538490
-0.080222 -0.739220 -228.336980
-0.000193 -0.002215 1.000000
0.418499 -2.237563 213.208377
0.570320 -1.622361 -833.072028
0.001148 -0.004796 1.000000
0.304976 -1.271906 654.557992
0.103583 -0.981346 -176.066192
0.000330 -0.003204 1.000000
0.312696 -1.705182 1291.231165
0.415270 -1.536307 -259.155386
0.000711 -0.003869 1.000000
-0.061117 -1.052735 55.488043
-0.024306 -0.760812 -477.660285
-0.000262 -0.002154 1.000000
-0.375603 -0.542058 520.724935
-0.128912 -0.580848 -21.991774
-0.000563 -0.001909 1.000000
-0.186341 -0.416022 203.090218
-0.221242 -0.370740 -38.316721
-0.000645 -0.001388 1.000000
0.116803 -0.774215 117.755993
-0.057255 -0.410407 -246.791753
-0.000001 -0.002054 1.000000
0.036949 -1.177137 693.276477
-0.006512 -0.633526 -93.197499
-0.000233 -0.002302 1.000000
-0.208468 -0.806811 808.179273
-0.101797 -0.485395 -5.274796
-0.000441 -0.001785 1.000000
-0.189625 -0.803570 935.701256
-0.114108 -0.797207 9.380154
-0.000406 -0.002194 1.000000
-0.064790 -0.537016 334.922641
-0.078411 -0.652782 -146.220233
-0.000221 -0.002287 1.000000
-0.821133 0.198740 176.983747
-0.751862 0.401407 -998.733523
-0.002127 0.000403 1.000000
0.003322 -1.067132 839.878642
0.033424 -0.649281 123.899762
0.000078 -0.002359 1.000000
0.074643 -0.847086 792.143768
-0.018263 -0.800141 136.846263
-0.000088 -0.002503 1.000000
0.793724 -1.852117 901.266029
0.143269 -1.077419 -187.523678
0.000662 -0.003932 1.000000
0.015311 -1.011733 688.937197
-0.083165 -0.854556 -108.955504
-0.000272 -0.002502 1.000000
-0.050312 -1.197303 465.586303
-0.039024 -0.722951 -71.407358
-0.000431 -0.002105 1.000000
-0.114838 -1.365573 636.107966
-0.005961 -0.794611 -162.049087
-0.000175 -0.002374 1.000000
0.062595 -1.360453 932.333835
0.099224 -0.903219 -369.716159
-0.000179 -0.002718 1.000000
0.386888 -1.638996 1528.711492
0.291105 -1.154201 -343.098222
0.000547 -0.003550 1.000000
-0.294549 -0.889293 -325.501337
-0.279138 -0.620327 134.227979
-0.000671 -0.001810 1.000000
0.583493 -1.935511 933.818385
0.429522 -1.895816 -687.605199
0.000729 -0.004381 1.000000
-0.223535 -0.684696 -525.169377
-0.162783 -0.352797 -499.753154
-0.000561 -0.001881 1.000000
-0.037727 -1.334940 280.368165
-0.052170 -0.990079 -92.826318
-0.000217 -0.002565 1.000000
-0.215313 -0.618242 -193.651056
-0.065537 -0.379738 -153.842499
-0.000796 -0.001550 1.000000
-0.005841 -1.132541 359.111450
-0.076444 -0.761161 -162.728089
-0.000317 -0.002140 1.000000
-0.140308 -0.927990 657.933665
-0.091824 -0.537255 -203.492140
-0.000428 -0.001899 1.000000
0.042722 -0.822436 401.328523
-0.034509 -1.311660 -350.316868
-0.000205 -0.002821 1.000000
0.343884 -2.869327 366.699374
0.489376 -1.667956 -511.704851
0.001034 -0.004348 1.000000
7.622395 -16.968075 15020.002923
6.860978 -10.779468 -8005.229093
0.020197 -0.029170 1.000000
0.087008 -1.283130 -64.973386
0.005684 -0.733868 -340.669402
0.000040 -0.002611 1.000000
-0.132183 -1.417530 -4.405913
0.017984 -1.090224 -1106.663637
-0.000109 -0.002846 1.000000
-0.206146 -0.754227 367.985135
-0.105021 -0.594389 -132.702262
-0.000604 -0.001741 1.000000
-0.153291 -0.864239 1136.812209
-0.094026 -1.032938 -223.997354
-0.000317 -0.002587 1.000000
-0.344773 -0.511374 -43.536078
-0.274187 -0.271255 69.951807
-0.001044 -0.001189 1.000000
-0.502448 -0.770537 1253.427580
-0.231837 -0.446513 306.534856
-0.000819 -0.001484 1.000000
-0.107431 -1.047281 550.466794
0.040220 -0.958811 -183.851790
-0.000263 -0.002491 1.000000
0.355648 -1.544078 850.265054
0.376615 -1.146124 -118.266094
0.000629 -0.003229 1.000000
-0.039796 -1.127039 -199.208078
0.032828 -0.855187 -55.553140
-0.000036 -0.002439 1.000000
-0.197060 -1.285150 -97.627495
-0.001920 -0.616152 -188.124829
-0.000493 -0.002185 1.000000
-0.090481 -1.051247 185.514687
-0.074961 -0.929132 170.171351
-0.000357 -0.002260 1.000000
0.008435 -0.883240 6.262566
-0.026465 -1.186228 -150.509735
-0.000050 -0.002550 1.000000
0.451880 -2.304527 112.850018
0.194541 -1.660679 -196.291325
0.000376 -0.003676 1.000000
-0.358677 -0.832674 332.391462
-0.114805 -0.905864 20.804028
-0.000605 -0.001906 1.000000
0.147102 -1.643780 776.352996
0.040628 -1.297973 -258.824754
0.000138 -0.003146 1.000000
-0.173192 -1.021399 847.998893
-0.189209 -0.686158 -249.740259
-0.000399 -0.002005 1.000000
-0.158735 -0.550458 164.357782
-0.159086 -0.325111 -75.444908
-0.000686 -0.001658 1.000000
-0.037287 -1.131555 178.741089
-0.069973 -0.704408 -2.369137
-0.000201 -0.002444 1.000000
-0.109264 -1.554279 286.338901
0.124778 -1.256319 -307.574745
-0.000295 -0.002592 1.000000
1.122881 -3.053564 231.420076
0.990898 -1.887859 -577.651761
0.002028 -0.005219 1.000000
0.167122 -1.247494 -75.410193
0.046419 -1.057438 -146.238803
0.000232 -0.002944 1.000000
-0.053775 -1.906820 284.411071
-0.007616 -0.858186 -162.680014
0.000138 -0.002845 1.000000
0.955831 -2.956688 -785.606755
0.358592 -2.645396 -324.627594
0.001270 -0.005949 1.000000
0.203223 -1.914493 268.578863
0.166458 -1.266535 -312.057575
0.000422 -0.003473 1.000000
-0.212025 -1.277639 587.069951
0.019690 -0.853837 -327.405678
-0.000007 -0.002503 1.000000
0.087693 -1.096562 109.200936
0.006300 -0.531006 -34.696892
-0.000044 -0.002338 1.000000
-0.252830 -0.768025 106.854812
-0.129838 -0.432709 -15.026785
-0.000701 -0.001803 1.000000
-0.124388 -1.679999 309.984640
0.168454 -1.455145 -313.486974
0.000140 -0.003169 1.000000
-0.407364 -0.759841 -167.796410
-0.233859 -0.516615 18.536590
-0.000782 -0.001753 1.000000
0.032228 -1.252931 103.863045
0.026252 -0.888011 -138.845180
0.000041 -0.002445 1.000000
-0.019469 -1.691777 568.789041
0.083144 -0.803027 -265.591049
0.000273 -0.002696 1.000000
0.808017 -2.579046 -172.070515
0.608079 -1.652843 -522.659811
0.001838 -0.005100 1.000000
0.239416 -2.261956 -1.942748
0.148579 -1.472293 -221.417628
0.000385 -0.003639 1.000000
0.061644 -1.397640 717.442387
0.017562 -1.310023 -333.257910
-0.000186 -0.002858 1.000000
0.317841 -1.506567 565.449561
0.389564 -1.291389 -617.399609
0.000373 -0.003242 1.000000
0.220700 -1.850668 138.409839
0.301578 -1.512354 -214.582973
0.000336 -0.003491 1.000000
0.280904 -2.191353 129.546453
0.239408 -1.753940 123.488068
0.000330 -0.003602 1.000000
-0.053872 -1.222099 498.402626
0.073625 -1.003937 -63.238780
-0.000048 -0.002614 1.000000
0.192471 -1.923987 571.697980
0.112378 -1.275684 -97.075866
0.000063 -0.003398 1.000000
-0.262418 -1.419324 828.455920
-0.045680 -0.875139 -104.318249
-0.000391 -0.002138 1.000000
0.337335 -2.568057 894.679112
0.422518 -1.855705 -758.416924
0.000942 -0.004431 1.000000
0.775927 -3.008840 -634.267851
0.844950 -2.298469 -765.873166
0.001929 -0.005348 1.000000
0.657420 -1.816124 116.404983
0.456174 -1.645691 -283.275346
0.001423 -0.004236 1.000000
-0.056867 -1.249761 160.535042
0.218428 -1.486669 -129.198826
0.000124 -0.003108 1.000000
-0.110140 -1.347849 350.294208
-0.019123 -0.886137 44.641199
-0.000128 -0.002397 1.000000
-0.054819 -0.984178 342.570641
-0.043293 -0.804699 25.271351
-0.000257 -0.002194 1.000000
0.432281 -1.389720 358.028054
0.301373 -1.240952 -357.716317
0.000251 -0.002832 1.000000
-0.068275 -1.448576 -169.241702
-0.022870 -0.840113 105.078550
-0.000171 -0.002626 1.000000
0.832617 -4.053078 -620.872341
0.979602 -3.052933 100.599719
0.001775 -0.006071 1.000000
0.247233 -2.274108 163.633295
0.228351 -1.358368 -133.114022
0.000096 -0.003120 1.000000
-0.108817 -1.265903 469.794394
-0.031935 -0.932672 -164.704727
-0.000352 -0.002350 1.000000
0.209925 -1.971468 256.035857
0.437210 -1.953302 -194.637847
0.000910 -0.004361 1.000000
0.294948 -1.767995 409.387445
0.255091 -1.107196 -186.980856
0.000181 -0.002715 1.000000
0.250161 -2.100625 814.835388
0.231803 -1.434836 -107.323194
0.000179 -0.003089 1.000000
-0.360952 -0.922787 1138.097770
-0.202637 -0.861207 147.436414
-0.000618 -0.002301 1.000000
0.585621 -2.601485 53.365962
0.401303 -2.153888 -838.618478
0.001082 -0.004786 1.000000
0.560692 -3.657832 1121.721839
1.006549 -3.319235 -902.698297
0.001869 -0.006540 1.000000
1.099052 -2.604861 857.175934
1.290589 -3.006323 -1069.828589
0.002078 -0.005864 1.000000
-0.129467 -1.209257 726.968805
-0.114653 -0.742569 98.580076
-0.000400 -0.001865 1.000000
-0.069343 -1.035451 777.805334
-0.036114 -1.251491 108.389482
-0.000039 -0.002865 1.000000
-0.035397 -1.408406 375.048133
-0.044315 -1.060387 49.635186
-0.000151 -0.002500 1.000000
0.122051 -1.701370 536.252782
0.289568 -1.691036 -225.075374
0.000550 -0.003790 1.000000
-0.167384 -1.555771 675.075788
-0.011170 -1.045335 5.296504
-0.000091 -0.002437 1.000000
0.247276 -1.888738 1068.157490
0.548603 -2.193730 -131.383525
0.000895 -0.004282 1.000000
0.071597 -2.047790 922.637911
0.371523 -2.093180 -392.692572
0.000445 -0.003748 1.000000
1.016805 -2.973325 1674.011297
0.609547 -1.603318 -507.230976
0.001791 -0.004701 1.000000
-0.707037 -1.155505 160.955194
-0.347064 -0.928305 246.950434
-0.000953 -0.001873 1.000000
0.100817 -1.513661 330.171057
0.268408 -1.486400 -316.743461
0.000403 -0.003388 1.000000
-0.097381 -1.519305 356.669370
0.003193 -0.962298 -52.685213
-0.000071 -0.002491 1.000000
0.199625 -1.847811 63.360008
0.339972 -1.220859 -239.824763
0.000443 -0.003382 1.000000
-0.161972 -1.078366 634.452224
-0.108319 -0.590949 5.182096
-0.000309 -0.002010 1.000000
0.215717 -2.038929 865.699740
0.000859 -0.822356 -233.103950
0.000520 -0.003080 1.000000
-0.259667 -1.218547 1148.811314
-0.013812 -0.710786 3.460040
-0.000361 -0.002259 1.000000
0.170913 -1.544272 451.907047
0.150678 -1.157611 -165.589533
0.000006 -0.002808 1.000000
0.572477 -2.189940 1146.198864
0.401818 -0.941528 -621.572087
0.000934 -0.003697 1.000000
1.122992 -3.481011 1480.420970
0.671707 -1.712786 -840.441288
0.001837 -0.004919 1.000000
-0.037297 -1.476521 1062.019559
-0.100720 -0.632342 50.821282
-0.000135 -0.002166 1.000000
-0.144437 -0.953498 453.670292
-0.144743 -0.778876 -382.856996
-0.000443 -0.002109 1.000000
0.241114 -1.337876 374.114161
0.460875 -1.855974 -534.432718
0.000950 -0.004026 1.000000
0.038022 -1.775074 565.060714
0.351497 -1.549649 -313.493925
0.000178 -0.003590 1.000000
-0.247998 -0.965247 223.386033
-0.147978 -0.827722 109.046231
-0.000539 -0.002008 1.000000
0.112581 -1.433450 -121.860534
0.079620 -1.378357 -19.396013
0.000147 -0.003130 1.000000
8.794001 -16.701230 -2625.491810
4.169189 -7.899184 -5717.415227
0.016053 -0.023916 1.000000
0.122308 -1.583426 770.348691
0.017658 -0.778971 -212.779247
0.000042 -0.002635 1.000000
-0.252580 -1.776598 412.321000
-0.014605 -0.853841 -118.083550
-0.000249 -0.002482 1.000000
0.644024 -2.319043 627.421114
0.239486 -0.947690 -358.973146
0.000802 -0.003567 1.000000
-0.394563 -1.478314 735.307215
0.068437 -0.797540 -187.085081
-0.000273 -0.002437 1.000000
-0.593434 -1.485855 1122.557519
-0.068495 -0.501305 21.666263
-0.000528 -0.002014 1.000000
0.135289 -2.001024 1066.926904
0.156824 -0.896201 -214.944744
0.000180 -0.003076 1.000000
0.035153 -1.506741 1344.278583
0.099035 -0.678532 217.476797
0.000191 -0.002481 1.000000
-0.439736 -0.913221 780.329102
-0.352588 -0.687901 99.336471
-0.000765 -0.001735 1.000000
0.294098 -2.225732 183.537670
0.484753 -2.319431 -112.662938
0.000784 -0.004321 1.000000
0.181321 -1.350036 596.980716
0.204683 -1.234684 -5.213698
0.000303 -0.002900 1.000000
-0.225353 -0.963831 620.590882
0.024863 -0.762305 -230.470732
-0.000170 -0.002472 1.000000
-0.286509 -1.220890 517.691856
-0.182357 -0.790533 151.651225
-0.000485 -0.001909 1.000000
0.341555 -1.615642 466.411775
-0.021740 -0.846597 74.227392
0.000278 -0.002936 1.000000
0.226065 -0.613595 240.019210
-0.114431 -0.076460 139.745548
-0.000233 -0.001346 1.000000
0.236621 -0.442865 191.298629
-0.099438 0.083211 97.159634
-0.000327 -0.001114 1.000000
-4.752026 4.614913 -163.621530
-3.019571 3.107443 2118.712128
-0.006685 0.006622 1.000000
-0.047354 -1.160216 258.685943
-0.111835 -0.814311 134.271243
-0.000253 -0.002394 1.000000
-0.021854 -1.109582 397.913634
0.019760 -0.776034 -68.108167
-0.000242 -0.002317 1.000000
-0.058002 -1.594136 106.790340
0.011622 -1.038559 -129.890049
-0.000137 -0.002931 1.000000
-0.273208 -1.379562 655.407768
-0.098978 -1.226233 61.106579
-0.000303 -0.002597 1.000000
-0.027750 -1.495947 749.316554
-0.072360 -1.014802 -33.785823
-0.000124 -0.002568 1.000000
-0.694432 -1.327651 513.154229
0.106100 -2.249712 383.563008
-0.000514 -0.003163 1.000000
0.436797 -0.793569 218.137948
-0.103052 -0.015421 85.648886
0.000000 -0.001754 1.000000
-0.004425 -1.049908 148.192031
-0.087764 -0.632844 14.837924
-0.000245 -0.002295 1.000000
-0.220540 -0.942522 284.846075
-0.097729 -0.790504 140.332126
-0.000494 -0.001993 1.000000
-0.120864 -0.866997 338.913971
-0.196846 -0.468102 160.499187
-0.000486 -0.001634 1.000000
-0.213820 -0.828262 289.564837
-0.070567 -0.814649 135.906432
-0.000115 -0.002232 1.000000
0.343782 -1.243745 377.407217
0.078096 -0.640038 -25.024763
0.000148 -0.002602 1.000000
0.135249 -1.206079 164.666122
-0.011749 -0.678619 -28.756935
-0.000097 -0.002370 1.000000
0.066030 -1.403872 186.062364
0.032594 -1.256359 -11.400161
-0.000200 -0.002894 1.000000
-0.036477 -0.848964 226.209228
-0.105933 -0.816587 79.582328
-0.000366 -0.002258 1.000000
-0.330319 -0.908621 506.180915
-0.208177 -0.874670 10.788393
-0.000603 -0.002043 1.000000
-0.107202 -1.438390 369.321167
0.030682 -1.261337 -25.229204
-0.000025 -0.003164 1.000000
0.179041 -2.227986 622.330747
-0.091471 -0.668385 -303.388191
0.000104 -0.002944 1.000000
-0.097339 -1.095071 -330.150713
-0.043051 -0.949177 -241.200646
-0.000287 -0.002440 1.000000
-0.124407 -0.864598 111.733761
-0.076859 -0.810910 35.848691
-0.000511 -0.002094 1.000000
-0.147644 -0.768431 97.601412
-0.022921 -0.567776 44.325972
-0.000516 -0.001852 1.000000
0.133773 -1.059306 228.633762
-0.063594 -0.682497 -27.494446
-0.000053 -0.002456 1.000000
-31.807208 34.355131 631.991686
-10.014763 11.555222 8481.011914
-0.037127 0.040283 1.000000
0.091142 -1.323859 450.440015
0.002547 -1.257806 74.248758
-0.000041 -0.002411 1.000000
-0.181948 -0.476892 141.162218
-0.114437 -0.455692 -25.542742
-0.000462 -0.001815 1.000000
0.066109 -0.870739 -183.546227
-0.095224 -0.587856 -179.989669
-0.000200 -0.002263 1.000000
0.109991 -2.003604 -15.214212
0.218430 -1.217664 -390.756114
0.000423 -0.003833 1.000000
0.134905 -0.999711 -1016.138614
0.165556 -1.347231 620.055976
0.000684 -0.003563 1.000000
-0.435330 0.112029 -432.561334
-0.669121 -0.236697 731.119813
-0.001485 -0.000338 1.000000
1.130308 -2.493226 1317.083261
0.873981 -2.809225 -2095.690451
0.002538 -0.006456 1.000000
0.399394 -2.229430 808.551106
0.269735 -1.760743 -395.100927
0.001001 -0.004310 1.000000
0.721995 -3.088539 1271.914210
0.560980 -2.975042 -690.791380
0.002112 -0.006245 1.000000
-0.109366 -1.264000 58.931783
-0.162126 -0.810529 82.589770
-0.000260 -0.002321 1.000000
0.424648 -1.677325 203.043203
0.640106 -2.221969 -592.583709
0.001770 -0.004394 1.000000
0.407237 -1.739765 1036.063861
0.301211 -1.938144 -52.096729
0.000887 -0.003893 1.000000
-0.458998 -1.003251 973.933022
-0.166017 -0.602166 79.810749
-0.000845 -0.001755 1.000000
-2.562724 2.166739 2338.567912
-1.539912 1.061619 1642.649419
-0.004389 0.003429 1.000000
-0.083135 -1.508036 924.307435
0.001619 -0.632924 66.971875
-0.000090 -0.002244 1.000000
0.022734 -1.652852 875.932926
0.020042 -0.857633 97.871963
0.000025 -0.002605 1.000000
0.578848 -2.532443 847.830835
0.442016 -1.983367 -804.061559
0.001054 -0.004516 1.000000
-0.330251 -1.233865 902.818721
-0.043082 -0.548073 23.026546
-0.000520 -0.001837 1.000000
-0.260671 -1.503875 967.460806
-0.078001 -0.870156 118.136881
-0.000420 -0.002110 1.000000
-0.178824 -1.380542 983.850143
-0.066226 -0.722547 38.862681
-0.000343 -0.002028 1.000000
-0.894607 -0.198578 1455.810686
-0.613114 -0.102009 470.066786
-0.001536 -0.000182 1.000000
-0.224669 -1.307257 284.071437
-0.003898 -0.776426 -183.630372
-0.000568 -0.002048 1.000000
-0.247593 -1.220455 1001.595462
-0.266190 -0.984505 138.459394
-0.000378 -0.002165 1.000000
0.066480 -1.689450 935.390849
0.029000 -1.878731 -129.385970
0.000156 -0.003241 1.000000
-0.017955 -1.772069 800.297593
-0.037376 -1.213217 77.174860
0.000017 -0.002739 1.000000
-0.148735 -1.570787 699.238850
0.089767 -0.680715 -206.970132
-0.000162 -0.002510 1.000000
0.086782 -1.967869 2429.995097
0.075833 -0.773152 -257.292894
0.000200 -0.003098 1.000000
0.630680 -2.011916 765.406909
0.316288 -1.395346 -343.033793
0.000799 -0.003572 1.000000
0.422601 -2.197102 130.231505
0.668948 -1.818143 -1053.474493
0.001827 -0.004721 1.000000
-1.587610 0.632221 1280.516938
-1.520375 0.972271 1864.384487
-0.003300 0.001989 1.000000
-0.136940 -1.345532 714.079810
-0.123860 -0.623898 55.545720
-0.000249 -0.002168 1.000000
-2.746921 4.151134 -1311.591732
-1.935974 2.886768 1565.006716
-0.005597 0.005899 1.000000
-0.172397 -1.263012 340.051182
-0.107276 -1.050977 -381.982209
-0.000267 -0.002717 1.000000
0.303672 -1.483898 349.040149
0.134534 -1.077871 -127.863296
0.000381 -0.002834 1.000000
-0.330797 -0.479163 345.124537
-0.186428 -0.280552 25.805896
-0.000941 -0.000980 1.000000
-0.179517 -1.260929 884.857758
-0.037919 -0.756021 -173.592285
-0.000314 -0.002268 1.000000
-0.172387 -1.287233 795.473579
-0.104312 -0.918182 -75.868420
-0.000518 -0.002325 1.000000
-0.920086 -0.142023 -2681.672458
-0.597859 0.046658 -213.530697
-0.001797 0.000095 1.000000
-0.075582 -1.145276 489.297837
0.090158 -1.268479 22.638671
-0.000070 -0.002904 1.000000
0.143228 -1.456248 399.784497
0.069812 -1.275078 -163.536008
0.000262 -0.003370 1.000000
-0.267632 -1.438168 651.521035
-0.049750 -1.186703 -125.223184
-0.000170 -0.002750 1.000000
0.695570 -2.361722 242.216789
0.481540 -1.810048 -557.445308
0.000907 -0.004625 1.000000
0.016267 -1.167166 447.485407
0.099664 -1.244956 -75.190105
0.000253 -0.002922 1.000000
-0.008226 -1.502549 832.303740
0.048741 -0.798347 29.791005
0.000087 -0.002436 1.000000
-0.410213 -1.276596 858.993100
0.004816 -0.702900 30.894925
-0.000476 -0.001983 1.000000
-0.245676 -1.749153 808.852020
0.136628 -0.972847 -210.912568
-0.000148 -0.002663 1.000000
-0.025449 -1.197850 1100.058034
0.067108 -1.057258 -55.042921
-0.000280 -0.002418 1.000000
-0.332754 -1.577672 1343.868673
-0.135554 -0.689335 -231.435728
-0.000397 -0.002188 1.000000
-10.776190 13.281238 1233.039819
-5.247243 7.662699 5023.133075
-0.013972 0.018765 1.000000
-0.220325 -1.147408 1019.184305
0.071258 -0.923559 -208.045514
-0.000256 -0.002202 1.000000
-0.264747 -1.445476 918.508791
-0.056369 -0.813725 46.466689
-0.000268 -0.002238 1.000000
0.080184 -1.573735 794.098703
-0.072953 -0.753314 -83.524318
0.000092 -0.002721 1.000000
-0.209286 -0.912609 384.893958
0.005689 -0.415167 -57.927708
-0.000314 -0.001840 1.000000
-0.143287 -1.246243 567.553767
-0.129300 -0.774437 80.064349
-0.000192 -0.002047 1.000000
0.324970 -1.709770 309.661090
0.317345 -1.314331 -186.505138
0.000574 -0.003238 1.000000
0.156051 -2.573770 602.430391
0.705494 -2.955384 -110.838747
0.000900 -0.004905 1.000000
0.853043 -2.386846 -40.707592
0.630844 -2.064309 -198.774850
0.000977 -0.004160 1.000000
-0.096665 -0.886119 574.156300
-0.109551 -1.089472 6.646213
-0.000429 -0.002101 1.000000
0.043641 -1.478190 307.298581
0.289948 -1.624557 -128.446696
0.000098 -0.003215 1.000000
-0.223309 -1.081782 617.180502
-0.028698 -0.979062 6.457386
-0.000306 -0.002451 1.000000
-0.038435 -1.832474 487.506199
0.147189 -1.742425 -174.226079
0.000435 -0.003903 1.000000
-0.349600 -1.007229 648.699744
0.124386 -1.185365 4.830429
-0.000070 -0.002620 1.000000
-0.602066 -1.576349 638.418228
0.101951 -1.501965 51.024743
-0.000221 -0.003000 1.000000
0.086266 -1.131612 266.744590
0.148611 -1.101440 20.910786
0.000412 -0.002954 1.000000
-0.087162 -1.102067 299.531958
0.432551 -2.155930 -71.796473
0.000400 -0.004168 1.000000
0.307757 -1.988764 287.534608
0.280677 -2.262870 77.579142
0.000423 -0.004006 1.000000
0.262192 -1.241346 414.055574
0.090241 -1.581986 85.585892
0.000321 -0.003268 1.000000
-0.285697 -1.228748 614.158253
-0.235678 -1.346071 106.169492
-0.000530 -0.002481 1.000000
0.720619 -2.419801 1446.570023
0.310385 -1.261790 -214.817151
0.000767 -0.003662 1.000000
0.218026 -1.390936 491.387158
0.062387 -0.410240 -245.846803
0.000045 -0.002240 1.000000
-0.337023 -1.142952 763.494381
-0.057316 -0.304348 -56.079100
-0.000431 -0.001625 1.000000
0.141777 -1.521898 428.413384
0.121413 -0.951034 -36.716234
0.000025 -0.002573 1.000000
-0.400454 -1.220358 648.867892
-0.062604 -0.536451 -47.007135
-0.000550 -0.001899 1.000000
-0.139114 -1.709214 665.851994
0.086669 -1.198823 -26.558319
-0.000218 -0.002711 1.000000
0.068855 -1.454557 608.871836
-0.006715 -1.628547 9.542454
-0.000121 -0.002989 1.000000
-0.133614 -1.020027 689.681879
-0.199677 -1.462060 198.164941
-0.000364 -0.002715 1.000000
0.139537 -1.828925 -89.798534
0.511668 -2.238135 -53.973852
0.000678 -0.003962 1.000000
0.286872 -2.503393 334.795741
0.433454 -2.371984 -23.389023
0.000774 -0.004303 1.000000
-0.239823 -1.624539 723.734749
-0.069568 -1.425871 146.282664
-0.000228 -0.002660 1.000000
-0.126729 -1.498664 238.644244
-0.038566 -0.950506 -52.762595
-0.000390 -0.002652 1.000000
1.000000 0.000000 -0.000000
-0.000000 1.000000 -0.000000
-0.000000 0.000000 1.000000
-0.222722 -0.624870 122.520120
-0.125565 -0.640281 66.611679
-0.000442 -0.001936 1.000000
-0.256333 -1.064371 439.406087
-0.128740 -0.513734 21.724000
-0.000517 -0.001763 1.000000
-0.303756 -1.554871 614.676511
-0.064576 -1.167405 -57.004909
-0.000236 -0.002593 1.000000
-0.039527 -0.893292 248.667745
0.034520 -0.782226 0.644742
-0.000409 -0.001978 1.000000
0.229277 -1.447509 406.798917
0.087923 -1.330992 -4.511671
0.000040 -0.002873 1.000000
0.567065 -2.258418 239.301116
0.384162 -2.161392 -29.083870
0.000470 -0.004058 1.000000
0.231257 -1.648383 540.234305
0.111219 -0.941781 -24.653280
0.000401 -0.002737 1.000000
0.030415 -1.294595 436.728630
0.083505 -1.037763 96.982142
-0.000024 -0.002519 1.000000
-0.011029 -1.174734 308.066108
-0.018599 -1.049934 88.665087
-0.000193 -0.002247 1.000000
0.134171 -1.261773 486.271006
0.028258 -0.785251 -22.418096
0.000049 -0.002412 1.000000
0.032366 -1.427011 472.818104
0.216117 -1.006664 -341.338741
0.000110 -0.002942 1.000000
0.080979 -1.853090 350.665496
0.292797 -1.591034 -63.477029
0.000488 -0.003437 1.000000
-0.186689 -1.375399 430.400572
-0.059341 -1.234938 170.445748
-0.000237 -0.002500 1.000000
0.177909 -1.199931 425.619109
0.082935 -1.261590 -28.591400
0.000230 -0.002938 1.000000
