-6.030953 8.763546 4684.886667
-4.463845 6.380420 5475.857567
-0.008742 0.012503 1.000000
-0.022134 -1.310217 544.641393
-0.075993 -1.149516 -792.536382
-0.000141 -0.003111 1.000000
0.738268 -2.699937 1888.385085
0.749224 -2.710075 -1188.742136
0.001534 -0.006067 1.000000
36.274198 -66.775335 -40327.355789
25.246548 -47.730908 -19081.991426
0.056558 -0.107606 1.000000
1.146407 -3.342989 68.818506
0.795986 -2.705798 -1228.351365
0.001953 -0.006162 1.000000
16.135790 -31.033785 -18954.709232
9.630502 -27.390177 -17169.783801
0.025013 -0.053704 1.000000
1.083536 -3.488220 -21.731810
0.313679 -2.352300 -1300.710903
0.002504 -0.007453 1.000000
0.414041 -2.118721 243.467740
-0.025447 -1.392923 -547.083657
0.001020 -0.004817 1.000000
-0.217010 -1.698346 1545.734445
-0.013797 -1.248025 110.995693
-0.000150 -0.002999 1.000000
-0.351949 -1.415898 871.628888
0.068781 -0.986789 -282.695892
-0.000293 -0.002657 1.000000
-0.341568 -1.205704 806.541079
-0.128201 -0.705855 -811.750324
-0.000562 -0.002302 1.000000
-0.008782 -1.133173 -189.324000
-0.116512 -1.033882 -207.049670
-0.000417 -0.002689 1.000000
0.165225 -2.019519 1219.745501
-0.083665 -1.370973 -108.556191
0.000087 -0.003885 1.000000
0.090874 -1.668597 679.429374
0.254609 -1.735127 -530.167171
0.000004 -0.003179 1.000000
0.317437 -1.878997 1048.106407
0.217988 -1.435775 -193.712953
0.000448 -0.003254 1.000000
-2.616373 1.891121 2583.675219
-1.864013 1.936706 1412.593389
-0.004430 0.004225 1.000000
-0.005531 -2.061228 -334.679789
0.120652 -1.542349 -694.257496
-0.000032 -0.003478 1.000000
1.093478 -2.973967 15.117506
0.552266 -2.355560 -349.782538
0.001056 -0.005020 1.000000
35.571891 -56.494479 -3266.783199
33.582260 -72.492732 -42780.158335
0.091636 -0.150886 1.000000
-0.281346 -1.069221 625.887046
-0.243303 -1.307259 -143.417093
-0.000411 -0.002725 1.000000
-0.359390 -0.845867 877.286414
-0.284868 -0.788632 -138.000989
-0.000519 -0.002051 1.000000
-0.806211 -0.309208 435.965384
-0.371771 -0.150859 -47.355281
-0.001311 -0.000564 1.000000
-0.120016 -1.206180 -323.943634
-0.180848 -0.897411 -372.161973
-0.000398 -0.002092 1.000000
0.594863 -1.906203 743.138814
0.302509 -1.526921 -515.484707
0.001568 -0.004496 1.000000
2.481058 -5.431351 1361.692033
1.864386 -4.717271 -2770.844648
0.004555 -0.011005 1.000000
1.597256 -3.470785 -556.996562
1.350219 -3.603898 -1896.569030
0.003262 -0.007956 1.000000
0.069173 -1.529010 138.627383
0.102959 -1.443511 -817.824465
0.000082 -0.003368 1.000000
-0.534664 -0.910238 645.499090
-0.361767 -0.577463 -155.645120
-0.000977 -0.001497 1.000000
-0.065746 -1.041786 827.272536
-0.114402 -0.859445 -235.837668
-0.000410 -0.002441 1.000000
-0.272043 -0.583661 898.012183
-0.366074 -0.756007 -33.682274
-0.000931 -0.001606 1.000000
-2.222686 1.999049 -3739.286340
-1.560638 1.784467 -1714.989695
-0.003886 0.003415 1.000000
-0.080637 -1.548818 759.376083
0.015133 -1.609717 -603.437166
-0.000098 -0.003370 1.000000
-0.215913 -0.711517 -22.356443
-0.152843 -0.639662 -295.995613
-0.000813 -0.001702 1.000000
0.217220 -1.824139 400.459306
0.369708 -1.328615 -1011.830081
0.000556 -0.003295 1.000000
0.503994 -2.032323 193.293470
0.478173 -1.905641 -213.638650
0.001261 -0.004693 1.000000
0.480634 -2.954345 368.367090
0.020664 -1.796968 -938.928915
0.000780 -0.004862 1.000000
12.307520 -18.733975 -4127.247150
7.382147 -15.569640 -8229.723524
0.022472 -0.041384 1.000000
-0.155548 -1.686724 -121.734251
-0.063910 -1.621687 -1.587295
0.000020 -0.003175 1.000000
-0.934639 -0.189440 -901.780685
-0.585509 -0.458185 70.751371
-0.001595 -0.000582 1.000000
-0.279646 -0.823466 1061.783292
-0.268476 -0.773267 -95.720232
-0.000792 -0.002141 1.000000
-0.194473 -0.970552 1089.616845
-0.214136 -0.695376 -985.138491
-0.000524 -0.002240 1.000000
2.496424 -5.867346 844.880107
2.775990 -5.451161 -2974.280795
0.006257 -0.011950 1.000000
-2.095214 1.811360 2444.249734
-1.463322 1.391799 -1681.350347
-0.004178 0.003217 1.000000
0.206220 -2.144738 397.355853
0.139027 -1.999502 -590.973394
0.000501 -0.004512 1.000000
-0.776782 -0.084805 -613.279014
-0.467186 -0.100053 951.314675
-0.001779 -0.000415 1.000000
1.603169 -4.073710 -5696.512108
1.683711 -3.756325 -2434.319384
0.003869 -0.009227 1.000000
0.668627 -2.432766 -451.874233
0.496050 -1.728889 -1338.379633
0.000583 -0.004079 1.000000
3.426543 -6.357003 2734.774235
1.483794 -3.262313 -769.350542
0.004450 -0.008955 1.000000
0.126738 -1.564858 3282.282220
0.125777 -1.330993 93.914709
0.000104 -0.002984 1.000000
-0.133670 -1.483881 -454.305022
-0.145049 -1.148495 -153.793317
-0.000524 -0.002722 1.000000
-0.205529 -1.018629 2094.825999
0.412092 -1.624474 -988.263586
0.000394 -0.003691 1.000000
-2.691609 2.161093 4953.176416
-1.941324 2.234312 -6429.165418
-0.004904 0.004926 1.000000
2.770330 -4.178655 495.261448
1.417295 -3.225480 -2812.621338
0.004187 -0.008517 1.000000
-1.215680 1.246156 1126.367685
-0.909502 1.050581 1417.854930
-0.002952 0.001938 1.000000
-0.058737 -1.480801 791.210016
0.011190 -0.910685 -272.377570
-0.000154 -0.002560 1.000000
1.602056 -3.556446 1632.274515
1.130102 -2.999717 -448.001973
0.002568 -0.006784 1.000000
0.402223 -1.765998 601.475550
-0.007972 -0.672744 -265.877740
0.000333 -0.003078 1.000000
0.321484 -1.340543 463.789474
-0.094648 -1.018121 -232.415800
0.000107 -0.003074 1.000000
0.483121 -1.931592 -246.691704
0.348326 -1.575161 -483.695442
0.000665 -0.004052 1.000000
0.769588 -2.514925 -327.768721
0.196574 -2.316859 -377.626848
0.000881 -0.004817 1.000000
0.289264 -1.440309 -168.954060
0.060022 -0.739155 -326.777087
0.000323 -0.002864 1.000000
0.381811 -1.740076 387.967340
0.270536 -1.145527 -274.120873
0.000520 -0.003364 1.000000
3.844336 -8.323280 -4866.021448
2.042677 -5.461535 -4201.436320
0.007787 -0.017543 1.000000
0.559707 -2.419136 1555.605002
0.573718 -2.474479 -295.996253
0.000722 -0.005094 1.000000
0.285009 -2.253270 580.319797
0.059198 -1.129764 -700.881830
0.000295 -0.003808 1.000000
0.689970 -1.831012 654.420995
0.444281 -1.451093 -570.978243
0.000953 -0.003749 1.000000
2.060992 -5.015144 4571.004683
2.158628 -4.892929 -1177.463480
0.004731 -0.010060 1.000000
0.961382 -2.669037 900.687947
0.293133 -1.344293 -644.799620
0.000957 -0.004211 1.000000
0.266380 -1.805040 521.101190
-0.062714 -0.965958 -284.905346
0.000243 -0.003318 1.000000
3.080094 -5.729872 -701.462482
1.080480 -3.763497 -1789.570914
0.003521 -0.009562 1.000000
0.155175 -1.718572 234.011504
-0.018357 -1.440411 -368.094424
0.000108 -0.003575 1.000000
0.461016 -2.337891 557.993982
0.274414 -2.154688 -404.036370
0.000579 -0.004437 1.000000
0.775521 -2.312787 -649.430900
0.319184 -1.739366 -1135.992921
0.000863 -0.004800 1.000000
1.574792 -3.834233 869.915448
0.950075 -3.520553 -8738.170475
0.002383 -0.007830 1.000000
0.212224 -1.215114 -101.956395
0.029796 -1.348346 -147.742079
0.000034 -0.003096 1.000000
0.194802 -1.573778 2206.311689
0.046823 -1.409669 -25.156109
0.000120 -0.003315 1.000000
-3.726159 5.016101 6472.687078
-2.231270 2.939855 276.167336
-0.009476 0.010602 1.000000
-0.062778 -1.158020 169.851378
-0.029233 -0.893454 28.553246
-0.000097 -0.002538 1.000000
-0.927034 -0.403343 88.908818
-0.352035 -0.189861 716.223267
-0.001454 -0.000663 1.000000
0.343995 -1.790274 1130.429389
0.116533 -1.420986 -840.928214
0.000178 -0.003244 1.000000
-0.319079 -1.012471 761.193472
-0.301179 -0.857270 99.724293
-0.000701 -0.001836 1.000000
2.090008 -5.753712 2829.338437
0.711381 -2.326988 -5513.148570
0.003178 -0.009226 1.000000
-1.543039 1.184217 -902.475385
-1.192077 0.729763 1068.208452
-0.002747 0.002008 1.000000
2.364537 -5.404304 1189.961122
1.142236 -4.539117 -2755.846215
0.003737 -0.010260 1.000000
0.390577 -2.265719 107.661183
0.311253 -1.576492 -282.500868
0.001014 -0.004737 1.000000
-0.464377 -0.644598 688.731685
-0.343437 -0.344455 -446.597068
-0.001277 -0.001268 1.000000
-0.034053 -2.052581 833.286159
0.091144 -1.686114 -607.267209
0.000030 -0.003569 1.000000
-0.224086 -1.097948 246.843175
-0.137756 -0.708981 -352.650459
-0.000616 -0.002048 1.000000
0.360449 -1.399453 10.449293
0.160629 -0.798144 -103.074229
0.000690 -0.003175 1.000000
0.434568 -2.538385 722.460195
0.208187 -1.731862 -449.904710
0.000243 -0.003664 1.000000
0.849767 -3.215065 -331.743868
0.569478 -2.853185 -643.083275
0.001246 -0.005914 1.000000
31.221324 -50.382722 23858.656561
16.628296 -26.756287 -18110.379060
0.042275 -0.071557 1.000000
0.023317 -1.801985 1031.294417
-0.235290 -1.047060 -398.559840
-0.000451 -0.002666 1.000000
-0.243110 -1.451538 -678.234224
-0.250181 -0.972240 168.203786
-0.000438 -0.002663 1.000000
0.303281 -2.133677 -230.028315
0.265121 -1.423711 -454.974395
0.000551 -0.004070 1.000000
0.216164 -1.658902 -744.772030
0.182681 -1.295631 -615.267913
0.000110 -0.003384 1.000000
0.393724 -2.434769 -279.960332
-0.129431 -1.050755 62.023464
0.000560 -0.004171 1.000000
0.830686 -2.883143 29.530124
0.507249 -2.024761 -1118.833507
0.001349 -0.004898 1.000000
0.445915 -2.084672 975.316028
0.253901 -1.378562 -261.866722
0.000482 -0.003443 1.000000
0.403639 -2.708589 379.548919
0.217411 -1.833273 -794.055483
0.000596 -0.004697 1.000000
0.484533 -2.814909 796.674012
0.368855 -2.367237 -208.616038
0.000853 -0.005096 1.000000
-0.823363 0.039498 -379.143816
-0.522169 0.076771 123.039417
-0.001668 -0.000447 1.000000
1.157366 -3.599926 1704.764352
1.053926 -3.266861 -1223.839047
0.002082 -0.006446 1.000000
-1.553260 0.720718 -506.460748
-1.132502 1.021727 1350.137751
-0.002897 0.001518 1.000000
-0.710961 -0.393830 1198.150546
-0.577566 -0.399611 934.336183
-0.001314 -0.000902 1.000000
-0.943023 0.041467 -228.377948
-0.945698 0.167190 1128.265753
-0.002262 0.000210 1.000000
-0.498683 -0.819497 95.712342
-0.310688 -0.475379 1447.479369
-0.000953 -0.001419 1.000000
-0.509151 -0.545517 265.453366
-0.361482 -0.608070 2.201721
-0.000983 -0.001306 1.000000
-2.023632 1.727157 -1197.840852
-1.606436 1.834804 -1522.200784
-0.003490 0.002874 1.000000
-0.195125 -1.494523 444.588572
-0.210863 -0.846134 43.572406
-0.000371 -0.002201 1.000000
0.155361 -1.762268 656.265264
0.027095 -0.959162 -71.271817
0.000220 -0.002874 1.000000
3.474663 -7.801049 3167.964527
2.197978 -5.723253 -1801.338874
0.004989 -0.012332 1.000000
-0.340560 -1.618557 705.588227
-0.218388 -1.006739 18.993492
-0.000479 -0.002466 1.000000
-0.574879 -0.763691 -803.285115
-0.391658 -0.524764 124.105883
-0.001049 -0.001314 1.000000
6.129911 -14.236286 6717.111857
2.971239 -5.848495 -1250.782171
0.008468 -0.019351 1.000000
0.930736 -3.312026 1264.495036
0.943856 -2.990249 -1163.872389
0.002132 -0.007507 1.000000
0.298997 -2.537608 812.575473
0.283817 -2.688708 -355.724808
0.000898 -0.005153 1.000000
-0.013494 -2.140039 400.723781
0.038400 -1.548292 -290.179578
0.000335 -0.003898 1.000000
-0.192418 -1.512100 511.324833
-0.100255 -0.751923 -102.225407
-0.000160 -0.002317 1.000000
0.101756 -1.706810 364.465745
0.005766 -1.046813 -360.409493
0.000016 -0.002965 1.000000
-0.270027 -1.307587 364.763689
-0.243385 -0.978638 207.318986
-0.000549 -0.002192 1.000000
-0.434221 -1.742695 537.348966
-0.393958 -1.425830 390.795839
-0.000514 -0.002737 1.000000
-0.324891 -1.607492 386.024179
-0.301071 -0.951669 152.851540
-0.000591 -0.002435 1.000000
-6.920283 -8.944539 3081.403757
-1.798444 -11.193097 1642.720363
-0.003635 -0.013123 1.000000
0.993240 -0.603963 193.932387
0.160819 0.401143 122.082125
0.000319 -0.000901 1.000000
0.884233 -1.133032 314.134755
0.087040 0.007329 144.524014
0.000389 -0.001629 1.000000
1.538448 -3.596940 1808.862226
1.270252 -2.488316 -490.206375
0.002678 -0.006132 1.000000
0.180700 -2.497519 701.626849
0.181658 -2.212281 -55.212753
0.000287 -0.004023 1.000000
1.054768 -3.450892 1294.306474
0.670398 -2.688351 -319.943899
0.001845 -0.006126 1.000000
0.843980 -2.827530 1003.651983
0.283317 -1.941105 47.866736
0.001166 -0.004751 1.000000
0.384352 -0.381315 235.560546
-0.143187 0.329033 195.271179
-0.000309 -0.000677 1.000000
1.984379 1.105352 -343.067394
0.334995 3.346642 -285.557643
0.000414 0.002365 1.000000
0.537677 0.514281 39.776174
-0.381399 1.638712 174.616601
-0.000709 0.001274 1.000000
0.913894 -0.518141 178.424590
-0.013091 0.444411 199.991431
0.000229 -0.000855 1.000000
0.056676 -2.593641 446.869706
0.101533 -1.969985 -240.283638
0.000460 -0.004271 1.000000
0.284398 -1.621428 402.944145
0.022888 -1.116490 -1.376839
0.000060 -0.002679 1.000000
0.071251 -1.630500 253.671195
-0.110951 -1.205294 -6.022644
-0.000210 -0.002854 1.000000
0.172418 -1.849844 805.874116
-0.058577 -1.406004 -479.816953
0.000054 -0.003371 1.000000
0.268767 -1.438728 515.782638
-0.067001 -0.678757 146.650411
-0.000013 -0.002400 1.000000
1.000000 -0.000000 0.000000
0.000000 1.000000 -0.000000
0.000000 -0.000000 1.000000
2.710919 2.201332 -950.557225
-0.043559 3.646664 -883.370759
-0.000316 0.004264 1.000000
3.877723 5.211504 -1816.404627
-0.406635 5.679151 -916.175699
-0.001524 0.009556 1.000000
1.343147 0.138353 -83.538170
-0.098544 1.145150 92.369580
0.000232 0.000010 1.000000
0.633140 -0.412421 107.971582
-0.080737 0.480190 165.906970
-0.000150 -0.000739 1.000000
3.315822 2.806251 -1217.539796
-0.204948 5.086287 -942.753338
-0.000089 0.005676 1.000000
-0.350508 -1.368763 646.151167
-0.183533 -1.176070 207.414583
-0.000344 -0.002393 1.000000
-0.086128 -0.915958 261.575347
-0.139000 -0.637912 55.002332
-0.000454 -0.001854 1.000000
0.515376 -2.683286 560.791576
0.151934 -1.878515 -242.164735
0.000808 -0.005066 1.000000
0.976619 -3.636151 927.081213
0.965016 -2.581758 -774.485237
0.001980 -0.006162 1.000000
-0.253431 -1.689782 371.790143
-0.140909 -1.557243 23.317328
-0.000292 -0.003045 1.000000
6.043886 -10.144415 5590.406010
2.260854 -5.613311 -2680.766529
0.008766 -0.016152 1.000000
-0.269161 -1.010091 587.138489
-0.143265 -0.496992 -202.907431
-0.000657 -0.001805 1.000000
-0.191651 -1.685003 392.681665
-0.154858 -1.137655 9.847628
-0.000444 -0.002655 1.000000
-1.130211 0.140888 923.758711
-0.702350 0.295252 1533.385149
-0.002068 0.000664 1.000000
0.249441 -1.815563 840.812089
0.233412 -1.290207 -285.478122
0.000144 -0.003170 1.000000
-2.344002 1.608431 -705.161106
-0.860044 0.104532 487.251790
-0.003567 0.001711 1.000000
-0.462430 -45.995667 9995.314327
6.063149 -46.003682 -1356.424102
0.018814 -0.080890 1.000000
0.044633 -1.503489 483.572584
0.031680 -1.345110 22.882856
0.000104 -0.003630 1.000000
-0.330316 -1.521387 612.024591
-0.027598 -1.519676 222.769162
-0.000133 -0.003375 1.000000
0.077314 -1.840944 836.272082
0.029391 -1.833002 -76.149636
0.000029 -0.003600 1.000000
0.469559 -2.461744 917.289596
0.378045 -1.848948 -90.636197
0.000874 -0.004427 1.000000
-0.349295 -1.004716 241.070720
-0.198288 -0.549533 29.109029
-0.000808 -0.001934 1.000000
-0.126079 -1.465986 497.090749
-0.213320 -1.040972 -167.671119
-0.000315 -0.002662 1.000000
0.484118 -3.926691 -390.961639
0.937318 -3.263685 -1428.876857
0.002679 -0.008152 1.000000
-0.021742 -1.038913 562.519545
-0.155506 -1.386854 63.504893
-0.000152 -0.002909 1.000000
0.387573 -1.613735 -1134.615287
0.069790 -1.602124 -464.659596
0.000535 -0.003870 1.000000
-0.202454 -1.146876 -851.719603
0.094509 -1.891242 -503.094253
0.000008 -0.003287 1.000000
0.213078 -1.626643 -229.054973
0.167356 -1.732156 65.445993
0.000259 -0.003849 1.000000
2.051459 -5.030891 1508.155245
0.175686 -1.788984 -347.302267
0.002407 -0.006988 1.000000
0.113721 -2.352371 150.433863
0.164059 -1.662238 -916.708895
0.000052 -0.003976 1.000000
3.169360 -8.136963 2506.201733
3.565646 -6.524558 -3233.667803
0.007709 -0.016216 1.000000
-0.052365 -1.192695 537.631054
-0.093893 -1.070480 200.686020
-0.000190 -0.002267 1.000000
0.505372 -2.403882 1312.064254
-0.081094 -1.467202 -945.749425
0.000878 -0.004577 1.000000
-2.020116 1.593596 118.012430
-1.680611 0.838006 2356.426650
-0.004962 0.003923 1.000000
-0.009255 -1.025037 -37.148767
-0.009631 -0.859791 -94.922260
0.000043 -0.002878 1.000000
0.677594 -2.254857 1678.483159
0.751329 -2.081718 -492.648950
0.001224 -0.004308 1.000000
1.040966 -3.846867 667.885621
0.789549 -3.725753 -1093.661183
0.002008 -0.007255 1.000000
0.223352 -1.472694 133.097711
0.007513 -1.321826 -244.560080
0.000352 -0.003564 1.000000
0.275676 -1.786130 -208.777219
-0.123370 -1.372052 -618.368545
0.000600 -0.004289 1.000000
-0.125891 -1.457581 -103.338842
-0.018059 -1.150521 77.190731
-0.000539 -0.002721 1.000000
0.238114 -2.374654 -2741.782152
0.392986 -2.751892 -1582.311269
0.001586 -0.006875 1.000000
-0.092280 -1.474239 161.715937
0.046079 -1.477491 60.146760
-0.000266 -0.003011 1.000000
0.453063 -2.346585 1378.167550
0.434869 -1.901759 -560.872090
0.000948 -0.004689 1.000000
-0.490996 -0.866731 24.902501
-0.326112 -0.588730 81.918554
-0.000970 -0.001629 1.000000
-0.580696 -0.786909 375.513449
-0.505870 -0.613577 233.182335
-0.000944 -0.001336 1.000000
-0.117025 -1.181389 -655.285486
-0.055868 -1.088008 153.838324
-0.000292 -0.002675 1.000000
-3.794998 7.502490 1549.024992
-3.749635 7.626843 6567.514819
-0.010315 0.015884 1.000000
-0.379801 -1.238474 -275.661416
-0.207691 -1.058093 113.703395
-0.000628 -0.002477 1.000000
-0.021797 -1.699878 -279.723455
-0.005189 -1.445092 -274.706890
-0.000137 -0.003826 1.000000
-0.031530 -1.552085 -395.731386
-0.297946 -1.074697 496.795858
-0.000237 -0.002829 1.000000
0.258315 -1.601526 -1694.397035
0.002062 -1.297099 264.560859
0.000456 -0.003526 1.000000
-0.671983 0.031207 242.239749
-0.650565 -0.333952 -272.095677
-0.001702 -0.000563 1.000000
-0.325258 -0.773800 -799.281722
-0.370184 -0.786685 -203.168031
-0.001281 -0.001493 1.000000
-1.379009 0.771277 -1278.071828
-0.708923 0.769147 537.723001
-0.002905 0.001738 1.000000
-0.026190 -1.209023 1.532573
-0.102280 -1.368736 1008.198054
-0.000223 -0.002463 1.000000
-0.121037 -1.324019 -440.541614
-0.416550 -1.281726 389.669867
-0.000673 -0.002455 1.000000
-0.875614 0.285577 -370.458587
-0.759202 -0.356422 826.402098
-0.001783 -0.000388 1.000000
1.535198 -3.436538 -691.294229
0.632711 -1.497771 -996.279195
0.002914 -0.006087 1.000000
0.541177 -2.199478 52.163879
0.141882 -1.703326 -418.837422
0.001063 -0.004359 1.000000
-1.300650 1.280759 1484.431239
-1.304974 1.420197 1588.362821
-0.003928 0.003705 1.000000
-0.554517 -0.501749 -201.147118
-0.545864 -0.517219 1046.086344
-0.001259 -0.000920 1.000000
-2.475143 1.933717 6227.595862
-1.156224 0.722367 8084.630738
-0.004328 0.003540 1.000000
0.201565 -2.860379 1271.562879
0.107690 -1.300359 -251.213220
0.000418 -0.004078 1.000000
1.561115 -4.811898 -3628.250898
0.584665 -3.278728 -2721.616027
0.003113 -0.008799 1.000000
-0.426687 -1.576193 1395.233919
-0.081367 -0.655113 -380.300045
-0.000348 -0.002348 1.000000
-0.327717 -1.582962 1131.075836
-0.005954 -1.136399 -18.412687
-0.000133 -0.003025 1.000000
0.523026 -2.747488 1359.646195
0.403335 -2.264875 -354.063512
0.001107 -0.005404 1.000000
0.260882 -3.185399 1035.198109
0.309192 -1.800377 -759.521968
0.000475 -0.004677 1.000000
0.033869 -1.961631 1262.421774
-0.073063 -0.931935 -421.417916
-0.000062 -0.002860 1.000000
0.198261 -2.413794 2149.622763
0.020865 -1.514436 -181.520113
0.000509 -0.004136 1.000000
0.487586 -2.149547 359.212717
0.619153 -2.515300 1432.349942
0.001359 -0.004936 1.000000
0.177355 -1.689199 227.904948
-0.035470 -1.011325 -134.226805
-0.000031 -0.002888 1.000000
-0.099241 -1.144424 836.282244
-0.122476 -0.726030 -624.839436
-0.000296 -0.002353 1.000000
-4.374383 5.094497 -5696.989359
-2.945073 5.519265 1372.228940
-0.008748 0.013579 1.000000
-0.083623 -1.868202 1152.455270
0.132715 -1.009510 -248.586204
0.000032 -0.003067 1.000000
-0.606511 -1.917306 1313.695044
0.008049 -1.102772 -66.919217
-0.000378 -0.002968 1.000000
0.174268 -2.183204 1209.470003
0.004190 -0.608796 -105.614372
0.000249 -0.002923 1.000000
0.743852 -2.444448 -952.109029
0.108908 -1.045767 -405.189683
0.000886 -0.004020 1.000000
0.191417 -1.539342 42.599263
-0.036607 -1.301228 -972.705569
0.000280 -0.003531 1.000000
-0.578101 -0.824580 1406.987389
-0.445095 -0.741871 812.308251
-0.001034 -0.001424 1.000000
-0.095195 -1.666893 1138.381866
-0.005001 -0.692205 -72.449138
-0.000121 -0.002714 1.000000
-1.460806 0.845155 286.702454
-0.953173 -0.108611 -594.177626
-0.002564 0.001186 1.000000
1.755027 -5.800899 -3207.202291
0.714026 -4.165699 787.984149
0.003041 -0.010320 1.000000
0.119144 -2.006392 706.555939
0.101086 -1.157037 -287.709188
0.000534 -0.003782 1.000000
-0.037851 -1.053825 349.522817
0.020797 -0.812014 -16.993674
-0.000220 -0.002513 1.000000
-0.186789 -1.791246 1190.530721
0.007788 -1.220078 -5.913622
-0.000035 -0.003225 1.000000
-0.575473 -1.109666 698.155792
-0.421693 -0.916322 -231.836998
-0.000940 -0.001953 1.000000
25.065980 -50.734938 -39449.434328
19.074394 -39.592154 -25295.519948
0.065023 -0.122056 1.000000
0.590524 -2.474380 492.694320
0.495017 -2.159211 -820.084563
0.000682 -0.004469 1.000000
0.558508 -4.146982 -820.686409
0.272096 -3.228517 -477.488823
0.001386 -0.006767 1.000000
-0.280595 -1.298469 823.771928
-0.148992 -0.953003 -95.577876
-0.000415 -0.002448 1.000000
-0.435333 -0.907676 892.507716
-0.211994 -0.726329 -683.516247
-0.000859 -0.001930 1.000000
0.095037 -1.424348 -99.728452
-0.005560 -1.249655 -338.130346
-0.000202 -0.002813 1.000000
-0.094637 -1.605511 768.318116
0.002130 -1.236023 -277.673668
-0.000050 -0.002969 1.000000
0.371297 -2.327948 951.949261
-0.142058 -0.848263 47.526163
0.000404 -0.003622 1.000000
-0.142086 -1.976341 879.825430
-0.153551 -1.527877 92.868208
-0.000101 -0.003444 1.000000
1.871858 -4.702912 2490.041904
0.884306 -4.156746 -63.547181
0.003330 -0.009731 1.000000
0.307633 -2.100772 619.182622
-0.031048 -1.368508 -666.714697
0.000002 -0.003266 1.000000
0.012717 -1.541061 503.795167
-0.095304 -0.977220 -7.763613
-0.000079 -0.002808 1.000000
1.045580 -2.921688 460.052713
0.225608 -1.958025 -568.922300
0.001677 -0.005754 1.000000
0.006772 -1.004822 522.777187
-0.342299 -0.949193 -114.517856
-0.000458 -0.002118 1.000000
0.193558 -1.628328 707.581729
0.007105 -0.680639 -113.360693
0.000185 -0.002930 1.000000
0.571894 -2.207522 739.650301
0.161313 -0.846343 -289.298067
0.000297 -0.003226 1.000000
-0.301835 -1.194791 1040.933857
-0.161620 -1.459940 -69.254858
-0.000485 -0.002662 1.000000
0.700480 -2.673656 1419.779679
0.386433 -1.865286 -696.333973
0.001309 -0.004851 1.000000
0.366534 -2.094644 456.823181
0.126874 -1.250329 -224.463004
0.000575 -0.003453 1.000000
-0.181901 -1.248143 556.209966
-0.242768 -1.011161 -453.544127
-0.000339 -0.002289 1.000000
-0.688270 -0.252901 1332.978143
-0.595881 -0.451999 388.974380
-0.001290 -0.000810 1.000000
-0.132834 -0.922404 574.633497
-0.203222 -1.017105 -186.810611
-0.000269 -0.002526 1.000000
-0.278683 -1.358996 801.623073
-0.001220 -1.097001 -1.129621
-0.000389 -0.002868 1.000000
0.721298 -2.304296 156.127400
0.701242 -2.070097 -571.189110
0.001292 -0.004814 1.000000
-0.464347 -0.716735 1005.486106
-0.331684 -0.889988 -112.632963
-0.000945 -0.001976 1.000000
0.426807 -2.668942 -311.450161
0.246494 -1.489941 -365.353256
0.000781 -0.004134 1.000000
-0.188437 -1.118513 577.881088
-0.205689 -1.273673 160.697748
-0.000492 -0.002597 1.000000
-0.057245 -1.416184 679.555412
-0.008488 -1.838796 -168.406987
-0.000064 -0.003436 1.000000
-0.049389 -1.533928 832.068909
-0.160836 -1.679418 279.157913
-0.000292 -0.002867 1.000000
-0.014654 -1.770070 712.958495
0.068101 -1.714904 -50.958620
0.000045 -0.003468 1.000000
1.506421 -4.202211 -226.123098
1.473122 -3.812884 -1283.224389
0.002280 -0.007688 1.000000
-0.421649 -1.757879 1049.937021
-0.165146 -1.010823 -511.872896
-0.000379 -0.002888 1.000000
-0.261543 -1.180888 368.585668
-0.009635 -0.543824 -169.366129
-0.000248 -0.002189 1.000000
-1.201456 -0.040037 1285.330487
-0.434166 -0.170334 -87.328251
-0.001689 -0.000357 1.000000
-0.339578 -1.370453 356.700114
-0.200735 -0.827200 131.833978
-0.000634 -0.002282 1.000000
0.132397 -2.195778 474.480095
0.024257 -1.387558 -894.562175
0.001153 -0.005637 1.000000
1.532044 -3.389020 1592.122217
0.643697 -1.502520 -1238.387601
0.002559 -0.006786 1.000000
0.304974 -1.927476 920.706445
-0.088773 -2.035430 292.075110
0.000001 -0.003544 1.000000
-0.148418 -1.174460 638.179572
-0.100065 -1.412903 107.088094
-0.000248 -0.002619 1.000000
8.599030 -12.479572 2530.495060
8.907775 -16.739552 -9461.946951
0.016724 -0.032529 1.000000
0.074839 -1.485206 517.868109
0.010270 -1.411833 -97.083782
-0.000037 -0.002800 1.000000
0.027200 -1.304231 898.073170
-0.156296 -1.257534 427.290724
-0.000309 -0.002352 1.000000
-0.533578 -0.777033 118.654837
-0.368986 -0.352333 -57.194407
-0.001084 -0.001150 1.000000
-0.054218 -1.339824 576.180051
-0.045078 -1.344162 -453.151466
0.000047 -0.003089 1.000000
0.932355 -2.524994 -3117.562331
0.849297 -2.219302 -1351.927442
0.001544 -0.005616 1.000000
-0.310455 -1.452974 595.333304
-0.196242 -0.797087 -160.288419
-0.000364 -0.002585 1.000000
-0.100781 -1.363497 -279.370245
0.007010 -1.180063 -522.352387
-0.000044 -0.002683 1.000000
-0.228910 -1.002688 393.068656
-0.171980 -0.741751 -127.710267
-0.000549 -0.001965 1.000000
0.106050 -2.012326 917.862054
-0.041799 -1.641419 -358.638446
0.000228 -0.003737 1.000000
0.215140 -1.800982 704.086709
0.187027 -1.441596 -789.271771
0.000593 -0.003551 1.000000
-0.147915 -1.406111 224.187488
-0.085555 -1.219926 -165.397019
-0.000306 -0.002588 1.000000
-0.376542 -1.458032 1311.881450
-0.043833 -0.981839 -545.928829
-0.000420 -0.002513 1.000000
-0.292706 -1.452898 1028.395864
-0.093722 -1.043015 -472.441658
-0.000457 -0.002331 1.000000
0.627090 -1.952590 795.777494
0.093475 -1.480637 -166.045353
0.000503 -0.003707 1.000000
0.215683 -1.960982 187.076065
0.136822 -1.590627 -667.931557
0.000348 -0.003806 1.000000
-0.553687 -0.817653 764.498203
-0.244069 -0.889458 -44.213682
-0.000565 -0.002152 1.000000
546.804631 -1482.987231 393226.689265
629.507024 -1609.865835 -697458.335861
1.393079 -2.922145 1.000000
-0.623651 -0.572927 1543.903264
-0.369504 -0.392224 -171.981662
-0.001151 -0.000917 1.000000
