1.000000 0.000000 -0.000000
-0.000000 1.000000 -0.000000
-0.000000 0.000000 1.000000
0.567716 0.134627 107.736917
-0.147602 1.161939 -0.485712
-0.000444 0.000321 1.000000
1.905552 0.234700 -217.682791
0.262961 1.619996 -227.689663
0.000651 0.000271 1.000000
-0.051398 -2.673765 809.381325
0.156913 -2.440205 215.154204
0.000618 -0.004511 1.000000
1.009511 0.098697 -70.644976
-0.346654 0.881311 281.772049
-0.000139 0.000036 1.000000
0.974436 0.050925 47.646726
-0.270380 0.975119 207.645934
0.000054 0.000018 1.000000
1.641580 0.531441 -301.441742
-0.282807 1.915637 -138.745582
0.000070 0.001214 1.000000
0.578822 0.346713 -15.936997
-0.539208 1.264597 39.282489
-0.000855 0.000876 1.000000
0.334160 1.928847 -189.269411
-0.767110 3.039839 161.054182
-0.001576 0.003569 1.000000
-4.071742 -3.482809 2399.521589
0.553398 -6.360062 1564.619762
0.001921 -0.012377 1.000000
-1.596846 -1.594989 1032.808808
-0.191001 -1.747400 538.879477
-0.000607 -0.003626 1.000000
-0.849214 -1.041728 469.425743
-0.288382 -0.868913 260.687926
-0.000812 -0.002067 1.000000
-0.857046 -0.814637 368.183590
-0.311493 -0.802160 202.638535
-0.001000 -0.001787 1.000000
-0.597786 -0.575959 37.903493
-0.402014 -0.552049 30.370909
-0.001131 -0.001306 1.000000
0.315392 -1.724308 547.576876
0.099475 -1.253991 66.185225
0.000605 -0.003530 1.000000
2.164742 3.293953 -620.589392
-0.142315 4.520291 -312.306030
-0.000322 0.005617 1.000000
1.260854 0.642931 -27.346373
-0.103392 2.073377 -101.254357
0.000086 0.001635 1.000000
-0.278521 -2.259882 644.046925
0.144599 -2.286848 231.296250
0.000318 -0.004634 1.000000
0.023875 -1.943411 504.352558
0.019501 -1.350518 113.301834
0.000179 -0.003414 1.000000
-1.875737 -3.079465 942.020241
-0.602349 -3.297788 605.089043
-0.001369 -0.005213 1.000000
-0.180586 -1.560078 484.963533
-0.161534 -1.403230 230.565299
-0.000152 -0.003207 1.000000
-1.645263 1.082724 -779.246374
-1.154152 1.060808 10.214390
-0.003790 0.002614 1.000000
0.065088 -1.883630 1527.189569
0.222626 -1.590702 529.027410
0.000871 -0.004190 1.000000
0.030204 -0.965016 283.105918
-0.190810 -0.567565 148.175237
-0.000421 -0.001976 1.000000
0.513974 -2.159725 573.462343
0.412032 -1.414483 -289.302405
0.000803 -0.003936 1.000000
0.053755 -1.778079 488.378546
-0.044059 -1.500876 -37.730485
0.000027 -0.003481 1.000000
-0.132563 -2.917238 808.610352
0.463713 -3.385867 168.556661
0.000847 -0.005805 1.000000
-0.344886 -1.089896 248.046924
-0.192681 -1.043077 74.616861
-0.000481 -0.002390 1.000000
-0.138191 -0.453019 21.287947
-0.373541 -0.259909 214.988266
-0.001069 -0.001098 1.000000
-0.241771 -1.513610 628.221022
-0.202047 -1.476856 278.246756
-0.000127 -0.002976 1.000000
-0.168171 -2.045856 689.598522
-0.056085 -1.707405 123.597531
0.000085 -0.003637 1.000000
-0.089090 -1.860976 -467.687456
-0.001880 -1.180964 212.147407
-0.000033 -0.003521 1.000000
-2.190562 1.804039 -1309.944357
-1.488648 1.207185 4381.623612
-0.003906 0.002794 1.000000
0.025549 -1.896044 536.183609
0.000014 -1.552964 -97.732487
0.000091 -0.003799 1.000000
-0.577325 -1.558854 585.356690
-0.272814 -1.258089 110.638304
-0.000565 -0.002742 1.000000
0.265223 -2.141193 1710.181245
0.214832 -1.412565 -121.286766
0.000698 -0.004343 1.000000
0.222868 -1.739676 506.920363
-0.083606 -1.481860 56.790289
0.000157 -0.003509 1.000000
-0.697870 -0.588971 785.863287
-0.391556 -0.550429 59.929970
-0.001133 -0.001506 1.000000
-0.526863 -1.007722 693.665797
-0.308798 -0.752468 133.635977
-0.000725 -0.002082 1.000000
-0.800522 -0.743957 881.750117
-0.371065 -0.301098 198.000567
-0.001046 -0.001219 1.000000
-7.270053 5.076396 3276.896748
-3.645454 3.324993 2254.983974
-0.010539 0.009690 1.000000
-1.289098 -0.337197 1146.005973
-0.491483 -0.156973 258.244622
-0.001868 -0.000551 1.000000
-2.105547 0.319458 1627.991718
-0.850765 -0.122835 367.328224
-0.002874 0.000781 1.000000
-1.772039 -0.014668 1520.966417
-0.627628 0.088301 -94.428324
-0.002351 0.000002 1.000000
0.055037 -1.639325 91.021814
0.017160 -1.327252 -44.288361
0.000168 -0.003637 1.000000
0.210347 -1.554025 226.063806
-0.012691 -1.270520 -39.466227
-0.000046 -0.003061 1.000000
0.246970 -1.664359 462.291535
-0.041626 -1.356210 -69.374530
-0.000213 -0.002967 1.000000
-0.453813 -0.898787 697.242634
-0.365315 -0.835683 163.772774
-0.000792 -0.002140 1.000000
-0.384934 -1.023451 673.554625
-0.300445 -1.157071 240.828583
-0.000659 -0.002529 1.000000
-0.783471 -0.542524 1035.665996
-0.483256 -0.727739 189.598074
-0.001311 -0.001551 1.000000
-0.417530 -1.164413 794.172399
-0.269611 -0.945360 230.756169
-0.000690 -0.002102 1.000000
-0.552246 -1.102016 921.179007
-0.335388 -0.732837 170.080870
-0.000877 -0.001887 1.000000
-0.484350 -0.819968 763.801164
-0.336482 -0.744425 124.471033
-0.000893 -0.002009 1.000000
0.046225 -1.393693 576.151213
-0.012217 -1.477016 -136.222157
0.000057 -0.003285 1.000000
2.509732 -4.412401 76.276773
1.617449 -4.579426 -1956.159607
0.003446 -0.009631 1.000000
-0.229418 -1.527843 881.091737
-0.039859 -1.148197 -143.824288
-0.000247 -0.002890 1.000000
-0.014606 -1.280732 28.690522
-0.106390 -0.985399 -676.340948
-0.000008 -0.003041 1.000000
-0.296379 -0.714284 207.914006
-0.310590 -0.647420 -164.027409
-0.000599 -0.001995 1.000000
0.118511 -1.883553 222.587381
0.261919 -1.614460 -940.759135
0.000932 -0.004461 1.000000
-0.103664 -1.973292 128.855965
0.128228 -1.655918 -480.587084
0.000086 -0.003743 1.000000
0.199779 -1.989690 -524.583616
0.182594 -1.126471 -57.190764
0.000392 -0.004177 1.000000
-0.010697 -1.902890 700.224905
-0.058942 -1.827351 -547.360361
0.000105 -0.003715 1.000000
1.023766 -2.812806 -1118.799599
0.700479 -1.589168 -814.345367
0.001857 -0.006223 1.000000
0.345974 -1.664622 199.993408
0.228359 -1.573586 -718.271050
0.000318 -0.003953 1.000000
-0.055691 -1.586184 2161.451403
-0.110901 -0.608526 -622.080050
-0.000176 -0.002858 1.000000
-0.151712 -1.089753 703.779159
-0.106106 -1.296156 -326.947787
-0.000247 -0.002933 1.000000
2.057030 -3.101021 756.368324
1.219447 -3.222702 -1593.726456
0.003506 -0.007791 1.000000
-0.345638 -0.772813 389.090653
-0.362190 -0.737223 -38.034054
-0.000686 -0.002056 1.000000
-0.169334 -1.370448 -494.646717
-0.072065 -0.655033 -391.793082
-0.000153 -0.003078 1.000000
-0.424764 -1.187101 541.526571
-0.326280 -1.041688 -126.150964
-0.000770 -0.002107 1.000000
-1.522924 0.868441 -1223.689965
-1.004043 0.526984 879.826425
-0.002793 0.001678 1.000000
0.386069 -2.527690 852.574147
0.153503 -1.747589 -349.966320
0.000613 -0.004378 1.000000
0.184352 -1.559557 -820.981385
0.092109 -1.024936 326.214970
0.000274 -0.003290 1.000000
1.189828 -3.962520 674.003566
0.733318 -2.361386 -1714.471248
0.002320 -0.007059 1.000000
-0.573575 -0.889394 846.280936
-0.335064 -0.729751 195.167965
-0.000889 -0.001949 1.000000
-0.446867 -1.080198 684.484306
-0.232330 -0.900855 21.718767
-0.000587 -0.002072 1.000000
1.411894 -3.786834 -2006.503725
0.951361 -2.549310 -165.518980
0.003144 -0.007293 1.000000
-0.258438 -1.082493 -284.142595
-0.212365 -0.744859 -48.620027
-0.000348 -0.002484 1.000000
-17.505642 28.752117 16313.991940
-13.410585 21.530104 13227.116628
-0.030744 0.052259 1.000000
-0.650674 -0.745960 -726.035596
-0.491486 -0.490535 525.261162
-0.001197 -0.001289 1.000000
-0.405278 -1.127046 386.058686
-0.438275 -1.046420 -8.096334
-0.000712 -0.002184 1.000000
-0.160577 -1.579244 488.749166
-0.088156 -0.986406 -339.303790
-0.000155 -0.002801 1.000000
-0.179925 -1.308179 810.623351
-0.169162 -1.518844 -124.886042
-0.000293 -0.003213 1.000000
-0.731167 -0.664641 497.179865
-0.500201 -0.456521 -169.664864
-0.001259 -0.001011 1.000000
0.087251 -1.344001 -196.198166
-0.012503 -0.950078 79.456677
0.000341 -0.003154 1.000000
0.019377 -1.350598 -161.191011
-0.037712 -0.797904 -29.071930
0.000346 -0.003197 1.000000
20.077094 -46.481410 1528.373498
15.253683 -22.223891 -27313.460424
0.044996 -0.073063 1.000000
0.421148 -1.952211 237.726033
0.110753 -1.302343 -427.610588
0.000290 -0.003734 1.000000
-0.336369 -0.702749 -555.819216
-0.243304 -0.656624 425.255918
-0.000741 -0.001896 1.000000
-1.477318 0.676230 1575.976291
-1.050474 0.440701 956.228475
-0.002593 0.001266 1.000000
0.758529 -3.126724 455.447335
0.441397 -2.236799 -483.820934
0.000999 -0.004545 1.000000
-0.140846 -1.959133 -533.336251
-0.081620 -1.175614 -23.819592
-0.000036 -0.003121 1.000000
-0.115565 -2.429414 110.810835
-0.073381 -1.364133 178.082460
-0.000220 -0.003320 1.000000
0.263572 -1.804339 -988.484948
0.215473 -0.846940 -232.739069
0.000492 -0.003702 1.000000
0.156818 -2.116977 -526.507182
0.107180 -1.305696 -470.066138
0.000390 -0.004020 1.000000
0.870141 -2.704842 2021.927660
0.770666 -1.787103 -1312.508537
0.001069 -0.004269 1.000000
-3.031508 3.912248 3771.029463
-1.515101 1.483658 1960.473011
-0.004838 0.005629 1.000000
-0.732838 -1.587266 402.602565
-0.246864 -1.037309 -54.375086
-0.000720 -0.002456 1.000000
0.261391 -2.497151 123.290671
0.092751 -1.971971 -216.064787
0.000194 -0.004022 1.000000
1.744738 -3.910276 182.711490
0.989019 -3.192792 -1365.869786
0.002966 -0.008039 1.000000
0.465433 -3.468779 -134.085667
0.068609 -2.086264 -279.488590
0.000662 -0.004748 1.000000
0.012626 -1.727027 698.770064
-0.136969 -1.417535 -196.513437
-0.000010 -0.003074 1.000000
-0.351450 -1.290213 582.262960
-0.245168 -1.124690 79.526077
-0.000495 -0.002368 1.000000
0.438600 -2.194132 498.343267
0.146121 -1.767906 -45.579916
0.000525 -0.003794 1.000000
0.513808 -2.818680 -1400.025157
0.788173 -2.731253 -591.479796
0.001169 -0.005517 1.000000
0.118732 -1.697097 535.565864
0.000142 -1.390772 155.185620
0.000097 -0.003042 1.000000
1.037734 -3.051160 143.843139
0.572132 -2.053975 -341.045472
0.001575 -0.005217 1.000000
-0.005349 -2.021084 1447.760957
0.016704 -1.697864 -554.431302
0.000262 -0.003785 1.000000
0.001645 -1.284919 460.049314
-0.029192 -1.172747 -18.367606
-0.000101 -0.002601 1.000000
-0.658760 -1.021788 -43.041840
-0.474254 -0.787269 392.737476
-0.000997 -0.001727 1.000000
-0.156970 -1.375649 -326.578358
-0.068985 -0.925979 -98.421208
-0.000369 -0.002762 1.000000
-0.464269 -0.998186 -178.105438
-0.376830 -0.649660 -325.812874
-0.000950 -0.001795 1.000000
0.756372 -2.856450 -620.307304
0.410050 -1.744802 -604.470320
0.001336 -0.005329 1.000000
0.300196 -1.870414 910.208401
0.088213 -1.292363 -239.563813
0.000423 -0.003707 1.000000
-0.881714 0.194649 -380.281885
-0.663469 0.072943 -364.730782
-0.001980 0.000159 1.000000
3.844573 -8.206310 -4550.413114
4.695823 -6.101705 -66.638545
0.012700 -0.018639 1.000000
-0.565607 -0.826739 136.232045
-0.665167 -0.906275 34.275816
-0.001088 -0.001646 1.000000
2.747867 -4.548567 -4110.421129
1.487444 -3.641714 -5155.550358
0.004033 -0.009653 1.000000
0.733662 -2.497679 557.896818
0.541113 -2.034156 -967.721927
0.001222 -0.005139 1.000000
-0.033426 -1.622821 -492.208231
0.013175 -1.351475 -131.310811
0.000143 -0.003407 1.000000
0.090961 -1.623899 359.771802
0.093288 -1.146999 -250.928969
0.000149 -0.003218 1.000000
-2.741285 2.077105 1268.775803
-1.912874 1.218101 3339.842762
-0.004390 0.002812 1.000000
-0.210229 -1.533776 1162.216526
0.149298 -1.045834 -449.868538
-0.000051 -0.002763 1.000000
1.369435 -4.303867 -3043.513935
0.637924 -2.737098 -2623.925054
0.001731 -0.006894 1.000000
-0.262415 -1.243909 827.294428
-0.286018 -0.988099 -177.361336
-0.000527 -0.002378 1.000000
0.248486 -2.404682 559.639019
0.489372 -1.808710 -974.092491
0.000589 -0.004290 1.000000
-0.109409 -1.400128 284.844408
-0.115613 -1.144812 -214.458479
-0.000212 -0.002624 1.000000
0.021449 -1.534900 822.590841
-0.122628 -2.142157 105.217179
-0.000283 -0.003695 1.000000
0.055531 -0.863800 571.279889
-0.024479 -1.615732 7.383737
0.000021 -0.003313 1.000000
-0.289423 -1.514776 208.661831
-0.363029 -1.206034 3.812462
-0.000510 -0.002613 1.000000
4.112059 -8.269128 -1694.010120
2.763526 -5.959583 -3242.142026
0.005933 -0.013052 1.000000
-0.121912 -1.438399 535.370764
-0.150729 -0.886814 -140.321717
-0.000371 -0.002568 1.000000
0.271654 -1.977004 1096.688348
-0.029906 -1.560530 -529.380953
0.000081 -0.003563 1.000000
2.458067 -5.671662 1624.343154
1.281146 -4.226557 -1300.605804
0.003493 -0.009317 1.000000
-0.754302 -0.621072 -220.071340
-0.647275 -0.699150 656.117350
-0.001225 -0.001140 1.000000
0.187626 -2.424742 -456.401177
0.103234 -1.877630 25.972963
0.000211 -0.003997 1.000000
0.241712 -2.342757 663.612656
0.105660 -1.495243 -279.186015
0.000459 -0.003630 1.000000
-0.065513 -1.670907 574.009969
-0.131824 -1.200665 -274.564727
-0.000026 -0.002890 1.000000
-0.106439 -0.959659 235.656288
-0.268677 -0.713689 -305.737354
-0.000478 -0.002387 1.000000
-0.256378 -1.535319 1734.976923
-0.074522 -1.133750 -408.000779
-0.000188 -0.002810 1.000000
-0.437626 -1.557957 1148.658171
-0.208769 -0.525623 -81.919045
-0.000647 -0.002089 1.000000
-0.027512 -1.555891 1706.736664
0.039665 -0.751076 -368.949735
-0.000107 -0.002618 1.000000
-0.289262 -0.787087 575.065818
-0.343281 -0.567296 7.115704
-0.000917 -0.001709 1.000000
0.109432 -1.786339 697.459889
0.094958 -1.085062 -582.293159
0.000076 -0.003225 1.000000
0.574714 -2.724884 2212.763144
0.434861 -1.496084 -292.219069
0.001362 -0.004691 1.000000
-0.174219 -1.433112 870.057208
-0.205512 -0.967737 -400.838861
-0.000499 -0.002293 1.000000
0.173314 -1.656609 499.751348
-0.044092 -1.370717 -318.852826
0.000006 -0.003110 1.000000
-0.221461 -1.510427 59.547992
-0.203740 -0.778049 -315.270065
-0.000351 -0.002485 1.000000
-0.249234 -1.101424 147.154217
-0.112106 -1.165917 -111.887866
-0.000361 -0.002522 1.000000
1.300768 -3.779679 -120.886851
0.751981 -2.093062 -1484.577393
0.002168 -0.006026 1.000000
0.701282 -3.621944 40.867013
0.583276 -2.332194 -560.625702
0.001411 -0.005260 1.000000
0.768436 -2.776823 1639.988824
0.414393 -1.680253 -782.575951
0.001841 -0.005668 1.000000
0.243241 -2.079945 748.620954
0.238545 -1.507775 -426.374217
0.000705 -0.003868 1.000000
-0.157954 -1.647432 837.041476
-0.156947 -0.838075 -114.541227
-0.000309 -0.002555 1.000000
0.038965 -2.393399 426.769057
0.292940 -1.930869 -333.050556
0.000877 -0.004435 1.000000
0.760528 -3.508608 2733.391452
0.693406 -1.495523 -283.489171
0.001663 -0.005276 1.000000
-3.694737 3.670324 -788.741429
-2.047984 2.690139 2765.446910
-0.006479 0.007323 1.000000
1.161743 -3.141306 2964.230866
0.444982 -1.534028 687.152887
0.001610 -0.005055 1.000000
1.060375 -3.232219 1133.895462
0.318933 -1.381903 -2065.176331
0.001837 -0.004994 1.000000
0.032866 -1.314489 353.563130
-0.109678 -1.091129 70.366325
-0.000210 -0.002676 1.000000
-0.029070 -0.887545 306.152331
-0.116343 -0.907520 -30.372449
-0.000297 -0.002315 1.000000
-0.193210 -1.073327 233.076449
-0.174962 -0.565838 -431.570035
-0.000474 -0.002027 1.000000
0.334578 -2.126045 -925.298210
0.305789 -1.648283 -87.540709
0.001191 -0.004812 1.000000
-0.009265 -1.353369 531.141855
0.017436 -0.973376 2.091855
0.000012 -0.002502 1.000000
-0.062181 -1.356562 505.636942
-0.072289 -1.048941 108.404081
0.000233 -0.002962 1.000000
0.108019 -1.926428 341.378409
0.069113 -1.675234 -22.210303
0.000271 -0.003910 1.000000
-1.286396 -0.082621 -477.872207
-0.877318 0.105556 281.481786
-0.002247 0.000272 1.000000
-0.026688 -1.355720 379.958080
-0.074918 -1.156686 -50.681533
0.000143 -0.003038 1.000000
-0.306594 -1.123663 195.003037
-0.091648 -0.668421 -401.390715
-0.000484 -0.001921 1.000000
-0.362169 -1.754426 124.580516
-0.179507 -1.186423 97.687462
-0.000555 -0.002756 1.000000
-0.061620 -1.456640 146.884785
-0.041852 -1.627518 -92.507658
-0.000122 -0.003524 1.000000
0.163486 -1.575507 340.684476
-0.090525 -1.398848 -277.730707
-0.000004 -0.003399 1.000000
0.335285 -1.723544 -140.087542
-0.045076 -1.210603 -144.466955
0.000408 -0.003723 1.000000
-0.263131 -1.369418 447.314249
-0.309924 -1.433862 202.310252
-0.000302 -0.002850 1.000000
-0.056575 -1.442830 309.327719
-0.054653 -1.446674 -24.365270
0.000090 -0.003031 1.000000
-0.151323 -1.934141 388.487103
0.140523 -1.592229 -117.946477
0.000159 -0.003675 1.000000
0.022389 -1.700692 460.015957
-0.056356 -1.184742 -32.743619
0.000030 -0.002815 1.000000
0.205902 -1.260258 -159.195324
0.160938 -1.031566 -0.799049
0.000192 -0.003166 1.000000
-0.277069 -1.384620 160.058388
-0.219833 -1.233149 -43.837635
-0.000425 -0.002765 1.000000
-0.328495 -0.745923 730.740292
-0.443387 -0.710893 -50.866314
-0.001052 -0.001715 1.000000
1.021619 -2.808059 -115.564054
0.561257 -2.689397 -782.831038
0.001376 -0.006234 1.000000
0.154157 -1.722461 97.821207
0.087248 -1.473546 -52.747804
0.000334 -0.003472 1.000000
0.882572 -2.745909 164.916663
0.712970 -2.669529 -895.457918
0.001782 -0.006633 1.000000
-0.288353 -1.069515 46.362644
-0.209412 -0.603606 -42.609990
-0.000562 -0.002006 1.000000
-0.032576 -1.761682 -129.163920
0.169134 -1.687561 -230.654232
0.000238 -0.003631 1.000000
0.591966 -1.928528 -975.797929
0.208445 -1.685886 -770.292597
0.001012 -0.004599 1.000000
0.031183 -1.056245 190.450655
-0.069145 -0.803183 -157.503488
-0.000156 -0.002572 1.000000
0.619447 -2.440401 316.474430
0.394251 -2.231022 -660.065139
0.001491 -0.005452 1.000000
0.469769 -2.036183 561.554141
0.366390 -1.695384 -277.687693
0.001116 -0.004272 1.000000
-0.351439 -1.197214 -14.699274
-0.132229 -0.776143 -760.600860
-0.000492 -0.002138 1.000000
18.090021 -33.573899 99382.797777
14.330136 -27.304200 -12177.122635
0.041090 -0.063487 1.000000
0.201116 -1.773905 -485.092282
0.235236 -1.039993 -322.889842
0.000775 -0.003808 1.000000
0.077794 -2.245584 -295.383548
0.056360 -1.451476 -101.323245
0.000439 -0.003676 1.000000
0.068764 -2.172838 73.908079
0.043018 -1.384267 -190.913828
0.000389 -0.003709 1.000000
-0.449228 -0.775106 113.326623
-0.371786 -0.667517 -204.372855
-0.000955 -0.001536 1.000000
-0.433927 -1.134782 251.497386
-0.080571 -1.003100 -174.233743
-0.000405 -0.002393 1.000000
-0.102194 -1.484911 -16.476929
0.032446 -1.021935 -424.924092
-0.000080 -0.002588 1.000000
-0.200370 -1.079330 970.452967
-0.165015 -0.583410 -265.261801
-0.000412 -0.001954 1.000000
-0.799404 0.091912 -3215.717657
-0.485172 0.100554 -855.003948
-0.001885 0.000006 1.000000
-0.064333 -1.400163 11.758393
0.073049 -1.342260 -323.168311
-0.000042 -0.003015 1.000000
-0.959280 0.094406 1126.256598
-0.794546 0.152132 -286.325757
-0.002146 0.000223 1.000000
0.019596 -2.025507 927.636143
0.179804 -1.143783 -426.161683
0.000099 -0.003086 1.000000
9.150882 -13.341882 2938.165902
4.308381 -9.857068 -4668.132370
0.011705 -0.022879 1.000000
0.569678 -2.664258 2005.755925
0.357408 -1.747084 -1424.589561
0.000931 -0.004770 1.000000
-0.263930 -1.461807 1140.353481
-0.231694 -1.030034 140.819113
-0.000592 -0.002621 1.000000
0.631640 -2.551112 1104.430248
0.170350 -1.394914 -47.473415
0.000704 -0.004088 1.000000
-0.296722 -0.967255 499.437911
-0.155975 -0.728859 -715.549371
-0.000462 -0.002164 1.000000
0.170817 -2.063275 421.005998
-0.274106 -1.812111 55.502171
-0.000031 -0.003395 1.000000
-0.073134 -1.172668 655.830949
-0.200171 -0.907908 47.530501
-0.000417 -0.002230 1.000000
0.765512 -2.802108 3418.716906
0.537170 -2.287820 -900.964334
0.001286 -0.005192 1.000000
-0.355383 -1.093149 1584.853567
-0.098522 -1.081530 -336.523838
-0.000526 -0.002579 1.000000
-0.138551 -1.720039 718.597368
0.039815 -1.143247 -349.704064
0.000038 -0.003217 1.000000
-0.445660 -0.981105 477.567669
-0.279514 -0.817215 -120.457789
-0.000827 -0.001808 1.000000
-2.150205 2.424239 772.880285
-1.552991 1.794322 3526.899003
-0.004662 0.004697 1.000000
2.135510 -4.510082 1264.623441
0.946681 -2.286257 -665.442827
0.003402 -0.007775 1.000000
1.226316 -3.179519 1456.773848
0.940846 -2.208214 -1047.149420
0.002099 -0.006503 1.000000
0.336409 -2.570346 1344.801488
0.152665 -1.681644 -565.158655
0.000855 -0.004758 1.000000
0.947215 -2.375087 1612.353544
0.157200 -0.774922 -264.812123
0.001245 -0.003937 1.000000
-3.088882 1.339423 7778.227899
-1.770696 0.781410 341.195297
-0.006159 0.005894 1.000000
-0.757685 -1.079642 660.102847
-0.391279 -0.602701 -508.970159
-0.001130 -0.001625 1.000000
0.306247 -2.414493 846.181562
0.309364 -1.241194 -524.491862
0.000605 -0.003682 1.000000
-2.702504 2.114591 -592.027348
-1.207409 0.726287 -709.490877
-0.004114 0.002997 1.000000
0.013804 -1.535506 469.134593
-0.172961 -1.324070 -135.261526
-0.000211 -0.002945 1.000000
-0.311726 -1.369285 265.751488
-0.178432 -0.720532 -224.914712
-0.000469 -0.002401 1.000000
-0.568760 -1.063966 10.628038
-0.214189 -0.486425 -114.298471
-0.000681 -0.001816 1.000000
-0.271488 -1.439028 1188.188791
0.004166 -0.594905 -243.630509
-0.000499 -0.002109 1.000000
-0.252904 -1.498280 913.980310
-0.133777 -0.840706 121.413489
-0.000360 -0.002316 1.000000
0.810865 -2.313160 -1368.139639
0.471937 -1.829405 112.038547
0.001231 -0.004498 1.000000
0.815669 -2.945837 798.657037
0.672140 -1.968041 -670.806136
0.001891 -0.005206 1.000000
0.195422 -1.894619 731.047474
0.132933 -1.454627 -329.936841
0.000262 -0.003536 1.000000
1.052816 -3.080834 833.285167
0.592546 -1.767099 -539.751391
0.001789 -0.005141 1.000000
1.335548 -3.190101 1068.915476
0.876242 -2.638201 -741.582767
0.002527 -0.006703 1.000000
0.308214 -1.947972 292.256788
-0.006840 -1.138523 -214.693837
0.000761 -0.003716 1.000000
0.261623 -2.193688 842.670776
0.273646 -1.577842 -507.706239
0.000648 -0.004218 1.000000
-0.094461 -1.454398 790.840158
-0.066662 -0.787516 -171.343724
-0.000101 -0.002548 1.000000
-0.423704 -0.826186 893.157738
-0.203900 -0.552488 -179.877679
-0.000853 -0.001743 1.000000
1.740141 -3.485147 1153.021891
0.328966 -0.952923 -520.380163
0.002141 -0.005288 1.000000
-0.125331 -1.698771 1220.547875
0.248860 -1.264389 -321.309049
0.000644 -0.003642 1.000000
-0.171146 -0.967923 941.583210
-0.187812 -0.762409 -589.631107
-0.000595 -0.001887 1.000000
0.064878 -1.303428 838.900133
0.099235 -0.812842 -348.367047
0.000059 -0.002869 1.000000
-5.683698 6.729993 2748.888795
-2.992965 3.815933 6344.332824
-0.008467 0.009076 1.000000
0.301128 -2.071450 1235.365863
0.007913 -0.981587 -133.916063
0.000588 -0.003486 1.000000
-0.334328 -1.386099 384.351789
-0.182034 -0.575606 -254.093666
-0.000436 -0.002351 1.000000
0.091866 -1.921896 727.083368
0.030205 -1.234855 -375.116420
0.000531 -0.003991 1.000000
115.702778 -199.019438 -5227.147584
115.844441 -151.442660 -144546.818134
0.248991 -0.378630 1.000000
0.242292 -2.664635 365.088633
0.354910 -1.746350 -372.694990
0.000799 -0.004546 1.000000
0.361889 -2.735755 376.305214
0.039754 -1.970485 -465.162034
0.000444 -0.004435 1.000000
-0.276186 -1.411561 575.424852
-0.153813 -1.121641 -27.914371
-0.000265 -0.002586 1.000000
0.167042 -1.732739 455.736147
0.286968 -1.854627 -463.005832
0.000442 -0.003961 1.000000
-0.256496 -1.314938 669.578459
-0.007919 -0.676644 -52.647589
-0.000119 -0.002408 1.000000
0.104335 -1.124046 411.232700
0.207285 -1.396818 -369.026296
0.000101 -0.003213 1.000000
0.046878 -0.786732 45.837352
-0.001121 -1.261034 1.654633
0.000232 -0.003035 1.000000
-0.109301 -1.314473 498.674459
-0.120497 -0.902652 -17.305107
-0.000154 -0.002648 1.000000
0.458379 -1.985616 -1295.394537
0.602348 -2.333747 -1087.696150
0.001518 -0.005666 1.000000
0.398296 -2.653363 860.729042
0.168211 -1.904453 -484.097741
0.000672 -0.004695 1.000000
0.119697 -1.603161 379.526919
-0.178640 -1.622353 -82.018988
-0.000170 -0.003278 1.000000
-14.572757 31.312501 8117.152663
-12.188191 24.423079 3831.068353
-0.027023 0.049032 1.000000
0.116401 -1.602760 -3.602515
0.137678 -1.635977 107.273295
0.000440 -0.003634 1.000000
0.150824 -1.892995 1088.164111
0.059525 -0.910668 73.204418
0.000213 -0.002874 1.000000
-0.507952 -0.757003 766.265134
-0.260196 -0.361718 -524.019322
-0.001023 -0.001395 1.000000
-0.315745 -1.028666 900.803867
-0.096526 -0.443751 32.260529
-0.000520 -0.001872 1.000000
-0.173742 -1.035351 319.202846
-0.171116 -0.664982 -101.785546
-0.000468 -0.002102 1.000000
-0.199896 -1.650814 613.823426
-0.150350 -0.956818 -102.884037
-0.000347 -0.002730 1.000000
0.017541 -1.489980 594.274780
-0.005839 -0.826780 -159.111990
-0.000274 -0.002684 1.000000
0.275809 -2.743422 1029.683110
0.287747 -2.429520 -276.742186
0.000794 -0.004777 1.000000
0.308473 -2.253998 876.784215
0.172160 -2.200851 -330.181353
0.000314 -0.005106 1.000000
-2.322701 3.461854 2192.487548
-2.228776 2.814066 3081.007098
-0.004646 0.005959 1.000000
0.487752 -2.962437 -84.997394
0.381130 -2.248561 -827.285032
0.000879 -0.005005 1.000000
-0.111366 -1.410989 532.974465
-0.155043 -1.709914 234.959169
-0.000120 -0.003211 1.000000
-0.063374 -1.776247 -532.120873
0.045286 -0.896465 145.887087
0.000565 -0.003840 1.000000
-0.064864 -1.872549 809.372910
0.167281 -1.369491 -64.057020
0.000386 -0.003488 1.000000
-0.147936 -1.344897 -262.381202
-0.050529 -1.116013 -256.171989
-0.000054 -0.002809 1.000000
0.166751 -2.417002 21.329096
-0.091532 -1.396011 228.973912
-0.000059 -0.003466 1.000000
0.379099 -2.182801 92.702816
0.475323 -1.594222 -310.626133
0.001188 -0.004128 1.000000
0.005052 -1.826999 566.474935
-0.007017 -1.498396 83.483140
0.000194 -0.003834 1.000000
-0.068722 -1.324578 519.926106
-0.121860 -1.106715 59.442757
-0.000250 -0.002560 1.000000
0.499767 -1.856855 475.236048
0.228971 -1.039160 -182.799000
0.000754 -0.003442 1.000000
-0.287543 -1.324261 232.486717
-0.253753 -0.865547 84.770208
-0.000435 -0.002330 1.000000
0.212933 -1.485756 81.695514
0.004467 -1.059580 -46.516497
0.000001 -0.002756 1.000000
-0.030375 -1.207908 316.359509
-0.019355 -0.831661 -12.134227
-0.000098 -0.002500 1.000000
0.658114 -3.095960 1707.321912
0.531216 -2.073259 -1105.359274
0.001654 -0.006403 1.000000
0.068871 -1.429543 468.422376
0.038883 -0.997483 -180.386968
-0.000083 -0.002716 1.000000
-0.379910 -2.244169 647.087258
-0.286717 -2.026418 160.220129
-0.000067 -0.004226 1.000000
0.493183 -1.721517 124.440869
0.215639 -1.248976 -224.284119
0.000661 -0.003553 1.000000
-0.168268 -1.277673 664.335483
-0.227627 -0.986172 -50.525250
-0.000260 -0.002462 1.000000
