-0.056355 -1.292821 517.280839
-0.060405 -0.645446 -14.200539
-0.000163 -0.002289 1.000000
0.001812 -0.645608 159.407766
-0.074693 -0.689498 27.970292
-0.000343 -0.002285 1.000000
-0.018639 -0.293383 108.794175
-0.057558 -0.268842 88.730041
-0.000309 -0.001530 1.000000
-0.098544 -0.350847 130.909287
-0.095925 -0.453774 113.839423
-0.000452 -0.001609 1.000000
-0.145960 -0.424490 201.965512
-0.055040 -0.311997 43.744186
-0.000511 -0.001461 1.000000
-0.064263 -0.471242 198.832257
-0.085252 -0.331231 61.877815
-0.000343 -0.001640 1.000000
-0.052195 -0.690973 148.503857
-0.011729 -0.465080 7.734204
-0.000069 -0.002241 1.000000
0.182124 -0.637701 -17.970870
0.172214 -0.492345 -109.271341
0.001197 -0.003226 1.000000
0.058215 -0.765829 294.097822
-0.126144 -0.943630 59.243381
-0.000183 -0.002398 1.000000
-0.211847 -1.376024 864.321463
-0.063444 -0.332863 4.399573
-0.000309 -0.001854 1.000000
-0.107233 -1.224580 436.139141
-0.000772 -0.712239 -64.701193
-0.000207 -0.002300 1.000000
0.031099 -1.040600 5.682559
-0.151059 -0.914186 118.450513
-0.000215 -0.002677 1.000000
-15220.913684 14078.862947 -7037694.850481
-4110.302492 9974.159560 9607990.425294
-23.508052 33.708153 1.000000
0.073083 -0.636302 184.119610
0.000917 -0.807181 -61.354873
-0.000143 -0.002427 1.000000
-0.005561 -0.606644 380.983572
-0.086307 -0.478940 -20.828987
-0.000336 -0.001821 1.000000
-0.040853 -0.695669 216.116764
0.002422 -0.582038 -56.104888
-0.000218 -0.002025 1.000000
-0.062144 -0.558065 230.372690
-0.054660 -0.486237 31.051540
-0.000114 -0.002010 1.000000
-0.022681 -0.409844 71.625759
-0.049454 -0.351257 21.723726
-0.000416 -0.001707 1.000000
-0.047735 -0.650678 103.732930
-0.146222 -0.263756 -14.066516
-0.000422 -0.001673 1.000000
0.055060 -1.074357 163.408425
0.021007 -0.918071 1.246642
-0.000341 -0.002433 1.000000
0.030093 -1.034232 325.365191
0.062933 -0.690747 38.134362
0.000107 -0.002441 1.000000
-0.880463 -1.021523 474.366286
-0.604067 -0.630559 322.711152
-0.001160 -0.001329 1.000000
-0.028989 -1.160095 3.217139
-0.037698 -1.236405 860.582270
-0.000002 -0.002235 1.000000
-0.081053 -0.697056 185.579807
-0.157511 -0.580898 11.093708
-0.000324 -0.002045 1.000000
0.122569 -1.197951 229.344021
0.009822 -0.994257 5.070474
0.000007 -0.002706 1.000000
0.022218 -1.288236 423.260952
-0.174146 -0.793798 21.093447
-0.000178 -0.002401 1.000000
-0.088002 -0.735704 215.035467
-0.055973 -0.641790 31.777810
-0.000203 -0.002251 1.000000
-0.093071 -0.388130 40.925146
-0.149623 -0.331700 74.742781
-0.000543 -0.001345 1.000000
-0.002215 -0.760130 158.845681
0.030335 -0.334082 -73.867111
-0.000077 -0.001987 1.000000
-0.124934 -0.466145 151.908280
-0.166132 -0.440584 50.579961
-0.000558 -0.001528 1.000000
0.241745 -1.045008 244.172591
-0.049361 -0.802657 -71.734099
-0.000004 -0.002395 1.000000
-0.109949 -0.782149 240.261860
-0.021939 -0.364592 -96.595403
-0.000157 -0.002062 1.000000
-0.106848 -0.771110 285.385195
-0.051916 -0.327260 -80.917715
-0.000374 -0.001777 1.000000
-0.035087 -0.707070 333.865994
-0.076524 -0.554324 -27.570615
-0.000313 -0.002007 1.000000
-0.081391 -0.396145 47.838013
-0.078183 -0.632985 212.358489
-0.000256 -0.001914 1.000000
-0.213832 -0.709883 346.686293
-0.023926 -0.554683 -72.011754
-0.000292 -0.001984 1.000000
-0.302136 -0.966367 404.982076
-0.159129 -0.864661 124.828853
-0.000357 -0.002092 1.000000
0.016950 -0.912556 241.614852
0.095723 -0.569584 -126.388943
0.000069 -0.002253 1.000000
-0.100306 -0.831953 224.123229
-0.126936 -0.522903 18.852043
-0.000373 -0.002016 1.000000
-0.119993 -0.713772 120.931562
-0.076256 -0.365930 -1.954383
-0.000344 -0.001844 1.000000
0.036693 -0.495885 115.917179
-0.010765 -0.367311 33.282250
-0.000055 -0.001937 1.000000
-0.142428 -0.529133 159.994191
-0.069838 -0.349776 11.419132
-0.000508 -0.001694 1.000000
-0.052171 -0.730538 169.814105
-0.067565 -0.326153 -19.502321
-0.000375 -0.001772 1.000000
0.174999 -0.831454 184.595817
0.131918 -0.604316 -133.620778
0.000162 -0.002376 1.000000
-0.097382 -0.361726 138.606464
-0.005697 -0.222934 -25.712075
-0.000312 -0.001606 1.000000
-0.000042 -0.881361 403.880038
0.018975 -0.576798 -61.566601
-0.000092 -0.002322 1.000000
0.025416 -0.560549 147.528529
-0.029217 -0.528872 50.741473
-0.000174 -0.001878 1.000000
0.018581 -0.851565 191.028986
-0.134070 -0.618347 59.880027
-0.000376 -0.001968 1.000000
0.060455 -0.867629 331.808988
-0.112301 -0.440252 14.302004
-0.000277 -0.001891 1.000000
-0.081185 -0.902275 144.431424
-0.051188 -0.606769 0.802342
-0.000491 -0.002052 1.000000
0.085613 -0.570901 99.388381
-0.009543 -0.349612 -45.218939
-0.000310 -0.001845 1.000000
0.054882 -0.698404 151.104577
-0.134590 -0.389301 38.094011
-0.000413 -0.001698 1.000000
0.047953 -1.116683 361.905986
-0.118429 -0.962066 30.496996
-0.000250 -0.002447 1.000000
0.134490 -1.210565 303.859585
0.271553 -0.770190 -329.070575
0.000283 -0.002648 1.000000
0.046437 -0.810069 218.563315
-0.101432 -0.372826 1.031142
-0.000365 -0.001802 1.000000
-0.019145 -1.194575 389.565840
-0.018929 -0.958612 73.639696
0.000079 -0.002605 1.000000
-0.268096 -1.107076 479.439164
-0.050257 -0.625586 -29.568337
-0.000328 -0.002256 1.000000
-0.469993 -1.131585 703.095590
-0.250737 -0.451077 126.720021
-0.000543 -0.001608 1.000000
-0.304153 -0.991717 395.327801
-0.027013 -0.977172 5.731565
-0.000053 -0.002551 1.000000
0.264491 -0.746225 276.376831
-0.040137 -0.532069 40.896297
-0.000173 -0.001950 1.000000
0.056290 -0.902500 228.932692
0.237593 -0.869807 0.606032
0.000272 -0.002548 1.000000
-0.043755 -0.598764 322.471143
-0.058762 -0.302750 61.600456
-0.000440 -0.001620 1.000000
0.043626 -0.275548 116.287343
-0.030070 -0.264779 28.797122
-0.000385 -0.001521 1.000000
0.150563 -1.496265 470.049570
-0.021468 -0.909356 51.889229
-0.000042 -0.002544 1.000000
-0.020863 -0.767262 203.847368
0.067792 -0.577275 -103.310011
-0.000246 -0.002167 1.000000
0.156160 -1.126603 578.268532
0.204262 -0.730535 -61.769315
0.000138 -0.002331 1.000000
-0.210442 -1.558708 580.890905
0.124368 -1.893825 148.439394
0.000034 -0.003357 1.000000
-0.041679 -1.143825 598.672210
0.092996 -0.581281 -51.792831
0.000195 -0.002581 1.000000
0.094426 -0.792174 317.880762
0.169460 -0.854900 -59.203018
0.000339 -0.002619 1.000000
0.181113 -0.751218 370.748846
0.011998 0.072955 -24.045358
-0.000277 -0.001393 1.000000
4.609892 2.416530 -1378.092269
1.251436 5.609917 -1611.630353
0.001958 0.003126 1.000000
2.193318 0.626288 -320.141101
0.547262 2.638088 -579.028194
0.000763 0.001004 1.000000
-0.123758 -0.489799 146.489696
-0.047708 -0.466990 33.792355
-0.000388 -0.001750 1.000000
0.145636 -1.264830 689.741273
0.047844 -0.506447 -249.943437
0.000070 -0.002336 1.000000
0.125509 -0.788152 189.449901
-0.161382 -0.600432 98.510882
-0.000290 -0.002053 1.000000
-0.074137 -0.905319 331.686904
-0.134834 -0.822436 50.721950
-0.000502 -0.002066 1.000000
0.091131 -0.349086 168.758885
0.005303 -0.382155 72.182651
-0.000210 -0.001625 1.000000
0.236454 -0.021026 68.338278
-0.269525 0.562302 -16.341879
-0.000808 -0.000374 1.000000
0.121937 -0.571183 313.882771
-0.106625 0.195601 23.216118
-0.000448 -0.001128 1.000000
1.217258 0.260349 -88.116909
0.148202 1.378211 -227.342320
0.000156 0.000130 1.000000
1.026884 -0.088997 86.348699
0.076880 1.015110 -106.828717
0.000095 -0.000183 1.000000
0.728043 -0.088261 128.224518
-0.043416 0.845552 -50.973382
-0.000182 -0.000194 1.000000
0.743687 0.154468 97.937753
-0.090855 1.177554 -63.364327
-0.000280 0.000144 1.000000
-0.234557 -1.092376 491.865206
-0.093642 -0.664903 102.731435
-0.000361 -0.002122 1.000000
-0.006235 -0.309476 145.255667
-0.029985 -0.306554 70.474961
-0.000035 -0.001741 1.000000
-0.127148 -0.344350 213.572974
0.006070 -0.207256 13.693465
-0.000260 -0.001531 1.000000
-0.026097 -1.041660 352.464887
-0.136515 -0.639275 137.052157
-0.000287 -0.002048 1.000000
-0.033956 -0.938433 356.328988
-0.204391 -0.604854 163.147207
-0.000426 -0.001856 1.000000
-0.205770 -0.506819 159.203575
-0.107530 -0.228126 36.140648
-0.000611 -0.001320 1.000000
7.286265 7.865131 -3237.020141
0.778515 18.314527 -3041.157707
0.000307 0.016074 1.000000
0.540061 -0.052909 157.664910
0.052393 1.136779 -148.002546
-0.000276 -0.000109 1.000000
0.059047 -0.704620 313.749189
0.009776 -0.336080 22.312881
-0.000202 -0.001684 1.000000
-0.233120 -1.216100 635.603259
-0.053461 -0.956023 117.951068
-0.000167 -0.002270 1.000000
-0.023217 -0.274790 81.824982
0.005772 -0.156509 11.773806
-0.000287 -0.001483 1.000000
-0.152564 -0.345073 137.265883
-0.056939 -0.181489 36.314330
-0.000512 -0.001328 1.000000
-0.159880 -1.170684 465.901777
-0.081252 -0.775930 77.152827
-0.000302 -0.002260 1.000000
-0.159756 -0.328628 155.197145
-0.069074 -0.242402 68.477759
-0.000388 -0.001418 1.000000
0.011643 -0.742495 208.412533
-0.080444 -0.577192 60.354346
-0.000435 -0.001818 1.000000
-0.183052 -1.315113 471.102567
0.016675 -1.160974 77.947014
-0.000266 -0.002532 1.000000
0.074643 -0.760953 364.416465
-0.121833 -0.256020 103.263877
-0.000289 -0.001436 1.000000
0.542586 -0.559470 209.730733
0.021185 0.242074 25.173406
0.000031 -0.001126 1.000000
1.795084 0.361801 -227.726140
0.312768 1.948848 -353.494011
0.000757 0.000403 1.000000
1.212048 0.045107 -2.108841
0.138717 1.343974 -168.196148
0.000366 -0.000041 1.000000
1.000000 0.000000 -0.000000
0.000000 1.000000 0.000000
0.000000 0.000000 1.000000
0.916056 -0.000741 23.383501
-0.053779 0.972566 41.770570
-0.000040 -0.000087 1.000000
0.203642 -0.943378 204.803122
-0.059400 -0.716386 106.920811
-0.000142 -0.002134 1.000000
0.110335 -0.924320 217.242056
-0.062399 -0.724378 98.976310
-0.000186 -0.002272 1.000000
0.691066 -0.038610 90.328572
-0.099014 1.045094 -34.572381
-0.000279 0.000044 1.000000
0.598464 -0.234465 195.858196
-0.087960 0.861332 20.150529
-0.000262 -0.000205 1.000000
-0.030766 -1.853692 686.649897
0.299535 -1.620382 27.867831
0.000355 -0.003365 1.000000
0.979137 0.542371 -88.815390
-0.112031 1.766107 -300.560898
-0.000233 0.000670 1.000000
0.442092 -0.179472 204.128021
0.057670 0.720204 -153.394898
-0.000299 -0.000434 1.000000
-0.172547 -1.261187 547.742008
-0.053792 -0.856308 79.777490
-0.000255 -0.002338 1.000000
0.089519 -1.221719 700.163385
0.067448 -0.460107 -65.674605
0.000015 -0.002223 1.000000
-0.231004 -1.188978 473.866104
-0.105419 -1.052902 195.131162
-0.000358 -0.002390 1.000000
0.051743 -2.031436 554.625602
-0.000147 -1.506894 75.573263
-0.000021 -0.003277 1.000000
-0.012845 -1.403681 460.021217
-0.056920 -0.962197 49.257506
-0.000159 -0.002438 1.000000
0.149678 -1.641543 707.340531
-0.026975 -0.966232 17.022204
0.000110 -0.002843 1.000000
0.028720 -0.998113 313.596300
-0.047136 -0.513869 -33.281569
-0.000325 -0.002033 1.000000
-0.037042 -1.002563 315.498830
-0.067300 -0.757150 5.269570
-0.000253 -0.002254 1.000000
0.024207 -1.715553 459.037124
0.093402 -1.310943 -22.446777
-0.000009 -0.003246 1.000000
-0.141811 -1.233636 514.280875
-0.205685 -0.964446 106.195573
-0.000383 -0.002390 1.000000
0.250308 -1.608462 628.649979
-0.068069 -1.157631 85.824360
-0.000014 -0.002747 1.000000
-0.100196 -1.841005 554.314730
-0.258126 -1.368824 113.181620
-0.000107 -0.003039 1.000000
-0.122631 -1.200855 657.883993
-0.168982 -0.908277 106.281302
-0.000327 -0.002356 1.000000
-0.207699 -0.773339 312.157278
-0.184119 -0.498716 20.663118
-0.000581 -0.001788 1.000000
0.140850 -1.646170 627.224585
-0.030134 -0.647654 6.714459
0.000006 -0.002362 1.000000
0.035115 -1.410384 640.058743
-0.036736 -0.671977 -45.992308
-0.000060 -0.002368 1.000000
0.155980 -1.227622 316.906043
0.061191 -1.075994 70.532825
0.000036 -0.002640 1.000000
0.111333 -0.996795 393.069184
-0.050127 -0.391320 -31.387506
-0.000103 -0.002035 1.000000
-0.251160 -0.955387 359.195001
-0.074818 -0.694644 -55.028679
-0.000323 -0.002112 1.000000
-0.044495 -1.247534 328.253159
-0.005418 -0.758643 -166.334625
-0.000075 -0.002656 1.000000
-0.069021 -0.735729 226.443795
-0.170677 -0.663733 159.324808
-0.000390 -0.001795 1.000000
-0.268437 -1.051581 484.601318
-0.219980 -0.503820 -61.648069
-0.000579 -0.001804 1.000000
0.095885 -1.459553 636.343378
0.025309 -0.709898 -4.195091
-0.000045 -0.002304 1.000000
-0.101327 -1.791924 432.225014
-0.151568 -1.636272 158.217885
-0.000296 -0.003145 1.000000
0.016825 -1.196221 524.172511
-0.076621 -0.752629 113.308018
-0.000092 -0.002129 1.000000
-0.057416 -1.105907 368.958022
-0.169919 -0.700153 106.576126
-0.000338 -0.002018 1.000000
-0.045977 -0.850766 385.056535
-0.051123 -0.367588 -81.124306
-0.000254 -0.001900 1.000000
-0.037978 -1.657756 898.935113
0.009362 -0.556694 -111.849454
-0.000136 -0.002374 1.000000
-0.456373 -1.418577 1007.773352
-0.027906 -0.442778 39.779262
-0.000446 -0.002020 1.000000
0.065816 -1.251344 252.588412
-0.141608 -0.574489 -70.127735
-0.000341 -0.002306 1.000000
0.012036 -1.541263 959.232798
-0.017006 -0.778983 -35.239085
0.000001 -0.002403 1.000000
-0.026167 -1.158500 668.885924
0.084379 -0.573782 -96.899847
-0.000143 -0.002170 1.000000
-0.528038 -1.323532 1021.581544
-0.091966 -0.229778 52.431731
-0.000590 -0.001505 1.000000
-0.400510 -0.792593 622.501934
-0.339397 -0.562879 54.509415
-0.000817 -0.001530 1.000000
-0.058197 -0.713421 294.664460
-0.106094 -0.488320 25.258542
-0.000295 -0.001853 1.000000
0.164594 -1.729890 692.997229
0.091532 -1.027725 -344.707006
0.000195 -0.003190 1.000000
-0.017010 -0.737263 221.856540
-0.043297 -0.523244 27.752833
-0.000296 -0.001816 1.000000
-0.425190 -0.863650 554.847471
-0.137062 -0.551648 -67.558691
-0.000672 -0.001801 1.000000
-0.233477 -0.683488 237.517929
-0.245348 -0.640076 148.017988
-0.000747 -0.001638 1.000000
-0.099394 -1.536203 868.177968
-0.351864 -1.135967 300.417259
-0.000360 -0.002487 1.000000
0.431021 -1.880490 864.643070
0.072215 -0.558944 -40.460761
0.000280 -0.002514 1.000000
-0.737944 -1.053077 937.487923
-0.145752 -0.385948 -169.618877
-0.000967 -0.001403 1.000000
-0.335455 -1.365639 920.442464
0.040882 -0.505825 -93.374228
-0.000315 -0.002171 1.000000
-0.190061 -1.554057 972.782117
-0.040909 -0.355376 49.851989
-0.000259 -0.001898 1.000000
5.199560 -9.912774 4263.918990
3.397440 -4.553872 -3481.897301
0.009377 -0.015381 1.000000
0.087789 -1.418062 1085.947778
0.103286 -0.755210 -350.920607
-0.000080 -0.002800 1.000000
-0.084574 -1.364965 1113.899911
-0.045541 -0.344521 13.003218
-0.000258 -0.001917 1.000000
0.256160 -1.379736 338.229333
0.056801 -0.774143 -183.970884
-0.000047 -0.002456 1.000000
-0.049346 -1.073089 518.305531
-0.035384 -0.622805 -66.688223
-0.000218 -0.001985 1.000000
-0.260952 -0.633859 283.954641
-0.227507 -0.614070 27.964305
-0.000795 -0.001745 1.000000
0.808562 0.594462 -195.559398
-0.299237 1.584734 -85.261762
-0.000770 0.001179 1.000000
-0.034277 -0.562485 36.075595
0.001077 -0.588540 75.521995
-0.000261 -0.002075 1.000000
-0.135786 -0.421789 114.111352
-0.082403 -0.379878 78.059307
-0.000393 -0.001717 1.000000
0.021545 -0.966964 176.182418
0.096192 -1.068908 44.507913
0.000096 -0.002756 1.000000
-0.343148 -0.303206 -119.797610
-0.468670 -0.811360 771.458081
-0.000919 -0.001179 1.000000
-0.097046 -0.546431 103.356297
-0.060815 -0.605842 110.674185
-0.000087 -0.002367 1.000000
-2.227256 -5.816253 1635.107002
0.394688 -8.109672 984.313403
0.001432 -0.012808 1.000000
0.107423 -1.170308 397.503768
0.159111 -0.956537 45.557889
0.000002 -0.002581 1.000000
0.207063 -1.714412 850.777044
0.097105 -0.924320 -21.768131
0.000280 -0.002753 1.000000
0.145641 -1.527352 702.999210
0.072207 -0.671700 -113.265822
-0.000059 -0.002388 1.000000
-0.115878 -0.295855 40.677483
-0.100641 -0.364078 93.902055
-0.000468 -0.001600 1.000000
-0.080155 -0.340822 -21.614959
-0.096500 -0.541573 183.716579
-0.000427 -0.001658 1.000000
-0.078736 -0.571711 -24.475696
-0.166388 -0.721827 241.132795
-0.000279 -0.002057 1.000000
-0.134535 -0.292386 53.545355
-0.062356 -0.404767 107.481146
-0.000411 -0.001717 1.000000
-0.068852 -1.469882 262.348561
-0.041017 -1.135287 112.271384
0.000044 -0.002938 1.000000
-0.022204 -0.545272 61.439076
-0.054934 -0.606703 101.234615
0.000038 -0.002261 1.000000
0.023994 -0.175702 -16.743697
0.002242 -0.397923 112.298342
-0.000186 -0.001773 1.000000
-0.137350 -0.567770 85.643488
-0.129008 -0.378235 94.973513
-0.000749 -0.001484 1.000000
-0.013433 -0.331333 -25.912278
-0.051232 -0.503753 66.473288
-0.000420 -0.001777 1.000000
-0.072661 -0.355783 51.057102
-0.049988 -0.432229 102.907853
-0.000091 -0.001923 1.000000
1.731773 0.602072 -345.952305
0.512041 1.893705 -568.385878
0.000544 0.000626 1.000000
0.357404 -1.867140 606.918508
0.069533 -0.936300 -56.867546
0.000230 -0.003144 1.000000
0.030313 -1.638577 443.100021
-0.019545 -1.197908 63.884391
-0.000086 -0.003063 1.000000
-0.009855 -0.472753 33.362496
-0.058834 -0.343155 65.039674
-0.000308 -0.001775 1.000000
-0.100845 -0.805985 79.609178
-0.030361 -0.706504 118.556691
-0.000155 -0.002385 1.000000
-0.075243 -0.414410 16.445212
-0.009487 -0.583526 98.433572
-0.000276 -0.002041 1.000000
-0.213855 -0.925700 261.513035
-0.098426 -1.060934 53.487851
-0.000207 -0.002687 1.000000
0.013741 -0.743139 -73.199921
-0.354100 -1.096686 726.082238
-0.000231 -0.002084 1.000000
-0.606073 -0.420943 327.904732
-0.524131 -0.437538 -220.482180
-0.001192 -0.000770 1.000000
0.178225 -1.381852 258.606231
0.054336 -1.306135 -155.070369
0.000371 -0.003199 1.000000
0.009617 -0.608523 -47.601375
-0.073999 -0.506625 57.634175
-0.000375 -0.001895 1.000000
-0.165883 -1.545051 265.191173
-0.102041 -0.774032 38.355494
-0.000420 -0.002563 1.000000
-1.649904 0.413995 1222.463762
-1.057006 0.676659 1161.416497
-0.002608 0.001012 1.000000
-0.051833 -0.349533 -15.827573
-0.295889 -0.785029 678.158288
-0.000636 -0.001436 1.000000
0.432523 -1.648618 -720.948936
0.553719 -1.882923 1618.798198
0.001092 -0.003254 1.000000
-0.217050 -1.410250 1121.601541
-0.074656 -1.027474 542.088967
-0.000158 -0.002016 1.000000
-0.386990 -0.621300 275.928934
-0.124259 -0.361976 -6.988800
-0.000710 -0.001290 1.000000
-0.043852 -0.898479 -10.047325
0.062537 -1.045679 -67.922696
0.000257 -0.002756 1.000000
-0.022317 -1.148244 739.362370
0.485603 -1.861701 942.506988
0.000898 -0.003301 1.000000
-1.206400 0.055340 1215.469064
-0.947713 -0.167288 291.034099
-0.001838 0.000072 1.000000
-0.657738 -1.263973 996.772299
-0.073122 -0.244256 58.467653
-0.000711 -0.001424 1.000000
122.684523 -220.009804 191516.485793
111.251736 -105.238604 -8549.813970
0.244279 -0.344442 1.000000
-0.350387 -1.206618 921.184002
-0.047723 -0.326696 48.305416
-0.000459 -0.001531 1.000000
-0.028018 -1.898717 1028.285920
0.021760 -0.459039 -19.243075
-0.000004 -0.002478 1.000000
-0.085238 -1.426816 890.787586
-0.064773 -0.518960 -119.025133
-0.000143 -0.002074 1.000000
-0.539642 -1.209035 923.492277
-0.037371 -0.406602 22.961609
-0.000657 -0.001570 1.000000
-0.246309 -1.456228 1007.149418
-0.048795 -0.512386 172.171688
-0.000310 -0.001762 1.000000
0.171136 -2.043806 1771.964649
0.004213 -1.085354 80.761166
0.000176 -0.003240 1.000000
-0.086299 -1.269162 729.053235
-0.031475 -1.406013 923.708336
0.000045 -0.002058 1.000000
0.047221 -1.155960 400.018365
0.000018 -0.709216 -182.071998
-0.000053 -0.002299 1.000000
0.412874 -1.784237 1765.242044
0.417385 -1.542210 522.276208
0.000654 -0.003055 1.000000
1.567695 -1.929238 -4151.188379
0.544481 -1.873378 2361.679453
0.001402 -0.004248 1.000000
-0.074681 -1.672627 1020.023313
0.095608 -0.640633 111.697862
-0.000009 -0.002115 1.000000
-0.184166 -1.534887 1001.522558
0.008577 -0.326223 53.419418
-0.000184 -0.001793 1.000000
0.531945 -2.103336 1254.855246
0.181570 -0.607083 -254.378935
0.001016 -0.003073 1.000000
0.071876 -0.682050 295.770024
-0.125375 -0.409444 59.192950
-0.000233 -0.001662 1.000000
2.226653 -4.120760 1899.767368
1.123512 -2.996724 2904.663871
0.002808 -0.005298 1.000000
-0.616537 -0.812644 697.641344
-0.550302 -0.669635 801.381050
-0.000910 -0.001124 1.000000
-0.127395 -1.641892 1015.288417
-0.017592 -0.618309 142.500664
-0.000107 -0.002089 1.000000
0.331776 -1.548478 1860.939340
0.360129 -1.438939 200.369159
0.000326 -0.002573 1.000000
-0.235350 -1.335446 350.527279
-0.295165 -1.028974 76.943722
-0.000504 -0.002489 1.000000
-0.322370 -0.953062 764.191540
-0.110789 -0.493418 -24.774239
-0.000489 -0.001545 1.000000
0.008274 -0.552652 337.849086
-0.014957 -0.210646 98.823097
0.000032 -0.001697 1.000000
-0.233522 -1.370133 958.455584
-0.058717 -0.365342 96.341105
-0.000309 -0.001710 1.000000
-0.429351 -1.298287 943.863685
-0.150795 -0.642336 123.279749
-0.000490 -0.001889 1.000000
0.043156 -1.495065 657.585697
0.065005 -0.909895 -147.902217
-0.000019 -0.002440 1.000000
-0.670586 -0.994208 961.650303
-0.155181 -0.281765 106.341550
-0.000763 -0.001254 1.000000
-0.465481 -1.311194 764.596704
-0.051015 -0.821596 -10.987500
-0.000490 -0.002421 1.000000
-0.378842 -1.730737 867.274318
-0.123778 -0.983752 56.549317
-0.000353 -0.002457 1.000000
-0.256377 -1.167448 653.686113
-0.090451 -0.831677 -41.937425
-0.000028 -0.002572 1.000000
-0.051175 -1.530660 825.562737
-0.085948 -0.856558 87.999570
-0.000156 -0.002483 1.000000
-0.121837 -1.498735 849.637049
0.014549 -0.600313 -183.157958
-0.000402 -0.002396 1.000000
-0.276532 -1.444309 983.249716
-0.033177 -0.251494 56.222124
-0.000359 -0.001669 1.000000
-0.229388 -1.390670 951.284789
-0.079526 -0.462700 47.181405
-0.000269 -0.001927 1.000000
-0.370929 -0.897012 415.878825
-0.191758 -0.500794 80.408072
-0.000607 -0.001504 1.000000
-0.628017 -0.581976 973.482618
-0.167333 -0.797179 47.515640
-0.000593 -0.002028 1.000000
0.454648 -1.563630 -791.820856
0.310422 -1.410599 657.571398
0.000912 -0.003299 1.000000
-0.533817 -1.190546 923.518769
-0.169104 -0.407966 -48.318365
-0.000520 -0.001886 1.000000
-0.574347 -1.325058 1219.175511
-0.146168 -0.483045 25.641307
-0.000634 -0.001523 1.000000
-0.215373 -1.500283 935.508519
-0.160749 -0.313204 141.302376
-0.000352 -0.001736 1.000000
-0.145689 -0.585179 319.246688
-0.014878 -0.123878 -27.064365
-0.000406 -0.001509 1.000000
-0.427054 -1.127485 861.744168
-0.159361 -0.415599 38.569920
-0.000617 -0.001563 1.000000
0.139459 -1.493799 716.380560
0.021373 -0.603966 -59.410813
-0.000016 -0.002286 1.000000
0.180329 -1.471841 412.222064
0.162880 -0.827996 -254.257184
0.000226 -0.003019 1.000000
-0.285930 -0.953689 577.469904
-0.169461 -0.565411 2.858368
-0.000524 -0.001852 1.000000
-0.131384 -0.952718 675.891015
0.005766 -1.032068 -69.571394
-0.000025 -0.002753 1.000000
-0.466752 -0.835885 744.460916
-0.186222 -0.544144 -46.382598
-0.000751 -0.001866 1.000000
-0.065884 -1.184908 428.101221
-0.018379 -0.390505 -51.934472
-0.000163 -0.002265 1.000000
-0.271071 -1.117232 715.514459
-0.042591 -0.178767 -99.189878
-0.000297 -0.001772 1.000000
-0.239699 -0.974690 628.027436
-0.004949 -0.453313 -0.070122
-0.000386 -0.001690 1.000000
0.040802 -1.540281 639.674787
-0.054327 -0.501859 -106.694438
-0.000070 -0.002344 1.000000
-0.062771 -0.919015 382.806163
0.041571 -0.505813 -123.867071
-0.000302 -0.002043 1.000000
-0.021662 -0.819974 316.072053
-0.189963 -0.424432 -13.018318
-0.000602 -0.001692 1.000000
-0.101632 -1.281014 571.046980
-0.030047 -0.836665 91.553093
-0.000322 -0.002024 1.000000
-0.062375 -1.317927 679.929208
0.005839 -0.506488 -97.148069
-0.000040 -0.002217 1.000000
0.362397 -1.303061 402.550593
0.012312 -0.751591 -56.990342
-0.000013 -0.002649 1.000000
1.507613 -3.269568 1434.585849
0.481134 -1.133657 -422.084002
0.001910 -0.004293 1.000000
-0.144332 -0.878677 503.132903
0.008533 -0.181797 -31.887686
-0.000224 -0.001661 1.000000
-0.246455 -1.340958 839.104094
0.003409 -0.291237 -25.249788
-0.000256 -0.002078 1.000000
0.176810 -1.120686 274.857997
0.053896 -0.662735 -91.557265
-0.000217 -0.002337 1.000000
-0.435415 -1.184912 914.170070
-0.062900 -0.252426 64.879383
-0.000504 -0.001529 1.000000
-0.310716 -1.253818 517.871878
0.038955 -0.493375 -172.479115
0.000097 -0.002825 1.000000
0.454117 -1.842972 579.712384
0.177765 -1.005161 -271.386110
0.000330 -0.003437 1.000000
0.621743 -1.721302 573.233637
0.302075 -0.869448 -254.819138
0.000444 -0.003165 1.000000
0.563325 -2.842011 1088.925660
0.237756 -1.678938 -327.572081
0.001030 -0.004556 1.000000
0.140624 -1.079111 334.716186
-0.086268 -1.039115 -17.972614
-0.000194 -0.002565 1.000000
0.407014 -1.953732 262.135129
0.076085 -1.382517 75.898827
0.000164 -0.003108 1.000000
0.530789 -1.752242 595.965508
0.253845 -0.823381 -241.360621
0.001055 -0.003545 1.000000
-0.130100 -0.710863 183.177837
-0.090962 -0.599623 22.216867
-0.000303 -0.002171 1.000000
0.264360 -0.379462 191.481341
0.049289 0.104448 -74.624431
-0.000252 -0.001283 1.000000
0.015257 -1.372499 570.502779
-0.070292 -0.696462 90.891180
-0.000187 -0.002364 1.000000
-0.480823 -1.120623 748.192306
-0.257037 -0.639939 43.031513
-0.000764 -0.001718 1.000000
-0.046404 -0.582113 148.542512
-0.138349 -0.540288 24.358438
-0.000450 -0.001930 1.000000
-0.186966 -0.714136 166.052462
-0.190056 -0.556004 74.511432
-0.000554 -0.001855 1.000000
-0.040613 -0.618141 85.216580
-0.117765 -0.521773 57.984863
-0.000441 -0.001778 1.000000
-0.340193 -1.481668 947.901298
-0.004866 -0.546925 73.514068
-0.000265 -0.002111 1.000000
-0.058990 -0.577887 109.741502
0.030540 -0.253533 -13.451777
-0.000324 -0.001838 1.000000
-0.024869 -0.470501 74.138423
-0.020177 -0.365837 -8.337240
-0.000631 -0.001773 1.000000
-0.172054 -0.758371 417.298667
-0.135199 -0.550374 -47.980917
-0.000551 -0.001794 1.000000
-0.077861 -0.498461 66.547437
-0.023883 -0.381382 -29.467108
-0.000240 -0.001890 1.000000
-0.213289 -0.876837 437.229853
-0.145844 -0.535517 31.123965
-0.000611 -0.001739 1.000000
-0.041597 -0.674743 118.280464
-0.053669 -0.480812 32.294982
-0.000323 -0.001827 1.000000
-0.352633 -1.221284 866.985779
-0.065323 -0.465683 -0.620735
-0.000446 -0.001905 1.000000
