0.129904 -2.555028 -329.935636
1.265286 -0.828933 -916.187897
0.002518 -0.005552 1.000000
-0.327953 -0.800765 446.395539
-0.010712 -0.204593 -107.855698
-0.000528 -0.001600 1.000000
0.060316 -2.146614 165.308257
0.182259 -1.503579 -157.712030
0.000856 -0.004418 1.000000
-0.233847 -0.748202 140.578901
-0.055551 -0.433782 -91.040235
-0.000613 -0.001838 1.000000
-0.544037 0.494728 534.531458
-1.555035 0.008753 497.673456
-0.002868 0.000897 1.000000
-0.314623 -0.348151 359.584116
-0.136326 -0.183818 43.860009
-0.000850 -0.001123 1.000000
-0.163856 -0.495640 227.763533
-0.114144 -0.250698 -104.248191
-0.000725 -0.001518 1.000000
0.048319 -1.369366 28.166412
0.045967 -0.939292 -128.878766
0.000233 -0.003224 1.000000
-0.042106 -0.984195 145.155922
-0.076227 -0.745951 -156.322815
-0.000328 -0.002326 1.000000
-0.133785 -1.837641 932.383807
-0.010644 -0.874502 -138.723680
-0.000118 -0.002461 1.000000
-0.368782 -0.991167 786.978972
-0.014903 -0.517302 -159.597112
-0.000372 -0.002108 1.000000
-0.024944 -1.062111 3.493938
-0.106602 -0.744610 -100.232356
-0.000532 -0.002362 1.000000
0.482071 -1.345251 -169.778075
0.412496 -0.929553 -604.783104
0.000206 -0.003219 1.000000
-0.198914 -1.138562 124.793874
0.030892 -0.664194 -594.140396
-0.000383 -0.002737 1.000000
0.147830 -1.651063 354.425184
0.263914 -1.423747 -388.698114
0.000607 -0.004168 1.000000
0.625340 -3.568816 -141.774237
0.656654 -2.349485 -471.729231
0.001584 -0.006534 1.000000
0.620188 -3.394483 -54.706763
0.876766 -2.161950 -354.595701
0.001987 -0.006525 1.000000
0.363865 -1.764935 -49.524198
0.347401 -1.247195 -178.208884
0.000602 -0.003583 1.000000
0.980471 -2.709065 96.837659
0.896433 -1.656032 -887.876172
0.002022 -0.005817 1.000000
0.784627 -3.981831 -227.643723
1.392531 -2.582395 -610.087918
0.003815 -0.007997 1.000000
0.282443 -3.125929 130.596988
0.666823 -2.268500 -193.105983
0.001947 -0.005716 1.000000
-1.172859 0.195284 -1227.657921
-0.851564 0.219923 2402.163417
-0.002138 0.000321 1.000000
-5.157156 5.976701 -1843.925867
-3.267513 1.763002 3794.859313
-0.009561 0.008293 1.000000
0.310883 -2.066193 220.525645
0.245439 -1.512604 -139.515697
0.000660 -0.004357 1.000000
0.080651 -1.106466 267.364811
-0.095932 -1.177955 -115.492764
-0.000342 -0.002901 1.000000
0.126557 -1.268080 256.496941
0.022054 -1.082714 -280.076831
0.000005 -0.002704 1.000000
-0.018726 -1.615922 101.683449
0.008250 -0.972966 -140.531559
-0.000198 -0.003010 1.000000
-0.262493 -0.459799 -16.340780
-0.196495 -0.382902 -64.456983
-0.000876 -0.001416 1.000000
0.127788 -1.596291 146.099308
0.288792 -0.874493 -122.199994
0.000303 -0.003160 1.000000
0.251229 -2.001739 318.193967
0.334109 -1.282260 -535.030907
0.000573 -0.004172 1.000000
-0.054749 -0.955129 269.768569
-0.314559 -0.900636 73.559843
-0.000545 -0.002190 1.000000
0.122635 -1.537870 -56.056304
0.283452 -0.987262 -393.857810
0.000181 -0.003292 1.000000
-0.159649 -1.056029 415.535089
-0.093443 -0.954811 -307.043130
-0.000543 -0.002241 1.000000
0.089245 -1.182322 376.418749
-0.003314 -0.835056 -197.766587
-0.000251 -0.002524 1.000000
0.322640 -1.814588 336.383719
0.049726 -1.020788 -625.496933
0.000154 -0.003442 1.000000
0.042019 -1.450591 430.031923
0.065017 -1.436195 -155.235851
0.000092 -0.003313 1.000000
0.219674 -1.166669 451.174192
-0.035024 -0.531825 -25.410427
-0.000130 -0.002166 1.000000
0.113234 -0.754566 173.998878
-0.038851 -0.527031 5.762561
-0.000367 -0.001840 1.000000
0.446005 -0.999960 249.463133
0.054020 -0.230376 -54.866538
-0.000047 -0.002059 1.000000
0.450431 -0.541988 102.395033
-0.053182 0.116948 85.778929
-0.000313 -0.001235 1.000000
0.156836 -0.718771 330.476064
0.024181 0.119310 -10.241623
-0.000438 -0.001255 1.000000
0.760772 -0.650641 84.510467
-0.022039 0.274395 46.095585
-0.000071 -0.001291 1.000000
0.465216 -1.014404 245.203571
-0.068784 -0.154692 115.135470
-0.000148 -0.001820 1.000000
-0.363269 -0.852854 259.020922
-0.210127 -0.727915 181.905756
-0.000831 -0.001708 1.000000
-1.018276 -1.829750 651.823054
-0.246583 -2.329981 531.382733
-0.000938 -0.003162 1.000000
-0.032021 -0.693106 202.526296
-0.276042 -0.107824 147.069069
-0.000843 -0.001235 1.000000
-0.098361 -0.903745 290.814875
-0.218664 -0.349386 143.743219
-0.000592 -0.001671 1.000000
0.906276 -0.635291 65.324696
0.034160 0.273516 93.968500
0.000092 -0.001158 1.000000
0.323358 -0.326908 116.363646
-0.169220 0.106226 202.584977
-0.000507 -0.000837 1.000000
0.483743 0.089898 65.026617
-0.095748 0.839514 22.204272
-0.000569 0.000160 1.000000
0.828704 -0.667731 157.048870
0.081739 0.220348 120.128007
0.000112 -0.001192 1.000000
0.846437 -0.443619 97.417198
0.060304 0.414703 98.051450
0.000097 -0.000931 1.000000
1.000000 -0.000000 0.000000
0.000000 1.000000 0.000000
0.000000 -0.000000 1.000000
-0.029763 -0.947821 307.828308
-0.134057 -0.473676 -5.522721
-0.000460 -0.002161 1.000000
0.045531 -0.767740 225.804315
-0.146534 -0.376748 125.383499
-0.000537 -0.001672 1.000000
-0.125493 -0.706798 236.119250
-0.218961 -0.298033 123.174727
-0.000679 -0.001469 1.000000
-0.286742 -0.437466 218.786197
-0.117621 -0.291502 24.556956
-0.000915 -0.001123 1.000000
-0.310201 -0.536667 194.058747
-0.215097 -0.435070 8.851295
-0.000842 -0.001487 1.000000
-0.014007 -1.010093 366.146870
-0.104956 -0.642782 -106.400560
-0.000260 -0.002323 1.000000
-0.019418 -1.044085 316.770020
-0.147377 -0.882172 37.535162
-0.000325 -0.002527 1.000000
-0.314981 -0.505293 170.949516
-0.151306 -0.347559 32.239164
-0.000789 -0.001385 1.000000
0.071343 -1.605426 308.708258
0.041623 -1.153993 -81.574431
0.000028 -0.003183 1.000000
-0.106156 -0.704646 79.043581
-0.062700 -0.603353 -78.118714
-0.000417 -0.002100 1.000000
-0.120602 -0.685816 169.139653
-0.265209 -0.480971 150.705733
-0.000651 -0.001689 1.000000
-0.444629 -0.653608 233.339266
-0.212447 -0.323758 1.017199
-0.001001 -0.001322 1.000000
-0.119852 -0.878648 302.621164
-0.319499 -0.725954 92.485016
-0.000570 -0.001905 1.000000
0.016601 -1.001384 211.622281
-0.031683 -0.874488 -101.941273
-0.000296 -0.002390 1.000000
0.340017 -2.096466 59.593834
0.398921 -1.119008 -1046.223068
0.001012 -0.004501 1.000000
-0.372198 -0.827300 141.667632
-0.264740 -0.623818 -64.750696
-0.000849 -0.001826 1.000000
-0.313626 -0.792455 223.079205
-0.340492 -0.644727 -51.608031
-0.000835 -0.001891 1.000000
-0.027782 -1.973922 267.480230
-0.024418 -1.370973 -64.678255
-0.000256 -0.002980 1.000000
-0.416681 -0.424858 144.624984
-0.324500 -0.290624 21.158846
-0.001043 -0.001082 1.000000
0.072433 -1.288494 -36.144981
-0.084932 -1.282171 69.159118
-0.000535 -0.002783 1.000000
0.055995 -1.805020 673.503437
0.223150 -1.510838 -125.925230
0.000091 -0.003559 1.000000
0.733051 -0.202523 44.774642
-0.060718 0.674222 53.496188
-0.000291 -0.000254 1.000000
0.042453 -0.838517 232.559707
-0.135123 -0.490647 141.654183
-0.000546 -0.001650 1.000000
-0.037058 -0.682157 -54.975134
-0.088956 -0.487246 -18.587182
-0.000464 -0.002035 1.000000
-0.365628 -0.658800 -0.456996
-0.073324 -0.339255 -85.079755
-0.000741 -0.001683 1.000000
-0.093818 -1.329312 257.497116
-0.152621 -0.667464 -170.960965
-0.000301 -0.002432 1.000000
0.140252 -1.488599 332.301375
0.117475 -1.411314 -266.275819
-0.000069 -0.003134 1.000000
-0.211486 -1.228771 172.980352
-0.087965 -0.985191 60.389636
-0.000522 -0.002311 1.000000
-0.134253 -0.734004 50.502851
-0.217794 -0.584735 50.149804
-0.000745 -0.001818 1.000000
0.068268 -1.849842 407.061995
-0.035498 -1.820935 -160.840142
-0.000116 -0.003781 1.000000
0.495618 -2.671784 1279.608521
0.386040 -2.576922 -417.804754
0.001254 -0.005636 1.000000
-0.288281 -0.539175 112.823368
-0.032982 -0.280368 -68.843463
-0.000701 -0.001488 1.000000
-0.135426 -0.644237 69.542848
-0.073637 -0.621058 3.149459
-0.000428 -0.002125 1.000000
-0.426890 -0.627287 419.046435
-0.412892 -0.351206 -574.736967
-0.001051 -0.001388 1.000000
-0.024664 -1.107609 113.266161
0.020598 -1.031774 -396.343176
-0.000128 -0.002774 1.000000
-0.143624 -0.755371 136.041663
-0.061624 -0.545410 -61.389628
-0.000332 -0.002187 1.000000
-0.021405 -1.474094 260.759859
-0.022170 -1.055677 -345.918217
-0.000185 -0.002990 1.000000
0.002704 -1.201861 135.201354
-0.090315 -0.900059 -4.486232
-0.000448 -0.002551 1.000000
-0.842125 -0.349755 381.354073
-0.535040 -0.305701 -65.722698
-0.001415 -0.001102 1.000000
-0.194819 -1.010965 305.075748
-0.138698 -0.798644 -60.671740
-0.000597 -0.002049 1.000000
-0.261702 -0.373156 -117.257003
-0.100085 -0.204271 -59.314263
-0.000904 -0.001447 1.000000
0.073271 -1.354440 82.981823
0.063725 -0.667270 -73.958735
-0.000221 -0.002893 1.000000
-0.419591 -1.652327 308.390698
-0.210718 -1.013983 -178.649791
-0.000365 -0.002957 1.000000
-0.211967 -0.988342 246.469446
-0.110165 -0.423300 -195.508190
-0.000664 -0.001857 1.000000
-0.322679 -0.748498 52.372867
-0.255862 -0.428487 -13.043759
-0.000908 -0.001585 1.000000
-0.088310 -0.982810 222.860983
-0.120024 -0.804912 -191.408061
-0.000482 -0.002289 1.000000
-0.357330 -1.095462 495.391409
-0.188768 -0.806830 -126.305847
-0.000793 -0.002394 1.000000
-0.266142 -1.330397 346.451954
-0.015373 -0.964349 -215.720784
-0.000422 -0.002547 1.000000
-0.263221 -1.207490 53.098641
-0.151828 -0.854206 -147.925679
-0.000696 -0.002242 1.000000
0.393699 -1.498977 479.946056
0.098353 -0.810494 -201.351105
0.000146 -0.002676 1.000000
-0.118636 -1.249139 301.977313
-0.114352 -0.780068 -221.830091
-0.000638 -0.002211 1.000000
0.180187 -2.066731 223.069921
0.255935 -1.746049 -157.686162
-0.000076 -0.003676 1.000000
0.003888 -1.538185 199.368004
0.069326 -1.167906 -76.828821
-0.000185 -0.003015 1.000000
-0.012793 -1.778395 390.198282
-0.040621 -1.468012 -88.846618
-0.000256 -0.003543 1.000000
-0.287991 -1.382853 331.561247
-0.167860 -1.015261 -55.960616
-0.000504 -0.002447 1.000000
-0.051186 -1.151596 214.403799
-0.042002 -0.871430 -173.183155
-0.000536 -0.002358 1.000000
0.275196 -1.604269 -77.067567
0.163003 -1.238492 -153.333657
0.000286 -0.003328 1.000000
0.168148 -1.580742 -35.032450
0.076586 -1.013380 -24.902857
-0.000006 -0.002969 1.000000
-0.258173 -0.845346 -227.178670
-0.310974 -0.720689 156.818228
-0.000848 -0.001844 1.000000
-0.037519 -1.019151 -232.834107
-0.046533 -0.631645 -334.826862
-0.000396 -0.002321 1.000000
0.084115 -0.857241 327.831739
-0.214031 -0.378458 137.993754
-0.000466 -0.001571 1.000000
-0.209422 -0.851926 105.078489
-0.203745 -0.533246 -17.578590
-0.000636 -0.001856 1.000000
-0.269275 -0.772472 112.242841
-0.240518 -0.784811 -13.154650
-0.000520 -0.002023 1.000000
-0.571646 -0.988670 842.139365
-0.333127 -0.877982 26.775372
-0.000725 -0.001871 1.000000
-0.100476 -1.924674 1192.193068
0.069457 -1.446491 -417.609256
0.000363 -0.004251 1.000000
-0.236648 -1.390920 169.919672
-0.043458 -0.975323 -229.200128
-0.000422 -0.002580 1.000000
-0.323147 -1.226031 475.434997
-0.267210 -0.842402 -147.810307
-0.000608 -0.002229 1.000000
-0.213234 -1.541653 571.905254
-0.048203 -0.789550 -273.224677
-0.000366 -0.002701 1.000000
-0.395488 -1.880831 535.532294
-0.198100 -1.278686 -82.033074
-0.000504 -0.002810 1.000000
0.277745 -1.848507 371.585321
0.030764 -1.203985 -201.377945
0.000074 -0.003046 1.000000
0.107200 -1.912286 -21.649831
0.182855 -1.538151 -350.420343
0.000145 -0.003708 1.000000
-0.029254 -1.196992 430.965371
-0.017938 -0.976425 -216.237391
-0.000222 -0.002647 1.000000
-0.011759 -1.625754 197.627211
0.061832 -1.027297 -431.425547
-0.000162 -0.003070 1.000000
-0.077679 -1.254345 522.995228
-0.131406 -1.264958 -9.790108
-0.000271 -0.002856 1.000000
-0.231961 -1.338925 551.203790
-0.198808 -1.746745 22.028703
-0.000449 -0.003238 1.000000
-0.390169 -1.161407 357.432628
-0.084548 -1.252047 -140.860623
-0.000389 -0.002606 1.000000
0.137001 -1.280604 627.329807
0.182802 -1.092793 -609.074631
0.000147 -0.003527 1.000000
-0.250295 -0.742440 453.514421
-0.314627 -0.815133 -16.095862
-0.000777 -0.001992 1.000000
0.165345 -1.887401 957.849708
0.241740 -1.228631 -806.527266
0.000782 -0.003922 1.000000
0.637828 -1.404104 1007.778052
0.264145 -1.541203 -235.302609
0.000546 -0.003853 1.000000
0.055825 -1.746652 1192.916057
-0.019844 -1.224070 -590.304461
0.000128 -0.003117 1.000000
-0.227499 -1.356910 1025.880067
0.110538 -1.428203 -221.145625
0.000039 -0.003201 1.000000
-0.340039 -0.944836 288.863738
-0.218433 -0.846660 -188.690220
-0.000683 -0.002229 1.000000
-0.336606 -1.377084 505.217554
-0.258362 -0.969166 84.980244
-0.000404 -0.002291 1.000000
-0.423642 -1.306060 505.311156
-0.146370 -0.875708 -202.496670
-0.000539 -0.002343 1.000000
-0.093655 -0.835970 311.552349
-0.186545 -0.472906 -88.689570
-0.000636 -0.001823 1.000000
0.832678 -2.248174 1903.060261
0.608357 -1.543622 -805.986757
0.001026 -0.004484 1.000000
-0.604706 -0.892348 1057.729318
-0.159658 -0.379106 72.603630
-0.000800 -0.001569 1.000000
0.322189 -1.991487 966.118856
0.086004 -0.927848 -495.081376
0.000308 -0.003758 1.000000
0.074524 -1.648397 1578.722667
0.130625 -0.933700 -127.315886
0.000021 -0.002799 1.000000
-0.332029 -1.084897 663.349430
-0.059015 -0.609999 -461.264660
-0.000588 -0.002260 1.000000
-0.384336 -1.007855 1356.520666
-0.133383 -0.614648 -55.720071
-0.000589 -0.002036 1.000000
-0.603126 -1.100177 135.138642
-0.255127 -0.535357 -215.264367
-0.000872 -0.001811 1.000000
2.478601 -6.211860 3967.917880
2.274396 -4.182643 -4202.610556
0.006655 -0.012701 1.000000
-0.100262 -1.467937 336.544241
0.043719 -0.690625 -356.809758
0.000178 -0.002875 1.000000
-0.359244 -1.228672 256.930497
-0.144208 -0.711286 26.292204
-0.000620 -0.001998 1.000000
-0.554519 -1.739940 563.785344
-0.160839 -0.842828 -196.219727
-0.000583 -0.002317 1.000000
-0.034710 -1.227809 1287.619803
0.140953 -1.162946 -214.551046
0.000098 -0.003386 1.000000
-0.463265 -1.349894 1088.078244
-0.193300 -0.544835 -287.727504
-0.000575 -0.002094 1.000000
0.013999 -1.429993 2400.278361
0.040992 -0.976636 -403.033914
0.000012 -0.003229 1.000000
-0.014189 -1.555455 624.804088
-0.024633 -0.791524 -905.495416
-0.000358 -0.002892 1.000000
-0.846985 -0.928026 926.710932
-0.119025 -0.264547 -211.568866
-0.001119 -0.001251 1.000000
-0.327947 -1.299872 1008.565582
0.044842 -0.197366 -30.835368
-0.000468 -0.001677 1.000000
-2.227657 0.902612 -2761.764969
-1.063029 0.770723 -430.037008
-0.003515 0.002261 1.000000
1.615658 -3.455419 2670.135304
0.805831 -1.630856 -535.209043
0.002635 -0.005717 1.000000
-0.848840 -0.800335 614.593628
-0.516236 -0.476887 76.608503
-0.001127 -0.001006 1.000000
0.149646 -0.899593 344.694958
0.039043 -1.033732 -128.605983
0.000323 -0.003007 1.000000
-0.175689 -0.906958 176.054083
-0.132315 -0.782585 -244.109866
-0.000439 -0.002228 1.000000
-0.615250 -0.435798 -183.493127
-0.365879 -0.191587 -31.723554
-0.001291 -0.000880 1.000000
-0.335740 -0.730623 481.366361
-0.246356 -0.443536 -228.823724
-0.000779 -0.001601 1.000000
-0.174566 -0.765166 -2.454563
-0.051413 -0.445504 16.232927
-0.000556 -0.001996 1.000000
-0.032672 -1.133444 62.458941
0.086606 -0.896423 -65.354017
0.000091 -0.002718 1.000000
0.051267 -0.531198 -70.507816
-0.171709 -0.924149 34.384815
-0.000658 -0.002122 1.000000
-0.614446 -0.760120 22.241040
-0.550332 -0.617597 651.230030
-0.001189 -0.001213 1.000000
0.113583 -1.117120 47.199679
0.044510 -1.036839 -159.040079
-0.000049 -0.003015 1.000000
0.805503 -2.474586 488.301160
0.270096 -1.815459 -376.027654
0.001059 -0.005456 1.000000
-0.125880 -1.114840 3.485696
-0.198602 -0.869498 43.368745
-0.000648 -0.002252 1.000000
0.019825 -1.662591 649.265362
0.006804 -1.156248 -85.221979
-0.000062 -0.003004 1.000000
0.588036 -1.986770 -178.427078
0.600280 -2.196956 -1076.635947
0.001197 -0.005468 1.000000
-0.036628 -0.537575 -347.951870
-0.158304 -0.493587 17.415326
-0.000689 -0.001700 1.000000
0.049275 -0.864172 -12.929217
-0.024689 -0.741724 -113.622621
-0.000308 -0.002197 1.000000
-0.202960 -1.514069 25.601356
-0.159381 -1.272267 54.960119
-0.000256 -0.003016 1.000000
0.144438 -1.280028 -27.603586
0.025816 -0.785921 8.863042
-0.000106 -0.002528 1.000000
-0.137486 -0.801571 132.846963
-0.113638 -0.425785 -25.513687
-0.000766 -0.001762 1.000000
0.184241 -1.007872 -310.810848
0.172523 -0.992059 -129.552403
0.000370 -0.003085 1.000000
-0.259491 -1.003628 -382.621220
-0.124887 -0.586360 384.916150
-0.000605 -0.002224 1.000000
-0.166126 -1.181001 78.501421
-0.150114 -0.775766 -119.276443
-0.000398 -0.002408 1.000000
-0.124216 -0.912546 23.224022
-0.112926 -0.852515 -49.802352
-0.000752 -0.002378 1.000000
0.082455 -0.898339 67.670030
-0.094024 -0.584658 20.873481
-0.000359 -0.002016 1.000000
0.118778 -1.015320 -103.422569
-0.178388 -0.882376 -83.825190
-0.000528 -0.002356 1.000000
-0.179635 -1.905216 434.490488
-0.005945 -0.945622 -377.752531
0.000021 -0.003177 1.000000
-0.081487 -1.599999 404.458518
0.058355 -0.934760 -388.334687
0.000113 -0.003185 1.000000
-0.174079 -1.014785 37.999362
-0.075830 -0.725517 -117.714943
-0.000672 -0.002144 1.000000
0.019040 -0.454663 19.305013
-0.173112 -0.358912 -113.780801
-0.000679 -0.001720 1.000000
-0.125831 -1.285070 13.393240
-0.064215 -1.326936 -60.261005
-0.000440 -0.002777 1.000000
-0.069082 -0.664652 139.906915
-0.081889 -0.426546 -70.445557
-0.000572 -0.001723 1.000000
-0.687731 -0.289306 164.222575
-0.613930 -0.542998 711.791004
-0.001456 -0.000725 1.000000
-0.205403 -1.461603 975.276690
-0.398701 -1.323265 15.699847
-0.000371 -0.002458 1.000000
0.023509 -1.049754 -830.731164
0.031658 -1.024181 -256.425832
0.000979 -0.004022 1.000000
-0.250425 -0.582191 -161.447450
-0.212484 -0.519726 -33.237171
-0.000762 -0.001697 1.000000
-0.137293 -1.492189 -185.384632
-0.105251 -0.638793 -312.381138
-0.000410 -0.002460 1.000000
-1.566799 1.496215 1361.380526
-1.465578 0.445604 1592.043939
-0.003060 0.001869 1.000000
-2.073283 2.702136 1113.833653
-1.991596 1.688928 4130.065367
-0.005213 0.004828 1.000000
-0.472803 -0.518291 1116.929616
-0.535027 -0.611426 473.687627
-0.001245 -0.001018 1.000000
-0.607109 -0.213475 1429.624934
-0.459046 -0.273647 516.199393
-0.001348 -0.000787 1.000000
-0.407229 -0.395309 57.205997
-0.473177 -0.792000 299.230668
-0.000882 -0.001338 1.000000
4.246358 -6.816069 -1436.059524
2.887832 -5.425426 -5306.056484
0.007776 -0.015443 1.000000
-0.676063 0.080959 158.992846
-0.772676 -0.392044 1099.888820
-0.001602 -0.000339 1.000000
-2.674939 2.718451 -1041.117797
-1.442700 1.000031 2959.777633
-0.004315 0.004181 1.000000
-0.875572 -1.276118 993.278945
-0.191930 -0.433579 -59.348345
-0.000938 -0.001530 1.000000
-0.377706 -1.390552 1033.241397
-0.342910 -1.178003 -140.525202
-0.000508 -0.002450 1.000000
-0.386006 -1.737866 1100.714380
-0.019669 -0.975712 -14.518048
-0.000351 -0.002672 1.000000
-0.696759 -1.427586 1096.205466
-0.105876 -0.413779 31.661719
-0.000709 -0.001730 1.000000
1.366498 -4.077398 4083.039489
1.123629 -2.053718 -1549.298544
0.002311 -0.006945 1.000000
-0.832769 -1.248695 1040.002212
-0.155660 -0.336441 -229.302378
-0.000982 -0.001617 1.000000
-0.671073 -1.215231 1138.407276
-0.226672 -0.530874 15.909521
-0.000710 -0.001647 1.000000
-0.490625 -0.636605 1295.408395
-0.281392 -0.900271 202.981734
-0.000896 -0.001925 1.000000
-3.689692 3.038450 -2528.272651
-1.800944 0.600470 1864.844077
-0.006867 0.006450 1.000000
0.154945 -1.814983 524.393819
0.148151 -0.977402 -472.890677
0.000305 -0.003059 1.000000
-1.179792 0.140940 379.516497
-1.139212 0.097441 2440.499426
-0.002496 0.000649 1.000000
0.229397 -2.317340 -1905.695346
0.020926 -1.848198 363.179832
0.000562 -0.003551 1.000000
-0.316747 -1.679425 926.656936
-0.060514 -0.832626 -513.309883
-0.000128 -0.002519 1.000000
-0.791568 -1.603855 1080.992059
0.000099 -0.588899 -208.692832
-0.000592 -0.002088 1.000000
-0.813619 -0.875186 128.244136
-0.253149 -0.238197 888.793433
-0.001199 -0.001160 1.000000
-0.158958 -0.575959 292.227420
-0.339166 -0.410592 64.355594
-0.000942 -0.001487 1.000000
-1.011759 0.320617 1096.416605
-0.939614 -0.041727 1060.769306
-0.002288 0.000625 1.000000
-0.539707 -0.937353 1250.202312
-0.545336 -0.816943 689.953352
-0.001031 -0.001267 1.000000
-0.352029 -1.615909 1380.945962
-0.091193 -0.447034 283.636393
-0.000299 -0.002254 1.000000
-0.003102 -1.547934 1400.576210
-0.185014 -1.556272 -833.491128
-0.000079 -0.002822 1.000000
-0.573704 -1.199050 971.817205
-0.226088 -0.505962 3.718507
-0.000924 -0.001747 1.000000
4.155409 -5.985229 793.758172
2.039600 -3.124705 -5423.867598
0.006492 -0.012080 1.000000
-0.327005 -0.942950 199.465239
-0.063411 -0.406331 93.117376
-0.000716 -0.001637 1.000000
-0.420947 -1.278270 1066.384908
-0.106373 -0.454423 -102.992874
-0.000653 -0.002047 1.000000
-0.581147 -0.954853 1061.972248
-0.158632 -0.399083 76.458873
-0.000873 -0.001530 1.000000
-0.284620 -0.713585 451.097855
-0.289495 -0.510681 -381.946065
-0.000762 -0.001567 1.000000
-0.349732 -1.242502 752.150120
-0.040899 -0.744324 -104.252753
-0.000591 -0.002007 1.000000
-0.479322 -1.395468 611.675387
-0.049075 -0.826757 -278.677641
-0.000642 -0.002253 1.000000
0.145595 -1.893037 544.276050
0.273626 -1.279359 -534.767178
0.000207 -0.003441 1.000000
-0.161536 -0.946951 377.758616
-0.288066 -0.866700 -22.133719
-0.000724 -0.002119 1.000000
-0.524767 -1.170800 862.605592
-0.071603 -0.610275 -136.397951
-0.000569 -0.002007 1.000000
0.065748 -1.897321 778.630879
-0.011311 -0.972332 -187.302361
0.000084 -0.003299 1.000000
-0.155846 -1.781484 1121.337534
0.024442 -0.629087 -113.695037
0.000081 -0.002897 1.000000
-0.358511 -1.553555 887.765437
-0.092227 -0.628173 -243.834390
-0.000267 -0.002278 1.000000
-0.513159 -0.827911 -175.815064
-0.393088 -0.593592 -530.436444
-0.001006 -0.001614 1.000000
0.016513 -2.175915 799.788946
0.279989 -0.633867 -485.165431
0.000405 -0.002712 1.000000
-0.575127 -0.293722 660.435523
-0.500675 -0.319134 1076.605095
-0.001370 -0.000824 1.000000
-0.469159 -1.359254 1734.724439
-0.119134 -0.473905 -55.686982
-0.000612 -0.002154 1.000000
-0.033515 -1.440913 1250.004709
0.047972 -0.718707 -78.011754
-0.000048 -0.002343 1.000000
-0.502220 -1.222290 1089.711155
-0.110826 -0.580973 -148.674078
-0.000534 -0.002139 1.000000
-0.510730 -1.375876 292.501485
-0.100664 -0.382765 -104.570409
-0.000812 -0.001949 1.000000
-0.346258 -1.227411 801.780662
-0.002519 -0.766956 -164.676947
-0.000530 -0.002292 1.000000
-0.489656 -1.207602 1147.777641
-0.225370 -0.720202 -189.560036
-0.000617 -0.001886 1.000000
0.244769 -1.737318 462.257640
0.040859 -1.195634 -192.326754
0.000409 -0.003470 1.000000
-0.250765 -1.671505 373.608053
-0.064239 -1.180912 -480.168471
-0.000286 -0.002789 1.000000
0.014981 -1.641710 321.571008
0.081454 -1.383638 -195.390036
-0.000139 -0.003100 1.000000
-0.236868 -1.197276 666.330908
-0.007441 -0.711290 -196.609981
-0.000467 -0.002140 1.000000
0.026318 -1.366333 466.691582
-0.047693 -0.527907 -152.383390
-0.000185 -0.002311 1.000000
-0.069214 -1.191824 89.121363
-0.070830 -1.055938 -82.684075
-0.000299 -0.002560 1.000000
0.133714 -1.187019 179.812529
0.063334 -1.054980 -105.799071
0.000001 -0.002559 1.000000
0.440234 -1.867356 -154.966183
0.142261 -0.990822 -315.192624
0.000419 -0.003537 1.000000
-0.010935 -0.898896 333.741532
-0.055550 -1.131409 -123.718765
-0.000087 -0.003061 1.000000
-0.133978 -1.565582 747.601589
-0.068803 -1.245096 -4.733443
-0.000266 -0.002794 1.000000
-0.422042 -1.379205 473.705120
-0.223548 -1.169230 -11.208297
-0.000719 -0.002404 1.000000
-0.228680 -1.563063 567.358752
-0.112256 -1.240292 139.347192
-0.000187 -0.002630 1.000000
-0.213103 -1.016333 607.280686
-0.225924 -0.953477 -5.529025
-0.000453 -0.002204 1.000000
-0.700534 -1.288811 1001.753690
-0.159057 -0.327788 42.237235
-0.000874 -0.001442 1.000000
-0.957419 -0.730647 173.660038
-0.249347 -0.166015 -360.820201
-0.001416 -0.000827 1.000000
-0.321286 -1.021885 931.379561
-0.104349 -0.310300 -96.319431
-0.000550 -0.001606 1.000000
-0.344477 -0.952851 422.489925
-0.249922 -0.604012 -203.702471
-0.000691 -0.001811 1.000000
-0.438976 -1.169972 1050.424771
-0.189007 -0.684602 -167.732504
-0.000571 -0.002126 1.000000
-0.190666 -1.464326 63.490729
-0.158375 -0.548923 -568.417938
-0.000551 -0.002300 1.000000
-0.055599 -1.174146 497.679308
-0.072597 -1.259685 -157.819507
-0.000414 -0.002924 1.000000
0.136207 -1.682453 629.791404
-0.029808 -1.365041 -74.097870
0.000060 -0.003432 1.000000
-0.178906 -1.653679 321.001663
-0.043091 -1.847386 -90.679663
-0.000281 -0.003413 1.000000
0.049966 -1.884205 346.935556
0.182561 -1.505639 -253.385672
-0.000084 -0.003868 1.000000
-0.063836 -1.671992 453.755517
0.131214 -1.490903 -170.179089
-0.000037 -0.003298 1.000000
-0.226587 -0.754254 207.293005
-0.104962 -0.561100 -81.841248
-0.000658 -0.001882 1.000000
0.032198 -0.716618 293.427234
-0.173237 -0.658431 -57.371306
-0.000639 -0.001909 1.000000
0.055451 -1.025759 -201.052266
-0.119326 -0.736395 8.199350
-0.000478 -0.002208 1.000000
-0.330037 -1.107505 594.010886
-0.253218 -0.737099 -63.599699
-0.000542 -0.002057 1.000000
-0.703146 -1.290888 1005.596028
-0.243952 -0.635135 54.033226
-0.000809 -0.001795 1.000000
0.043321 -2.068082 181.755663
-0.041481 -1.400592 -157.142514
0.000034 -0.003718 1.000000
-0.080200 -1.113317 122.156314
-0.076478 -1.083519 -62.759913
-0.000513 -0.002623 1.000000
-0.085491 -1.172417 69.454209
-0.079867 -0.756164 -60.119401
-0.000564 -0.002251 1.000000
-0.291229 -1.633439 938.959021
-0.077316 -0.992682 -137.698776
-0.000385 -0.002849 1.000000
-0.023421 -0.797917 125.709277
0.061956 -0.891334 -122.650686
-0.000333 -0.002402 1.000000
-0.075389 -1.401001 437.951802
-0.053904 -0.906147 -168.439205
-0.000183 -0.002788 1.000000
0.141744 -1.269954 491.564297
-0.229759 -1.014449 1.440427
-0.000229 -0.002523 1.000000
0.148143 -1.348426 410.780776
0.099028 -1.091803 -152.110474
0.000011 -0.002935 1.000000
-0.106314 -1.755015 729.118355
-0.012651 -1.300253 -284.529419
-0.000022 -0.003231 1.000000
-0.139073 -1.941212 188.048028
0.054953 -1.733357 -94.807354
0.000183 -0.003703 1.000000
-0.110925 -1.389524 130.226998
0.115797 -1.221563 -567.079564
-0.000109 -0.002919 1.000000
