0.404743 -1.870030 564.576664
0.118989 -0.724392 -262.238161
0.000661 -0.003025 1.000000
-0.118685 -1.526993 445.515725
0.187814 -1.484668 -425.687061
0.000191 -0.003700 1.000000
-0.155035 -0.895958 493.447086
-0.119763 -0.770350 0.103907
-0.000234 -0.002111 1.000000
-0.324877 -0.614584 68.610511
-0.124027 -0.218604 -8.215776
-0.001170 -0.001576 1.000000
0.066563 -1.669823 174.659333
0.117524 -1.627843 86.264335
0.000066 -0.003208 1.000000
-0.048042 -1.294112 191.454869
0.077012 -1.288662 -44.555340
0.000077 -0.003603 1.000000
0.087278 -1.401807 91.770628
-0.043790 -0.940104 16.523393
-0.000131 -0.002885 1.000000
0.035167 -1.170572 156.442232
-0.026289 -1.388372 72.674625
0.000293 -0.003475 1.000000
0.044195 -1.132749 209.379064
-0.105801 -2.265290 203.114128
0.000054 -0.003631 1.000000
-0.152912 -1.879790 929.531321
0.063134 -1.645333 29.804553
0.000065 -0.003635 1.000000
-0.062260 -1.536963 357.634033
0.008941 -1.132443 -77.542833
-0.000071 -0.002869 1.000000
0.052585 -1.271682 49.922709
0.053835 -1.085288 33.533844
0.000448 -0.003528 1.000000
0.274736 -1.662880 586.550132
1.128605 -3.486626 -336.695825
0.001231 -0.006319 1.000000
0.396115 -1.766764 439.232330
0.279430 -1.700856 -360.495126
0.000701 -0.004210 1.000000
-0.074401 -0.661033 401.487089
0.110558 -1.086192 -88.056593
-0.000472 -0.002108 1.000000
-0.044149 -1.524897 131.891117
0.024706 -1.159198 -3.660596
-0.000422 -0.002777 1.000000
-0.067219 -1.360864 175.897558
-0.039339 -1.330082 28.752924
-0.000267 -0.002778 1.000000
-0.110588 -0.810280 238.453168
-0.028414 -0.698546 -20.142548
0.000160 -0.002328 1.000000
0.099959 -2.004878 338.942884
0.138375 -1.484585 139.288551
0.000256 -0.003397 1.000000
0.176712 -1.375446 95.093575
0.072011 -0.991473 70.647291
-0.000275 -0.002445 1.000000
0.373764 -1.667666 49.169922
0.118232 -1.258429 71.565183
0.000433 -0.003277 1.000000
1.014204 -3.943343 288.834269
0.874182 -2.658472 294.601161
0.001253 -0.004803 1.000000
-0.200232 -0.763963 -165.191893
-0.100824 -0.954899 907.853509
-0.000528 -0.002118 1.000000
0.448157 -2.704921 358.297439
0.355307 -3.235777 -1.218105
0.000374 -0.005075 1.000000
-0.016172 -1.046997 353.905461
-0.007971 -0.898104 -163.278362
-0.000258 -0.002590 1.000000
-0.002226 -1.734339 135.651015
-0.024955 -1.763420 16.227372
-0.000189 -0.003596 1.000000
0.018787 -0.871340 -30.677101
-0.021986 -0.841511 30.031683
0.000054 -0.002859 1.000000
-0.053801 -0.889042 156.691594
0.032019 -1.459488 134.722857
-0.000186 -0.002624 1.000000
1.010309 -2.608091 -194.292270
0.458021 -2.312992 -111.673190
0.001589 -0.005430 1.000000
-0.075106 -0.732934 354.314607
-0.086235 -2.574969 354.689007
-0.000425 -0.003617 1.000000
0.182975 -1.661083 257.489188
-0.176893 -1.468742 106.189317
-0.000563 -0.002949 1.000000
-0.180410 -0.635115 265.323464
-0.238731 -0.625000 10.952510
-0.000822 -0.001844 1.000000
0.253624 -0.845375 73.668430
0.112290 -1.000878 -90.318210
0.000186 -0.002943 1.000000
-0.202572 -0.960847 401.964966
-0.241615 -0.994678 -63.990461
-0.000705 -0.002525 1.000000
-0.064293 -0.984616 314.052958
-0.168028 -1.622375 285.522738
-0.000301 -0.002693 1.000000
0.166666 -0.997408 314.784974
-0.030808 -1.180640 23.136486
-0.000080 -0.002957 1.000000
0.163915 -1.610492 -67.921695
0.269669 -1.149924 -103.551085
0.000397 -0.003586 1.000000
-0.084001 -1.518567 387.491246
0.011320 -1.385455 96.999394
0.000008 -0.002807 1.000000
0.154587 -1.533053 120.692449
0.371180 -1.768610 -413.464529
0.001185 -0.005354 1.000000
-0.102105 -0.716418 371.326995
0.172396 -1.034096 -272.640525
0.000141 -0.003142 1.000000
0.259494 -1.643522 1195.789703
0.418354 -0.825004 -823.299358
0.000838 -0.003474 1.000000
-0.119794 -1.186610 177.629851
-0.126885 -1.082475 -98.758817
-0.000282 -0.002745 1.000000
-0.287274 -0.674557 220.530438
0.043015 -0.899585 -62.245942
-0.000353 -0.002869 1.000000
-0.059082 -0.455450 129.692829
-0.072878 -0.545750 -33.363664
-0.000514 -0.001605 1.000000
-0.272156 -0.570284 226.554381
-0.185733 -0.543570 28.931062
-0.000558 -0.001731 1.000000
-1.421917 0.314363 -985.832727
-0.813402 0.403252 421.294429
-0.002494 0.000420 1.000000
-0.070532 -0.935206 718.438348
0.003906 -0.578814 -261.832791
-0.000223 -0.002388 1.000000
0.435255 -1.088627 422.830944
0.073431 -0.943506 -112.559591
0.000201 -0.003536 1.000000
0.205848 -0.657213 329.172672
-0.116719 -0.710196 4.304631
-0.000006 -0.002697 1.000000
0.174445 -1.020313 84.196110
-0.155843 -0.788447 -85.853539
0.000074 -0.003110 1.000000
-0.134383 -0.457111 581.605062
-0.164750 -0.707725 169.600354
-0.000444 -0.002568 1.000000
-0.164677 -0.722478 679.974362
-0.276303 -0.514583 165.299566
-0.000505 -0.002164 1.000000
-0.175796 -0.675131 306.026973
-0.083285 -0.320054 -203.375238
-0.000298 -0.002065 1.000000
-0.143821 -0.850466 181.162060
-0.054885 -0.733063 -134.724157
-0.000309 -0.002550 1.000000
0.194589 -1.302271 189.833514
-0.019805 -0.820151 -188.633484
0.000074 -0.003370 1.000000
0.375746 -1.660890 227.830680
0.075460 -1.259750 -103.084013
0.000312 -0.003583 1.000000
-0.188529 -1.003508 408.052218
-0.028411 -0.936978 -114.895072
-0.000321 -0.002655 1.000000
-0.147013 -0.963542 378.682208
-0.191239 -0.416319 -184.562219
-0.000294 -0.002482 1.000000
0.446388 -1.330770 197.721642
0.111767 -1.068879 -195.300113
0.000660 -0.003743 1.000000
1.467777 -2.457422 64.694882
0.740947 -1.946797 -582.520896
0.002653 -0.006150 1.000000
0.056848 -1.135476 57.108559
0.074905 -1.225588 -54.515779
0.000401 -0.003733 1.000000
-0.409149 -0.837486 408.153140
-0.267104 -1.011741 126.861690
-0.000554 -0.002340 1.000000
-0.044208 -1.073535 157.414964
-0.179813 -1.199458 116.099970
0.000034 -0.002926 1.000000
0.425627 -1.372952 451.123523
-0.161277 -1.022407 -224.954562
0.000072 -0.003023 1.000000
-0.116061 -0.818746 529.316546
-0.152701 -0.527071 -182.390197
-0.000550 -0.001879 1.000000
0.018730 -1.499933 460.195265
0.143425 -1.426839 -302.998246
0.000219 -0.003725 1.000000
-0.085683 -1.078559 334.696110
-0.049552 -0.963433 -28.000952
-0.000242 -0.002580 1.000000
-0.257687 -1.501760 490.195321
-0.190705 -0.663034 -0.878438
-0.000263 -0.002675 1.000000
0.007465 -1.328158 73.539566
0.010767 -1.103111 -43.069002
-0.000169 -0.002954 1.000000
-0.264570 -1.122260 524.548308
-0.201942 -0.761345 13.215880
-0.000425 -0.002150 1.000000
0.178079 -1.323997 333.719731
-0.077191 -1.952247 138.480679
-0.000109 -0.003550 1.000000
0.223082 -1.460659 422.538611
0.012043 -1.255116 -112.425277
0.000256 -0.003601 1.000000
-0.003584 -1.634894 190.574150
-0.285859 -1.194566 81.269516
-0.000515 -0.002634 1.000000
-0.463357 -0.537440 74.160908
-0.202365 -0.171706 -166.880119
-0.001097 -0.001204 1.000000
0.478674 -1.992837 410.291778
0.202755 -1.454867 -309.781068
0.000455 -0.003743 1.000000
0.079036 -1.051105 412.039135
-0.102993 -0.605658 -12.264102
-0.000192 -0.002486 1.000000
0.075174 -0.902226 298.194657
0.126752 -1.452506 -77.797586
0.000098 -0.003123 1.000000
-0.104895 -1.351799 390.368293
0.000652 -1.217210 81.263148
0.000050 -0.002857 1.000000
-0.031011 -2.334145 353.725517
-0.066968 -1.305697 -64.683927
0.000003 -0.003598 1.000000
0.224400 -2.250602 566.670814
0.136970 -1.297764 -10.386204
0.000139 -0.003232 1.000000
0.379375 -2.462004 576.227364
0.169381 -1.734852 -92.836313
0.000424 -0.003873 1.000000
0.000461 -1.238012 482.748226
-0.088915 -0.920531 45.055777
-0.000134 -0.002661 1.000000
-0.170140 -1.350325 458.128881
-0.217939 -1.097692 166.113722
-0.000471 -0.002473 1.000000
-0.027397 -1.442099 541.213850
-0.091429 -1.479068 46.423593
-0.000120 -0.003171 1.000000
-0.006658 -0.635637 118.638774
-0.077417 -0.695699 32.506673
-0.000032 -0.002510 1.000000
0.037700 -0.797139 218.444747
-0.033467 -0.461601 -59.991447
-0.000045 -0.002385 1.000000
-0.122347 -1.312355 417.842433
-0.096638 -1.195374 -0.422227
-0.000346 -0.002874 1.000000
-0.146887 -0.762269 410.870808
-0.106076 -0.593394 4.456862
-0.000667 -0.001888 1.000000
0.244910 -2.169061 648.491825
0.337120 -1.954812 -207.028154
0.001832 -0.005743 1.000000
-0.275073 -1.425261 558.786393
-0.201951 -0.635655 144.272807
-0.000374 -0.002238 1.000000
-0.101249 -1.398438 547.230537
-0.322260 -0.993568 199.405770
-0.000343 -0.002597 1.000000
-0.277968 -1.152910 562.978640
-0.213880 -0.465315 218.056988
-0.000400 -0.001841 1.000000
-0.084191 -1.473434 480.877467
-0.153671 -0.649831 196.143385
-0.000248 -0.002320 1.000000
-0.149181 -1.804104 637.187834
0.078594 -1.590445 94.619688
0.000282 -0.003823 1.000000
-0.035383 -1.489068 294.482006
0.029590 -1.289658 3.607437
-0.000208 -0.003253 1.000000
0.880807 -2.400222 356.395750
0.102515 -1.244140 -28.688903
0.000714 -0.004262 1.000000
-0.009644 -1.638833 466.809431
-0.037549 -1.122803 56.986609
0.000204 -0.003167 1.000000
0.298097 -1.624022 409.292100
-0.054009 -0.439466 27.948948
-0.000007 -0.002799 1.000000
-0.019629 -2.187117 584.010417
0.224484 -1.462404 -217.174850
0.000031 -0.003828 1.000000
-0.023286 -1.550768 402.708612
-0.135248 -0.836918 173.825343
-0.000345 -0.002345 1.000000
0.065074 -1.680851 462.360152
0.000099 -0.923210 195.154195
0.000055 -0.002788 1.000000
-0.152148 -0.885263 402.866705
-0.090045 -0.801836 31.341012
-0.000413 -0.002168 1.000000
0.643435 -2.056324 492.343438
0.142857 -1.944401 -159.258462
0.000695 -0.004460 1.000000
0.432522 -1.581682 466.534441
-0.093608 -0.758895 63.594618
0.000181 -0.002811 1.000000
0.979543 -1.966164 710.526776
0.403441 -1.046557 -217.940761
0.000902 -0.003398 1.000000
0.118890 -1.255863 251.775650
-0.060258 -0.844731 -84.981633
-0.000150 -0.003048 1.000000
-0.327552 -2.604353 380.517241
-0.114180 -1.681909 173.226621
-0.000470 -0.004424 1.000000
0.206369 -1.922387 487.084646
-0.022363 -1.196940 68.577391
-0.000044 -0.002951 1.000000
0.027348 -1.447300 455.446607
-0.177755 -1.202656 74.063777
-0.000259 -0.002987 1.000000
0.107070 -1.245792 456.402891
-0.038627 -0.447877 71.082623
-0.000080 -0.002207 1.000000
-0.243234 -1.876791 574.880032
0.342017 -2.179206 -1.304436
0.000406 -0.004357 1.000000
0.176687 -1.453923 401.249161
-0.110085 -1.252201 94.928051
0.000174 -0.003353 1.000000
-0.139644 -1.406949 450.748476
-0.219118 -0.494765 90.356816
-0.000289 -0.002390 1.000000
-0.089397 -1.043867 265.715482
-0.153920 -0.645424 61.708694
-0.000517 -0.001954 1.000000
-0.099523 -1.273971 404.138291
-0.022995 -1.078569 -74.439522
-0.000236 -0.002748 1.000000
-0.360879 -2.338478 617.179746
-0.185494 -1.852990 236.471885
-0.000434 -0.003594 1.000000
0.931494 -3.341669 476.720184
0.286445 -2.037487 57.377446
0.000934 -0.005357 1.000000
1.257603 -0.610542 -47.429817
0.205494 0.906264 -157.133008
0.000578 -0.001495 1.000000
-0.040473 -1.676450 454.131273
-0.185646 -1.077656 158.045893
-0.000184 -0.002967 1.000000
0.666243 -0.159499 36.781708
-0.124757 0.971045 36.209149
-0.000388 -0.000164 1.000000
0.261775 -0.401909 114.074213
-0.163478 0.266579 130.655296
-0.000624 -0.000661 1.000000
0.324138 -0.254310 60.104876
-0.210752 0.331713 167.892255
-0.000611 -0.000610 1.000000
0.265791 -0.346976 124.286186
-0.243895 0.247409 179.914251
-0.000564 -0.000793 1.000000
-0.116790 -0.527993 172.321141
-0.311222 -0.230154 171.919517
-0.000833 -0.001098 1.000000
-0.223773 -0.762187 222.744646
-0.413456 -0.352647 295.335177
-0.001019 -0.000977 1.000000
0.018297 -0.283975 119.460818
-0.347841 0.174991 219.756834
-0.000798 -0.000761 1.000000
0.123436 -0.469397 184.982507
-0.248993 0.194079 212.197706
-0.000727 -0.000497 1.000000
-2.079549 -3.284582 972.430809
-1.291332 -5.302925 891.712409
-0.001776 -0.006428 1.000000
-0.285865 -0.876650 285.108505
-0.440694 -0.678237 332.785905
-0.000897 -0.001534 1.000000
-0.417149 -1.186843 342.899873
-0.379013 -1.252006 275.154335
-0.000819 -0.002332 1.000000
-0.236499 -1.736119 442.371424
-0.362426 -1.522644 363.378121
-0.000569 -0.002536 1.000000
-0.225936 -1.139801 386.976597
-0.329648 -0.955693 175.973464
-0.000610 -0.002073 1.000000
-0.088390 -1.144616 346.713371
-0.330370 -1.188861 257.479258
-0.000454 -0.002378 1.000000
0.459601 -3.495702 698.494705
0.285703 -2.591862 -202.793783
0.001006 -0.005314 1.000000
0.707098 -0.729180 147.788029
0.064160 0.195637 166.188836
-0.000005 -0.001111 1.000000
0.866064 -0.069019 -14.313949
0.052720 0.853947 84.115086
-0.000113 -0.000180 1.000000
-0.022877 -1.490252 475.084687
-0.213202 -0.438868 220.788963
-0.000185 -0.002212 1.000000
0.181473 -1.491510 437.069286
-0.002337 -0.465223 122.269184
0.000131 -0.002510 1.000000
-0.056591 -0.964945 376.296680
-0.176324 -0.323217 107.644759
-0.000437 -0.001774 1.000000
-0.186516 -1.394801 177.196525
-0.231164 -0.697610 -28.247285
-0.000565 -0.002096 1.000000
-0.196303 -1.603594 887.575138
-0.136462 -0.806213 44.786107
-0.000430 -0.002235 1.000000
-0.418000 -0.956020 246.633578
-0.240104 -0.684832 120.810540
-0.000984 -0.001661 1.000000
0.552010 -2.056023 732.971526
0.181024 -0.890619 -213.537061
0.000686 -0.003740 1.000000
0.107898 -1.929612 394.773801
-0.040134 -1.042161 17.097282
0.000009 -0.002683 1.000000
-0.209691 -1.619307 855.937407
-0.120940 -0.912839 5.998972
-0.000333 -0.002322 1.000000
-0.341776 -0.577691 438.660645
-0.273112 -1.042717 149.245581
-0.000764 -0.001947 1.000000
-0.266460 -1.058140 460.723852
-0.475665 -0.994298 83.425371
-0.000792 -0.002004 1.000000
-0.254084 -1.899710 531.468618
-0.254696 -1.190708 -59.356463
-0.000489 -0.002928 1.000000
0.408483 -2.623495 194.888288
0.298164 -2.303174 206.442797
0.000705 -0.004412 1.000000
2.342240 -5.437369 1704.573755
1.423101 -3.337715 -1879.347174
0.004741 -0.010342 1.000000
-0.147865 -2.261693 1411.785003
0.115761 -1.145506 -259.774595
0.000196 -0.003355 1.000000
-0.366044 -1.726813 997.293393
-0.120704 -0.823703 77.013853
-0.000490 -0.002656 1.000000
-0.141305 -1.415386 916.374460
-0.204181 -0.832866 -671.298565
-0.000486 -0.002536 1.000000
-1.639593 0.938393 1204.893965
-0.401723 0.157660 -467.973067
-0.001958 0.000557 1.000000
-0.690781 -1.044277 1016.562647
-0.237706 -0.528756 91.006501
-0.000717 -0.001789 1.000000
-0.378784 -2.222275 956.104346
0.087732 -1.138938 -14.712728
-0.000178 -0.003468 1.000000
-0.374564 -0.544682 138.656449
-0.313050 -0.263174 142.616484
-0.001037 -0.001137 1.000000
0.307192 -2.580541 1890.421739
0.208138 -1.008408 -305.490685
0.000738 -0.004668 1.000000
0.822239 -2.675388 874.767518
0.165503 -0.822303 -422.191108
0.001111 -0.003758 1.000000
-0.371029 -1.673401 458.387914
-0.370823 -1.923504 367.147203
-0.000809 -0.002833 1.000000
-0.129945 -0.944550 430.483028
-0.192662 -0.832747 190.521665
-0.000428 -0.002001 1.000000
0.704688 -0.378471 187.460207
-0.012574 0.797034 -1.985143
0.000031 -0.000496 1.000000
-0.069535 -1.398076 580.612026
-0.144808 -0.609848 93.440699
-0.000145 -0.002601 1.000000
-0.231549 -1.196276 310.443741
-0.089929 -1.375369 104.635839
-0.000025 -0.003526 1.000000
-0.048358 -0.994122 144.083284
-0.084228 -0.722817 54.866309
-0.000159 -0.002445 1.000000
-0.088655 -0.622920 107.567288
-0.111692 -0.692129 75.445462
-0.000589 -0.001873 1.000000
2.396805 -3.673818 -3453.130646
3.921621 -7.342063 872.382949
0.006694 -0.012674 1.000000
2.283335 -3.937149 -1600.247491
1.934104 -4.474058 -1287.465058
0.006669 -0.014464 1.000000
0.093455 -1.640134 333.242171
0.089034 -1.358857 -124.134074
0.000154 -0.003608 1.000000
0.029680 -1.120067 476.345174
-0.162815 -0.655792 31.952658
-0.000242 -0.002234 1.000000
-0.019143 -1.467680 702.471878
-0.206348 -1.363040 147.137644
-0.000151 -0.002884 1.000000
0.048721 -2.021208 576.235040
-0.235444 -2.322729 259.899589
-0.000165 -0.003773 1.000000
0.049992 -0.807820 86.690004
0.032427 -1.129136 103.349937
-0.000088 -0.002491 1.000000
0.147889 -1.186069 -717.485109
-0.141825 -0.795303 269.060902
0.000299 -0.003471 1.000000
-0.309310 -1.750540 227.183860
-0.115696 -1.168165 236.062766
-0.000042 -0.003441 1.000000
-0.050855 -1.301056 289.914691
-0.130612 -1.167938 261.865261
-0.000163 -0.002593 1.000000
-0.395119 -1.358816 321.728523
-0.319080 -0.816343 125.847082
-0.000641 -0.002378 1.000000
0.039851 -1.605417 261.864909
-0.013454 -1.565554 136.968489
-0.000015 -0.003231 1.000000
1.490932 -2.998462 -2787.226247
1.022278 -3.452049 297.997764
0.003035 -0.010404 1.000000
-0.112145 -0.745083 -108.646540
-0.089105 -0.749130 11.174630
-0.000456 -0.002285 1.000000
0.154172 -0.695648 -99.728138
0.177733 -0.735338 -28.815662
0.000430 -0.002861 1.000000
-0.111097 -1.023006 84.156492
0.015512 -1.131681 130.153242
-0.000115 -0.003014 1.000000
0.106865 -1.115906 284.023603
-0.109193 -1.297471 -14.788005
-0.000222 -0.002901 1.000000
1.000000 -0.000000 -0.000000
0.000000 1.000000 -0.000000
0.000000 -0.000000 1.000000
-0.158962 -1.582242 530.466070
-0.041531 -0.857259 67.575862
-0.000197 -0.002574 1.000000
-0.085815 -0.606389 -6.187006
0.037379 -0.609858 -8.155055
-0.000353 -0.002283 1.000000
0.126130 -1.816867 -89.978575
-0.254262 -1.232019 221.027827
0.000093 -0.003872 1.000000
0.031014 -1.681388 -5.176696
0.025448 -1.794199 67.272391
-0.000017 -0.003801 1.000000
-0.032910 -0.541498 19.922119
-0.113043 -0.798770 7.173872
-0.000355 -0.002395 1.000000
0.003450 -0.472747 -204.609478
0.244033 -1.614033 813.204909
0.000370 -0.003236 1.000000
-0.690765 -0.138102 249.573733
-0.525833 -0.193443 29.169838
-0.001557 -0.000157 1.000000
0.365937 -3.283348 246.778191
0.189031 -2.626094 90.796445
0.000035 -0.004942 1.000000
-0.054390 -1.042351 96.139945
-0.140477 -0.729891 93.226217
-0.000489 -0.002231 1.000000
0.809119 -4.824189 -42.944716
0.839568 -3.752386 -290.864322
0.001853 -0.008415 1.000000
3.808760 -8.154947 1248.084923
3.329616 -6.969570 4885.636632
0.006617 -0.013154 1.000000
0.149760 -0.414038 -169.326587
0.440742 -2.040157 1231.592010
0.001440 -0.004296 1.000000
-0.252019 -0.657664 730.094123
-0.255289 -1.026801 433.301216
-0.000569 -0.001768 1.000000
-0.524641 -1.049936 1151.264091
-0.264600 -0.864500 433.705638
-0.000960 -0.001197 1.000000
0.761243 -2.404557 384.429858
0.290108 -1.929243 -610.523432
0.001304 -0.004825 1.000000
-0.128146 -2.246434 441.387117
-0.201787 -2.078838 452.011335
-0.000207 -0.003300 1.000000
-0.198453 -1.256965 105.721656
-0.117751 -1.170108 83.084638
-0.000391 -0.002285 1.000000
-2.561743 0.732270 -1009.897092
-1.570902 1.171447 -617.707900
-0.004870 0.003859 1.000000
0.480508 -3.156013 1062.136698
0.073704 -1.508275 -16.313850
0.000519 -0.004331 1.000000
-0.781668 -0.435846 419.488748
-0.584532 -0.522460 1810.707942
-0.001447 -0.000862 1.000000
-0.295568 -1.393399 885.491394
-0.175944 -0.872016 122.276620
-0.000403 -0.002543 1.000000
-0.100657 -2.011400 1003.590555
0.022482 -0.859396 31.257895
-0.000097 -0.002993 1.000000
0.699976 -2.512694 1129.121116
0.206553 -1.452571 -267.493644
0.000925 -0.004183 1.000000
-0.023578 -1.792023 910.049715
-0.014755 -1.030928 26.994588
-0.000116 -0.002905 1.000000
-0.206653 -1.496578 1198.679324
0.010353 -0.988271 97.854542
-0.000218 -0.002280 1.000000
0.010291 -1.912680 976.997957
-0.298637 -1.690743 161.103534
-0.000191 -0.003864 1.000000
-0.138353 -1.139327 1348.123842
0.065194 -1.970011 1077.226421
0.000002 -0.003009 1.000000
-0.289403 -0.646036 564.119153
-0.049426 -0.934118 -20.706731
-0.000471 -0.002215 1.000000
-0.446590 -1.144740 1195.783847
-0.276195 -0.976208 448.711970
-0.000599 -0.001933 1.000000
-0.494344 -1.205336 -434.836147
-0.334229 -0.791014 121.323713
-0.000742 -0.001749 1.000000
0.614219 -3.350519 1046.876283
0.466158 -3.313276 148.994939
0.000946 -0.005610 1.000000
2.012329 -4.994142 2019.809434
1.039621 -2.185807 -648.690397
0.003663 -0.008420 1.000000
-5.226091 5.999709 -1795.184857
-1.802394 2.364585 776.050364
-0.007422 0.008415 1.000000
0.199803 -1.982888 802.301536
0.121264 -1.131473 -57.936249
0.000337 -0.003254 1.000000
-0.652721 -0.657118 283.281553
-0.498344 -0.625373 97.595744
-0.001176 -0.001145 1.000000
-87.322207 159.173579 85371.120814
-74.685215 132.372365 -54405.556383
-0.159494 0.228026 1.000000
0.398574 -2.446742 828.190765
0.390605 -1.808594 -36.452189
0.000344 -0.003541 1.000000
-0.461103 -1.395174 1304.001477
-0.434736 -1.047260 483.431363
-0.000554 -0.002077 1.000000
-0.290321 -0.999796 514.691734
-0.244799 -0.894292 -169.207363
-0.000719 -0.002230 1.000000
0.033690 -1.555081 919.244954
-0.109829 -1.077237 241.386549
0.000023 -0.002607 1.000000
-0.162385 -0.935917 304.300448
-0.113926 -0.612421 39.980092
-0.000352 -0.002285 1.000000
-0.008208 -2.227599 1017.097998
-0.059713 -0.738467 -19.853311
0.000006 -0.003372 1.000000
-0.298813 -1.668839 921.499167
-0.162280 -0.845965 100.439971
-0.000472 -0.002469 1.000000
-1.826166 2.520047 -342.184523
-1.520437 1.921563 1637.433025
-0.003152 0.003812 1.000000
-0.283501 -1.393882 877.788702
-0.118713 -0.753735 64.397046
-0.000539 -0.002293 1.000000
-0.415637 -1.402895 814.087920
-0.121712 -0.543857 31.460057
-0.000424 -0.002238 1.000000
0.051527 -2.491397 836.812909
-0.071714 -0.951496 -139.560326
-0.000282 -0.003124 1.000000
-0.205101 -2.320575 324.721570
0.034307 -1.255250 -201.576075
0.000264 -0.003767 1.000000
-0.466119 -1.181941 900.603960
-0.132545 -0.551441 60.068306
-0.000661 -0.001728 1.000000
0.468239 -2.282426 586.685322
0.296242 -2.228519 1.054434
0.000283 -0.004188 1.000000
-0.273231 -1.262800 849.474846
-0.049812 -1.482142 137.413487
-0.000254 -0.003129 1.000000
0.339399 -2.142682 910.977626
0.201355 -1.242109 74.998938
0.000335 -0.002994 1.000000
0.887150 -2.638681 1026.894901
0.319864 -1.307379 -1000.636339
0.001303 -0.004353 1.000000
-0.458215 -1.826407 1453.499246
-0.140731 -0.846950 -118.045989
-0.000442 -0.002367 1.000000
0.436284 -1.662058 47.872945
0.161138 -1.481154 -607.946668
0.000832 -0.003641 1.000000
-0.140602 -2.406439 917.769608
0.017853 -1.405120 60.347885
-0.000088 -0.002798 1.000000
0.427908 -2.533318 1005.321271
0.190373 -1.138147 69.410436
0.000420 -0.003276 1.000000
0.114449 -1.245900 794.321423
-0.003245 -1.494571 137.907734
0.000224 -0.003713 1.000000
-0.122915 -1.048725 272.378450
-0.020334 -0.349666 -50.433954
-0.000319 -0.002198 1.000000
-0.082309 -1.915893 756.972188
-0.066767 -1.089698 120.598184
-0.000289 -0.002363 1.000000
1.117234 -2.808993 882.191495
0.321884 -1.037115 -185.922300
0.001284 -0.003655 1.000000
0.088440 -2.062504 775.273640
0.148720 -1.224659 -262.051863
0.000119 -0.003205 1.000000
0.518772 -2.517091 730.586647
0.452078 -2.395805 -157.649153
0.000893 -0.004416 1.000000
-0.022005 -1.618271 730.171763
-0.103887 -0.940938 15.687989
-0.000133 -0.002474 1.000000
0.145388 -2.429039 674.841147
0.024256 -1.745790 63.851824
-0.000009 -0.003603 1.000000
-0.342605 -1.158349 613.186915
-0.017103 -1.432656 -57.502452
-0.000473 -0.002762 1.000000
0.310909 -2.482874 863.248076
0.199094 -1.486233 -28.160539
0.000558 -0.003646 1.000000
-0.069553 -0.944864 719.538424
0.059844 -1.988038 282.750663
0.000149 -0.003750 1.000000
-0.130060 -1.702979 818.390590
-0.129286 -1.286053 91.764861
-0.000216 -0.002631 1.000000
-0.179598 -1.458237 587.171487
-0.056192 -1.290138 47.804144
-0.000049 -0.003051 1.000000
0.003970 -1.577358 525.267364
0.009569 -2.238946 115.381376
-0.000057 -0.003996 1.000000
-0.337870 -1.361619 794.970578
-0.228663 -1.213824 279.800383
-0.000489 -0.002419 1.000000
0.027057 -1.243309 533.465471
-0.166840 -1.298122 120.077673
-0.000130 -0.002980 1.000000
-0.221564 -0.851726 461.531344
-0.293799 -1.228412 161.632439
-0.000552 -0.002628 1.000000
-0.123614 -1.478160 1009.322252
0.023362 -1.050002 68.377867
-0.000212 -0.003018 1.000000
0.236917 -1.317028 415.125500
0.033731 -0.711103 -181.819138
0.000625 -0.003434 1.000000
-0.545811 -0.962872 851.341515
-0.082103 -0.421958 24.605475
-0.000666 -0.001501 1.000000
-0.282310 -1.237916 448.742230
-0.250976 -0.792645 198.200317
-0.000621 -0.002024 1.000000
-0.225567 -1.667512 739.856729
-0.132487 -1.035444 98.399142
-0.000370 -0.002554 1.000000
-0.090858 -1.672699 629.300454
-0.097818 -0.767634 55.595802
-0.000438 -0.002125 1.000000
-0.191267 -0.888937 495.891268
-0.281798 -1.446338 326.249105
-0.000436 -0.002439 1.000000
0.099270 -1.374309 491.930851
-0.122384 -1.799382 179.704288
-0.000065 -0.003219 1.000000
-0.093373 -1.053399 406.492209
-0.186985 -1.087195 170.686052
-0.000121 -0.002471 1.000000
0.012795 -1.774927 458.598640
-0.025782 -1.464992 110.070761
0.000074 -0.003095 1.000000
-0.406621 -2.269049 567.894073
-0.256786 -2.524844 265.703726
-0.000422 -0.003979 1.000000
-0.176754 -1.302684 574.675455
-0.055588 -0.488255 -113.816942
-0.000336 -0.002132 1.000000
0.021995 -1.601283 251.628341
0.013862 -1.270813 136.637568
-0.000140 -0.002845 1.000000
0.017857 -1.051912 440.947872
0.056863 -0.595799 -94.431190
0.000076 -0.002541 1.000000
-0.264532 -1.635635 585.431747
-0.200093 -0.900957 183.815685
-0.000429 -0.002453 1.000000
0.542796 -2.791673 961.704104
0.218523 -1.774775 74.498477
0.000705 -0.004189 1.000000
0.266089 -1.979866 295.846455
-0.017356 -2.145134 73.067946
0.000320 -0.004043 1.000000
-0.174821 -1.570483 378.069647
-0.252108 -1.430834 206.426537
-0.000163 -0.002857 1.000000
0.064192 -1.792836 282.807866
0.112018 -1.372016 -364.615566
0.000108 -0.003246 1.000000
-0.246470 -1.174858 585.707695
-0.148237 -0.669517 -11.213537
-0.000505 -0.001912 1.000000
-0.080779 -1.542426 253.253481
-0.138144 -3.010478 344.952366
0.000146 -0.004841 1.000000
0.024800 -1.304191 242.892049
-0.071597 -0.886266 47.943109
-0.000253 -0.002323 1.000000
-0.134748 -1.329013 370.973470
-0.094090 -0.951504 -67.678644
-0.000293 -0.002447 1.000000
0.148383 -2.051509 -184.853662
0.202764 -1.892067 -575.941397
0.000795 -0.004627 1.000000
0.708508 -2.753374 229.339055
0.222186 -2.127699 -441.087567
0.000926 -0.005101 1.000000
-0.023714 -1.450979 399.677346
-0.096503 -1.423173 78.175815
-0.000181 -0.002822 1.000000
-0.258224 -1.128296 640.290272
-0.073436 -0.667643 -65.361381
-0.000448 -0.002050 1.000000
