0.057887 -1.448569 553.401774
0.108763 -1.031810 -71.775455
0.000022 -0.002748 1.000000
-0.415185 -0.582605 360.960770
-0.324676 -0.731378 54.474330
-0.000858 -0.001665 1.000000
0.023101 -1.430935 354.072963
0.134462 -1.441351 37.153165
0.000129 -0.003141 1.000000
-0.541787 -1.581439 623.715181
-0.259426 -1.874727 336.747855
-0.000434 -0.003182 1.000000
-0.261468 -0.804859 274.018631
-0.369126 -0.782440 79.176085
-0.000860 -0.001717 1.000000
-0.522046 -0.447325 -23.251868
-0.438066 -0.532112 163.992464
-0.001239 -0.001131 1.000000
-0.133197 -0.830665 241.748894
-0.095758 -0.884957 -61.387838
-0.000471 -0.002290 1.000000
-0.654175 -0.418084 -44.692812
-0.326195 -0.261181 47.422290
-0.001369 -0.000871 1.000000
0.269591 -1.766352 451.853018
0.169091 -1.428575 -225.414187
0.000272 -0.003131 1.000000
0.372556 -1.656331 1244.068039
0.550108 -1.807769 238.235326
0.001193 -0.004485 1.000000
0.184435 -1.759968 1210.752538
0.438575 -1.238834 -94.077595
0.000588 -0.003398 1.000000
-4.226209 4.051843 -4219.534596
-2.284934 1.967434 1165.558650
-0.006994 0.005500 1.000000
0.006233 -1.221061 -42.589899
0.007360 -0.945591 -132.310238
-0.000136 -0.002468 1.000000
-0.176979 -1.144911 94.098392
-0.088181 -0.736566 -464.182011
-0.000637 -0.002222 1.000000
-0.168467 -0.923200 458.536916
-0.193191 -0.745446 -49.699087
-0.000556 -0.002048 1.000000
-0.155105 -0.840396 318.573594
-0.046724 -0.684266 -66.286649
-0.000387 -0.002015 1.000000
-0.557124 -0.658688 262.710337
-0.362777 -0.510693 -62.227266
-0.001085 -0.001509 1.000000
0.308610 -1.522965 117.477998
0.097265 -1.209016 -212.996005
0.000206 -0.003049 1.000000
-0.077971 -1.265867 221.852476
0.055947 -0.992997 -383.722472
-0.000214 -0.002611 1.000000
-0.009519 -1.504784 593.290703
0.182210 -1.276575 -121.933805
0.000299 -0.003335 1.000000
0.155906 -1.243144 366.475714
0.202835 -1.151039 -136.475156
0.000235 -0.002927 1.000000
-8.684897 9.894208 -6756.211998
-5.647045 6.571804 2174.699615
-0.013899 0.016370 1.000000
-3.273932 1.326789 319.651921
-1.070147 0.280295 534.255971
-0.003725 0.001593 1.000000
-0.072914 -1.301015 596.655281
0.033870 -0.718555 -95.084764
-0.000174 -0.002444 1.000000
0.096507 -1.554744 -15.161211
0.049158 -1.625961 -6.708139
-0.000047 -0.003285 1.000000
0.161670 -1.705886 90.144720
0.049550 -1.271106 -25.698983
0.000050 -0.003147 1.000000
0.113621 -1.329116 357.243182
-0.023639 -1.132401 143.415370
-0.000180 -0.002558 1.000000
-0.185929 -0.834450 159.183455
-0.116525 -0.708812 126.195400
-0.000609 -0.001992 1.000000
-0.106285 -1.161588 351.855443
-0.091682 -0.794849 4.297134
-0.000326 -0.002279 1.000000
0.010926 -1.107701 231.982478
-0.061132 -0.993912 -152.433821
-0.000393 -0.002361 1.000000
-0.036354 -1.427444 83.665625
0.021585 -1.111569 -33.370963
-0.000199 -0.002647 1.000000
-0.256250 -0.875230 123.061510
-0.087058 -0.584029 -661.268975
-0.000607 -0.001892 1.000000
-0.444497 -0.538572 219.308786
-0.401835 -0.394972 -106.803103
-0.000918 -0.001449 1.000000
0.022415 -1.492962 306.423825
-0.027964 -1.170285 -49.907684
-0.000097 -0.002682 1.000000
0.138602 -1.164883 82.401424
-0.019699 -0.829964 89.989077
-0.000144 -0.002365 1.000000
-0.297884 -1.035370 336.211501
-0.194693 -0.614027 -184.886401
-0.000669 -0.001937 1.000000
0.004406 -1.475962 471.481067
0.082330 -0.925837 -323.625054
-0.000095 -0.002435 1.000000
-0.220755 -0.900954 -42.840821
-0.088411 -0.591794 -78.423872
-0.000524 -0.002008 1.000000
-0.452565 -0.587523 58.301595
-0.233070 -0.474344 -80.059266
-0.000930 -0.001484 1.000000
0.410295 -1.770212 429.187624
0.109189 -1.221099 -285.118543
0.000196 -0.002901 1.000000
445.862121 -781.576513 635318.756480
420.613163 -861.956830 -276877.236603
1.156694 -1.777805 1.000000
-0.376641 -0.528655 448.209407
-0.459334 -0.421919 -59.736420
-0.001141 -0.001353 1.000000
-0.217842 -0.775892 214.042430
-0.156266 -0.895340 78.257043
-0.000530 -0.001966 1.000000
-0.058132 -1.176547 -474.589508
0.054296 -0.661049 -237.866280
-0.000341 -0.002079 1.000000
-0.099595 -1.124852 759.547288
0.059563 -0.425382 -329.158923
-0.000165 -0.002092 1.000000
1.437835 -2.112486 1817.109677
0.786142 -1.605492 -293.761687
0.002151 -0.004965 1.000000
-0.203438 -0.967288 715.735172
-0.105545 -0.669959 -59.792753
-0.000519 -0.002046 1.000000
9.348021 -16.622080 16999.276484
5.515273 -8.755429 -515.007811
0.014093 -0.021724 1.000000
-0.004348 -1.383388 673.673367
0.048880 -0.936847 7.725912
0.000042 -0.002542 1.000000
-0.887072 0.019071 -236.059079
-0.710169 0.048157 148.029613
-0.001961 -0.000280 1.000000
0.004040 -1.411061 622.440250
-0.007550 -1.340885 72.486396
-0.000138 -0.002842 1.000000
0.238051 -1.867258 1080.347977
0.209274 -1.394513 9.323726
0.000540 -0.003537 1.000000
-0.726004 -0.467702 224.637786
-0.358637 -0.241286 -316.792553
-0.001282 -0.001281 1.000000
0.109282 -1.441707 435.101792
0.057907 -0.958356 -216.559830
-0.000126 -0.002311 1.000000
-0.294191 -0.952613 665.031773
-0.178431 -0.774052 -141.000969
-0.000616 -0.001986 1.000000
-0.378644 -1.238350 543.354157
-0.126938 -0.983477 -131.879283
-0.000636 -0.002316 1.000000
-0.566551 -0.466663 777.687706
-0.265772 -0.063010 -306.542152
-0.001329 -0.000872 1.000000
-0.228420 -1.187614 609.057706
-0.111246 -0.542478 -123.716556
-0.000598 -0.001836 1.000000
-0.498476 -0.816465 242.383421
-0.331931 -0.436450 13.110398
-0.001003 -0.001541 1.000000
-0.494434 -0.933135 129.319706
-0.509093 -0.418667 -322.455401
-0.001201 -0.001415 1.000000
-0.214280 -0.895846 -308.201684
-0.005908 -0.526686 21.095157
-0.000482 -0.001828 1.000000
-0.481484 -0.272361 32.547651
-0.483107 -0.272773 -46.121696
-0.001258 -0.000999 1.000000
-0.132162 -0.969861 -277.357346
0.014999 -0.730932 192.079887
-0.000376 -0.002256 1.000000
-0.346140 -1.212343 778.873314
-0.038107 -0.593618 -19.748109
-0.000413 -0.001854 1.000000
-0.180099 -1.290194 -113.460029
-0.089444 -0.870216 -483.370173
-0.000316 -0.002343 1.000000
-0.775638 0.119923 -477.386117
-0.724956 0.124553 -258.230457
-0.002019 -0.000082 1.000000
0.437955 -2.440466 6.591134
0.626280 -2.048180 -347.953449
0.000854 -0.004395 1.000000
-0.435103 -0.738913 -261.028073
-0.259548 -0.507078 -305.018840
-0.000931 -0.001337 1.000000
-0.334326 -0.872378 -206.837492
-0.114817 -0.636306 -57.220558
-0.000821 -0.001846 1.000000
-0.485689 -0.622122 484.381645
-0.377766 -0.549889 -214.059748
-0.001050 -0.001358 1.000000
-159.757225 236.585654 187356.826652
-146.354509 230.869263 -9443.963367
-0.334997 0.416079 1.000000
-0.821912 -0.752568 990.384138
-0.593976 -0.365311 -386.640945
-0.001517 -0.001139 1.000000
-0.053908 -1.038354 -132.253652
0.057921 -0.818099 499.983243
-0.000215 -0.002604 1.000000
-1.555227 0.087561 113.181702
-0.997524 0.146413 -727.779395
-0.002655 0.000559 1.000000
0.009651 -1.259466 573.758088
0.043089 -0.912911 -154.167449
-0.000248 -0.002414 1.000000
-0.304404 -0.889838 319.305703
-0.193506 -0.738747 31.558476
-0.000515 -0.001923 1.000000
-0.315986 -0.704370 -189.632768
-0.167065 -0.517468 -176.232612
-0.000753 -0.001562 1.000000
-2.335704 2.512305 2892.585323
-1.687465 1.432770 -1560.403061
-0.005248 0.004421 1.000000
-0.633432 -0.992952 638.933049
-0.324667 -0.671479 -99.764779
-0.000933 -0.001632 1.000000
-0.539408 -1.186707 1277.938813
-0.174044 -0.614503 -792.538725
-0.000885 -0.001915 1.000000
-0.642218 -0.453684 1023.161834
-0.580324 -0.284284 -388.872307
-0.001468 -0.000926 1.000000
-0.861406 -0.400889 963.910317
-0.676113 -0.058510 -582.118008
-0.001958 -0.000834 1.000000
-0.707485 -0.855612 967.292461
-0.482560 -0.500848 -206.804595
-0.001133 -0.001280 1.000000
-0.710679 -0.717864 755.128527
-0.537604 -0.265171 -314.221414
-0.001320 -0.001040 1.000000
-0.185229 -0.656657 141.389993
-0.164522 -0.398616 -270.998053
-0.000589 -0.001768 1.000000
-0.229644 -1.131379 184.871545
-0.063930 -0.622276 -12.238452
-0.000523 -0.002052 1.000000
-0.408563 -0.825660 239.278477
-0.202006 -0.608341 -179.122423
-0.000807 -0.001600 1.000000
-0.222870 -1.441026 444.353288
-0.070028 -1.263003 -48.185595
-0.000478 -0.002392 1.000000
-0.547917 -0.511316 82.745242
-0.430947 -0.439163 -58.418843
-0.001166 -0.001295 1.000000
-0.706080 -1.175564 363.852884
-0.374027 -0.686989 -48.752033
-0.000982 -0.001604 1.000000
-0.414132 -1.600061 312.750466
-0.340175 -0.947147 164.993646
-0.000737 -0.002068 1.000000
-1.533350 0.569501 -2291.436510
-1.197335 0.412443 -299.371530
-0.003107 0.000761 1.000000
-0.181145 -1.418412 583.641957
-0.154168 -0.806514 -150.957690
-0.000550 -0.002073 1.000000
-0.937293 0.515758 1089.888410
-0.648278 0.479243 -1175.834334
-0.001929 0.000253 1.000000
-0.768431 -0.746740 148.977832
-0.354535 -0.186349 -633.035865
-0.001493 -0.001116 1.000000
-0.689623 -0.618837 -825.157530
-0.525310 -0.567931 -0.182165
-0.001323 -0.001187 1.000000
-0.710823 -0.728487 120.342325
-0.559304 -0.409893 -110.633075
-0.001277 -0.001346 1.000000
-0.695353 -0.860274 344.443627
-0.424168 -0.498414 -20.610473
-0.001096 -0.001348 1.000000
-0.986250 -0.354586 988.719224
-0.675035 -0.215276 -291.308521
-0.001799 -0.000526 1.000000
-0.302747 -0.745388 234.759814
-0.370486 -0.822406 -37.781334
-0.000826 -0.001616 1.000000
-0.048805 -1.175821 469.760480
-0.162277 -1.038416 67.958399
-0.000522 -0.002132 1.000000
-1.990190 0.952624 866.434963
-1.643618 0.771847 -534.513183
-0.003467 0.001355 1.000000
-0.082669 -1.413893 371.941029
-0.073021 -1.249390 6.055505
-0.000257 -0.002627 1.000000
-0.430010 -0.983111 514.573723
-0.235767 -0.727446 -295.408169
-0.000741 -0.001696 1.000000
-0.359066 -0.870949 1393.664578
-0.259383 -1.000935 -137.131603
-0.000735 -0.001936 1.000000
-0.423539 -0.765653 233.952345
-0.351235 -0.527752 37.547021
-0.000942 -0.001507 1.000000
-0.086481 -1.261862 236.115900
-0.096473 -1.313386 141.527072
-0.000279 -0.002493 1.000000
0.255846 -1.483005 -232.924416
0.191281 -1.322617 260.551807
0.000341 -0.002760 1.000000
-0.138271 -1.344915 174.425102
-0.118585 -1.265195 258.600726
-0.000270 -0.002423 1.000000
-0.375659 -1.414868 252.774319
-0.169787 -0.876959 -302.515588
-0.000590 -0.002207 1.000000
-0.078248 -0.907803 -295.550548
-0.027333 -0.607361 27.447864
-0.000360 -0.002175 1.000000
-5.184666 6.351149 6186.686158
-3.577364 3.819938 1961.487615
-0.010080 0.010187 1.000000
-0.917172 -0.431309 1374.730107
-0.669448 0.053589 -266.205760
-0.002275 -0.000099 1.000000
0.272409 -1.579752 936.735747
0.166805 -0.900012 -392.207337
0.000290 -0.002690 1.000000
-0.049129 -1.100073 114.645570
-0.003631 -0.804253 -72.680957
-0.000377 -0.002224 1.000000
-0.168595 -1.119790 -75.078906
0.048938 -0.864589 272.282257
-0.000202 -0.002309 1.000000
-2.814488 2.967979 2346.876392
-2.716747 2.647778 -322.841700
-0.004976 0.003955 1.000000
-0.465310 -0.920917 -27.461741
-0.208590 -0.491933 -122.363420
-0.000827 -0.001483 1.000000
-1.084205 -0.251985 298.489787
-0.708134 0.121441 -474.678064
-0.002099 -0.000172 1.000000
-0.162569 -1.191763 -60.008142
0.135326 -0.883298 -294.040036
-0.000131 -0.002585 1.000000
-0.461311 -0.538233 200.280356
-0.357529 -0.322172 -55.267893
-0.001177 -0.000969 1.000000
-1.671186 0.689839 -1172.544163
-1.261059 0.837284 -383.977039
-0.003356 0.001585 1.000000
-0.500659 -0.385251 105.351456
-0.490485 -0.170383 -165.277901
-0.001347 -0.000831 1.000000
-0.252716 -1.496058 -61.087152
0.107044 -0.999289 -355.200342
-0.000342 -0.002594 1.000000
-0.710658 -0.677948 1216.819708
-0.721874 -0.245316 -477.048898
-0.001618 -0.000881 1.000000
-0.110352 -1.992216 1379.084528
0.095489 -1.311599 -529.397888
0.000033 -0.002950 1.000000
2.067628 -4.082827 3868.116680
1.710613 -3.715229 27.495216
0.003975 -0.008172 1.000000
-1.101782 0.130392 771.524406
-1.111978 0.018275 -39.468790
-0.002343 -0.000009 1.000000
0.212722 -1.442909 -662.630423
0.084330 -1.190914 -347.688603
0.000122 -0.002832 1.000000
0.106449 -1.372291 -19.666542
0.040154 -0.995125 9.524684
0.000008 -0.002705 1.000000
-0.531692 -0.942142 1074.396324
-0.208478 -0.517660 -94.484058
-0.000915 -0.001381 1.000000
-0.310671 -1.089168 758.836800
-0.180611 -0.628825 -227.243204
-0.000775 -0.001946 1.000000
-0.770693 -0.906909 784.670080
-0.588422 -0.315927 -568.460869
-0.001690 -0.001009 1.000000
0.573037 -2.444567 713.801770
0.419074 -1.984794 -794.260374
0.000691 -0.003904 1.000000
-0.649126 -0.491729 -253.651804
-0.603465 -0.527205 -184.248756
-0.001358 -0.001239 1.000000
-1.645739 0.706973 2689.857385
-1.864634 1.470139 -661.752958
-0.004179 0.002721 1.000000
-0.476158 -0.831465 908.200814
-0.276118 -0.519205 -81.332204
-0.000992 -0.001545 1.000000
-0.537721 -0.616407 617.401919
-0.364524 -0.532870 -8.132064
-0.000958 -0.001425 1.000000
-0.742200 -0.095128 960.276561
-0.615311 0.154819 -357.464221
-0.002135 -0.000085 1.000000
-0.715369 -0.603987 661.035833
-0.471593 -0.472967 -83.486693
-0.001293 -0.001198 1.000000
-0.617434 -0.789469 1101.487583
-0.368771 -0.223101 -17.418028
-0.001199 -0.001116 1.000000
-1.167489 -0.321601 1652.668986
-0.604110 0.025738 -1322.592178
-0.002055 -0.000360 1.000000
-0.220244 -1.185270 -939.637774
-0.185134 -0.659390 101.073730
-0.000538 -0.001846 1.000000
-0.242179 -1.047651 752.506827
-0.164734 -0.665617 -157.207806
-0.000519 -0.001968 1.000000
-0.358585 -1.472363 904.715257
-0.020894 -0.552470 -385.213228
-0.000351 -0.002054 1.000000
0.277855 -1.991671 647.249760
0.208616 -1.353607 -676.842691
0.000263 -0.003370 1.000000
-0.071482 -1.843857 317.015100
0.127832 -1.524930 -133.213703
-0.000167 -0.003066 1.000000
-0.212906 -1.173122 723.664372
-0.085057 -0.714821 -497.673437
-0.000440 -0.002439 1.000000
-0.240162 -0.553334 -16.746874
-0.167049 -0.664022 -16.808692
-0.000725 -0.001575 1.000000
-0.545819 -0.718289 274.236007
-0.449087 -0.576940 -228.811735
-0.001223 -0.001202 1.000000
-0.411613 -0.934126 705.122867
-0.264080 -0.543728 -289.691014
-0.000797 -0.001524 1.000000
-0.063086 -1.580807 571.760978
0.102775 -1.033435 -301.602725
-0.000061 -0.002759 1.000000
0.011369 -2.025660 923.328291
0.120841 -1.040882 -218.951148
0.000386 -0.003364 1.000000
-0.596744 -1.094309 848.057157
-0.226541 -0.520106 -180.719378
-0.000781 -0.001868 1.000000
-0.226715 -1.426891 695.500073
0.024698 -0.913441 -50.922826
-0.000241 -0.002549 1.000000
-1.135132 -0.599096 1029.296509
-0.317432 0.086992 -423.118757
-0.001634 -0.000648 1.000000
1.466374 -3.974159 1504.757241
1.094268 -2.849599 -2314.605730
0.003930 -0.007184 1.000000
-0.439785 -1.372331 1190.629355
-0.123087 -0.759731 -36.098612
-0.000441 -0.002129 1.000000
-0.577872 -1.064408 1013.511415
-0.170043 -0.436057 -90.338515
-0.000817 -0.001758 1.000000
-0.627551 -0.686290 667.782001
-0.567757 -0.342578 -236.182499
-0.001543 -0.000951 1.000000
-0.192832 -0.808347 503.128100
-0.124360 -0.594945 -96.787125
-0.000591 -0.001707 1.000000
-2.375138 1.294179 -3436.224520
-1.355186 0.935380 -154.977677
-0.004806 0.002875 1.000000
-7.779176 11.022874 5497.888363
-4.526086 6.312838 -1129.161658
-0.014666 0.017185 1.000000
0.606807 -0.191042 156.826852
-0.090422 0.706112 94.046168
-0.000199 -0.000350 1.000000
-0.289075 -3.940069 1117.783661
1.374925 -5.244353 199.781918
0.002262 -0.009111 1.000000
-0.663793 -0.965290 477.086099
-0.117275 -0.911162 191.440023
-0.000560 -0.002306 1.000000
-2.469041 0.732085 455.794632
-0.715413 -0.278137 519.818739
-0.002891 0.000085 1.000000
1.000000 -0.000000 0.000000
-0.000000 1.000000 0.000000
-0.000000 -0.000000 1.000000
-0.298324 -0.916104 -28.972268
-0.004951 -0.747058 -91.719711
-0.000412 -0.002147 1.000000
-0.346956 -1.172644 162.547626
-0.134446 -0.667042 68.823352
-0.000581 -0.001921 1.000000
-0.398178 -0.771509 1096.516675
-0.297333 -0.666034 26.081418
-0.000871 -0.001659 1.000000
-0.808678 -0.797638 967.673125
-0.542784 -0.489231 -231.811245
-0.001351 -0.001136 1.000000
-0.531539 -0.437681 182.018813
-0.311835 -0.370259 156.192319
-0.001033 -0.001304 1.000000
0.718382 -0.016948 35.409300
-0.106875 0.961159 -6.114267
-0.000301 0.000069 1.000000
0.740970 -0.171942 150.010918
0.006425 0.770004 5.013370
-0.000047 -0.000337 1.000000
1.111984 -0.517314 195.478352
0.251864 0.385425 37.493723
0.000670 -0.000965 1.000000
4.252086 1.209701 -684.335309
1.116293 2.768641 -336.226865
0.002901 0.001353 1.000000
-0.539728 -0.349755 63.380830
-0.402287 -0.166702 107.733910
-0.001445 -0.000675 1.000000
0.684020 0.291713 45.178951
-0.297297 1.361402 -14.276359
-0.000558 0.000627 1.000000
0.095632 -0.766994 314.799253
-0.026596 -0.296317 33.396260
-0.000176 -0.001726 1.000000
-0.227432 -0.970988 421.552529
-0.138582 -0.636436 160.434346
-0.000464 -0.001933 1.000000
-0.508623 -1.069371 467.916343
-0.238673 -0.792899 217.626827
-0.000731 -0.001973 1.000000
-0.772573 -0.327135 443.365386
-0.435690 -0.199698 -141.545226
-0.001340 -0.000882 1.000000
0.236769 -1.800834 588.303802
0.166532 -1.112687 -237.716124
0.000016 -0.002979 1.000000
-0.433791 -0.682553 352.302364
-0.329571 -0.561908 -152.594017
-0.000981 -0.001485 1.000000
-0.138823 -1.124509 342.840289
-0.086026 -0.995709 26.430361
-0.000313 -0.002406 1.000000
-0.137329 -0.908539 308.428634
-0.170377 -0.607144 105.965928
-0.000449 -0.001816 1.000000
-0.047410 -0.938489 275.191317
-0.055980 -0.864474 66.823840
-0.000357 -0.002261 1.000000
0.075369 -1.433324 479.899653
-0.065372 -0.983749 -76.928506
-0.000181 -0.002615 1.000000
-2.972092 1.705562 -2866.954229
-1.775720 0.174062 824.632345
-0.005186 0.002839 1.000000
-0.777953 -0.546794 287.218942
-0.503120 -0.299608 -43.642404
-0.001317 -0.000858 1.000000
0.074248 -1.077275 274.962542
0.237416 -0.874937 -43.393764
-0.000029 -0.002483 1.000000
0.030135 -0.959039 329.366004
0.037123 -0.522856 -4.789659
-0.000207 -0.001938 1.000000
-0.009207 -1.011950 335.865497
0.114762 -0.559983 -95.213254
0.000051 -0.002189 1.000000
-0.804279 0.918321 1091.878778
-1.755199 0.602819 430.729758
-0.004479 0.002388 1.000000
0.252634 -1.838151 103.047478
-0.049879 -1.282851 131.258536
0.000341 -0.003121 1.000000
1.536001 -4.770399 -287.791486
1.512895 -2.798000 -599.573200
0.004128 -0.007634 1.000000
-0.830177 -0.506891 2099.671887
-0.454620 -0.428708 -116.859912
-0.001416 -0.000572 1.000000
-0.379479 -0.998768 -481.750372
-0.277123 -0.683697 274.675844
-0.000725 -0.001701 1.000000
-0.107454 -1.000107 279.352236
-0.162619 -0.602154 69.008708
-0.000447 -0.001828 1.000000
-0.807339 -0.463392 -30.498252
-0.450197 -0.255360 857.658421
-0.001451 -0.000694 1.000000
-0.321358 -1.036388 1316.342498
-0.296556 -0.633199 254.261793
-0.000712 -0.001540 1.000000
-0.178884 -1.662860 514.262368
0.127493 -1.063713 -321.352181
-0.000124 -0.002693 1.000000
0.291094 -2.148241 -26.777475
0.341085 -1.275743 -260.065242
0.000838 -0.003707 1.000000
-0.103315 -1.469368 733.783574
0.046837 -0.738261 -234.283260
0.000015 -0.002415 1.000000
-0.373029 -1.230628 1016.052890
-0.112733 -0.573766 -6.006763
-0.000649 -0.001786 1.000000
0.829298 -2.875088 -18.236365
0.466743 -1.834668 -455.450875
0.001276 -0.004516 1.000000
0.314768 -2.324568 616.925071
0.113389 -1.084012 -92.154040
0.000170 -0.003095 1.000000
-0.617311 -0.875387 971.188451
-0.297302 -0.346714 2.017214
-0.000982 -0.001291 1.000000
-0.862274 -0.478415 1653.556065
-0.902579 -0.036424 -26.089507
-0.002222 -0.000275 1.000000
-4.979738 7.447238 1526.361685
-4.111185 4.695990 6582.590080
-0.010562 0.011639 1.000000
4.238373 -7.905676 5790.682969
2.423697 -5.271161 -188.568296
0.006874 -0.012093 1.000000
0.452616 -2.120170 663.981033
0.368773 -1.520101 -593.580131
0.000770 -0.003547 1.000000
0.347537 -2.120124 -1088.154848
0.145458 -1.371552 -255.451264
0.000447 -0.003511 1.000000
-0.114620 -1.466161 880.570133
-0.016426 -0.788436 54.668110
-0.000036 -0.002163 1.000000
-0.471612 -1.144433 955.379551
-0.031696 -0.618666 -15.975779
-0.000510 -0.001796 1.000000
0.492476 -2.133295 495.217837
0.400502 -1.099946 -317.796265
0.000836 -0.003533 1.000000
0.295419 -1.767016 1407.895166
0.079578 -0.747672 136.004875
0.000381 -0.002793 1.000000
0.972459 -3.846177 22.946249
0.674566 -2.256054 146.514091
0.001098 -0.004789 1.000000
38.345123 -72.740649 -35727.033779
33.059732 -46.083433 6907.159969
0.079812 -0.107409 1.000000
0.125030 -1.766269 625.380190
0.083619 -1.191530 -121.993398
-0.000025 -0.002921 1.000000
1.892001 -4.136593 2377.181507
1.185730 -3.141295 -967.485091
0.002693 -0.006743 1.000000
2.087596 -4.987451 -1981.067971
2.837269 -4.393990 -564.709624
0.005713 -0.009983 1.000000
1.429561 -3.058707 -32.734808
0.563592 -1.517065 -858.651183
0.002339 -0.005375 1.000000
-0.979155 0.149029 79.462753
-0.382427 -0.007177 6.433876
-0.001751 -0.000382 1.000000
-0.447640 -0.997482 841.708046
-0.038430 -0.612342 30.165325
-0.000503 -0.002046 1.000000
-0.055880 -1.416696 542.700923
-0.029450 -0.850075 -271.951141
-0.000042 -0.002443 1.000000
-0.565559 -0.580623 -28.452654
-0.399340 -0.357927 -202.577356
-0.001250 -0.001239 1.000000
-0.463957 -0.603200 929.859644
-0.442761 -0.522674 75.534883
-0.001388 -0.001048 1.000000
-0.928062 0.416944 1437.484489
-1.542338 0.448809 150.018312
-0.004142 0.001252 1.000000
-0.047108 -1.269478 299.127376
-0.054092 -0.879797 -63.392159
-0.000312 -0.002478 1.000000
-0.033687 -1.018442 452.147245
-0.095306 -0.801987 65.509913
-0.000408 -0.002226 1.000000
-0.310940 -0.914704 806.101700
-0.364979 -0.625965 42.613908
-0.000971 -0.001682 1.000000
-0.719272 -0.659083 1077.958699
-0.557152 -0.294562 -33.070920
-0.001471 -0.000812 1.000000
0.227641 -1.482328 518.645397
0.166882 -0.970706 -248.946011
0.000561 -0.003168 1.000000
-0.320238 -1.035593 617.038139
-0.200551 -0.867467 -344.723582
-0.000539 -0.002346 1.000000
1.436971 -3.925969 315.331490
0.483535 -1.841791 -884.625276
0.002773 -0.005977 1.000000
-0.018984 -1.364729 105.515790
0.047493 -0.982650 -432.740897
0.000148 -0.002927 1.000000
0.260478 -1.265235 2283.516677
0.216585 -0.973365 528.891901
0.000316 -0.002386 1.000000
-0.319393 -1.198765 817.958951
-0.068123 -0.637504 -109.152553
-0.000396 -0.002106 1.000000
0.131985 -1.879005 1403.576724
0.150104 -1.553333 -492.679614
0.000482 -0.003464 1.000000
0.081403 -1.867938 802.166077
0.067384 -1.017687 -299.600588
0.000083 -0.002787 1.000000
-2.044432 0.903953 2105.117584
-0.652396 0.253088 -1022.873973
-0.003153 0.000891 1.000000
-0.312980 -0.892140 821.994663
-0.284433 -0.632821 -25.700618
-0.000770 -0.001836 1.000000
-0.199099 -1.159161 667.885322
-0.039165 -0.865425 -189.132229
-0.000359 -0.002288 1.000000
-0.410732 -1.177575 596.928080
-0.103879 -0.626620 -47.939014
-0.000613 -0.002013 1.000000
0.413735 -1.685812 1691.286955
0.581769 -1.777665 -492.476957
0.001107 -0.004530 1.000000
-0.143623 -0.904547 573.231151
-0.060043 -0.634475 -58.205158
-0.000297 -0.002119 1.000000
-0.748610 -0.420240 442.126428
-0.486496 -0.377607 -150.137600
-0.001332 -0.001171 1.000000
-0.346855 -0.937671 669.749743
-0.133612 -0.392199 -144.339618
-0.000678 -0.001738 1.000000
-0.100354 -0.964893 497.920251
0.392847 -1.341567 -166.224924
0.000192 -0.003057 1.000000
-0.126233 -0.945744 415.865188
0.039544 -1.141667 8.324341
-0.000212 -0.002479 1.000000
-0.285560 -1.095253 573.997433
0.001415 -0.700768 -80.423549
-0.000375 -0.002166 1.000000
-0.331827 -0.731692 287.113803
-0.176605 -0.614951 -134.727260
-0.000664 -0.001875 1.000000
-0.524968 -0.421208 691.624141
-0.557911 -0.334798 -105.566409
-0.001322 -0.001041 1.000000
-0.306384 -0.984437 685.913809
-0.255930 -0.986687 -63.992707
-0.000851 -0.002065 1.000000
-0.521303 -0.193339 241.911776
-0.557589 -0.373460 -37.730196
-0.001413 -0.001159 1.000000
-0.294031 -0.792588 537.640620
-0.205791 -0.696535 -35.863808
-0.000655 -0.001751 1.000000
0.084032 -1.924608 1236.539239
0.080599 -0.803135 102.245093
0.000189 -0.002503 1.000000
0.098539 -1.569719 837.472582
0.000930 -0.588770 -121.642226
-0.000002 -0.002475 1.000000
-0.207881 -1.367644 729.467652
0.020343 -0.669100 -12.909109
-0.000209 -0.002424 1.000000
-2.955584 2.636100 -1558.124439
-2.072962 2.258564 -1376.288025
-0.005121 0.004695 1.000000
-0.469970 -0.857808 962.490080
-0.121326 -0.505228 -557.830374
-0.000643 -0.001817 1.000000
-0.516305 -1.060531 1398.652890
-0.180189 -0.516324 -498.524338
-0.000845 -0.001820 1.000000
-0.412021 -1.643302 523.436361
-0.269974 -1.426400 191.978471
-0.000630 -0.002459 1.000000
-0.414822 -0.662592 374.587936
-0.392929 -0.719363 -185.044821
-0.001100 -0.001542 1.000000
-0.599164 -0.289160 1350.584155
-0.732286 -0.209395 -199.048063
-0.001625 -0.000709 1.000000
-0.806850 -0.552865 241.305582
-0.810972 -0.464443 -48.221722
-0.001709 -0.001096 1.000000
-0.618319 -0.830682 623.844368
-0.642883 -0.538412 30.199831
-0.001382 -0.001337 1.000000
-0.586550 -0.548059 64.670386
-0.148514 -0.305255 -373.976353
-0.001198 -0.001364 1.000000
-0.113870 -1.164795 412.839913
-0.142203 -0.507185 70.811913
-0.000484 -0.001802 1.000000
-0.585340 -0.571182 291.619864
-0.406038 -0.362016 -316.020960
-0.001149 -0.001178 1.000000
-0.585268 -1.136229 806.149912
-0.222601 -0.412325 11.734221
-0.000822 -0.001474 1.000000
-0.625289 -0.738807 815.456473
-0.473088 -0.276523 -29.825398
-0.001230 -0.001094 1.000000
1.460518 -3.454238 2034.271675
1.228856 -2.864885 -562.365392
0.002541 -0.006841 1.000000
0.044115 -1.287741 303.393266
-0.016965 -0.850246 -68.512073
-0.000227 -0.002366 1.000000
-0.381631 -0.734638 243.047025
-0.280642 -0.435654 -92.754463
-0.000757 -0.001481 1.000000
0.216008 -1.826217 375.360563
0.079796 -1.092931 -59.692208
0.000185 -0.003199 1.000000
-0.157606 -1.176333 454.700122
-0.171014 -0.851690 184.903771
-0.000334 -0.002245 1.000000
-0.135836 -1.026324 166.840652
-0.053575 -0.695479 -0.242845
-0.000375 -0.002121 1.000000
0.356873 -2.537554 3152.400806
0.543333 -2.070000 -392.550469
0.001119 -0.004565 1.000000
-0.164281 -1.154326 575.459401
-0.077353 -0.688943 -100.056670
-0.000350 -0.001950 1.000000
-0.075750 -1.098063 238.578583
0.018240 -0.783281 -75.928271
-0.000119 -0.002367 1.000000
-0.116578 -1.212349 412.346931
-0.008364 -0.742099 58.592186
-0.000240 -0.002168 1.000000
0.064844 -1.306458 342.044526
0.171072 -1.275507 -203.645604
0.000132 -0.002848 1.000000
