-0.228896 -0.993748 -588.693245
-0.106958 -0.808280 -87.398373
-0.000442 -0.002084 1.000000
-0.064644 -1.097728 650.967252
-0.069797 -1.154654 280.691159
-0.000341 -0.003521 1.000000
-0.144705 -1.134283 153.486947
-0.074752 -0.749685 -33.683128
-0.000347 -0.001997 1.000000
-0.385460 -1.221545 807.502927
-0.237256 -0.856132 -8.075399
-0.000638 -0.002250 1.000000
-0.887308 -0.294166 1400.505005
-0.700715 -0.488629 212.457005
-0.001435 -0.000694 1.000000
-0.053228 -0.836653 999.834241
-0.244568 -1.176339 -177.041111
-0.000603 -0.002380 1.000000
-0.099676 -1.010728 647.273698
-0.090322 -1.111728 -88.292271
-0.000234 -0.002206 1.000000
4.257074 -5.813125 -984.504212
4.675985 -7.899553 -3814.034751
0.011488 -0.018999 1.000000
1.223572 -3.690098 4455.492342
0.630676 -2.328262 100.956767
0.002271 -0.006281 1.000000
0.055260 -1.452086 650.251491
-0.103991 -1.451094 -91.819058
-0.000305 -0.002562 1.000000
0.052173 -1.253187 -479.669395
-0.129561 -1.352204 -333.442871
-0.000102 -0.002621 1.000000
-0.001663 -1.518128 142.402706
0.001653 -1.228540 -194.327172
0.000256 -0.003054 1.000000
-0.787996 0.004200 -422.857019
-0.520789 0.250663 -124.779778
-0.001748 0.000162 1.000000
0.087648 -1.382305 219.591313
0.209239 -0.899081 -601.368913
-0.000023 -0.002554 1.000000
0.011167 -0.805805 786.400238
0.040965 -1.172638 277.968623
-0.000025 -0.002136 1.000000
-0.371250 -0.654429 796.107090
-0.199848 -0.739938 209.114295
-0.000636 -0.001683 1.000000
0.512340 -1.116835 1030.398378
0.370321 -1.436901 70.618957
0.000579 -0.003051 1.000000
0.260015 -1.833719 0.111594
0.073409 -1.301929 -193.678431
0.000125 -0.002771 1.000000
-0.002760 -1.508501 222.685380
-0.146375 -0.903833 118.922277
-0.000263 -0.002244 1.000000
-0.378531 -1.310151 762.048217
-0.248839 -1.131329 -17.794928
-0.000509 -0.002220 1.000000
-0.255709 -1.180152 401.149887
-0.238736 -1.103227 195.195029
-0.000627 -0.001991 1.000000
-0.980062 -0.438212 1054.601889
-0.685191 -0.303352 -92.789539
-0.001589 -0.000650 1.000000
-0.585397 -0.712237 944.407992
-0.361913 -0.444811 42.558100
-0.000829 -0.001339 1.000000
-0.644172 -0.483875 287.502379
-0.512478 -0.363075 -353.145622
-0.001343 -0.000933 1.000000
-0.227097 -0.939804 637.720455
-0.228173 -1.124216 -212.328503
-0.000568 -0.002324 1.000000
-0.276602 -1.337766 573.877966
-0.271226 -1.305231 165.798722
-0.000452 -0.002336 1.000000
-0.711825 -0.661165 730.695012
-0.821229 -0.740641 127.221038
-0.001341 -0.001129 1.000000
-0.359910 -1.342461 851.693472
-0.245939 -1.508550 75.141549
-0.000303 -0.002976 1.000000
-0.189150 -1.123244 562.124913
-0.201566 -0.890496 -141.410341
-0.000467 -0.002005 1.000000
-0.228489 -0.731641 652.796797
-0.224260 -1.010571 296.074183
-0.000496 -0.001860 1.000000
2.232677 -5.183832 2370.391169
1.899266 -4.626619 -1575.428056
0.003583 -0.009526 1.000000
-1.300316 0.557361 1028.348968
-1.100564 0.006555 2401.668590
-0.002519 0.001045 1.000000
-0.237100 -0.730873 847.674751
-0.112895 -0.975771 176.414780
-0.000278 -0.002069 1.000000
0.149984 -1.348278 600.349069
0.030921 -1.111119 -222.568550
0.000020 -0.002605 1.000000
-0.132836 -0.962076 461.580168
-0.102207 -0.994466 64.900070
-0.000288 -0.002175 1.000000
0.149015 -0.963806 783.503862
0.222648 -1.017050 67.071672
0.000229 -0.002617 1.000000
-25.118954 38.686844 -20447.374872
-17.119147 21.559677 14632.292320
-0.039721 0.062666 1.000000
0.341136 -1.379340 -3752.403634
0.245171 -0.705215 1591.404933
0.000383 -0.002792 1.000000
0.380503 -1.875232 2733.482866
0.329981 -1.012538 151.147597
0.000456 -0.003463 1.000000
0.028730 -1.457503 1342.956185
0.114758 -0.992239 -386.477186
0.000014 -0.002556 1.000000
0.584144 -2.121968 2060.778711
0.424124 -1.265781 -421.777997
0.001493 -0.004347 1.000000
2.174502 -5.767850 -2981.803464
1.489016 -3.652279 -1793.954956
0.003531 -0.008280 1.000000
1.157553 -3.251708 7051.299037
1.861786 -3.089947 -1015.431789
0.003922 -0.008910 1.000000
-0.039760 -1.220920 990.290495
0.179371 -1.523896 -132.129680
0.000201 -0.003045 1.000000
0.001642 -1.285935 -176.414613
0.250779 -0.704960 -592.565460
0.000021 -0.002367 1.000000
1.134831 -4.241048 3742.450869
1.298059 -2.479523 2626.132651
0.002912 -0.006235 1.000000
0.323306 -1.377323 1066.386501
0.779902 -2.317006 255.798311
0.001220 -0.004210 1.000000
-0.181023 -1.143027 1316.161130
-0.071460 -0.736181 64.722692
-0.000212 -0.002104 1.000000
-0.034768 -0.961380 1092.215805
-0.059430 -0.906566 655.408047
-0.000153 -0.002286 1.000000
55.768291 -85.115007 147128.893982
62.271783 -74.724983 34348.846836
0.148008 -0.203380 1.000000
-0.027282 -0.961921 1095.744734
-0.010266 -1.062567 347.266976
0.000082 -0.002991 1.000000
0.222730 -1.298430 1450.934161
0.068370 -1.105766 323.588186
0.000402 -0.002989 1.000000
-0.100367 -1.346528 1400.174624
0.098207 -1.084788 -764.903445
0.000059 -0.002855 1.000000
0.132628 -1.516269 -1476.722189
0.334708 -1.375245 -2047.661310
0.000601 -0.003252 1.000000
-0.471111 -0.823809 146.861744
-0.201621 -0.601656 43.481890
-0.000633 -0.001477 1.000000
3.755437 -9.551728 3700.182897
2.199208 -7.209559 -9602.373014
0.005944 -0.014201 1.000000
0.182353 -1.157058 1936.412679
0.325434 -1.276083 -621.439060
0.000623 -0.003758 1.000000
0.977143 -2.768516 201.022290
0.583713 -2.071789 -900.629615
0.001382 -0.004863 1.000000
-0.096974 -0.854488 1162.356542
0.163821 -1.429627 228.378116
0.000092 -0.002909 1.000000
0.394953 -0.931418 918.566635
0.247560 -1.705099 334.903628
0.000658 -0.003100 1.000000
-0.511194 -0.347765 2079.160503
-0.454465 -0.371058 -1090.999790
-0.001251 -0.000932 1.000000
-1.269261 1.137803 -1201.879608
-1.505149 0.922267 -35.146581
-0.003303 0.002463 1.000000
-0.123902 -1.009211 -735.740845
0.097946 -0.498055 169.329031
-0.000162 -0.002011 1.000000
0.476503 -0.888978 1000.054341
0.394584 -1.241643 348.405090
0.000715 -0.003177 1.000000
-0.529687 -0.268178 -61.064010
-0.328772 -0.027235 -231.883178
-0.001441 -0.000285 1.000000
-1.912134 0.873620 5141.015646
-1.783258 1.374748 -413.196010
-0.004174 0.002513 1.000000
-0.478167 -0.327680 245.915772
-0.551477 -0.369108 83.612341
-0.001221 -0.000786 1.000000
-0.068016 -1.154556 -2881.147366
-0.090921 -0.772630 -1744.605098
-0.000411 -0.002210 1.000000
-0.175662 -0.410742 1109.427796
-0.344797 -0.482278 -291.545667
-0.000986 -0.001173 1.000000
0.131302 -1.091649 1627.473428
0.087735 -1.185555 72.498561
0.000303 -0.002897 1.000000
0.505356 -1.776253 318.700483
0.360602 -1.407260 -148.744574
0.000710 -0.003082 1.000000
-0.976831 -0.066493 -1098.324395
-0.869785 0.037479 679.995656
-0.002107 0.000206 1.000000
-0.060016 -1.456922 -794.315389
0.108409 -0.776760 -421.966181
-0.000120 -0.002567 1.000000
-2.040465 0.628742 5584.168697
-1.492735 0.821980 1177.371345
-0.004068 0.002328 1.000000
0.170914 -1.427614 950.483446
-0.144573 -0.888394 -45.277295
-0.000093 -0.002547 1.000000
1.499454 -2.525131 2577.656092
1.245476 -1.787665 2327.492116
0.002230 -0.004942 1.000000
-0.197112 -1.032022 101.040601
-0.254927 -0.823228 -191.188019
-0.000466 -0.001845 1.000000
-0.112730 -1.113243 112.816074
-0.018932 -0.803592 -32.027521
-0.000001 -0.002429 1.000000
0.049748 -1.294389 -52.199405
0.029617 -0.820529 -296.600477
-0.000123 -0.002344 1.000000
2.271426 -5.625984 577.400994
1.966257 -6.041781 -2536.298423
0.004577 -0.011023 1.000000
-0.228444 -1.596048 318.350639
-0.104118 -1.224972 316.175884
-0.000288 -0.002257 1.000000
0.142857 -2.938506 600.186192
0.459566 -4.119828 256.366622
0.001002 -0.006311 1.000000
-0.320051 -1.416016 215.733225
-0.195153 -1.120349 35.940701
-0.000468 -0.002089 1.000000
1.590656 -2.964554 1734.217518
1.453372 -4.071175 -488.759351
0.004168 -0.009071 1.000000
-0.104938 -2.151594 478.605021
-0.048696 -1.595992 -332.839118
0.000230 -0.003532 1.000000
-0.413590 -1.400169 124.173117
-0.258779 -0.983203 186.160435
-0.000575 -0.002117 1.000000
-0.739445 -0.258918 -2105.987892
-0.622830 -0.278368 2174.045359
-0.001530 -0.000569 1.000000
-2.242096 0.471564 -762.161076
-1.772551 1.004266 1872.875565
-0.003343 0.001589 1.000000
0.050254 -1.198331 709.966031
0.068388 -0.765331 -52.336300
0.000245 -0.002453 1.000000
0.198411 -1.847741 84.029487
0.259532 -1.542263 -860.021020
0.000396 -0.003214 1.000000
-0.246385 -0.665057 578.449788
-0.331223 -0.786014 326.526921
-0.000578 -0.001474 1.000000
-0.270471 -1.169257 62.462025
-0.027097 -0.852435 39.469224
-0.000081 -0.002081 1.000000
1.419897 -3.715154 401.233743
1.194057 -3.192711 -200.826742
0.002324 -0.005681 1.000000
0.638635 -2.807581 -69.357166
0.367442 -1.660475 -564.153595
0.000995 -0.004295 1.000000
0.777527 -2.772307 664.027414
0.184204 -2.026886 -279.929987
0.000930 -0.004496 1.000000
-0.899567 -0.018215 1249.461823
-0.732830 -0.225041 222.329382
-0.001592 -0.000246 1.000000
0.677326 -2.143234 426.515330
0.373679 -1.809150 -509.247027
0.000756 -0.003676 1.000000
0.460354 -2.326067 28.125561
0.302476 -1.498351 -954.456216
0.000657 -0.003601 1.000000
9.955819 -13.582547 -17348.897615
9.842215 -12.602480 -26815.507879
0.019787 -0.028029 1.000000
-0.883294 -0.462874 -292.260588
-0.810989 -0.283826 623.015113
-0.001611 -0.000701 1.000000
-0.279824 -1.674844 -44.804519
-0.146059 -1.381445 344.192237
-0.000203 -0.002568 1.000000
-0.257879 -1.217001 334.245030
-0.293340 -1.332748 259.060846
-0.000445 -0.002225 1.000000
-0.387606 -0.875846 123.855619
-0.262313 -0.805020 242.887909
-0.000666 -0.001606 1.000000
0.005973 -0.947877 640.270446
-0.028434 -1.228909 234.129544
-0.000172 -0.002164 1.000000
-0.402421 -1.124416 339.777457
-0.436238 -1.032775 348.266657
-0.000823 -0.001701 1.000000
-100.724964 140.188003 -77223.717975
-104.363433 135.675344 54965.741179
-0.201332 0.284146 1.000000
-0.392778 -1.199320 192.265163
-0.255435 -0.751674 431.031295
-0.000607 -0.001966 1.000000
-0.558255 -0.784155 449.607630
-0.540691 -0.845623 237.269631
-0.000956 -0.001379 1.000000
-0.306490 -0.795889 612.762966
-0.389510 -0.850585 106.041979
-0.000692 -0.001625 1.000000
0.950548 -2.861328 -521.162658
0.663940 -2.387316 -265.566832
0.001347 -0.004583 1.000000
-0.202118 -1.116100 337.246801
-0.098306 -0.742181 -76.018022
-0.000237 -0.002150 1.000000
0.122545 -1.488396 65.954401
0.108956 -1.812901 89.026718
0.000375 -0.003467 1.000000
-0.296311 -1.657223 -145.122595
0.002832 -0.783704 119.484834
-0.000250 -0.002801 1.000000
0.711507 -1.938167 1520.918680
0.410561 -1.303358 -724.632663
0.000859 -0.003581 1.000000
0.384207 -1.651809 1352.471750
0.363301 -1.412288 -290.800960
0.001027 -0.003957 1.000000
-0.522732 -0.429619 270.164518
-0.533403 -0.576661 76.643157
-0.001141 -0.001133 1.000000
-0.405057 -0.757327 203.664057
-0.473172 -0.826012 638.552457
-0.000817 -0.001350 1.000000
-0.300714 -1.119263 534.643202
-0.275878 -0.916516 85.704991
-0.000633 -0.001863 1.000000
-0.745348 -0.563681 -340.994521
-0.492071 -0.297509 189.456811
-0.001353 -0.000787 1.000000
0.597084 -1.877527 -116.564882
0.291892 -1.899272 -136.747115
0.000731 -0.003646 1.000000
0.057693 -1.268407 351.146606
0.065551 -1.434936 194.915113
0.000109 -0.002447 1.000000
0.333641 -2.314197 601.460490
0.159961 -2.304683 216.434800
0.000212 -0.003693 1.000000
-0.541933 -1.109813 476.506002
-0.404075 -1.107583 266.723369
-0.000945 -0.001878 1.000000
2.304291 -4.875491 -853.609835
2.049871 -4.304757 -1602.713407
0.003604 -0.007484 1.000000
1.296561 -4.259413 -567.778542
1.360897 -4.567822 -356.077953
0.003084 -0.007632 1.000000
-1.284185 0.510039 1268.853979
-1.024810 0.484227 2285.348864
-0.002430 0.000914 1.000000
0.938001 -2.895791 37.327385
0.760312 -2.106423 -501.036413
0.002266 -0.004773 1.000000
1.495961 -3.383663 340.969175
1.073261 -3.016775 -1263.287215
0.002240 -0.005674 1.000000
-0.251410 -1.012715 -262.549521
-0.245395 -0.913823 -181.577353
-0.000592 -0.001919 1.000000
0.085005 -1.770678 -178.569559
-0.051285 -1.643884 249.596982
-0.000063 -0.002973 1.000000
0.051952 -1.467513 842.865534
0.151764 -1.520620 147.613992
0.000046 -0.002689 1.000000
-0.839049 -0.618911 1230.606645
-0.518955 -0.602915 287.079687
-0.001270 -0.001079 1.000000
-0.166983 -1.325629 116.061572
0.021768 -1.004076 -23.967820
-0.000262 -0.002050 1.000000
0.154381 -1.858805 965.100040
0.003680 -2.055860 51.456657
0.000165 -0.003494 1.000000
-2.548815 1.695150 3104.564555
-3.245700 2.799095 -858.654603
-0.005591 0.004346 1.000000
-0.855936 -0.378491 1211.446640
-0.642590 -0.218443 -56.029723
-0.001529 -0.000546 1.000000
0.397671 -3.016102 72.768293
0.270235 -1.752766 246.305199
0.000504 -0.003740 1.000000
1.114037 -2.903641 -243.097608
1.075323 -2.393712 -1499.533550
0.001989 -0.005318 1.000000
6.837602 -11.929627 26985.330108
5.412144 -8.046087 -2718.947618
0.018549 -0.025421 1.000000
-0.177047 -1.221460 836.849719
-0.186667 -1.108122 -86.124563
-0.000313 -0.002669 1.000000
1.072598 -3.690703 1992.133446
1.005651 -2.722079 -1421.842956
0.002310 -0.007105 1.000000
0.363214 -2.258606 1378.264989
0.004801 -1.305121 -15.823793
0.000322 -0.003277 1.000000
-0.132391 -1.086249 1003.109320
-0.176689 -0.792000 176.810546
-0.000370 -0.002017 1.000000
-3.171768 2.460439 -1895.456074
-1.718799 1.011266 -728.731455
-0.004620 0.002628 1.000000
-2.611946 1.415813 -2671.511071
-1.252788 0.527823 930.806758
-0.004002 0.002513 1.000000
-0.040917 -0.763438 795.611418
-0.112712 -1.478769 176.952030
-0.000213 -0.002649 1.000000
-0.142906 -0.864602 299.245205
-0.113824 -0.857602 -312.810960
-0.000309 -0.002068 1.000000
0.215264 -1.730918 485.720032
0.161725 -1.876368 -175.927177
0.000264 -0.003538 1.000000
-0.627674 -0.941156 10.095176
-0.480223 -0.723994 -101.116806
-0.001139 -0.001518 1.000000
-0.520305 -0.548759 285.694382
-0.518622 -0.716434 -244.109419
-0.001027 -0.001276 1.000000
3.053740 -5.145307 506.983570
1.247309 -3.142859 -2965.459512
0.005148 -0.009860 1.000000
-8.454046 12.138101 -5731.607586
-7.041121 9.125778 11115.838547
-0.018655 0.026038 1.000000
1.945488 -2.726717 559.079895
1.031037 -2.249242 -4515.581373
0.002691 -0.006870 1.000000
1.264915 -3.876775 -4565.878130
0.939435 -2.032939 1184.551242
0.002550 -0.006393 1.000000
-0.304365 -1.371689 615.367555
-0.096747 -1.187702 -67.252145
-0.000153 -0.002676 1.000000
-1.968006 0.660856 10658.607347
-1.085976 0.812468 -2314.156918
-0.003326 0.001921 1.000000
-0.702853 -0.963354 1103.421901
-0.429714 -0.485771 -633.114010
-0.001099 -0.001470 1.000000
-81.704008 86.261823 -100035.131559
-44.953117 44.420004 -5408.812573
-0.136028 0.164731 1.000000
0.880122 -2.695953 1566.281459
0.468230 -2.400520 -288.250023
0.001581 -0.005363 1.000000
1.868255 -5.505339 653.424328
2.484026 -4.942091 -3868.411314
0.005169 -0.010783 1.000000
0.069212 -1.736351 698.487089
0.029220 -1.357616 -357.932439
0.000535 -0.003090 1.000000
-0.956186 0.149644 1613.577664
-0.751167 0.250275 648.378394
-0.002182 0.000485 1.000000
-0.125139 -2.813243 138.576367
0.009951 -1.883779 286.366935
0.000039 -0.004038 1.000000
-1.838880 0.996627 -68.799205
-0.966412 0.314426 1187.797291
-0.002601 0.001387 1.000000
-0.537312 -0.946509 566.360701
-0.418834 -0.967775 307.586470
-0.000722 -0.001733 1.000000
-0.544998 -0.834390 704.433618
-0.449658 -0.974710 317.935670
-0.000774 -0.001788 1.000000
-0.760029 -0.411040 727.888247
-0.401777 -0.733046 317.833529
-0.001020 -0.001244 1.000000
-0.845103 -0.460806 1125.796209
-0.510749 -0.254808 -222.581869
-0.001431 -0.000799 1.000000
1.481594 -2.987403 1903.566645
0.999573 -2.252434 1924.160719
0.002252 -0.006041 1.000000
-0.319762 -1.074924 89.163154
-0.074637 -0.722501 15.042096
-0.000594 -0.002015 1.000000
0.988373 -3.870289 16.015124
0.823455 -3.354881 -115.794775
0.002048 -0.006534 1.000000
0.162029 -1.650532 490.900005
0.212946 -1.828542 43.237532
0.000282 -0.003120 1.000000
-0.293671 -1.236265 642.022144
-0.244002 -1.035468 -25.012499
-0.000250 -0.002459 1.000000
-0.075332 -1.045290 1171.120115
-0.136755 -1.109906 192.979584
-0.000159 -0.002678 1.000000
0.055873 -1.088269 -69.125313
0.024483 -0.863352 -202.841687
0.000293 -0.002699 1.000000
-0.165859 -1.594756 549.032215
-0.248432 -1.830899 432.861129
-0.000260 -0.002969 1.000000
-0.129625 -1.359285 533.199575
-0.178163 -1.498529 271.841672
-0.000191 -0.002588 1.000000
-0.505757 -0.790318 374.287122
-0.294126 -0.671202 79.874038
-0.000749 -0.001549 1.000000
1.099115 -2.765477 1451.177024
0.479010 -1.526897 -526.274808
0.001673 -0.004580 1.000000
-0.347942 -0.945455 435.850396
-0.267577 -0.519894 12.982779
-0.000595 -0.001764 1.000000
0.000074 -1.547949 842.308139
0.004622 -1.225724 -94.963202
0.000011 -0.002661 1.000000
0.143341 -1.304047 494.536928
0.040593 -1.214638 126.362045
0.000226 -0.002592 1.000000
0.003409 -1.098159 782.626858
0.011988 -1.360920 30.014186
0.000066 -0.002899 1.000000
0.146255 -1.641466 273.778486
-0.016556 -1.438510 107.204675
0.000183 -0.003071 1.000000
1.150563 -3.490629 -7210.647535
1.212444 -2.683494 -570.413863
0.002881 -0.007015 1.000000
-0.803258 -0.382125 -143.839830
-0.719221 -0.186876 295.485574
-0.001605 -0.000376 1.000000
-0.258532 -0.885667 326.975549
-0.334837 -0.531449 190.900180
-0.000658 -0.001652 1.000000
0.441599 -2.497957 976.399699
0.324149 -2.324507 32.757880
0.000846 -0.004537 1.000000
-0.253801 -1.262769 445.443273
-0.305360 -1.154113 343.315597
-0.000437 -0.002096 1.000000
-0.118241 -1.068429 678.715122
-0.025812 -0.718869 146.587332
-0.000049 -0.002079 1.000000
-0.555441 -1.493162 703.479880
-0.120276 -1.216066 244.849291
-0.000280 -0.002557 1.000000
0.204124 -0.768574 299.780722
-0.090748 -0.324432 189.558574
-0.000226 -0.001681 1.000000
0.236103 -0.804559 330.380492
-0.171994 -0.166121 261.596610
-0.000252 -0.001454 1.000000
0.163527 -0.669436 287.219751
-0.241167 -0.100988 268.786072
-0.000422 -0.001236 1.000000
0.226137 -0.265653 221.950828
-0.348870 0.444069 293.305833
-0.000647 -0.000446 1.000000
0.790900 -0.314024 122.184298
-0.093939 0.497894 276.259730
-0.000101 -0.000630 1.000000
0.663825 -0.458083 210.161971
-0.106601 0.355114 273.703146
-0.000107 -0.000824 1.000000
1.000000 0.000000 0.000000
0.000000 1.000000 0.000000
0.000000 -0.000000 1.000000
-2.413982 -2.558659 1596.432334
-0.027988 -4.175690 732.767798
0.000425 -0.006745 1.000000
-0.230245 -1.571105 760.307987
0.263533 -1.375364 34.314678
0.000217 -0.002988 1.000000
0.249064 0.384714 85.363158
-0.516555 1.177490 97.515472
-0.001116 0.000796 1.000000
1.668963 0.082116 -115.919150
0.332180 1.383194 -290.562924
0.000474 0.000283 1.000000
0.601752 -0.544575 253.787371
-0.094884 0.277287 289.818875
-0.000000 -0.001015 1.000000
0.407858 -0.505302 264.449637
-0.121391 0.122402 243.946101
-0.000136 -0.001121 1.000000
1.092271 -0.740668 220.516415
0.261826 0.227090 168.520438
0.000590 -0.001380 1.000000
0.549837 -0.622596 293.947432
0.019457 0.109105 205.712611
0.000025 -0.001204 1.000000
-0.388205 -1.747177 575.720449
-0.212996 -1.311065 256.107989
-0.000316 -0.002863 1.000000
-0.101433 -1.401623 539.383302
-0.150416 -0.706935 181.616519
-0.000296 -0.002209 1.000000
-0.008896 -1.163161 517.408537
-0.061305 -0.713341 94.422727
-0.000105 -0.002202 1.000000
23.421460 60.576758 -15541.569610
-6.959659 67.813760 -9638.525298
-0.012948 0.088537 1.000000
0.941220 0.530667 -84.532547
-0.197538 1.778139 -148.510287
-0.000485 0.001098 1.000000
0.019550 -2.833795 513.790144
0.001402 -3.547309 376.677878
0.000271 -0.005234 1.000000
-0.065088 -2.690374 539.079048
0.242526 -3.128672 198.628506
0.000490 -0.005194 1.000000
-0.792181 -10.562894 1656.869703
0.120734 -13.282637 1749.662200
0.002277 -0.017374 1.000000
0.056749 -1.422102 427.609788
-0.045525 -1.381600 -15.917571
0.000012 -0.002861 1.000000
0.290705 -1.841880 202.650693
0.164640 -1.080046 -270.236683
0.000588 -0.003359 1.000000
-0.088734 -1.093294 344.730213
-0.140624 -0.391739 15.704674
-0.000332 -0.001969 1.000000
-0.415427 -1.727630 738.256533
-0.065217 -1.579853 339.598648
-0.000187 -0.002837 1.000000
-0.705838 -2.962672 868.213594
-0.032692 -2.595261 371.109451
0.000074 -0.004551 1.000000
-0.209575 -2.671817 579.725075
0.110154 -2.430898 118.285203
0.000286 -0.004345 1.000000
-0.037557 -1.517713 430.504129
0.014332 -1.212034 87.082901
-0.000000 -0.002825 1.000000
-0.556335 -4.025971 1096.983354
0.382935 -4.003583 335.957900
0.000726 -0.006166 1.000000
0.170948 -0.661877 328.188880
-0.197122 -0.112254 213.695415
-0.000408 -0.001264 1.000000
-0.054267 -2.039276 319.490345
0.053703 -1.288337 -88.012038
0.000027 -0.003144 1.000000
-0.102194 -1.207627 224.009949
0.163218 -1.196156 123.870175
0.000071 -0.002596 1.000000
-8.361057 13.976887 845.642522
-8.147713 11.575655 13191.198059
-0.021939 0.037285 1.000000
2.733401 -6.177578 -4094.133897
2.164350 -5.107046 -2349.932246
0.006969 -0.014972 1.000000
0.099371 -1.284348 439.767594
0.055037 -1.077247 -150.213605
-0.000115 -0.002808 1.000000
2.084461 -3.123848 704.215089
1.103903 -2.690132 -47.204484
0.002718 -0.006252 1.000000
-3.321875 2.674545 -100.165463
-2.121512 3.366245 758.870140
-0.005320 0.006471 1.000000
0.668579 -1.759385 513.575287
0.096744 -0.970675 238.997159
0.000378 -0.002577 1.000000
0.852982 -2.322831 773.239748
0.317038 -1.793960 188.008648
0.000980 -0.003933 1.000000
-0.061804 -1.785049 819.302759
0.009674 -1.581397 -32.362400
0.000188 -0.003144 1.000000
-0.072866 -1.894455 724.609918
0.045992 -1.873104 159.355820
0.000195 -0.003504 1.000000
1.403109 -2.621864 -1270.248188
1.210032 -2.509603 -2531.263713
0.003742 -0.007769 1.000000
0.963175 -3.002196 -559.095631
0.663184 -2.988854 -2157.272886
0.004194 -0.009682 1.000000
0.150641 -1.186870 158.072035
0.076804 -0.901756 -267.261156
0.000607 -0.003303 1.000000
-1.238545 -0.014473 1715.718840
-1.059735 0.182000 650.899731
-0.002623 0.000946 1.000000
-0.023856 -1.845146 591.727834
-0.077694 -1.251062 -255.027889
0.000087 -0.003294 1.000000
-0.664329 -0.373909 964.563708
-0.669347 -0.271953 444.174481
-0.001536 -0.000300 1.000000
-0.322141 -1.135533 -42.462950
-0.164169 -0.621087 44.529281
-0.000526 -0.001999 1.000000
0.695365 -1.366382 1148.937044
0.118626 -0.847388 -393.665455
0.000370 -0.003155 1.000000
-0.202650 -1.508497 775.504940
-0.087300 -0.877772 -13.809007
-0.000203 -0.002222 1.000000
1.969184 -4.241855 1147.272123
1.876554 -4.468471 -1451.730456
0.003462 -0.008360 1.000000
0.341659 -2.383730 -146.271686
0.525885 -2.357618 -261.880681
0.001119 -0.004433 1.000000
-0.161113 -1.137232 292.737210
0.024587 -1.183399 -12.073014
-0.000224 -0.002304 1.000000
-0.025063 -0.939046 428.017285
-0.043473 -0.872025 20.907690
-0.000223 -0.002140 1.000000
-0.138502 -0.723472 330.591341
-0.187868 -0.992106 297.225045
-0.000234 -0.001884 1.000000
-0.276876 -1.419114 437.624994
-0.070128 -1.229996 241.609667
-0.000188 -0.002505 1.000000
-0.003869 -0.948885 449.694211
0.131547 -1.183445 -227.285427
0.000385 -0.002733 1.000000
0.785026 -2.366300 -742.195424
0.900671 -2.459286 -522.408894
0.002419 -0.005854 1.000000
0.555528 -1.222899 765.617839
1.021632 -3.331071 124.029891
0.002348 -0.006013 1.000000
-0.052831 -1.210053 578.697738
0.131617 -1.445411 -132.621605
0.000251 -0.003158 1.000000
-0.080112 -1.801324 136.951394
-0.028929 -1.862431 174.617396
0.000321 -0.003630 1.000000
-0.258905 -1.449015 432.737801
0.243275 -2.170762 57.762863
0.001019 -0.004596 1.000000
-0.102183 -1.504282 330.580785
-0.025924 -2.089765 414.667259
-0.000009 -0.003132 1.000000
0.351223 -1.760186 -431.179048
0.881051 -2.944035 -649.015740
0.001830 -0.006489 1.000000
0.575506 -3.720549 -799.995467
3.631476 -6.727410 -1562.018236
0.007416 -0.014256 1.000000
1.063474 -2.871584 1608.266645
0.415372 -1.547635 767.952184
0.001334 -0.005101 1.000000
-0.033040 -1.351349 634.937128
-0.183255 -0.986622 -108.314658
-0.000274 -0.002337 1.000000
-3.953017 4.425925 -358.403147
-2.088475 2.569242 2469.450913
-0.005990 0.005585 1.000000
-0.460861 -1.095224 428.773009
-0.353778 -0.936285 283.529514
-0.000640 -0.001855 1.000000
1.763891 -4.473454 485.041715
1.348517 -3.622205 -1157.951034
0.003465 -0.008208 1.000000
-0.526174 -0.576361 128.078730
-0.311705 -0.286324 -73.731455
-0.001111 -0.001057 1.000000
0.011446 -0.789092 917.965285
-0.090258 -1.102107 265.788399
-0.000216 -0.001951 1.000000
0.762004 -1.688371 860.547661
0.828182 -2.550095 -129.714772
0.001674 -0.004493 1.000000
-0.144798 -0.838015 15.409333
-0.155745 -0.859068 357.866128
-0.000485 -0.001607 1.000000
-0.257028 -0.583972 -170.880890
-0.540625 -0.871495 398.465968
-0.000956 -0.001475 1.000000
-0.226363 -0.840161 372.774960
-0.287665 -0.872303 226.441427
-0.000627 -0.001725 1.000000
0.603787 -2.242333 -1311.832558
0.295672 -1.148434 -339.483451
0.000811 -0.003714 1.000000
-0.112204 -1.944258 473.019936
-0.063997 -1.115774 -112.569224
0.000111 -0.003134 1.000000
0.155532 -2.157693 2675.584906
0.416995 -1.706691 -1300.487949
0.000936 -0.004533 1.000000
-0.051021 -0.995001 -72.971205
-0.230032 -0.650596 188.985382
-0.000440 -0.001919 1.000000
-0.062555 -1.201420 365.983684
-0.075396 -1.169349 259.115497
-0.000080 -0.002349 1.000000
-0.131189 -1.108201 818.336973
-0.129990 -0.974611 99.453823
-0.000402 -0.002188 1.000000
-0.222345 -1.312195 632.001652
-0.198437 -1.176107 273.919548
-0.000478 -0.002216 1.000000
-0.345036 -1.487449 448.963576
-0.250584 -1.004947 -97.170645
-0.000409 -0.002263 1.000000
-0.466113 -0.489989 298.895550
-0.335274 -0.456977 264.878958
-0.000983 -0.001178 1.000000
1.213009 -3.741209 445.403744
0.666135 -3.067705 -432.920149
0.001702 -0.006058 1.000000
-0.137999 -1.483106 220.029022
0.039382 -1.093508 -107.924306
-0.000076 -0.002480 1.000000
0.207278 -1.202913 281.446596
-0.075749 -1.488102 -196.491653
0.000018 -0.003014 1.000000
0.188777 -1.420566 1169.192493
0.000728 -0.731723 587.483119
0.000042 -0.002736 1.000000
-0.413708 -1.008572 262.368458
-0.279977 -0.934504 167.412445
-0.000767 -0.001729 1.000000
-0.469024 -1.118563 662.500836
-0.334137 -1.051992 157.086578
-0.000743 -0.001923 1.000000
0.600532 -1.555572 583.703145
0.313798 -1.480902 177.503777
0.000599 -0.003234 1.000000
