1.623630 -4.215877 1431.048877
1.657099 -3.260314 -1780.022638
0.003898 -0.009090 1.000000
0.587570 -2.073799 348.107157
0.682735 -2.084355 -1150.708042
0.001415 -0.005266 1.000000
-0.119416 -1.357299 770.108699
-0.144620 -0.950584 -8.536707
-0.000222 -0.002378 1.000000
0.228812 -1.690618 300.093908
-0.123154 -1.673455 89.236735
0.000166 -0.003423 1.000000
0.755600 -2.775638 -84.470859
1.218491 -3.362224 -901.475787
0.002241 -0.006994 1.000000
-0.248216 -1.321815 266.119532
-0.066119 -1.087360 -7.302637
-0.000113 -0.002452 1.000000
-0.223750 -0.783761 572.430934
-0.380779 -0.980075 131.431287
-0.000561 -0.001917 1.000000
-4.762057 5.990046 4614.794935
-2.100265 4.619091 3227.218258
-0.008786 0.015214 1.000000
-0.160823 -1.323197 691.083913
0.176716 -1.101675 -509.969527
0.000059 -0.002858 1.000000
-0.059854 -1.430722 1369.812699
-0.129151 -1.218703 290.554904
-0.000116 -0.003189 1.000000
-0.043407 -1.437736 1259.044248
0.022548 -1.054465 -387.295922
0.000293 -0.003406 1.000000
-0.501139 -0.908705 901.881276
-0.327175 -0.852427 131.144651
-0.000675 -0.001946 1.000000
0.005488 -1.498338 268.738668
-0.034247 -0.790243 -115.459449
0.000020 -0.002473 1.000000
-1.175948 0.440113 7.074398
-0.716753 -0.050887 1327.948499
-0.002283 0.000718 1.000000
-0.263127 -1.447900 804.630776
-0.086915 -1.133502 -255.213865
-0.000057 -0.002742 1.000000
-0.141571 -1.000943 412.239340
0.012996 -0.735869 -221.312302
0.000070 -0.002552 1.000000
0.007557 -1.377329 449.341031
0.053931 -1.180172 -38.108488
0.000356 -0.003202 1.000000
0.463902 -2.147450 1113.389304
0.298202 -2.223269 -845.217102
0.001159 -0.005486 1.000000
0.093901 -1.481845 605.923870
0.176729 -1.270798 -660.700149
0.000290 -0.003439 1.000000
0.155763 -1.836582 617.957306
0.339423 -1.122687 -455.345422
0.000783 -0.003509 1.000000
0.009230 -1.335381 238.281549
-0.075710 -1.273376 -111.340940
-0.000021 -0.002993 1.000000
-0.318726 -1.251406 1154.861474
-0.038916 -0.820407 454.754035
-0.000170 -0.002717 1.000000
-0.498300 -1.059570 1080.959359
-0.306810 -0.808101 -43.052703
-0.000650 -0.001837 1.000000
0.588307 -2.501074 1300.125999
0.343969 -2.012300 -376.058167
0.001733 -0.005512 1.000000
-1.712321 1.054612 604.115199
-1.116519 0.662933 1932.249063
-0.002911 0.001394 1.000000
-8.375257 11.688562 -90.199420
-8.084585 11.593572 11628.409890
-0.019944 0.029656 1.000000
1.531283 -4.790631 -4380.315150
1.113373 -4.386893 -1513.040883
0.003600 -0.009266 1.000000
4.039063 -6.835057 -3901.794119
3.313789 -5.145619 -4125.103325
0.009970 -0.018570 1.000000
0.132964 -1.452381 646.665107
-0.026009 -1.048330 -335.831718
0.000202 -0.003042 1.000000
1.005467 -3.857111 1922.113960
0.622953 -3.324545 -2973.641940
0.002011 -0.007207 1.000000
0.063008 -1.645550 795.582579
-0.015816 -1.206400 -42.452136
0.000151 -0.003255 1.000000
-0.313657 -0.830650 1188.934491
-0.083770 -0.543188 -367.182470
-0.000584 -0.001849 1.000000
-0.565263 -0.730208 27.342019
-0.290738 -0.429939 -371.702975
-0.000780 -0.001303 1.000000
-0.100902 -0.630677 318.765880
-0.208484 -0.621572 -435.607066
-0.000655 -0.001684 1.000000
-0.343893 -1.004110 795.300926
-0.244623 -0.622475 -15.649907
-0.000540 -0.001698 1.000000
-1.604509 0.485172 2574.803794
-1.157177 0.405041 1713.160080
-0.003113 0.002318 1.000000
-4.719949 3.387841 4533.862339
-2.385352 2.495279 3725.100052
-0.005993 0.007459 1.000000
0.780414 -3.545809 -1201.325522
1.385003 -2.156642 -1900.700080
0.003653 -0.007433 1.000000
-0.471693 -1.174804 312.670138
-0.306167 -0.746600 141.751377
-0.000602 -0.001958 1.000000
-1.062014 0.148353 1053.845677
-0.791061 -0.086505 764.662569
-0.002479 0.000772 1.000000
-0.961482 0.057181 1962.326344
-0.630271 0.123895 861.434777
-0.001753 0.000227 1.000000
-1.248606 -0.101667 2403.077295
-0.664889 0.378252 1312.586814
-0.002149 0.000508 1.000000
-0.098054 -1.434044 662.399328
0.009570 -1.024292 -97.962443
-0.000134 -0.002845 1.000000
0.143608 -1.285293 -558.348064
0.095652 -0.976408 278.729249
0.000519 -0.002948 1.000000
0.047479 -1.162707 459.243867
0.064264 -0.816634 -727.463833
0.000511 -0.003296 1.000000
-0.223540 -1.074069 860.559822
-0.282740 -0.800215 180.071500
-0.000472 -0.001962 1.000000
5.001909 -9.771256 3944.688382
2.239147 -4.479436 -3694.580993
0.009313 -0.017009 1.000000
0.646953 -3.597184 692.832056
0.328164 -2.026882 -874.871204
0.001637 -0.005653 1.000000
-15.820955 24.521514 2450.358303
-10.118608 16.017886 13701.520127
-0.033373 0.041649 1.000000
-1.092031 -0.465187 -44.124411
-0.633177 -0.037334 735.915997
-0.001839 -0.000148 1.000000
0.392487 -2.113549 846.158907
-0.036349 -1.722423 21.403942
0.000546 -0.003712 1.000000
2.030606 -3.335069 450.886458
0.850993 -2.854922 -935.962939
0.002978 -0.007366 1.000000
-0.311058 -1.055445 548.951675
-0.124138 -0.529726 -168.437046
-0.000435 -0.001961 1.000000
-0.038233 -1.264326 765.681908
-0.263417 -1.112774 -263.691778
-0.000327 -0.002654 1.000000
0.497218 -2.096230 1115.516511
0.349266 -1.427202 -264.335062
0.000822 -0.003615 1.000000
-0.271444 -1.489063 937.064938
-0.163608 -0.693558 74.220702
-0.000347 -0.002017 1.000000
0.533494 -2.361075 1248.257559
0.315831 -0.926577 -1218.273502
0.001162 -0.003978 1.000000
0.423105 -1.570643 1532.665967
0.069811 -1.299092 -862.856214
0.000676 -0.003655 1.000000
1.723535 -4.356346 -3310.677141
0.896129 -3.171033 -4670.035845
0.003352 -0.008403 1.000000
-0.214210 -1.117101 445.637346
-0.102693 -1.541571 131.459385
-0.000236 -0.002758 1.000000
-0.579527 -0.618047 1131.818112
-0.397855 -0.490817 426.741852
-0.001220 -0.001026 1.000000
0.032084 -1.681533 941.867764
0.135814 -0.965574 -858.670366
0.000305 -0.002910 1.000000
-0.154466 -0.688332 -60.924068
-0.238198 -0.493693 -25.780885
-0.000414 -0.001733 1.000000
0.056455 -1.023151 470.226597
0.156767 -1.098288 -63.311533
0.000407 -0.002670 1.000000
-1.137820 -0.102624 1149.578336
-0.483816 0.230540 716.719247
-0.002598 0.000620 1.000000
-1.659922 1.928744 -4190.212189
-1.630960 1.636032 1474.671986
-0.003839 0.003455 1.000000
-0.257579 -1.237539 544.833629
-0.203537 -1.029504 -20.595520
-0.000241 -0.002391 1.000000
0.171493 -1.469150 -345.924467
-0.022322 -1.117326 -453.066525
0.000300 -0.002918 1.000000
18.020585 -34.495881 -39606.155036
21.692870 -15.607366 -28753.438307
0.065718 -0.085522 1.000000
6.066859 -18.347026 -31074.233809
10.535844 -18.389276 -43376.167037
0.031618 -0.048733 1.000000
-0.521061 -0.870436 241.034586
-0.421139 -0.791976 59.580766
-0.000740 -0.001599 1.000000
-1.249504 1.298868 586.506711
-1.181096 0.809298 1736.953820
-0.002802 0.002264 1.000000
-2.767904 2.948812 2068.864358
-2.313800 1.233822 3403.113213
-0.006923 0.006100 1.000000
5.008526 -7.998500 -3493.266231
2.620666 -5.100736 -3121.699065
0.007699 -0.015551 1.000000
0.461464 -2.603569 725.894179
0.095122 -1.995091 -227.278708
0.001262 -0.004899 1.000000
3.250713 -4.026449 130.552570
2.243022 -2.805556 -5686.555698
0.004568 -0.007352 1.000000
0.478516 -1.425855 -575.719141
0.277375 -1.054719 85.677660
0.000569 -0.003129 1.000000
1.962499 -4.766222 -1903.912329
1.539923 -1.547126 -2544.414242
0.004291 -0.007454 1.000000
-4.780206 11.642195 1952.262211
-3.845916 5.536700 5334.129515
-0.010454 0.016403 1.000000
-2.297707 1.462163 2614.294092
-1.331804 1.605048 1453.823948
-0.004417 0.004260 1.000000
-2.181543 0.988901 1930.666315
-1.274126 0.817421 3248.917392
-0.003269 0.002477 1.000000
1.792073 -3.146549 362.902964
0.968890 -2.712042 -2069.424347
0.002951 -0.006869 1.000000
-23.487455 28.056796 39603.567309
-11.930615 17.200219 10715.142040
-0.038967 0.053308 1.000000
-0.222126 -2.233682 50.701257
0.028583 -1.696388 -650.532959
0.000959 -0.003771 1.000000
0.831081 -2.850476 -2269.533917
0.728133 -1.268817 -1012.294301
0.002516 -0.006025 1.000000
-1.947833 2.389199 1750.572228
-1.920663 0.335423 2145.866765
-0.005179 0.004391 1.000000
50.599451 -59.025459 -48716.307665
28.741929 -40.087496 -38101.013677
0.077395 -0.106082 1.000000
0.323320 -1.920640 406.034056
0.155911 -1.662109 -354.292779
0.000627 -0.003592 1.000000
-0.012451 -2.027552 -446.163257
0.349567 -1.310407 -251.347265
0.000539 -0.003685 1.000000
-0.206861 -1.085847 486.281425
-0.384623 -1.106890 122.774694
-0.000452 -0.002108 1.000000
1.397999 -2.936313 -906.727073
0.758551 -2.255678 -557.997996
0.001916 -0.005570 1.000000
-0.280331 -1.442163 1154.332112
-0.150365 -0.945047 213.917814
-0.000101 -0.002140 1.000000
-0.153410 -1.376455 1596.240159
-0.057050 -1.085341 60.034521
0.000089 -0.002466 1.000000
-0.399290 -1.278416 274.578278
0.081459 -0.538608 -18.185960
-0.000142 -0.002130 1.000000
-0.637146 -0.967580 197.022328
-0.444028 -0.604297 899.464106
-0.000828 -0.001330 1.000000
0.828871 -2.205630 901.066742
0.061517 -1.150714 -99.834124
0.000814 -0.003217 1.000000
-3.773218 3.399576 4718.423087
-2.625328 1.923403 3010.406413
-0.006653 0.008803 1.000000
-0.158587 -1.438782 253.312145
-0.169970 -0.878747 197.983692
-0.000210 -0.002201 1.000000
0.617380 -2.254178 57.884240
0.215316 -1.770793 -1588.105545
0.000814 -0.004072 1.000000
-0.218210 -0.703184 592.903171
-0.331087 -0.847652 124.070688
-0.000546 -0.001785 1.000000
1.683209 -5.025164 -415.765648
1.263911 -3.160668 -1063.573740
0.003768 -0.008241 1.000000
0.282116 -2.355886 -2462.039597
0.409713 -2.086897 -1469.660489
0.001157 -0.004792 1.000000
0.319109 -1.239556 -456.177623
0.505619 -1.518963 -43.099089
0.001174 -0.003528 1.000000
0.569516 -3.338176 569.950751
0.642913 -2.390668 -1478.718730
0.001511 -0.005897 1.000000
-1.259104 2.126450 855.170489
-1.582588 1.929761 2177.110310
-0.003111 0.004645 1.000000
1.061427 -3.407659 -535.828199
0.785762 -2.386948 -602.879929
0.002060 -0.006265 1.000000
-1.001377 1.520626 177.979197
-1.377823 1.017956 1376.837452
-0.002739 0.002250 1.000000
-0.292103 -0.658375 689.594302
-0.545350 -0.988327 485.227286
-0.000810 -0.001651 1.000000
8.658067 -14.499929 -2648.948672
8.083363 -10.838915 -11984.102122
0.016919 -0.026170 1.000000
2.901154 -5.881929 -5979.668755
1.799180 -3.978815 -495.333200
0.004865 -0.010434 1.000000
-0.468391 -0.803000 177.119926
-0.262215 -0.450963 339.449155
-0.000776 -0.001504 1.000000
-0.530805 -0.280561 -181.532549
-0.390760 -0.329239 524.059238
-0.001278 -0.000770 1.000000
-0.413791 -0.673446 276.871297
-0.320978 -0.507004 -9.695749
-0.000828 -0.001513 1.000000
0.553619 -1.323155 -298.097713
0.196192 -1.054246 -484.069370
0.000736 -0.003255 1.000000
-0.520156 0.207882 938.148193
-0.638879 -0.117860 850.738030
-0.001737 -0.000106 1.000000
-0.503295 -0.990320 127.220957
-0.570748 -0.865755 302.281650
-0.000957 -0.001818 1.000000
0.086355 -1.503953 -795.750887
0.030870 -1.490110 -215.226630
0.000264 -0.002897 1.000000
-0.271143 -0.736330 908.218390
-0.252045 -0.755662 -268.852864
-0.000635 -0.001752 1.000000
-0.217844 -0.697664 203.720352
-0.270011 -0.658974 120.349319
-0.000642 -0.001574 1.000000
-0.335942 -0.628919 382.206575
-0.390930 -0.769363 -56.805455
-0.000823 -0.001620 1.000000
-0.754279 -0.118850 -46.160049
-0.653021 -0.162234 986.063488
-0.001562 -0.000315 1.000000
-1.245263 0.931693 591.370646
-1.038636 0.717845 1619.936976
-0.002867 0.001666 1.000000
0.511506 -2.041915 902.116743
0.150179 -1.149920 -515.909833
0.000551 -0.003390 1.000000
1.522161 -4.544097 -395.883835
1.050498 -3.456194 -968.194119
0.003215 -0.007740 1.000000
0.519308 -2.924723 421.985668
0.365757 -2.235283 -683.045311
0.001066 -0.004878 1.000000
-0.398255 -0.878371 3.124699
-0.240606 -0.701524 71.948157
-0.000711 -0.001704 1.000000
-0.026479 -1.227066 905.996068
-0.020701 -1.086171 -79.161116
-0.000030 -0.002566 1.000000
-5.144823 8.518773 -2213.085330
-4.291477 10.187698 5612.394707
-0.009993 0.019055 1.000000
-2.964289 7.074245 -7169.443928
-4.569122 6.408133 8317.538292
-0.010682 0.017206 1.000000
-0.973884 0.536574 -301.256839
-0.966832 0.388679 1139.216159
-0.002334 0.000928 1.000000
0.159243 -1.889304 365.862006
0.035116 -1.267325 -85.359935
0.000177 -0.003230 1.000000
0.581452 -2.775399 361.519343
0.222183 -1.810216 -595.138389
0.000863 -0.004653 1.000000
-0.326666 -0.722298 985.828007
-0.524560 -0.855891 177.839343
-0.000807 -0.001601 1.000000
0.456309 -2.048431 1190.271794
0.208272 -1.642588 -208.202763
0.000487 -0.003754 1.000000
0.848248 -2.531015 467.586514
0.636690 -2.256673 -652.307525
0.001707 -0.005321 1.000000
-0.514101 -0.381753 1213.097250
-0.488532 -0.417784 989.371980
-0.001078 -0.000948 1.000000
-0.082577 -1.272221 532.097986
-0.200670 -1.025861 -36.379259
-0.000401 -0.002300 1.000000
-0.485837 -0.606114 905.256668
-0.543185 -0.735853 699.576356
-0.001017 -0.001272 1.000000
-0.067489 -1.272662 1224.328858
0.047742 -0.803611 -19.329243
-0.000080 -0.002497 1.000000
8.986591 -25.480990 14381.105745
3.610491 -16.326179 -7809.120395
0.018050 -0.038333 1.000000
-0.012625 -1.480333 1114.064428
-0.196036 -0.778227 176.725454
-0.000093 -0.002187 1.000000
-2.507508 1.090650 264.388241
-1.105529 0.363419 2272.561884
-0.003703 0.002608 1.000000
-14.568010 16.552493 9929.313708
-10.185364 10.655419 13452.519777
-0.026720 0.037724 1.000000
0.523688 -2.087055 828.170603
0.147702 -1.376719 -387.872701
0.000686 -0.003728 1.000000
0.544363 -2.451513 3628.243027
0.289083 -1.411130 -189.269861
0.001429 -0.004380 1.000000
0.322943 -1.857593 851.651407
0.041800 -1.233231 -18.591315
0.000192 -0.003109 1.000000
0.431153 -1.731220 320.289457
-0.076346 -1.377592 -233.518505
0.000243 -0.003238 1.000000
0.414894 -1.786410 -387.089623
0.047034 -1.070965 -749.895054
0.000593 -0.003755 1.000000
0.417018 -2.001999 -291.107604
0.517475 -1.320707 -494.412521
0.001162 -0.003939 1.000000
-0.061920 -0.767227 -153.077700
-0.178001 -0.609075 -253.664092
-0.000427 -0.001819 1.000000
-0.513277 -0.371317 914.032771
-0.435509 -0.294733 267.260841
-0.001092 -0.000735 1.000000
-0.311649 -0.702905 789.776307
-0.260075 -0.423772 140.274820
-0.000703 -0.001385 1.000000
2.082719 -4.622851 -2293.426119
2.010023 -3.065187 -2322.605357
0.005609 -0.010219 1.000000
-0.245604 -1.079774 509.234313
-0.113208 -0.854143 -125.570540
-0.000223 -0.002333 1.000000
0.490817 -2.315544 878.973399
0.500351 -1.138023 -998.426042
0.000893 -0.004070 1.000000
-3.241320 3.290008 -2020.895604
-1.060891 1.388647 609.395590
-0.004516 0.004507 1.000000
-1.088786 0.491297 2781.655145
-0.745695 0.206264 217.993460
-0.002111 0.000786 1.000000
2.676359 -5.273399 3670.523817
1.178882 -2.976469 -1629.374989
0.004089 -0.008490 1.000000
-1.058128 0.703743 -2160.773516
-0.774456 0.458069 1251.608636
-0.002415 0.001021 1.000000
0.048578 -0.874960 397.255396
-0.057167 -0.971945 -48.585755
-0.000174 -0.002191 1.000000
0.758345 -2.151881 150.034973
0.501499 -1.527926 -552.077518
0.001317 -0.004693 1.000000
0.668355 -2.077719 932.065220
0.220047 -1.220114 -508.509077
0.001064 -0.004412 1.000000
-0.353644 -1.188965 207.547129
-0.281867 -0.894028 239.816806
-0.000536 -0.002071 1.000000
-0.434578 -1.085541 748.583943
-0.203719 -0.857383 86.492377
-0.000377 -0.002092 1.000000
0.554640 -2.373670 -73.689891
0.492781 -1.873920 -516.319839
0.000950 -0.005106 1.000000
0.272865 -1.916532 469.667733
0.381294 -1.254726 -367.494853
0.001108 -0.003879 1.000000
-0.547401 -0.903901 900.766940
-0.313736 -0.543569 620.142570
-0.000811 -0.001532 1.000000
0.094657 -1.362510 167.403797
-0.118180 -1.466739 -212.879893
0.000081 -0.003339 1.000000
-9.301576 13.401916 10849.471434
-4.923433 6.432054 5530.260303
-0.015709 0.023376 1.000000
0.170033 -1.616884 -415.719621
-0.009303 -1.133669 -44.346738
0.000523 -0.003319 1.000000
-0.267535 -0.782337 1027.427987
-0.357191 -0.777377 153.520561
-0.000664 -0.001550 1.000000
-1.620116 2.719881 942.784726
-1.770682 2.006206 1907.501994
-0.004126 0.004653 1.000000
-0.904157 -0.372029 1222.430327
-0.510093 -0.091239 523.333918
-0.001600 -0.000326 1.000000
0.018924 -1.712624 255.794506
-0.065380 -1.647258 -104.218967
0.000396 -0.003674 1.000000
0.211103 -2.032002 373.647669
0.050785 -1.937793 -260.216818
0.000552 -0.004461 1.000000
0.735001 -2.449894 83.802728
0.652566 -1.782735 -1029.368233
0.001347 -0.004951 1.000000
0.082443 -1.153515 556.725825
-0.033073 -1.142255 -110.162089
0.000058 -0.002720 1.000000
-0.710834 -0.523294 1274.629063
-0.470559 -0.090071 616.236373
-0.001748 -0.000352 1.000000
-0.110351 -1.768243 113.206316
0.290122 -1.165037 -326.599501
0.000702 -0.003999 1.000000
0.153910 -1.873816 35.653301
0.337189 -1.535346 -333.264054
0.000666 -0.004225 1.000000
-0.429250 -1.032743 1124.063606
-0.282575 -0.753270 124.946117
-0.000709 -0.001936 1.000000
0.487230 -1.719724 90.674160
0.257057 -1.386517 -70.846622
0.000742 -0.003584 1.000000
-1.564033 0.912988 -404.579636
-1.015684 0.211526 1073.402140
-0.002955 0.001228 1.000000
-0.582762 -0.594578 114.004353
-0.373667 -0.240140 799.838032
-0.001086 -0.000952 1.000000
-3.217227 3.463842 -3933.754555
-2.147024 1.553222 2516.430436
-0.006297 0.006233 1.000000
-3.325553 4.927982 5208.604307
-2.953212 3.842885 3346.734535
-0.006870 0.010414 1.000000
-0.286189 -0.907143 537.244182
-0.082283 -0.481871 -10.215441
-0.000120 -0.002163 1.000000
-0.071200 -0.871654 228.770179
-0.144904 -1.232841 108.958470
-0.000082 -0.002820 1.000000
-0.364440 -0.915092 825.250560
-0.297208 -0.757422 195.774778
-0.000578 -0.001761 1.000000
-0.731923 -0.729119 857.755279
-0.209433 -0.341401 133.316286
-0.000928 -0.001187 1.000000
-0.335350 -0.648955 -575.682327
-0.248053 -0.573340 439.955451
-0.000818 -0.001552 1.000000
2.549040 -2.286551 -2327.206100
1.330421 -1.964411 -1325.552902
0.005292 -0.008460 1.000000
0.740858 -1.675479 -422.946662
0.291246 -1.914237 -381.758685
0.001127 -0.004643 1.000000
-14.241873 12.708532 10474.606454
-6.582458 9.990992 5607.662452
-0.021004 0.029890 1.000000
-0.250331 -0.834842 443.380727
-0.204020 -1.046776 80.721753
-0.000469 -0.002339 1.000000
-0.266958 -0.948435 369.364783
-0.082112 -0.695598 -2.291364
-0.000297 -0.002209 1.000000
-0.061258 -0.915527 428.120956
0.012675 -0.920973 25.139588
-0.000164 -0.002462 1.000000
-0.960153 -0.210347 673.210270
-0.398320 -0.053941 -381.600726
-0.001374 -0.000597 1.000000
-1.382636 0.156450 1496.957081
-0.687294 0.462696 24.069198
-0.002431 0.000564 1.000000
-1.177459 -0.228115 1313.260885
-0.837515 0.045774 639.033725
-0.002109 0.000130 1.000000
9.321585 -14.531686 -16967.234075
6.505337 -11.988266 -50.372017
0.017973 -0.027766 1.000000
-0.394529 -0.907609 1218.104746
-0.022570 -0.594426 30.012118
-0.000514 -0.002030 1.000000
-0.332990 -1.084934 453.880943
-0.253448 -0.815840 50.666792
-0.000556 -0.002037 1.000000
2.131681 -8.460436 2789.006693
2.417123 -7.907765 -2537.185434
0.004930 -0.015798 1.000000
0.418303 -2.198263 848.725250
-0.041176 -1.653547 -57.973758
0.000632 -0.004484 1.000000
-0.114948 -1.207385 589.116945
-0.129708 -0.767437 32.316824
-0.000278 -0.002216 1.000000
-0.445856 -1.073000 621.410508
-0.252483 -0.693847 119.209831
-0.000646 -0.001835 1.000000
1.001992 -1.887793 552.701693
0.285618 -0.520824 -147.790871
0.001088 -0.003084 1.000000
-0.440008 -1.604378 720.215124
-0.037654 -1.786800 160.388803
-0.000230 -0.003559 1.000000
-0.751450 0.160655 -157.704520
-0.572657 -0.001455 481.168117
-0.001673 0.000036 1.000000
-0.362740 -1.092294 2112.654176
-0.136045 -0.565844 602.088263
-0.000460 -0.001884 1.000000
-0.295171 0.665381 -268.973215
-0.423189 0.810833 24.121407
-0.001870 0.001101 1.000000
-0.454528 0.114820 -64.646390
-0.331227 0.090570 114.035213
-0.001449 -0.000213 1.000000
-0.593999 0.296277 -148.073471
-0.363969 0.246608 77.464214
-0.001700 -0.000090 1.000000
0.679183 -0.280485 146.201100
-0.067143 0.778873 71.552655
0.000030 -0.000452 1.000000
0.570142 -0.032681 40.071173
-0.154983 0.830412 51.909086
-0.000335 -0.000066 1.000000
-0.740712 -1.268600 644.861406
-0.241359 -1.235276 293.056749
-0.000692 -0.002368 1.000000
-3.771527 6.613699 -3872.040408
-2.718652 3.120439 1619.951813
-0.009297 0.011675 1.000000
-0.577402 -0.402495 -25.573496
-0.426399 -0.261894 369.793508
-0.001316 -0.000991 1.000000
-0.630753 0.051738 -181.575279
-0.585802 0.071416 333.559519
-0.001645 -0.000208 1.000000
0.683921 -3.463532 1110.516762
0.835724 -2.180827 -544.927676
0.002222 -0.006733 1.000000
-0.784521 -0.567058 533.815450
-0.403390 -0.286202 934.334857
-0.001275 -0.000910 1.000000
553.251437 -1194.007289 281127.146102
503.658608 -814.193331 -560641.919137
1.211198 -2.340470 1.000000
2.243555 2.568244 -1389.144948
-0.575918 4.582865 -1016.025206
-0.001804 0.005495 1.000000
-1.689757 -0.042211 41.583892
-0.603113 0.305998 302.864346
-0.003423 0.001254 1.000000
1.000000 -0.000000 -0.000000
0.000000 1.000000 -0.000000
0.000000 0.000000 1.000000
0.839982 -0.066839 43.308234
-0.082321 0.789299 121.650196
-0.000107 -0.000168 1.000000
1.626102 -2.820651 -2315.211010
1.583688 -2.828239 -1721.356657
0.002819 -0.007045 1.000000
0.803504 -3.170637 877.221328
0.389958 -1.514297 -262.156504
0.001326 -0.004729 1.000000
-0.288728 -1.073276 507.896397
-0.125576 -0.841381 -121.441248
-0.000346 -0.002209 1.000000
0.425944 -2.468714 522.308999
0.077596 -2.045785 -233.702959
0.000389 -0.003987 1.000000
-0.070553 -1.679358 375.310078
-0.087890 -1.338198 -195.109101
0.000071 -0.003395 1.000000
-0.232037 -2.135386 679.050322
-0.053619 -1.375412 -35.436256
0.000096 -0.003644 1.000000
-0.095327 -1.456488 759.740992
-0.094482 -0.920306 15.799215
-0.000022 -0.002645 1.000000
1.483856 0.418583 -236.058225
0.168399 1.604786 -222.326743
0.000087 0.000411 1.000000
-20.288883 -15.107953 9543.027397
-5.804215 -27.662987 8082.370537
-0.008195 -0.029870 1.000000
0.843676 -0.268705 95.839584
0.101752 0.716068 -80.897585
0.000030 -0.000632 1.000000
0.082106 -1.119575 500.714694
0.059875 -0.600345 15.078479
-0.000119 -0.002077 1.000000
-0.955579 -2.493257 1472.665878
-0.058743 -2.787952 777.542956
0.000662 -0.005044 1.000000
-0.252955 -1.881517 877.994001
-0.192778 -1.591285 222.895129
-0.000094 -0.003133 1.000000
0.462773 -2.532975 611.401185
0.317412 -2.282261 10.864133
0.000779 -0.004529 1.000000
-12.490602 12.330022 -6170.042365
-3.494352 7.584198 691.718247
-0.018448 0.020715 1.000000
-0.513910 -0.872859 1153.731667
-0.203123 -0.410758 557.101225
-0.000630 -0.001680 1.000000
-0.992044 0.866834 -232.037556
-0.814812 0.622220 465.066809
-0.002498 0.001414 1.000000
-0.628496 0.490737 -61.751047
-0.579360 0.456681 332.498516
-0.001821 0.000842 1.000000
-0.342535 -0.203329 177.103782
-0.383422 -0.082128 287.273316
-0.001102 -0.000525 1.000000
14.071462 -44.753864 17209.264289
14.666894 -38.343552 -2024.612116
0.045186 -0.080497 1.000000
-0.350385 -0.660277 230.535016
-0.375510 -0.627033 351.745795
-0.000930 -0.001410 1.000000
-0.350046 -0.750976 183.914233
-0.341740 -0.690349 323.068060
-0.000931 -0.001518 1.000000
-0.514596 0.274986 -114.994892
-0.473515 -0.005227 345.469284
-0.001746 0.000102 1.000000
0.689121 -5.152249 2889.264086
1.106714 -4.663369 -665.449512
0.004639 -0.010865 1.000000
-0.209919 -2.057533 884.433204
-0.045784 -1.686011 77.346067
0.000213 -0.003563 1.000000
-0.088427 -0.540380 276.610622
-0.188229 -0.189949 168.618602
-0.000608 -0.001206 1.000000
-0.036595 -0.991419 434.091853
-0.256354 -1.069367 166.664202
-0.000283 -0.002542 1.000000
0.359177 -1.438316 878.957767
0.224123 -1.481940 -34.703162
0.000629 -0.003538 1.000000
0.397755 -1.581915 572.497875
0.153285 -1.613340 -3.926429
0.000464 -0.003418 1.000000
0.479206 -2.550976 431.355381
0.251714 -2.001785 -577.326191
0.001096 -0.004482 1.000000
0.258748 -1.844462 24.083148
0.281824 -1.241081 -97.900308
0.000692 -0.003398 1.000000
0.046310 -1.522484 1050.392527
-0.015006 -0.886835 215.210594
0.000018 -0.002616 1.000000
-0.369966 -1.160090 1016.499522
-0.068588 -0.337521 -70.901161
-0.000328 -0.001863 1.000000
333.958707 -1278.809930 1059243.715195
197.147141 -577.462160 -57300.225214
1.170680 -2.062549 1.000000
0.117968 -1.164284 2967.604875
-0.418509 -1.392233 520.307246
-0.000085 -0.002801 1.000000
-0.572859 0.261076 -4.289426
-0.522046 0.181113 356.800203
-0.001688 0.000315 1.000000
0.103270 -1.552492 496.204893
0.051334 -0.812205 -49.865497
0.000145 -0.002979 1.000000
-1.075518 1.628871 963.579462
-1.256773 1.050943 1738.292828
-0.002705 0.002365 1.000000
0.610078 -3.273809 743.117825
0.886468 -2.618034 -1565.227119
0.001731 -0.006049 1.000000
1.807611 -3.562137 -366.735606
1.193188 -3.575690 -1520.663690
0.002942 -0.008128 1.000000
-0.375639 -0.556150 363.378391
-0.413785 -0.638202 -175.173557
-0.000918 -0.001327 1.000000
1.683317 -3.738975 390.741522
1.079141 -3.082652 -1288.690577
0.002832 -0.007878 1.000000
0.087147 -1.898145 1363.628302
0.219262 -1.551448 -167.621456
0.000678 -0.004137 1.000000
-0.115620 -1.130729 467.475696
0.029104 -0.561196 -66.260344
0.000021 -0.002124 1.000000
-0.531587 0.196286 886.932187
-0.564885 -0.378262 536.859089
-0.001470 -0.000377 1.000000
-2.963571 3.358635 3448.326036
-1.534617 1.061556 2057.999738
-0.004649 0.004514 1.000000
-1.737618 0.165164 -237.991760
-1.121489 0.142380 862.504951
-0.002731 0.000692 1.000000
0.038223 -1.980690 1361.612574
0.090843 -1.356313 -493.908458
0.000370 -0.003696 1.000000
-1.006033 -0.081402 1120.778097
-0.723040 -0.087296 626.250953
-0.001690 -0.000156 1.000000
-27.098431 30.110357 16368.153242
-23.605670 30.842250 35838.320692
-0.060000 0.087258 1.000000
1.058362 -3.819634 396.355275
0.721230 -2.917269 -1995.981912
0.002588 -0.008062 1.000000
0.092898 -1.029197 438.793568
0.106236 -0.957084 -79.181123
0.000070 -0.002784 1.000000
-0.046817 -1.383651 981.705346
0.079583 -0.883570 -396.436756
0.000093 -0.002603 1.000000
2.328337 -4.574203 453.242333
1.696010 -2.529614 -2577.600519
0.005301 -0.009325 1.000000
1.194509 -4.013940 -817.522278
1.122129 -2.740066 -2221.648058
0.002974 -0.007496 1.000000
1.316263 -2.723192 284.333429
0.503927 -2.431413 -396.371739
0.001538 -0.005857 1.000000
-0.734058 -0.857845 1081.720792
-0.472669 -0.589779 292.856433
-0.000990 -0.001267 1.000000
-1.670358 1.254685 505.734014
-1.096431 1.216682 1403.599476
-0.002601 0.002132 1.000000
