-0.554642 -0.832124 691.866943
-0.410237 -0.534656 -205.501013
-0.000978 -0.001460 1.000000
-0.403784 -0.080580 772.923517
-0.667407 0.207603 331.280096
-0.001867 0.000100 1.000000
-0.293026 -0.621865 130.819768
-0.261765 -0.639024 -132.810926
-0.000758 -0.001782 1.000000
-1.258593 -0.098270 -690.558353
-0.900805 -0.135971 339.146733
-0.002137 -0.000589 1.000000
-0.498555 -0.926279 173.272322
-0.184951 -0.667446 40.554166
-0.000846 -0.001813 1.000000
-0.835592 -2.166547 1025.249966
1.044971 -0.451137 -109.343498
0.000765 -0.002946 1.000000
-0.197337 -0.988510 208.396579
-0.210479 -0.813393 -154.299619
-0.000583 -0.002004 1.000000
-0.318080 1.255088 706.521757
-1.714928 0.249003 676.951766
-0.004166 0.002085 1.000000
-0.097392 0.276945 318.286047
-0.900575 -0.603914 328.565049
-0.001673 -0.000878 1.000000
-0.040660 -1.104102 529.538877
-0.142989 -1.467265 -504.628839
-0.000298 -0.002813 1.000000
0.330669 -2.061085 623.143403
0.299850 -1.421513 -832.210163
0.000854 -0.003789 1.000000
0.101988 -1.757374 -149.823239
0.210924 -1.503931 -291.750865
0.000223 -0.003676 1.000000
0.055702 -5.530738 616.232670
0.269430 -3.677505 18.656600
0.002812 -0.008075 1.000000
0.416745 -2.614550 457.011754
0.273182 -2.209991 -320.816224
0.001529 -0.005282 1.000000
0.082410 -0.723142 1007.281217
-0.144483 -1.093952 -185.161970
-0.000174 -0.002573 1.000000
-0.946147 0.295825 1859.490961
-0.916969 0.176799 1003.661091
-0.002372 0.000647 1.000000
-0.377728 -1.224437 563.776277
-0.185948 -0.956217 -74.434278
-0.000376 -0.002126 1.000000
0.189544 -1.917751 -331.907702
0.444306 -2.110858 -606.928731
0.001340 -0.004540 1.000000
0.812647 -2.266674 -973.098847
0.836926 -2.776807 -773.321888
0.001810 -0.005504 1.000000
-0.346816 -0.973116 379.511867
-0.246716 -0.622155 -118.276404
-0.000699 -0.001705 1.000000
0.836801 -1.952229 -139.739917
0.534008 -1.775984 -532.874329
0.001059 -0.004059 1.000000
0.243560 -2.193632 845.010428
0.406359 -1.748201 -1262.709104
0.001037 -0.004187 1.000000
1.060574 -8.415053 702.789810
2.814776 -7.382206 -3976.907753
0.005124 -0.013699 1.000000
-0.772435 -0.459475 1451.700022
-0.535515 -0.198377 -25.923849
-0.001628 -0.000318 1.000000
0.204522 -1.841570 831.819322
0.368791 -1.906198 -740.666856
0.000448 -0.003927 1.000000
0.234504 -2.225817 1218.045492
0.702844 -2.294076 -1248.218926
0.001215 -0.004679 1.000000
0.285407 -1.598299 713.201051
0.308628 -1.178073 -258.207553
0.000534 -0.002837 1.000000
0.166169 -1.192412 -168.108511
-0.074672 -1.141712 -796.698220
-0.000069 -0.002841 1.000000
1.255617 -2.929557 -2425.899054
1.028537 -2.781775 -2378.666053
0.001985 -0.006107 1.000000
-11.742102 14.178560 -13246.419971
-11.500280 12.054807 8161.900593
-0.022394 0.027332 1.000000
0.145917 -1.348534 572.432602
0.232745 -1.210334 -470.893604
-0.000042 -0.003175 1.000000
0.239841 -1.560151 264.102896
0.003621 -1.207679 -50.220738
0.000118 -0.002875 1.000000
0.713625 -2.166272 1003.187926
0.607201 -2.091308 -429.304704
0.001263 -0.004919 1.000000
5.156661 -5.404325 4571.626406
3.405504 -3.996673 -2455.413825
0.007599 -0.011836 1.000000
1.836969 -3.585905 1078.974383
1.341795 -3.694761 -989.190749
0.002999 -0.007424 1.000000
0.243864 -1.061739 425.426114
0.014288 -0.623552 24.700829
0.000089 -0.002196 1.000000
-0.138908 -0.515594 213.405135
-0.196503 -0.455823 80.225567
-0.000787 -0.001470 1.000000
0.749573 -0.991587 311.585082
0.270850 -0.203509 -149.008495
0.000522 -0.002122 1.000000
0.018280 -0.560152 253.147680
-0.229861 -0.232712 231.464893
-0.000623 -0.001178 1.000000
0.022279 -0.503824 93.707897
-0.201227 -0.260178 172.658362
-0.000744 -0.001366 1.000000
1.683395 -0.410484 -35.167131
0.795554 0.711909 -180.096358
0.000943 -0.001147 1.000000
1.416826 -0.700885 -38.893722
0.361487 0.392120 69.612925
0.000737 -0.001499 1.000000
0.898617 -0.937128 96.776731
0.145158 -0.274213 248.649147
0.000217 -0.001865 1.000000
1.396326 0.395945 -131.693211
0.072613 1.369116 -120.424871
0.000189 0.000251 1.000000
1.000000 0.000000 -0.000000
-0.000000 1.000000 0.000000
0.000000 0.000000 1.000000
0.721295 -0.703416 134.409575
-0.000333 0.034522 272.800174
-0.000084 -0.001163 1.000000
0.666135 -0.714689 124.987896
0.023457 -0.059727 245.350022
-0.000033 -0.001374 1.000000
0.897369 -0.879417 183.073601
0.237618 -0.110016 177.653976
0.000530 -0.001599 1.000000
0.432147 -0.783873 224.980833
-0.032304 -0.375404 292.053004
-0.000103 -0.001501 1.000000
-0.292459 -0.854340 333.062332
-0.293101 -0.845496 281.923434
-0.000780 -0.001724 1.000000
-0.196894 -0.394889 146.078917
-0.376147 -0.349025 306.336504
-0.000967 -0.000977 1.000000
0.426799 -0.738865 187.823269
-0.030046 -0.441905 263.705234
-0.000088 -0.001616 1.000000
0.352821 -0.839626 216.478781
-0.090803 -0.332162 204.450362
-0.000124 -0.001608 1.000000
-0.230704 -0.277787 121.986930
-0.472853 -0.013222 312.068385
-0.001197 -0.000507 1.000000
0.627912 -1.219966 493.417658
0.274617 -0.709017 92.707821
0.000409 -0.002377 1.000000
-1.747847 0.383669 22.458145
-1.026771 0.017700 468.377241
-0.002382 0.000384 1.000000
0.896392 -0.618620 245.599125
0.112297 0.842189 -144.199200
0.000403 -0.000850 1.000000
0.016628 -0.991969 381.419288
-0.051579 -0.807490 52.286089
-0.000110 -0.002372 1.000000
-0.316462 -0.617220 220.416617
-0.284780 -0.385647 105.371689
-0.000881 -0.001324 1.000000
-0.500629 -0.591267 227.385806
-0.346983 -0.337461 75.241230
-0.001041 -0.001208 1.000000
-0.319678 -2.573345 950.489570
0.148865 -2.787276 166.272555
0.000649 -0.005285 1.000000
-0.277950 -0.985872 309.658432
-0.114020 -0.643081 39.121177
-0.000499 -0.001845 1.000000
0.001913 -0.881805 442.376516
-0.089528 -0.519317 -2.060802
-0.000140 -0.002110 1.000000
0.044035 -1.365058 675.678715
0.137737 -1.001611 104.111781
0.000183 -0.002551 1.000000
0.383004 -1.466613 552.763355
0.042869 -1.035252 -87.518203
0.000629 -0.003352 1.000000
-0.023152 -0.822597 352.735999
-0.118167 -0.705207 89.186123
-0.000363 -0.001891 1.000000
0.049077 -1.346001 628.509283
-0.024725 -1.236912 20.718280
0.000050 -0.002639 1.000000
-0.393876 -1.074792 680.891072
-0.151666 -0.581805 -176.756724
-0.000683 -0.001940 1.000000
-0.367868 -1.155763 745.466812
-0.320716 -0.971414 -59.817693
-0.000522 -0.002167 1.000000
-0.376955 -1.260213 1207.091304
-0.227993 -0.917214 -475.442700
-0.000384 -0.002264 1.000000
-0.286992 -0.928842 804.645724
-0.329374 -0.917228 -96.262216
-0.000680 -0.001979 1.000000
-0.124994 -0.850812 481.542586
-0.184283 -0.778555 -179.606718
-0.000510 -0.001803 1.000000
-0.244806 -0.965654 403.868731
-0.454312 -1.123420 98.008446
-0.000505 -0.002230 1.000000
0.156349 -1.000824 528.215951
0.048387 -0.682111 8.489342
-0.000034 -0.002218 1.000000
-0.006741 -1.054589 340.116527
-0.132334 -0.799972 182.135778
-0.000380 -0.002102 1.000000
0.030621 -0.884396 218.087744
-0.181216 -0.729339 195.202852
-0.000404 -0.001847 1.000000
0.467066 -1.851012 777.161912
0.104715 -1.663494 -757.724544
0.000567 -0.004192 1.000000
1.123397 -4.237547 688.239952
0.567632 -3.166458 -1826.988170
0.002306 -0.008018 1.000000
-0.534488 -1.110422 887.961759
-0.294280 -0.658634 -181.443440
-0.000753 -0.001677 1.000000
-0.282407 -0.928861 645.235773
-0.206940 -0.715409 -17.889176
-0.000563 -0.001850 1.000000
-0.393747 -1.070459 678.521327
-0.428605 -1.123474 103.882249
-0.000704 -0.002256 1.000000
0.029370 -1.337974 857.595201
-0.109396 -1.250549 2.597714
-0.000010 -0.002874 1.000000
0.057524 -1.576871 566.739934
-0.016861 -1.784175 -289.481698
-0.000026 -0.003550 1.000000
-0.897825 -0.724408 1349.078273
-0.577373 -0.463626 120.499776
-0.001327 -0.001233 1.000000
-2.708732 0.652084 2695.108798
-1.407974 0.933856 1913.213607
-0.003917 0.002242 1.000000
-0.362195 -1.029578 336.760491
-0.123388 -0.734392 -137.571876
-0.000568 -0.002170 1.000000
-0.981592 -0.982070 1194.321295
-0.587809 -0.487529 213.837641
-0.001340 -0.001354 1.000000
-0.318831 -1.295726 1382.369050
-0.108703 -1.007683 -538.663776
-0.000554 -0.002723 1.000000
-0.946261 0.233720 820.969166
-0.849836 0.330131 -462.556137
-0.002101 0.000319 1.000000
-0.484057 -1.020803 900.508612
-0.419751 -0.915600 79.437259
-0.000961 -0.001942 1.000000
-0.631770 -0.917702 852.226030
-0.513008 -0.883936 245.771668
-0.000993 -0.001754 1.000000
-0.089686 -1.967194 427.801275
-0.052836 -1.921224 -136.709332
-0.000180 -0.003606 1.000000
-0.646325 -1.291126 1006.367555
-0.341372 -0.840851 -99.547147
-0.000917 -0.001965 1.000000
0.638430 -2.470669 3927.544244
0.732576 -1.602871 -305.480505
0.001653 -0.004938 1.000000
0.858763 -2.273502 -17.358569
0.296694 -1.150454 -636.281339
0.000748 -0.003606 1.000000
-0.923684 -0.348418 1752.150182
-0.635108 -0.192621 1259.501325
-0.001728 -0.000615 1.000000
-0.405033 -0.642725 553.909818
-0.389102 -0.372663 -35.301273
-0.001068 -0.001296 1.000000
0.006869 -0.839783 235.696937
-0.104042 -0.727943 -261.867986
-0.000624 -0.002053 1.000000
-0.749769 -0.233656 1264.331919
-0.553290 -0.252455 -288.967610
-0.001416 -0.000758 1.000000
-0.659906 -1.088523 999.365009
-0.401218 -0.897723 214.873320
-0.000882 -0.001872 1.000000
1.969586 -5.200777 -1695.831477
2.028239 -4.872879 -840.147924
0.004482 -0.009736 1.000000
0.455854 -1.973726 679.908066
0.437951 -2.161697 -667.459125
0.000583 -0.004422 1.000000
-0.108533 -1.170780 620.878655
-0.141483 -1.272397 -501.175703
-0.000245 -0.002434 1.000000
-0.144490 -1.220658 948.081828
0.067956 -1.231904 -339.653076
-0.000104 -0.002946 1.000000
-0.329826 -1.610875 496.267082
0.038557 -1.314919 -191.286463
-0.000095 -0.002916 1.000000
0.157269 -1.228923 923.335198
0.281147 -1.136380 -108.955447
0.000104 -0.002888 1.000000
3.920821 -6.689298 6615.529162
3.796396 -5.888771 -2784.239509
0.008147 -0.013255 1.000000
-0.739782 -1.000850 814.315819
-0.572313 -0.810663 -10.698551
-0.001117 -0.001711 1.000000
-0.550339 -1.048954 810.933771
-0.272781 -0.887382 15.754958
-0.000691 -0.002044 1.000000
-0.581671 -1.054939 661.369714
-0.468032 -0.863976 -129.570125
-0.000932 -0.001799 1.000000
1.372378 -3.108173 720.134796
1.239435 -2.543000 -1590.911565
0.003494 -0.007206 1.000000
-0.382605 -0.995960 306.629740
-0.406246 -0.880459 -212.699885
-0.000705 -0.001812 1.000000
-0.941987 -0.897239 962.533850
-0.490035 -0.499026 -0.466000
-0.001372 -0.001248 1.000000
0.286188 -1.848210 530.336814
0.114710 -1.593655 42.979014
0.000153 -0.003551 1.000000
0.130249 -1.383073 641.478419
0.016861 -1.069649 -134.475085
0.000146 -0.003076 1.000000
-0.648819 -0.677186 491.580597
-0.502967 -0.470898 84.525517
-0.001146 -0.001098 1.000000
-0.101723 -1.254065 479.260152
0.054055 -1.116673 -281.367654
-0.000212 -0.002464 1.000000
-0.729365 -0.530030 1835.774219
-0.605053 -0.494043 -323.485087
-0.001321 -0.000835 1.000000
-0.689384 -0.731859 869.118467
-0.492295 -0.419911 -342.398432
-0.001228 -0.001292 1.000000
0.297731 -1.684976 -655.842164
0.283517 -1.488082 -1195.684817
0.000797 -0.003757 1.000000
-0.724649 -1.125247 815.885521
-0.507714 -0.752030 -316.299582
-0.001130 -0.001736 1.000000
-0.304024 -1.237834 474.478075
-0.225498 -0.948465 -26.937909
-0.000491 -0.002086 1.000000
-0.580675 -0.730682 706.326567
-0.573718 -0.839075 106.162385
-0.001201 -0.001488 1.000000
-0.420124 -1.397524 817.825870
-0.332819 -1.202734 -100.218889
-0.000595 -0.002322 1.000000
-0.198935 -1.129026 265.523128
0.033911 -0.897391 -569.609679
-0.000416 -0.002272 1.000000
-0.193892 -0.752893 -10.019170
-0.467240 -1.010796 -64.015387
-0.000717 -0.002172 1.000000
0.154874 -1.773457 805.727896
0.172050 -1.489562 -472.581920
0.000310 -0.003478 1.000000
-0.773323 -1.011469 738.459210
-0.605186 -0.687793 -239.300838
-0.001203 -0.001453 1.000000
0.214497 -1.953652 596.817955
0.120137 -2.285103 -392.876742
0.000409 -0.004701 1.000000
-0.754317 -0.796824 487.651326
-0.501154 -0.406069 75.614506
-0.001221 -0.001111 1.000000
-0.629174 -0.843462 831.522762
-0.410939 -0.702206 -88.725601
-0.000947 -0.001606 1.000000
0.061650 -1.069787 58.035231
-0.137710 -1.040931 -719.104006
-0.000379 -0.002542 1.000000
-0.352256 -0.802029 29.951500
-0.317502 -0.670135 -470.598080
-0.000798 -0.001759 1.000000
-0.040217 -1.411983 -1113.557592
-0.119475 -1.049909 -662.001233
-0.000290 -0.002447 1.000000
-0.666790 -1.037715 -924.917418
-0.475250 -0.803570 -377.000842
-0.000965 -0.001723 1.000000
-2.232667 0.869685 -232.445388
-1.737587 1.032825 1911.968394
-0.004260 0.002143 1.000000
0.277518 -2.492323 1484.004465
0.396538 -1.789271 -361.831468
0.000771 -0.004031 1.000000
-0.669709 -1.262491 413.834281
-0.278623 -0.645383 -249.450964
-0.000877 -0.001621 1.000000
17.337389 -19.645025 19828.252174
9.366439 -10.604164 -4645.992258
0.031631 -0.038574 1.000000
-0.336357 -0.956378 1124.798241
-0.146962 -0.549485 -235.453833
-0.000675 -0.001845 1.000000
-0.589822 -0.876221 1044.465821
-0.369510 -0.818247 115.044749
-0.000874 -0.001865 1.000000
-0.626957 -0.973160 1126.972869
-0.341570 -0.469559 -424.629959
-0.001074 -0.001520 1.000000
-0.146976 -0.950520 -610.653994
-0.120326 -0.716378 -401.756054
-0.000397 -0.002242 1.000000
-1.619792 0.778792 -2239.220364
-1.005498 0.481890 -1818.281968
-0.003135 0.001252 1.000000
-0.482311 -0.933072 987.404103
-0.134107 -0.723934 -249.017198
-0.000512 -0.002047 1.000000
-0.545525 -0.493311 1110.768336
-0.597158 -0.553029 91.908932
-0.001188 -0.001132 1.000000
1.651483 -2.663299 -1801.905102
0.938409 -2.049699 -2591.286841
0.002802 -0.005823 1.000000
-0.145214 -0.765533 371.869093
-0.324456 -0.758832 -68.399375
-0.000592 -0.001913 1.000000
2.048573 -5.522789 -5617.080641
2.010448 -4.161374 -1520.504271
0.004903 -0.009326 1.000000
-1.009556 -0.733596 -1077.520754
-0.660187 -0.470945 335.473311
-0.001465 -0.001103 1.000000
-1.036734 -0.082377 1395.885574
-0.862432 0.422846 1820.807691
-0.002488 0.000647 1.000000
-1.494417 0.691068 2026.440501
-1.007455 0.456462 -667.747714
-0.002558 0.000964 1.000000
-0.545077 -1.078930 -565.653862
-0.307490 -0.765680 533.693174
-0.000768 -0.001763 1.000000
-0.352117 -1.339363 2970.560842
-0.258349 -1.014807 -64.411734
-0.000658 -0.002376 1.000000
-0.978018 -0.281447 1039.194082
-0.803614 -0.087350 -246.317120
-0.001807 -0.000273 1.000000
-0.739604 -0.800630 1177.331302
-0.442718 -0.452448 -32.984404
-0.001243 -0.001259 1.000000
-0.628588 -0.561137 751.329066
-0.425638 -0.236374 -657.230585
-0.001363 -0.001046 1.000000
0.078818 -2.017129 999.041282
-0.003225 -0.967383 1434.136926
0.000130 -0.003316 1.000000
-0.380053 -1.032299 -1107.939270
-0.172864 -0.770657 582.643258
-0.000443 -0.002196 1.000000
-0.634199 -1.308340 1041.914678
-0.073999 -1.951403 -16.581152
-0.000241 -0.003439 1.000000
-0.074339 -1.666731 774.027611
-0.007939 -2.048988 -49.482483
0.000181 -0.003686 1.000000
-0.150006 -0.817366 -75.768528
-0.343277 -0.681212 -77.831125
-0.000624 -0.001877 1.000000
-0.339897 -1.036752 819.082317
-0.292918 -0.931622 29.324822
-0.000620 -0.002047 1.000000
-0.563534 -0.494351 469.416047
-0.521707 -0.470268 -1024.528074
-0.001183 -0.001210 1.000000
-0.022879 -1.080336 808.092745
-0.062995 -1.383802 56.262200
-0.000165 -0.002639 1.000000
-0.190570 -0.689523 458.553611
-0.223737 -1.160110 -63.142661
-0.000600 -0.002297 1.000000
0.990493 -3.973226 -121.326679
0.556382 -2.832946 -4793.331229
0.001781 -0.005721 1.000000
1.204930 -2.586083 1281.777819
0.851657 -2.601103 -876.827337
0.001632 -0.006103 1.000000
-0.170300 -1.091658 -605.521109
-0.234677 -0.889046 -150.437868
-0.000627 -0.002450 1.000000
-0.606954 -0.831130 449.249787
-0.491539 -0.735109 104.277292
-0.000975 -0.001490 1.000000
-0.334222 -1.391774 670.595488
-0.243668 -0.999044 -78.555108
-0.000529 -0.002135 1.000000
-0.528538 -1.210000 392.598536
-0.306472 -1.253912 -93.553618
-0.000766 -0.002398 1.000000
-0.327378 -0.811184 -28.902077
-0.325923 -0.741453 -2.369423
-0.000911 -0.001791 1.000000
-0.223685 -0.562248 -334.168894
-0.146504 -0.575064 -168.743245
-0.000800 -0.001856 1.000000
1.163529 -2.664843 1197.001737
1.147414 -2.441369 -1431.419691
0.002077 -0.006016 1.000000
-0.238110 -1.649349 166.012177
-0.216179 -1.566939 -233.581427
-0.000551 -0.002975 1.000000
-0.372534 -1.011035 254.840103
-0.345464 -0.906045 -1272.298661
-0.000922 -0.001892 1.000000
-0.859421 0.179895 -544.261463
-0.668661 0.079537 -158.306404
-0.002083 -0.000110 1.000000
-0.684112 -0.514271 -509.838732
-0.479748 -0.584174 445.040884
-0.001295 -0.001335 1.000000
-0.581357 -0.633488 571.604485
-0.477382 -0.605971 -158.761704
-0.001166 -0.001400 1.000000
0.530792 -1.788273 -2950.522382
0.400893 -2.241827 -465.931604
0.000878 -0.004375 1.000000
0.256605 -1.373250 -71.937599
0.049064 -1.038156 -250.022254
0.000139 -0.003186 1.000000
-0.021437 -1.396920 1660.247077
-0.171547 -1.002028 -1138.884350
-0.000111 -0.002513 1.000000
-0.988972 -0.234379 -1143.031292
-0.896788 -0.424320 -15.681620
-0.001892 -0.000588 1.000000
-0.923675 -0.881352 1200.025803
-0.569880 -0.384584 101.385211
-0.001550 -0.001030 1.000000
-0.554371 -0.701090 -378.326513
-0.406862 -0.634223 479.601616
-0.001161 -0.001542 1.000000
0.453038 -1.862738 -1928.497493
0.060125 -1.515663 -164.700458
0.000315 -0.003773 1.000000
0.052086 -1.385003 -13.820594
0.151902 -0.973684 -410.114842
-0.000007 -0.002554 1.000000
-0.054932 -1.212939 350.895908
-0.072157 -1.147791 -84.474100
-0.000072 -0.002537 1.000000
-0.068899 -0.715907 -342.257291
-0.411802 -0.961542 995.436229
-0.000618 -0.001822 1.000000
-1.794644 0.869875 -445.745851
-1.515012 0.294794 -989.065827
-0.002943 0.000894 1.000000
0.858979 -2.404784 -512.335898
0.363187 -2.146737 -795.267909
0.001350 -0.004824 1.000000
-0.145228 -1.272140 -857.955452
-0.201742 -1.205520 -108.115033
-0.000347 -0.002862 1.000000
-0.928686 -0.617673 -245.227036
-0.712147 -0.407054 563.785943
-0.001727 -0.000863 1.000000
833.790985 -1709.250424 -727879.905211
1098.005057 -1227.602400 -551178.173756
2.518906 -3.006256 1.000000
0.132760 -1.353264 38.734411
-0.268975 -1.194044 -910.756230
-0.000249 -0.002528 1.000000
-0.898115 -0.495493 770.253778
-0.714939 -0.517145 1171.847996
-0.001545 -0.000800 1.000000
-1.123664 0.744317 3615.685171
-0.697353 0.129866 1344.886047
-0.002384 0.000842 1.000000
-1.237906 0.037871 -1717.736334
-1.122416 0.199643 -1276.753483
-0.002950 0.000778 1.000000
-2.191702 0.804303 -216.869960
-1.193663 0.765538 2925.614509
-0.004621 0.001742 1.000000
-0.813016 -0.023951 1867.004354
-0.794087 -0.360357 -922.110428
-0.001883 -0.000214 1.000000
-1.856154 0.790786 -2062.992767
-1.194413 0.765159 978.225386
-0.003412 0.001520 1.000000
-0.527973 -1.484153 808.551926
-0.367863 -0.984263 -54.358667
-0.000826 -0.002140 1.000000
0.183620 -1.991544 2195.797701
0.022115 -1.250432 -760.780648
0.000248 -0.003231 1.000000
-0.493051 -0.877902 754.077190
-0.386461 -0.644520 -80.252009
-0.000960 -0.001733 1.000000
0.113692 -2.619318 619.160871
-0.000360 -1.313783 -481.856600
0.000153 -0.003760 1.000000
0.009807 -2.350397 1000.904641
0.097108 -1.507113 -1856.804856
0.000118 -0.003364 1.000000
0.118402 -2.817632 -935.834948
0.469903 -1.374406 -808.177426
0.000618 -0.004222 1.000000
-1.730546 0.437818 1741.678475
-0.909839 0.659671 2682.824054
-0.002874 0.001141 1.000000
0.328777 -2.797546 -2755.900657
0.546072 -2.516742 -1375.493335
0.001665 -0.005510 1.000000
-0.528129 -0.553386 1450.387280
-0.454470 -0.437740 858.205257
-0.001280 -0.001363 1.000000
-4.025212 3.204175 -682.272392
-2.234450 2.112586 2357.765107
-0.005754 0.005094 1.000000
0.402747 -1.661849 -841.220625
0.606536 -1.570089 -1946.395091
0.000786 -0.003529 1.000000
-4.991851 6.197071 -6271.907881
-3.784883 5.579112 3486.538628
-0.010778 0.011370 1.000000
0.066667 -1.886775 3975.203272
0.184757 -1.272323 3141.391881
0.000439 -0.003288 1.000000
3.471904 -9.021378 3297.261890
1.571590 -4.323676 11778.828799
0.005981 -0.014449 1.000000
-0.388327 -1.445877 267.838164
-0.057602 -0.609975 1031.555666
-0.000457 -0.002362 1.000000
17.365216 -21.768710 22703.571049
5.757205 -8.187579 2642.772118
0.025809 -0.037535 1.000000
-0.235306 -1.532482 268.356005
-0.295075 -1.501364 -174.419239
-0.000580 -0.002808 1.000000
-0.755267 -0.771314 334.980953
-0.474202 -0.565536 919.403878
-0.001284 -0.001176 1.000000
0.118880 -2.696929 737.282496
0.414958 -1.674352 -2300.954974
0.001021 -0.004306 1.000000
-0.073390 -0.975938 1668.503581
-0.300889 -1.092125 582.454164
-0.000602 -0.002498 1.000000
0.590064 -2.668362 1770.385850
0.725131 -1.817140 -2126.459043
0.001153 -0.004703 1.000000
3.281610 -8.050193 7646.567811
1.556183 -3.522571 -3684.945638
0.006689 -0.011486 1.000000
-0.125012 -1.199506 -37.891393
0.015401 -0.585772 -672.116524
-0.000557 -0.002057 1.000000
-0.633867 -1.052456 1061.363620
-0.250845 -0.370777 -267.691565
-0.000905 -0.001454 1.000000
-1.069402 -1.154013 -536.046989
-0.447104 -0.342517 -283.532556
-0.001333 -0.001335 1.000000
-1.475228 0.565674 -789.429035
-1.149664 0.211845 560.520568
-0.002598 0.000581 1.000000
-0.410840 -0.654461 696.123543
-0.471443 -0.764614 68.334617
-0.000936 -0.001561 1.000000
-1.228816 -0.463146 525.251398
-0.981934 -0.246442 -235.942323
-0.002016 -0.000715 1.000000
-0.260825 -1.063552 951.296566
-0.120717 -0.991563 113.464436
-0.000485 -0.002258 1.000000
0.894696 -1.830338 870.361142
0.171426 -2.482078 -156.881827
0.001151 -0.004358 1.000000
0.013024 -1.668729 604.002250
0.091409 -1.524808 -303.196866
0.000274 -0.003249 1.000000
1.026001 -4.376726 3198.715959
1.651833 -3.629498 -2095.015058
0.003791 -0.008645 1.000000
-0.714989 -0.818992 1036.641548
-0.426954 -0.378454 -445.148055
-0.001309 -0.001242 1.000000
-0.217016 -1.369445 1012.632867
0.126656 -0.938078 -656.593465
-0.000551 -0.002512 1.000000
0.452856 -2.601453 3955.462055
0.330026 -1.439032 31.878615
0.001337 -0.004725 1.000000
-0.689761 -0.574563 1770.438496
-0.533593 -0.305402 1274.374360
-0.001463 -0.001067 1.000000
-0.530265 -0.894816 -2698.617195
-0.173598 -0.482777 420.105129
-0.000872 -0.001610 1.000000
-0.803257 -0.390781 1548.079479
-0.643258 -0.213602 19.689336
-0.001607 -0.000580 1.000000
-0.337420 -1.406482 485.828959
-0.219927 -1.257318 -10.558965
-0.000519 -0.002503 1.000000
-0.969932 -0.972005 873.355578
-0.392430 -0.323539 -186.794264
-0.001296 -0.001139 1.000000
-0.372675 -0.998137 184.797373
-0.222587 -0.538073 -268.811414
-0.000777 -0.001764 1.000000
0.327159 -1.986453 353.561427
0.249634 -1.447430 -1092.070823
0.000677 -0.003380 1.000000
0.021178 -1.296035 1159.825284
-0.127613 -1.236484 -410.735955
-0.000090 -0.002609 1.000000
-0.558696 -1.131874 449.463756
-0.244160 -0.774864 -356.126149
-0.000783 -0.001861 1.000000
-0.551562 -1.142465 153.015643
-0.176051 -0.557644 23.397544
-0.000831 -0.001828 1.000000
-0.305569 -0.681404 -180.589263
-0.339575 -0.747887 210.694695
-0.000822 -0.001681 1.000000
0.229658 -1.528648 -45.551637
-0.060401 -1.557945 -148.770889
0.000288 -0.003293 1.000000
-0.151856 -1.130682 159.510291
-0.071778 -0.737476 -532.653613
-0.000233 -0.002461 1.000000
-0.279224 -1.000219 398.438263
-0.232841 -0.853086 -73.798046
-0.000583 -0.001953 1.000000
2.301683 -4.625017 -119.790266
1.872697 -4.198254 -2658.071391
0.004155 -0.007938 1.000000
-12.721981 18.061378 22325.821192
-8.954017 11.930376 4763.386250
-0.027007 0.033039 1.000000
0.508917 -2.156747 -362.445658
0.489930 -1.714618 -889.865024
0.000928 -0.003986 1.000000
6.436362 -12.297778 -9837.606648
5.814201 -11.916648 -10029.802155
0.011953 -0.023658 1.000000
-0.200667 -1.715053 269.595231
-0.156134 -1.663788 81.123403
-0.000165 -0.002942 1.000000
-0.035252 -1.114804 -326.217965
0.023118 -1.242460 -158.897630
-0.000098 -0.002568 1.000000
-0.117407 -0.971376 -108.078989
-0.085917 -1.260051 116.069377
-0.000119 -0.002546 1.000000
0.075130 -2.062353 247.451976
0.119380 -1.036355 -294.528570
0.000258 -0.003242 1.000000
-0.528255 -0.908009 196.633396
-0.314972 -0.540899 23.224950
-0.000975 -0.001620 1.000000
-0.568966 -0.613198 1137.515480
-0.433094 -0.461011 -163.760192
-0.001132 -0.001177 1.000000
-0.795580 -0.781940 934.982790
-0.558514 -0.502343 948.951281
-0.001256 -0.001160 1.000000
-2.056956 1.001572 2866.230727
-1.134542 0.516230 378.074957
-0.003669 0.001799 1.000000
-0.488357 -1.575462 908.571270
-0.149914 -0.922501 -478.326435
-0.000205 -0.002439 1.000000
-0.134865 -0.970408 -129.088794
-0.348127 -1.080288 21.882934
-0.000593 -0.002014 1.000000
-0.347789 -0.822634 1067.829097
-0.370250 -0.763137 186.173428
-0.000712 -0.001555 1.000000
0.389203 -2.366658 1353.788725
0.797255 -2.541667 -363.114815
0.001172 -0.004632 1.000000
-0.227156 -0.796760 315.441169
-0.226557 -0.882543 -86.273677
-0.000585 -0.001871 1.000000
-0.454032 -1.195874 -180.673480
-0.316478 -1.056443 367.801003
-0.000649 -0.001939 1.000000
-0.724653 -0.347670 351.422873
-0.413766 -0.272249 -258.602253
-0.001433 -0.000767 1.000000
-0.080592 -1.430610 573.239743
-0.128448 -1.053929 -353.327629
-0.000328 -0.002411 1.000000
0.278911 -2.206974 -1615.829018
-0.102548 -1.443630 -467.717312
0.000119 -0.003583 1.000000
0.361751 -2.014442 -66.575299
0.081545 -1.060876 -277.417952
0.000514 -0.003423 1.000000
-0.284974 -1.211281 766.312712
-0.338244 -1.120168 -135.262212
-0.000479 -0.002336 1.000000
-0.304178 -1.398763 741.390816
-0.139784 -1.271790 -91.384444
-0.000247 -0.002815 1.000000
-0.003332 -1.352226 -138.582520
-0.089333 -1.305092 -15.390573
-0.000219 -0.002586 1.000000
-0.071221 -1.605435 742.334408
-0.151699 -1.455556 -157.417988
-0.000329 -0.002762 1.000000
-0.692387 -0.367493 1657.215057
-0.578692 -0.397026 477.202192
-0.001416 -0.001038 1.000000
-0.336373 -0.532041 780.961493
-0.391348 -0.584543 -245.448869
-0.000931 -0.001318 1.000000
0.650347 -2.957589 318.248680
0.505838 -3.191829 -766.604426
0.001393 -0.006362 1.000000
0.416840 -2.011155 972.577354
0.481834 -2.397460 -513.229071
0.001133 -0.004971 1.000000
0.459212 -2.441342 607.910587
0.321433 -1.977277 -173.076867
0.000589 -0.004218 1.000000
-0.417759 -0.853954 324.673482
-0.273625 -0.569165 16.869363
-0.000768 -0.001587 1.000000
-1.499069 -0.001811 -380.084002
-0.990328 0.083669 1564.199518
-0.002496 -0.000077 1.000000
-0.231010 -1.466990 516.271348
0.001835 -1.368989 -486.361954
-0.000109 -0.002867 1.000000
