0.096753 -1.592253 754.684458
0.102436 -1.309917 -293.850096
0.000499 -0.003702 1.000000
26.820252 -51.974230 11036.231280
21.391554 -46.490271 -24251.840148
0.054728 -0.108009 1.000000
0.614672 -1.402834 -180.916559
0.410593 -0.958059 -576.926042
0.000741 -0.003400 1.000000
-0.013020 -1.431596 357.324908
0.089944 -0.896762 -241.862378
0.000275 -0.002768 1.000000
0.360897 -2.099004 -12.047763
0.294539 -2.462695 -461.092670
0.000819 -0.004822 1.000000
-5.379811 5.384620 10125.659603
-3.075197 5.951319 9047.044578
-0.009303 0.013703 1.000000
0.453875 -2.547654 675.772413
0.912906 -2.876852 -1513.704056
0.002840 -0.007826 1.000000
-0.206438 -1.436552 251.328973
-0.013333 -1.203487 -817.587328
0.000132 -0.003616 1.000000
-1.149591 0.287741 1691.937159
-0.827538 0.242602 995.915984
-0.002153 0.000774 1.000000
-26.061786 20.018817 31030.096871
-13.928969 32.244051 41984.960718
-0.036536 0.064387 1.000000
-0.321248 -0.861319 739.915892
-0.271496 -0.796161 -127.900937
-0.000546 -0.002156 1.000000
-0.426936 -1.006840 1244.210644
-0.120719 -0.473830 -18.662800
-0.000650 -0.001766 1.000000
-1.606743 0.225624 384.610979
-0.780977 0.086678 1454.835826
-0.002449 0.001051 1.000000
-3.737241 1.273079 2315.385824
-1.840875 0.966871 4886.881701
-0.005916 0.006036 1.000000
-3.208118 2.381072 309.827742
-2.717334 2.195918 2513.739949
-0.005516 0.006657 1.000000
0.597423 -1.994551 606.158817
0.479057 -1.620838 -593.168478
0.001230 -0.004614 1.000000
0.581856 -1.741597 339.054364
0.316558 -1.187946 -754.548614
0.000956 -0.004078 1.000000
0.468907 -8.146615 5154.371297
2.666418 -7.222309 -3507.661228
0.007128 -0.017744 1.000000
0.282856 -1.408588 207.870413
0.104342 -1.605328 -443.336773
0.000522 -0.003877 1.000000
0.459984 -2.621353 1162.201405
0.329285 -1.687522 -690.498631
0.001000 -0.004681 1.000000
0.155735 -1.749946 428.454247
0.202826 -1.557455 -824.221414
0.000663 -0.004046 1.000000
-0.267334 -0.840579 1234.851562
-0.238723 -0.526075 13.301343
-0.000628 -0.001655 1.000000
-0.074486 -1.641717 3788.606607
0.141887 -1.058185 -1395.075423
0.000313 -0.002990 1.000000
0.248191 -2.488811 264.993840
0.247797 -1.700219 -365.399037
0.000760 -0.004658 1.000000
-2.643098 2.727478 -274.791512
-2.246764 1.990812 2889.549160
-0.004924 0.006806 1.000000
-3.091752 1.163109 2970.758414
-2.098504 2.421704 4639.340184
-0.005642 0.005525 1.000000
0.340002 -2.114364 141.929109
0.017803 -1.739920 -355.521880
0.000607 -0.003912 1.000000
-0.417344 -0.957119 949.569135
-0.283752 -0.640354 -713.520909
-0.000703 -0.001930 1.000000
0.083230 -1.234930 443.301056
-0.102775 -0.975292 -147.144585
-0.000058 -0.002585 1.000000
-1.816353 1.430025 130.337157
-1.604165 1.668513 2073.860246
-0.003688 0.003795 1.000000
0.827698 -3.546650 615.207054
1.290912 -2.562626 -2033.513140
0.002503 -0.006682 1.000000
0.629863 -1.835240 2014.416847
0.117406 -1.915873 -706.407529
0.000847 -0.004592 1.000000
-3.398194 5.052205 4097.727224
-3.791917 3.907602 5412.052205
-0.009354 0.011725 1.000000
0.345555 -2.341498 350.586983
0.642001 -1.097112 -1224.367430
0.000971 -0.004158 1.000000
1.598403 -4.847217 998.687476
2.680077 -4.241632 -2836.575773
0.004980 -0.011106 1.000000
1.465285 -2.551357 -825.453453
1.148025 -1.523422 -1689.179193
0.003290 -0.006773 1.000000
0.371531 -1.633777 903.344284
0.103559 -1.337985 -839.559969
0.000513 -0.003992 1.000000
-1.068144 -0.298709 1491.792029
-0.713379 -0.049218 345.447931
-0.001820 -0.000026 1.000000
0.029359 -2.322403 179.730186
0.212916 -0.713152 -649.318166
0.000426 -0.003489 1.000000
1.434520 -5.252149 1008.502828
1.310734 -2.791071 -2257.772442
0.004270 -0.009869 1.000000
-0.670461 -0.788356 1372.897387
-0.398311 -0.356413 -168.022321
-0.001100 -0.001135 1.000000
-0.444662 -1.002441 1038.594743
-0.113552 -0.527298 -438.901614
-0.000520 -0.001807 1.000000
-0.241040 -2.068603 1132.890038
-0.027640 -1.123001 -291.883366
0.000111 -0.003321 1.000000
-0.260711 -1.205049 -133.748659
0.115736 -0.448173 934.465001
-0.000331 -0.002071 1.000000
0.005695 -2.011665 816.090233
0.064131 -1.092717 -1357.342779
0.000552 -0.003722 1.000000
0.453284 -2.740728 256.559166
0.113983 -1.400395 -1178.422043
0.000956 -0.004413 1.000000
0.695948 -2.170028 -230.740040
0.545980 -1.517993 -534.418493
0.002161 -0.005829 1.000000
2.576559 -6.356643 -3090.931429
2.251946 -4.269205 -4926.104082
0.005898 -0.013702 1.000000
0.607855 -3.345967 2930.506122
0.739419 -2.758595 -3794.287947
0.002275 -0.007228 1.000000
-0.971683 -0.296173 773.842227
-0.728624 -0.216768 1171.823458
-0.001878 -0.000345 1.000000
-0.420792 -1.190430 882.686157
-0.171042 -0.597083 162.582960
-0.000364 -0.001830 1.000000
-0.251220 -1.199956 1039.088707
-0.080942 -1.177609 95.876345
-0.000251 -0.002924 1.000000
-0.110696 -2.092680 835.290995
0.105938 -1.487272 -382.792460
0.000430 -0.004065 1.000000
-2.344323 2.774744 -2430.566395
-2.479070 2.667466 4284.919864
-0.005383 0.007372 1.000000
-0.059925 -2.094039 603.223156
0.218715 -1.233509 -627.743696
0.000547 -0.003765 1.000000
0.096242 -2.418992 810.273848
0.276231 -1.622319 -482.784083
0.000865 -0.004506 1.000000
-0.749211 -0.900726 -768.810725
-0.197092 -0.232757 157.588499
-0.001063 -0.001349 1.000000
0.362059 -2.258154 -2056.437064
0.590632 -1.704000 -621.792168
0.001513 -0.004872 1.000000
-0.162795 -1.707285 -378.237593
-0.010828 -1.354667 -179.937669
0.000333 -0.003246 1.000000
-0.160193 -1.610480 335.875384
0.068567 -1.565830 -137.775788
0.000374 -0.003546 1.000000
-0.606286 -0.667351 -133.697666
-0.406368 -0.410058 1146.374490
-0.001226 -0.000926 1.000000
-0.368029 -1.690873 590.973453
-0.115297 -1.416779 -69.579186
0.000083 -0.003209 1.000000
1.535029 -3.255583 -3102.041761
1.310037 -1.440979 -2116.025323
0.004063 -0.008862 1.000000
-0.125747 -1.954215 1.277170
0.310655 -1.430378 -390.667697
0.000995 -0.004173 1.000000
0.456407 -2.239943 -863.697242
0.078162 -1.255845 -727.810246
0.000910 -0.004188 1.000000
-0.529327 -1.221667 91.218002
-0.349772 -1.053848 -376.913282
-0.000322 -0.002553 1.000000
0.332315 -1.591093 -310.146381
0.149555 -1.425045 -160.756044
0.000575 -0.003751 1.000000
0.886188 -3.403538 -680.213827
0.846177 -2.884447 -1667.026699
0.002411 -0.006966 1.000000
-1.252125 0.612762 1356.799060
-0.698066 0.545404 1455.938145
-0.003359 0.002546 1.000000
0.019717 -1.432414 339.708009
-0.042557 -1.235637 -187.944447
0.000012 -0.002942 1.000000
-0.235331 -1.568791 138.309080
-0.130055 -1.055457 39.893539
-0.000252 -0.002523 1.000000
0.006915 -1.772814 -80.730813
-0.005399 -1.175841 -64.935433
0.000050 -0.003011 1.000000
-3.639303 5.971218 6296.441226
-2.740343 4.324506 2620.631814
-0.011487 0.017321 1.000000
-0.169022 -0.854823 548.531737
-0.219203 -0.719325 -464.470541
-0.000558 -0.001935 1.000000
1.398190 -3.731148 831.308718
0.635015 -2.538020 -1689.403072
0.002950 -0.006817 1.000000
0.129047 -1.868975 539.023341
0.121178 -1.300575 -451.990313
0.000366 -0.003443 1.000000
0.368292 -1.236893 -330.655699
0.171921 -0.705771 -191.431329
0.000292 -0.002768 1.000000
-2.352729 3.313296 5857.792784
-1.403062 1.530093 3205.967795
-0.005673 0.007119 1.000000
-1.441913 0.487948 1383.097707
-1.045772 0.630764 1378.167926
-0.002420 0.001716 1.000000
4.954275 -6.929190 -4031.398070
3.264150 -5.753304 -4292.488132
0.009071 -0.017171 1.000000
-0.329550 -1.578294 -15.201206
0.011074 -0.787339 -1.338361
-0.000468 -0.002554 1.000000
0.105532 -1.822758 965.201572
0.063101 -1.514148 -492.729106
0.000204 -0.003431 1.000000
-0.509959 -0.651054 867.387337
-0.567030 -0.663994 318.481645
-0.001022 -0.001264 1.000000
0.187574 -1.757085 300.185695
0.207139 -1.602033 -367.690416
0.000563 -0.003973 1.000000
-1.070455 0.015848 2480.215253
-0.736975 -0.179395 486.880227
-0.002191 0.000236 1.000000
-6.580557 16.764374 13394.301849
-4.482605 7.771207 6240.135073
-0.019548 0.031557 1.000000
0.857182 -2.412475 450.776341
0.437990 -1.587393 -758.987265
0.001605 -0.004525 1.000000
1.677428 -3.681474 1242.158394
1.296375 -2.566692 -2284.410234
0.003173 -0.006571 1.000000
1.892756 -4.789024 -3261.614308
1.068510 -2.584517 -248.288819
0.004496 -0.009830 1.000000
-0.195496 -1.776752 386.579592
-0.201286 -0.985921 -295.550462
-0.000189 -0.002370 1.000000
2.873940 -5.188702 -2236.413256
0.829472 -3.875601 -996.674135
0.003771 -0.009492 1.000000
-0.107370 -2.034606 -382.942580
-0.048665 -1.268747 -42.557403
0.000080 -0.003092 1.000000
9.627295 -16.176970 -4969.557345
4.119392 -7.353282 -5278.474064
0.012655 -0.023449 1.000000
-0.239787 -0.912594 163.476631
-0.125167 -0.512383 122.787094
-0.000262 -0.002012 1.000000
-0.511428 -1.233202 100.568679
-0.232321 -0.590475 -285.067655
-0.000535 -0.001910 1.000000
-3.572951 3.621249 -593.739304
-3.017461 2.352994 3103.828771
-0.006644 0.006746 1.000000
0.759560 -2.360158 347.582226
0.174177 -1.661838 -1625.891302
0.001018 -0.004890 1.000000
-1.336932 0.967746 544.025017
-1.073673 0.349726 1963.442089
-0.002407 0.001079 1.000000
0.116570 -1.995985 -41.748854
-0.237266 -1.742939 -97.548614
0.000316 -0.003909 1.000000
1.100478 -2.993434 -2040.583262
0.280290 -2.371687 -655.600342
0.001264 -0.005574 1.000000
0.564914 -2.052622 -1006.487073
0.423773 -1.692368 -297.407719
0.000860 -0.004523 1.000000
248.172386 -486.159371 -219130.594242
171.254839 -507.983441 -258937.453352
0.443048 -0.881657 1.000000
-0.252657 -1.241202 801.475413
-0.191408 -1.173655 124.509426
-0.000208 -0.002375 1.000000
1.407476 -4.002069 851.982579
0.995379 -2.634534 -1119.022385
0.002566 -0.006583 1.000000
0.306694 -2.790177 -331.301635
0.251405 -2.584331 -151.309823
0.000854 -0.004954 1.000000
-0.266690 -0.681182 1291.027372
-0.383888 -0.791166 204.699640
-0.000752 -0.001817 1.000000
2.170925 -9.211443 464.738407
2.097934 -6.542029 -3499.939101
0.005755 -0.016666 1.000000
-0.155323 -1.485704 129.787323
-0.244607 -1.160775 56.243182
-0.000371 -0.002588 1.000000
0.021154 -2.569969 47.657068
-0.117051 -1.882886 199.211495
0.000286 -0.003995 1.000000
1.287678 -5.371166 -1573.612496
0.295307 -3.618296 180.811741
0.002308 -0.008126 1.000000
0.395024 -2.312660 -367.013659
0.218673 -1.364443 -191.790108
0.000886 -0.004080 1.000000
-0.157372 -1.324530 -36.718488
-0.074577 -0.855388 160.480653
-0.000218 -0.002643 1.000000
-0.062378 -1.146698 865.481597
-0.169977 -0.776590 -590.488372
-0.000048 -0.002614 1.000000
-0.093052 -1.283101 922.513805
-0.028608 -0.736451 -68.781169
-0.000094 -0.002371 1.000000
1.919308 -3.503134 -2066.315468
1.484026 -2.628019 -1522.983187
0.004143 -0.007746 1.000000
0.347693 -1.257272 -775.603587
0.037817 -1.190290 423.835058
0.000354 -0.003069 1.000000
-3.534803 6.957223 -389.634176
-3.637169 6.881488 4308.138674
-0.007069 0.012341 1.000000
0.082483 -1.934876 362.986038
0.064209 -1.148911 -154.721419
0.000289 -0.003259 1.000000
0.884766 -2.853094 -619.978021
0.646390 -2.042633 -743.537417
0.001985 -0.005758 1.000000
-0.214343 -2.232081 225.762674
-0.282324 -1.697579 66.410693
0.000064 -0.003638 1.000000
0.153696 -2.322438 202.533315
0.080542 -1.575160 -341.039602
0.000434 -0.003803 1.000000
-6.310044 8.301480 109.508602
-4.449813 5.755910 9349.503224
-0.009891 0.012762 1.000000
-5.677206 5.658343 2826.932623
-4.264943 3.838129 5619.083196
-0.008480 0.011212 1.000000
0.862642 -2.575654 -1465.308230
0.557359 -2.307073 -486.429495
0.000935 -0.005011 1.000000
3.817545 -7.821361 2201.950760
2.768212 -6.847643 -3177.992053
0.005974 -0.013870 1.000000
0.699210 -2.839354 54.462456
0.723270 -2.368394 -943.688815
0.001403 -0.005152 1.000000
-0.547763 -0.982945 1097.919963
-0.390668 -0.619180 333.580217
-0.000838 -0.001356 1.000000
-0.133507 -0.910373 543.989788
-0.512806 -1.395982 272.028712
-0.000598 -0.002246 1.000000
0.470635 -1.221404 -848.684650
0.247088 -2.267247 -573.252764
0.000776 -0.004346 1.000000
2.763342 -8.169153 -3426.573717
3.096079 -7.610021 -1872.575337
0.006522 -0.015673 1.000000
0.529930 -2.241445 103.102704
0.198601 -1.635340 -437.091885
0.000522 -0.003632 1.000000
-0.238899 -1.582796 680.128129
-0.229461 -1.119098 -34.661848
-0.000324 -0.002540 1.000000
-0.717385 -0.611537 1997.705582
-0.500871 -0.350105 363.871226
-0.001163 -0.000869 1.000000
0.050982 -2.209591 930.930672
0.065969 -1.711875 -369.062842
0.000492 -0.003762 1.000000
-1.174547 0.910688 1305.494395
-1.159279 0.780848 1401.718268
-0.002373 0.001789 1.000000
-0.377693 -1.081044 611.377052
-0.315362 -0.844705 58.148439
-0.000536 -0.001890 1.000000
-0.600400 -0.620783 600.669130
-0.360454 -0.410808 87.282499
-0.000943 -0.001056 1.000000
-3.074050 2.359366 4847.115775
-2.105436 2.673563 1009.687179
-0.005412 0.006520 1.000000
-1.744035 1.224899 1806.261640
-1.038742 0.865535 1221.137597
-0.003195 0.002541 1.000000
2.552521 -4.640004 89.674438
1.275237 -3.104212 -2915.046240
0.004182 -0.008508 1.000000
1.325708 -3.523317 -160.565285
0.236600 -1.526302 -1906.388819
0.001947 -0.005213 1.000000
-0.311141 -0.676985 1672.536604
-0.246383 -0.552870 47.785750
-0.000691 -0.001635 1.000000
-0.081154 -0.844702 719.347774
-0.188685 -0.729795 99.036870
-0.000362 -0.002027 1.000000
0.706320 -2.140065 345.351940
0.560149 -1.506906 -984.963944
0.001135 -0.004117 1.000000
-1.206280 0.487727 3829.926427
-0.844210 0.176631 1732.713967
-0.002409 0.000418 1.000000
1.414324 -5.011430 457.981580
1.820146 -3.432870 -1223.901480
0.003244 -0.007608 1.000000
14.162310 -40.871171 1587.510718
14.827879 -27.513439 -8108.872778
0.027269 -0.057690 1.000000
-2.289022 3.892223 1294.902060
-1.972383 2.473672 1562.730826
-0.004586 0.006161 1.000000
-0.501979 -0.074886 1035.263642
-0.720525 -0.268142 306.265638
-0.001542 -0.000574 1.000000
0.947915 -3.382381 -231.846909
0.653216 -2.430453 -209.878727
0.001246 -0.004774 1.000000
0.081852 -2.134406 709.804832
0.176426 -1.307215 -135.667733
0.000488 -0.003213 1.000000
-0.119985 -1.159601 312.172341
-0.014204 -0.699400 -24.483004
-0.000096 -0.002249 1.000000
-0.043564 -1.476623 585.084393
-0.086936 -0.977072 -5.423584
0.000103 -0.002495 1.000000
0.149834 -1.478971 604.921367
-0.005324 -0.772649 -83.976615
0.000207 -0.002532 1.000000
-0.228911 -1.601499 735.269780
-0.005805 -1.245914 38.644590
-0.000003 -0.002735 1.000000
1.654319 -5.763760 2432.707285
0.588371 -2.484255 -2467.399707
0.003112 -0.007459 1.000000
-0.481943 -0.657549 -163.145837
-0.294150 -0.499457 24.733652
-0.000869 -0.001479 1.000000
-15.928479 25.544742 6839.695571
-11.592197 14.772425 17995.171824
-0.029798 0.041823 1.000000
-1.109905 1.281915 1556.800602
-0.689304 0.766643 479.623368
-0.003063 0.001789 1.000000
9.446806 -18.421371 606.981578
8.870427 -15.773684 -10031.301217
0.021570 -0.039323 1.000000
0.670784 -2.277373 805.456742
1.136349 -2.475298 -1340.073765
0.002583 -0.006483 1.000000
-1.240187 0.533030 1703.523172
-0.713626 0.252908 947.320055
-0.002316 0.001346 1.000000
-0.280730 -0.238660 -47.940280
-0.352901 -0.385295 533.997491
-0.001105 -0.001069 1.000000
-0.268622 -1.076891 478.528350
-0.039203 -0.681708 -15.376794
-0.000229 -0.002116 1.000000
-0.145012 -1.682814 502.978475
0.026792 -1.411449 -84.715608
0.000259 -0.003304 1.000000
-0.025559 -1.995939 598.156974
0.100571 -1.275205 -464.806568
0.000793 -0.003777 1.000000
-0.646320 -0.593168 1239.258438
-0.486107 -0.350343 190.652394
-0.001218 -0.001044 1.000000
-0.497426 -0.823225 852.729013
-0.326691 -0.632111 127.695678
-0.000817 -0.001596 1.000000
1.723179 -4.592812 -1480.755726
0.851005 -2.992309 -1528.721372
0.003259 -0.008858 1.000000
1.174510 -4.563192 -1229.059003
0.938934 -2.633912 -1712.723680
0.002891 -0.007992 1.000000
-0.076215 -1.112588 646.632789
-0.154664 -0.968694 -325.832767
-0.000388 -0.002187 1.000000
0.243161 -1.123896 -286.312898
0.236605 -1.139272 -28.866609
0.000506 -0.002898 1.000000
-3.207342 5.313406 5466.494863
-2.173358 3.836285 3060.315584
-0.008800 0.010450 1.000000
0.083424 -1.970590 718.736068
0.015946 -1.718143 -249.984442
0.000495 -0.003829 1.000000
0.837698 -3.984036 -564.499101
0.959457 -3.332397 -1166.605903
0.003115 -0.008030 1.000000
-0.236748 -0.887524 705.124965
-0.047171 -0.432618 -102.497074
-0.000345 -0.001803 1.000000
-0.188908 -1.671940 813.825411
-0.203240 -1.177892 141.334251
-0.000203 -0.002700 1.000000
0.298993 -1.391342 -303.617190
0.215449 -0.988123 -230.990503
0.000871 -0.003946 1.000000
-0.465561 -1.098547 925.832018
-0.105715 -0.528354 -156.393330
-0.000563 -0.001814 1.000000
0.320910 -1.595993 257.798345
0.206216 -1.275217 -400.153136
0.000533 -0.003361 1.000000
0.290390 -2.352174 220.368049
0.443224 -2.403302 -621.396059
0.001390 -0.005717 1.000000
0.029144 -1.293251 285.340270
-0.001642 -1.189145 -180.044431
-0.000037 -0.002981 1.000000
0.580919 -2.554266 346.927093
0.465885 -1.950860 -905.302282
0.001441 -0.005104 1.000000
0.060925 -1.940027 -274.821046
0.057769 -1.601423 -669.890961
0.000854 -0.004712 1.000000
-4.779825 4.513652 6285.397243
-3.217205 2.824992 6316.782879
-0.008135 0.010915 1.000000
-0.162538 -1.519801 -66.935422
-0.152226 -0.848828 -492.671360
-0.000200 -0.002854 1.000000
0.370669 -2.198121 -393.402668
0.131572 -0.976371 -708.720190
0.001509 -0.004343 1.000000
-0.533377 -0.719753 726.708048
-0.534294 -0.831141 357.702886
-0.001066 -0.001640 1.000000
-0.020711 -1.217514 603.210348
-0.112303 -0.832554 84.634782
0.000092 -0.002399 1.000000
-0.637877 -0.467178 886.941676
-0.271123 -0.422517 181.213142
-0.000922 -0.001165 1.000000
0.503013 -2.241141 1652.552308
0.848786 -2.432398 -1424.744712
0.001379 -0.004632 1.000000
8.393189 -7.288671 -7493.480410
4.254809 -6.884366 -2365.213564
0.014158 -0.019310 1.000000
3.584145 -5.196223 -2075.030712
1.720023 -2.993909 -1510.329543
0.004239 -0.008833 1.000000
5.079234 -6.373228 -4344.020600
2.279131 -6.110175 -1851.690238
0.007493 -0.015150 1.000000
-4.029381 3.038621 3930.773387
-1.856754 1.892776 820.899497
-0.005992 0.006140 1.000000
-0.268660 -0.930396 455.910515
-0.286968 -0.711600 -153.048287
-0.000575 -0.001991 1.000000
-0.216832 -0.920787 357.465775
-0.129811 -0.760097 -11.031396
-0.000446 -0.002055 1.000000
-1.139638 0.115088 1226.455892
-0.411223 0.005132 -45.511316
-0.001528 -0.000369 1.000000
6.318769 -6.292239 -6932.262437
2.866421 -7.895887 -2975.932089
0.011592 -0.017760 1.000000
13.769488 -17.178568 -15632.286156
7.721701 -15.707723 -6063.227203
0.019679 -0.038311 1.000000
1.563452 -2.877760 -2262.087797
0.685508 -1.618251 -415.647375
0.002463 -0.005356 1.000000
-0.615309 -0.626672 499.385936
-0.300447 -0.435239 -213.016001
-0.000928 -0.001357 1.000000
1.734884 -3.804267 883.933245
0.822892 -2.240086 -1542.068847
0.002736 -0.006885 1.000000
0.748893 -3.413699 1198.571628
0.339877 -1.531110 -653.338542
0.001382 -0.005058 1.000000
0.946417 -3.563369 1889.695781
0.761657 -1.384226 -826.983895
0.001932 -0.005270 1.000000
1.286643 -3.697672 2431.946864
0.517383 -1.243618 -848.038119
0.001899 -0.004979 1.000000
0.209897 -1.754106 847.042819
0.164481 -0.878813 -386.315976
0.000410 -0.003009 1.000000
0.034641 -2.129201 803.919540
-0.052403 -1.263816 -213.845040
0.000169 -0.003259 1.000000
-0.084025 -1.734124 921.616595
-0.120300 -1.476308 20.792335
0.000001 -0.003211 1.000000
-9.364343 11.666593 -14440.652265
-6.302670 7.440489 9205.719294
-0.019329 0.019151 1.000000
-0.284288 -1.292611 3138.266334
-0.005808 -0.875746 1185.475895
-0.000457 -0.002240 1.000000
0.020557 -2.232210 964.047427
0.329846 -1.571519 -292.943592
0.000346 -0.003347 1.000000
-0.776245 -0.478785 -79.724606
-0.440196 -0.220828 230.154219
-0.001390 -0.000710 1.000000
-2.757556 2.189181 -1049.112382
-1.852201 1.669304 710.143283
-0.005140 0.003588 1.000000
-0.108025 -1.079238 485.257829
-0.129268 -0.576940 68.610897
-0.000349 -0.001849 1.000000
0.455325 -1.390158 525.916970
0.070940 -0.503285 -92.705445
0.000353 -0.002463 1.000000
-0.005396 -1.485898 613.570972
-0.083203 -0.960891 -198.449095
0.000025 -0.002726 1.000000
0.286162 -2.070259 1640.846270
0.240557 -0.896775 -302.669901
0.000496 -0.003331 1.000000
-1.370459 0.816595 -48.587429
-0.901887 0.528843 1246.220661
-0.002966 0.001231 1.000000
-0.612789 -0.835719 395.349403
-0.330104 -0.596226 1382.066489
-0.001053 -0.001491 1.000000
-0.056060 -1.295141 372.316611
-0.221266 -0.927056 34.019167
-0.000325 -0.002434 1.000000
-0.550439 -0.816631 3169.467909
-0.265088 -0.620240 979.958373
-0.000778 -0.001538 1.000000
0.081685 -2.178333 804.948819
-0.035300 -1.554940 -975.542628
0.000183 -0.003751 1.000000
-0.547194 -1.407872 771.674640
0.137857 -1.648098 337.185944
0.000088 -0.003290 1.000000
-1.374708 -0.022517 315.088446
-0.687764 0.078894 609.200850
-0.002565 0.000679 1.000000
0.517063 -0.208493 138.415656
-0.107418 0.619829 74.988108
-0.000279 -0.000336 1.000000
0.533461 -0.311623 171.475718
-0.125879 0.537095 141.545271
-0.000203 -0.000472 1.000000
-0.991297 -0.237526 1336.568554
-0.716442 -0.304406 468.300402
-0.001866 -0.000472 1.000000
3.667489 -7.420330 2945.767139
1.823357 -4.155281 -1713.006974
0.005892 -0.012645 1.000000
-7.712083 9.836042 -2711.020926
-4.949143 7.380659 5774.238363
-0.010890 0.018152 1.000000
-0.655388 -0.232910 901.934551
-0.504728 -0.416108 261.045430
-0.001217 -0.000900 1.000000
-0.026638 -0.988430 590.506626
-0.202149 -1.284375 1.909985
-0.000337 -0.002722 1.000000
1.900551 -4.513553 2322.975658
1.208870 -1.670419 -1781.053095
0.003369 -0.006743 1.000000
0.476478 -2.244509 1064.148334
0.194743 -1.176654 -247.471904
0.000590 -0.003462 1.000000
1.000000 -0.000000 -0.000000
0.000000 1.000000 0.000000
0.000000 -0.000000 1.000000
1.807200 0.281766 -438.212549
0.152855 1.770885 -346.766796
0.000476 0.000685 1.000000
0.916236 -0.148467 34.797671
0.033627 0.860591 -9.923217
0.000019 -0.000252 1.000000
1.442315 0.015987 -101.798598
0.169474 1.217481 -93.770231
0.000363 -0.000082 1.000000
-3.218165 -2.196618 1834.706247
-0.296235 -3.699833 1246.880363
-0.001364 -0.005346 1.000000
0.111351 -0.621713 393.694036
0.027644 0.079263 -39.709025
-0.000261 -0.001269 1.000000
1.476627 0.974192 -403.721692
-0.106150 2.231386 -90.908051
-0.000134 0.001578 1.000000
1.282519 -2.393170 956.931675
0.626016 -1.404948 -154.742884
0.001882 -0.004405 1.000000
-1.626911 -0.176447 505.445191
-0.398084 -0.053533 381.268912
-0.002040 0.000272 1.000000
5.714269 -7.802288 2344.835758
2.315768 -3.313477 -1612.525665
0.008561 -0.013685 1.000000
-0.702706 0.123105 -118.435248
-0.621760 -0.047662 512.239795
-0.001567 0.000055 1.000000
-0.487423 -10.422165 3149.121648
1.589398 -10.002439 -102.404840
0.005289 -0.019900 1.000000
-0.678163 0.722820 -205.256666
-0.760824 0.887028 404.229854
-0.002230 0.001659 1.000000
-0.364794 -0.945397 362.523559
-0.282621 -0.917503 298.521939
-0.000634 -0.002006 1.000000
-0.436702 -1.392112 540.077979
-0.268486 -1.199384 304.170217
-0.000625 -0.002418 1.000000
-0.094928 -1.856673 663.444032
0.031810 -1.152472 -23.010893
0.000263 -0.003583 1.000000
-0.631736 -0.343155 31.470103
-0.477895 -0.295780 306.357404
-0.001571 -0.000582 1.000000
-0.213561 -0.472827 184.204210
-0.362957 -0.449570 332.696446
-0.000863 -0.001092 1.000000
0.067206 -1.190955 443.016746
0.008274 -0.680376 54.958175
0.000000 -0.002435 1.000000
-0.310530 -0.747400 235.654829
-0.424167 -0.659301 261.051994
-0.000908 -0.001419 1.000000
-0.391681 -0.940834 388.025426
-0.448116 -0.955409 395.346491
-0.000794 -0.001859 1.000000
0.103919 -1.638019 457.997241
0.078977 -1.639198 177.443021
0.000204 -0.003266 1.000000
-0.108485 -1.102802 314.380366
-0.283884 -1.264684 364.822849
-0.000377 -0.002303 1.000000
-0.026691 -0.765631 187.704978
-0.131760 -0.952887 190.795891
-0.000279 -0.002090 1.000000
-0.304977 -1.464132 834.085670
-0.096168 -1.112713 219.438903
-0.000150 -0.002529 1.000000
0.273394 -2.099138 1971.081573
0.191095 -0.736616 -40.713456
0.000883 -0.003417 1.000000
0.256354 -1.590336 1092.685421
0.082326 -0.895499 132.929661
0.000723 -0.003135 1.000000
-1.549841 0.601868 1705.501908
-0.814945 0.413341 1063.275881
-0.002377 0.001791 1.000000
-5.275370 6.346135 -994.055475
-2.762468 3.304475 2583.341335
-0.008474 0.012060 1.000000
1.415778 -3.463206 207.546416
0.790192 -1.767005 -851.149171
0.002368 -0.005849 1.000000
-0.087486 -1.184650 209.702048
-0.184551 -1.301209 -407.291794
-0.000272 -0.002667 1.000000
0.326457 -2.727201 385.279793
0.312114 -1.984607 -478.835588
0.001122 -0.004605 1.000000
-0.138337 -1.285603 315.153544
-0.040192 -1.392588 -51.681517
-0.000094 -0.002978 1.000000
0.090545 -1.541436 -118.960022
-0.088837 -1.775902 33.561760
-0.000105 -0.003563 1.000000
-0.095587 -1.834248 226.316844
-0.113076 -2.002144 97.937874
0.000000 -0.003615 1.000000
-1.148199 1.029427 1275.743786
-0.715511 0.169692 687.284699
-0.002445 0.001046 1.000000
-0.876905 -0.603244 1160.031578
-0.526154 -0.130737 1023.793256
-0.001602 -0.000442 1.000000
-1.923643 1.814835 3739.882622
-1.421981 1.055165 1372.242163
-0.003836 0.003449 1.000000
-1.955444 2.565271 1054.215609
-1.312139 1.259077 1644.405188
-0.004027 0.003754 1.000000
-25.356847 92.645248 -21166.833193
-24.851594 71.140283 23340.197265
-0.062974 0.149253 1.000000
-1.477020 0.433971 1150.755895
-0.932577 0.531642 982.300171
-0.002499 0.001516 1.000000
-0.886990 -0.343953 1241.436562
-0.566467 -0.205288 373.055191
-0.001476 -0.000592 1.000000
-0.189276 -1.397279 733.282903
-0.199684 -1.120508 43.676395
-0.000371 -0.002587 1.000000
-0.033388 -1.317142 959.621101
-0.078256 -0.644379 5.313671
-0.000081 -0.002210 1.000000
0.038248 -1.254662 492.945892
-0.039184 -1.204356 -62.585824
0.000266 -0.003052 1.000000
-4.076577 4.537809 6481.715538
-2.466232 1.922942 3138.342078
-0.007520 0.008684 1.000000
-1.142386 0.192267 3265.578423
-0.789767 0.063990 993.669854
-0.002261 0.000656 1.000000
5.837936 -24.002800 -520.274589
11.280131 -14.572870 -14390.890449
0.021375 -0.037608 1.000000
0.391924 -1.304704 346.575545
0.247958 -0.977343 -237.607157
0.000413 -0.002959 1.000000
-0.028305 -1.549586 728.029867
-0.036162 -0.942652 -90.093681
0.000110 -0.002629 1.000000
-4.165794 2.878822 -257.016429
-2.658269 3.251885 2942.454815
-0.006856 0.007212 1.000000
