0.252287 -2.651748 767.145796
0.134130 -1.822908 -128.775493
0.000442 -0.004521 1.000000
0.003791 -1.592461 1045.127613
0.062085 -1.402562 -345.104146
0.000153 -0.003707 1.000000
0.152051 -1.963834 80.478844
0.067932 -1.333258 -257.071156
0.000070 -0.003418 1.000000
0.259404 -2.289386 270.316525
0.103963 -1.787535 -175.419002
0.000461 -0.004166 1.000000
79.255316 -173.591525 -24333.565735
72.029354 -145.587427 -86926.548651
0.169019 -0.330123 1.000000
0.265989 -2.204778 1684.603752
0.089960 -1.607144 -894.253141
0.000538 -0.003996 1.000000
0.052617 -1.576621 64.903480
0.052022 -1.180894 -599.024459
0.000534 -0.004470 1.000000
-0.100683 -1.373776 1250.054948
-0.189162 -0.691216 -327.207847
-0.000435 -0.002510 1.000000
9.856414 -21.660472 1657.885738
6.933712 -12.153032 -16193.709268
0.019314 -0.040004 1.000000
-0.319080 -1.341613 1177.448958
-0.203388 -0.858766 -59.801650
-0.000505 -0.002311 1.000000
2.683110 -6.032867 2620.155610
1.103704 -3.374130 -2779.471297
0.008070 -0.017217 1.000000
-0.533856 -0.635013 1097.635404
-0.144399 -0.275031 -220.238684
-0.001015 -0.001246 1.000000
0.645907 -3.620205 -1705.286511
0.202541 -1.512563 -765.487658
0.000259 -0.004412 1.000000
1.452897 -4.328556 1680.524547
0.410829 -2.068689 -1182.956244
0.001660 -0.006575 1.000000
-1.123457 0.330746 -635.243477
-0.872042 -0.001522 585.332882
-0.002043 0.000132 1.000000
-137.498048 200.388650 -65947.942894
-110.478664 152.723374 147388.420550
-0.314082 0.416233 1.000000
-2.131194 2.041805 -125.896954
-1.281514 1.090441 2120.538908
-0.004663 0.004429 1.000000
0.495154 -3.456014 2798.389245
0.463161 -2.394982 -1221.112514
0.001382 -0.007194 1.000000
5.561716 -14.771344 -5386.709625
2.550632 -9.320286 -12496.144556
0.010778 -0.033044 1.000000
-0.270001 -1.796864 451.198483
-0.242958 -1.405751 -314.258268
-0.000359 -0.003136 1.000000
0.248767 -1.933528 1268.886428
0.225562 -1.336741 -1112.273416
0.000815 -0.004295 1.000000
1.195197 -4.187618 1849.014932
0.817695 -2.989636 6268.595800
0.003519 -0.010424 1.000000
-0.229140 -1.592957 1361.744264
-0.075871 -0.910779 -394.939470
-0.000250 -0.003071 1.000000
0.253020 -1.947023 492.648524
0.166111 -1.418960 -598.700455
0.000555 -0.003961 1.000000
0.647451 -3.109925 698.496034
0.796341 -2.833782 -1049.110012
0.001658 -0.006731 1.000000
1.539559 -5.073150 2708.130338
1.546674 -4.973188 -2940.498414
0.004416 -0.012453 1.000000
0.227201 -2.611472 129.175543
-0.082089 -1.950185 99.419995
0.000412 -0.004272 1.000000
-0.272281 -1.455341 1180.499894
-0.153581 -1.062209 -1038.951482
-0.000375 -0.002741 1.000000
0.143856 -3.175787 730.505153
0.123158 -2.235017 -354.752822
0.000502 -0.005318 1.000000
-0.379380 -0.852319 -332.061809
-0.405386 -0.805682 -1190.327148
-0.000849 -0.001569 1.000000
0.772444 -4.134988 1020.251716
0.430389 -2.796797 -748.961914
0.001189 -0.006354 1.000000
0.298889 -2.243017 -326.465889
0.036821 -1.190781 0.291151
0.000078 -0.003565 1.000000
-0.760645 -0.411463 3850.073890
-0.444759 -0.145329 705.862054
-0.001687 -0.000522 1.000000
-0.084770 -1.098313 -556.779990
-0.225718 -0.964112 -777.884787
-0.000493 -0.002195 1.000000
-0.245091 -1.740299 835.268875
0.053723 -1.612723 -571.552295
-0.000476 -0.003538 1.000000
-0.662245 -1.298170 1288.647246
-0.221580 -0.571150 85.223653
-0.000898 -0.001718 1.000000
-0.134061 -1.887358 362.573769
-0.088681 -1.235563 -448.631980
-0.000334 -0.003106 1.000000
0.682425 -4.732851 -10.848366
0.634800 -2.825230 -546.240240
0.001019 -0.006125 1.000000
-0.381350 -1.513671 -260.008871
-0.108805 -0.713435 -125.933669
-0.000782 -0.002221 1.000000
-0.731037 -0.753850 1313.687029
-0.422886 -0.572160 -461.795088
-0.001299 -0.001327 1.000000
-0.406031 -1.101011 1178.124051
-0.194565 -0.683726 -11.782921
-0.000685 -0.001800 1.000000
-0.857074 -1.241754 790.592157
-0.168118 -0.311061 -237.409265
-0.001148 -0.001697 1.000000
3.071335 -6.996425 3108.861762
1.289428 -4.784650 -3186.802698
0.005355 -0.013988 1.000000
0.160139 -1.667951 -1869.111297
-0.140239 -1.042001 -1128.531824
-0.000168 -0.002838 1.000000
2.468967 -8.142284 -4966.844191
1.213009 -4.755751 3750.214188
0.004841 -0.015954 1.000000
-0.174178 -1.696957 1291.392631
-0.068176 -1.265581 -566.394905
-0.000115 -0.003264 1.000000
-0.120739 -1.769947 288.348831
-0.030487 -1.543025 -320.989575
0.000026 -0.003935 1.000000
-0.067396 -2.280471 1276.571660
-0.049543 -1.449690 -551.567834
-0.000187 -0.003726 1.000000
0.955553 -4.379541 4272.114961
0.987549 -3.212514 -1654.434967
0.001974 -0.007484 1.000000
4.979139 -11.729852 -2911.204452
5.378256 -13.243333 -6956.541555
0.014555 -0.029695 1.000000
-0.458515 -1.010329 878.965739
-0.270993 -0.593959 163.020767
-0.000757 -0.001680 1.000000
-0.152358 -1.618519 589.008328
-0.105152 -1.475749 86.574519
-0.000014 -0.003198 1.000000
-2.932474 4.442464 -1601.897677
-2.411933 4.516754 2733.303450
-0.005923 0.008557 1.000000
0.271098 -3.283289 -183.211736
0.148907 -2.653412 6.690446
0.000146 -0.004858 1.000000
0.011916 -2.429287 1394.124596
0.461342 -3.277071 -717.728309
0.001488 -0.007469 1.000000
1.140606 -4.284437 1567.864422
1.107109 -4.640514 -919.029366
0.002152 -0.008997 1.000000
0.569262 -2.951232 -1337.438326
0.845107 -2.676098 -3548.985076
0.002689 -0.009022 1.000000
1.077249 -2.852446 1420.015633
0.645756 -2.421409 -1533.881543
0.002105 -0.006689 1.000000
-0.207076 -1.343112 1095.066506
-0.131705 -1.231122 -59.138455
-0.000321 -0.002880 1.000000
-1.591246 1.457460 1967.533431
-1.223624 0.785972 1097.392029
-0.003268 0.002706 1.000000
0.618224 -3.145693 -1181.558196
0.381086 -1.852920 -178.883228
0.001330 -0.005869 1.000000
0.166508 -1.816168 489.868458
0.126883 -2.510166 -838.583962
0.000768 -0.005396 1.000000
-1.210285 0.830371 -505.742482
-0.816797 0.418211 2453.109970
-0.002645 0.001112 1.000000
-0.030359 -1.895879 -748.777819
-0.099172 -1.852944 -157.266884
0.000515 -0.004365 1.000000
-2.655392 1.892949 2391.931567
-0.725968 0.604284 1501.863345
-0.005334 0.005022 1.000000
-0.231730 -0.304149 -103.349686
-0.250095 -0.778674 -22.013515
-0.000840 -0.001863 1.000000
2.693268 -9.265941 -2023.291846
1.544764 -7.575154 -1752.965155
0.005568 -0.016423 1.000000
0.468896 -2.446594 -630.306291
0.791403 -3.578539 -281.639827
0.001551 -0.006891 1.000000
-0.157159 -1.142014 -205.081475
-0.156087 -0.582744 106.232438
-0.000750 -0.002055 1.000000
-0.620597 -0.362265 336.289463
-0.496226 -0.412201 1045.174570
-0.001356 -0.000630 1.000000
-1.658035 2.022590 1269.142742
-1.103005 0.942943 1619.976292
-0.003890 0.004960 1.000000
-0.768708 -0.208701 474.559094
-0.674317 -0.172569 819.845558
-0.001633 -0.000457 1.000000
-1.989898 3.125838 4248.065980
-1.154674 1.582734 1354.806650
-0.004541 0.006271 1.000000
-6.152342 10.432825 -7965.120241
-4.735628 6.722706 -6665.951290
-0.014702 0.022666 1.000000
-0.030576 -2.124044 522.393686
0.165712 -1.896337 -418.961761
0.000265 -0.004480 1.000000
-1.516943 0.511558 559.848572
-1.027340 0.476911 1698.426463
-0.002610 0.001431 1.000000
-3.073722 6.054214 392.419697
-2.326717 2.160385 -1635.841855
-0.006703 0.008393 1.000000
-0.347164 -1.521059 95.477081
-0.218363 -0.979415 11.349065
-0.000500 -0.002818 1.000000
4.616360 -16.972920 -1403.207677
3.968536 -9.868907 -3624.621918
0.008593 -0.023561 1.000000
0.654802 -4.336280 -1681.649237
0.939601 -3.628676 -1590.567088
0.003560 -0.010189 1.000000
-0.986787 0.274633 1044.895956
-0.716164 0.175363 1450.216317
-0.002216 0.000673 1.000000
4.181074 -15.082903 -821.119955
4.173217 -12.137106 -5318.615622
0.010298 -0.027110 1.000000
0.273884 -2.097833 -2085.496053
0.189822 -1.443303 27.558252
0.000546 -0.004118 1.000000
2.666817 -9.672598 508.081253
2.344769 -8.378811 -2793.815342
0.007005 -0.018940 1.000000
0.780606 -4.148645 -826.367072
0.565371 -2.830815 -624.780664
0.001426 -0.007255 1.000000
0.319906 -2.117879 -2514.563008
0.105021 -1.069107 -89.233217
0.000535 -0.004512 1.000000
-2.872162 3.196146 -476.440950
-1.567762 1.228278 2180.034166
-0.004819 0.005118 1.000000
-0.318400 -1.070460 -382.946780
-0.223228 -1.067500 -321.745047
-0.000595 -0.002244 1.000000
-0.326472 -1.445669 -501.423380
-0.120684 -0.953318 37.163761
-0.000371 -0.002392 1.000000
0.161692 -2.032212 442.039788
0.507148 -1.380823 -762.833534
0.001493 -0.004780 1.000000
-0.459807 -1.119099 973.107063
-0.304562 -1.041235 -136.537746
-0.000505 -0.002350 1.000000
-0.084395 -1.630965 -799.090500
-0.156645 -1.464730 674.541043
-0.000285 -0.003206 1.000000
-0.442820 -0.365317 -33.262997
-0.542426 -0.602399 842.633956
-0.001106 -0.001127 1.000000
-2.095542 4.073418 3143.084345
-1.977942 3.045215 1203.849423
-0.006847 0.009816 1.000000
-1.305495 0.237807 -589.642005
-0.583690 -0.049175 2337.484546
-0.002909 0.001265 1.000000
1.825478 -4.808187 1441.853800
1.196106 -3.456642 -1664.843731
0.002913 -0.008670 1.000000
-40.672711 82.538061 37689.142426
-52.422628 93.214207 1502.580501
-0.093015 0.177125 1.000000
-0.247217 -1.386912 -813.263429
-0.029007 -1.101479 212.526948
-0.000148 -0.002621 1.000000
-2.114152 0.782964 549.948365
-1.402023 0.988238 2790.012313
-0.003551 0.002344 1.000000
-0.195094 -1.186783 915.357361
-0.007739 -1.039738 -1326.252880
-0.000106 -0.002714 1.000000
0.207510 -2.232769 636.030827
0.512792 -2.427200 -1038.825572
0.000906 -0.005296 1.000000
-0.430862 -0.852001 86.244574
-0.364462 -0.661190 -43.498928
-0.000878 -0.001439 1.000000
-0.128558 -1.236999 2658.258977
-0.071985 -1.252600 -658.856439
-0.000310 -0.002604 1.000000
1.580464 -4.886812 1950.792987
0.807572 -3.209205 -575.252310
0.002533 -0.008119 1.000000
-1.592550 1.451250 2974.012632
-1.767232 1.322727 1001.044555
-0.003586 0.002516 1.000000
-0.159641 -1.984126 1739.203983
-0.119926 -2.034408 -34.179810
0.000241 -0.004866 1.000000
0.689569 -3.959368 -30.074555
0.329763 -2.561372 -473.657005
0.000728 -0.005692 1.000000
-0.257224 -1.087429 -280.832690
-0.457894 -0.883653 204.860998
-0.000751 -0.001851 1.000000
-0.409424 -1.127997 -12.878071
-0.363285 -1.137050 299.335635
-0.000677 -0.001968 1.000000
-0.211839 -1.237749 -408.137918
-0.180681 -1.160680 1544.397264
-0.000547 -0.002489 1.000000
-0.268262 -0.786226 -94.247840
-0.089347 -0.705979 633.547203
-0.000336 -0.002408 1.000000
-0.488332 -1.110440 -149.206004
-0.394415 -0.823382 249.617808
-0.001010 -0.001778 1.000000
0.164228 -1.576959 -613.421706
-0.114386 -1.251360 -12.941273
-0.000206 -0.003512 1.000000
0.295554 -2.525283 349.305415
0.521330 -2.000963 -470.527638
0.000880 -0.004940 1.000000
-1.683822 1.278323 -289.350722
-1.274985 1.170973 1737.470209
-0.003383 0.002540 1.000000
-0.491009 -0.704953 333.036628
-0.386835 -0.571208 920.909834
-0.001097 -0.001648 1.000000
-0.377903 -1.160292 1359.225565
-0.264337 -1.079655 866.171256
-0.000662 -0.002300 1.000000
0.442664 -2.410430 690.445051
0.204089 -2.045034 -797.519222
0.001135 -0.005471 1.000000
-1.185372 0.393814 1230.188014
-0.541374 0.124042 54.031059
-0.001880 0.000603 1.000000
0.435880 -2.828722 1102.234744
0.083377 -1.946436 -498.557772
0.000294 -0.004851 1.000000
-0.041979 -1.439712 505.944058
-0.080222 -1.435841 -359.849309
-0.000143 -0.003467 1.000000
-0.331556 -1.076819 515.577221
-0.299377 -1.103187 190.439237
-0.000494 -0.002355 1.000000
0.452263 -2.875641 -940.870270
-0.245273 -1.477278 -202.506542
0.000219 -0.004541 1.000000
-1.160868 0.018791 2069.987216
-0.741318 0.019061 894.845851
-0.002103 0.000665 1.000000
7.953806 -17.393418 3436.421698
2.715078 -11.805275 -4741.881856
0.010636 -0.030565 1.000000
1.079142 -4.009273 945.124428
0.370986 -3.256089 -1740.571865
0.001580 -0.007328 1.000000
-0.567603 -0.448695 284.429600
-0.696659 0.070355 -61.254991
-0.001543 -0.000387 1.000000
-0.406032 -0.673998 304.573631
-0.360253 -0.760945 63.762643
-0.000940 -0.001546 1.000000
0.166120 -1.595060 -959.965739
0.333533 -1.329608 83.374263
0.001279 -0.004397 1.000000
-0.531292 -0.373478 -139.731791
-0.425948 -0.394581 -99.427797
-0.001182 -0.000951 1.000000
0.382535 -2.127062 2170.536258
0.664434 -2.989509 -422.358427
0.001676 -0.006784 1.000000
-0.453979 -1.775000 -513.618680
-0.199507 -1.046872 -1136.442498
-0.000551 -0.002883 1.000000
-0.943021 -0.161621 1421.261869
-0.641264 -0.362902 -510.317109
-0.001484 -0.000572 1.000000
-1.097727 0.461647 1216.739629
-0.931058 0.526218 1542.312852
-0.002319 0.001343 1.000000
-0.899668 -0.266431 -702.668530
-0.765683 -0.306783 834.746110
-0.001813 0.000018 1.000000
-0.667771 -0.430269 -442.674485
-0.719745 -0.390329 279.259937
-0.001551 -0.000574 1.000000
0.164836 -1.791981 -1339.612588
-0.032088 -1.371980 406.934395
0.000388 -0.003554 1.000000
-0.420350 -1.159735 970.481738
-0.431315 -1.187672 -463.156678
-0.000751 -0.002501 1.000000
-2.025009 3.278498 786.266177
-1.376508 2.288745 3814.063271
-0.005571 0.008177 1.000000
0.499305 -2.565736 943.512969
0.358547 -1.940183 -1241.427517
0.001287 -0.005495 1.000000
-3.284569 2.833699 -2179.005558
-1.191458 0.432658 1142.742095
-0.004690 0.003256 1.000000
-0.791153 -0.329412 699.630217
-0.278723 -0.204342 -202.847210
-0.001267 -0.000759 1.000000
-1.258180 0.395120 -2094.076545
-0.729014 0.261262 1076.025630
-0.002363 0.000606 1.000000
1.828437 -4.933730 1867.827857
1.249572 -4.606158 -511.261780
0.003137 -0.010528 1.000000
-0.404712 -1.197644 1219.753984
-0.218147 -0.752748 52.810589
-0.000596 -0.002133 1.000000
0.234950 -2.133540 3081.045807
0.139105 -1.210696 -716.331173
0.000524 -0.004169 1.000000
-0.158473 -1.230595 693.851089
-0.108312 -1.040858 -156.446557
-0.000472 -0.002671 1.000000
0.016039 -2.105433 1561.704308
0.017729 -1.414037 -371.115488
0.000443 -0.004792 1.000000
-0.540383 -0.696703 377.193850
-0.435019 -0.604274 -436.034415
-0.001314 -0.001224 1.000000
-1.162936 0.776964 -675.829619
-1.082373 0.610622 1487.975489
-0.002413 0.001430 1.000000
1.436295 -4.503762 -649.517707
0.493365 -2.654380 -357.887375
0.001958 -0.007312 1.000000
-0.214321 -0.823893 342.880850
-0.240454 -0.669448 -194.334279
-0.000783 -0.001914 1.000000
0.051216 -1.760120 237.926642
0.076235 -1.409771 -114.075983
0.000343 -0.003751 1.000000
0.587586 -3.143428 477.767444
0.163846 -1.858653 -518.004493
0.000767 -0.004967 1.000000
1.064329 -3.908840 -699.204118
0.962363 -3.487258 -661.233899
0.002051 -0.007870 1.000000
0.639042 -3.889898 2076.587328
0.129292 -1.857563 116.571770
0.001674 -0.007525 1.000000
-0.469912 -0.894994 -212.718903
-0.207467 -0.731158 -281.015540
-0.000898 -0.001647 1.000000
0.536031 -2.559924 3105.041271
0.379974 -2.415004 -1216.835262
0.001231 -0.006323 1.000000
-7.129427 11.634445 -5011.329598
-3.366440 4.615105 10995.192841
-0.012348 0.018459 1.000000
0.519317 -3.896203 -345.281678
0.928419 -3.990396 -1748.836241
0.001615 -0.007837 1.000000
0.440727 -2.262404 -148.585707
0.617183 -1.852574 -660.700674
0.001269 -0.004572 1.000000
-1.839828 1.610109 -294.678281
-1.169349 0.574087 2622.625378
-0.004843 0.004174 1.000000
1.950070 -7.651745 -2257.108465
1.331837 -5.366232 -632.932545
0.004178 -0.014465 1.000000
0.154221 -1.954416 446.781569
-0.065536 -2.053645 -126.059098
0.000085 -0.003791 1.000000
2.082641 -5.235898 1829.875410
1.808655 -5.472948 -1848.880048
0.005218 -0.012874 1.000000
-0.847381 -0.003762 133.005368
-0.759619 -0.014446 -464.420843
-0.001799 -0.000304 1.000000
-0.135442 -1.443275 1270.645624
-0.153730 -0.846378 254.698425
-0.000252 -0.003162 1.000000
-0.234147 -1.317633 706.091746
-0.200637 -1.426927 183.934603
-0.000507 -0.002731 1.000000
-0.264839 -1.078308 582.737643
-0.200805 -0.698642 -8.325612
-0.000565 -0.002143 1.000000
-0.930918 -0.073914 731.257332
-0.755487 -0.098073 -289.721678
-0.001975 -0.000174 1.000000
0.735478 -4.278643 -662.541012
0.702589 -3.737527 -713.741737
0.002036 -0.008433 1.000000
-0.307830 -1.095874 131.170733
-0.369214 -1.072435 -42.111223
-0.000778 -0.002144 1.000000
-0.637074 -0.848381 1319.839094
-0.384237 -0.416509 738.274331
-0.001336 -0.001386 1.000000
-0.478186 -1.130889 1145.589716
-0.361385 -1.001967 -59.407761
-0.001029 -0.002330 1.000000
-0.152755 -1.208455 563.302639
-0.059640 -0.956157 -99.416751
-0.000380 -0.002555 1.000000
-0.952839 -0.037904 1317.052313
-0.542449 -0.007261 655.288757
-0.001757 0.000197 1.000000
-0.015354 -1.611053 488.934414
-0.067419 -1.246002 -205.785805
-0.000164 -0.003096 1.000000
2.119092 -6.780289 -9077.832926
2.297554 -6.825131 -1512.252015
0.009010 -0.021846 1.000000
-0.270609 -0.938486 485.386132
0.011088 -1.227814 -44.830256
-0.000396 -0.002577 1.000000
-0.727600 -0.623615 904.654443
-0.292731 -0.737160 69.871819
-0.001075 -0.001583 1.000000
-1.188740 -0.394962 1804.200886
-0.770984 -0.451144 494.190868
-0.002191 -0.000244 1.000000
-0.140759 -1.498336 380.198112
-0.007595 -1.485912 79.875761
-0.000063 -0.003197 1.000000
-0.396075 -1.087045 148.245824
-0.319525 -0.810481 -180.658865
-0.000802 -0.001990 1.000000
0.129142 -2.195721 131.842422
0.044788 -1.690665 -174.987206
0.000222 -0.004338 1.000000
-0.764696 0.379204 -928.495403
-1.007759 0.485829 1987.211862
-0.002629 0.001560 1.000000
-0.126128 -1.701086 678.572731
0.443753 -3.183633 162.681417
0.000828 -0.005602 1.000000
-0.749026 -0.932351 901.934517
-0.317725 -0.638302 227.943057
-0.000926 -0.001471 1.000000
-4.812442 5.852120 2285.191116
-2.417110 4.131720 3825.964990
-0.007671 0.009343 1.000000
-0.160136 -1.135678 498.218338
-0.128302 -1.573545 149.992941
-0.000299 -0.002823 1.000000
-0.891954 -0.411304 913.559579
-0.275364 0.005206 69.656141
-0.001211 -0.000530 1.000000
-0.256665 -1.333663 1406.894018
-0.136842 -1.049947 83.151071
-0.000484 -0.002858 1.000000
0.018116 -1.390529 407.143237
0.046722 -1.755827 128.979145
0.000108 -0.003314 1.000000
-0.157654 -2.066185 652.188981
0.245207 -2.901336 78.945476
0.000458 -0.004911 1.000000
-0.145826 -1.293166 575.465192
-0.062018 -1.140933 80.369226
-0.000056 -0.002789 1.000000
-0.319193 -1.333228 417.169472
0.085769 -2.058687 199.478554
-0.000171 -0.003307 1.000000
-0.361946 -1.048549 434.894636
-0.109414 -1.213854 152.302597
-0.000441 -0.002331 1.000000
-0.129862 -2.264674 690.345841
0.530743 -2.969905 3.974768
0.000792 -0.005281 1.000000
-0.180250 -1.723704 664.036891
0.203546 -1.886744 130.818084
0.000035 -0.003941 1.000000
-0.225687 -0.850158 -364.878219
-0.231504 -0.721211 -732.468118
-0.000671 -0.002351 1.000000
-0.187762 -1.295206 524.166866
-0.016225 -1.558442 -13.481513
-0.000189 -0.003428 1.000000
-0.084062 -2.033362 -294.310975
0.468120 -2.082833 -54.845945
0.000234 -0.004473 1.000000
0.225977 -2.640483 1744.733289
0.341478 -1.929501 -265.443798
0.000557 -0.004679 1.000000
-0.238492 -1.418747 518.382874
-0.242273 -1.269930 246.559867
-0.000307 -0.002659 1.000000
-0.237087 -1.080758 466.730122
-0.175242 -0.805303 145.250858
-0.000303 -0.002167 1.000000
-0.400977 -2.122314 812.360375
0.072485 -2.314068 101.825522
0.000146 -0.004408 1.000000
-0.471357 -1.564015 710.065792
-0.146379 -1.412008 203.627329
-0.000214 -0.002999 1.000000
-2.120601 -4.685683 1563.811236
0.273647 -6.780737 387.899833
0.000126 -0.009267 1.000000
0.850277 0.242939 104.753842
-0.128467 1.425197 96.347156
-0.000190 0.000525 1.000000
0.905477 0.007919 81.025382
-0.014034 1.102523 77.822369
-0.000017 0.000158 1.000000
-29.903885 -61.304101 21180.023767
4.552950 -66.479306 14061.712781
0.023805 -0.126805 1.000000
-0.750976 -0.733710 484.217835
-0.267090 -0.655691 185.992874
-0.000893 -0.001777 1.000000
1.838440 1.736933 -363.448885
-0.042104 2.982259 -431.541304
-0.000180 0.003284 1.000000
1.741556 1.939438 -595.315996
-0.127746 3.100323 -476.446014
-0.000768 0.003894 1.000000
-19.124601 -29.516241 10756.396062
0.902385 -32.026627 6502.576185
0.001834 -0.055143 1.000000
1.109259 -0.082742 46.716407
0.106534 0.918574 159.510588
0.000201 -0.000186 1.000000
0.883669 -0.023145 54.525255
-0.002254 0.970726 85.475278
-0.000013 -0.000127 1.000000
1.000000 -0.000000 -0.000000
-0.000000 1.000000 0.000000
-0.000000 -0.000000 1.000000
6.049392 3.816608 -2098.673474
0.074064 6.209500 -1722.559989
0.000272 0.009243 1.000000
137.479714 369.661821 -102805.900683
-50.182654 380.177135 -42379.381162
-0.136865 0.753716 1.000000
12.192454 31.952252 -9683.610367
-4.788739 32.393478 -4091.084803
-0.014084 0.062516 1.000000
0.957604 -0.042511 61.184958
-0.058404 0.915978 108.671326
0.000134 -0.000145 1.000000
-1.769746 -4.161920 1171.980745
0.425673 -4.350733 518.438473
0.000018 -0.007881 1.000000
-0.065534 -2.546060 547.035452
-0.040769 -2.760210 118.884280
0.000003 -0.005051 1.000000
-6.168074 -15.593399 4443.918488
1.178313 -17.289800 2926.728786
0.003650 -0.027837 1.000000
-0.900348 -1.857849 962.574032
-0.243968 -0.835130 380.418215
-0.000611 -0.002485 1.000000
-2.920933 -4.659012 1557.608119
-0.446555 -5.196533 493.913078
-0.001551 -0.007078 1.000000
0.278458 -1.259992 469.615234
0.010653 -0.443351 135.553979
-0.000030 -0.002035 1.000000
-0.215406 -1.981498 477.074897
-0.159121 -1.809241 7.863736
-0.000149 -0.003803 1.000000
0.628301 -3.209781 719.641234
0.307483 -2.544272 -220.148847
0.001049 -0.006153 1.000000
-0.240999 -1.728972 615.582957
-0.136077 -1.412502 -0.150395
-0.000417 -0.003017 1.000000
-0.137793 -1.865774 711.991406
-0.067253 -1.355896 -104.038996
-0.000349 -0.002984 1.000000
-0.343650 -1.413549 738.119508
-0.082958 -1.441103 -97.489196
-0.000290 -0.003215 1.000000
-0.023651 -1.711912 509.618588
-0.016010 -1.345130 -72.821965
-0.000179 -0.003363 1.000000
4.352528 -9.227668 2494.715005
2.315667 -6.481291 -1492.651587
0.008275 -0.018092 1.000000
-0.034654 -2.002871 510.845389
-0.045396 -1.171737 -39.393901
-0.000201 -0.002999 1.000000
-0.104635 -2.711986 696.561413
0.015540 -2.037266 -2.373429
-0.000033 -0.004369 1.000000
0.068717 -1.685212 297.634469
0.044852 -0.999079 -79.029469
-0.000094 -0.002866 1.000000
0.479408 -2.473624 807.950544
0.223516 -1.790052 -101.651379
0.000746 -0.004660 1.000000
-0.228184 -2.040934 652.404974
0.019231 -1.238411 -13.391286
-0.000165 -0.003170 1.000000
0.752624 -2.494994 367.179081
0.221958 -2.097965 -442.015161
0.001287 -0.005918 1.000000
-0.202954 -1.180681 295.407544
-0.179601 -0.844882 48.381782
-0.000614 -0.002127 1.000000
-0.354336 -2.216714 782.026210
-0.045753 -1.637403 166.595373
-0.000116 -0.003659 1.000000
-1.258543 -0.040352 -378.087790
-0.547521 -0.035871 159.176090
-0.002063 0.000085 1.000000
5.411818 -12.243292 3791.477552
3.340167 -7.329310 -2020.575268
0.012153 -0.024589 1.000000
-0.447788 -1.889130 568.609225
-0.137250 -1.342589 43.873601
-0.000457 -0.003218 1.000000
-0.461564 -1.540487 388.225120
-0.263216 -1.112481 156.326273
-0.000783 -0.002411 1.000000
-0.227998 -1.816918 462.724001
-0.173051 -1.771881 61.366594
-0.000302 -0.003585 1.000000
-0.353195 -1.273332 142.952426
-0.278514 -1.203204 206.564739
-0.000699 -0.002524 1.000000
-0.206400 -0.744027 -508.530892
-0.220366 -0.644576 81.900124
-0.000873 -0.001617 1.000000
-1.954122 4.593916 -2034.365044
-1.368168 2.467952 1365.849690
-0.006250 0.007967 1.000000
-0.034839 -1.115312 182.896748
-0.073663 -0.851088 104.440274
-0.000195 -0.002578 1.000000
0.115212 -1.236298 317.852048
-0.024721 -1.600146 39.372009
-0.000123 -0.003240 1.000000
0.808779 -3.899433 943.049481
0.354372 -2.008379 -119.727402
0.001750 -0.007064 1.000000
-0.214142 -0.859080 376.461373
-0.071242 -1.159429 -94.851865
-0.000431 -0.002653 1.000000
-0.432385 -0.903678 129.436179
-0.380470 -0.651575 142.803768
-0.001136 -0.001219 1.000000
-0.703901 -0.362438 -462.183955
-0.657137 -0.663330 6.973775
-0.001317 -0.001328 1.000000
-0.163167 -0.828621 -13.756612
-0.237279 -1.059113 229.082408
-0.000590 -0.002210 1.000000
0.178045 -1.456252 4.495504
0.027676 -1.820379 177.231483
-0.000042 -0.003476 1.000000
3.227074 -6.699005 3377.516742
0.975049 -4.093228 -995.185630
0.004381 -0.010788 1.000000
-0.588720 -1.076467 1208.362767
-0.128927 -0.680112 -36.326244
-0.000553 -0.002331 1.000000
-0.485279 -1.282185 1306.761043
-0.012738 -0.359121 75.325704
-0.000525 -0.002444 1.000000
5.597898 -9.534047 -448.390928
3.621862 -8.898602 -3374.260148
0.008230 -0.018054 1.000000
1.412942 -3.842521 781.094197
0.670758 -2.271234 -527.458593
0.002535 -0.007927 1.000000
3.136680 -14.792757 2064.048156
1.945455 -7.777520 -778.228590
0.007778 -0.025139 1.000000
-0.925572 0.108554 -734.303098
-0.853599 0.039590 184.791047
-0.002084 0.000706 1.000000
-0.583998 -0.252848 78.425658
-0.478773 -0.146873 99.730644
-0.001418 -0.000355 1.000000
-0.202141 -1.486090 -517.330487
-0.208039 -1.906175 -302.116918
-0.000329 -0.003767 1.000000
-0.877288 0.246575 -676.847123
-0.944698 0.277568 1479.169365
-0.002017 0.000547 1.000000
-0.675966 -0.809399 2147.408058
-0.626174 -0.612273 233.339004
-0.001354 -0.001434 1.000000
-1.232234 0.474136 1070.403816
-0.400099 -0.337831 -12.077224
-0.001888 0.000108 1.000000
-0.061861 -2.102556 771.459430
0.024363 -1.453753 -17.807952
0.000159 -0.003520 1.000000
0.809929 -3.174859 -1071.913408
0.506871 -1.661934 -163.193106
0.001753 -0.005788 1.000000
0.377960 -1.833080 -963.815942
0.539449 -1.681243 811.483923
0.001668 -0.004751 1.000000
0.040941 -1.558450 418.900858
-0.061196 -1.085051 179.925367
-0.000013 -0.002963 1.000000
-2.770467 4.006012 3921.324907
-2.377169 3.012784 1561.552694
-0.007490 0.009582 1.000000
2.771704 -7.765219 -1820.217950
1.532249 -5.690735 -1259.665016
0.005090 -0.014283 1.000000
0.515549 -3.769394 -3573.864639
0.857491 -2.763328 -213.655349
0.002956 -0.008994 1.000000
-0.190471 -0.967628 655.289592
0.011892 -1.026426 32.059565
-0.000143 -0.002587 1.000000
-0.064701 -1.412309 860.596227
0.068059 -1.440331 -168.992707
-0.000089 -0.003183 1.000000
-0.150244 -1.243071 -363.597784
-0.146356 -0.914977 -170.561165
-0.000189 -0.002618 1.000000
-0.348977 -1.079998 1297.223829
-0.224290 -0.823648 -102.186773
-0.000907 -0.002099 1.000000
0.625896 -4.282006 151.865482
0.637644 -3.127080 -1919.641002
0.001273 -0.007310 1.000000
0.148081 -2.012588 968.029745
0.225962 -2.264320 -302.706397
0.000577 -0.005140 1.000000
-0.420426 -1.061331 983.573553
-0.304456 -0.960226 142.748342
-0.000816 -0.002234 1.000000
-0.017012 -1.254507 693.682833
0.111410 -1.533221 -57.880275
0.000015 -0.003330 1.000000
