-0.101480 -0.849397 616.986840
-0.139920 -0.714565 138.685461
-0.000562 -0.001942 1.000000
0.209399 -1.458308 367.569598
0.059646 -0.718653 -229.920160
0.000218 -0.002862 1.000000
0.162203 -0.871676 458.739526
-0.079579 -1.171972 205.656165
-0.000875 -0.002056 1.000000
0.813637 -1.944737 -7.061217
0.439109 -1.558166 -835.392723
0.001207 -0.004436 1.000000
-0.158099 -0.564456 525.055771
-0.418391 -0.558275 295.986336
-0.000836 -0.001259 1.000000
-0.054362 -0.679361 161.232648
-0.170911 -0.597103 98.605542
-0.000553 -0.001853 1.000000
-0.689020 0.767153 878.180514
-0.853527 0.024221 468.330641
-0.002752 0.000861 1.000000
28.624668 -75.095240 -3948.483887
33.583606 -31.958570 -39218.632054
0.114071 -0.140485 1.000000
1.270809 -3.828377 921.467612
0.846129 -1.715538 -1187.009574
0.002155 -0.006344 1.000000
-0.707798 -0.141312 1565.431023
-0.668559 0.274602 585.249065
-0.001694 -0.000067 1.000000
-0.293472 -0.211517 743.305032
-0.282732 -0.169608 271.851594
-0.001411 -0.000788 1.000000
0.136877 -0.840497 -27.933075
-0.057876 -0.659124 -110.606660
-0.000431 -0.002164 1.000000
0.036765 -1.852382 415.388217
0.392228 -1.463417 -337.305730
0.000364 -0.003617 1.000000
0.308970 -1.861792 209.723551
0.373402 -1.501061 -714.070002
0.000268 -0.003589 1.000000
0.040991 -1.436371 391.090305
0.086004 -0.821738 -92.879476
0.000102 -0.002806 1.000000
0.192105 -1.981335 632.217197
0.285614 -1.275472 -210.893332
0.000628 -0.003404 1.000000
1.315177 -3.559065 -113.797556
1.030437 -2.465448 -964.495812
0.002307 -0.006511 1.000000
0.016310 -1.478861 157.353026
0.224964 -1.118327 -309.559649
0.000075 -0.003014 1.000000
0.233013 -1.569370 415.259872
0.291626 -1.117041 -603.363277
0.000243 -0.003115 1.000000
-2.488268 3.533286 1695.912654
-1.627214 1.165785 1787.049494
-0.005927 0.005418 1.000000
-3.353486 6.710433 1680.824173
-2.828633 4.433210 1480.706856
-0.007580 0.009318 1.000000
-5.645159 7.962538 7011.137868
-4.495355 4.617272 4307.410889
-0.009408 0.011862 1.000000
8.261197 -14.233320 4070.154392
6.575225 -9.304199 -9082.024258
0.012597 -0.022060 1.000000
1.222939 -3.716004 56.473135
0.994682 -2.983704 -996.501960
0.003387 -0.007527 1.000000
0.231801 -1.430915 330.610552
0.113774 -1.183781 -194.376707
0.000152 -0.003157 1.000000
-0.017371 -0.917474 404.094066
0.048084 -0.831151 -56.404388
-0.000207 -0.002207 1.000000
-0.014693 -0.857665 441.048266
-0.042553 -0.535086 -14.089798
-0.000073 -0.002083 1.000000
-0.154760 -0.725874 275.023973
-0.238738 -0.479784 -224.375616
-0.000600 -0.001846 1.000000
-0.872891 0.375603 1063.290843
-0.598189 0.101115 492.602556
-0.001911 0.000516 1.000000
0.110599 -1.618102 436.679254
-0.055914 -0.985482 65.753140
-0.000015 -0.002839 1.000000
0.178137 -1.405437 420.915352
-0.067772 -0.656800 68.891867
-0.000010 -0.002494 1.000000
-2.810113 5.032017 -614.092370
-3.395498 5.567584 1871.817807
-0.007794 0.010338 1.000000
-0.578229 -1.559530 470.446063
0.094490 -1.316903 76.566088
-0.000414 -0.002841 1.000000
0.340535 -0.961397 318.578649
0.085787 -0.166220 -90.796919
0.000088 -0.002059 1.000000
0.763515 -1.888669 393.836740
0.341645 -0.675559 -267.486715
0.000798 -0.003429 1.000000
-0.124196 5.574374 -1925.168922
-3.465261 6.258842 1215.798706
-0.006191 0.010700 1.000000
3.022713 0.434088 -594.362704
0.310838 1.982060 -117.807631
0.001724 0.000123 1.000000
3.878193 3.076966 -1632.366059
-0.869818 4.338853 -372.565175
0.000781 0.003896 1.000000
1.359194 0.214205 -189.869842
-0.116207 1.129893 50.938306
0.000393 -0.000146 1.000000
0.983474 -0.270711 -21.317632
-0.106539 0.540615 144.011386
0.000249 -0.000849 1.000000
1.000000 -0.000000 0.000000
-0.000000 1.000000 -0.000000
-0.000000 0.000000 1.000000
0.512831 -0.105170 58.234256
-0.271726 0.550625 182.989852
-0.000343 -0.000384 1.000000
0.315088 -0.486846 184.535236
-0.130730 0.040446 177.355440
-0.000256 -0.001207 1.000000
0.888092 1.089406 -266.063439
-0.421377 1.833179 -203.324844
-0.000714 0.001373 1.000000
-3.641117 -7.643256 2438.932930
1.670857 -10.748377 1375.080317
0.000897 -0.014460 1.000000
0.214525 -0.898157 277.990387
-0.043361 -0.306249 72.167773
-0.000132 -0.001898 1.000000
0.075509 -1.027641 384.577732
-0.006729 -0.627079 23.069877
0.000003 -0.002295 1.000000
16.792777 -14.011743 -1773.526779
7.931155 -11.253119 -3944.165567
0.021723 -0.031991 1.000000
-0.035974 -1.080103 360.806043
-0.016181 -0.789069 74.083349
-0.000127 -0.002193 1.000000
-0.064127 -0.913809 360.675216
-0.010431 -0.480227 27.957410
-0.000282 -0.001936 1.000000
1.283456 -1.248162 179.139145
0.114677 -0.182479 146.021235
0.000926 -0.002151 1.000000
-0.503696 -1.355258 494.381873
-0.128982 -1.045075 213.570479
-0.000541 -0.002246 1.000000
-0.313809 -1.634402 464.877776
0.058688 -1.126853 43.731395
-0.000270 -0.002849 1.000000
0.312324 -0.979689 226.872638
-0.004387 -0.513685 -2.725103
-0.000034 -0.002172 1.000000
0.114355 -1.274283 614.612270
0.251914 -0.911256 -169.295857
0.000286 -0.002807 1.000000
0.033716 -1.100537 548.475386
0.022825 -0.976047 40.447854
-0.000161 -0.002389 1.000000
-0.197351 -1.153688 385.559141
0.099541 -1.083419 -78.134369
-0.000102 -0.002684 1.000000
-0.089715 -0.890698 399.186708
-0.060081 -1.020892 -126.274751
-0.000143 -0.002539 1.000000
0.024016 -0.769929 241.917627
-0.066376 -0.457045 -37.263108
-0.000323 -0.001977 1.000000
1.793053 -4.336698 1791.336962
1.244653 -2.745185 -1018.051721
0.003216 -0.008265 1.000000
-0.187151 -0.615621 -25.891092
-0.066145 -0.578260 -61.650859
-0.000561 -0.001913 1.000000
0.939877 -1.089515 -299.768905
0.587380 -1.464054 -208.590664
0.001755 -0.004420 1.000000
0.083035 -0.915697 98.325514
0.045017 -0.603073 -78.670447
-0.000225 -0.002291 1.000000
0.104343 -1.121639 345.714546
0.069124 -0.911692 -73.023170
0.000157 -0.002651 1.000000
-0.523881 -0.628367 8.341646
-0.197415 -0.269943 -171.625934
-0.001023 -0.001285 1.000000
-0.154270 -0.882712 228.080566
-0.062274 -0.796583 -151.388965
-0.000413 -0.002100 1.000000
0.042285 -1.098367 363.387996
0.023235 -0.795587 -66.265770
-0.000301 -0.002322 1.000000
1.831838 -2.133444 -2080.003731
0.825231 -1.995036 -835.808973
0.002217 -0.005830 1.000000
-0.112051 -0.881588 -68.571485
-0.045356 -0.600074 -196.792600
-0.000501 -0.002334 1.000000
0.165084 -1.278684 68.029329
0.052303 -1.094635 -154.806135
-0.000079 -0.002804 1.000000
0.630363 -2.049286 306.489557
0.307146 -1.277229 -328.555813
0.000579 -0.003505 1.000000
-0.217826 -0.863506 630.591805
-0.210234 -1.017942 -39.148455
-0.000510 -0.002185 1.000000
-0.393636 -0.729630 225.076248
-0.097694 -0.522850 -358.736036
-0.000889 -0.001782 1.000000
1.275877 0.372641 -155.692469
-0.015638 1.418497 -64.962928
0.000063 0.000373 1.000000
-0.028314 -1.000656 260.572218
-0.023169 -0.750117 51.531878
-0.000250 -0.002263 1.000000
-13.570539 -14.634200 5204.418551
-1.661631 -18.370985 1588.078072
-0.010158 -0.018933 1.000000
-0.187890 -0.428708 -63.616915
-0.144298 -0.363984 23.224242
-0.000775 -0.001551 1.000000
0.264176 -1.178133 -385.008472
0.125400 -0.816049 -227.592710
-0.000127 -0.002674 1.000000
-0.041166 -1.225550 351.435766
-0.093763 -0.854346 -125.864212
-0.000370 -0.002395 1.000000
-0.248169 -1.137144 622.957636
-0.065591 -0.755181 -72.308300
-0.000303 -0.002119 1.000000
0.277638 -1.612576 231.454246
0.118018 -1.296334 -230.127483
0.000180 -0.003428 1.000000
0.652853 -2.751249 1633.993296
0.534756 -1.767494 -555.583619
0.001175 -0.004346 1.000000
-0.461455 -0.561240 -78.853433
-0.274673 -0.638766 183.270104
-0.000923 -0.001531 1.000000
-0.235062 -1.020913 1555.730578
-0.005210 -0.625146 -148.365483
-0.000586 -0.002099 1.000000
0.082761 -0.973083 -49.205408
0.000374 -0.599488 -178.370156
-0.000211 -0.002249 1.000000
-0.152963 -0.689745 26.608755
-0.093211 -0.259293 -1.259129
-0.000772 -0.001641 1.000000
0.000101 -1.798197 1197.307180
0.086595 -0.976491 -437.135173
-0.000054 -0.003132 1.000000
-0.205388 -0.873531 260.084012
0.065958 -0.541227 -498.187829
-0.000501 -0.002103 1.000000
0.116073 -0.941825 -41.882707
-0.114442 -0.624079 -184.675457
-0.000510 -0.002054 1.000000
0.414941 -1.838253 19.606882
0.002780 -1.386386 -112.850165
0.000048 -0.003377 1.000000
-0.311164 -1.014468 -140.904337
-0.220140 -0.814211 3.058542
-0.000617 -0.001879 1.000000
-0.515998 -0.571547 364.339543
-0.391174 -0.517909 -170.253654
-0.000946 -0.001253 1.000000
-0.262847 -0.625148 235.494859
-0.149156 -0.440857 -132.367705
-0.000882 -0.001568 1.000000
0.063604 -0.594679 -862.186196
-0.033164 -0.611014 -139.793007
-0.000498 -0.002082 1.000000
-0.446555 -0.117473 -82.823721
-0.126362 -0.085066 -31.630392
-0.001151 -0.000969 1.000000
4.607132 -8.290414 5274.668133
1.737856 -5.073133 -8217.787985
0.006096 -0.013965 1.000000
-0.400094 -1.142564 195.922074
-0.051051 -0.764416 -142.368485
-0.000783 -0.002107 1.000000
-0.371040 -0.827477 -15.197348
-0.226549 -0.669884 26.183963
-0.000712 -0.001667 1.000000
-0.347045 -1.232060 536.637130
-0.068513 -0.876728 -252.942084
-0.000427 -0.002368 1.000000
-0.393853 -0.711386 1335.724094
-0.312882 -0.576227 -520.650041
-0.000857 -0.001389 1.000000
-0.076415 -1.387482 -126.712208
-0.054052 -0.959968 -184.271041
-0.000238 -0.002429 1.000000
-0.147778 -1.278230 855.616929
-0.152509 -1.141061 -318.586346
-0.000392 -0.002596 1.000000
-0.100452 -0.989346 218.796713
-0.137780 -0.992357 -72.859144
-0.000424 -0.002293 1.000000
0.550119 -1.932229 509.954839
0.327390 -1.285240 -325.849661
0.000430 -0.003318 1.000000
1.169873 -3.856102 -107.248757
1.070170 -2.974885 -778.831632
0.002439 -0.006797 1.000000
0.092413 -1.231098 413.666638
0.152179 -0.938277 -51.226770
-0.000027 -0.002610 1.000000
0.020444 -1.155920 408.975851
0.008544 -0.786426 55.399337
-0.000113 -0.002344 1.000000
-0.152856 -1.533951 418.420181
0.138352 -1.034340 -81.318902
-0.000204 -0.002565 1.000000
-0.237609 -1.044534 576.850336
-0.204069 -0.936778 89.403059
-0.000483 -0.002062 1.000000
0.472733 -1.855383 -130.666394
0.208171 -1.500342 -158.193668
0.000335 -0.003344 1.000000
-0.144012 -1.002420 256.092406
-0.234172 -0.806806 -126.238785
-0.000539 -0.002201 1.000000
-1.368910 1.842849 1478.976561
-0.924282 1.487849 1438.423555
-0.003124 0.002975 1.000000
-0.107250 -1.161984 7.432948
-0.099769 -0.821760 -183.553466
-0.000269 -0.002576 1.000000
0.063258 -1.513610 568.194131
0.053443 -1.251208 -114.167404
0.000177 -0.003338 1.000000
-3.201190 3.395639 -631.377436
-1.832092 2.406634 2360.562500
-0.005731 0.005783 1.000000
-0.255851 -0.436589 6.026311
-0.218974 -0.441178 -40.874936
-0.000971 -0.001365 1.000000
-0.322047 -0.728234 -17.700547
-0.412607 -0.725620 78.052718
-0.000908 -0.001526 1.000000
-0.936135 0.117396 2396.003562
-0.588024 0.061744 -807.561661
-0.001849 0.000027 1.000000
-0.347057 -1.052388 405.145531
-0.091640 -0.539255 -71.203050
-0.000605 -0.001850 1.000000
0.208719 -1.818793 -484.985966
0.119044 -1.820147 -263.777751
0.000493 -0.003741 1.000000
-0.112385 -1.585962 520.001098
0.034402 -0.930667 -235.450167
-0.000171 -0.002655 1.000000
0.841197 -2.195220 72.955956
0.612571 -1.726345 -1305.514865
0.001406 -0.004600 1.000000
0.119929 -1.226242 -151.401969
0.101158 -0.930231 -416.699087
0.000009 -0.002751 1.000000
0.233201 -2.290693 606.777091
0.041142 -1.711677 -300.699221
0.000286 -0.003749 1.000000
0.010929 -1.143160 661.942457
-0.093033 -1.221143 -412.379780
-0.000295 -0.002881 1.000000
0.761481 -2.189352 1169.153685
0.516951 -1.516195 -935.203036
0.001374 -0.004207 1.000000
-0.318377 -1.088566 534.343618
-0.040322 -0.796808 -71.695709
-0.000432 -0.002304 1.000000
-0.448173 -1.099321 910.180925
-0.120024 -0.968277 -210.553874
-0.000536 -0.002190 1.000000
0.291200 -1.597861 315.844117
0.155353 -1.988169 -154.644144
0.000448 -0.003978 1.000000
0.325167 -2.392186 745.530398
0.538927 -2.827633 -826.904254
0.001131 -0.005713 1.000000
2.955330 -4.420343 2144.829009
1.457986 -3.090937 -2456.942987
0.003689 -0.008010 1.000000
7.181171 -10.595373 6350.259420
3.774110 -7.891171 -2474.823813
0.011068 -0.018834 1.000000
-0.385945 -1.312512 86.788111
-0.198968 -0.839854 58.285840
-0.000719 -0.002302 1.000000
3.780847 -6.299492 3561.528725
1.853484 -3.386683 -1868.994031
0.005176 -0.010067 1.000000
-0.394436 -0.808178 888.844030
-0.214687 -0.542058 -165.285373
-0.000756 -0.001505 1.000000
-0.943521 -0.310597 825.486740
-0.938017 -0.015669 -374.230442
-0.002039 -0.000216 1.000000
-0.141584 -1.156805 157.405675
-0.059551 -0.979121 -17.823908
-0.000367 -0.002271 1.000000
-0.048410 -1.001610 549.198446
-0.074633 -1.015384 -79.520303
-0.000344 -0.002261 1.000000
-0.153462 -0.770265 233.409952
-0.176454 -0.614981 -3.207499
-0.000659 -0.001787 1.000000
-6.641473 7.505668 -3096.263725
-2.340139 2.620085 5978.741517
-0.010412 0.011180 1.000000
-0.455404 -0.761756 1207.020026
-0.278360 -0.380412 289.746394
-0.000929 -0.001289 1.000000
0.019644 -1.387157 495.688144
0.072734 -0.933609 -232.677163
-0.000075 -0.002726 1.000000
-0.675164 -0.695582 825.677326
-0.260636 -0.477771 -127.536784
-0.000990 -0.001384 1.000000
2.808139 -5.790194 1654.371422
1.542535 -3.037422 -2530.263559
0.004564 -0.009367 1.000000
-6.988818 8.378239 -9520.007127
-1.768594 3.619746 5384.867556
-0.009551 0.013223 1.000000
0.342832 -1.865876 180.645430
0.209823 -1.309454 -162.883447
0.000176 -0.003237 1.000000
3.122830 -4.648837 625.468390
1.675017 -3.260231 -2564.047063
0.005347 -0.009920 1.000000
0.261480 -1.835288 553.681502
0.123868 -1.243666 -667.970649
0.000105 -0.003466 1.000000
0.747644 -2.713216 -260.805517
0.494065 -1.835578 -241.039814
0.000989 -0.004555 1.000000
-0.371312 -0.760392 -66.511048
-0.232115 -0.448821 -194.073031
-0.000793 -0.001550 1.000000
-0.296053 -1.549372 404.593603
-0.124257 -0.798938 -461.758991
-0.000382 -0.002484 1.000000
0.192853 -1.215443 393.551537
-0.000018 -1.146612 -119.449842
0.000474 -0.003403 1.000000
1.056497 -3.016405 286.709628
0.613254 -2.302911 -628.010704
0.001623 -0.005541 1.000000
0.455349 -2.113047 1407.388574
0.178655 -1.068300 -707.610029
0.000589 -0.003950 1.000000
-0.056723 -0.983983 -61.257116
-0.002400 -0.659305 -252.188014
-0.000244 -0.002386 1.000000
1.950468 -4.319345 103.934960
0.929477 -2.130024 -1253.811057
0.002529 -0.006387 1.000000
0.365011 -1.660546 -281.874279
0.115341 -1.052211 -600.218016
0.000334 -0.003451 1.000000
0.511654 -2.797473 2233.978986
0.181577 -1.362369 69.322713
0.000959 -0.003834 1.000000
-0.693429 -0.604247 1337.515445
-0.366817 -0.271238 244.205847
-0.001167 -0.000987 1.000000
0.602523 -2.125806 716.559743
0.533802 -1.657580 -384.775597
0.000947 -0.004280 1.000000
0.216920 -2.563388 1499.985269
0.389710 -1.947052 -991.166234
0.001085 -0.005027 1.000000
-0.579815 -0.074709 -26.632399
-0.426418 0.103982 -81.814885
-0.001708 0.000010 1.000000
-0.083203 -1.025475 -296.344050
-0.044260 -0.910740 -26.135148
-0.000120 -0.002464 1.000000
-0.203179 -1.044116 150.892627
-0.174703 -0.936262 29.986404
-0.000434 -0.002177 1.000000
0.671357 -2.113250 448.670549
0.430212 -1.574555 -549.908016
0.000973 -0.003998 1.000000
1.101283 -2.507431 -679.796455
0.582537 -1.985443 -1660.761975
0.001344 -0.004961 1.000000
-0.662169 -0.068614 -104.270947
-0.520155 -0.307689 841.583644
-0.001599 -0.000711 1.000000
0.137895 -0.890653 59.994620
0.048586 -1.009886 3.201621
-0.000030 -0.002513 1.000000
0.420308 -1.736972 763.840940
0.203587 -1.073035 -482.429421
0.000393 -0.003349 1.000000
-0.140957 -1.488478 -638.591180
-0.170517 -1.145860 -46.209624
-0.000365 -0.002568 1.000000
-0.553355 -0.895310 826.889698
-0.261305 -0.601066 115.896994
-0.000851 -0.001575 1.000000
-0.099541 -1.105407 426.224659
-0.034806 -0.875831 -42.495676
-0.000301 -0.002297 1.000000
-0.087386 -0.763596 -224.753904
-0.066044 -0.569286 -129.075157
-0.000445 -0.002016 1.000000
-0.067111 -0.630982 -159.457891
-0.137151 -0.721152 112.805871
-0.000530 -0.001940 1.000000
0.287139 -1.529748 -548.607049
0.137810 -1.043824 -373.517997
0.000031 -0.002923 1.000000
0.110313 -1.197987 -141.844593
0.030112 -0.894391 40.774122
0.000011 -0.002515 1.000000
4.949748 -8.157906 -4783.964585
3.393783 -5.688780 -2841.468327
0.008626 -0.014912 1.000000
-0.086569 -0.959743 -197.219690
-0.013696 -0.917192 -106.875020
-0.000127 -0.002529 1.000000
-0.724149 -0.365703 -76.232052
-0.394721 -0.240834 407.702845
-0.001392 -0.000730 1.000000
-0.132978 -0.765633 216.075711
-0.238202 -0.588651 -38.198594
-0.000648 -0.001799 1.000000
0.290210 -2.321232 320.401117
0.194840 -1.676478 -437.722445
0.000435 -0.004101 1.000000
0.385243 -1.836256 42.697184
0.227308 -1.534066 -194.005488
0.000776 -0.003903 1.000000
-0.343644 -0.703926 1480.468756
-0.252732 -0.610078 -5.049840
-0.000818 -0.001779 1.000000
-0.552739 -0.605826 -11.799138
-0.297497 -0.408151 75.637069
-0.001176 -0.001417 1.000000
-0.007750 -1.335350 417.906538
-0.034995 -0.954908 -685.099714
-0.000024 -0.002854 1.000000
-0.295911 -0.627301 -254.250649
-0.293960 -0.550438 106.657777
-0.000884 -0.001566 1.000000
-0.220089 -0.360886 20.455465
-0.241639 -0.380978 98.691908
-0.000760 -0.001419 1.000000
0.352989 -1.717089 471.971921
0.211343 -1.431467 -315.527639
0.000148 -0.003209 1.000000
0.048849 -1.507143 781.404593
0.027460 -1.202637 -89.231208
0.000280 -0.003139 1.000000
-2.310142 2.353174 1940.206018
-1.143960 0.837699 1721.862091
-0.003797 0.003009 1.000000
-2.001601 1.151839 -309.458231
-1.066616 0.400096 1727.231675
-0.003101 0.001412 1.000000
0.007246 -1.241099 -88.258854
0.051231 -1.152577 -280.952377
0.000428 -0.003303 1.000000
-0.321921 -1.016189 313.597427
-0.114961 -0.684827 -630.780557
-0.000618 -0.001969 1.000000
0.425198 -2.053865 -11.289742
0.429150 -1.285396 -567.837143
0.000725 -0.003788 1.000000
-2.985684 5.492025 1675.068175
-2.859634 3.256803 2509.980881
-0.007461 0.007177 1.000000
0.408920 -1.198594 -904.355579
0.077246 -0.863343 -691.336080
0.000557 -0.002989 1.000000
1.560306 -2.773432 -509.007702
1.060094 -2.225812 -1596.785575
0.002989 -0.005698 1.000000
40.638553 -51.532281 80571.643562
17.415483 -32.043720 -35226.735836
0.063361 -0.093986 1.000000
0.140497 -1.220950 -1870.100937
0.113959 -0.790516 25.777179
0.000047 -0.002440 1.000000
0.339429 -1.453379 -1093.956955
0.115213 -1.145852 287.706671
0.000255 -0.003126 1.000000
-0.833125 -0.007761 902.033144
-0.766792 -0.047724 1074.120593
-0.001895 -0.000107 1.000000
3.315727 -5.722065 5350.087798
1.357502 -1.268929 -1975.570683
0.005886 -0.009848 1.000000
-0.538328 -1.127018 1154.753579
-0.186766 -0.505590 -181.239211
-0.000727 -0.001674 1.000000
-1.310158 0.090317 2400.324350
-0.757784 0.082247 -1136.329626
-0.002164 0.000158 1.000000
-0.401064 -1.203126 933.749500
-0.135953 -0.783729 -170.122540
-0.000634 -0.002098 1.000000
-0.527593 -1.061754 1428.372056
-0.306489 -0.576468 -389.461344
-0.000843 -0.001644 1.000000
1.243795 -3.990104 -1075.022450
0.912876 -2.729143 -1113.204765
0.002405 -0.006874 1.000000
-0.378961 -1.326858 928.104886
-0.046789 -0.797083 -150.072323
-0.000455 -0.002285 1.000000
-0.471049 -1.203484 1026.016608
-0.145218 -0.466959 30.744343
-0.000576 -0.001682 1.000000
-0.456396 -1.131477 2027.614123
-0.108133 -0.748143 -259.781307
-0.000494 -0.001992 1.000000
-0.685719 -0.636000 540.725186
-0.424196 -0.518128 899.650415
-0.001110 -0.001144 1.000000
0.023156 -1.358166 1082.902609
-0.077789 -1.169185 -223.436117
-0.000290 -0.002682 1.000000
-0.309793 -1.148120 1050.022724
-0.129072 -0.878706 -400.975223
-0.000349 -0.002348 1.000000
-1.002789 -0.037532 190.484264
-0.575505 -0.163498 1295.829950
-0.001647 -0.000114 1.000000
-1.011706 -0.848225 1004.642859
-0.317256 -0.280730 -460.655643
-0.001268 -0.000960 1.000000
-0.986482 -0.555279 1212.235415
-0.438500 -0.318949 -254.158643
-0.001452 -0.000786 1.000000
0.040237 -1.230052 1356.848341
-0.022395 -0.617315 -41.092318
-0.000272 -0.002522 1.000000
0.330554 -2.179900 -51.959983
0.502156 -1.378890 -1300.873743
0.000917 -0.004416 1.000000
-1.610288 0.518289 1749.224782
-0.923415 0.522376 1565.116951
-0.002809 0.001339 1.000000
-1.408419 0.340901 386.340638
-1.017905 0.172679 1684.965698
-0.002384 0.000762 1.000000
-0.541254 -1.281572 1006.854247
-0.156978 -0.412308 -73.692102
-0.000724 -0.001618 1.000000
-0.346055 -1.172539 1725.324327
-0.217936 -1.010276 1146.647689
-0.000438 -0.002053 1.000000
-0.596422 -0.821976 1391.104976
-0.241085 -0.263516 -72.300683
-0.001052 -0.001167 1.000000
0.232069 -1.752471 -761.559221
0.012614 -0.805086 -1763.744247
0.000484 -0.003104 1.000000
-0.331989 -0.722137 162.685112
-0.109655 -0.273987 -1.425173
-0.000785 -0.001517 1.000000
-0.901400 -0.400535 1284.357030
-0.303679 -0.138220 -52.758963
-0.001269 -0.000705 1.000000
-0.479257 -1.114477 960.632758
-0.089435 -0.457811 42.151679
-0.000622 -0.001638 1.000000
-0.356519 -0.810714 242.466336
-0.101774 -0.544852 -419.346241
-0.000604 -0.001812 1.000000
-0.698168 -0.873686 915.894947
-0.285753 -0.471381 -221.247540
-0.001137 -0.001382 1.000000
-0.308977 -1.511768 702.571903
-0.035575 -0.945723 -123.241215
-0.000389 -0.002404 1.000000
-0.273628 -1.225586 750.735779
-0.137728 -0.869358 -57.119058
-0.000520 -0.002240 1.000000
-0.433507 -1.424585 1233.077284
-0.007292 -0.711869 -62.499282
-0.000443 -0.002354 1.000000
-0.290706 -1.150056 648.103805
-0.149190 -0.796584 -64.490332
-0.000417 -0.002078 1.000000
-0.583228 -1.000556 1278.054476
-0.227126 -0.580204 -57.702703
-0.000735 -0.001666 1.000000
-0.260611 -1.734318 912.506463
0.125164 -0.606490 -142.440191
-0.000226 -0.002311 1.000000
-0.218796 -1.788394 780.241697
0.074725 -0.900638 -395.137092
-0.000201 -0.002769 1.000000
-0.058245 -1.564465 963.392734
0.188346 -1.000829 -658.620145
0.000026 -0.003061 1.000000
-0.607051 -0.966096 645.864658
-0.229827 -0.386978 -246.019554
-0.000886 -0.001521 1.000000
-1.183787 0.558547 362.427083
-0.743004 0.282195 1612.691440
-0.002162 0.000625 1.000000
-0.273704 -1.429332 1071.934784
-0.080073 -0.484382 -278.696370
-0.000450 -0.002491 1.000000
-0.567178 -1.157599 1592.164415
-0.020993 -0.662281 -152.413134
-0.000490 -0.002022 1.000000
-0.510104 -1.113283 1048.632896
-0.119687 -0.339789 -61.441015
-0.000768 -0.001581 1.000000
-0.106509 -0.602727 260.019583
-0.014720 -0.267915 -79.580067
-0.000649 -0.001512 1.000000
-0.383786 -0.709753 575.338847
-0.085326 -0.309733 -183.153536
-0.000822 -0.001528 1.000000
-0.340548 -1.086632 925.808814
-0.165012 -0.629914 57.419420
-0.000584 -0.001802 1.000000
-0.282782 -0.908305 -9.205929
-0.165065 -0.781023 114.190815
-0.000626 -0.001923 1.000000
-0.591477 -0.795234 1140.856526
-0.221592 -0.369685 -187.686936
-0.000988 -0.001307 1.000000
1.098578 -3.024820 -179.217282
0.805329 -2.054027 -757.993945
0.001449 -0.004836 1.000000
-0.386478 -0.879207 409.913645
-0.208684 -0.748672 -107.715000
-0.000674 -0.001885 1.000000
-0.238157 -1.132759 569.541109
-0.065307 -0.699269 -216.860140
-0.000416 -0.002356 1.000000
0.076671 -1.451562 741.789405
-0.019380 -0.795411 -397.302928
0.000072 -0.002824 1.000000
-0.067379 -1.048875 660.125675
-0.127371 -0.830866 25.197151
-0.000374 -0.002017 1.000000
-0.499284 -1.056514 597.819273
-0.182490 -0.446094 -113.162770
-0.000792 -0.001745 1.000000
-0.290432 -0.988611 834.504885
-0.150548 -0.741761 -148.129098
-0.000647 -0.001945 1.000000
-0.171098 -0.850792 455.822567
-0.086392 -0.853055 -134.574070
-0.000473 -0.002185 1.000000
-0.209098 -1.594208 428.791246
-0.183698 -1.543210 100.604549
-0.000371 -0.002958 1.000000
2.526704 -4.841236 -796.632497
2.344459 -5.363032 -1979.588016
0.004100 -0.010264 1.000000
0.029333 -1.272104 619.139173
0.079815 -1.378363 -155.293044
0.000126 -0.003220 1.000000
-0.545611 -1.204054 63.130344
-0.199509 -0.518697 -410.187182
-0.000743 -0.001750 1.000000
-0.462438 -0.778496 763.240625
-0.166825 -0.310108 -434.109323
-0.000775 -0.001442 1.000000
-0.652918 -1.226721 1234.040727
-0.240246 -0.426173 -455.670722
-0.000789 -0.001737 1.000000
0.143662 -1.743473 961.483797
0.155506 -0.986226 -372.174954
0.000235 -0.003050 1.000000
-0.543350 -0.540402 1133.682977
-0.207992 -0.287098 58.591645
-0.001148 -0.001197 1.000000
-0.511207 -0.831710 860.067396
-0.146173 -0.464620 42.600910
-0.000839 -0.001612 1.000000
1.611394 -3.157956 595.365705
1.246382 -2.755874 -969.134908
0.002239 -0.006548 1.000000
-0.063975 -1.304726 339.407166
-0.112661 -1.067154 -57.410952
-0.000342 -0.002586 1.000000
0.190237 -1.267548 424.041006
0.383762 -1.593628 -207.075186
0.000197 -0.003194 1.000000
0.318247 -1.534624 481.768775
0.250133 -2.325233 -34.988398
0.000227 -0.004393 1.000000
0.646081 -3.043895 1927.851878
0.604588 -2.167617 -547.240273
0.001043 -0.004772 1.000000
-0.138043 -1.248454 427.770364
0.005659 -0.739768 -481.139185
-0.000240 -0.002464 1.000000
0.293680 -1.820511 218.401259
0.156533 -1.360076 -358.068153
0.000217 -0.003383 1.000000
-0.394591 -1.330733 418.849285
-0.145564 -0.845439 -326.577680
-0.000361 -0.002280 1.000000
0.206237 -1.821286 -179.651833
0.084533 -1.378819 -425.349486
0.000407 -0.003551 1.000000
0.162766 -1.790111 -65.501453
0.012305 -1.360227 -270.773522
0.000234 -0.003421 1.000000
0.645131 -2.366896 444.668556
0.567071 -1.772153 -417.913441
0.000885 -0.004625 1.000000
1.293131 -3.953534 -1949.524206
1.014763 -3.281836 -1962.389621
0.002328 -0.006664 1.000000
6.198736 -11.039266 -1117.828388
3.836047 -5.056235 -5748.913227
0.010826 -0.018225 1.000000
0.415833 -1.881795 98.522799
0.366732 -1.356361 -835.504176
0.000602 -0.003810 1.000000
-0.266163 -1.253184 501.140451
-0.020616 -0.615835 -374.857851
-0.000533 -0.002067 1.000000
1.790700 -5.158990 1009.344936
1.129266 -3.336128 -935.278821
0.003472 -0.009414 1.000000
-0.219658 -1.182059 618.705541
0.076986 -0.470916 -279.976140
-0.000387 -0.002042 1.000000
0.353870 -1.744249 505.820962
0.258742 -0.893133 -137.601949
0.000443 -0.003305 1.000000
-0.365431 -0.872184 489.421164
-0.208699 -0.681616 -246.881401
-0.000849 -0.001751 1.000000
0.096054 -1.332357 -954.476946
0.003742 -1.108805 -11.815967
-0.000046 -0.002869 1.000000
-0.761700 -0.219830 1140.054247
-0.662656 -0.040910 112.929395
-0.001788 -0.000197 1.000000
