0.906827 -0.157286 97.304686
0.274532 1.211688 -326.158052
-0.000152 0.000118 1.000000
-0.698568 0.541438 -186.092062
-0.621113 0.718212 152.236965
-0.002417 0.001075 1.000000
0.768951 -0.235684 84.378110
0.105112 0.661015 -122.422548
-0.000278 -0.000310 1.000000
0.151572 -0.788525 309.622442
-0.070275 -0.390433 61.310155
-0.000134 -0.001793 1.000000
1.000000 -0.000000 -0.000000
0.000000 1.000000 0.000000
0.000000 -0.000000 1.000000
0.803124 -0.063885 108.902221
-0.000867 0.922186 -32.245772
0.000035 -0.000186 1.000000
0.980726 0.165689 -112.568495
-0.072385 1.133527 -216.134969
-0.000289 0.000388 1.000000
0.740235 0.474521 -126.672918
-0.252284 1.313227 -199.489824
-0.000945 0.001122 1.000000
0.424976 -1.750623 605.003067
0.161553 -1.106132 33.196876
0.000682 -0.003186 1.000000
1.004175 -2.574777 1786.036000
0.326339 -0.487095 25.559976
0.002729 -0.003886 1.000000
-0.039434 -2.199749 1862.632545
1.043839 -3.079749 376.760610
0.005178 -0.009309 1.000000
-0.714337 -0.165647 35.568333
-0.194477 -0.474943 132.940694
-0.001247 -0.001280 1.000000
-0.149876 -1.703971 1119.997232
-0.025036 -1.099836 -106.355216
0.000191 -0.002954 1.000000
-0.192929 -1.228601 523.487970
0.006079 -0.723320 -285.258684
-0.000271 -0.002080 1.000000
0.360808 -1.470051 551.956288
0.281309 -1.281132 1.220816
0.000439 -0.002946 1.000000
-0.347805 -0.345830 256.315091
-0.315215 -0.026667 114.784187
-0.001163 -0.000629 1.000000
1.098035 0.518559 -131.242906
0.296543 1.757280 -367.700313
-0.000415 0.001458 1.000000
-0.327753 -0.695946 331.708460
-0.233598 -0.479146 109.005515
-0.000709 -0.001640 1.000000
-0.364551 -0.599802 390.097603
-0.227464 -0.231992 53.506445
-0.000848 -0.001127 1.000000
3.049936 0.696064 -314.783704
1.375239 2.663610 -902.580607
0.002081 0.001123 1.000000
-2.991291 -1.729679 1003.958740
-1.474701 -2.458810 1025.792270
-0.002901 -0.002998 1.000000
1.568143 -2.701999 1434.456547
1.182840 -2.581888 831.829803
0.002173 -0.004246 1.000000
1.252871 -2.582419 2065.448723
0.481339 -1.416202 34.626837
0.001942 -0.004499 1.000000
-0.435764 -1.808246 767.636196
-0.075445 -1.696338 368.969289
0.000175 -0.003906 1.000000
-0.023868 -1.367677 655.956418
0.071989 -0.772544 -158.847697
-0.000152 -0.002392 1.000000
0.335508 -1.403037 479.118887
0.189022 -0.739189 -89.834611
0.000275 -0.002558 1.000000
1.864888 1.214402 -560.418132
0.028145 2.930040 -510.247525
-0.000245 0.001892 1.000000
-0.641297 -0.775600 379.252935
-0.218875 -0.693762 258.353144
-0.000942 -0.001555 1.000000
0.956427 0.192311 -145.444275
-0.029537 1.117764 -140.021277
-0.000579 0.000633 1.000000
-0.233348 -1.140094 476.548753
-0.072599 -0.902596 111.349740
-0.000285 -0.002270 1.000000
-0.209553 -1.239480 616.197622
-0.108865 -0.982033 32.128815
-0.000163 -0.002457 1.000000
-0.815440 -0.594259 -314.509486
-0.341620 -0.428319 -73.463642
-0.001150 -0.001550 1.000000
-0.116207 -1.242908 279.997646
0.193707 -0.900328 -478.416376
-0.000138 -0.002692 1.000000
-0.015389 -1.054074 314.226503
-0.007456 -0.892539 -114.437513
-0.000052 -0.002449 1.000000
0.179623 -1.145201 341.872615
-0.037873 -0.864094 112.916842
-0.000061 -0.002310 1.000000
-0.197664 -0.831438 148.640387
-0.030757 -0.479968 -404.807194
-0.000592 -0.002014 1.000000
-0.079007 -1.069724 357.625775
-0.146427 -0.666300 23.834858
-0.000493 -0.001956 1.000000
-3.419736 3.423204 1516.881983
-1.099561 1.287875 -741.327724
-0.004513 0.003540 1.000000
0.541701 -1.432819 45.839074
-0.074499 -0.921839 187.141516
0.000024 -0.002616 1.000000
1.248748 -2.385869 -312.786063
-0.572686 -2.601938 896.830218
0.000317 -0.004259 1.000000
-7.244720 6.977190 2680.765446
-2.953740 5.317060 364.142157
-0.007794 0.008776 1.000000
46.482340 -48.025133 -15480.556340
11.821568 -25.558117 2233.989664
0.049165 -0.064594 1.000000
1.635496 -2.481252 -392.755713
0.472062 -1.200888 17.678995
0.001529 -0.004029 1.000000
1.539605 -1.941058 -905.039070
0.468257 -1.072906 343.772591
0.001756 -0.003947 1.000000
-0.240945 -0.590604 124.681164
-0.135092 -0.340135 -52.532105
-0.000721 -0.001668 1.000000
-0.417937 -0.474071 204.464681
-0.305543 -0.336534 -29.737626
-0.001004 -0.001260 1.000000
0.107129 -1.087911 362.521788
-0.015111 -0.735976 -15.001967
-0.000317 -0.002089 1.000000
2.457273 -3.590984 -1189.609113
0.347082 -2.411922 239.831309
0.001776 -0.006068 1.000000
-3.070138 2.360174 1435.168677
-1.461024 0.962691 86.557222
-0.004357 0.002072 1.000000
0.361404 -0.952782 -116.392638
0.016507 -0.672414 60.275891
-0.000048 -0.002387 1.000000
-0.484332 -0.148341 379.280587
-0.430637 -0.449025 192.878708
-0.001242 -0.001327 1.000000
-0.582394 -0.399199 564.167148
-0.351059 -0.285852 48.884954
-0.001131 -0.001215 1.000000
-1.233246 0.653779 738.243977
-0.356335 0.326830 -32.270160
-0.001832 -0.000037 1.000000
0.365232 -1.619820 244.797793
0.379094 -1.306469 -349.619574
0.000405 -0.003197 1.000000
-0.658404 -0.890660 411.024487
-0.253236 -0.561440 -81.260720
-0.000843 -0.001656 1.000000
-0.440308 -1.028294 636.331467
-0.165689 -0.580996 -75.224496
-0.000645 -0.001756 1.000000
-0.342211 -1.338378 770.585784
-0.140025 -0.503666 -157.212958
-0.000443 -0.002136 1.000000
0.198816 -1.438443 372.018728
0.095694 -0.894233 -167.130531
0.000040 -0.002748 1.000000
-0.131181 -0.829007 276.746327
-0.096749 -0.668189 -84.548453
-0.000397 -0.001943 1.000000
0.486664 -2.239269 913.118534
0.613953 -2.119686 -233.945663
0.000898 -0.004275 1.000000
-0.255646 -0.576063 90.314494
-0.065695 -0.162451 -79.866866
-0.000739 -0.001523 1.000000
-0.057983 -0.903308 310.362229
-0.101077 -0.618238 -17.943253
-0.000520 -0.001962 1.000000
-0.290607 -0.698239 7.846103
-0.183250 -0.327808 8.861058
-0.000881 -0.001592 1.000000
-0.278918 -1.172505 666.300268
-0.293492 -0.558944 -116.080474
-0.000951 -0.001735 1.000000
-0.138852 -0.760715 227.933110
-0.211646 -0.455362 3.592127
-0.000586 -0.001766 1.000000
0.206653 -1.499569 522.975968
0.006912 -0.826225 -485.409431
-0.000043 -0.002720 1.000000
-0.427513 -1.169341 847.884931
-0.137832 -0.651463 -86.646969
-0.000592 -0.001977 1.000000
-0.437867 -0.551144 6.820721
-0.250530 -0.303272 -70.608113
-0.000918 -0.001315 1.000000
-0.192241 -1.395027 590.848635
-0.089505 -0.441591 -296.065437
-0.000476 -0.002135 1.000000
-0.176188 -0.766440 412.796136
-0.178372 -0.537042 -113.230353
-0.000591 -0.001749 1.000000
0.168543 -1.699431 544.665152
0.045013 -0.890053 -1173.950116
0.000034 -0.002564 1.000000
-0.106632 -1.552322 390.189438
-0.034685 -0.927572 -50.155608
-0.000398 -0.002408 1.000000
-0.123741 -0.575118 -82.846485
-0.206967 -0.335379 75.246455
-0.000820 -0.001733 1.000000
0.009290 -1.233492 666.306234
-0.069917 -0.545877 -93.980030
-0.000136 -0.002139 1.000000
-1.367487 0.576777 1009.167819
-0.509637 0.320201 59.443400
-0.001873 0.000046 1.000000
0.365900 -2.095526 285.451046
0.145431 -1.243886 -90.719209
0.000257 -0.003285 1.000000
-0.258317 -0.583157 -27.019830
-0.221624 -0.522431 9.562352
-0.000620 -0.001670 1.000000
-0.644452 -0.254038 78.707960
-0.442502 -0.185778 -342.767469
-0.001478 -0.000895 1.000000
0.003741 -1.517227 719.164875
-0.088535 -0.918648 -128.540508
-0.000375 -0.002537 1.000000
-0.579255 -0.992249 320.603489
-0.271414 -0.577195 -122.375535
-0.000932 -0.001605 1.000000
-0.397993 -1.266842 885.101235
-0.132304 -0.550136 -127.198586
-0.000632 -0.001935 1.000000
-0.565406 -0.647081 520.705301
-0.318565 -0.172042 -117.943976
-0.001172 -0.001182 1.000000
-0.088631 -1.522423 123.360958
-0.048234 -0.866960 15.063103
-0.000255 -0.002543 1.000000
-0.236585 -1.190575 586.612348
-0.092505 -0.448584 -192.808520
-0.000464 -0.001966 1.000000
-0.085091 -0.493852 60.623778
-0.067948 -0.281211 -5.216183
-0.000512 -0.001830 1.000000
-0.197396 -0.532225 88.524827
-0.048232 -0.376157 36.484201
-0.000374 -0.001820 1.000000
-0.286887 -0.964835 -142.236790
-0.044785 -0.635967 40.593949
-0.000558 -0.001895 1.000000
-0.132984 -1.153841 941.027511
-0.083297 -0.613418 -213.157794
-0.000397 -0.001938 1.000000
-0.082925 -0.477353 85.831537
-0.079390 -0.211676 37.379231
-0.000555 -0.001597 1.000000
0.536302 -2.466548 527.024946
0.255548 -1.143347 -558.339068
0.000670 -0.003456 1.000000
-0.201245 -1.199172 552.078546
-0.128723 -0.622470 -288.997038
-0.000696 -0.002128 1.000000
-0.268087 -0.916177 689.494487
-0.102779 -0.437734 -207.173694
-0.000655 -0.001802 1.000000
0.416246 -1.843054 94.912947
0.533530 -1.247030 -111.012881
0.001056 -0.003551 1.000000
0.076462 -0.545673 81.919225
0.001600 -0.397313 72.994019
-0.000070 -0.001977 1.000000
-0.441943 -0.757053 180.706377
-0.163929 -0.493101 -38.784506
-0.000877 -0.001790 1.000000
-0.700269 -0.577547 458.014569
-0.376437 -0.261430 -88.977476
-0.001268 -0.001036 1.000000
-0.203550 -1.388138 209.839469
0.107431 -0.632582 -89.405512
-0.000392 -0.002203 1.000000
-0.246504 -1.350206 945.606654
0.063670 -0.820345 -83.519787
-0.000127 -0.002316 1.000000
-0.121675 -1.078300 179.009204
-0.248037 -0.747579 -104.884913
-0.000651 -0.002165 1.000000
0.525023 -1.614108 249.643365
0.327558 -1.009706 -497.036597
0.001054 -0.003355 1.000000
-0.140106 -1.545894 299.504776
0.201848 -1.251519 -92.936544
0.000268 -0.002879 1.000000
-0.460763 -0.870699 645.933393
-0.350386 -0.460922 -175.920977
-0.000920 -0.001462 1.000000
-0.345850 -0.712522 169.565550
-0.249233 -0.571132 18.157906
-0.000656 -0.001520 1.000000
-0.737642 -1.177550 700.949708
-0.467376 -0.612543 -102.761785
-0.001139 -0.001736 1.000000
-0.132568 -1.274573 469.969950
0.186857 -1.579808 -110.985220
0.000135 -0.003181 1.000000
-0.028602 -1.146449 198.732035
0.023385 -0.922808 -60.459280
-0.000116 -0.002356 1.000000
-0.172988 -0.801999 219.965073
-0.138017 -0.722635 7.354758
-0.000482 -0.002036 1.000000
-0.212653 -1.600481 712.408401
0.046655 -1.053579 -137.512448
-0.000193 -0.002504 1.000000
-0.135312 -1.453173 718.283666
0.097146 -0.980668 -206.928050
-0.000025 -0.002746 1.000000
-0.208616 -0.858209 -139.845404
-0.138713 -0.802907 6.999358
-0.000547 -0.001992 1.000000
-0.332585 -0.761816 -11.463368
-0.129315 -0.406449 -33.125686
-0.000638 -0.001814 1.000000
-0.489338 -0.719034 660.940819
-0.403706 -0.520966 -233.987655
-0.001036 -0.001327 1.000000
-0.609096 -0.876668 911.221170
-0.343901 -0.181236 -285.993506
-0.001225 -0.001191 1.000000
-0.195413 -0.765507 490.767923
-0.165855 -0.585117 -48.883601
-0.000586 -0.001764 1.000000
-0.990823 0.361833 -258.110924
-0.591748 0.272789 -439.422068
-0.002103 0.000228 1.000000
-0.291392 -0.911986 -29.224118
-0.206568 -0.480335 -17.953723
-0.000646 -0.001740 1.000000
-0.390926 -1.563989 761.547374
-0.176444 -1.182560 -27.257057
-0.000529 -0.002430 1.000000
-0.306781 -1.081372 694.248859
-0.107100 -0.505716 -64.565816
-0.000722 -0.001729 1.000000
-0.085847 -1.318470 442.327516
0.088498 -0.794067 -99.198543
-0.000105 -0.002433 1.000000
-0.531915 -1.273637 573.907226
-0.165985 -0.631774 -111.593245
-0.000795 -0.002072 1.000000
-0.239326 -0.768854 222.249699
-0.029507 -0.520953 3.038013
-0.000386 -0.001956 1.000000
0.084422 -1.271554 858.804366
0.020758 -0.609565 -87.162342
-0.000129 -0.002072 1.000000
-0.009769 -1.215638 459.181768
0.006718 -0.718882 -210.861605
-0.000372 -0.002437 1.000000
-0.588607 -1.026788 634.848495
-0.218835 -0.346279 -272.753697
-0.000856 -0.001773 1.000000
-0.316496 -1.388010 968.251566
-0.123311 -0.782755 26.437354
-0.000447 -0.002165 1.000000
-0.360957 -1.035867 983.098843
-0.148879 -0.692909 8.301502
-0.000721 -0.001793 1.000000
-0.469264 -0.971687 759.691676
-0.209113 -0.603066 13.578100
-0.000794 -0.001796 1.000000
-0.375617 -0.797840 516.307344
-0.122846 -0.857963 -12.623183
-0.000576 -0.002151 1.000000
-0.181301 -1.120746 570.271880
0.055407 -0.918650 -74.456694
-0.000099 -0.002309 1.000000
-0.220683 -0.866498 433.517992
-0.058985 -0.506295 -152.193841
-0.000482 -0.001932 1.000000
-0.064657 -1.317388 654.213896
-0.049454 -0.765817 -77.275063
-0.000415 -0.002081 1.000000
0.070665 -1.151418 891.209914
0.002982 -0.587988 -39.958677
-0.000264 -0.001941 1.000000
-0.235409 -0.964989 282.688350
-0.264021 -0.735287 -22.232916
-0.000828 -0.002104 1.000000
0.120343 -1.956058 1147.319900
0.214156 -1.405817 -128.121377
0.000196 -0.003136 1.000000
-0.260362 -1.112546 601.111330
-0.129579 -0.908856 -177.659155
-0.000545 -0.002201 1.000000
-0.212315 -1.224572 670.689963
0.019029 -0.722682 -172.853467
-0.000207 -0.002269 1.000000
-0.243947 -1.446526 612.421120
-0.118624 -0.756439 37.814352
-0.000327 -0.002219 1.000000
0.397697 -1.945323 842.417136
0.531341 -1.068648 -158.872976
0.000822 -0.003211 1.000000
-0.137893 -1.378391 952.378728
-0.033933 -0.521265 -21.985026
-0.000261 -0.001957 1.000000
0.174271 -1.727966 745.772623
0.100693 -0.868550 -231.233468
0.000162 -0.002793 1.000000
-0.643660 -1.488221 1130.249028
-0.023866 -0.338200 -42.001719
-0.000637 -0.001835 1.000000
-0.479748 -0.750710 54.538246
-0.154010 -0.216385 -112.174351
-0.000970 -0.001488 1.000000
-0.731848 -0.704075 299.843954
-0.314598 -0.378689 -48.081572
-0.001197 -0.001156 1.000000
-0.446797 -1.133793 962.687795
-0.153461 -0.400864 13.894499
-0.000613 -0.001576 1.000000
-0.290375 -1.188049 1001.954643
-0.041288 -0.408476 56.785540
-0.000446 -0.001825 1.000000
-0.505810 -1.448882 1182.118328
-0.203781 -0.745368 -138.200331
-0.000597 -0.001982 1.000000
-0.267380 -1.337281 591.313631
-0.084171 -1.011099 -47.274958
-0.000462 -0.002429 1.000000
-0.240288 -0.747134 256.119837
-0.138745 -0.244976 -124.242347
-0.000844 -0.001436 1.000000
-0.581138 -1.046978 408.476881
-0.226207 -0.692640 -156.509324
-0.000880 -0.001791 1.000000
-0.135435 -1.374873 292.756754
-0.169914 -0.738259 -198.702125
-0.000443 -0.002105 1.000000
0.236402 -1.679470 1070.907261
0.063103 -0.967232 -198.002955
0.000189 -0.002895 1.000000
-0.430040 -1.045507 948.175027
-0.142671 -0.406960 69.736050
-0.000675 -0.001654 1.000000
-0.207880 -1.292466 809.342080
-0.096287 -0.724880 -153.765762
-0.000493 -0.001957 1.000000
-0.619620 -0.958319 585.611075
-0.277051 -0.445146 -160.506819
-0.001106 -0.001463 1.000000
-0.693623 -0.992966 992.778469
-0.358780 -0.371252 51.135683
-0.001233 -0.001314 1.000000
-0.610585 -1.266336 1090.455884
-0.053415 -0.265806 -0.437065
-0.000490 -0.001715 1.000000
0.296415 -1.779063 1067.645209
0.291822 -1.294167 -226.382268
0.000723 -0.003878 1.000000
-0.409957 -1.184528 1114.824493
-0.078988 -0.464490 145.818180
-0.000484 -0.001754 1.000000
-0.397205 -0.901173 1089.351572
-0.141504 -0.307228 54.890475
-0.000698 -0.001674 1.000000
-0.394482 -1.195981 695.468377
-0.131338 -0.714117 41.506108
-0.000667 -0.001753 1.000000
-0.156514 -1.042474 678.903856
0.096606 -0.679133 -91.047094
-0.000066 -0.002283 1.000000
-0.362510 -1.249295 970.653809
-0.126643 -0.455949 -13.248587
-0.000632 -0.001814 1.000000
-0.013930 -1.088308 468.729905
-0.010543 -0.623497 -405.394027
-0.000034 -0.002222 1.000000
-0.032891 -0.618241 253.004515
-0.066036 -0.392951 34.250264
-0.000470 -0.001656 1.000000
-0.079611 -0.673167 367.876582
0.023139 -0.554604 20.365626
-0.000177 -0.001895 1.000000
-0.292058 -0.897077 295.857380
-0.184284 -0.676926 61.206247
-0.000620 -0.001887 1.000000
-0.758278 -0.468113 94.892072
-0.467239 -0.623192 790.454785
-0.001163 -0.001326 1.000000
-0.149169 -0.639516 129.366698
-0.102322 -0.472427 33.918206
-0.000505 -0.001776 1.000000
-1.059039 -0.003141 971.129218
-0.652579 0.149765 -353.051501
-0.002618 0.000441 1.000000
-0.274862 -1.536924 266.083146
-0.035055 -0.712354 -116.796062
-0.000267 -0.002370 1.000000
-0.216395 -0.761552 362.690718
-0.118446 -0.544761 -20.934114
-0.000579 -0.001770 1.000000
0.055045 -1.368933 613.371043
0.074098 -0.776555 -83.797430
-0.000311 -0.002403 1.000000
-0.185028 -0.556091 110.281419
-0.140214 -0.531394 120.836451
-0.000736 -0.001542 1.000000
0.279065 -1.038499 294.259779
0.117150 -0.987795 95.458571
0.000267 -0.002533 1.000000
0.170031 -0.654768 -74.949757
0.084076 -0.567495 -33.883657
-0.000226 -0.002185 1.000000
0.096638 -1.393911 -4.380154
0.015277 -1.201193 -16.828017
-0.000019 -0.002922 1.000000
-0.135979 -0.697634 238.001764
-0.173699 -0.561869 118.200358
-0.000509 -0.001676 1.000000
-0.207885 -0.555975 114.458343
-0.085933 -0.450589 4.425179
-0.000447 -0.001906 1.000000
-0.057344 -0.879117 164.444623
-0.057088 -0.597551 -38.492343
-0.000329 -0.001994 1.000000
0.004613 -0.534234 -35.978960
-0.005403 -0.501661 20.125714
-0.000459 -0.001838 1.000000
0.373579 -1.320098 33.967212
0.234405 -1.211952 -34.991402
0.000078 -0.002965 1.000000
-0.301621 -0.686239 120.616463
-0.172140 -0.546676 92.447967
-0.000754 -0.001812 1.000000
-0.119911 -1.493023 -8.323737
-0.077503 -0.928431 -188.704025
-0.000222 -0.002706 1.000000
-0.600131 -0.967469 508.523154
-0.364261 -0.493586 -19.084016
-0.001048 -0.001641 1.000000
-0.345719 -0.943244 688.575920
-0.169390 -0.556024 -29.815091
-0.000690 -0.001778 1.000000
-0.168156 -0.466696 -116.107630
-0.034829 -0.517339 113.100896
-0.000266 -0.002083 1.000000
-0.031600 -0.712551 -113.756798
-0.103411 -0.647264 93.755753
-0.000265 -0.002213 1.000000
0.186198 -0.697935 -75.816752
0.083943 -0.582139 -64.674883
0.000395 -0.002590 1.000000
-0.045985 -0.519409 9.865536
-0.096375 -0.503809 -9.138480
-0.000421 -0.001817 1.000000
-0.440640 -0.472369 -33.716453
-0.388372 -0.744284 680.176069
-0.001033 -0.001629 1.000000
-1.358170 -0.069714 -2763.778858
-0.587298 0.287902 97.617390
-0.002322 0.000172 1.000000
-0.129769 -0.498408 -3.303372
-0.166456 -0.375316 -72.780777
-0.000611 -0.001819 1.000000
-0.223361 -0.891854 98.638222
-0.202698 -0.540082 -140.380702
-0.000579 -0.001882 1.000000
0.072479 -0.854641 173.203763
-0.075906 -0.535470 -167.163240
-0.000087 -0.002268 1.000000
0.008818 -1.313399 -1041.707727
-0.043160 -1.460565 513.997915
0.000201 -0.002773 1.000000
-0.420493 -0.363642 -56.070366
-0.380511 -0.674057 755.464320
-0.001255 -0.001165 1.000000
0.777508 -1.410042 -1784.793612
1.126755 -2.012971 536.385800
0.002460 -0.004569 1.000000
-0.615876 -1.075529 1732.195793
-0.326902 -0.644308 509.819552
-0.000863 -0.001433 1.000000
0.681608 -2.287550 -1711.814335
0.240821 -1.212147 -274.783967
0.001125 -0.004002 1.000000
-0.339548 -0.474313 -210.919363
-0.188730 -0.456110 206.512651
-0.000742 -0.001521 1.000000
-1.077361 -0.094080 1492.234066
-0.826698 0.054150 511.100543
-0.002615 -0.000065 1.000000
0.705269 -1.853455 336.973650
0.234991 -1.276683 -1301.278578
0.001304 -0.003787 1.000000
-0.456090 -1.444247 965.933316
-0.071594 -0.484774 -25.666026
-0.000461 -0.001900 1.000000
-0.306096 -1.606191 1341.353054
-0.007959 -1.402467 -151.340727
-0.000008 -0.002772 1.000000
-0.220290 -1.340260 1218.649123
-0.081155 -0.606533 -139.496027
-0.000322 -0.002071 1.000000
-0.143343 -1.382696 937.211801
-0.003557 -0.561339 1.772930
-0.000135 -0.001957 1.000000
-0.586445 -1.086329 1078.515516
-0.198152 -0.697504 -136.201453
-0.000790 -0.001758 1.000000
-0.262765 -1.575273 979.164848
0.082540 -0.729387 -74.993265
-0.000341 -0.002187 1.000000
-0.558768 -1.093868 973.315265
-0.153796 -0.354808 130.250917
-0.000700 -0.001359 1.000000
-0.581611 -1.117222 1186.699284
-0.202302 -0.335159 49.200960
-0.000914 -0.001406 1.000000
-1.255543 -0.132311 2128.441399
-0.743291 -0.017489 2520.221470
-0.002162 0.000008 1.000000
-0.052515 -1.055604 328.500608
0.048333 -0.568401 -155.909038
-0.000321 -0.002045 1.000000
-0.426503 -0.672259 1543.586590
-0.294847 -0.477874 285.904559
-0.001029 -0.001451 1.000000
-6.209707 6.090431 -690.697905
-4.004848 3.850876 4449.201382
-0.010154 0.010366 1.000000
-0.157905 -1.628316 1063.470434
0.022969 -0.662831 71.828980
-0.000042 -0.002132 1.000000
-0.049006 -1.551427 924.084848
0.047270 -0.608931 -24.471441
-0.000124 -0.002077 1.000000
0.110124 -1.687283 1939.470842
0.031589 -0.616848 437.979084
0.000349 -0.002521 1.000000
-8.213505 6.341469 -7439.560688
-2.401164 3.359016 1561.892983
-0.011295 0.009857 1.000000
-1.432194 0.681431 3588.076936
-1.008530 0.460354 -195.872829
-0.003386 0.001214 1.000000
-0.310878 -1.043270 1342.433720
-0.202947 -0.787344 904.366081
-0.000449 -0.001959 1.000000
-0.374469 -1.379252 944.919527
-0.149341 -0.533643 118.552411
-0.000407 -0.001824 1.000000
-0.946186 -0.391547 -1593.107604
-0.695261 -0.347539 140.018319
-0.001656 -0.000806 1.000000
-0.118395 -1.374623 12.740539
-0.043433 -0.954493 -80.581631
-0.000151 -0.002459 1.000000
-0.488546 -0.495517 1441.341549
-0.450675 -0.364188 171.597024
-0.001548 -0.000950 1.000000
-0.219838 -0.561702 170.084586
-0.158676 -0.246461 -7.693219
-0.000817 -0.001298 1.000000
-0.623020 -1.216690 1008.484575
-0.103182 -0.332388 -50.857614
-0.000740 -0.001562 1.000000
-0.363523 -1.300198 979.045285
-0.160643 -0.526512 168.807331
-0.000429 -0.001696 1.000000
0.021477 -1.075031 -121.937114
0.035790 -0.364874 -186.073849
-0.000117 -0.002164 1.000000
-0.611377 -1.133029 720.851161
-0.326382 -0.522111 -63.508784
-0.000939 -0.001736 1.000000
-0.052446 -1.160497 392.366761
0.064423 -0.639370 -198.791808
-0.000110 -0.002350 1.000000
-0.040621 -0.956458 192.431485
-0.087886 -0.849413 -271.654075
-0.000430 -0.002303 1.000000
0.492896 -1.660189 679.144329
0.222594 -1.125787 -423.830237
0.000861 -0.003845 1.000000
-0.590025 -1.130611 964.397908
-0.159314 -0.395262 -5.534345
-0.000856 -0.001712 1.000000
-0.408021 -1.192991 910.558625
-0.114223 -0.289584 -0.071562
-0.000582 -0.001641 1.000000
-0.588968 -1.004652 938.077460
-0.087753 -0.225510 33.917121
-0.000792 -0.001320 1.000000
-0.529356 -1.117811 960.545617
-0.090587 -0.234747 -22.271321
-0.000774 -0.001475 1.000000
-0.148425 -1.517625 1153.574801
0.036106 -0.657312 -75.704183
-0.000198 -0.002245 1.000000
-0.288917 -1.115220 1042.381182
-0.243574 -0.497052 92.217184
-0.000676 -0.001587 1.000000
9.501458 -9.053354 522.791611
4.069948 -5.796779 -7468.640751
0.016113 -0.019134 1.000000
-0.123194 -1.651832 1017.427346
-0.043754 -0.566414 78.405431
-0.000170 -0.002001 1.000000
-0.439210 -1.203003 956.925149
-0.125827 -0.535109 35.819513
-0.000508 -0.001727 1.000000
0.149921 -1.524930 1304.765875
0.047923 -0.482959 -65.487468
-0.000055 -0.002352 1.000000
-0.445223 -0.699637 367.791910
-0.215523 -0.363523 -25.870631
-0.000803 -0.001589 1.000000
-0.474028 -0.835208 590.675052
-0.331434 -0.486505 -74.407023
-0.000851 -0.001670 1.000000
-0.435846 -0.997151 853.713959
-0.106415 -0.320533 18.347513
-0.000471 -0.001562 1.000000
-0.345152 -1.164479 686.314588
-0.070304 -0.559836 -4.010111
-0.000366 -0.001924 1.000000
-0.596443 -0.643357 557.055410
-0.474298 -0.384703 66.912615
-0.001142 -0.001261 1.000000
-0.126987 -0.945935 453.196096
0.030432 -0.670530 -57.453609
0.000294 -0.002493 1.000000
-0.501631 -0.909830 694.014338
-0.293984 -0.398969 -59.901155
-0.000868 -0.001629 1.000000
-0.470580 -0.753175 681.847892
-0.103136 -0.244911 -123.801597
-0.000680 -0.001420 1.000000
-0.410468 -0.723790 471.053671
-0.221629 -0.516848 -87.439418
-0.000762 -0.001856 1.000000
-0.457949 -0.983144 486.535253
-0.250604 -0.958754 128.261685
-0.000556 -0.001972 1.000000
-0.388055 -1.156805 468.700029
0.060520 -0.453786 -325.125193
-0.000449 -0.002228 1.000000
-0.371531 -0.773654 424.554084
-0.216815 -0.392001 -248.903194
-0.000665 -0.001595 1.000000
-0.224709 -1.394609 594.535424
0.111904 -1.123314 -159.567258
0.000232 -0.002951 1.000000
-0.434538 -1.079341 687.134097
-0.324780 -0.806840 159.988885
-0.000626 -0.001774 1.000000
-0.327295 -1.016690 489.981512
-0.223346 -0.742762 29.381184
-0.000685 -0.001902 1.000000
-0.346859 -1.213443 564.881280
-0.172078 -0.691364 -76.962526
-0.000363 -0.002319 1.000000
0.111754 -1.445535 933.347332
-0.019038 -0.469989 105.703588
-0.000008 -0.002050 1.000000
-0.055334 -1.067738 237.396805
0.000853 -0.638808 -287.314972
-0.000145 -0.002313 1.000000
0.352836 -1.555999 860.247055
0.031434 -0.316495 -100.636227
0.000509 -0.002496 1.000000
-0.339113 -0.978187 734.534344
-0.051129 -0.463166 -165.103619
-0.000548 -0.001787 1.000000
-0.698320 -0.721033 525.584473
-0.335350 -0.245843 -32.110238
-0.001075 -0.001232 1.000000
-0.089598 -1.275505 615.140188
0.058225 -0.521794 -240.504247
-0.000106 -0.002424 1.000000
-0.445158 -1.246733 686.113270
-0.232810 -0.933803 89.733699
-0.000714 -0.002175 1.000000
-0.159322 -1.371850 911.382135
0.052505 -0.887719 -89.987235
-0.000182 -0.002598 1.000000
-0.225908 -1.203345 551.842161
0.162591 -1.536975 36.574781
0.000191 -0.003143 1.000000
-0.021270 -1.551717 415.303453
0.023320 -1.156267 -183.768336
-0.000050 -0.003049 1.000000
-0.441157 -1.014750 494.016766
-0.215410 -0.736954 118.350355
-0.000689 -0.001838 1.000000
-0.328389 -0.527813 512.343040
-0.189175 -0.247248 -9.159269
-0.000849 -0.001489 1.000000
-0.163971 -0.839875 345.726016
-0.132745 -0.452600 35.082292
-0.000535 -0.001859 1.000000
-0.155360 -0.882913 8.746228
-0.106640 -0.665480 -63.504123
-0.000441 -0.002088 1.000000
-0.167691 -1.252601 617.344727
-0.010219 -0.631039 -191.476171
-0.000153 -0.002500 1.000000
-0.565635 -1.014449 801.256565
-0.366507 -0.481556 46.281445
-0.000953 -0.001580 1.000000
0.091585 -1.219298 455.087459
0.021263 -0.745136 60.810668
0.000158 -0.002642 1.000000
-0.450667 -0.693548 97.305283
-0.249779 -0.434867 91.148382
-0.000845 -0.001547 1.000000
0.062654 -0.866114 296.247219
-0.050023 -0.466593 -3.979575
-0.000110 -0.002021 1.000000
-0.348011 -0.962487 437.306869
-0.167536 -0.444928 -231.484094
-0.000523 -0.002109 1.000000
0.108396 -0.964110 168.405996
-0.020186 -0.585144 15.405182
-0.000064 -0.002284 1.000000
0.382002 -1.285795 22.827616
0.298372 -0.915686 -275.439302
0.000550 -0.003101 1.000000
0.259430 -1.283482 1021.666138
0.193207 -0.908456 -476.586937
0.000280 -0.002805 1.000000
-0.243097 -0.809141 201.028845
-0.147536 -0.489740 12.341183
-0.000726 -0.001677 1.000000
-0.349454 -1.010370 578.875319
-0.224940 -0.781329 51.150741
-0.000588 -0.002110 1.000000
-0.275325 -1.237835 88.863632
-0.195249 -0.638664 -70.630260
-0.000616 -0.002216 1.000000
-0.233850 -1.369980 746.314420
0.078805 -0.619771 -212.732595
-0.000182 -0.002368 1.000000
