-0.202625 -1.162433 602.709702
-0.102940 -0.482638 -20.753358
-0.000245 -0.002113 1.000000
-0.198195 -0.859360 360.882702
-0.197001 -0.416985 91.233980
-0.000576 -0.001723 1.000000
0.009077 -1.009451 343.487704
-0.023443 -0.504231 -12.922830
-0.000229 -0.002034 1.000000
-0.255325 -0.977188 345.412748
-0.179586 -0.572459 100.807047
-0.000334 -0.001977 1.000000
-0.179159 -0.621480 322.263469
-0.140871 -0.533417 90.607317
-0.000478 -0.001778 1.000000
0.018597 -1.443407 470.044437
0.002202 -1.337349 15.319334
0.000334 -0.003446 1.000000
-0.058017 -0.845145 203.047837
0.017116 -0.564213 -56.672251
-0.000140 -0.002192 1.000000
-0.214401 -1.081160 313.977863
-0.120304 -0.918211 -34.981122
-0.000242 -0.002469 1.000000
0.224756 -1.515180 447.173144
0.048280 -0.694911 -28.602172
0.000190 -0.002667 1.000000
0.049672 -1.831568 783.712998
0.040379 -1.146425 7.689286
0.000187 -0.002763 1.000000
-0.331484 -0.784618 509.969228
-0.077651 -0.384981 -69.011346
-0.000622 -0.001568 1.000000
0.021267 -0.988396 56.885933
-0.042737 -1.124086 -5.778677
-0.000128 -0.002649 1.000000
-0.507309 -1.195096 521.862940
-0.189455 -1.041868 197.131943
-0.000612 -0.002125 1.000000
-0.349564 -1.487237 515.531844
0.145629 -2.050694 312.822334
0.000008 -0.003372 1.000000
0.387219 -0.953815 284.508932
-0.014844 -0.235326 92.849457
-0.000082 -0.001854 1.000000
0.150969 -1.103269 358.856014
0.036192 -0.739354 95.757259
-0.000066 -0.002240 1.000000
-0.021402 -0.836805 284.856539
-0.044122 -0.515634 33.244583
-0.000209 -0.002003 1.000000
0.715977 0.418161 -73.721916
0.005329 1.299454 -119.734106
-0.000163 0.000094 1.000000
0.789677 -0.192006 96.329673
0.015532 0.624499 0.551878
0.000027 -0.000647 1.000000
0.149788 -0.781716 238.907257
0.087658 -0.567241 -73.927116
0.000096 -0.002276 1.000000
-0.046853 -0.610460 241.659704
0.000799 -0.583241 33.737433
-0.000076 -0.002201 1.000000
-0.377266 -0.629087 491.316467
-0.431244 -0.654813 4.946116
-0.000889 -0.001346 1.000000
0.030841 -1.194846 1770.967501
-0.099406 -1.156250 -90.010566
0.000002 -0.002543 1.000000
0.087273 -0.695340 173.903382
-0.014924 -0.438763 -1.094071
-0.000326 -0.002033 1.000000
1.464541 0.082494 -89.438234
0.176588 1.547056 -228.097085
0.000454 0.000251 1.000000
1.000000 -0.000000 0.000000
-0.000000 1.000000 -0.000000
-0.000000 -0.000000 1.000000
-0.064017 -1.108953 297.049748
-0.129070 -1.053705 73.969859
-0.000182 -0.002540 1.000000
-0.225822 -0.739114 37.919856
-0.153211 -0.551805 21.408410
-0.000613 -0.001701 1.000000
0.119209 -1.000335 216.003058
0.063925 -0.587792 -175.412304
0.000043 -0.002482 1.000000
0.067476 -1.178618 392.208899
-0.096250 -0.857828 169.239944
-0.000183 -0.002314 1.000000
-0.127471 -0.936934 354.249955
-0.293200 -0.688352 234.186494
-0.000588 -0.001885 1.000000
-0.181918 -0.979171 387.063658
-0.016885 -0.934534 115.067553
-0.000285 -0.002203 1.000000
-0.169730 -1.102292 398.138955
0.098521 -1.389031 -2.706737
-0.000039 -0.002882 1.000000
-0.020878 -1.103277 421.854003
-0.158806 -0.686469 86.063904
-0.000264 -0.002166 1.000000
0.056948 -1.440779 536.249956
0.002874 -0.879679 82.143343
0.000129 -0.002730 1.000000
0.426146 -1.599448 290.647050
0.178705 -1.353763 -356.975176
0.000413 -0.003487 1.000000
0.000103 -1.638028 402.410351
0.047864 -0.908427 -69.438743
-0.000052 -0.002805 1.000000
0.278842 -1.359279 266.876920
0.214745 -0.846822 -296.552469
0.000225 -0.002779 1.000000
0.049889 -1.076856 222.860713
0.080668 -0.745935 -143.026345
-0.000148 -0.002415 1.000000
-0.029377 -1.168144 199.673627
-0.023373 -0.838998 -50.835143
-0.000191 -0.002495 1.000000
-0.208591 -0.978422 490.754643
-0.159406 -0.578379 -10.390414
-0.000442 -0.001841 1.000000
0.013215 -1.288563 279.339517
-0.021024 -0.933442 -129.685124
-0.000161 -0.002614 1.000000
0.072535 -0.734702 37.539413
-0.128088 -0.531027 -103.624178
-0.000473 -0.001991 1.000000
-0.168607 -0.572032 136.936484
-0.027274 -0.381433 -104.892053
-0.000445 -0.001743 1.000000
0.071377 -0.546064 128.992871
0.078900 -0.308809 -276.299294
-0.000073 -0.002194 1.000000
-0.042911 -1.034282 351.561054
-0.029325 -0.792909 -174.922998
-0.000249 -0.002391 1.000000
-0.234751 -0.917038 621.627135
-0.098025 -0.751106 -76.742468
-0.000363 -0.002363 1.000000
-0.010833 -1.211117 373.792342
-0.047423 -0.607787 -196.513946
-0.000303 -0.002548 1.000000
-0.164099 -1.173110 471.772346
-0.148865 -0.613777 -73.028572
-0.000309 -0.002279 1.000000
-0.086579 -0.950206 228.230887
-0.150123 -0.449141 -124.815761
-0.000440 -0.001907 1.000000
0.121282 -1.355944 566.974045
-0.067314 -0.697640 -25.022499
-0.000104 -0.002511 1.000000
0.087707 -0.868620 319.456919
-0.018889 -0.482103 -48.906866
-0.000274 -0.001964 1.000000
0.091395 -1.041598 317.952306
-0.102159 -0.463963 -148.791204
-0.000345 -0.002139 1.000000
-0.093865 -0.677973 401.722100
-0.053802 -0.589385 16.490280
0.000086 -0.002518 1.000000
0.110249 -1.761817 454.421512
0.032365 -0.986741 -207.191549
-0.000018 -0.002923 1.000000
-0.200408 -1.208688 585.060529
-0.175817 -0.675703 -120.134511
-0.000435 -0.002292 1.000000
-0.142308 -1.011532 326.178595
-0.058279 -0.452218 -125.600866
-0.000149 -0.002340 1.000000
-0.357235 -0.971713 802.245861
-0.196455 -0.511314 5.986384
-0.000447 -0.002065 1.000000
-0.106590 -0.972213 351.308674
-0.082805 -0.820140 -20.792694
-0.000315 -0.002259 1.000000
-0.171734 -0.690082 223.624225
-0.194533 -0.414776 -60.502624
-0.000619 -0.001690 1.000000
-0.186601 -0.659622 66.079819
-0.055506 -0.493306 -50.474012
-0.000372 -0.002117 1.000000
0.033456 -1.502480 523.676129
0.261066 -1.220508 -388.478104
0.000291 -0.003301 1.000000
-0.018123 -0.735450 37.170278
-0.027571 -0.446699 -15.112946
-0.000144 -0.002176 1.000000
0.271710 -1.483302 352.953620
-0.009141 -1.131260 -146.051451
0.000064 -0.003395 1.000000
-0.284029 -0.761422 710.697142
-0.173465 -0.264530 -105.275112
-0.000675 -0.001685 1.000000
0.254444 -1.386605 411.810488
0.036459 -1.229229 -126.066810
0.000078 -0.003225 1.000000
-0.037075 -1.020761 560.684250
-0.042214 -0.660345 -72.795858
-0.000120 -0.002259 1.000000
0.368794 -1.509979 668.376203
0.393172 -1.106078 -452.183510
0.000747 -0.003498 1.000000
0.174936 -1.071545 -219.773808
0.008392 -0.573098 -199.363653
-0.000059 -0.002657 1.000000
0.392133 -1.264980 -57.038320
0.221901 -0.851294 -659.726923
0.000329 -0.002889 1.000000
-0.100637 -1.241787 224.579324
-0.082409 -1.089234 -78.566853
-0.000226 -0.002499 1.000000
-0.276498 -1.371147 499.324399
-0.165652 -0.878905 -43.984480
-0.000228 -0.002264 1.000000
-0.196744 -0.928828 -21.640753
-0.095831 -0.680841 -57.820795
-0.000627 -0.002275 1.000000
0.055585 -1.961857 701.406954
0.170254 -1.459072 -211.617783
0.000286 -0.003709 1.000000
0.191170 -1.276979 283.042825
-0.093139 -0.817930 -165.609005
-0.000227 -0.002709 1.000000
-0.008155 -0.896195 327.641528
-0.089388 -0.615966 41.310683
-0.000387 -0.002020 1.000000
0.075256 -0.703100 -180.986730
0.020645 -0.573888 43.207397
-0.000171 -0.002074 1.000000
-0.209576 -1.268434 -181.242365
-0.114424 -0.523681 35.625324
-0.000128 -0.002536 1.000000
0.996207 -3.263328 -245.200332
0.804934 -2.088399 -1549.327906
0.002313 -0.006154 1.000000
0.160750 -1.533592 512.154139
0.048944 -0.979374 -430.963924
0.000341 -0.003218 1.000000
-0.138235 -1.087146 9.194377
-0.139136 -0.653343 -54.897913
-0.000570 -0.001975 1.000000
-0.095815 -1.267200 616.832023
-0.122615 -0.883830 -201.556523
-0.000321 -0.002595 1.000000
0.373534 -1.810251 521.723256
0.183919 -1.086369 -251.745619
0.000192 -0.003282 1.000000
0.740697 -3.596395 892.792424
0.808370 -1.544136 -2160.000833
0.001464 -0.005256 1.000000
-0.128924 -0.656152 241.486943
-0.000416 -0.415647 -109.091100
-0.000213 -0.002095 1.000000
-0.153862 -0.617654 219.752245
-0.009840 -0.298536 -27.144206
-0.000502 -0.001792 1.000000
0.105034 -1.456583 66.707964
-0.099644 -1.009470 -238.882224
-0.000169 -0.002675 1.000000
-0.054313 -1.188730 47.083716
-0.064468 -0.992614 -290.448721
-0.000250 -0.002492 1.000000
-0.097489 -0.645999 191.125680
0.112032 -0.628512 -85.644627
0.000074 -0.002223 1.000000
0.347161 -2.033606 79.220678
-0.036086 -1.248007 -116.902409
0.000045 -0.003460 1.000000
0.090153 -1.527521 298.814497
0.161275 -0.846399 -376.703000
-0.000063 -0.002951 1.000000
0.392713 -1.457714 291.547622
-0.004886 -1.072580 -236.690213
0.000146 -0.003064 1.000000
0.266758 -1.659845 164.854451
-0.022108 -0.915811 -169.774059
-0.000016 -0.002836 1.000000
0.527018 -1.880108 -647.953450
0.082190 -0.809299 -17.472125
0.000443 -0.003814 1.000000
0.502369 -1.901729 -5.691006
0.190007 -0.826284 -212.903746
0.000354 -0.003317 1.000000
-0.195411 -1.391652 795.595803
0.004432 -1.038857 -316.279288
-0.000271 -0.002657 1.000000
-0.283214 -1.434337 35.272312
-0.108552 -0.662261 -220.563031
-0.000326 -0.002392 1.000000
-0.284501 -1.360019 724.709328
-0.129877 -0.573577 -381.058803
-0.000247 -0.002126 1.000000
0.450529 -1.841394 733.995827
0.150890 -1.056844 -334.268616
0.000474 -0.003077 1.000000
0.066742 -1.313151 530.812156
0.129166 -0.794878 -215.962997
0.000111 -0.002705 1.000000
0.188509 -0.781224 50.845229
-0.070474 -0.692996 -21.302605
-0.000216 -0.002180 1.000000
0.162051 -1.364375 218.501763
0.207669 -1.255253 -109.931729
0.000182 -0.003078 1.000000
-0.080987 -1.201768 500.157604
-0.082142 -0.756093 -62.246402
-0.000238 -0.002163 1.000000
0.083292 -1.410334 315.473947
-0.060401 -1.281142 -42.135725
-0.000185 -0.002953 1.000000
-0.049369 -1.007679 365.035950
-0.069465 -0.749847 -109.177591
-0.000442 -0.002258 1.000000
0.161073 -0.326611 220.807966
-0.262642 0.229369 213.053572
-0.000563 -0.000703 1.000000
0.139349 -0.251036 157.321463
-0.227371 0.013582 241.649242
-0.000513 -0.000988 1.000000
0.241487 -2.507614 840.713650
0.086845 -1.596438 -132.855090
0.000054 -0.003770 1.000000
0.015472 -1.598004 593.933459
-0.040821 -1.103789 -76.339246
-0.000136 -0.002868 1.000000
-0.016780 -0.848426 -198.863064
0.010075 -0.711502 -115.410858
-0.000046 -0.002411 1.000000
-0.231041 -1.039393 45.833299
-0.086722 -0.596769 -25.650050
-0.000546 -0.002119 1.000000
0.032701 -1.295889 -159.425854
-0.018885 -0.790437 -295.142938
-0.000044 -0.002760 1.000000
0.492886 -1.325228 320.582953
0.127968 -0.686329 -292.959610
0.000592 -0.003106 1.000000
0.036001 -0.832748 435.091823
-0.199472 -0.568317 47.156701
-0.000403 -0.001977 1.000000
0.272420 -1.689635 991.871533
-0.057928 -0.934544 -107.295641
0.000236 -0.002869 1.000000
-0.107064 -1.029024 56.016718
-0.124066 -0.460257 -111.103471
-0.000429 -0.001945 1.000000
-0.046609 -1.590718 783.907715
0.176775 -1.211373 -525.957668
0.000115 -0.003220 1.000000
0.238568 -1.884223 694.118856
0.131378 -0.707009 -521.673348
0.000353 -0.003267 1.000000
0.144841 -1.177362 450.446057
0.010549 -0.782410 -191.732572
-0.000039 -0.002575 1.000000
-0.332177 -0.502877 -309.482178
-0.376104 -0.452941 96.096705
-0.000941 -0.001317 1.000000
0.190495 -1.991526 937.232570
0.053540 -0.967667 -234.838692
0.000146 -0.002885 1.000000
0.398707 -1.649669 826.681139
0.129671 -0.765422 -191.290030
0.000259 -0.002800 1.000000
-0.152788 -0.900183 297.655826
-0.083509 -0.559586 -204.444905
-0.000402 -0.002107 1.000000
0.212896 -2.110863 705.458742
0.127734 -0.999371 -485.154357
0.000214 -0.003271 1.000000
-0.073776 -1.255561 756.555412
0.019613 -0.943089 -86.794421
-0.000138 -0.002685 1.000000
0.383420 -2.344972 797.271977
0.203822 -0.984830 -456.131803
0.000539 -0.003560 1.000000
0.063095 -1.042772 413.547520
-0.089735 -0.745592 -3.777226
-0.000301 -0.002264 1.000000
0.472941 -1.639166 514.964633
0.152754 -1.829598 -163.610617
0.000228 -0.004119 1.000000
0.192757 -0.980905 266.816191
0.076575 -1.137502 -39.155430
-0.000027 -0.002667 1.000000
0.160208 -1.775260 509.295706
0.185583 -1.413811 -242.575481
0.000076 -0.003695 1.000000
0.846537 -1.912705 278.090584
0.438756 -1.306625 -833.889168
0.001355 -0.004068 1.000000
0.049849 -1.214991 664.662898
-0.015433 -0.760787 -250.997925
-0.000168 -0.002400 1.000000
-0.147942 -0.458136 101.530537
-0.092149 -0.306589 48.343098
-0.000623 -0.001466 1.000000
-0.308122 -1.356151 1081.904133
-0.141139 -0.614356 34.803453
-0.000434 -0.001906 1.000000
0.176557 -0.980650 497.707360
-0.052604 -1.169690 -6.188328
-0.000069 -0.002654 1.000000
0.189451 -1.267225 320.050571
-0.070354 -1.011502 -81.020481
-0.000081 -0.002893 1.000000
-0.030020 -1.083064 532.871997
-0.103385 -0.776860 67.656456
-0.000301 -0.002176 1.000000
0.004128 -1.746560 236.722343
0.177693 -1.470228 -170.906938
0.000311 -0.003571 1.000000
0.003449 -1.091790 562.590882
0.018822 -0.525250 -130.653383
-0.000167 -0.002290 1.000000
2.816757 -5.554849 8787.065558
1.074124 -2.008851 -1117.937924
0.004358 -0.008440 1.000000
-0.418140 -1.432742 1142.589758
0.019669 -0.341158 -4.818718
-0.000349 -0.001885 1.000000
0.814170 -2.673376 1448.486453
0.610961 -1.303707 -929.996497
0.001580 -0.004438 1.000000
-0.235982 -1.160298 982.169751
-0.238742 -0.572864 -29.686436
-0.000528 -0.001997 1.000000
-0.497815 -1.030752 1165.366752
-0.209954 -0.482329 133.206130
-0.000635 -0.001759 1.000000
-0.126396 -1.346236 1068.640137
0.075866 -0.386742 35.370751
-0.000133 -0.001882 1.000000
-0.330536 -0.946449 689.973664
-0.297891 -0.487168 -19.504474
-0.000699 -0.001659 1.000000
-0.299981 -0.626339 425.131272
-0.190605 -0.348282 -43.747209
-0.000752 -0.001424 1.000000
-0.082891 -1.131740 234.636334
-0.132249 -0.657894 -52.781669
-0.000474 -0.002130 1.000000
0.039150 -1.168697 348.582718
0.092815 -1.083628 -9.869240
-0.000009 -0.002413 1.000000
-0.075937 -1.055630 301.138255
-0.154102 -0.855268 -202.776954
-0.000333 -0.002346 1.000000
0.242681 -2.013557 834.332540
0.043188 -0.914512 -748.007071
-0.000029 -0.002892 1.000000
-0.559427 -1.027712 1098.922538
-0.180344 -0.386394 107.009253
-0.000677 -0.001538 1.000000
-0.913308 -0.554113 1228.809099
-0.451233 -0.236974 326.890313
-0.001474 -0.000647 1.000000
-0.126516 -1.197377 235.693509
-0.231629 -0.676036 -408.199211
-0.000563 -0.002171 1.000000
-0.449167 -1.193980 776.343200
-0.129469 -0.538313 -67.187080
-0.000527 -0.001850 1.000000
-0.289309 -1.685733 1173.692989
0.020187 -0.329002 -51.534408
-0.000238 -0.002023 1.000000
-0.229169 -1.248893 976.368642
-0.140710 -0.609548 -593.812725
-0.000436 -0.002023 1.000000
-0.367396 -1.152695 1136.602714
-0.222113 -0.534768 252.048395
-0.000551 -0.001715 1.000000
-0.223098 -1.122067 1051.466715
-0.091011 -0.449712 -236.554978
-0.000461 -0.001778 1.000000
-0.001400 -1.184680 455.556482
-0.083805 -1.136939 20.463872
-0.000197 -0.002781 1.000000
0.157190 -1.151044 555.369743
-0.026945 -0.774072 -84.765100
0.000017 -0.002400 1.000000
-0.153561 -0.838574 455.598256
-0.098562 -0.422169 -123.218592
-0.000462 -0.002025 1.000000
-0.072415 -1.388828 122.763312
-0.003382 -0.794397 -62.685429
-0.000087 -0.002553 1.000000
-0.063069 -0.630404 175.440750
-0.090758 -0.413348 51.972549
-0.000476 -0.001694 1.000000
0.019179 -0.773630 125.918768
-0.015639 -0.550990 -5.138510
-0.000308 -0.002011 1.000000
0.057220 -0.830813 83.125165
0.132150 -0.705959 -33.413805
0.000017 -0.002373 1.000000
-0.291995 -0.754737 -244.189218
-0.249503 -0.972344 673.263044
-0.000524 -0.001961 1.000000
-0.066426 -0.871682 48.216631
-0.109817 -0.776266 36.104887
-0.000175 -0.002366 1.000000
0.281627 -1.511544 122.835268
0.073134 -0.889088 -189.508283
0.000198 -0.003151 1.000000
0.081739 -1.595507 21.932388
0.148200 -0.981689 20.106551
-0.000069 -0.002821 1.000000
-0.124889 -1.137238 596.416150
-0.145281 -1.063382 -34.648405
-0.000440 -0.002833 1.000000
0.004488 -0.798779 390.374117
-0.128569 -0.744165 1.104586
-0.000272 -0.002388 1.000000
0.003094 -0.490357 -86.302950
-0.057644 -0.438121 99.320349
-0.000279 -0.001812 1.000000
-0.094462 -0.461891 100.798606
-0.158327 -0.481190 79.930253
-0.000407 -0.001687 1.000000
0.130296 -0.854087 82.627909
0.138866 -0.766817 -78.939597
0.000120 -0.002479 1.000000
-0.012498 -1.649045 212.433784
0.321509 -1.245486 -190.559366
0.000322 -0.003235 1.000000
-0.003471 -1.276539 270.551352
0.053198 -0.800754 -44.923215
-0.000087 -0.002564 1.000000
-0.043268 -0.613544 64.522768
-0.106039 -0.447162 54.032373
-0.000190 -0.001915 1.000000
0.333103 -1.100752 -417.903198
0.151135 -1.330218 -15.779824
0.000720 -0.003432 1.000000
-0.055506 -0.351695 -101.305179
-0.079976 -0.363326 53.776628
-0.000363 -0.001758 1.000000
0.021526 -1.168455 5.099531
-0.067469 -0.882556 -48.653586
-0.000104 -0.002674 1.000000
0.089239 -1.203517 -9.275071
0.096983 -1.058740 1.147935
0.000000 -0.002770 1.000000
0.101797 -1.354879 -125.368644
0.121311 -0.775310 -572.822938
0.000037 -0.002884 1.000000
0.261444 -1.359632 560.366636
0.020922 -0.703182 -168.537454
0.000123 -0.002825 1.000000
0.049975 -1.414639 404.338835
0.077036 -0.761701 -287.218088
-0.000049 -0.002761 1.000000
-0.264452 -0.697618 -148.238409
-0.248771 -0.623281 329.663103
-0.000544 -0.001770 1.000000
-0.010964 -0.511778 1.921242
-0.069536 -0.397726 49.991790
-0.000368 -0.001942 1.000000
0.011924 -0.979625 21.707010
-0.027746 -0.756695 80.718200
-0.000125 -0.002388 1.000000
-0.067472 -0.794206 264.542492
0.107561 -0.636928 -70.542334
-0.000135 -0.002198 1.000000
-0.371163 -0.332399 -144.643829
-0.416427 -0.694185 761.932328
-0.000955 -0.001473 1.000000
0.421652 -1.811420 3259.618051
0.215062 -1.383747 -2563.739442
0.000758 -0.003636 1.000000
-0.156043 -0.431279 -10.151716
-0.175566 -0.383265 77.842364
-0.000648 -0.001399 1.000000
0.015862 -0.721460 -171.082438
-0.031991 -0.469177 8.277036
-0.000359 -0.001977 1.000000
0.109205 -1.008081 259.703720
0.071538 -0.550478 -292.806439
0.000245 -0.002414 1.000000
-0.156158 -0.523344 -493.891520
-0.229649 -0.467492 85.287615
-0.000721 -0.001395 1.000000
-0.251381 -0.533719 -262.362677
-0.387474 -0.641381 648.232490
-0.000842 -0.001441 1.000000
6.232540 -13.362417 -28515.170624
4.165741 -9.299364 10090.993657
0.012828 -0.022284 1.000000
0.487540 -2.755043 2503.711989
0.727916 -2.385385 204.289563
0.001986 -0.005987 1.000000
-1.129071 0.585601 -842.365137
-1.013386 0.413202 1723.526619
-0.002671 0.001092 1.000000
-0.018939 -0.368761 -59.656656
-0.115831 -0.504341 134.000208
-0.000425 -0.001777 1.000000
-0.440077 -1.116307 484.126452
-0.233229 -0.552803 971.244929
-0.000729 -0.001638 1.000000
-0.728491 -0.405858 1182.187932
-0.510994 -0.279541 310.983326
-0.001190 -0.000802 1.000000
-0.370645 -1.691885 1103.969876
-0.011587 -0.580410 -147.370749
-0.000412 -0.002314 1.000000
-0.612528 -1.005437 1442.597187
-0.374520 -0.597910 1058.300302
-0.000943 -0.001418 1.000000
-0.311305 -1.459354 979.892042
-0.030182 -0.701551 -160.149112
-0.000455 -0.002151 1.000000
0.211787 -2.446192 1389.397299
0.118901 -0.673799 -355.877868
0.000330 -0.003016 1.000000
0.800236 -2.055762 447.783555
0.218451 -1.157792 -862.280545
0.001040 -0.003810 1.000000
-0.168288 -1.621589 883.208122
0.031792 -0.588910 -137.338452
-0.000144 -0.002193 1.000000
-0.181487 -1.668666 1043.843224
-0.071484 -0.820287 6.438002
-0.000225 -0.002451 1.000000
0.275785 -2.125108 2122.502021
0.241809 -1.099730 -186.024062
0.000517 -0.003259 1.000000
-0.413687 -0.865745 -606.550932
-0.454221 -0.858682 417.295858
-0.000781 -0.001544 1.000000
-0.322687 -0.896782 638.480066
-0.020047 -0.390575 -371.006365
-0.000655 -0.001637 1.000000
-0.510252 -1.105506 1408.346389
-0.425661 -0.885124 -57.359430
-0.000838 -0.001718 1.000000
4.184925 -6.778185 5896.443225
6.033890 -5.542365 -11368.889596
0.008589 -0.014212 1.000000
-0.142202 -1.537555 828.610219
-0.013388 -0.600233 50.585454
-0.000277 -0.001996 1.000000
0.150656 -1.999306 1178.422810
0.074410 -0.587803 -198.820893
0.000284 -0.002697 1.000000
-0.278422 -1.355038 1002.249811
-0.016076 -0.400083 10.796629
-0.000223 -0.001870 1.000000
-0.716053 -0.371020 -464.967831
-0.383643 -0.248566 -167.327885
-0.001382 -0.000608 1.000000
-0.733491 -0.074372 1623.410055
-0.794561 -0.225415 658.525030
-0.001880 -0.000364 1.000000
-0.487228 -0.924339 971.038981
-0.496869 -0.753542 1501.988680
-0.000900 -0.001514 1.000000
-0.401113 -1.295399 1057.290058
-0.117350 -0.479898 81.980120
-0.000543 -0.001769 1.000000
-0.315743 -0.906199 1153.655299
-0.240414 -0.728721 575.003277
-0.000628 -0.001709 1.000000
-0.120040 -1.570846 -580.363115
-0.087423 -0.628397 -981.330474
-0.000120 -0.002756 1.000000
-1.160351 0.711364 1075.359699
-0.464123 0.266525 835.563049
-0.002326 0.000388 1.000000
0.108951 -1.097451 217.750635
0.097912 -0.541662 -45.217376
0.000058 -0.002353 1.000000
-0.342349 -1.503639 1021.658728
-0.008124 -0.280521 -33.949197
-0.000320 -0.001921 1.000000
-0.088249 -1.637334 1178.077595
0.101872 -0.434140 17.422152
-0.000034 -0.002000 1.000000
-0.268670 -1.241529 -474.936100
-0.007304 -0.405403 -243.246107
-0.000231 -0.002157 1.000000
-0.015785 -1.691284 682.358255
0.065992 -1.095492 -146.224962
0.000083 -0.003075 1.000000
-0.102957 -1.502623 741.184289
-0.096655 -0.910999 -77.067295
-0.000253 -0.002517 1.000000
-0.180231 -0.971532 494.938019
-0.067968 -0.776307 -166.094265
-0.000280 -0.002223 1.000000
0.076423 -1.010680 255.999323
-0.073627 -0.669666 -155.292827
-0.000149 -0.002477 1.000000
-0.080138 -1.448461 776.686901
0.002611 -0.957142 -126.174709
-0.000140 -0.002358 1.000000
-0.265977 -1.423143 944.435027
-0.026241 -0.690417 -23.225914
-0.000242 -0.002328 1.000000
-0.602634 -1.202653 997.549323
-0.050912 -0.361148 -23.826547
-0.000643 -0.001599 1.000000
-0.301626 -1.446540 1049.286370
-0.052295 -0.514360 -243.538703
-0.000375 -0.001996 1.000000
-0.078404 -1.244466 968.982511
-0.211313 -0.633936 65.981394
-0.000342 -0.001847 1.000000
-0.492933 -1.039442 908.141168
-0.139950 -0.318562 -38.303787
-0.000683 -0.001455 1.000000
-3.281216 5.773319 3831.071824
-2.055222 4.658663 1404.774580
-0.006798 0.008793 1.000000
-0.268470 -1.144038 894.079953
-0.065834 -0.414643 -12.942773
-0.000351 -0.001777 1.000000
-0.047763 -1.561747 953.264894
-0.021395 -0.719223 9.378300
-0.000114 -0.002130 1.000000
-0.188751 -1.409577 981.360817
-0.036654 -0.340927 -58.219952
-0.000073 -0.001934 1.000000
-0.279887 -0.987531 363.615363
-0.046220 -0.252153 -82.819163
-0.000493 -0.001760 1.000000
-0.212901 -1.452982 883.167461
0.076211 -0.701747 -69.578675
0.000006 -0.002362 1.000000
-0.331407 -1.440477 940.495793
0.047148 -0.483115 -99.209473
-0.000192 -0.002116 1.000000
-0.129785 -1.237663 581.802126
0.037293 -0.841586 -51.423548
-0.000156 -0.002316 1.000000
-0.200311 -1.084390 473.667073
-0.069187 -0.751824 -101.039193
-0.000202 -0.002252 1.000000
0.401727 -1.432080 59.420213
0.284492 -1.221542 -175.239577
0.000409 -0.003352 1.000000
0.110564 -1.150407 659.322534
0.080594 -0.934618 -161.258317
0.000021 -0.002740 1.000000
0.217298 -1.827020 717.425928
0.150786 -0.880180 -185.168452
0.000593 -0.003378 1.000000
0.206737 -1.895462 251.299016
0.258626 -1.301575 -514.378174
0.000726 -0.004391 1.000000
0.146083 -1.233363 626.922868
0.096665 -0.995417 -25.131749
0.000229 -0.002761 1.000000
0.149699 -1.668079 953.313634
0.311401 -0.734118 -375.797803
0.000571 -0.003214 1.000000
-0.251685 -0.778210 250.887363
-0.155928 -0.495739 -105.089184
-0.000638 -0.001797 1.000000
0.393664 -2.110900 740.229236
0.258711 -1.464007 -304.672390
0.000511 -0.003741 1.000000
-0.137915 -1.175355 668.468963
0.001144 -0.884874 -53.944940
-0.000167 -0.002313 1.000000
-0.285270 -1.292089 685.854275
-0.087706 -0.870529 11.480865
-0.000357 -0.002306 1.000000
0.011996 -1.330035 605.828379
-0.085098 -0.962140 -123.147949
-0.000272 -0.002691 1.000000
-0.314344 -1.259257 975.611256
-0.128477 -0.397132 114.643682
-0.000448 -0.001609 1.000000
-0.359766 -1.076069 128.933613
-0.075516 -0.297334 -270.906067
-0.000642 -0.001799 1.000000
-0.469302 -1.013091 823.187551
-0.084255 -0.300243 -92.627055
-0.000684 -0.001536 1.000000
0.111668 -1.556120 477.446457
0.007266 -0.697557 -184.022952
0.000132 -0.002602 1.000000
-0.103056 -1.465369 770.707983
0.056603 -0.534062 -199.857106
-0.000067 -0.002630 1.000000
0.264825 -2.036743 822.436584
0.026383 -0.965716 -136.061364
0.000396 -0.003693 1.000000
-0.149702 -1.801979 483.857584
-0.029935 -1.426718 -60.309154
-0.000226 -0.003222 1.000000
0.232876 -1.673080 448.147573
-0.289377 -1.758769 194.226434
-0.000116 -0.003443 1.000000
-0.306992 -1.149111 625.670499
-0.179570 -0.920116 72.615517
-0.000381 -0.002233 1.000000
-0.179342 -2.478426 766.553986
0.109226 -2.249241 -233.812314
0.000174 -0.004681 1.000000
-0.098556 -1.731290 593.504154
0.056295 -1.659797 57.137937
0.000040 -0.003641 1.000000
-0.075744 -0.774650 52.575173
-0.046900 -0.321347 -5.167170
-0.000374 -0.001925 1.000000
0.003901 -0.644297 193.875014
-0.037186 -0.329123 -32.593254
-0.000323 -0.001794 1.000000
-0.251941 -0.897624 65.001728
-0.136932 -0.648566 -62.328194
-0.000525 -0.001966 1.000000
0.072457 -2.800541 1101.786409
0.259379 -1.141432 -371.595900
0.000786 -0.004193 1.000000
-0.228625 -2.263392 743.311384
0.030842 -1.490141 -134.101526
-0.000101 -0.003449 1.000000
0.198360 -1.153353 294.247173
0.018969 -0.573537 -8.507449
-0.000073 -0.002232 1.000000
0.078446 -1.265720 53.088438
-0.082425 -1.012447 129.053314
-0.000040 -0.002877 1.000000
0.151444 -0.742920 229.892661
-0.030621 -0.370032 64.616120
-0.000155 -0.001823 1.000000
-0.023107 -1.266081 608.847155
0.067468 -0.949301 -100.307336
0.000034 -0.002713 1.000000
-0.116815 -0.745014 17.140741
-0.138669 -0.636197 -6.979270
-0.000402 -0.002071 1.000000
-0.081415 -1.095499 228.833805
-0.082630 -0.793422 38.429447
-0.000527 -0.002275 1.000000
0.155220 -1.020239 324.869044
-0.047072 -0.634629 -17.752480
-0.000272 -0.002093 1.000000
-0.169071 -0.599225 197.022481
-0.103923 -0.431067 6.241964
-0.000544 -0.001740 1.000000
-0.025523 -1.328382 686.245560
0.071532 -0.694831 -186.850565
0.000036 -0.002473 1.000000
-0.030915 -0.716591 142.610960
-0.116272 -0.720687 -27.038242
-0.000377 -0.002120 1.000000
-0.251151 -2.016130 654.835608
0.065579 -1.321843 -61.350255
0.000227 -0.003412 1.000000
