-0.309274 -1.152534 547.054459
-0.228976 -0.812660 -100.977561
-0.000670 -0.002082 1.000000
-0.763023 -0.127944 176.811209
-0.529774 -0.208660 -129.183385
-0.001570 -0.000751 1.000000
-0.211280 -0.694836 311.197061
-0.217537 -0.479312 -150.683130
-0.000782 -0.001529 1.000000
0.046644 -0.765876 253.804823
-0.101880 -0.535410 76.895689
-0.000395 -0.001731 1.000000
-0.355225 -0.903028 531.966554
-0.241503 -0.985066 89.505226
-0.000504 -0.002130 1.000000
-0.684097 -0.265137 34.999616
-0.614635 -0.240626 74.330096
-0.001649 -0.000597 1.000000
-0.809146 -0.631487 176.432892
-0.402077 -0.602206 101.924776
-0.001489 -0.001162 1.000000
-0.306132 -0.470674 -25.977736
-0.149451 -0.284041 22.198839
-0.000894 -0.001410 1.000000
-0.799159 -0.029843 38.733374
-0.340145 -0.283127 -110.610865
-0.001678 -0.000419 1.000000
-0.539106 -1.183863 1092.126776
-0.107003 -0.444364 -64.842844
-0.000687 -0.001600 1.000000
-0.608782 -0.683984 343.257917
-0.167833 -0.592634 -346.750553
-0.001037 -0.001566 1.000000
-0.475999 -0.475375 42.038518
-0.395515 -0.418162 120.340169
-0.001143 -0.001333 1.000000
-0.191051 -1.156035 479.294767
-0.227418 -0.765230 -250.476020
-0.000654 -0.002062 1.000000
-0.677374 -0.356322 702.137794
-0.350742 -0.139001 -481.691797
-0.001339 -0.000842 1.000000
-0.514465 -0.637512 -22.463544
-0.341504 -0.327087 -209.865747
-0.001131 -0.001232 1.000000
-0.484307 -0.740892 174.124893
-0.304863 -0.590241 78.773264
-0.000975 -0.001556 1.000000
-0.570888 -0.561279 237.382883
-0.339530 -0.421279 46.207696
-0.001261 -0.001221 1.000000
-0.492081 -0.844540 365.720264
-0.389501 -0.570807 -14.525866
-0.000881 -0.001548 1.000000
-0.578340 -1.022423 234.085026
-0.154977 -0.629599 -500.904066
-0.000865 -0.001960 1.000000
-0.141805 -0.997581 242.294302
-0.207664 -0.728563 -20.640025
-0.000497 -0.001986 1.000000
-0.396666 -0.610507 247.366455
-0.363111 -0.522204 118.249521
-0.000841 -0.001488 1.000000
-1.925992 0.837532 1277.946760
-1.281241 0.392514 3487.772309
-0.003239 0.001345 1.000000
-0.899568 -0.647556 476.425102
-0.576073 -0.571825 168.766847
-0.001201 -0.001251 1.000000
-0.496163 -0.677131 356.331735
-0.330494 -0.512454 4.926243
-0.001044 -0.001489 1.000000
-0.571903 -0.980040 739.017509
-0.366659 -0.644138 40.157664
-0.000932 -0.001518 1.000000
-0.460555 -0.998531 545.050404
-0.241836 -0.680057 -125.128929
-0.000935 -0.001830 1.000000
-0.780646 -1.272218 678.963347
-0.374550 -1.359519 322.665183
-0.000658 -0.002397 1.000000
-0.652068 -0.983433 508.976150
-0.289561 -0.799655 235.512584
-0.000803 -0.001902 1.000000
-0.661778 -1.200882 544.557522
-0.368899 -0.950569 231.494255
-0.000931 -0.002152 1.000000
-0.185721 -0.919297 58.667713
-0.152703 -0.710188 36.571577
-0.000383 -0.001902 1.000000
-0.645162 -0.613796 460.232092
-0.475690 -0.294493 -97.843120
-0.001217 -0.000986 1.000000
-0.767397 -0.407854 -113.467909
-0.377740 -0.227997 -50.493096
-0.001450 -0.000877 1.000000
-0.175713 -1.866218 -55.023171
-0.001542 -0.907085 -139.320512
-0.000364 -0.003069 1.000000
-0.478768 -0.585856 254.457928
-0.295830 -0.387407 -503.069797
-0.001043 -0.001271 1.000000
-0.612939 -0.606303 147.265090
-0.479657 -0.538040 222.147599
-0.001198 -0.001281 1.000000
-0.644886 -1.100825 450.843073
-0.214857 -0.468702 -343.552590
-0.001071 -0.001633 1.000000
1.110044 -3.404980 961.646540
0.613495 -1.742564 -578.327814
0.001234 -0.004944 1.000000
-0.545252 -0.463624 367.845100
-0.321225 -0.252569 -364.843558
-0.001134 -0.001132 1.000000
-1.164597 -0.035312 -38.620952
-0.598389 0.081869 -799.355867
-0.002141 -0.000026 1.000000
-0.369732 -0.372587 154.127197
-0.189738 -0.305542 -221.446196
-0.001108 -0.001179 1.000000
0.208311 -2.173903 2158.603292
0.057438 -1.274196 -433.045750
0.000406 -0.003529 1.000000
-1.706023 1.050476 -1261.046222
-0.528351 0.612061 -30.149714
-0.003108 0.001135 1.000000
-0.428900 -0.812404 103.033102
-0.146218 -0.399010 -517.982195
-0.000941 -0.001585 1.000000
-0.411919 -0.476004 209.033030
-0.131775 -0.167812 -15.940368
-0.001066 -0.001155 1.000000
-0.362500 -0.637549 93.941254
-0.114640 -0.338332 -98.789923
-0.001048 -0.001446 1.000000
-0.146935 -1.206456 566.427649
-0.086570 -0.757329 -171.906390
-0.000418 -0.002195 1.000000
-0.275598 -0.935779 301.953271
-0.074884 -0.701269 -0.478690
-0.000563 -0.001873 1.000000
-0.589667 -0.463404 295.382556
-0.352195 -0.455689 -68.298589
-0.001184 -0.001253 1.000000
-0.628061 -0.650710 423.886252
-0.265016 -0.351223 -246.730813
-0.001073 -0.001323 1.000000
0.339586 -1.953630 -508.364898
0.064103 -1.360480 491.726925
0.000091 -0.003274 1.000000
-0.652085 -0.167815 81.536693
-0.449679 -0.220198 6.795308
-0.001456 -0.000820 1.000000
0.293511 -2.026454 1010.614934
0.057567 -1.259242 -467.193909
0.000034 -0.002976 1.000000
-0.498917 -0.723909 354.212660
-0.290974 -0.457144 -165.268115
-0.001031 -0.001422 1.000000
-0.363866 -0.719365 334.307091
-0.239414 -0.660825 -144.224280
-0.000963 -0.001613 1.000000
-0.204302 -1.055843 837.115523
-0.007366 -0.881650 -145.327171
-0.000457 -0.002187 1.000000
-105.649570 93.215938 -90254.526876
-53.917134 99.491104 18407.487295
-0.150595 0.172152 1.000000
-0.652969 -0.567122 362.223672
-0.216981 -0.197938 -118.391434
-0.001343 -0.000944 1.000000
-0.108411 -0.666991 111.272432
-0.137406 -0.540319 51.565306
-0.000568 -0.001722 1.000000
-0.240484 -0.704649 -3.829381
-0.155925 -0.725170 205.546359
-0.000743 -0.001627 1.000000
-0.108518 -1.210965 -94.280971
0.017459 -0.919172 -133.289616
-0.000435 -0.002118 1.000000
-0.250159 -0.535542 -18.539640
-0.086505 -0.308435 96.283732
-0.000821 -0.001347 1.000000
-0.260230 -0.665872 93.739115
-0.269254 -0.629498 95.027839
-0.000907 -0.001571 1.000000
-0.418475 -0.162035 36.702284
-0.296737 -0.150030 -17.427209
-0.001362 -0.000768 1.000000
15.494195 -18.733379 -9536.643167
13.224195 -19.037380 9584.114910
0.029714 -0.038045 1.000000
-0.907019 -0.058891 519.217176
-0.308703 -0.065128 -331.727966
-0.001865 -0.000144 1.000000
-0.806706 -0.008853 386.791863
-0.805052 -0.112632 -79.226148
-0.001842 -0.000344 1.000000
-0.730624 -0.568672 518.977668
-0.573412 -0.477353 10.867125
-0.001514 -0.001059 1.000000
0.034629 -0.773129 -53.675840
-0.156486 -0.713327 6.974633
-0.000677 -0.001840 1.000000
-0.464308 -0.769125 144.420588
-0.231668 -0.336266 -176.751242
-0.001102 -0.001379 1.000000
-0.322380 -0.552226 514.744888
-0.348125 -0.623686 -78.657756
-0.001282 -0.001456 1.000000
-1.169931 0.149638 438.904582
-0.890667 0.056785 -577.680608
-0.002404 0.000137 1.000000
-0.905466 -0.315749 382.530864
-0.686497 -0.062552 -292.287217
-0.001852 -0.000322 1.000000
-0.280683 -0.270640 -78.918985
-0.183843 -0.132396 34.125069
-0.001138 -0.000971 1.000000
-0.643452 -0.607869 461.585817
-0.479160 -0.563807 -201.119243
-0.001281 -0.001240 1.000000
-0.755576 -0.335930 -72.770692
-0.462364 0.055458 -174.266989
-0.001519 -0.000558 1.000000
-0.253867 -0.794108 571.529479
-0.241257 -0.610656 62.486024
-0.000698 -0.001673 1.000000
-0.829797 1.116218 1330.126598
-0.994550 0.417020 -485.894877
-0.003477 0.001419 1.000000
-0.538197 -0.709287 266.652457
-0.307145 -0.380893 -30.841490
-0.001223 -0.001187 1.000000
-0.422319 -0.772868 468.045404
-0.506605 -0.673053 21.021334
-0.001509 -0.001596 1.000000
-0.459313 -0.824207 539.730412
-0.358653 -0.636381 -29.113041
-0.001086 -0.001626 1.000000
-0.667111 -0.674224 1327.212812
-0.300153 -0.583169 -14.073664
-0.001205 -0.001483 1.000000
-0.419490 -0.720528 199.569849
-0.267441 -0.469765 12.072295
-0.001007 -0.001396 1.000000
-0.519636 -0.670425 332.235231
-0.467337 -0.542492 -39.984686
-0.001147 -0.001305 1.000000
-0.305785 -0.710360 976.916492
-0.470646 -0.529220 26.751401
-0.001202 -0.001425 1.000000
-0.220855 -0.365181 88.129650
-0.236971 -0.203590 -68.284625
-0.001176 -0.001206 1.000000
-0.475628 -0.270000 182.819942
-0.331961 -0.127210 -5.653638
-0.001451 -0.000707 1.000000
0.198163 -1.887045 -133.405718
0.577371 -2.003291 -690.071727
0.000588 -0.003985 1.000000
-0.277037 -0.704109 663.282541
-0.309876 -0.381551 -72.195538
-0.000879 -0.001201 1.000000
-0.272322 -0.261859 28.993283
-0.159305 -0.086851 -7.638861
-0.001309 -0.000758 1.000000
-0.686747 -0.405454 654.099953
-0.511855 -0.141039 -193.840201
-0.001527 -0.000663 1.000000
-0.457608 -0.740842 145.284422
-0.325958 -0.625491 -484.194356
-0.001048 -0.001684 1.000000
-0.813006 -1.018617 773.665210
-0.197680 -0.425331 -64.309070
-0.000996 -0.001484 1.000000
-0.799102 -0.379713 374.941416
-0.568081 -0.365494 -124.354756
-0.001413 -0.000904 1.000000
-0.359548 -0.759098 100.091787
-0.238443 -0.538950 3.012991
-0.000998 -0.001541 1.000000
-0.788098 -0.231277 42.482705
-0.282090 -0.296567 29.718629
-0.001437 -0.001025 1.000000
-0.423893 -0.734545 1013.529622
-0.249826 -0.756394 -76.340018
-0.000832 -0.001592 1.000000
-0.394747 -0.442655 156.430489
-0.273076 -0.282376 -48.494251
-0.000995 -0.001365 1.000000
-0.450352 -0.750873 323.886077
-0.200667 -0.611914 -145.564910
-0.000986 -0.001489 1.000000
-0.514310 -0.953875 391.860405
-0.318545 -0.662559 -128.984948
-0.000974 -0.001720 1.000000
0.012353 -1.571368 954.873965
0.087106 -1.126730 -9.265188
-0.000082 -0.002579 1.000000
-0.207945 -1.299926 907.049971
0.121887 -1.075420 -68.718122
-0.000056 -0.002360 1.000000
-1.231434 0.686926 179.442573
-0.961029 0.260724 -249.378582
-0.002582 0.000712 1.000000
-0.331185 -0.814733 503.953997
-0.276729 -1.148581 165.044979
-0.000701 -0.001996 1.000000
-0.329609 -1.098641 892.956051
-0.241602 -0.912397 -125.673779
-0.000658 -0.002033 1.000000
-0.496028 -0.457536 733.559941
-0.589448 -0.495526 -12.562311
-0.001303 -0.000866 1.000000
-0.633035 -0.398942 178.770781
-0.453699 -0.164482 -68.365394
-0.001436 -0.000769 1.000000
-0.467574 -1.201913 458.711960
-0.245547 -1.067732 22.937840
-0.000674 -0.002348 1.000000
-0.466256 -0.684315 306.705010
-0.430598 -0.534656 -99.364947
-0.001132 -0.001370 1.000000
-0.651411 -0.495439 616.806328
-0.581237 -0.286649 5.812005
-0.001542 -0.000805 1.000000
-0.451196 -0.764465 385.437192
-0.407172 -0.513642 -107.869933
-0.001160 -0.001372 1.000000
-0.689588 -0.391730 106.235816
-0.502006 -0.336788 4.753529
-0.001471 -0.000947 1.000000
-0.047217 -1.351905 -30.336187
-0.019083 -0.964721 -191.139514
-0.000349 -0.002324 1.000000
0.133053 -1.116918 228.144374
0.188428 -0.859170 -104.120101
0.000268 -0.002710 1.000000
-0.518625 -0.749686 417.753468
-0.106766 -0.329852 -212.833107
-0.000929 -0.001523 1.000000
-0.639325 -0.927905 738.088145
-0.451054 -0.598955 -84.588033
-0.001012 -0.001463 1.000000
-0.792218 -0.252066 65.108134
-0.557401 -0.157131 -276.211586
-0.001780 -0.000482 1.000000
-0.886120 -0.484302 -166.693370
-0.967589 -0.256269 -139.301925
-0.002000 -0.000578 1.000000
-0.476780 -1.054873 822.570683
-0.099978 -0.664976 -211.231515
-0.000696 -0.001914 1.000000
-0.297731 -0.701066 623.854045
-0.237261 -0.678286 -111.018471
-0.000701 -0.001627 1.000000
-0.580773 -1.050354 471.283492
-0.280581 -0.862312 -16.571046
-0.000843 -0.001849 1.000000
-0.460844 -0.959702 442.817450
-0.134184 -0.746660 -57.018081
-0.000823 -0.001888 1.000000
-0.198792 -0.988911 599.128621
-0.079227 -0.760139 -87.542797
-0.000584 -0.001829 1.000000
-0.178000 -1.262573 903.925644
-0.082423 -0.966060 -88.154111
-0.000481 -0.002327 1.000000
-0.780892 -0.908698 669.996084
-0.383583 -0.713092 -68.028441
-0.001205 -0.001426 1.000000
-0.381850 -1.344235 2236.229124
-0.145252 -1.028142 -468.952908
-0.000445 -0.002291 1.000000
-0.578404 -0.814201 974.841530
-0.336671 -0.643978 -151.082001
-0.000961 -0.001568 1.000000
-0.879983 -0.423740 669.350102
-0.570405 -0.277608 -108.869546
-0.001475 -0.000869 1.000000
-0.722655 -0.671430 692.139782
-0.533873 -0.541206 76.478924
-0.001237 -0.001185 1.000000
-0.861714 -0.713054 647.832868
-0.493025 -0.299278 -124.501996
-0.001396 -0.001016 1.000000
-0.667463 -0.724224 881.475655
-0.347478 -0.276908 -81.197688
-0.001156 -0.001039 1.000000
-1.058472 -0.581219 387.449772
-0.632075 -0.446041 -212.283118
-0.001640 -0.001051 1.000000
-0.014554 -1.044712 822.905543
0.084813 -0.791602 -164.300518
-0.000329 -0.002160 1.000000
-0.723706 -0.348950 273.050361
-0.532660 -0.341823 -152.545574
-0.001479 -0.000916 1.000000
-0.510077 -0.893616 728.877443
-0.373599 -0.642922 -94.141446
-0.001042 -0.001463 1.000000
-0.779494 -0.273818 167.715484
-0.654019 -0.065695 -194.457655
-0.001696 -0.000365 1.000000
-30.540694 10.571440 6378.654972
-21.581956 26.063572 -18491.511882
-0.048714 0.043079 1.000000
-1.853209 0.458218 1129.441199
-1.309562 0.828724 -1054.094557
-0.003524 0.001198 1.000000
-0.528120 -0.614951 443.563677
-0.354572 -0.413092 22.948006
-0.001150 -0.001203 1.000000
0.289367 -2.272428 2728.837606
0.556770 -1.400249 11.924678
0.001400 -0.004285 1.000000
0.516050 -2.297142 2082.917831
0.312206 -1.126487 -122.850667
0.000777 -0.003979 1.000000
-0.823988 -0.814801 1157.522558
-0.212372 -0.270249 18.563852
-0.001078 -0.001242 1.000000
-1.226326 -0.128452 454.702037
-0.594383 0.007681 -306.898402
-0.002064 -0.000607 1.000000
-0.070682 -1.483243 1044.662735
-0.100804 -0.904010 2.319224
-0.000035 -0.002792 1.000000
0.224364 -1.952496 1847.379763
0.395023 -1.433496 -417.434413
0.000983 -0.004141 1.000000
-0.654160 -1.079228 1216.192697
-0.031429 -0.524613 55.152862
-0.000634 -0.001798 1.000000
-0.239947 -0.808558 539.317543
-0.059672 -0.634762 -338.533777
-0.000643 -0.001874 1.000000
-0.761739 -0.579804 648.246597
-0.432034 -0.441342 -19.861612
-0.001440 -0.000954 1.000000
-0.527108 -0.796629 366.197917
-0.128555 -0.521885 -171.940903
-0.000921 -0.001544 1.000000
-0.758489 -1.046351 496.341757
-0.332231 -0.712328 -136.729569
-0.001150 -0.001582 1.000000
-0.429611 -1.189778 323.203236
-0.335680 -0.767145 -445.491345
-0.001063 -0.001775 1.000000
-0.630332 -0.921525 934.787827
-0.309584 -0.485110 -42.616708
-0.001142 -0.001295 1.000000
-0.269746 -0.885379 558.870787
-0.358527 -0.643069 92.255705
-0.000947 -0.001846 1.000000
-0.340085 -0.736323 631.832018
-0.305387 -0.805385 129.778943
-0.000820 -0.001854 1.000000
-0.880990 -0.257300 -48.915807
-0.396059 -0.238883 67.459546
-0.001670 -0.000626 1.000000
-0.641524 -0.691878 1040.326192
-0.355196 -0.490209 -86.463890
-0.001248 -0.001259 1.000000
-1.277261 -0.452739 1095.631794
-0.345803 -0.062701 21.009494
-0.001607 -0.000660 1.000000
-0.848534 -0.942303 1102.719888
-0.324418 -0.553533 71.986267
-0.001085 -0.001430 1.000000
-0.212995 -1.341075 1111.697625
0.015561 -0.600360 -26.328561
-0.000454 -0.001973 1.000000
-0.448098 -1.014443 1145.688589
-0.168800 -0.487285 64.243724
-0.000820 -0.001803 1.000000
-0.362528 -0.450058 267.512452
-0.286539 -0.402986 91.176032
-0.000978 -0.001166 1.000000
-0.465611 -0.754654 599.006592
-0.317848 -0.521968 70.777922
-0.000843 -0.001439 1.000000
-0.285524 -1.272054 1082.981228
0.025570 -0.550982 -52.850862
-0.000257 -0.002195 1.000000
-0.401014 -0.414753 382.970187
-0.396697 -0.356665 64.320949
-0.001188 -0.001156 1.000000
0.387733 -0.850502 284.136535
0.052489 -0.263742 45.722096
-0.000002 -0.001775 1.000000
-0.244209 -1.057153 411.056407
-0.174517 -0.913434 223.562895
-0.000443 -0.002064 1.000000
-0.155133 -1.026677 414.818660
-0.096983 -0.966565 82.091050
-0.000205 -0.002431 1.000000
-4.706529 4.048288 -57.127628
-1.319750 -0.360030 852.489156
-0.004610 0.001841 1.000000
0.774610 -0.289688 31.041650
0.055300 0.564073 -1.240141
0.000013 -0.000787 1.000000
-0.260648 -0.679267 224.813518
-0.244730 -0.573279 -59.464850
-0.000791 -0.001583 1.000000
-0.626666 -0.587796 62.425645
-0.433937 -0.545169 131.192577
-0.001491 -0.000922 1.000000
-0.326068 -0.873236 618.313145
-0.206222 -0.821307 33.588812
-0.000727 -0.001863 1.000000
-0.571366 -0.759536 775.495406
-0.481788 -0.600552 -73.774733
-0.001216 -0.001314 1.000000
2.921552 1.490259 -1039.233820
-0.592615 4.464344 -706.059206
-0.000943 0.005460 1.000000
0.961717 0.100220 -92.012812
-0.073809 1.379370 -36.696722
-0.000202 0.000540 1.000000
1.243178 0.021803 -96.228238
0.201219 1.258115 -130.588568
0.000200 -0.000066 1.000000
-1.395094 -3.377893 1142.837335
-0.283874 -4.425902 680.861495
0.000001 -0.006955 1.000000
-0.224561 -1.554921 585.058084
-0.033754 -1.360572 200.857524
-0.000081 -0.002821 1.000000
2.532751 1.283305 -864.788478
-0.024108 2.717522 -720.750233
-0.000280 0.002892 1.000000
1.000000 -0.000000 0.000000
0.000000 1.000000 0.000000
0.000000 -0.000000 1.000000
1.473216 0.089965 -189.245940
0.339394 1.476774 -306.104086
0.000445 -0.000137 1.000000
-1.119223 -1.404451 690.487098
-0.525507 -1.630688 464.781286
-0.001065 -0.002626 1.000000
-0.272667 -1.008674 484.080686
-0.241009 -0.808682 254.445531
-0.000335 -0.001972 1.000000
-0.195439 -0.908895 273.103096
-0.193624 -0.739565 116.346227
-0.000540 -0.001971 1.000000
-0.837780 -0.324655 570.386531
-0.522120 -0.206093 -214.383676
-0.001814 -0.000548 1.000000
-0.773932 -0.703534 590.842463
-0.371898 -0.296274 -64.183426
-0.001304 -0.001030 1.000000
1.709912 0.576013 -331.344680
0.215137 1.948888 -277.341191
0.000048 0.000823 1.000000
-1.457717 -1.292507 678.204434
-0.750828 -1.429998 388.647906
-0.001372 -0.002199 1.000000
-0.846243 -0.901141 345.284596
-0.462583 -0.887012 167.086194
-0.001207 -0.001854 1.000000
-0.493509 -0.801823 297.288190
-0.301487 -0.655028 126.063206
-0.000811 -0.001648 1.000000
-2.289026 -0.112469 734.978863
-0.832846 -1.028103 653.066264
-0.002307 -0.001247 1.000000
-1.436969 -1.880792 1191.097568
-0.168581 -1.649645 541.664533
-0.000354 -0.003078 1.000000
0.088716 -0.816320 146.097686
0.122666 -0.753154 -95.315529
0.000045 -0.002419 1.000000
-0.290297 -0.976064 288.161594
-0.121622 -0.652400 -14.382632
-0.000489 -0.002003 1.000000
-0.458558 -1.156725 445.928373
-0.044031 -1.062668 14.926102
-0.000391 -0.002361 1.000000
0.237959 -1.540666 295.397553
0.121122 -1.283855 -333.878990
0.000658 -0.003360 1.000000
0.517177 -1.686750 419.846109
0.129552 -1.002559 -94.115903
0.000950 -0.003194 1.000000
0.401406 -2.236325 266.267691
0.498533 -1.986512 -317.868277
0.001433 -0.004739 1.000000
0.365856 -1.950253 813.881157
0.030054 -1.269152 57.299581
0.000500 -0.003027 1.000000
-1.167490 -1.316801 806.942597
-0.469054 -0.847085 433.035488
-0.001036 -0.001775 1.000000
3.256408 5.022120 -2025.043446
-1.342903 8.581072 -306.810400
-0.002922 0.009516 1.000000
0.244478 -2.257904 958.601026
0.368837 -1.587680 -183.722015
0.001443 -0.003980 1.000000
-8.905255 10.789041 529.956407
-5.500134 7.521226 6945.055625
-0.017437 0.021110 1.000000
-0.482188 -1.296105 913.077220
-0.049567 -0.569451 35.662953
-0.000411 -0.001840 1.000000
0.047181 -1.886021 755.057767
0.084717 -1.581971 -76.353034
0.000210 -0.003047 1.000000
-0.550865 -1.022120 864.174561
-0.053751 -0.530227 -131.965892
-0.000597 -0.001726 1.000000
-0.361769 -1.354019 981.647164
-0.033827 -0.464996 60.527375
-0.000391 -0.001794 1.000000
-0.169264 -1.341804 381.258557
-0.134246 -0.925599 -215.955057
-0.000455 -0.002227 1.000000
-0.118355 -1.670060 642.312870
0.208585 -0.829221 -278.691458
0.000036 -0.002527 1.000000
-0.157833 -1.526806 667.822705
0.084505 -0.939198 -107.665209
-0.000153 -0.002376 1.000000
-0.942797 -1.283854 1271.740409
-0.052816 -0.644446 -332.797761
-0.000979 -0.001878 1.000000
-1.393815 0.390536 -15.212425
-1.101441 0.472547 1195.647505
-0.002880 0.001326 1.000000
-0.170272 -1.330334 435.837029
-0.055684 -0.918044 -108.263243
-0.000402 -0.002382 1.000000
7.816569 -12.932218 7502.418362
2.687308 -5.527115 -12910.434986
0.012930 -0.019802 1.000000
-1.094711 -0.178078 127.876150
-0.499882 -0.030797 868.897090
-0.001921 -0.000305 1.000000
-0.631667 -0.933404 948.443657
-0.310311 -0.618395 132.780285
-0.001008 -0.001450 1.000000
-0.611313 -0.842487 868.296772
-0.136520 -0.318354 -120.018178
-0.000901 -0.001334 1.000000
0.278621 -2.020112 237.503356
0.362372 -1.093612 -797.397190
0.000942 -0.003698 1.000000
0.599223 -2.206424 324.089666
0.457007 -1.109849 -413.149914
0.001001 -0.003963 1.000000
0.066867 -1.843400 -31.916468
0.137326 -1.320103 -205.946002
0.000209 -0.003066 1.000000
-5.778628 7.257151 3013.797362
-5.882610 5.671909 8365.613894
-0.012141 0.014338 1.000000
0.025776 -1.688584 658.837351
-0.039206 -1.062900 -114.736434
0.000147 -0.002891 1.000000
0.194204 -2.387698 1704.570468
0.302473 -1.542698 -322.806164
0.000543 -0.003709 1.000000
-0.179103 -1.157808 439.957968
-0.100073 -0.786109 -91.536434
-0.000345 -0.002258 1.000000
-0.226169 -1.503000 693.520248
-0.067738 -0.838519 -222.779129
-0.000302 -0.002363 1.000000
-0.229126 -0.421175 296.101535
-0.183393 -0.169023 21.899817
-0.001012 -0.000899 1.000000
-0.810666 -0.616469 920.947380
-0.230983 -0.255473 26.849528
-0.001160 -0.001007 1.000000
-0.693919 -0.662082 897.655482
-0.289502 -0.176232 79.352749
-0.001249 -0.000871 1.000000
-0.000863 -1.537353 620.257230
0.150678 -1.448533 -95.016208
0.000050 -0.003271 1.000000
-0.807503 -1.007882 976.944283
-0.220219 -0.375435 -24.202489
-0.000978 -0.001335 1.000000
-0.756666 -0.538300 106.032196
-0.407760 -0.358526 -190.623297
-0.001353 -0.001163 1.000000
-0.451753 -1.044431 465.952990
-0.249125 -0.685434 -114.160196
-0.000689 -0.001783 1.000000
0.001075 -1.011108 605.791397
-0.011311 -1.316357 71.003938
-0.000123 -0.002840 1.000000
-0.543320 -1.373339 654.747746
-0.216108 -1.201613 -58.862073
-0.000701 -0.002271 1.000000
-0.362780 -1.217038 857.907620
-0.177196 -1.058223 -111.388459
-0.000749 -0.002165 1.000000
-0.668231 -1.051092 896.558845
-0.000907 -0.537320 -24.095544
-0.000534 -0.001822 1.000000
-0.987824 -0.852361 1022.704822
-0.082164 -0.250941 -215.299029
-0.001259 -0.001202 1.000000
-0.006009 -2.054641 960.335866
0.101306 -1.380930 -283.608390
-0.000120 -0.003078 1.000000
-0.349501 -1.220433 526.527870
0.018776 -1.031078 -114.568218
-0.000173 -0.002689 1.000000
-2.294317 2.059658 1661.648326
-0.858868 1.131127 1156.644396
-0.003983 0.002707 1.000000
-0.318383 -1.159587 833.577487
-0.073873 -0.617790 -231.674868
-0.000414 -0.002107 1.000000
-0.507936 -1.091828 852.395600
-0.095272 -0.794399 63.285031
-0.000634 -0.001883 1.000000
-0.612369 -1.391363 926.854999
-0.116965 -0.616647 4.859147
-0.000561 -0.001917 1.000000
-0.066262 -1.147193 718.774392
-0.009316 -0.501635 -416.471262
-0.000616 -0.001945 1.000000
-0.394674 -0.774120 971.187448
-0.124427 -0.572522 -77.255077
-0.000578 -0.001711 1.000000
-0.276785 -0.879425 521.470399
-0.169714 -0.662939 -91.887643
-0.000681 -0.001737 1.000000
-0.582178 -0.931095 589.000634
-0.217577 -0.668118 24.400381
-0.000873 -0.001672 1.000000
-0.845129 -0.396001 -53.802653
-0.384918 -0.166923 -212.562999
-0.001465 -0.000755 1.000000
-0.318859 -0.728211 291.649683
-0.270363 -0.716497 57.150646
-0.000634 -0.001653 1.000000
-0.675899 -0.744706 588.766169
-0.559387 -0.554508 121.563131
-0.001325 -0.001171 1.000000
-0.183784 -1.155486 814.155038
0.084488 -0.864739 -118.140410
-0.000221 -0.002359 1.000000
-0.596403 -0.579223 581.897697
-0.282370 -0.207808 -123.854020
-0.001115 -0.000991 1.000000
-0.248918 -0.716622 516.895247
-0.045723 -0.803942 132.946725
-0.000443 -0.001886 1.000000
-0.445183 -0.502286 438.007538
-0.266817 -0.463335 -116.989401
-0.001002 -0.001363 1.000000
-0.591626 -0.907966 567.472223
-0.298151 -0.471462 14.270638
-0.000994 -0.001474 1.000000
-0.684067 -1.082073 433.325617
-0.430144 -0.816973 101.060188
-0.000995 -0.001767 1.000000
-0.576964 -1.135341 302.449491
-0.276826 -0.706028 17.248213
-0.000893 -0.001768 1.000000
-0.710441 -0.398526 480.721070
-0.532997 -0.330648 -18.873070
-0.001639 -0.000812 1.000000
-0.306128 -0.583265 436.052685
-0.302051 -0.772262 145.890494
-0.000864 -0.001585 1.000000
0.018071 -1.504336 1134.941645
-0.011927 -0.663276 154.145122
-0.000178 -0.002659 1.000000
-0.330085 -0.669750 502.596309
-0.054802 -0.423623 -182.947269
-0.000822 -0.001342 1.000000
-0.308221 -0.991584 986.080793
-0.093503 -0.451506 -28.904291
-0.000539 -0.001733 1.000000
-0.249848 -1.235107 1233.821496
0.004096 -0.637700 -63.733300
-0.000533 -0.002054 1.000000
-0.548328 -0.672353 557.083400
-0.106514 -0.330640 -65.844783
-0.000698 -0.001460 1.000000
-0.625137 -1.101741 681.385862
-0.125858 -0.377982 -197.793847
-0.000822 -0.001650 1.000000
-0.805400 -0.739273 -4.939146
-0.654964 -0.492443 -261.772856
-0.001424 -0.001090 1.000000
-0.369635 -0.765725 786.204938
-0.306567 -0.680986 -253.117769
-0.000931 -0.001785 1.000000
0.211764 -1.407170 -862.780283
0.314262 -1.770278 281.012253
0.000716 -0.003556 1.000000
-0.699736 -0.791355 865.146778
-0.863363 -0.554592 73.486770
-0.001752 -0.001252 1.000000
-0.762065 -0.682433 745.211518
-0.598137 -0.326907 -20.633282
-0.001460 -0.001001 1.000000
-0.893701 -0.871537 225.172667
-0.196541 -0.244576 190.976820
-0.001295 -0.001258 1.000000
-0.429598 -1.676964 641.617207
0.001057 -1.513067 119.874763
-0.000190 -0.003454 1.000000
-1.214988 0.692115 475.284503
-0.845565 0.682908 -762.852571
-0.002764 0.001010 1.000000
-0.689480 -0.125412 865.766419
-0.559076 0.234092 -5.572754
-0.001833 0.000354 1.000000
-0.496836 -0.762659 696.327632
-0.215826 -0.548055 76.201263
-0.000924 -0.001622 1.000000
-0.564857 -0.714030 268.139064
-0.329223 -0.503255 -40.221560
-0.001088 -0.001555 1.000000
-0.450211 -0.915388 333.688206
-0.302961 -0.619267 167.235306
-0.000872 -0.001594 1.000000
-0.731656 -0.395803 175.276687
-0.323419 -0.157512 -151.897655
-0.001392 -0.000934 1.000000
-0.262610 -1.277107 744.669449
-0.009492 -0.986414 16.275682
0.000019 -0.002745 1.000000
5.052491 4.637365 -1639.675663
1.211951 8.343127 -1231.909726
0.001622 0.009956 1.000000
-0.467404 -0.174078 54.463316
-0.280684 -0.119926 -29.527494
-0.001280 -0.000636 1.000000
-0.272456 -1.061147 731.225406
-0.058348 -0.504870 -257.847227
-0.000594 -0.001893 1.000000
-0.275354 -1.130224 732.587332
-0.154900 -0.921410 -145.022642
-0.000477 -0.002297 1.000000
-0.630503 -0.661761 601.743954
-0.274896 -0.446532 28.573723
-0.000987 -0.001265 1.000000
-1.129807 -1.345497 699.019404
-0.697558 -1.377293 491.734535
-0.001391 -0.002256 1.000000
-0.591511 -0.955765 570.289140
-0.023568 -0.458217 -234.070245
-0.000682 -0.001835 1.000000
