0.097458 -1.562705 501.823262
-0.021323 -0.920282 -177.435240
0.000000 -0.002733 1.000000
0.167431 -1.498911 318.994491
0.387115 -1.453237 -357.101661
0.000472 -0.004043 1.000000
0.093349 -1.837140 253.367129
-0.011947 -1.034036 -58.786661
0.000398 -0.003310 1.000000
0.002750 -1.564586 -83.897360
-0.031264 -1.134759 -48.274908
-0.000208 -0.003045 1.000000
0.007643 -1.194923 150.188184
-0.050136 -1.159334 -4.825868
0.000129 -0.002902 1.000000
-0.043133 -1.142725 281.939863
0.069440 -1.076620 -149.788452
0.000131 -0.003010 1.000000
0.026220 -1.593602 11.099885
0.006745 -1.258966 -51.551704
-0.000053 -0.003346 1.000000
0.496179 -1.933439 -552.737029
0.452480 -1.875252 -836.403148
0.002080 -0.006308 1.000000
0.210166 -1.686950 225.704567
0.631378 -1.618286 -833.992656
0.001347 -0.004776 1.000000
-0.286159 -1.393863 709.449678
-0.203665 -1.193139 -107.789597
-0.000492 -0.002382 1.000000
0.090439 -1.508391 327.821238
0.004960 -1.113046 -282.069812
0.000166 -0.003220 1.000000
-0.025496 -1.343952 -210.767420
0.012408 -0.789529 -98.813692
-0.000122 -0.002807 1.000000
-0.026157 -1.299250 629.467195
0.038030 -0.880492 -242.724016
0.000037 -0.002563 1.000000
-0.004970 -1.499450 83.653070
0.856493 -2.102358 -1081.507234
0.002219 -0.006512 1.000000
0.058753 -0.859064 304.435261
-0.120370 -0.915776 11.294010
-0.000172 -0.002292 1.000000
0.130164 -1.328955 202.196023
0.067466 -1.017894 16.330346
-0.000157 -0.002505 1.000000
0.207983 -1.668051 396.963108
0.150488 -1.453075 -164.342623
-0.000072 -0.003193 1.000000
0.276053 -1.431945 -21.575109
0.026117 -1.330914 -72.381785
0.000089 -0.003175 1.000000
0.198712 -1.894272 277.616929
0.087805 -1.275051 -168.089495
0.000424 -0.003668 1.000000
0.053619 -1.380442 216.357395
0.097830 -0.963019 -224.578377
0.000436 -0.003139 1.000000
-0.017436 -0.973984 219.310967
-0.020378 -0.970197 -126.901628
0.000031 -0.002869 1.000000
-4.310331 3.801012 5101.968411
-2.736577 2.202552 559.969921
-0.007719 0.007119 1.000000
-0.783519 -0.250841 1619.641705
-0.432666 -0.388541 -94.311103
-0.001232 -0.000782 1.000000
0.460881 -2.099438 245.861020
0.347042 -1.833456 -452.813346
0.000914 -0.004669 1.000000
0.331818 -1.926119 584.119671
0.171620 -1.968728 -459.591007
0.000906 -0.005127 1.000000
2.684991 -6.147717 1439.994761
2.743266 -5.744595 -2175.533968
0.005928 -0.012881 1.000000
0.492880 -2.351661 -615.202490
0.591688 -2.819332 -780.422667
0.002821 -0.007157 1.000000
0.035977 -0.961933 -123.216405
0.093001 -1.100275 -214.044729
0.000028 -0.002908 1.000000
-0.009095 -0.943365 215.285750
-0.057408 -0.798386 -120.505186
-0.000213 -0.002469 1.000000
-0.230650 -0.969775 478.706119
-0.218518 -1.282634 114.907244
-0.000365 -0.002516 1.000000
-0.105231 -1.158679 268.520348
-0.063786 -1.207604 -263.442281
0.000038 -0.002946 1.000000
-0.090165 -0.810060 166.624388
-0.026419 -0.780387 -145.118914
-0.000204 -0.002291 1.000000
0.102897 -1.166026 700.380922
-0.039266 -1.001009 -221.449013
0.000430 -0.003454 1.000000
-0.011891 -1.289311 900.653159
-0.162196 -0.875727 -276.655437
-0.000226 -0.002504 1.000000
0.081028 -1.073383 -10.008089
0.176256 -0.937942 -185.293597
0.000423 -0.002765 1.000000
0.056571 -1.279298 570.128142
-0.134603 -1.005078 -100.207294
-0.000179 -0.002828 1.000000
-0.045406 -1.504794 724.896723
0.235251 -1.762487 -108.704631
0.000243 -0.003762 1.000000
0.125245 -0.736169 113.191313
-0.042262 -0.613499 6.382857
0.000031 -0.002374 1.000000
0.288062 -1.940301 239.007503
0.205996 -1.067036 -710.270021
0.000667 -0.003969 1.000000
0.465090 -1.724624 78.869836
0.515873 -1.512453 -549.555879
0.001418 -0.004685 1.000000
0.450327 -2.066400 807.106799
0.213300 -1.194241 -625.878286
0.000711 -0.003981 1.000000
0.123264 -1.600758 160.650741
-0.027682 -0.852016 -462.152191
-0.000089 -0.002680 1.000000
0.458734 -1.485457 569.454503
0.159908 -1.278237 -533.796986
0.000813 -0.004041 1.000000
-0.271663 -0.720003 211.312419
-0.303840 -0.452421 -112.686282
-0.000619 -0.001539 1.000000
0.162942 -0.685568 28.467292
0.063250 -0.399870 -127.660671
0.000035 -0.002219 1.000000
1.178760 -2.962938 1375.107273
0.717108 -2.026373 -1355.476271
0.002410 -0.006428 1.000000
-0.265089 -0.759384 497.999007
-0.188598 -0.603869 52.668194
-0.000515 -0.001833 1.000000
0.009529 -1.008703 169.336719
-0.074981 -0.685605 -65.809551
-0.000210 -0.002330 1.000000
2.861254 -5.326044 -580.497842
1.761094 -4.292326 -1265.841984
0.004751 -0.009857 1.000000
0.155411 -1.137576 115.251197
0.095059 -0.872018 -203.074245
0.000004 -0.002780 1.000000
0.121202 -1.089646 394.642910
0.014137 -0.829588 -252.919746
-0.000119 -0.002596 1.000000
0.385176 -1.669995 428.521338
0.142038 -1.676317 -235.558741
0.000744 -0.004349 1.000000
-0.022124 -0.975851 345.097277
-0.165932 -0.482080 -213.321532
-0.000344 -0.002132 1.000000
0.425590 -1.555566 373.586284
0.123910 -1.254160 -269.707843
0.000469 -0.003511 1.000000
0.425886 -1.679533 295.726994
0.314930 -1.053318 -369.104642
0.000587 -0.003331 1.000000
0.217981 -1.552798 178.965527
0.094662 -1.169936 -87.224573
0.000173 -0.003032 1.000000
0.147578 -1.773092 263.219350
0.173765 -0.948145 -302.008671
0.000239 -0.003298 1.000000
-0.030551 -1.697535 543.133924
0.023840 -1.456309 -125.580775
0.000080 -0.003139 1.000000
0.080883 -1.359073 454.668595
0.070872 -0.910777 -151.231164
-0.000072 -0.002720 1.000000
-0.037170 -1.050779 290.196672
-0.111523 -0.717118 50.333153
-0.000330 -0.002103 1.000000
0.305993 -2.124467 -24.902555
0.278021 -1.525385 -2.335318
0.000475 -0.003636 1.000000
0.139454 -2.309060 319.374081
0.008399 -1.523716 82.416184
0.000120 -0.003580 1.000000
-0.047451 -1.072464 176.727082
-0.019235 -0.734077 32.876616
-0.000061 -0.002546 1.000000
0.305294 -1.535566 363.957530
0.189263 -1.424779 -59.379370
0.000143 -0.003201 1.000000
0.726454 -2.498991 79.678973
0.542533 -1.763889 -649.876157
0.000812 -0.004330 1.000000
0.086102 -1.517633 367.283384
0.081013 -1.364266 -13.339693
0.000205 -0.003200 1.000000
0.190942 -1.428215 138.509900
0.068902 -1.438352 -55.604435
-0.000070 -0.003149 1.000000
0.102238 -1.428284 394.251742
0.021811 -0.677481 -75.047210
-0.000008 -0.002440 1.000000
0.102299 -1.394400 -101.536989
0.084210 -0.841660 -137.457233
0.000088 -0.003073 1.000000
0.033463 -1.585654 565.645023
-0.045082 -0.519882 -52.846755
0.000132 -0.002484 1.000000
0.271080 -2.019239 436.560109
0.352589 -1.896400 -46.435652
0.000582 -0.003917 1.000000
0.366886 -2.032171 344.209298
0.265021 -1.766891 -141.185620
0.000531 -0.003926 1.000000
0.125162 -2.081007 138.733249
0.249177 -1.190149 -123.796701
0.000024 -0.003446 1.000000
-0.201654 -1.104507 832.876013
-0.094468 -0.764201 -86.038835
-0.000425 -0.002259 1.000000
0.719884 -2.182189 499.774121
0.133344 -1.088653 -241.579793
0.000682 -0.003513 1.000000
-0.012704 -1.292885 561.057383
0.043046 -1.029924 -120.990007
0.000063 -0.002932 1.000000
0.016063 -0.865366 98.691850
0.057344 -0.804911 94.907791
0.000163 -0.002398 1.000000
-0.023844 -1.034247 177.905109
-0.021820 -0.994853 50.413104
0.000011 -0.002542 1.000000
0.033004 -2.030739 587.361053
-0.005920 -1.119069 -6.750371
0.000036 -0.002996 1.000000
0.105646 -1.618397 506.475347
0.142098 -1.102624 -58.373114
0.000167 -0.002773 1.000000
0.201690 -1.787415 620.432874
0.084128 -1.002627 -26.595436
0.000222 -0.002809 1.000000
0.193617 -1.954917 640.686656
0.242728 -1.363372 -66.457627
0.000483 -0.003503 1.000000
0.270823 -2.795488 497.698259
0.264910 -2.340696 -54.390713
0.000498 -0.004408 1.000000
0.368859 -1.644381 487.956505
-0.031409 -0.753584 33.924971
0.000130 -0.002690 1.000000
-0.081451 -0.844115 71.664836
0.051476 -0.691863 67.473919
-0.000132 -0.002295 1.000000
-0.161788 -0.725815 292.773808
0.051477 -0.573760 64.684302
0.000047 -0.002060 1.000000
0.007285 -1.327284 407.816304
-0.076648 -0.908818 89.678343
-0.000280 -0.002485 1.000000
0.280858 -1.367460 410.229642
-0.091399 -0.571531 112.897791
0.000145 -0.002607 1.000000
-0.042893 -0.859986 269.277222
0.157796 -0.754057 38.967490
0.000064 -0.002221 1.000000
-0.023654 -1.261539 467.207731
-0.004242 -0.918036 49.895255
-0.000162 -0.002412 1.000000
0.189873 -1.507268 445.700458
0.084068 -1.046143 7.547160
0.000105 -0.002705 1.000000
0.054604 -1.247485 568.846773
0.175799 -0.778212 44.479255
0.000261 -0.002414 1.000000
0.221911 -1.363963 531.384418
0.099773 -0.817817 54.424383
0.000204 -0.002401 1.000000
-0.125466 -1.483439 523.218138
0.191047 -1.311162 129.405654
0.000199 -0.002866 1.000000
-0.114307 -1.204880 551.504584
0.014567 -1.126861 163.122018
0.000000 -0.002651 1.000000
0.417683 -1.122403 389.169685
0.077861 -0.185920 40.601344
0.000117 -0.002009 1.000000
-0.597794 -2.115298 950.404913
0.203841 -2.640042 548.795467
0.000656 -0.004497 1.000000
1.132854 -0.009819 78.793231
0.090287 1.455042 -177.810637
0.000179 0.000162 1.000000
1.117200 -0.110156 80.904439
0.045193 1.323184 -70.609556
0.000195 -0.000008 1.000000
0.239603 -2.260810 606.275213
0.476768 -1.819921 -143.428329
0.000752 -0.004187 1.000000
-0.043444 -1.928841 504.141849
0.015554 -1.727495 97.075703
-0.000036 -0.003264 1.000000
0.055164 -1.534887 601.809244
-0.081647 -1.084898 22.279175
-0.000153 -0.002628 1.000000
0.033913 -1.410498 522.654083
0.062395 -1.436993 -12.412799
0.000013 -0.002969 1.000000
-0.151381 -1.824830 568.853815
0.292919 -1.932479 -116.249915
0.000310 -0.003949 1.000000
-0.120172 -1.686542 616.623544
-0.028458 -1.287691 47.992276
-0.000064 -0.002874 1.000000
0.245243 -1.434079 276.745583
0.109376 -1.278498 -144.825008
0.000543 -0.003730 1.000000
0.079269 -1.193488 4.855011
-0.079211 -0.918715 -128.402452
-0.000225 -0.002521 1.000000
0.199418 -1.975093 513.291561
0.159505 -1.533799 -45.195804
0.000116 -0.003209 1.000000
0.032045 -1.456246 307.190961
-0.079029 -1.248242 138.609861
-0.000120 -0.002741 1.000000
-0.082942 -1.710786 615.690171
0.086306 -1.252041 -0.421299
0.000164 -0.003088 1.000000
0.135339 -1.741333 426.113670
0.223755 -1.037833 -155.211515
0.000313 -0.003210 1.000000
-0.187487 -0.907942 258.951893
-0.155911 -0.762945 20.809356
-0.000609 -0.002019 1.000000
-0.066012 -2.985782 755.241018
0.110966 -2.217100 77.268136
0.000379 -0.004955 1.000000
0.247263 -2.094902 804.922115
0.430611 -1.496320 -332.214104
0.000908 -0.004041 1.000000
-0.272293 -0.893687 240.428611
-0.200626 -0.611758 42.299836
-0.000581 -0.001942 1.000000
-0.448897 -1.732849 620.847166
-0.089171 -1.685047 214.902338
-0.000224 -0.003197 1.000000
-0.047659 -1.169445 478.482783
-0.096113 -0.885185 206.176971
-0.000177 -0.002232 1.000000
1.090421 0.073496 -34.985870
-0.023050 1.170330 -38.299591
0.000030 0.000164 1.000000
1.000000 -0.000000 -0.000000
0.000000 1.000000 -0.000000
0.000000 -0.000000 1.000000
0.944468 0.486786 -47.389104
-0.274555 1.686723 -48.512125
-0.000348 0.000951 1.000000
0.670471 0.105108 74.575840
-0.130793 1.206750 -4.004274
-0.000319 0.000321 1.000000
0.801915 0.030504 73.120665
-0.116163 1.225431 -4.340517
-0.000136 0.000194 1.000000
0.801851 0.950970 -141.481465
-0.602707 2.204268 39.901822
-0.000816 0.001820 1.000000
0.535241 -0.191859 206.781164
-0.333871 1.291393 22.294720
-0.000425 0.000190 1.000000
-0.617070 -2.832014 1001.082906
-0.018355 -2.935284 295.964760
0.000074 -0.004652 1.000000
-0.413056 -1.454142 681.753691
-0.148834 -1.299951 172.202087
-0.000082 -0.002798 1.000000
-0.437842 -2.065944 551.393940
-0.065561 -2.109644 260.521397
-0.000304 -0.003787 1.000000
-0.022807 -1.366241 442.865573
-0.150740 -1.149301 307.985247
-0.000201 -0.002423 1.000000
-0.056131 -1.355647 318.642475
-0.142906 -1.287580 91.417017
-0.000151 -0.002813 1.000000
-0.203145 -1.651591 503.522686
-0.050008 -1.452746 18.027853
-0.000194 -0.003162 1.000000
-0.292531 -0.974629 524.233941
-0.227003 -0.563246 43.040643
-0.000397 -0.001770 1.000000
-0.399448 -0.922220 492.375589
-0.095542 -0.821200 -8.197054
0.000001 -0.002469 1.000000
-0.326728 -0.753721 310.064345
-0.149646 -0.776631 129.349587
-0.000409 -0.001873 1.000000
-0.358579 -1.217332 721.285758
-0.317314 -0.804877 86.306435
-0.000520 -0.001892 1.000000
0.817284 -0.316562 172.778820
-0.019319 0.658717 142.456571
0.000114 -0.000416 1.000000
0.748361 -0.184983 151.171671
-0.017812 0.670614 110.189210
-0.000028 -0.000285 1.000000
-0.048190 -1.257920 542.027009
0.012427 -0.884231 170.436224
0.000040 -0.002331 1.000000
-0.542339 -2.136124 713.220741
-0.186998 -1.862666 267.332550
-0.000326 -0.003533 1.000000
-0.041224 -1.399534 412.906332
0.006972 -0.937826 -26.795584
-0.000070 -0.002636 1.000000
0.942394 -2.499869 874.389868
0.439952 -1.827207 -317.133714
0.001289 -0.004744 1.000000
-0.547098 -1.497338 1002.223445
-0.131538 -0.728538 60.046461
-0.000215 -0.002323 1.000000
-0.015143 -1.932093 705.077547
-0.071421 -1.977925 111.425942
0.000120 -0.004203 1.000000
0.139089 -1.416499 433.309532
0.122262 -1.304102 -84.324651
0.000219 -0.003299 1.000000
1.041317 -3.600454 1789.559017
0.922446 -2.273289 -1118.611200
0.001925 -0.006130 1.000000
2.402981 -4.621742 2443.795134
1.474423 -2.665017 -403.083411
0.003943 -0.007362 1.000000
0.070634 -1.062800 527.229938
0.049227 -0.997889 -84.296076
0.000024 -0.002696 1.000000
-0.232774 -0.908498 430.784436
-0.111298 -0.805745 -39.053459
-0.000319 -0.002112 1.000000
-0.229831 -1.191537 568.335077
-0.030152 -0.662598 -154.060046
-0.000137 -0.002470 1.000000
0.026946 -1.113917 -47.451949
-0.058562 -0.996441 -151.406263
-0.000059 -0.002331 1.000000
0.331828 -2.393431 -240.051013
0.188904 -1.147044 -368.803054
0.000640 -0.003808 1.000000
-0.021351 -1.343300 238.896852
-0.076909 -0.830957 -259.612072
-0.000183 -0.002475 1.000000
0.118987 -1.756324 964.248518
0.069481 -1.085934 -389.587400
0.000361 -0.003428 1.000000
0.041316 -1.660653 775.311770
-0.147912 -0.723536 -39.492361
-0.000038 -0.002547 1.000000
0.344237 -2.152991 1226.367743
-0.034122 -0.901511 -154.360737
0.000224 -0.002998 1.000000
-0.000801 -1.824245 553.220794
0.261383 -1.293094 -486.610622
0.000003 -0.003229 1.000000
0.433767 -2.029806 895.883415
0.211815 -1.201657 -69.115793
0.000648 -0.003637 1.000000
-0.045024 -1.763715 622.955429
0.105556 -1.735402 183.898696
0.000128 -0.003558 1.000000
4.992193 -8.641939 4449.952613
2.164220 -2.840174 -2036.033166
0.008211 -0.013019 1.000000
-0.422026 -1.371654 1055.563373
-0.141495 -0.706990 -54.475886
-0.000341 -0.002306 1.000000
-0.081806 -1.494791 630.784344
-0.060669 -1.221332 85.007114
-0.000215 -0.002455 1.000000
0.353283 -1.963683 696.504766
-0.010095 -1.199451 -61.155920
0.000552 -0.003354 1.000000
-0.046602 -1.749230 443.439871
0.037647 -1.400473 84.317883
0.000007 -0.003598 1.000000
0.091723 -1.735250 459.753329
-0.028189 -0.913934 -63.927046
0.000003 -0.003036 1.000000
-0.123826 -0.840716 105.451889
0.046681 -0.917844 -22.347303
0.000231 -0.002832 1.000000
0.143138 -1.023879 73.371037
0.140098 -1.408788 -30.310562
0.000955 -0.004159 1.000000
0.008908 -1.061670 132.013601
0.019521 -1.154827 -2.303464
-0.000079 -0.002811 1.000000
-0.087915 -0.894330 -274.170437
-0.071543 -1.236296 1376.705802
-0.000321 -0.002303 1.000000
-0.046821 -1.207739 -191.808109
-0.022846 -1.200337 78.805006
0.000215 -0.003060 1.000000
0.408439 -2.198782 331.546670
0.546938 -1.679050 -204.280379
0.000916 -0.004348 1.000000
-0.218258 -2.822001 491.570424
0.391405 -2.661321 -162.310686
0.000229 -0.005198 1.000000
-0.105902 -1.427805 513.714123
-0.079949 -1.258732 100.387063
-0.000256 -0.002655 1.000000
0.163490 -1.752787 498.859406
-0.073624 -1.427277 71.902544
-0.000009 -0.003168 1.000000
0.168718 -1.044642 100.150905
0.028508 -1.284761 42.448376
0.000240 -0.003320 1.000000
-0.005349 -0.740089 53.837807
0.043610 -1.177788 -30.545756
0.000190 -0.003153 1.000000
-0.033537 -1.107318 49.553905
0.060697 -0.999991 7.513311
0.000098 -0.002913 1.000000
-0.119524 -0.558197 158.116663
-0.147801 -0.578781 80.940922
-0.000264 -0.001928 1.000000
-0.214025 -1.351444 291.776961
-0.095490 -1.324749 109.691963
-0.000290 -0.002637 1.000000
0.028672 -0.955272 -135.621672
0.047029 -1.084018 -209.488001
0.000195 -0.003168 1.000000
0.018923 -0.910878 113.084174
-0.008674 -1.030969 -57.957531
0.000175 -0.002769 1.000000
0.003732 -1.321513 -37.486669
0.104643 -1.123182 -43.645156
0.000575 -0.003509 1.000000
-0.003107 -0.658851 75.486496
-0.067860 -0.948170 42.647086
-0.000033 -0.002592 1.000000
0.054259 -1.361717 86.892980
0.040583 -1.654879 131.379294
0.000143 -0.003583 1.000000
0.225077 -1.365603 413.620364
-0.042066 -0.611528 -206.222363
-0.000070 -0.002461 1.000000
0.062389 -2.053326 623.504969
0.000490 -0.982924 77.878081
0.000077 -0.003142 1.000000
0.943181 -3.289986 556.398561
0.289162 -1.609028 -115.317501
0.001062 -0.004738 1.000000
0.051620 -1.904785 -379.047211
-0.010632 -1.243575 -87.830762
0.000251 -0.003722 1.000000
0.050322 -1.464575 -73.677401
0.053975 -0.824496 -77.569629
-0.000044 -0.002881 1.000000
0.071985 -1.081229 77.927349
0.129575 -1.294145 -291.071545
0.000635 -0.003736 1.000000
-0.082858 -1.071773 49.971252
-0.104629 -0.930921 11.520104
0.000179 -0.002972 1.000000
-0.237891 -0.688682 347.175239
-0.095016 -1.097063 -753.898779
-0.000353 -0.002326 1.000000
-0.549008 -0.545486 869.044956
-0.482827 -0.494417 -29.831702
-0.001093 -0.001100 1.000000
-0.136662 -1.151932 212.923489
0.171526 -0.973058 -40.622472
0.000655 -0.003151 1.000000
-0.083302 -0.535260 -52.999963
0.034481 -0.656066 -36.241972
0.000101 -0.002569 1.000000
0.036930 -1.510617 310.268051
-0.012211 -0.842212 -95.930463
-0.000112 -0.002660 1.000000
3.457180 -5.638956 -6904.922345
4.289168 -6.968239 1634.198066
0.009903 -0.014786 1.000000
-0.651599 -0.374355 1619.526065
-0.561022 -0.358688 45.407509
-0.001374 -0.000770 1.000000
-0.431814 -0.708429 1687.304724
-0.467616 -0.853048 7.184136
-0.000885 -0.001413 1.000000
-0.123768 -1.228084 875.304363
-0.197065 -1.324599 -143.584524
-0.000544 -0.002132 1.000000
-0.289672 -0.623592 -551.513253
-0.325161 -0.663699 34.116387
-0.000753 -0.001443 1.000000
-0.089592 -0.812685 138.011889
-0.045372 -0.937073 61.515031
-0.000286 -0.002571 1.000000
-2.277962 1.619227 497.990679
-1.734465 0.881540 -1954.142878
-0.004028 0.002759 1.000000
-0.977403 0.118103 134.146219
-0.797759 0.275119 -915.344105
-0.001784 0.000177 1.000000
-0.106611 -2.133624 1004.795989
0.044674 -1.241118 14.648606
-0.000055 -0.003132 1.000000
1.406816 -4.614775 2402.760952
0.586016 -2.698558 -1789.344921
0.002377 -0.007266 1.000000
-0.228178 -1.276580 896.443366
-0.073757 -0.649071 37.210497
-0.000280 -0.002099 1.000000
-0.254383 -1.568970 1027.496904
0.011803 -0.922446 -57.864898
-0.000273 -0.002691 1.000000
0.347100 -1.972536 883.756353
0.053838 -1.308001 -221.250948
0.000344 -0.003300 1.000000
0.503614 -2.722873 820.994190
0.129972 -1.701925 -170.472656
0.000520 -0.004310 1.000000
0.557221 -2.800764 1377.030131
0.147669 -1.274956 -139.681604
0.000765 -0.003775 1.000000
-0.185903 -1.626245 1885.644344
-0.063181 -1.427802 -153.303417
-0.000353 -0.002769 1.000000
-1.827072 1.471918 -827.103682
-1.426448 0.967291 1371.144629
-0.003349 0.002223 1.000000
-0.422857 -0.970294 90.218103
-0.143139 -0.524493 -270.896361
-0.000728 -0.001690 1.000000
-3.049500 3.034792 -2704.965435
-2.754229 2.825644 48.542279
-0.005106 0.004744 1.000000
-1.546208 0.305801 184.288261
-1.454013 0.999055 -857.589709
-0.002948 0.001116 1.000000
0.648168 -3.293576 1105.326228
0.320462 -1.959444 -106.450104
0.000805 -0.004853 1.000000
0.715661 -2.827776 1179.351910
0.106262 -1.098571 -100.081305
0.000869 -0.003937 1.000000
-2.557999 1.984019 2002.266577
-1.242167 1.559940 709.693415
-0.003717 0.003347 1.000000
0.354195 -1.997669 381.376164
0.282579 -1.211296 -245.716162
0.000623 -0.003412 1.000000
-0.417565 -0.995420 3717.481775
-0.311364 -0.741346 41.366806
-0.000624 -0.001884 1.000000
-0.432889 -0.868657 3262.857417
-0.431589 -0.676213 274.081875
-0.000845 -0.001440 1.000000
-0.474210 -0.983804 1282.417040
-0.174275 -0.529106 198.667034
-0.000817 -0.001536 1.000000
-1.049818 0.029613 1802.886794
-0.792169 -0.113576 550.847298
-0.001739 -0.000101 1.000000
-0.049815 -1.615005 398.385772
0.009493 -0.779300 -379.482034
-0.000106 -0.002712 1.000000
0.102621 -1.636339 703.644236
0.094552 -0.892893 -725.641038
0.000261 -0.002872 1.000000
-0.124546 -1.153916 377.082185
0.056877 -0.816643 -44.895301
0.000131 -0.002658 1.000000
0.104862 -2.216447 1005.704844
0.003235 -1.405203 -72.964058
0.000301 -0.003715 1.000000
-0.065052 -1.722784 1330.038315
-0.017374 -0.870687 -353.305527
-0.000255 -0.002463 1.000000
0.475399 -1.703085 189.645563
-0.209350 -0.989357 -373.228331
0.000627 -0.003755 1.000000
-0.176684 -1.140805 721.289809
-0.137958 -0.864435 -15.072268
-0.000405 -0.002287 1.000000
0.017076 -1.357104 660.369423
-0.020911 -1.141296 -145.681699
0.000282 -0.003285 1.000000
0.150551 -1.631627 660.149870
-0.150417 -1.753160 -37.885869
0.000367 -0.003901 1.000000
0.309508 -1.689968 15.059878
-0.030141 -1.575925 -58.178919
0.000024 -0.003741 1.000000
-0.275680 -1.331384 721.954971
-0.038107 -1.051700 -342.688148
-0.000060 -0.002973 1.000000
0.228947 -2.501610 508.887485
0.120471 -2.170045 -247.621139
0.000464 -0.004714 1.000000
0.103014 -2.149641 1047.708627
-0.067101 -0.772580 39.183687
0.000179 -0.002933 1.000000
0.356204 -2.526986 2365.330832
0.391494 -1.472613 -856.509011
0.001054 -0.004467 1.000000
0.286659 -2.147344 817.010992
-0.013281 -1.229062 39.758209
0.000205 -0.003076 1.000000
-0.257164 -1.763851 1335.931233
0.078411 -1.025055 -40.399422
-0.000091 -0.003047 1.000000
-0.241297 -1.109409 715.748217
-0.069976 -1.136368 -2430.277144
-0.000383 -0.002182 1.000000
0.121767 -1.652150 798.622542
0.181976 -1.495901 -263.722120
-0.000186 -0.003091 1.000000
0.311820 -2.123751 1010.184713
0.123839 -0.971249 -221.685256
0.000273 -0.002899 1.000000
1.187112 -2.945809 1022.777524
0.584941 -1.525486 -1223.043038
0.001907 -0.005917 1.000000
-0.002332 -1.709879 377.999820
-0.066125 -0.825688 -76.398750
0.000117 -0.003070 1.000000
-0.199237 -1.582227 896.436041
0.095712 -1.251402 -212.181454
-0.000167 -0.002687 1.000000
-0.373066 -1.056151 384.087696
-0.213140 -0.595782 -230.582935
-0.000649 -0.001748 1.000000
-0.020834 -1.778112 499.662015
0.209655 -1.384220 -214.563570
0.000010 -0.003172 1.000000
-0.058445 -1.882200 573.699247
0.031616 -1.456840 -87.480444
0.000054 -0.003276 1.000000
-0.170373 -1.450222 619.233654
-0.008765 -1.105938 -20.138215
-0.000277 -0.002477 1.000000
0.124624 -1.606133 150.948320
0.127092 -1.530928 -369.399500
0.000262 -0.003459 1.000000
-0.039223 -0.982166 346.021461
0.024837 -0.607724 -319.028936
-0.000249 -0.002343 1.000000
0.055080 -1.511679 467.423098
0.040540 -0.847357 -307.774952
0.000032 -0.002805 1.000000
0.293615 -1.533752 557.579117
0.142892 -1.405255 -207.395749
0.000451 -0.003592 1.000000
0.067806 -1.583845 927.078198
0.170184 -1.260009 -357.571067
0.000109 -0.003347 1.000000
-0.000176 -1.317923 522.867945
0.051625 -0.765345 -165.256109
-0.000005 -0.002450 1.000000
-0.008144 -1.166415 557.971656
-0.242536 -1.099365 59.459511
-0.000027 -0.002905 1.000000
-0.092702 -1.138361 374.369405
-0.131793 -1.379894 87.162703
-0.000271 -0.002613 1.000000
0.022798 -1.424245 512.581524
-0.093947 -1.359557 56.492394
-0.000043 -0.002990 1.000000
0.234814 -2.431981 550.910673
0.145706 -2.372989 -7.924151
0.000156 -0.004214 1.000000
-0.189255 -1.423807 1305.262387
0.007329 -0.621097 27.607652
-0.000230 -0.002319 1.000000
-1.260199 0.834349 -1438.437284
-0.768306 0.421860 -38.824047
-0.003144 0.002331 1.000000
-0.438032 -1.240121 849.233959
-0.063907 -0.507260 -118.890314
-0.000529 -0.001914 1.000000
0.179591 -1.723315 529.019142
-0.011800 -0.980862 52.222072
0.000120 -0.002851 1.000000
0.208671 -1.754689 109.825144
0.178863 -1.626002 -188.777332
0.000435 -0.003884 1.000000
0.016909 -1.656196 775.847575
0.064833 -0.947833 -110.868117
0.000133 -0.003168 1.000000
0.107472 -1.152858 300.989612
-0.105849 -1.382262 77.881088
-0.000152 -0.003032 1.000000
-0.122001 -1.107397 327.450003
-0.143679 -0.830668 83.008558
-0.000257 -0.002229 1.000000
0.812453 -2.816003 212.545622
0.122837 -2.982535 -58.424657
0.000760 -0.005434 1.000000
0.308541 -1.898894 193.992628
0.037286 -1.760204 72.361707
0.000095 -0.003509 1.000000
0.145611 -1.942275 537.676058
-0.191303 -2.056948 135.756972
-0.000066 -0.003601 1.000000
0.038391 -1.161653 138.374292
0.250341 -0.746152 -153.724333
0.000663 -0.003024 1.000000
0.017374 -1.676863 258.972944
0.019777 -1.317148 -41.606464
0.000357 -0.003430 1.000000
0.058953 -1.279641 258.747232
-0.131665 -0.793728 16.308334
-0.000269 -0.002334 1.000000
0.260650 -1.942232 570.320244
0.023145 -0.887684 -26.725274
0.000285 -0.003131 1.000000
0.026002 -1.487601 629.713272
0.185388 -1.196610 -97.788100
0.000555 -0.002982 1.000000
-0.132902 -1.039740 258.745087
-0.001222 -1.010196 -19.721754
0.000017 -0.002693 1.000000
0.560920 -1.900315 75.301569
0.288383 -1.491020 -178.294027
0.000766 -0.003791 1.000000
0.790786 -1.919838 315.729295
0.343726 -1.468404 -289.365981
0.001207 -0.004187 1.000000
-0.350977 -0.956770 673.340850
-0.256849 -0.673666 -195.197353
-0.000620 -0.001969 1.000000
-0.006718 -1.181481 148.167510
-0.035065 -1.233447 -24.353858
-0.000201 -0.002827 1.000000
0.041014 -1.314625 439.343057
-0.000801 -1.004159 -146.679947
-0.000080 -0.002646 1.000000
-0.194905 -1.620106 808.888370
-0.117125 -0.976979 -162.156472
-0.000175 -0.002582 1.000000
-0.106157 -0.675048 78.867530
-0.121987 -0.760005 -86.328448
-0.000388 -0.002019 1.000000
0.177912 -1.569020 458.827484
0.038194 -1.116896 -116.414682
0.000069 -0.003151 1.000000
-0.110996 -1.811733 275.887737
0.141277 -1.697642 -27.004985
0.000075 -0.003401 1.000000
-0.190562 -1.219316 454.810609
-0.217728 -1.531223 87.964450
-0.000374 -0.002658 1.000000
