0.424239 -1.313189 970.190686
0.029768 -1.523013 192.811206
0.000625 -0.004016 1.000000
-2.627726 2.746637 -2347.959252
-1.786467 1.738314 952.677921
-0.005486 0.005580 1.000000
0.160626 -1.333137 801.459130
-0.058998 -0.956082 -115.453607
0.000127 -0.002647 1.000000
-0.699678 -0.058251 1121.890908
-0.860821 -0.130229 280.161071
-0.002047 -0.000009 1.000000
-0.008446 -0.868536 821.653410
-0.120767 -1.068149 -220.251097
-0.000259 -0.002445 1.000000
0.630134 -1.829960 1582.831210
0.463794 -1.685322 -487.522686
0.000991 -0.003971 1.000000
0.362447 -1.203931 33.182832
0.100897 -0.691906 -215.468110
0.000152 -0.002715 1.000000
0.068508 -0.988813 409.693572
0.118582 -0.647224 -152.650509
-0.000111 -0.002270 1.000000
0.972661 -2.696257 1315.023920
0.404921 -1.809055 -475.450620
0.001575 -0.005229 1.000000
0.345536 -1.805768 757.620989
0.321049 -1.491610 -116.195329
0.000764 -0.003442 1.000000
0.690758 -2.624375 219.076235
0.660959 -1.991422 -730.799555
0.001838 -0.005300 1.000000
0.011404 -1.628692 124.489105
0.143937 -1.471832 -303.768048
0.000570 -0.003659 1.000000
0.166264 -0.616299 345.363267
-0.068445 0.004901 41.500690
-0.000304 -0.001218 1.000000
-0.231344 31.589414 -6673.001078
-10.044394 38.509755 1939.562392
-0.021328 0.055757 1.000000
3.040034 -4.259091 2539.421243
2.093583 -3.394313 -600.136613
0.005371 -0.010405 1.000000
-0.028008 -1.286101 335.420678
0.242522 -1.340313 -100.798155
0.000459 -0.003121 1.000000
0.453658 -1.788742 857.692673
0.275596 -1.324338 -488.309025
0.000920 -0.003525 1.000000
-0.058537 -1.341828 385.172302
-0.012615 -1.210537 91.968025
-0.000139 -0.002545 1.000000
-0.032461 -1.096948 304.695472
0.045466 -0.971085 -92.588017
-0.000302 -0.002229 1.000000
0.206814 -1.357325 362.042198
0.165460 -1.423886 -177.870012
0.000240 -0.002963 1.000000
0.211872 -1.272149 927.239791
-0.007719 -1.279559 -557.689434
0.000449 -0.003315 1.000000
0.538367 -2.698518 1005.443638
0.649433 -2.118266 -912.056897
0.001352 -0.004878 1.000000
-1.557945 0.905193 2646.132591
-1.233946 0.524270 1150.145202
-0.002553 0.001010 1.000000
0.075963 -1.149354 864.415337
0.011577 -1.039731 -158.277022
0.000092 -0.002629 1.000000
-0.077294 -1.295421 510.943921
0.101495 -1.276778 -94.766508
0.000049 -0.002750 1.000000
0.063487 -1.409125 476.045104
0.083702 -1.598140 129.888851
0.000057 -0.002955 1.000000
-0.249364 -0.737585 396.689104
-0.400452 -0.750820 32.020167
-0.000747 -0.001608 1.000000
-0.080358 -1.229621 -170.877745
-0.054611 -0.944911 -344.736701
-0.000477 -0.002287 1.000000
6.211386 -8.374263 -2844.884517
4.301858 -8.138283 -6660.855313
0.010529 -0.017926 1.000000
-2.443090 0.997406 -317.366061
-1.899829 0.800134 728.207775
-0.003873 0.002039 1.000000
1.029847 -0.987437 177.165461
0.138117 -0.259147 292.546100
0.000308 -0.001741 1.000000
1.011861 0.568791 -85.138952
-0.021406 1.604628 -141.014909
-0.000273 0.000743 1.000000
1.000000 0.000000 0.000000
-0.000000 1.000000 0.000000
-0.000000 -0.000000 1.000000
0.717667 -0.720143 172.396261
-0.059926 -0.167365 288.346242
-0.000071 -0.001374 1.000000
-3.758770 3.811116 -1224.015217
-3.340687 3.081652 1517.504439
-0.006793 0.006700 1.000000
0.651557 0.019556 115.892138
-0.166744 1.228823 -2.480174
-0.000477 0.000426 1.000000
0.358115 -1.261128 393.297399
0.036884 -0.542262 122.176122
-0.000038 -0.002084 1.000000
0.167065 -1.192887 496.573416
0.140751 -0.951586 5.875079
0.000095 -0.002572 1.000000
2.376197 -3.857887 1441.996995
1.433000 -2.379269 -591.234178
0.003966 -0.007502 1.000000
-0.804861 -0.255054 -89.337798
-0.532571 -0.184540 389.719173
-0.001619 -0.000508 1.000000
3.132518 -4.794223 2124.330644
2.643577 -4.510163 -624.647536
0.005985 -0.010894 1.000000
0.164642 -1.134757 384.983303
0.066853 -0.757485 -183.571294
-0.000019 -0.002479 1.000000
-0.683974 -0.133337 -227.709568
-0.435888 -0.107667 61.576768
-0.001521 -0.000540 1.000000
1.180086 -3.315173 877.177000
1.007795 -3.446976 -294.955685
0.002436 -0.007368 1.000000
0.987041 -2.428926 682.216209
0.896962 -2.430410 -560.770368
0.001952 -0.005646 1.000000
-1.683304 0.465364 -729.524581
-0.923649 0.848804 422.392258
-0.002975 0.001635 1.000000
-1.439297 0.548409 -1415.086048
-1.350710 0.998038 429.081769
-0.003475 0.002227 1.000000
4.560473 -6.188314 -6740.776200
2.798313 -3.757026 -1337.510223
0.007509 -0.010975 1.000000
1.730394 -3.098069 6030.338677
1.253403 -2.069689 -1541.275728
0.003397 -0.006023 1.000000
2.851095 -4.505522 1995.618393
2.196606 -3.535633 -3957.693571
0.004659 -0.008720 1.000000
-0.504781 -0.676829 46.595770
-0.331927 -0.441088 1098.984000
-0.000895 -0.001310 1.000000
-0.388101 -0.886887 882.998074
-0.132108 -0.796513 -370.392385
-0.000291 -0.002096 1.000000
-3.781315 4.520615 -4358.436117
-2.358293 2.327360 2213.089838
-0.007499 0.007839 1.000000
-0.302974 -0.592341 1008.793749
-0.171524 -0.740646 -118.557050
-0.000533 -0.001937 1.000000
-0.370437 -1.194860 634.269773
-0.229860 -0.869244 -115.113809
-0.000545 -0.002076 1.000000
-0.506526 -0.881966 459.510278
-0.281519 -0.595987 -479.177501
-0.000760 -0.001578 1.000000
-0.093911 -1.435660 963.401228
0.242609 -1.043377 -240.207204
0.000460 -0.003284 1.000000
-0.129472 -1.128556 754.646775
0.101227 -1.183437 -262.028117
0.000018 -0.002880 1.000000
0.309857 -1.556297 1223.756430
0.363875 -1.524674 -362.997440
0.000722 -0.003532 1.000000
1.310043 -3.109244 11377.780827
1.107927 -3.169797 -4919.042385
0.002702 -0.006242 1.000000
-0.184777 -0.888406 173.717581
0.028330 -0.682866 -277.155401
-0.000425 -0.002207 1.000000
0.017168 -1.445420 112.766177
-0.149521 -1.215819 -210.973085
-0.000140 -0.002754 1.000000
-0.080971 -1.047525 335.038792
0.032032 -0.574205 -520.851985
-0.000066 -0.002246 1.000000
0.370550 -1.422287 144.311697
0.347088 -1.483618 -706.295999
0.000645 -0.003368 1.000000
-0.194334 -1.177754 1007.140286
0.050871 -0.592537 -156.125119
-0.000049 -0.002410 1.000000
-0.668483 -0.463649 1251.733472
-0.498307 -0.481882 136.929957
-0.001202 -0.001263 1.000000
-0.486367 -0.916838 1144.416802
-0.301352 -1.137390 196.869436
-0.000662 -0.002431 1.000000
0.135065 -1.497514 725.928556
0.157833 -1.449771 -907.029688
0.000230 -0.003289 1.000000
-0.157194 -0.654157 155.010986
-0.157954 -0.469775 -405.923025
-0.000592 -0.001766 1.000000
-0.042929 -1.531486 720.817678
-0.190688 -1.386242 -130.056385
-0.000172 -0.002829 1.000000
4.228431 -9.081923 2706.815604
3.434914 -6.431815 -3553.879448
0.008941 -0.014362 1.000000
-0.809916 -0.497177 1008.324878
-0.613657 -0.305187 -71.467754
-0.001438 -0.000896 1.000000
0.055534 -0.653215 105.442153
-0.011830 -0.648183 -131.501164
-0.000278 -0.002167 1.000000
0.309006 -0.904243 455.250733
0.032799 -0.350116 156.770289
-0.000118 -0.001609 1.000000
0.669959 -1.999999 1070.101700
0.809809 -1.565653 -1316.814048
0.001552 -0.003846 1.000000
0.321772 -1.124383 408.195468
0.111173 -1.083963 146.631488
0.000155 -0.002503 1.000000
0.290945 -2.140905 -573.123490
0.405587 -1.385871 -913.699713
0.001688 -0.004703 1.000000
0.372001 -2.258468 -116.474842
0.462248 -1.499847 -577.182178
0.000590 -0.003909 1.000000
-0.550578 -0.361076 -768.278656
-0.501473 -0.602277 537.871740
-0.001224 -0.001057 1.000000
-0.125639 -1.317713 -358.880609
-0.097752 -1.171695 -251.173948
-0.000264 -0.002658 1.000000
0.124920 -1.487291 413.103364
0.147575 -0.983739 -238.092042
0.000137 -0.002523 1.000000
507.313654 -614.528626 186306.673873
357.328217 -482.000207 -326863.476381
0.943473 -1.119744 1.000000
0.474449 -2.069990 527.403536
0.230169 -1.826823 -373.301017
0.000249 -0.003544 1.000000
-1.365464 0.333642 2427.215419
-0.928768 0.324799 733.496318
-0.002551 0.000837 1.000000
-0.331154 -0.794351 815.411380
-0.172287 -0.424274 -119.396795
-0.000563 -0.001602 1.000000
0.408458 -2.117162 684.792415
0.382182 -1.603757 -469.534032
0.000561 -0.003742 1.000000
0.412795 -2.246278 -1438.608244
0.042854 -1.446821 -592.260112
0.000626 -0.004019 1.000000
-1.321976 0.266921 2881.867470
-0.971052 0.145128 1469.156669
-0.002332 0.000386 1.000000
0.009600 -1.254218 456.691821
-0.313001 -0.492652 -139.820662
-0.000759 -0.001845 1.000000
0.098380 -1.385448 -168.406195
-0.089849 -0.899584 -332.731594
-0.000142 -0.002473 1.000000
-0.013481 -1.510496 1160.655964
-0.162711 -1.512004 -171.602403
0.000006 -0.003119 1.000000
-0.190374 -1.153386 -344.753854
0.036592 -1.021384 -176.468675
-0.000034 -0.002466 1.000000
0.326823 -2.426801 150.485579
0.183238 -1.483157 -685.691949
0.000621 -0.003541 1.000000
-0.391932 -0.703201 1123.096617
-0.260709 -0.380948 -9.598557
-0.000956 -0.001457 1.000000
2.975809 -4.106181 565.133053
1.101307 -1.549335 -1467.281103
0.003435 -0.006408 1.000000
-1.176029 0.332605 145.369339
-0.900354 0.236990 1645.663017
-0.002186 0.000484 1.000000
-0.378816 -1.237002 14.093598
-0.223301 -0.639419 -9.043079
-0.000708 -0.001998 1.000000
0.585986 -2.215899 556.973052
0.188861 -1.880502 -918.334007
0.000871 -0.003803 1.000000
0.403567 -1.961153 1376.340001
0.253880 -1.568675 -324.979728
0.000473 -0.003235 1.000000
2.216313 -3.578828 -1131.525509
1.320610 -2.617114 -1594.011308
0.005241 -0.008209 1.000000
1.030925 -2.714327 -76.910795
0.537940 -2.361688 -537.739053
0.001227 -0.004902 1.000000
1.418180 -3.079568 1629.567834
0.905632 -3.186189 -865.999884
0.002073 -0.006099 1.000000
-0.927877 -0.124718 164.630197
-0.670081 -0.228806 1217.282797
-0.001516 -0.000463 1.000000
-0.604094 -0.892113 -19.865324
-0.518528 -0.904925 80.455774
-0.000924 -0.001548 1.000000
0.765520 -2.552327 443.056753
0.813969 -2.944450 -781.911296
0.001217 -0.005375 1.000000
0.258593 -1.423593 409.621920
-0.005268 -1.237150 216.074651
0.000094 -0.002723 1.000000
-0.174580 -0.880724 237.494607
-0.295569 -0.828791 250.461887
-0.000645 -0.001872 1.000000
-1.903816 1.696071 1445.318919
-1.442128 1.399064 1547.295479
-0.003494 0.002624 1.000000
-0.353832 -1.016223 1031.759336
-0.335738 -0.834775 75.647846
-0.000685 -0.001846 1.000000
1.004307 -3.235468 -2797.582098
0.989330 -2.460333 -334.420865
0.001943 -0.005325 1.000000
59.524246 -82.838347 40218.671801
44.615045 -61.867403 -53947.767239
0.132347 -0.187931 1.000000
-0.692755 -0.641723 -218.332874
-0.467134 -0.543685 672.863070
-0.001369 -0.001276 1.000000
0.442142 -1.362573 140.661213
0.063199 -0.972852 -175.004463
0.000550 -0.002905 1.000000
-0.055588 -1.219960 -106.869148
0.002903 -0.942326 -277.672184
-0.000173 -0.002356 1.000000
-0.944722 -0.134445 -1448.212839
-0.463830 -0.209105 53.607833
-0.001612 -0.000545 1.000000
0.302672 -1.621818 -704.147395
0.418115 -1.585794 -73.939052
0.000760 -0.003756 1.000000
1.318124 -2.565880 -2434.300305
1.033971 -2.354315 4.614457
0.001807 -0.004336 1.000000
-9.233410 10.879931 19417.175551
-7.661698 9.856545 4612.802998
-0.018626 0.019961 1.000000
-1.268145 0.299502 2253.821153
-0.915013 0.223851 1318.666811
-0.002599 0.000728 1.000000
-0.152006 -1.505241 252.228377
0.028090 -1.217416 -355.534484
0.000098 -0.002819 1.000000
0.715975 -2.357768 839.826832
0.151968 -1.885358 -785.332320
0.000324 -0.004407 1.000000
-0.481481 -1.306906 1458.554539
-0.245238 -0.911806 -140.542198
-0.000745 -0.001842 1.000000
-7.187654 14.476611 -15203.728145
-7.129945 11.071219 11088.696539
-0.018982 0.028206 1.000000
-0.271962 -1.360843 922.802316
-0.014643 -0.977899 -918.727467
-0.000389 -0.002242 1.000000
0.215631 -1.562868 852.029573
0.024774 -1.738542 -527.770036
0.000485 -0.003757 1.000000
7.219731 -15.693164 18265.822655
8.734988 -15.595251 -7536.448041
0.016942 -0.028398 1.000000
-1.207409 0.326252 -1367.789889
-1.077661 0.304056 -172.047403
-0.002444 0.000779 1.000000
0.530880 -2.016918 237.484054
0.419780 -2.244877 -646.371999
0.000594 -0.004057 1.000000
-0.836557 -0.253793 -1016.745853
-0.756114 -0.233283 -888.572098
-0.001717 -0.000605 1.000000
-6.651118 9.841211 -4093.100151
-5.419660 8.490948 4553.171909
-0.012775 0.017983 1.000000
0.190123 -2.214375 1150.100802
0.347105 -1.995762 -749.828442
0.000398 -0.003572 1.000000
-0.298904 -0.871956 923.942203
-0.074545 -0.902489 -375.618010
-0.000402 -0.002234 1.000000
0.135074 -1.320119 452.553372
0.065727 -1.433701 -349.963275
0.000034 -0.002912 1.000000
-0.086917 -0.852174 1005.464593
-0.238640 -0.778152 -249.634334
-0.000355 -0.002004 1.000000
-0.222321 -1.015227 146.593080
-0.366085 -0.892924 -107.415819
-0.000758 -0.001971 1.000000
3.738063 -6.510463 -1874.934921
2.652126 -5.441566 -2699.465784
0.005952 -0.012596 1.000000
0.724729 -2.258870 68.453477
0.118535 -1.665217 -476.957999
0.000487 -0.003599 1.000000
0.068006 -1.288052 856.801595
0.108743 -1.045770 40.929511
0.000123 -0.002315 1.000000
-0.157440 -1.376784 405.176590
-0.004142 -0.809459 -337.098936
-0.000123 -0.002424 1.000000
-0.693779 -0.610994 -377.268492
-0.400761 -0.474893 19.273259
-0.001239 -0.001243 1.000000
-3.261130 2.797390 -4652.528084
-2.330252 2.055550 2043.239408
-0.006528 0.007040 1.000000
3.429301 -5.755431 -5770.157035
1.620899 -3.502957 -1823.143877
0.004472 -0.009224 1.000000
-0.427851 -1.072762 -525.560299
-0.190314 -0.568481 27.547634
-0.000567 -0.001892 1.000000
-2.246408 2.004787 1854.133979
-1.444692 1.041483 3301.439831
-0.004086 0.003502 1.000000
-1.831991 0.437106 1210.305371
-0.863713 0.435072 1647.175584
-0.002963 0.001228 1.000000
-0.714945 -0.705104 1467.996049
-0.409192 -0.408290 413.921356
-0.001241 -0.001035 1.000000
30.282067 -32.060757 -12943.434365
15.254820 -28.504161 -36148.764335
0.052852 -0.065365 1.000000
-0.105890 -0.993878 -81.872605
0.142372 -0.747349 -980.108859
-0.000223 -0.002413 1.000000
0.122143 -1.606387 -110.900436
0.247275 -1.331812 -349.667642
0.000371 -0.003246 1.000000
-0.140744 -0.994378 703.072650
-0.169534 -0.963021 -463.824996
-0.000212 -0.002271 1.000000
-1.287977 0.010607 1684.060341
-0.535586 -0.069803 -127.817641
-0.002258 0.000191 1.000000
-1.213611 0.617066 3136.429684
-0.847451 0.308518 487.506136
-0.002903 0.001115 1.000000
-1.385503 0.878067 2794.306563
-1.030989 0.402075 374.297333
-0.002567 0.001082 1.000000
-1.328487 0.256916 -302.665743
-0.747741 0.051618 1932.909528
-0.002306 0.000423 1.000000
-0.736562 -0.310837 1421.162187
-0.524855 -0.287762 25.379600
-0.001756 -0.000414 1.000000
-0.120896 -1.537366 1926.237098
0.214703 -0.825558 465.906905
0.000004 -0.002663 1.000000
-0.774206 -0.494235 1444.329950
-0.379239 -0.306788 -631.157574
-0.001271 -0.001079 1.000000
-0.701408 -0.583805 660.448323
-0.320121 -0.371027 -236.196639
-0.001163 -0.000962 1.000000
-0.052274 -1.086418 806.367546
0.090474 -0.858066 -99.095584
-0.000086 -0.002362 1.000000
0.450626 -1.620183 567.189698
0.349145 -1.744040 -710.163196
0.001039 -0.004047 1.000000
1.788361 -3.310604 -1203.653646
1.043533 -3.412213 -3299.503240
0.003299 -0.007357 1.000000
-0.836361 -0.147437 -534.717394
-0.429727 -0.255308 273.731462
-0.001551 -0.000613 1.000000
-10.292204 16.009921 2987.370612
-8.053328 11.787638 11466.270767
-0.022530 0.029890 1.000000
-2.011268 3.320575 1784.287312
-2.948338 2.807793 -178.020579
-0.005923 0.005996 1.000000
0.053057 -1.080534 377.055434
0.373094 -1.860898 -481.169869
0.000905 -0.003934 1.000000
0.482237 -1.573135 -138.220955
0.648267 -1.702957 -331.140193
0.001433 -0.004021 1.000000
-1.627820 1.193899 3112.901749
-1.901457 1.549213 6269.316700
-0.004391 0.003334 1.000000
-0.167802 -0.685105 263.338777
-0.242985 -0.479526 -148.045668
-0.000869 -0.001351 1.000000
1.657790 -2.777496 930.935296
0.557429 -1.003484 -637.336313
0.002085 -0.004364 1.000000
-0.959605 -0.224670 -356.459406
-0.739731 -0.026877 691.520392
-0.001781 -0.000127 1.000000
0.164257 -1.819135 714.973408
0.101471 -1.490681 -380.325086
0.000142 -0.003202 1.000000
0.589625 -3.262650 531.755595
0.771059 -3.194342 -1009.363843
0.001118 -0.005632 1.000000
1.573786 -3.099725 -1200.678438
1.074527 -2.680788 -677.496462
0.002015 -0.005380 1.000000
0.050326 -1.129854 706.757387
-0.063689 -0.769423 2351.270241
0.000062 -0.002542 1.000000
-0.402793 -1.512242 217.516728
-0.158342 -1.050522 89.485334
-0.000320 -0.002521 1.000000
0.314484 -1.826106 50.457293
0.560878 -1.873832 -875.825199
0.001209 -0.003966 1.000000
0.190429 -1.863229 75.132473
0.022046 -1.349674 -185.646533
0.000030 -0.002885 1.000000
0.059532 -1.110654 10.189624
0.066494 -0.908665 -369.785681
-0.000176 -0.002584 1.000000
0.106244 -1.596650 -1702.605947
0.302872 -1.192375 -806.104013
0.000478 -0.003343 1.000000
-0.238771 -0.513323 -349.602402
-0.056717 -0.476071 -13.221523
-0.000751 -0.001582 1.000000
0.145241 -1.725603 -411.314692
0.096093 -1.494462 -191.554336
-0.000070 -0.003205 1.000000
-0.959379 -0.211227 -178.073349
-0.644350 -0.003818 774.901520
-0.002100 0.000090 1.000000
-0.778386 -0.305264 1079.383593
-0.349363 -0.316945 715.863616
-0.001631 -0.000840 1.000000
-0.561355 -0.642597 701.109546
-0.384407 -0.524518 2.104795
-0.001024 -0.001259 1.000000
-0.071628 -1.214961 1624.712474
0.089773 -1.126394 -336.796191
0.000163 -0.003142 1.000000
-0.354800 -1.079200 -572.399562
-0.330993 -0.610462 -1743.444463
-0.000746 -0.001980 1.000000
-0.551150 -0.317063 -1107.192953
-0.482225 -0.309073 554.206443
-0.001277 -0.000819 1.000000
0.474340 -2.110372 -80.433063
0.140374 -1.674750 -624.316604
0.000708 -0.004158 1.000000
20.732801 -28.262025 7352.944183
12.099221 -17.458922 -16009.862357
0.032267 -0.044207 1.000000
-0.736688 -0.445291 319.701387
-0.636986 -0.280031 1083.967411
-0.001511 -0.000705 1.000000
1.076088 -2.606130 -1883.373997
0.877680 -2.440724 2079.910734
0.001807 -0.005280 1.000000
-0.643253 -0.253383 -862.367610
-0.420724 -0.165173 -167.579645
-0.001266 -0.000644 1.000000
0.456807 -2.223054 -638.638500
0.463343 -1.866698 -1081.683429
0.001433 -0.005063 1.000000
-2.196437 2.717790 2018.507655
-1.513371 1.351857 1921.203318
-0.005526 0.005405 1.000000
1.817678 -3.879830 6394.171160
1.469339 -2.913816 4236.586589
0.003145 -0.006712 1.000000
-4.994625 9.264304 8397.201628
-6.297394 7.098514 3462.094153
-0.012512 0.015552 1.000000
-1.290436 0.723741 1245.750349
-0.869466 0.277331 436.558650
-0.002393 0.001001 1.000000
-0.751943 -0.344388 912.809198
-0.593827 -0.080183 1071.788622
-0.001570 -0.000432 1.000000
-0.331046 -0.660701 -100.329716
-0.084544 -0.678465 -652.671953
-0.000798 -0.001553 1.000000
-1.422424 0.810787 347.486323
-1.047868 0.454388 3161.249641
-0.003382 0.001915 1.000000
-0.156945 -1.234494 -208.638033
0.053664 -1.101784 1957.497083
-0.000092 -0.002565 1.000000
-0.206146 -1.420874 -145.305551
0.048611 -0.813317 -238.498982
-0.000242 -0.002282 1.000000
-0.075079 -1.541670 677.975747
-0.123715 -0.983247 -741.508953
-0.000111 -0.002731 1.000000
-1.456672 0.756481 2129.323361
-1.049337 0.524300 -232.314005
-0.002960 0.001195 1.000000
-2.609748 2.501355 4896.563486
-1.552664 1.218111 -26.862750
-0.004508 0.003588 1.000000
-1.163355 0.202611 845.336863
-0.879267 0.269078 2641.766750
-0.002217 0.000190 1.000000
-0.712221 -0.758787 -106.135316
-0.340760 -0.660749 -18.640296
-0.001196 -0.001288 1.000000
1.607604 -5.289573 3150.414604
0.779506 -3.176933 -1384.490227
0.003382 -0.008176 1.000000
0.026846 -1.699255 836.828979
-0.041433 -1.251573 -882.359641
-0.000063 -0.002901 1.000000
-0.142283 -1.385105 1916.255829
0.047318 -0.969477 -439.066789
-0.000022 -0.002557 1.000000
-0.256332 -1.181113 2526.427617
-0.039180 -1.157889 -942.844864
-0.000001 -0.002709 1.000000
-0.218106 -1.199828 1036.624208
-0.266355 -0.808696 -200.470547
-0.000464 -0.002135 1.000000
-0.479053 -0.941677 913.999597
-0.368875 -0.676274 -391.671208
-0.000814 -0.001585 1.000000
-0.376313 -0.806794 1106.607615
-0.375005 -0.614437 -515.466259
-0.000740 -0.001476 1.000000
-0.201798 -1.431490 1229.381256
-0.007464 -0.990901 22.875041
-0.000114 -0.002331 1.000000
0.268088 -2.235521 1411.702495
0.133317 -1.480317 -652.356999
0.000368 -0.003448 1.000000
0.076642 -2.083189 -84.803365
0.026308 -1.158533 -523.341514
0.000207 -0.003380 1.000000
-0.663283 -0.283290 1189.863190
-0.189420 -0.245646 -126.370769
-0.001231 -0.000724 1.000000
3.631487 -5.989736 -3950.092838
3.096836 -5.318539 -3722.459036
0.006314 -0.011106 1.000000
-0.433776 -0.974932 1334.262546
-0.296591 -0.771041 52.763244
-0.000669 -0.001568 1.000000
-0.020835 -1.628454 1040.096029
0.194171 -0.786652 -542.319885
0.000146 -0.002731 1.000000
-0.607146 -0.671615 2382.687794
-0.454381 -0.523536 319.515970
-0.001179 -0.001281 1.000000
0.161335 -1.389347 1010.397563
-0.110780 -0.757444 -305.713052
-0.000114 -0.002795 1.000000
-2.361366 1.759547 1961.241706
-1.206767 1.037481 2211.659060
-0.003761 0.002252 1.000000
0.749662 -2.577394 -18.095542
0.364731 -1.172542 -250.818547
0.001251 -0.004010 1.000000
-0.763802 -0.587104 1550.161261
-0.316244 -0.323423 -119.185226
-0.001065 -0.001018 1.000000
-0.226974 -1.328874 2430.745468
-0.098755 -0.658770 -1324.022511
-0.000276 -0.002100 1.000000
-0.288151 -1.057007 38.483913
-0.009152 -0.605694 -520.646812
-0.000378 -0.001905 1.000000
0.543040 -2.060867 1042.724764
0.360412 -1.850255 -541.661470
0.000812 -0.004289 1.000000
0.279631 -1.582165 165.433863
0.270961 -1.215117 -799.660750
0.000753 -0.003226 1.000000
0.771981 -3.061523 943.426606
0.284217 -2.457635 -790.037462
0.001219 -0.005541 1.000000
0.030399 -0.953661 -66.264493
0.018866 -1.194798 -245.469247
-0.000233 -0.002370 1.000000
0.093057 -2.079323 634.841726
0.203425 -1.855544 -507.487629
0.000600 -0.003960 1.000000
0.631843 -2.739173 1159.595606
0.900063 -2.598311 -1029.368706
0.001903 -0.005545 1.000000
0.011568 -1.703390 1660.720215
0.256928 -1.146082 205.099481
0.000272 -0.003157 1.000000
-34.129283 43.983128 -78064.307151
-20.861929 33.179985 25891.106498
-0.066490 0.087220 1.000000
-0.240183 -1.047903 1520.603977
-0.355951 -0.902947 347.215610
-0.000649 -0.002060 1.000000
-0.302943 -0.975835 1359.226872
-0.157385 -0.571839 127.231922
-0.000622 -0.001709 1.000000
-1.823775 0.975834 5292.178955
-1.213756 0.794856 1264.792609
-0.003308 0.002079 1.000000
-0.357624 -1.297353 361.741488
-0.167795 -0.739417 -732.090287
-0.000330 -0.002220 1.000000
-1.037635 -0.314020 1517.288671
-0.717583 -0.069495 488.487811
-0.001762 -0.000309 1.000000
-2.807208 2.085634 2685.481294
-1.010680 0.824180 1204.910115
-0.003985 0.002985 1.000000
0.659182 -2.481588 -140.531978
0.324245 -1.249797 -695.737709
0.000850 -0.004162 1.000000
0.381975 -2.342203 833.101799
0.349054 -1.802521 -543.183564
0.001039 -0.004268 1.000000
0.510395 -1.796647 595.963627
0.220235 -1.179181 -449.145562
0.000656 -0.003143 1.000000
0.649580 -3.699601 267.434747
1.439646 -3.354949 -1934.539368
0.002675 -0.006724 1.000000
0.122011 -1.888561 109.760890
0.179694 -1.629150 -436.514555
0.000308 -0.003645 1.000000
-0.172300 -0.949436 616.474318
-0.101306 -1.127254 -371.143207
-0.000108 -0.002470 1.000000
-4.630596 6.680369 2318.515632
-4.810760 5.796118 4330.987777
-0.009814 0.012900 1.000000
0.609563 -1.892912 1062.011523
0.877270 -2.530898 -1527.585125
0.001601 -0.005991 1.000000
0.577293 -1.603040 -694.202274
0.032146 -1.439122 -811.222589
0.000592 -0.003476 1.000000
-0.164631 -1.312225 160.255318
0.081764 -1.368491 -137.091996
-0.000042 -0.002736 1.000000
-0.690525 -0.191684 836.638617
-0.424950 -0.433569 -290.245534
-0.001486 -0.000675 1.000000
-0.239636 -0.918389 647.551532
-0.208599 -1.028027 -114.810966
-0.000497 -0.002257 1.000000
0.553843 -2.127062 -515.241431
0.648984 -2.496859 -752.485029
0.001379 -0.004831 1.000000
9.395028 -14.175773 -3640.567934
7.803824 -14.460276 -9693.624030
0.017929 -0.028425 1.000000
0.622905 -2.201821 234.233965
1.393791 -2.865571 -442.263171
0.002670 -0.005882 1.000000
-49.831636 40.775725 57350.872126
-78.137880 86.212481 55181.757509
-0.159546 0.172998 1.000000
-0.482008 -1.165053 1261.396239
-0.177388 -0.433622 -8.130763
-0.000517 -0.001683 1.000000
-0.305424 -1.313004 194.096891
-0.138907 -0.523040 -306.963902
-0.000387 -0.002162 1.000000
-1.711848 0.924735 1869.996812
-0.547060 0.188171 -370.430745
-0.002433 0.001057 1.000000
0.153260 -2.264465 1992.469305
-0.077230 -1.452942 1108.691813
0.000031 -0.003810 1.000000
-0.789228 -0.561829 -23.039672
-0.376539 -0.218918 848.982760
-0.001430 -0.000767 1.000000
-7.442021 11.903307 251.667023
-3.651008 7.177178 6914.834705
-0.013194 0.018742 1.000000
0.898074 -2.600240 1276.752065
0.873081 -2.716270 -755.458352
0.001838 -0.005455 1.000000
0.497000 -2.030251 968.314067
0.377614 -1.824819 -304.078187
0.000809 -0.003980 1.000000
-0.258486 -0.827296 450.867637
-0.334051 -1.009589 271.131584
-0.000599 -0.001753 1.000000
0.402008 -1.678699 875.778684
0.137068 -1.710790 -486.335161
0.000472 -0.003383 1.000000
0.695335 -2.798590 1031.418945
0.857457 -2.417915 -689.914740
0.001340 -0.005060 1.000000
5.584438 -12.841299 -2487.377571
3.803065 -7.266419 -5756.927258
0.013806 -0.023095 1.000000
1.751399 -3.937475 3259.614405
1.033834 -3.193025 -2419.256605
0.002854 -0.007429 1.000000
-0.416918 -1.298105 415.127687
-0.234160 -1.129407 -7.217241
-0.000511 -0.002320 1.000000
2.356055 -5.907698 -2557.463279
1.161229 -2.846826 -996.145680
0.004208 -0.009298 1.000000
0.683502 -2.810609 -645.267756
0.841498 -2.628393 -563.115003
0.001725 -0.005462 1.000000
-0.227580 -0.770045 327.280481
-0.134110 -0.526220 69.478243
-0.000485 -0.001578 1.000000
-0.184786 -1.121838 551.917174
-0.110120 -1.132113 -289.526261
-0.000093 -0.002707 1.000000
-0.106081 -0.930679 310.288841
-0.092588 -0.734426 155.874795
-0.000178 -0.001944 1.000000
-0.305620 -1.109306 445.377679
-0.112636 -0.822161 -609.063488
-0.000434 -0.002331 1.000000
1.425088 -3.374556 -907.143841
0.471360 -2.885025 -1288.333133
0.002183 -0.006509 1.000000
0.022615 -1.386405 551.842801
-0.020201 -0.739321 67.107505
-0.000058 -0.002311 1.000000
1.059722 -2.953430 581.635404
1.238294 -2.563209 -791.265496
0.002285 -0.006143 1.000000
0.380977 -2.114830 555.250761
0.313232 -1.867783 -79.270235
0.000708 -0.003921 1.000000
0.427580 -1.774288 -244.604537
0.220132 -1.395253 -254.784810
0.000391 -0.003311 1.000000
-1.453863 0.386936 -727.957041
-1.052872 0.509489 1062.506805
-0.002809 0.000765 1.000000
-4.005426 5.214661 -6140.948517
-3.629672 5.720450 3545.913731
-0.010772 0.012069 1.000000
