3.557681 -6.873275 -2535.724153
0.983475 -2.395766 -2069.342694
0.005505 -0.012480 1.000000
-0.574245 -0.341375 -741.184755
-0.437717 -0.214292 -494.032935
-0.001459 -0.000827 1.000000
2.889759 -5.304360 1498.500025
1.748120 -4.455080 -4459.676566
0.007384 -0.014030 1.000000
6.620796 -12.105425 -3060.700108
3.672887 -13.782822 -2092.714311
0.014162 -0.029728 1.000000
0.239633 -1.676396 -524.651710
0.153889 -1.715369 -588.534225
0.000111 -0.004031 1.000000
-0.009646 -1.505644 -3.916459
0.098380 -1.494421 24.746933
0.000176 -0.004171 1.000000
0.449096 -1.885354 -13.980002
0.111489 -1.922055 -319.379786
0.000258 -0.003996 1.000000
1.447669 -4.381124 -1348.112333
1.163711 -3.459860 -2014.307381
0.002248 -0.008097 1.000000
0.101664 -1.413811 787.677575
0.269401 -1.531972 -761.045140
0.000328 -0.003673 1.000000
1.428815 -3.610913 1170.585275
0.477771 -2.415743 -660.681975
0.001925 -0.006571 1.000000
0.247720 -1.900012 359.382485
0.096434 -1.468364 -713.621840
0.001078 -0.004918 1.000000
0.105758 -1.629841 -170.185204
0.097786 -1.868309 -189.985853
0.000383 -0.004464 1.000000
-0.024936 -1.864123 1043.307578
-0.102012 -1.479762 -278.367695
0.000360 -0.003524 1.000000
3.243079 -10.598218 -2206.825044
3.757046 -8.487690 -4094.561388
0.008474 -0.019024 1.000000
0.222478 -2.075156 559.957732
0.109825 -1.262770 -543.019017
0.000245 -0.003511 1.000000
0.225794 -2.525285 179.074714
0.700876 -3.445126 -659.338953
0.001128 -0.006162 1.000000
0.465651 -2.252796 -220.774394
0.676785 -2.443914 -1220.257510
0.001095 -0.005813 1.000000
0.602273 -1.915261 -105.136378
0.640345 -1.925862 -1317.567824
0.001575 -0.005373 1.000000
2.042492 -6.350707 -2376.067987
1.679252 -4.724988 -2244.609630
0.005263 -0.012895 1.000000
0.175146 -1.488218 -281.559008
0.093013 -1.520663 -417.552283
0.000186 -0.003363 1.000000
2.005734 -4.360454 -1313.833199
1.656468 -4.418679 -1451.081341
0.004222 -0.009902 1.000000
-0.503871 -1.145031 998.966953
-0.273259 -0.831114 -199.770568
-0.000692 -0.002043 1.000000
1.947775 -5.027747 -2718.503062
2.044602 -7.378266 -1065.974012
0.004274 -0.011139 1.000000
0.649454 -3.309539 -390.789745
0.625825 -2.165081 -2121.730971
0.001783 -0.006351 1.000000
6.151260 -13.051294 3416.190303
4.760671 -13.417272 -8078.049721
0.012370 -0.030990 1.000000
0.319540 -1.158081 220.418121
-0.119474 -1.486936 -405.956027
0.000166 -0.004084 1.000000
0.260610 -2.127982 -719.208436
0.440776 -2.120094 31.660124
0.002021 -0.006196 1.000000
0.010220 -2.065503 -245.709333
-0.037367 -2.024783 -313.705654
0.000111 -0.004518 1.000000
-0.253150 -1.468739 93.419292
-0.188933 -1.524410 65.458741
-0.000456 -0.003145 1.000000
-1.075880 0.242554 72.767485
-1.246761 0.250769 1729.727192
-0.003050 0.000566 1.000000
-0.273743 -0.843528 662.113529
-0.298922 -0.741452 -62.614412
-0.000944 -0.001834 1.000000
5.726332 -18.252457 -417.843741
7.569925 -18.669802 -7369.732576
0.012880 -0.033848 1.000000
-1.219351 2.210749 1503.960914
-1.485352 1.581629 1044.426519
-0.004715 0.004294 1.000000
0.498670 -3.496336 -1621.089086
0.774086 -2.253716 -973.952360
0.001533 -0.006956 1.000000
-0.630845 -0.162826 1855.648429
-0.709910 -0.476837 265.655091
-0.001815 -0.000636 1.000000
1.107855 -3.380141 1231.737815
0.750489 -3.214782 -809.540002
0.003039 -0.008633 1.000000
1.402105 -3.488784 2007.588334
0.958702 -2.774275 -830.954756
0.002481 -0.007006 1.000000
46.919768 -93.526434 24708.931643
31.454742 -53.454896 -32416.651551
0.115213 -0.171765 1.000000
0.275228 -1.922763 -115.440514
0.032350 -1.486416 -960.958245
0.000482 -0.004223 1.000000
1.302585 -3.084404 1932.583367
0.099064 -3.052143 -498.431242
0.002319 -0.008971 1.000000
-0.209282 -1.350976 618.006809
-0.278426 -1.113885 -59.166126
-0.000633 -0.002477 1.000000
-0.002294 -1.011394 94.783339
-0.047258 -0.789091 -334.645859
-0.000406 -0.002567 1.000000
-0.085956 -0.770966 169.173252
-0.225853 -0.675088 -0.030181
-0.000631 -0.002168 1.000000
0.447738 -2.554632 683.610312
0.086416 -2.092606 -207.291999
0.000801 -0.004851 1.000000
0.196682 -3.484827 633.416389
0.538652 -3.404463 -121.369979
0.000888 -0.006361 1.000000
-0.252496 -1.253658 278.867994
-0.268234 -0.785386 136.245893
-0.000691 -0.002182 1.000000
1.159969 -1.969541 641.099473
0.782799 -1.150889 -159.249404
0.001535 -0.004548 1.000000
-0.265137 -2.111714 336.676680
-0.176236 -2.397534 171.201785
-0.000538 -0.004050 1.000000
-0.691019 -0.540465 178.710364
-0.565296 -0.649395 285.936018
-0.001399 -0.001266 1.000000
-0.168060 -1.468130 168.455463
-0.146228 -1.311767 120.918150
-0.000604 -0.002795 1.000000
-0.863928 0.085274 -232.266519
-0.592013 -0.041427 257.609878
-0.001917 0.000016 1.000000
-0.667693 -0.621452 -152.699365
-0.462851 -0.554628 97.516170
-0.001506 -0.001247 1.000000
-0.025174 -1.982806 88.681926
-0.181487 -1.364888 -13.149655
-0.000310 -0.003447 1.000000
-1.171066 0.053892 73.222505
-0.943928 0.183119 399.674538
-0.002161 0.000365 1.000000
0.037666 -0.625021 109.039689
-0.336208 -0.140752 277.029101
-0.000786 -0.000917 1.000000
0.128933 -0.590528 136.176256
-0.268999 -0.200128 319.352120
-0.000641 -0.001048 1.000000
1.256361 0.301727 -114.971118
-0.025396 1.629990 -95.111143
-0.000050 0.000465 1.000000
1.477192 -0.266867 -229.742567
0.247890 1.069076 -15.380277
0.000410 -0.000555 1.000000
0.818617 -0.749297 62.519174
0.059596 -0.018576 229.665662
-0.000009 -0.001442 1.000000
0.639436 -0.578539 51.098107
-0.075506 0.009944 283.769469
-0.000258 -0.001303 1.000000
1.101252 0.314566 -54.352308
-0.027439 1.548634 -126.604622
-0.000268 0.000501 1.000000
0.567706 -0.771526 137.367422
0.036586 -0.191780 242.062829
-0.000162 -0.001565 1.000000
0.540249 -0.078524 113.626830
-0.094020 1.041516 -33.554910
-0.000540 0.000032 1.000000
0.966156 -0.132194 5.552634
0.003563 0.853301 234.105730
-0.000006 -0.000180 1.000000
1.000000 -0.000000 0.000000
-0.000000 1.000000 -0.000000
-0.000000 -0.000000 1.000000
0.782271 -0.066332 53.440772
-0.011886 0.971839 138.253627
-0.000142 0.000104 1.000000
0.513816 0.097518 112.990074
-0.158017 1.166938 164.738221
-0.000461 0.000343 1.000000
0.253058 -0.797014 170.052740
-0.218065 -0.184462 283.141690
-0.000472 -0.001437 1.000000
0.542654 -0.446353 132.749966
-0.047086 0.482039 6.200065
-0.000259 -0.000825 1.000000
-0.715963 -0.229221 8.198311
-0.768549 0.028295 329.900698
-0.001774 -0.000402 1.000000
1.002115 -0.014592 46.005305
-0.204969 2.027127 145.854611
-0.000321 0.001379 1.000000
1.445112 -3.403503 1176.935535
1.965178 -5.432369 -127.942152
0.003767 -0.009766 1.000000
0.813696 -0.291480 41.997919
-0.164203 1.238586 -23.231416
-0.000204 -0.000205 1.000000
0.592508 -2.402830 489.120181
0.328836 -1.041110 -715.497490
0.000968 -0.004166 1.000000
-0.106323 -1.707556 207.664516
-0.096020 -1.532371 162.717930
-0.000420 -0.003223 1.000000
-0.734935 -0.219889 -415.788207
-0.656243 -0.068125 413.314371
-0.001947 -0.000119 1.000000
0.188540 -1.708171 641.625546
0.166972 -1.718791 33.148762
0.000576 -0.004040 1.000000
0.052380 -1.385771 598.224039
0.139799 -1.306512 8.646537
0.000259 -0.003339 1.000000
-0.522664 -0.983219 288.271278
-0.224168 -0.431276 77.351333
-0.000789 -0.001686 1.000000
0.010747 -1.144632 460.676235
0.083605 -1.630923 127.951027
-0.000002 -0.003167 1.000000
0.157751 -1.486820 565.955134
0.229250 -1.529435 -1.396958
0.000417 -0.003529 1.000000
-0.017927 -1.127513 317.514440
0.000743 -0.934495 -21.476469
-0.000182 -0.002452 1.000000
0.192254 -1.387592 419.139128
0.148055 -1.246120 -41.123742
0.000200 -0.002995 1.000000
1.703719 -6.291742 8761.284805
9.028953 -14.651421 -394.382561
0.016198 -0.029480 1.000000
0.217806 -1.861149 177.806085
0.181719 -1.863383 -251.073112
0.000561 -0.004762 1.000000
1.115507 -3.007930 452.095438
0.438498 -2.016008 -535.598265
0.001485 -0.005389 1.000000
-0.336302 -0.938870 1175.195238
-0.348481 -0.807330 -198.829502
-0.000903 -0.002054 1.000000
-0.441438 -1.267766 1282.777126
-0.311218 -1.333350 71.782709
-0.000758 -0.002721 1.000000
0.578848 -1.669379 -357.196023
0.302376 -2.240042 -264.021674
0.001168 -0.005488 1.000000
-0.281801 -1.420478 845.926053
-0.176434 -1.330232 141.624165
-0.000363 -0.002722 1.000000
-0.249835 -1.195485 623.899285
0.025309 -1.122166 26.149752
-0.000007 -0.002688 1.000000
0.044644 -1.208999 513.876963
-0.266532 -1.465875 248.214917
-0.000287 -0.002865 1.000000
-0.008779 -2.095755 934.104025
-0.057466 -2.083359 -98.140340
-0.000122 -0.003915 1.000000
-0.127210 -1.050152 504.805414
-0.134212 -1.042049 -81.915636
-0.000528 -0.002621 1.000000
-0.221380 -1.000664 656.729800
-0.055966 -0.867471 -95.677215
-0.000311 -0.002636 1.000000
-1.046752 -0.065403 1583.162479
-0.832576 -0.362724 391.877932
-0.001944 -0.000697 1.000000
0.956211 -2.819836 142.756075
0.421088 -2.805187 -296.804629
0.001105 -0.005379 1.000000
-0.127196 -1.636496 1038.775287
-0.019114 -2.022762 8.452115
-0.000195 -0.003894 1.000000
-0.328571 -1.280683 899.697532
-0.303326 -1.323961 131.373609
-0.000578 -0.002626 1.000000
0.264503 -2.353403 496.525737
0.040176 -1.734136 -356.625300
0.000434 -0.004202 1.000000
-0.433675 -1.361599 682.105153
-0.145605 -1.036225 -92.852678
-0.000436 -0.002389 1.000000
-0.372364 -1.142014 399.464808
-0.182777 -1.452341 25.995523
-0.000538 -0.002539 1.000000
-0.200938 -1.407529 470.964055
-0.182156 -1.458513 167.942476
-0.000357 -0.002605 1.000000
68.199986 -74.709088 36248.186044
41.107915 -44.378769 -18639.913320
0.103048 -0.120129 1.000000
1.591977 -4.527375 1078.806551
1.775419 -3.951243 -2102.945946
0.003579 -0.009080 1.000000
-1.267898 0.999240 -1111.556380
-0.914571 0.593817 2684.181391
-0.002986 0.002526 1.000000
3.986598 -14.151887 -3223.489499
3.215703 -9.621951 -5430.458997
0.009694 -0.025656 1.000000
7.980283 -10.194169 -1241.443727
4.094369 -9.030930 -6583.961839
0.010547 -0.021437 1.000000
-0.601450 -0.824673 543.342076
-0.337348 -0.646377 -56.728669
-0.000941 -0.001369 1.000000
0.161468 -1.530753 867.997742
0.149701 -1.288208 -110.880090
0.000511 -0.003344 1.000000
-0.079908 -1.304753 426.431464
0.072823 -0.992390 -60.965507
0.000081 -0.002936 1.000000
0.333552 -2.828498 905.548080
0.562909 -3.620783 -247.021380
0.001510 -0.007565 1.000000
-0.085355 -1.700284 401.095820
-0.167374 -1.317214 40.452511
-0.000163 -0.003240 1.000000
0.181832 -8.839705 1801.235615
2.586904 -11.863826 -652.679689
0.004840 -0.020139 1.000000
0.424203 -0.333080 133.796146
-0.148079 0.222147 194.003460
-0.000277 -0.000848 1.000000
0.022425 -1.715159 -58.632013
0.017366 -1.544604 -93.092977
0.000705 -0.004258 1.000000
-0.227067 -2.062084 250.989507
-0.171593 -2.157928 -298.080577
-0.000142 -0.004303 1.000000
-0.342098 -1.337084 732.951304
-0.174265 -1.050759 -100.311121
-0.000415 -0.002592 1.000000
-0.254461 -0.701090 655.388250
-0.230416 -0.869034 -110.881429
-0.000615 -0.002114 1.000000
-0.055187 -1.760870 587.120198
-0.233489 -1.849656 -139.201172
-0.000485 -0.003416 1.000000
0.606335 -3.613489 253.652010
0.482884 -2.674798 -344.432674
0.000792 -0.005562 1.000000
0.184526 -1.861230 807.787155
0.019866 -1.684551 -621.201601
0.000396 -0.003617 1.000000
-0.050948 -1.627581 837.278186
-0.244563 -1.596391 -294.521611
-0.000350 -0.003440 1.000000
-0.230211 -1.346101 818.566096
-0.164263 -1.275116 -38.513062
-0.000285 -0.002742 1.000000
2.156326 -4.608369 1218.026094
1.138274 -3.977002 -1953.045846
0.003274 -0.009511 1.000000
-0.138115 -1.044602 1160.851752
-0.115479 -1.515410 -139.437646
-0.000096 -0.003689 1.000000
1.701671 -4.290319 1088.747149
0.470361 -2.180491 -849.852187
0.002912 -0.007444 1.000000
0.402692 -1.974232 576.607455
-0.035277 -1.829644 -261.237231
-0.000148 -0.003647 1.000000
-0.064879 -1.371987 408.116532
0.090372 -2.100086 -101.984607
-0.000007 -0.003615 1.000000
0.387604 -2.149488 648.460808
-0.180291 -2.134567 11.784551
-0.000070 -0.004103 1.000000
0.393623 -2.638151 237.346595
0.108641 -2.026774 -793.674441
0.000588 -0.004820 1.000000
1.099317 -3.795674 1050.939383
2.123156 -5.493090 -2315.700118
0.003723 -0.010332 1.000000
0.095841 -1.478105 -535.081433
0.104563 -1.695957 -377.437690
-0.000015 -0.003678 1.000000
0.472444 -3.217195 -832.408758
0.302790 -2.158568 -709.264905
0.000884 -0.005149 1.000000
0.199835 -2.598626 381.246041
-0.024916 -1.715380 -157.174557
0.000043 -0.004023 1.000000
1.305233 -4.846780 -187.852964
0.162741 -2.941500 -499.447855
0.001156 -0.006980 1.000000
-0.286266 -1.686726 573.116062
-0.153659 -1.331372 48.092688
-0.000428 -0.002919 1.000000
0.082515 -2.731839 490.996243
-0.133154 -2.818570 25.292026
-0.000212 -0.004899 1.000000
0.428750 -2.150074 342.171884
0.133965 -1.501141 -270.704365
0.000395 -0.004299 1.000000
5.941441 -11.981273 -54.846293
3.103520 -5.046695 -4696.122904
0.008363 -0.018067 1.000000
0.230847 -2.113388 915.121444
-0.173330 -1.538399 12.814565
-0.000237 -0.003670 1.000000
0.105798 -1.700453 1119.150252
0.089452 -1.222941 -153.458120
0.000163 -0.003622 1.000000
-0.168823 -1.320102 1058.604149
-0.193515 -0.988716 205.109943
-0.000380 -0.002708 1.000000
0.014088 -1.697157 3505.487892
-0.105049 -0.908138 340.249531
-0.000266 -0.002802 1.000000
-0.314287 -1.499351 677.536007
-0.319079 -0.978197 -115.605728
-0.000574 -0.002487 1.000000
2.385968 -4.563574 1542.255728
1.197823 -3.912258 -1211.154166
0.003875 -0.009563 1.000000
-0.070223 -1.232063 1033.101374
-0.002552 -1.190554 -599.125359
0.000036 -0.003140 1.000000
-0.264288 -2.010822 1026.724199
-0.012370 -1.505879 -262.299602
-0.000234 -0.003602 1.000000
0.113623 -2.574294 -214.907679
0.206189 -2.563666 -63.076438
0.000738 -0.005070 1.000000
1.091266 -3.298477 -850.258392
1.204478 -2.484512 -1984.946091
0.002412 -0.006433 1.000000
18.205430 -29.981378 3955.052190
11.052390 -23.774640 -21762.720461
0.032755 -0.056928 1.000000
-4.015808 4.653675 -2308.311668
-2.076805 2.063187 1540.209110
-0.005817 0.006245 1.000000
-0.116376 -2.342316 1887.973684
-0.111481 -0.891147 1356.954222
-0.000270 -0.003131 1.000000
-0.084516 -2.003654 1639.188195
-0.008474 -0.714182 198.963697
-0.000022 -0.003520 1.000000
707.642963 -1332.059976 999240.656021
473.323282 -892.599539 -1176796.752484
1.312844 -2.439234 1.000000
0.901130 -2.802052 1233.222775
0.128980 -1.118971 -76.709043
0.001030 -0.004497 1.000000
-0.313401 -1.184719 924.545545
-0.143142 -1.274382 79.791021
-0.000596 -0.002950 1.000000
-0.854436 -0.859004 886.618008
-0.472799 -0.535342 -61.339753
-0.001397 -0.000988 1.000000
-11.462975 19.155439 -1503.318042
-6.820574 11.873681 6557.810749
-0.015843 0.029575 1.000000
0.150388 -1.652873 399.411967
-0.172266 -2.007151 90.452589
-0.000265 -0.003413 1.000000
1.976310 -4.367232 776.002545
0.547521 -2.712490 -587.222542
0.002469 -0.007170 1.000000
0.465282 -2.138862 600.321782
0.108331 -1.258615 -577.183281
0.000337 -0.003868 1.000000
0.415460 -3.371151 741.999659
1.664293 -5.360902 -1122.863367
0.003641 -0.011874 1.000000
-0.344581 -1.260266 215.054068
-0.168223 -1.346902 9.134454
-0.000225 -0.003113 1.000000
0.301090 -2.035538 -272.785318
0.849461 -3.340686 -1357.809557
0.002868 -0.007980 1.000000
-0.011036 -1.018280 232.947214
-0.034613 -1.261009 -168.384764
-0.000047 -0.003273 1.000000
-0.473161 -0.930105 -681.884652
-0.398772 -0.969099 856.089417
-0.000740 -0.002027 1.000000
-0.038232 -0.934748 26.253353
-0.268498 -0.928122 64.112547
-0.000553 -0.002398 1.000000
0.916004 -1.991332 489.898799
0.556940 -1.336620 -185.105523
0.001475 -0.004326 1.000000
-0.101267 -4.734636 1247.494516
1.084403 -5.771985 -328.655394
0.001853 -0.011253 1.000000
0.060778 -1.122424 74.288727
-0.118083 -1.120430 -45.469830
-0.000242 -0.002464 1.000000
-0.143536 -1.603861 231.319357
-0.426057 -1.597796 -883.004390
-0.000578 -0.003220 1.000000
-0.043159 -1.574847 -135.509127
0.457559 -2.151268 -375.071102
0.001031 -0.005593 1.000000
-0.199164 -0.950285 130.168687
0.064060 -1.450345 -101.681892
-0.000199 -0.002810 1.000000
-0.526421 -0.826615 250.857192
-0.381150 -0.972130 95.728040
-0.001162 -0.001669 1.000000
-0.343575 -1.215661 559.253357
-0.032875 -1.345284 -371.625902
-0.000303 -0.002897 1.000000
0.485504 -2.806543 -216.078916
0.288071 -2.561721 -317.473583
0.000812 -0.005371 1.000000
0.037485 -1.734404 36.708426
-0.098653 -1.234429 1.860834
0.000129 -0.003448 1.000000
-0.200316 -1.338272 231.999558
-0.471318 -1.600420 157.352375
-0.000553 -0.003100 1.000000
-0.218326 -1.368767 152.841934
-0.140731 -1.593159 92.259369
-0.000417 -0.003294 1.000000
0.175339 -2.710283 197.159341
-0.117968 -1.900330 -104.475052
-0.000198 -0.004119 1.000000
0.669318 -3.817541 96.861072
0.562563 -3.497518 -970.210458
0.001737 -0.007322 1.000000
0.829040 -2.409147 488.133445
0.676222 -2.122502 -544.706477
0.001662 -0.005663 1.000000
1.115022 -2.842470 1268.781567
0.304818 -1.208892 -640.673972
0.001552 -0.004934 1.000000
0.503400 -2.908271 945.951223
0.296758 -1.997295 -491.745615
0.000755 -0.005297 1.000000
-0.490133 -0.470408 450.519564
-0.583937 -0.682852 -155.267871
-0.001339 -0.001267 1.000000
-0.024014 -1.809762 -729.083284
0.074419 -1.140523 -361.855432
0.000345 -0.004265 1.000000
0.451610 -1.788006 52.813720
0.405197 -1.803661 -521.739555
0.001352 -0.004972 1.000000
0.630719 -4.992480 -1083.232202
0.049029 -2.486964 -882.356401
0.001813 -0.007340 1.000000
0.242981 -2.425948 353.334617
0.122489 -2.459321 -480.428371
0.000366 -0.004763 1.000000
-0.407193 -1.027297 -0.392708
-0.443934 -1.335204 194.878251
-0.000746 -0.002377 1.000000
2.992141 -7.789717 -3639.458658
1.400822 -5.991546 -2082.244404
0.006705 -0.017311 1.000000
0.891841 -3.846828 -169.656309
0.579976 -2.875083 -887.032218
0.002460 -0.008062 1.000000
-0.016347 -1.071304 102.849486
-0.342813 -0.770878 -110.433584
-0.000548 -0.002653 1.000000
-4.114025 5.823964 -1272.323001
-3.508132 5.159657 5170.509066
-0.009819 0.012804 1.000000
-0.463963 -0.984834 682.222442
-0.439767 -0.956199 -98.397502
-0.000891 -0.001747 1.000000
0.020420 -2.019579 229.337377
0.110059 -1.555984 -441.543517
-0.000000 -0.003144 1.000000
-0.827585 -0.623094 -648.724522
-0.747554 -0.423562 -123.606452
-0.001631 -0.000853 1.000000
-0.525842 -0.665601 173.469562
-0.416341 -0.844861 -28.811958
-0.000875 -0.001550 1.000000
0.638838 -2.774547 228.490241
0.223308 -1.515920 -653.752982
0.001016 -0.004472 1.000000
-0.936406 -0.522122 -273.771630
-0.803925 -0.174220 143.780469
-0.001754 -0.000400 1.000000
-1.766294 0.817148 -353.116130
-1.668022 0.396373 -151.115541
-0.003403 0.001935 1.000000
0.213382 -3.113138 1196.379171
-0.128613 -0.955400 -296.558081
0.000296 -0.003878 1.000000
-1.558282 0.340647 -921.069318
-0.935400 -0.030318 801.267893
-0.002316 0.000399 1.000000
0.454988 -2.913400 814.376205
-0.020886 -1.573255 -98.190409
0.000259 -0.004137 1.000000
-0.281854 -2.260056 913.423783
0.026153 -1.947788 -258.072638
-0.000320 -0.003619 1.000000
-0.089525 -1.887695 732.354006
-0.148175 -1.884687 -84.401963
-0.000262 -0.003787 1.000000
-0.167105 -2.902337 1050.094085
-0.012389 -1.621816 -310.084116
-0.000190 -0.003795 1.000000
-0.465963 -2.006723 926.196065
-0.173849 -1.490841 38.225194
-0.000564 -0.003037 1.000000
0.523651 -2.639303 979.055226
0.039086 -2.097825 3.787954
0.000799 -0.005122 1.000000
-0.056408 -1.239004 53.692121
-0.329634 -1.119104 -351.547775
-0.000286 -0.002754 1.000000
0.228486 -2.181245 290.144524
-0.204164 -1.852548 -692.713223
0.000302 -0.004591 1.000000
-0.010357 -2.176343 766.494115
0.297120 -2.140731 -899.254473
-0.000121 -0.003857 1.000000
-0.233367 -1.014036 910.242286
-0.173210 -1.401043 -34.811759
-0.000256 -0.002694 1.000000
5.575327 -12.548565 3278.309750
2.546541 -9.975309 -1327.261244
0.007647 -0.017139 1.000000
-0.610241 -1.640128 1296.639438
-0.255985 -1.233320 -27.594193
-0.000825 -0.002985 1.000000
-0.405793 -1.268733 1643.927016
-0.153615 -0.621719 372.825831
-0.000801 -0.002636 1.000000
-0.312077 -0.959990 -818.705047
-0.340003 -0.712924 27.068116
-0.000733 -0.001956 1.000000
-0.179008 -1.261742 1817.022836
-0.396846 -1.078061 829.272558
-0.000591 -0.002265 1.000000
-1.739155 1.647816 601.074482
-2.157584 2.859088 2057.755994
-0.004883 0.005561 1.000000
-0.548735 -2.054284 592.677608
-0.211124 -1.597715 29.065897
-0.000674 -0.002922 1.000000
0.179771 -2.047097 2688.545759
0.305712 -2.319839 2074.152809
0.001119 -0.005400 1.000000
1.538599 -5.356569 2997.877119
0.606476 -5.082419 -663.046804
0.002962 -0.011896 1.000000
-1.048731 -0.724698 -790.528766
-0.575037 -0.565675 18.947331
-0.001808 -0.001252 1.000000
-0.096498 -1.271767 281.183026
-0.066973 -0.916611 -110.775978
-0.000367 -0.002610 1.000000
-13.205996 26.597338 -17445.141095
-11.369350 18.973389 18126.757774
-0.031836 0.051039 1.000000
2.201392 -7.149001 995.343807
1.198275 -4.689625 -1353.874904
0.003414 -0.010111 1.000000
-0.416940 -1.706636 1263.463122
-0.295031 -1.071921 99.531290
-0.000595 -0.002619 1.000000
0.762537 -3.814765 1208.633505
0.079042 -2.867898 -645.485298
0.001704 -0.007560 1.000000
0.367923 -2.929498 1367.267433
-0.271617 -2.870500 -312.622008
0.000266 -0.006188 1.000000
3.114597 -9.904491 5452.036205
5.996059 -14.807677 -5070.964832
0.013267 -0.030196 1.000000
0.293240 -2.583345 -88.951477
0.697354 -4.385571 -1003.643127
0.002329 -0.009321 1.000000
-0.418939 -0.723369 2072.019799
-0.500258 -0.740683 -532.271491
-0.001069 -0.001994 1.000000
0.301446 -2.969885 849.914166
-0.183542 -1.909582 -281.351063
-0.000115 -0.004471 1.000000
-0.262280 -2.059495 871.607243
-0.097903 -1.359397 -545.211278
-0.000244 -0.003613 1.000000
1.722922 -5.477075 883.970839
0.619118 -3.098773 -2428.979129
0.002911 -0.010359 1.000000
-0.589800 -0.438052 -147.587952
-0.531234 -0.473761 278.590437
-0.001254 -0.000918 1.000000
-2.213968 1.404949 2878.837991
-1.068149 0.525109 1223.658911
-0.003754 0.001984 1.000000
-3.746345 3.736646 5063.210982
-3.759985 3.008912 1808.952121
-0.007579 0.008506 1.000000
-0.154869 -2.008235 1089.302761
-0.029135 -1.073122 -112.936444
-0.000362 -0.003057 1.000000
0.871990 -2.580687 995.057297
0.298734 -1.636538 -700.407343
0.000970 -0.004488 1.000000
0.465535 -3.625101 1528.839019
0.041138 -2.154621 -574.483477
0.000941 -0.005392 1.000000
0.168651 -2.242116 328.845984
0.214912 -1.398083 -166.070289
0.000083 -0.003674 1.000000
-0.060561 -2.300159 973.612631
-0.086643 -1.581090 -209.523041
-0.000137 -0.003401 1.000000
-0.068951 -2.044366 945.795632
-0.217996 -1.371252 -143.640299
-0.000398 -0.003061 1.000000
-0.162167 -1.229928 676.986955
-0.474315 -1.228351 66.213834
-0.000780 -0.002548 1.000000
0.117781 -2.300440 184.953367
-0.236183 -2.423731 96.879368
-0.000232 -0.004147 1.000000
0.443512 -1.822364 283.378730
-0.014711 -1.397725 40.894382
0.000418 -0.003449 1.000000
0.362956 -2.295177 639.723421
0.116038 -2.395791 -140.229066
0.000359 -0.004439 1.000000
0.030735 -2.078304 -702.807350
0.195120 -1.754523 -694.684447
0.000154 -0.004358 1.000000
0.240544 -2.929160 711.698125
0.149602 -2.495695 -212.867692
0.000583 -0.005448 1.000000
-4.182018 6.862380 -2431.310950
-2.773181 4.084163 3100.632318
-0.008212 0.011916 1.000000
-0.131421 -1.766936 788.333089
-0.215631 -1.198755 -92.171234
-0.000491 -0.003104 1.000000
0.274441 -2.004345 223.860494
0.277431 -1.810912 -214.980609
0.000258 -0.003865 1.000000
-0.297064 -1.632139 345.627513
-0.209758 -1.426676 -111.616762
-0.000412 -0.003058 1.000000
-0.518543 -0.782798 1459.997569
-0.717070 -0.894250 343.470525
-0.001321 -0.001388 1.000000
-0.275110 -1.099583 606.339682
-0.454348 -2.120402 122.522185
-0.000502 -0.003817 1.000000
0.265322 -3.124069 1050.353341
0.100258 -3.629890 -87.829594
0.000784 -0.006742 1.000000
-0.224365 -1.873137 1390.523056
-0.125244 -1.238333 -36.818944
-0.000074 -0.003306 1.000000
0.217637 -1.627414 521.081946
0.236211 -1.330341 -311.673047
0.000508 -0.004262 1.000000
0.111516 -1.778983 1072.253731
-0.061112 -1.219300 -47.999065
0.000040 -0.003285 1.000000
0.552507 -3.315860 844.929876
0.119960 -2.038082 -235.697653
0.000975 -0.005548 1.000000
-0.597552 -0.821750 915.955717
-0.202349 -0.797559 104.882216
-0.000937 -0.001789 1.000000
0.107134 -2.688500 616.224095
0.089294 -1.611323 -267.969488
0.000373 -0.004460 1.000000
-0.227138 -1.842773 -89.316433
-0.379396 -1.354492 41.002899
-0.000345 -0.002933 1.000000
16.386376 -33.776485 289.969313
8.594957 -17.800328 -11624.002941
0.021404 -0.045201 1.000000
1.008809 -5.823166 595.957988
0.508156 -4.828500 -639.591674
0.001673 -0.009271 1.000000
2.085111 -6.505856 -871.880440
1.125679 -4.647349 -1033.578884
0.003238 -0.010893 1.000000
-0.105842 -1.745603 730.679072
-0.109247 -1.568739 -172.377981
-0.000242 -0.003293 1.000000
0.046972 -1.207080 241.129718
-0.033673 -0.661899 -295.754364
0.000382 -0.003040 1.000000
0.284327 -2.413036 -260.995407
0.373561 -2.072930 -141.454109
0.001551 -0.005545 1.000000
0.458440 -2.312161 1079.608410
0.536977 -1.948377 -915.570596
0.000966 -0.004948 1.000000
1.204799 -4.876330 -7.612768
0.320797 -3.252294 -274.386657
0.001060 -0.006761 1.000000
0.369971 -2.035069 802.767843
0.270984 -1.897476 -851.963682
0.001071 -0.004873 1.000000
-0.213718 -2.004936 285.081635
-0.287670 -1.545528 14.277119
-0.000171 -0.003562 1.000000
-0.156348 -2.159053 352.071275
0.067883 -2.627683 -52.768608
0.000349 -0.005007 1.000000
0.168596 -1.764947 -254.821509
0.376989 -2.180427 -515.898490
0.001868 -0.005822 1.000000
-1.101076 -0.580609 1779.197006
-0.988209 -0.389957 599.668990
-0.002073 -0.000353 1.000000
0.130927 -1.639285 219.242529
-0.192186 -1.737272 -34.206337
-0.000454 -0.003404 1.000000
-0.109259 -1.318610 272.019511
-0.147080 -1.092769 -164.867062
-0.000331 -0.002576 1.000000
22.767735 -44.569432 10173.024995
10.207995 -35.815917 -12997.006065
0.033618 -0.081321 1.000000
0.274755 -2.961667 208.208731
-0.063576 -3.109995 -367.841485
0.000929 -0.006248 1.000000
0.792933 -2.329478 -92.120865
0.141421 -2.063819 -762.044999
0.000955 -0.005132 1.000000
0.677072 -3.563171 615.279458
0.436966 -3.340089 -1048.651102
0.001349 -0.006246 1.000000
0.175898 -2.334785 97.416011
0.054405 -1.971999 -509.040562
0.000199 -0.004313 1.000000
