0.724680 -0.649644 131.395099
-0.035496 0.486586 -0.520355
-0.000076 -0.001112 1.000000
-0.164234 -0.537700 107.700139
-0.349425 -0.159250 190.018946
-0.001044 -0.001088 1.000000
0.938262 -1.108371 178.931331
0.143366 -0.053604 -22.097416
0.000382 -0.002063 1.000000
0.181629 -1.505281 264.598870
0.080931 -1.127789 -61.458837
0.000227 -0.003275 1.000000
0.816578 -1.720371 372.678450
0.188537 -1.096659 94.418608
0.001047 -0.003672 1.000000
0.290255 -0.472722 90.132739
-0.506595 0.105281 324.437361
-0.000666 -0.000930 1.000000
-0.146751 -0.853921 274.512717
-0.169872 -0.613427 132.544409
-0.000414 -0.001978 1.000000
-0.215294 -1.449178 346.372733
-0.009286 -1.792897 286.851176
-0.000280 -0.003232 1.000000
0.621313 -1.587382 533.025526
0.195036 -0.898984 -39.558081
0.000677 -0.003045 1.000000
0.529893 -2.008951 776.637479
0.257116 -1.245160 39.051591
0.000800 -0.003313 1.000000
-0.842674 -1.224512 687.434938
-0.120721 -1.533507 397.330759
-0.000589 -0.002472 1.000000
-0.659072 -1.812777 608.391372
0.380482 -2.717266 261.363748
-0.000007 -0.004233 1.000000
-0.309805 -1.021468 388.386055
-0.189982 -0.933606 135.835494
-0.000583 -0.002078 1.000000
-0.225973 -0.862908 291.300436
-0.024257 -0.834264 -49.933024
-0.000381 -0.002169 1.000000
0.243969 -1.419622 511.294975
-0.038995 -0.841364 -10.072696
0.000148 -0.002729 1.000000
0.670576 -0.137131 139.453391
-0.091629 0.734517 70.386263
-0.000218 -0.000298 1.000000
1.000000 0.000000 -0.000000
0.000000 1.000000 0.000000
0.000000 0.000000 1.000000
0.786079 -0.132204 129.421180
-0.138659 1.195542 -30.449371
-0.000107 -0.000006 1.000000
0.140012 -0.166306 238.969537
-0.232482 0.552228 74.077534
-0.000706 -0.000305 1.000000
1.211032 -0.326064 -13.052773
0.152837 0.600985 -9.979330
0.000432 -0.000944 1.000000
2.233305 0.458756 -357.226767
0.453355 2.093264 -365.039186
0.001313 0.000099 1.000000
-0.856707 -0.940499 500.140508
-0.310980 -0.847767 294.082214
-0.001030 -0.001389 1.000000
-0.144300 -1.450760 795.463493
0.094225 -1.678510 28.404976
0.000064 -0.003000 1.000000
0.545561 -0.203203 69.459749
-0.159052 0.459990 108.833729
-0.000330 -0.000518 1.000000
-0.046075 -2.133738 831.314099
0.487104 -3.305822 81.483559
0.001120 -0.006048 1.000000
-0.131960 -1.412573 527.247586
-0.111775 -1.741539 177.801797
-0.000102 -0.003390 1.000000
-0.099676 -0.857333 291.236046
-0.075055 -0.928349 78.865041
-0.000217 -0.002344 1.000000
0.107080 -1.469351 332.805674
0.002374 -1.076335 -9.253605
-0.000126 -0.002613 1.000000
-0.214292 -1.261111 294.843909
-0.108001 -1.282768 224.124880
-0.000336 -0.002793 1.000000
0.114008 -1.165738 484.081582
-0.202631 -1.185702 94.279163
-0.000352 -0.002562 1.000000
0.009800 -1.401658 659.851837
0.007762 -1.315651 -72.074995
-0.000016 -0.002931 1.000000
0.323109 -1.502497 286.546613
-0.061635 -1.181558 -195.625634
0.000114 -0.002983 1.000000
-0.053834 -1.154159 283.157369
0.094166 -0.946624 -533.155635
-0.000237 -0.002549 1.000000
-0.030781 -1.162423 519.054523
0.110402 -1.383785 -481.460900
0.000555 -0.003828 1.000000
-0.136051 -1.155542 264.458643
-0.154690 -0.911517 47.386893
-0.000231 -0.002459 1.000000
-0.228553 -1.196575 545.313995
-0.144707 -1.070421 -114.974594
-0.000324 -0.002616 1.000000
0.215288 -1.436955 388.248678
-0.040840 -0.942401 -213.152018
0.000297 -0.002851 1.000000
0.029531 -1.338670 214.102364
-0.019282 -1.056716 -477.742390
-0.000035 -0.002690 1.000000
0.346961 -1.728961 576.810473
0.293889 -1.323034 -423.042000
0.000401 -0.003222 1.000000
-0.351494 -0.697342 836.665549
-0.187386 -0.699293 37.841172
-0.000564 -0.002221 1.000000
0.116183 -1.429057 780.281776
0.070952 -1.221400 -132.905676
0.000199 -0.003173 1.000000
-0.445257 -0.834464 794.184179
-0.271178 -0.517322 54.358346
-0.000735 -0.001857 1.000000
-0.412577 -1.095880 842.046164
-0.311268 -0.538637 89.723694
-0.000679 -0.002005 1.000000
-0.376831 -0.759116 485.756132
-0.381640 -0.891563 105.085212
-0.000717 -0.001986 1.000000
2.707803 -2.597898 -3616.948820
1.312470 -1.731145 -1236.628351
0.005186 -0.008879 1.000000
-0.113472 -0.856431 698.157772
-0.086795 -0.681256 65.718133
-0.000494 -0.002065 1.000000
-0.343857 -0.982707 913.219742
-0.292262 -0.598610 -32.915634
-0.000601 -0.002030 1.000000
-0.686256 -0.707360 964.582390
-0.378260 -0.464510 83.084816
-0.001123 -0.001531 1.000000
-0.518653 -0.747774 822.855652
-0.392472 -0.554791 115.753704
-0.000942 -0.001815 1.000000
-0.412781 -0.953496 778.426997
-0.189898 -0.653341 90.628825
-0.000635 -0.002046 1.000000
-0.270400 -0.965439 882.296973
-0.186214 -0.509287 121.389515
-0.000407 -0.001950 1.000000
-0.315033 -0.914253 767.909276
-0.210600 -0.703607 127.519574
-0.000439 -0.002180 1.000000
-0.237937 -0.839765 756.675793
-0.159168 -0.704301 24.745869
-0.000429 -0.002140 1.000000
0.510158 -1.595382 256.257050
0.286518 -1.594013 -484.795317
0.000472 -0.004096 1.000000
-0.900958 -0.477799 1276.947665
-0.438419 -0.319650 198.154738
-0.001301 -0.001058 1.000000
-0.265599 -1.239455 733.938786
-0.168896 -1.034379 75.439752
-0.000323 -0.002457 1.000000
-0.047872 -1.202159 881.960000
0.212142 -1.138412 -432.365605
-0.000056 -0.003566 1.000000
5.300754 -10.443104 2568.897136
3.744009 -5.394324 -4753.460823
0.010517 -0.016622 1.000000
0.214588 -1.731408 397.057039
0.138747 -1.341992 -1133.657727
0.000216 -0.003323 1.000000
0.452634 -2.930253 524.056601
0.630197 -2.183554 -927.041721
0.001312 -0.005850 1.000000
0.603017 -1.776938 -779.011537
0.365870 -0.894833 -699.003486
0.000820 -0.004019 1.000000
-0.505955 -1.251101 569.274902
-0.372357 -0.836621 -77.370766
-0.000771 -0.002030 1.000000
0.067853 -1.645335 -157.714146
0.070599 -0.888316 -243.875609
-0.000174 -0.003014 1.000000
-0.101616 -1.052021 192.243871
-0.142406 -1.017269 -180.642415
-0.000237 -0.002473 1.000000
1.940656 -4.433519 3361.644627
1.021175 -1.351843 -613.193191
0.003399 -0.007503 1.000000
1.136413 -2.848214 1480.669109
1.113325 -2.777417 -1353.895469
0.002440 -0.006734 1.000000
-0.452910 -0.723421 250.948771
-0.429876 -0.484890 42.373754
-0.001022 -0.001331 1.000000
1.377372 -2.946121 -1577.070991
0.896883 -1.708987 -706.354888
0.002582 -0.005331 1.000000
1.218785 -2.737740 -32.672160
0.404679 -1.175087 -634.057759
0.001384 -0.004807 1.000000
0.717144 -2.785341 1668.142295
0.571940 -2.212989 -443.634042
0.001557 -0.005162 1.000000
0.031100 -1.221062 128.859187
-0.097385 -0.732988 -55.131629
-0.000236 -0.002270 1.000000
0.215352 -2.087195 198.460719
0.125684 -1.272519 -467.164129
0.000197 -0.003488 1.000000
-0.562590 -0.257633 -977.659116
-0.510117 -0.293580 654.684707
-0.001324 -0.001099 1.000000
4.148022 -6.630334 181.394829
3.456345 -4.670188 -4244.792701
0.008832 -0.013373 1.000000
-0.722104 -0.684596 836.303036
-0.489037 -0.651632 137.674773
-0.001190 -0.001629 1.000000
-0.095364 -1.394012 588.387194
-0.097215 -1.036410 -53.883709
-0.000212 -0.002678 1.000000
0.010578 -1.261475 -176.007626
-0.005689 -0.857292 89.456962
0.000110 -0.002740 1.000000
-0.045891 -0.786390 -369.725844
-0.088967 -0.658128 22.198235
-0.000299 -0.002003 1.000000
0.008404 -1.439218 994.057681
0.007612 -1.237320 -387.787004
0.000233 -0.003080 1.000000
-0.373257 -0.721403 528.331673
-0.443204 -0.685927 -100.258234
-0.000890 -0.001553 1.000000
-0.144837 -0.896354 282.769560
-0.193762 -0.777132 -150.609484
-0.000389 -0.002117 1.000000
0.890351 -3.466791 617.612381
0.659107 -1.977437 -1152.160503
0.001617 -0.005916 1.000000
0.084128 -1.585821 660.516222
-0.024952 -1.250464 -302.655202
-0.000035 -0.003169 1.000000
-0.156235 -1.191889 -479.515299
-0.059047 -0.804150 -450.733180
-0.000336 -0.002120 1.000000
-0.059668 -0.863130 -51.880861
-0.076966 -0.521856 -169.224914
-0.000326 -0.002186 1.000000
0.509501 -1.766469 -264.767376
0.305251 -1.030576 -486.793234
0.000867 -0.003761 1.000000
0.086266 -2.300144 358.266282
0.162534 -1.387409 -554.420930
0.000255 -0.003657 1.000000
0.407021 -2.605526 1402.274082
0.733124 -3.685659 -565.217039
0.001722 -0.007405 1.000000
-0.136727 -1.013237 -406.739154
-0.116072 -0.668979 271.227896
-0.000256 -0.002329 1.000000
-0.176241 -1.096376 523.291794
-0.192522 -0.715519 60.834525
-0.000435 -0.001970 1.000000
0.264476 -2.522152 462.283527
0.375531 -2.211138 -429.686364
0.000866 -0.005413 1.000000
0.602255 -2.275149 -274.913772
0.378232 -1.818770 -250.541338
0.001010 -0.004428 1.000000
0.994367 -2.470218 177.198731
0.479230 -1.745922 -419.500478
0.001300 -0.004833 1.000000
-0.016871 -1.222692 224.847992
0.003826 -0.647563 -140.414477
-0.000186 -0.002464 1.000000
-0.161463 -1.476412 114.571195
-0.095369 -0.621237 -267.135215
-0.000425 -0.002572 1.000000
0.185659 -1.735860 1080.038585
-0.013001 -1.173695 -189.864817
0.000118 -0.003018 1.000000
-0.002774 -1.557897 74.560326
0.020974 -1.005465 -679.327278
0.000016 -0.003112 1.000000
0.352944 -2.101213 161.969376
0.338433 -1.939630 -244.939186
0.000520 -0.004197 1.000000
0.563237 -2.369078 -614.074870
0.283621 -1.710472 -432.066830
0.000935 -0.004525 1.000000
0.041258 -1.385010 274.087910
-0.045905 -1.573329 -97.242115
-0.000082 -0.003277 1.000000
-0.063291 -1.434720 38.320299
-0.151432 -1.032189 173.077496
-0.000374 -0.002494 1.000000
0.505179 -2.288437 450.387662
0.297603 -1.830631 -470.593407
0.000751 -0.004055 1.000000
-0.346327 -0.977399 431.330007
-0.192174 -0.788875 -61.935816
-0.000497 -0.001926 1.000000
0.439381 -2.307196 668.785211
0.232606 -1.331826 -359.480103
0.000456 -0.003650 1.000000
-0.113583 -1.444868 251.235182
-0.170895 -1.782985 11.848652
-0.000284 -0.003193 1.000000
-0.067653 -1.379594 504.899657
-0.133665 -1.074240 88.687410
-0.000251 -0.002651 1.000000
0.928673 -2.978643 504.579682
0.472989 -2.030315 -370.563577
0.001410 -0.005224 1.000000
0.070142 -1.780592 872.522987
0.032604 -1.232667 -355.098747
0.000409 -0.003492 1.000000
0.125385 -1.306906 755.798745
0.101445 -0.953931 -142.648034
0.000178 -0.002932 1.000000
0.612895 -3.703641 -297.375980
0.612397 -2.734812 -571.977384
0.001021 -0.006091 1.000000
0.283444 -1.662833 63.394428
0.100881 -1.345550 -317.296763
0.000319 -0.003419 1.000000
-0.211772 -1.292847 -3.254778
-0.076119 -1.163397 -400.558762
-0.000404 -0.002814 1.000000
-0.131355 -1.190405 -224.069754
-0.127705 -0.710204 -408.682539
-0.000291 -0.002519 1.000000
-0.153623 -1.244813 861.975352
-0.158467 -0.733651 89.565747
-0.000325 -0.002297 1.000000
-0.232684 -1.217225 -296.939973
-0.182945 -0.695870 -570.088986
-0.000529 -0.002227 1.000000
-0.315916 -1.051136 1593.260251
-0.161839 -0.696949 -224.185732
-0.000526 -0.002033 1.000000
-0.099086 -1.401275 141.156449
-0.186012 -1.403977 -161.236851
-0.000271 -0.002847 1.000000
-0.187177 -1.647805 776.590713
-0.024388 -1.233107 -269.934355
-0.000115 -0.002893 1.000000
-2.666455 2.553421 -832.537476
-1.781864 1.447085 1773.191963
-0.004555 0.003637 1.000000
-0.102606 -1.301610 565.135352
-0.214073 -1.188197 -6.213067
-0.000486 -0.002506 1.000000
0.290671 -2.442875 274.102025
0.373669 -1.387755 -491.038867
0.000394 -0.003872 1.000000
0.287368 -2.078319 912.743730
0.194061 -1.342720 -213.215235
0.000228 -0.003141 1.000000
0.452141 -2.311564 -291.071685
0.384085 -1.506472 -410.080079
0.000717 -0.003731 1.000000
-0.200084 -1.208859 246.161164
-0.179574 -0.937454 -200.400050
-0.000580 -0.002105 1.000000
0.106666 -1.416421 1144.333847
-0.005594 -1.277085 -329.009983
0.000096 -0.002974 1.000000
0.395610 -2.043924 451.911873
0.068290 -1.511989 -293.267174
0.000415 -0.003605 1.000000
0.271667 -1.667883 643.134288
0.172730 -1.136262 -405.331469
0.000335 -0.003348 1.000000
-0.169762 -0.954849 620.648331
-0.250701 -0.857994 -43.392340
-0.000539 -0.002099 1.000000
0.162176 -1.549629 676.074809
0.325174 -1.635545 -340.143383
0.000365 -0.003485 1.000000
-0.046433 -1.576372 323.115434
-0.073783 -1.116345 -75.018240
-0.000281 -0.002652 1.000000
-0.100147 -1.816129 244.264701
0.040752 -1.107505 -440.800242
0.000021 -0.003008 1.000000
-0.007277 -1.040747 610.456490
-0.084337 -0.763274 -356.170310
-0.000294 -0.002269 1.000000
0.703414 -2.745437 770.521348
0.638870 -2.330814 -670.990677
0.000977 -0.004803 1.000000
-0.026222 -1.625967 1090.313865
0.056447 -1.264364 -293.456850
-0.000089 -0.002962 1.000000
-15.791666 18.131898 5327.950604
-12.948530 10.985178 18801.327780
-0.027902 0.032517 1.000000
0.077134 -1.736750 20.653212
0.109559 -1.451019 -238.461089
0.000208 -0.003560 1.000000
0.094909 -1.459260 675.190091
-0.119996 -1.034143 -0.384989
-0.000125 -0.002614 1.000000
0.282967 -2.461767 293.507179
0.565891 -1.800210 -297.458546
0.000951 -0.004300 1.000000
1.880849 -2.871738 4572.003688
1.209609 -1.683175 -3149.440903
0.003814 -0.007583 1.000000
-0.351036 -1.311250 1609.088882
-0.126376 -0.797166 -771.227456
-0.000197 -0.002632 1.000000
-0.006208 -1.761711 1308.626567
0.025559 -0.860926 -654.467558
-0.000144 -0.002687 1.000000
0.360738 -2.426023 1333.176503
0.468103 -1.282166 -615.002049
0.000586 -0.004328 1.000000
-0.580954 -0.856246 1265.645949
-0.296148 -0.474907 72.571551
-0.000906 -0.001365 1.000000
0.120385 -2.037585 109.950988
0.033281 -1.036661 -255.148851
-0.000036 -0.002819 1.000000
-0.382729 -1.013016 1008.034255
-0.188361 -0.561596 -12.125254
-0.000619 -0.001758 1.000000
0.077614 -1.620069 558.497811
-0.044467 -0.975704 -145.488105
0.000028 -0.002676 1.000000
-0.258966 -1.049218 779.015785
-0.165246 -0.809912 -66.183904
-0.000592 -0.001994 1.000000
-0.124477 -1.180778 386.931847
-0.095945 -0.703583 -423.200770
-0.000553 -0.002395 1.000000
0.025169 -1.098478 -135.274449
0.117670 -0.863848 -24.609286
-0.000153 -0.002387 1.000000
0.248442 -2.169117 1558.099380
0.231494 -1.503878 -816.172801
0.000308 -0.003809 1.000000
-3.922892 4.659313 -2138.366756
-2.942482 3.909952 5425.014398
-0.008272 0.008627 1.000000
-0.229116 -0.972965 734.052535
-0.144705 -0.678732 -248.506591
-0.000480 -0.002142 1.000000
-0.098937 -1.705763 1075.672509
0.071540 -0.857626 -299.001849
-0.000073 -0.002542 1.000000
-0.430085 -1.038145 988.447176
-0.095929 -0.512008 -165.100448
-0.000683 -0.001860 1.000000
-0.097881 -1.697443 130.822361
0.281660 -0.960620 -280.806272
0.000280 -0.002904 1.000000
-0.549755 -1.427604 1308.109249
-0.200150 -0.543880 218.411003
-0.000559 -0.002184 1.000000
0.024876 -1.198074 1061.206882
-0.043238 -1.112868 -236.110605
-0.000116 -0.003093 1.000000
-0.326058 -1.028758 1150.026425
-0.272589 -0.760162 250.450219
-0.000499 -0.002282 1.000000
-0.426402 -1.196397 954.136552
-0.100912 -0.349342 22.677126
-0.000558 -0.001604 1.000000
-0.163036 -0.833582 298.363690
-0.182764 -0.686116 -0.241919
-0.000347 -0.001951 1.000000
-0.104729 -1.576695 516.413657
-0.053490 -1.042997 -99.747942
-0.000241 -0.002745 1.000000
-0.171034 -1.082286 441.453167
-0.001253 -0.616777 -102.934281
-0.000322 -0.002127 1.000000
-1.380219 0.635200 -467.530617
-0.886455 0.376304 1265.173378
-0.003072 0.000922 1.000000
0.148386 -1.200810 205.253568
0.005508 -0.964959 -17.434994
-0.000094 -0.002637 1.000000
0.129842 -1.634457 339.543284
0.118669 -1.488917 -43.065003
0.000222 -0.003432 1.000000
-0.047531 -0.783901 220.404216
0.008831 -0.720262 0.415488
-0.000297 -0.002254 1.000000
-0.413020 -0.954110 200.731831
-0.316492 -0.960847 -221.843324
-0.000636 -0.001847 1.000000
-0.169243 -0.806744 68.413036
-0.062080 -0.722255 -3.396562
-0.000315 -0.002231 1.000000
0.164445 -1.379036 110.396585
0.071391 -0.681282 -377.864208
0.000036 -0.002532 1.000000
0.099746 -1.518550 -272.857918
0.186736 -1.068629 -155.054705
0.000171 -0.003021 1.000000
-0.035682 -1.346378 727.583288
0.061005 -1.001641 -65.589544
-0.000090 -0.002407 1.000000
0.516038 -2.708640 408.247477
0.186052 -2.105192 -126.926343
0.000424 -0.004104 1.000000
0.187373 -1.206273 202.511652
0.213206 -1.207336 -55.431895
0.000215 -0.002988 1.000000
-0.013913 -0.698781 86.105409
-0.026712 -0.628849 -41.451961
-0.000383 -0.002123 1.000000
0.012719 -1.645903 127.674081
0.129780 -1.357082 -124.463367
0.000108 -0.003462 1.000000
-0.132200 -1.268402 275.900133
-0.072586 -1.062167 88.760553
-0.000234 -0.002577 1.000000
0.094500 -1.984798 206.775906
0.067045 -1.784166 11.240862
0.000206 -0.003764 1.000000
-0.127180 -0.818852 35.015482
-0.052226 -0.861325 10.598971
-0.000095 -0.002439 1.000000
-0.084831 -0.990538 -7.119061
-0.086687 -0.610688 -141.574731
-0.000428 -0.002366 1.000000
-0.232088 -0.917719 82.905802
-0.047689 -0.613667 -134.690004
-0.000326 -0.002293 1.000000
0.424900 -1.759883 -148.094212
0.164224 -1.758178 -133.285441
0.000537 -0.004196 1.000000
0.019164 -1.149843 341.662145
0.110146 -1.592030 39.564810
0.000150 -0.003430 1.000000
0.002492 -1.256884 703.287766
0.015018 -1.171750 -525.659193
0.000110 -0.003200 1.000000
-0.036274 -2.025955 541.794600
-0.173904 -0.985550 -66.055723
-0.000318 -0.002945 1.000000
-0.297792 -0.637493 334.316534
-0.317858 -0.640109 -60.987358
-0.000778 -0.001683 1.000000
0.006207 -1.202315 -397.729663
-0.109060 -0.875362 -143.353028
-0.000179 -0.002681 1.000000
0.736827 -3.523977 -1125.031787
0.721543 -2.122276 -541.414145
0.002386 -0.006810 1.000000
-0.056662 -1.072877 461.965867
-0.007526 -0.606585 -181.830573
-0.000135 -0.002301 1.000000
-0.074965 -1.083820 517.146432
-0.040600 -1.405793 32.697552
-0.000332 -0.003020 1.000000
-0.144888 -1.542428 -260.592787
-0.083294 -1.350397 -74.616961
-0.000317 -0.002541 1.000000
-3.264060 3.003702 -10787.305388
-4.389526 4.633286 10719.912758
-0.008103 0.008177 1.000000
-0.057648 -1.030591 -97.756649
-0.049611 -0.875541 -130.104692
-0.000261 -0.002675 1.000000
0.136947 -1.294741 -373.061335
0.031706 -0.921632 -480.470894
0.000254 -0.003123 1.000000
-0.147162 -1.416923 269.795175
-0.071194 -0.809660 -111.856200
-0.000204 -0.002600 1.000000
-0.146006 -0.641098 -56.446539
-0.130047 -0.606598 886.185218
-0.000449 -0.002062 1.000000
-0.118790 -0.660257 -1653.192538
-0.330253 -0.834661 274.704519
-0.000632 -0.001890 1.000000
0.232953 -1.484859 -2055.790367
0.779009 -1.617000 3571.856835
0.001995 -0.005296 1.000000
-0.357303 -1.378763 907.371042
-0.307969 -1.004447 72.465940
-0.000495 -0.002094 1.000000
-0.204974 -0.955682 -1742.937044
-0.164525 -0.853194 -52.444230
-0.000508 -0.002111 1.000000
-0.220705 -1.015975 37.044874
-0.274498 -0.779141 2.215041
-0.000588 -0.001982 1.000000
1.687399 -3.601375 6018.669754
1.953148 -4.508325 569.406116
0.004219 -0.008578 1.000000
0.089945 -2.036524 382.457086
0.258623 -1.788821 -748.024119
0.000123 -0.003239 1.000000
-0.114591 -2.337322 1292.147612
0.011525 -1.078458 -144.684126
0.000022 -0.003515 1.000000
0.382951 -2.158913 4004.049517
0.208063 -1.150381 -1737.330644
0.000665 -0.003547 1.000000
0.282011 -2.105246 1120.871653
0.140114 -0.958773 -108.585610
0.000510 -0.003440 1.000000
0.324402 -2.083223 1121.713147
0.092127 -0.816709 -4.674106
0.000444 -0.002998 1.000000
-0.029135 -2.139352 658.095481
0.012872 -1.174539 -450.548687
0.000144 -0.003234 1.000000
-0.122805 -1.788559 851.361453
0.029577 -1.101030 -217.075987
-0.000272 -0.002786 1.000000
0.504407 -2.350939 969.183664
0.209624 -1.204787 -110.475969
0.000652 -0.003665 1.000000
-0.444232 -1.159712 968.952968
-0.229543 -0.569191 71.881098
-0.000740 -0.001826 1.000000
-1.267726 -0.035071 2291.148438
-0.759536 0.007511 803.015352
-0.002053 0.000148 1.000000
-0.268970 -1.459025 392.498578
-0.166839 -0.935445 -114.821578
-0.000491 -0.002305 1.000000
0.399305 -2.059017 1636.842043
0.272785 -1.539803 -614.426038
0.000453 -0.003439 1.000000
-0.403778 -0.954779 -1528.949462
-0.227130 -0.922892 480.855767
-0.000794 -0.001814 1.000000
0.359314 -2.455068 723.733056
0.271530 -1.744828 -37.405883
0.000350 -0.003724 1.000000
0.441922 -2.203090 941.537332
0.276092 -1.118585 -154.815651
0.000523 -0.003351 1.000000
0.369589 -2.196137 1365.919670
0.283976 -0.717349 -405.189573
0.000777 -0.003507 1.000000
-0.412676 -1.562626 1744.243503
-0.103393 -0.615687 -541.335026
-0.000266 -0.002458 1.000000
-0.471356 -0.619883 1465.796629
-0.351344 -0.638411 916.836149
-0.001075 -0.001602 1.000000
-1.286757 0.499154 -772.181275
-0.788187 0.097348 -531.256928
-0.002349 0.000742 1.000000
-0.391642 -1.046675 896.894317
-0.170304 -0.375988 -91.398047
-0.000706 -0.001616 1.000000
0.090355 -2.251616 1915.184058
0.220333 -1.788003 -115.262099
0.000494 -0.003531 1.000000
-1.584549 0.523426 -215.670756
-0.893698 0.116797 1125.789130
-0.002717 0.000719 1.000000
-0.258035 -1.280269 399.043356
-0.107279 -0.550355 -595.745790
-0.000473 -0.002132 1.000000
0.199499 -1.160889 31.062741
0.118796 -0.536724 -10.787921
0.000056 -0.002542 1.000000
0.294115 -2.334671 1135.082256
0.145804 -0.563733 -238.296041
0.000508 -0.003121 1.000000
-0.495725 -1.304354 1077.615950
-0.210150 -0.431710 -117.134758
-0.000676 -0.001801 1.000000
-0.246394 -0.987889 678.445842
-0.177005 -0.730348 -179.035616
-0.000431 -0.002105 1.000000
0.538852 -2.498775 637.894437
0.202485 -1.858842 -166.079575
0.000799 -0.004406 1.000000
0.019196 -1.301582 550.125553
-0.096081 -1.251255 9.152254
-0.000174 -0.002792 1.000000
-0.076396 -1.574394 534.124364
-0.015958 -1.155223 -269.968681
0.000023 -0.003299 1.000000
-0.155151 -1.250759 745.213080
0.097460 -1.070893 -349.628656
0.000017 -0.002981 1.000000
0.359904 -1.855646 593.631429
0.076442 -0.964213 -167.762667
0.000634 -0.003161 1.000000
-0.130965 -1.516345 898.709840
0.008410 -0.937111 -65.689416
0.000021 -0.002687 1.000000
-0.211069 -1.671817 1038.104077
-0.057080 -0.950325 -18.654577
-0.000239 -0.003014 1.000000
-0.014750 -1.984906 754.837097
0.003084 -0.836282 -196.231396
0.000046 -0.002838 1.000000
2.438886 -4.669690 2014.093555
0.705512 -1.470805 -631.014327
0.003409 -0.006828 1.000000
0.389450 -2.890291 675.386109
0.569948 -2.083264 -1069.654695
0.001625 -0.005578 1.000000
8.006538 -11.394832 5160.682580
4.151823 -8.178431 -4040.223212
0.011744 -0.018789 1.000000
0.013841 -1.913946 1020.728595
0.053056 -0.881653 -268.286804
0.000210 -0.002956 1.000000
-0.434814 -1.146529 1248.763237
-0.250547 -0.610930 -69.737978
-0.000681 -0.001860 1.000000
2.502723 -5.222095 589.533673
1.022917 -2.321752 -1506.644799
0.003367 -0.007482 1.000000
-0.347068 -1.233040 453.041612
0.024234 -0.437336 -156.668445
-0.000257 -0.002239 1.000000
-0.204437 -1.718685 717.451531
-0.017733 -1.454596 -26.871973
0.000136 -0.003206 1.000000
-0.203649 -1.514729 770.681983
-0.030367 -0.625974 -38.395289
-0.000246 -0.002139 1.000000
-0.077643 -1.574172 475.505583
0.068431 -1.625024 -28.089098
-0.000034 -0.003068 1.000000
-0.220138 -1.266886 403.876794
-0.171446 -0.926425 59.046274
-0.000240 -0.002328 1.000000
0.107792 -1.832841 467.746784
0.113593 -2.039146 -45.423775
0.000417 -0.004137 1.000000
-0.211132 -1.770292 589.753150
-0.139658 -1.263180 11.155164
-0.000176 -0.002857 1.000000
-0.349752 -1.030140 576.827038
-0.087202 -0.677631 13.720639
-0.000280 -0.002190 1.000000
-0.098314 -1.938872 213.766561
0.439382 -1.893628 -169.877046
0.000564 -0.004241 1.000000
-0.244862 -1.052921 616.309022
-0.343992 -0.896082 61.143208
-0.000808 -0.002089 1.000000
-0.339856 -1.199229 633.430907
-0.219108 -0.644960 -21.539717
-0.000682 -0.002121 1.000000
-0.000163 -1.042428 90.778309
0.156205 -1.212782 -202.988235
0.000088 -0.003169 1.000000
-0.143125 -1.201435 751.697348
0.104671 -1.406047 -569.924396
0.000045 -0.003113 1.000000
-0.210916 -1.948997 526.401250
-0.133942 -1.660181 84.350044
-0.000080 -0.003428 1.000000
0.103281 -1.643202 502.701508
0.038034 -1.245125 -122.900298
-0.000045 -0.002843 1.000000
0.175443 -1.958796 686.869423
-0.057936 -1.601225 -22.280287
0.000071 -0.003560 1.000000
-0.066758 -1.642924 1306.776495
-0.099650 -0.542421 175.950859
-0.000166 -0.002164 1.000000
-0.427391 -1.009763 526.230207
-0.096259 -0.307840 -211.386666
-0.000686 -0.001907 1.000000
-0.084102 -1.399183 1204.391193
0.154341 -0.613852 -578.864294
-0.000070 -0.002452 1.000000
-0.062593 -1.765008 493.776049
-0.016465 -0.888615 -52.812121
-0.000179 -0.002519 1.000000
-0.396440 -1.157570 712.972399
-0.139531 -0.783466 -64.025715
-0.000529 -0.002234 1.000000
-0.392724 -1.378893 915.963969
-0.068448 -0.706248 -2.445453
-0.000580 -0.001998 1.000000
0.512540 -1.898206 513.914655
0.373188 -1.634068 -226.656004
0.000841 -0.003628 1.000000
0.175263 -1.687612 853.996771
0.027952 -1.227466 -249.343527
-0.000031 -0.003022 1.000000
0.510400 -2.255257 538.429935
0.380570 -2.382190 -605.391134
0.000699 -0.004550 1.000000
0.550536 -2.776265 586.219135
0.383930 -2.555067 -314.066652
0.000702 -0.004828 1.000000
-0.145515 -1.818193 554.476219
-0.110530 -1.627769 153.885035
-0.000320 -0.002956 1.000000
-0.029241 -1.166598 624.813197
-0.106054 -0.494119 -112.524591
-0.000140 -0.002237 1.000000
0.339865 -1.239308 452.441595
0.103167 -1.009953 -30.414643
0.000480 -0.003011 1.000000
-0.110426 -0.823485 248.527786
-0.077273 -0.783613 -55.550489
-0.000337 -0.001940 1.000000
0.188179 -2.255501 725.067370
0.045168 -0.893843 -163.222844
0.000261 -0.003186 1.000000
-0.265978 -2.166754 670.450876
-0.118144 -1.135952 -48.871814
-0.000196 -0.003042 1.000000
-0.123586 -1.410328 373.933862
-0.002271 -1.507224 211.853794
-0.000275 -0.003079 1.000000
0.307040 -1.517523 364.423326
0.038930 -0.902615 -251.050963
0.000239 -0.002902 1.000000
0.133482 -1.415831 445.819785
0.072730 -1.208201 -61.692180
0.000275 -0.003247 1.000000
-0.012999 -1.788796 532.670173
0.266133 -1.197164 -358.699437
0.000219 -0.003130 1.000000
0.476168 -2.125470 571.499701
0.357527 -1.669241 -253.259406
0.000913 -0.004269 1.000000
-0.007672 -1.291815 381.405019
-0.074098 -1.072372 -79.668863
-0.000013 -0.002691 1.000000
0.022704 -1.194744 719.805266
-0.073249 -0.653236 -50.000224
-0.000105 -0.002222 1.000000
-0.065528 -1.033985 450.921657
-0.103926 -0.780381 -222.440278
-0.000180 -0.002623 1.000000
-0.377600 -1.106153 606.524785
-0.183961 -0.708957 -55.031690
-0.000635 -0.001956 1.000000
1.218107 -3.499523 -164.739184
0.617199 -2.268965 -305.829485
0.001283 -0.005432 1.000000
-0.285664 -1.385723 596.816466
-0.102010 -1.210237 47.181406
-0.000207 -0.002587 1.000000
