-7.488245 8.741665 8394.261969
-4.911473 5.302558 1682.026299
-0.012660 0.013152 1.000000
-0.546476 -0.657862 584.498846
-0.417682 -0.632675 -72.401856
-0.001170 -0.001618 1.000000
-0.435501 -1.217866 596.574711
-0.307714 -0.790290 -22.868685
-0.000683 -0.002014 1.000000
-0.167049 -0.797932 370.200196
-0.325399 -0.922582 166.576048
-0.000600 -0.002078 1.000000
-0.658960 -0.450777 -24.854349
-0.770072 -0.350302 75.256554
-0.001643 -0.000833 1.000000
-0.370479 -0.802594 735.423123
-0.397111 -0.622572 38.072850
-0.000919 -0.001489 1.000000
-0.082423 -0.979633 -416.185491
-0.154329 -0.748679 -119.855282
-0.000466 -0.002130 1.000000
-0.086606 -0.942677 66.466293
0.056809 -0.644339 -405.699493
-0.000239 -0.002336 1.000000
-0.240152 -1.076243 -69.877871
-0.271551 -0.879238 -5.495010
-0.000572 -0.002096 1.000000
-0.295606 -1.148692 889.789648
-0.157483 -0.512125 -103.920886
-0.000532 -0.001935 1.000000
-0.084421 -0.912054 200.313322
-0.075718 -0.612173 -193.836386
-0.000475 -0.002191 1.000000
-0.751177 -0.263342 -295.318545
-0.370733 -0.307094 -661.003679
-0.001512 -0.001021 1.000000
-0.279763 -0.507947 569.763057
-0.263725 -0.408967 -303.542225
-0.000818 -0.001542 1.000000
-0.559067 -0.769955 99.970656
-0.342685 -0.400748 -341.496367
-0.001109 -0.001321 1.000000
-0.672328 -0.891069 763.667442
-0.506002 -0.676925 -82.974326
-0.001287 -0.001585 1.000000
-0.220163 -1.216608 405.418283
-0.172773 -0.977061 -22.957728
-0.000495 -0.002310 1.000000
-0.519073 -0.611174 700.125997
-0.362737 -0.464313 -78.386145
-0.001075 -0.001365 1.000000
0.047811 -1.399259 153.555801
-0.006408 -1.032107 -193.724871
-0.000091 -0.002835 1.000000
-0.270279 -1.128036 494.329594
-0.304749 -0.936586 -34.987195
-0.000656 -0.002077 1.000000
-0.220899 -1.423854 599.434494
-0.166084 -1.290135 -17.089040
-0.000550 -0.002540 1.000000
-0.432183 -0.603874 583.864970
-0.373203 -0.468790 -194.189562
-0.001065 -0.001528 1.000000
-0.453967 -0.733791 1055.040683
-0.133801 -0.601271 115.503379
-0.000778 -0.001663 1.000000
-0.140602 -0.715211 1212.306901
-0.099323 -1.005287 -117.285900
-0.000413 -0.002421 1.000000
-0.428999 -0.837634 280.404604
-0.247570 -0.587759 -39.643045
-0.000749 -0.001817 1.000000
-0.033194 -1.371854 555.652311
-0.071009 -1.106410 -335.879288
-0.000267 -0.002666 1.000000
-0.585294 -1.036825 441.329504
-0.325116 -0.747945 -265.893114
-0.001030 -0.001976 1.000000
-0.231120 -1.080316 286.100357
-0.244878 -1.245058 108.460568
-0.000434 -0.002586 1.000000
-0.589654 -0.532310 -98.374164
-0.373885 -0.417731 130.878241
-0.001254 -0.001152 1.000000
-0.268023 -0.940871 515.568513
-0.112126 -0.759220 -36.529771
-0.000498 -0.002040 1.000000
-0.801945 -0.649602 262.268039
-0.758605 -0.541103 -16.631399
-0.001606 -0.001219 1.000000
-0.169536 -1.466326 569.962704
-0.212650 -1.255862 62.202429
-0.000378 -0.002542 1.000000
-0.352075 -0.880823 90.201694
-0.089793 -0.977376 -260.889630
-0.000458 -0.002266 1.000000
-0.321267 -0.943166 -396.517836
-0.118040 -0.579984 -897.496881
-0.000755 -0.001802 1.000000
0.038730 -1.200020 721.350083
-0.059837 -0.836418 -23.135527
-0.000230 -0.002388 1.000000
-0.399800 -1.181743 597.337422
-0.354427 -0.925777 -79.440079
-0.000860 -0.002074 1.000000
-0.620997 -1.026282 -16.597500
-0.230927 -0.607589 157.462543
-0.000951 -0.001785 1.000000
-0.346824 -1.128709 408.408057
-0.264153 -0.713862 -215.905677
-0.000711 -0.001986 1.000000
-0.410587 -0.868346 118.919076
-0.254695 -0.644961 -293.166970
-0.000853 -0.001832 1.000000
0.265451 -1.669223 625.601814
0.091512 -1.617396 -82.914085
0.000067 -0.003509 1.000000
-0.718547 -0.559531 503.415391
-0.392380 -0.535112 -298.218326
-0.001251 -0.001290 1.000000
-7.961450 8.590509 -4384.118761
-4.152834 6.446750 5508.423081
-0.012411 0.015211 1.000000
-0.204395 -1.318521 522.919008
-0.123724 -0.780787 -213.106415
-0.000240 -0.002469 1.000000
-0.393804 -0.518280 176.176004
-0.393709 -0.574466 63.274739
-0.000930 -0.001255 1.000000
1.019718 -1.963095 -1528.360419
1.028120 -2.369405 1615.597636
0.002028 -0.005308 1.000000
-0.458664 -0.385303 -429.564752
-0.243129 -0.461111 -293.847475
-0.000928 -0.001286 1.000000
0.220115 -1.426474 784.973255
0.178066 -1.113105 -390.040718
0.000167 -0.002704 1.000000
-0.243306 -0.990234 -8.190897
-0.056724 -0.761781 -7.974519
-0.000447 -0.001993 1.000000
-0.754369 -0.450340 -157.125327
-0.426302 -0.420151 -203.262137
-0.001482 -0.001203 1.000000
-0.395035 -1.035326 1014.834517
-0.095887 -0.912404 -97.698575
-0.000488 -0.002203 1.000000
-0.725647 -0.408564 -371.763840
-0.417936 -0.271074 133.425384
-0.001397 -0.000908 1.000000
-0.094773 -1.425106 691.498577
-0.079022 -0.798750 -64.701817
-0.000293 -0.002352 1.000000
-0.004881 -1.321404 786.593698
-0.105311 -1.090406 -5.929001
-0.000376 -0.002586 1.000000
-0.020957 -1.434428 887.709623
-0.049716 -1.320233 -572.556821
-0.000256 -0.002849 1.000000
0.178422 -1.350699 678.499678
0.144454 -1.154170 -463.111061
-0.000007 -0.002703 1.000000
0.524642 -2.108019 1131.233615
0.247439 -1.493787 -388.762952
0.000600 -0.003565 1.000000
-0.125450 -1.558059 841.604469
0.060255 -1.176949 0.001708
-0.000166 -0.002631 1.000000
-0.270277 -0.918157 897.257101
-0.124843 -0.455102 -164.457437
-0.000842 -0.001771 1.000000
-0.408825 -0.868379 1073.873925
-0.243085 -0.479012 -287.463625
-0.001010 -0.001497 1.000000
-0.151955 -1.319312 -544.083811
-0.114968 -0.880658 88.050799
-0.000569 -0.002252 1.000000
0.222759 -1.676314 -950.632002
0.087465 -1.465477 -283.968069
0.000110 -0.002978 1.000000
0.533966 -1.690388 -1085.631352
0.369612 -1.097041 510.480859
0.000844 -0.003533 1.000000
-0.178922 -1.051363 367.622868
-0.151838 -0.810262 -147.329764
-0.000480 -0.001995 1.000000
-0.063477 -1.500223 -422.753146
0.053159 -0.648107 687.244409
-0.000295 -0.002357 1.000000
-0.432592 -0.770437 65.795757
-0.341905 -0.969643 -1.304470
-0.000771 -0.001934 1.000000
-0.389089 -0.925733 554.488804
-0.119701 -0.520916 -329.174408
-0.000837 -0.001786 1.000000
0.081927 -1.070613 45.483249
0.148032 -1.042732 -144.183474
0.000280 -0.002742 1.000000
-0.835141 -0.167914 -853.939961
-0.697526 -0.191242 179.645300
-0.001758 -0.000472 1.000000
0.279774 -1.723938 -279.553508
0.107412 -1.289542 153.132101
0.000438 -0.003105 1.000000
-0.025072 -1.065137 158.542984
0.021836 -0.623416 -340.143594
-0.000193 -0.002309 1.000000
-0.548899 -0.395497 578.573408
-0.641197 -0.352969 -490.581996
-0.001550 -0.000912 1.000000
-0.807739 -0.297665 316.580462
-0.632059 -0.141966 -262.348700
-0.001574 -0.000701 1.000000
-0.724248 -1.002494 593.023317
-0.445348 -0.768998 -131.744385
-0.001124 -0.001579 1.000000
-0.271427 -0.764905 -307.252608
-0.147456 -0.545832 86.290863
-0.000718 -0.001731 1.000000
1.683079 -2.940198 -1539.231566
1.088060 -1.872022 -2657.339045
0.002587 -0.005301 1.000000
-0.288211 -1.051026 277.073730
-0.174095 -0.824503 -164.502237
-0.000613 -0.002020 1.000000
-0.871437 -0.809198 58.910121
-0.492803 -0.741985 -129.436456
-0.001409 -0.001636 1.000000
-0.530224 -0.697624 -305.565997
-0.202101 -0.306848 165.542221
-0.001026 -0.001279 1.000000
-0.366417 -0.748649 39.384847
-0.076900 -0.442988 -63.918602
-0.000799 -0.001555 1.000000
-0.385593 -0.913899 355.609072
-0.216327 -0.573807 -123.218323
-0.000802 -0.001648 1.000000
-0.339196 -1.058958 23.559299
-0.184917 -0.731677 122.191551
-0.000656 -0.001935 1.000000
-0.498687 -0.244710 122.573329
-0.448580 -0.244727 -89.573712
-0.001309 -0.000971 1.000000
-0.135033 -1.051526 250.042107
-0.099764 -0.568934 -67.150446
-0.000496 -0.002052 1.000000
-0.400240 -0.725791 340.848874
-0.461120 -0.861757 107.450751
-0.001007 -0.001717 1.000000
-0.322131 -1.716488 2513.979861
-0.030876 -1.350482 -696.341471
-0.000445 -0.002917 1.000000
-0.280065 -0.601986 575.476520
-0.254132 -0.379582 -90.712714
-0.000844 -0.001328 1.000000
0.511624 -3.407843 240.265551
0.404618 -2.151295 -425.413574
0.001634 -0.005272 1.000000
-0.827917 -0.716078 -1195.300852
-0.512096 -0.264854 -443.321477
-0.001486 -0.001255 1.000000
-0.485914 -1.156521 229.708886
-0.246756 -0.712993 -67.911480
-0.000750 -0.001832 1.000000
-0.437323 -0.291871 -348.760587
-0.470651 -0.299932 -878.425266
-0.001502 -0.000771 1.000000
-0.650131 -0.888770 411.999244
-0.371359 -0.494719 -32.634779
-0.000968 -0.001140 1.000000
-0.739984 -0.865026 430.443372
-0.644317 -0.689243 133.416972
-0.001309 -0.001544 1.000000
-1.033657 -0.428914 -182.545478
-0.681187 -0.323872 -111.034226
-0.001881 -0.000791 1.000000
-0.836146 -1.197221 711.053429
-0.319315 -0.526934 31.578206
-0.001003 -0.001564 1.000000
-0.195904 -0.697410 25.933186
-0.248305 -0.499476 40.228119
-0.000868 -0.001679 1.000000
-0.954068 -0.364975 22.720165
-0.368888 -0.169862 -35.910611
-0.001558 -0.000880 1.000000
0.589491 -2.235800 1561.300063
0.449684 -1.593621 -640.783306
0.001035 -0.003777 1.000000
-1.890250 0.650540 -350.255405
-1.032839 0.592302 -1537.592222
-0.002781 0.000969 1.000000
-0.251147 -1.495257 1118.687744
0.013377 -1.275106 -674.608435
-0.000153 -0.002730 1.000000
-0.544647 -1.216434 1191.142189
-0.418536 -0.945651 47.325872
-0.000904 -0.001883 1.000000
-1.008776 -0.169459 -1611.927398
-0.924830 -0.057803 211.094131
-0.002074 -0.000078 1.000000
-0.779476 -1.059436 250.808423
-0.576037 -0.552249 -1.785472
-0.001361 -0.001220 1.000000
-1.525408 0.406045 -1279.962591
-1.422671 0.810666 -437.190844
-0.003042 0.000811 1.000000
-0.114835 -1.321583 -101.661902
-0.158572 -1.045519 5.823435
-0.000450 -0.002314 1.000000
-0.384955 -1.079069 150.425004
-0.256094 -0.962684 -77.097254
-0.000662 -0.002029 1.000000
-0.505761 -1.185090 234.954423
-0.349672 -0.957307 -50.071856
-0.000981 -0.001895 1.000000
-0.200157 -0.871736 251.198169
-0.231065 -0.693066 -546.956746
-0.000849 -0.002076 1.000000
-0.404922 -1.073737 610.986442
-0.213805 -1.002791 -37.648748
-0.000723 -0.002252 1.000000
-0.839380 -0.512416 -38.383450
-0.753304 -0.266077 -275.681052
-0.001750 -0.000891 1.000000
-0.685551 -0.304872 650.969687
-0.748847 -0.568869 -88.505808
-0.001533 -0.000995 1.000000
-2.496173 2.522664 -374.379519
-1.947817 2.237189 -3583.964375
-0.004966 0.004179 1.000000
-0.277710 -1.125441 97.550251
-0.113807 -0.713796 184.739864
-0.000481 -0.002081 1.000000
-0.439813 -0.378375 -222.951837
-0.277152 -0.347535 -153.511380
-0.001159 -0.001160 1.000000
-0.530532 -1.020233 529.999415
-0.288045 -0.650261 -194.672523
-0.000932 -0.001701 1.000000
-0.165690 -1.781297 2016.417831
0.071521 -1.110055 -329.468520
0.000372 -0.003164 1.000000
-0.111838 -1.275138 -146.685250
-0.116756 -0.875530 3.170502
-0.000619 -0.002217 1.000000
-0.378774 -1.047126 101.449888
-0.378910 -0.895315 -357.844536
-0.000894 -0.001916 1.000000
-0.802844 -0.778035 529.923783
-0.830000 -0.431505 3.629910
-0.001661 -0.001161 1.000000
-0.423880 -0.669478 464.591216
-0.217202 -0.435829 -70.092500
-0.000857 -0.001386 1.000000
-0.461844 -0.778266 425.834206
-0.263017 -0.533295 -71.820511
-0.000881 -0.001548 1.000000
-0.230457 -1.151501 160.957457
-0.063595 -0.786775 64.100900
-0.000421 -0.002328 1.000000
-0.325274 -1.263472 913.767216
-0.246293 -0.763955 -474.957138
-0.000495 -0.002353 1.000000
-0.407293 -0.978645 267.685397
-0.194583 -0.751079 -111.571316
-0.000765 -0.001894 1.000000
-0.213398 -1.772113 159.938993
-0.173206 -1.257267 -427.591948
-0.000100 -0.002684 1.000000
-0.704200 -1.095396 704.626326
-0.321467 -0.525342 -337.677584
-0.001063 -0.001583 1.000000
-0.588000 -0.717308 121.475520
-0.414571 -0.629308 -44.012489
-0.001152 -0.001476 1.000000
-2.671034 2.082393 2604.281855
-1.566081 1.138987 -1771.350324
-0.004466 0.003417 1.000000
-0.437831 -0.877877 541.881907
-0.324440 -0.789362 92.324452
-0.000795 -0.001714 1.000000
-0.289804 -1.121704 476.232908
-0.156645 -1.263046 -14.874126
-0.000602 -0.002471 1.000000
-0.521075 -0.794966 -23.283121
-0.397348 -0.874826 -170.410746
-0.000953 -0.001845 1.000000
-0.491563 -0.554803 735.033129
-0.433248 -0.479682 -354.158168
-0.001201 -0.001249 1.000000
-0.304030 -1.268583 888.695833
-0.229438 -0.812083 -304.950233
-0.000672 -0.002006 1.000000
-0.188459 -1.631372 692.948875
-0.002275 -1.104391 -267.086810
-0.000298 -0.002778 1.000000
-3.733303 3.128027 -4801.025132
-2.680835 2.114792 -106.969927
-0.005611 0.004720 1.000000
-0.340440 -1.152100 832.079597
-0.371749 -1.086046 87.925318
-0.000714 -0.002117 1.000000
-0.716064 -0.725426 -897.850679
-0.662076 -0.621011 -894.690804
-0.001428 -0.001261 1.000000
-0.120451 -0.915443 70.970832
0.036990 -1.005508 -27.310784
-0.000249 -0.002280 1.000000
-0.645147 -1.080330 407.048879
-0.298800 -0.736941 -106.313706
-0.001082 -0.001647 1.000000
-0.480072 -1.110452 634.945955
-0.160284 -0.799814 -265.523443
-0.000671 -0.002029 1.000000
-1.127428 0.058975 2021.317632
-0.711674 0.094852 143.732010
-0.002469 0.000270 1.000000
-0.502134 -1.220861 1016.532426
-0.136404 -0.685093 57.100977
-0.000566 -0.002034 1.000000
-0.689552 -1.027207 1137.803951
-0.243303 -0.316780 -420.032589
-0.000928 -0.001707 1.000000
-0.806588 -0.637773 1631.601129
-0.304116 -0.279667 -261.896450
-0.001217 -0.001248 1.000000
-1.421160 0.828224 529.025039
-0.863163 0.228050 -529.788638
-0.002711 0.000638 1.000000
-0.510822 -1.275484 1782.768609
-0.256504 -0.801577 -71.149789
-0.000736 -0.001953 1.000000
-0.093809 -1.555428 1243.514161
-0.036083 -0.724255 58.929215
-0.000104 -0.002413 1.000000
0.297235 -2.280269 2339.502271
0.456003 -1.870208 -1902.373001
0.000803 -0.004272 1.000000
-0.492542 -0.904571 999.117963
-0.264259 -0.511904 -361.957607
-0.000801 -0.001563 1.000000
-0.518696 -1.298186 293.132869
-0.181580 -0.669710 -283.015138
-0.000883 -0.001946 1.000000
-0.814278 -0.836132 128.015995
-0.537500 -0.319205 -410.560145
-0.001368 -0.001156 1.000000
-0.747476 -1.154134 -368.024719
-0.563814 -0.527561 218.610674
-0.001341 -0.001484 1.000000
-0.532104 -1.400853 614.499743
-0.380750 -0.968359 75.968822
-0.000744 -0.002131 1.000000
0.438011 -2.511947 109.721015
0.076599 -1.168198 -642.853422
0.000998 -0.004301 1.000000
-0.109685 -1.637267 507.354951
-0.102839 -0.807873 -239.529943
-0.000194 -0.002480 1.000000
-0.149847 -1.765193 435.263906
-0.020903 -1.161519 -152.454686
-0.000535 -0.002715 1.000000
-0.423283 -1.602381 530.609038
-0.302533 -1.018361 41.355810
-0.000631 -0.002295 1.000000
-0.544921 -1.535902 1617.653298
-0.214381 -0.762314 -10.741253
-0.000654 -0.002036 1.000000
-0.113453 -1.636184 255.039514
0.025604 -0.801206 -616.814285
-0.000308 -0.002657 1.000000
-0.390502 -1.122598 1496.207987
-0.158568 -0.571086 421.800343
-0.000793 -0.001728 1.000000
-0.209672 -1.369490 923.579774
-0.001003 -0.438220 -118.249053
-0.000343 -0.002042 1.000000
-0.393479 -0.934139 542.001429
-0.065244 -0.501983 -90.103088
-0.000661 -0.001686 1.000000
-0.285323 -1.024666 377.025167
-0.113838 -0.820478 -49.434147
-0.000460 -0.002063 1.000000
-0.602055 -0.467457 1264.782601
-0.380484 -0.222700 -154.938716
-0.001296 -0.000830 1.000000
-1.534891 0.267854 1932.981042
-1.005177 0.905918 407.124554
-0.003225 0.001246 1.000000
-0.234958 -1.144222 463.931616
-0.243825 -1.287352 181.005909
-0.000437 -0.002533 1.000000
-0.230042 -0.975229 388.234695
-0.162548 -0.920418 170.764594
-0.000457 -0.002012 1.000000
-0.202975 -1.096035 443.789318
-0.203529 -1.242601 93.768754
-0.000555 -0.002470 1.000000
1.624381 -3.000083 2132.087890
0.419647 -1.301898 -147.618688
0.001696 -0.004279 1.000000
-0.370272 -0.875819 340.925749
-0.363099 -0.875048 176.074976
-0.000787 -0.001884 1.000000
-0.258700 -1.086128 130.708283
-0.131348 -0.720799 -96.320305
-0.000443 -0.002233 1.000000
-0.221432 -1.006311 214.208911
0.006684 -0.693879 -50.559462
-0.000416 -0.001957 1.000000
0.003432 -1.381398 500.724654
0.036647 -1.187859 -278.704033
-0.000191 -0.002773 1.000000
0.128479 -1.714723 495.658480
0.201735 -1.403899 -142.687666
0.000217 -0.003175 1.000000
0.068532 -1.000801 288.321489
-0.013976 -1.033737 -79.731503
-0.000131 -0.002621 1.000000
-0.339123 -1.113390 440.462151
-0.259427 -1.302572 37.763824
-0.000476 -0.002535 1.000000
-0.019207 -0.865018 382.551608
-0.129725 -0.536605 100.976997
-0.000185 -0.001872 1.000000
-0.218507 -1.247122 441.193193
-0.062715 -1.282097 71.227618
-0.000346 -0.002718 1.000000
-0.108796 -1.050004 356.443568
-0.172230 -0.888941 180.174220
-0.000476 -0.002046 1.000000
-0.262022 -0.970149 197.206684
-0.049472 -0.722621 112.632647
-0.000423 -0.002176 1.000000
-0.440348 -1.544339 563.883602
0.048190 -1.770442 122.848343
0.000013 -0.003343 1.000000
0.851000 0.016475 -46.668239
-0.080480 0.992002 -24.922796
-0.000233 0.000068 1.000000
-3.261979 4.222034 -896.593293
-1.944545 3.681850 508.071597
-0.005898 0.008042 1.000000
-4.184928 -6.578162 2460.005194
0.300338 -9.542587 1202.209109
-0.000059 -0.014274 1.000000
-0.217698 -1.320395 766.550781
-0.108159 -0.850653 -233.353415
-0.000394 -0.002332 1.000000
-0.521078 -0.877468 22.793149
-0.337319 -0.628348 4.207585
-0.001053 -0.001666 1.000000
-0.964312 -0.156327 933.479253
-0.638302 -0.117290 -155.295424
-0.002082 -0.000179 1.000000
5.248160 3.650343 -1608.300800
1.153131 7.112935 -1274.583475
0.001698 0.005908 1.000000
1.000000 -0.000000 -0.000000
0.000000 1.000000 0.000000
0.000000 -0.000000 1.000000
2.463277 -0.454517 -38.162911
0.866562 0.953736 -261.290659
0.002119 -0.001093 1.000000
1.296385 0.055456 51.569651
0.242840 1.041164 -1.295651
0.000548 0.000066 1.000000
-4.932959 2.708398 263.580737
-1.481059 0.039763 705.499723
-0.005853 0.002799 1.000000
-0.979440 -1.009251 504.891815
-0.469475 -0.678415 421.212341
-0.001182 -0.001404 1.000000
1.116436 0.052398 -23.964907
0.200946 1.102691 -127.252614
0.000291 -0.000240 1.000000
0.696282 -0.263478 218.440830
0.078178 0.784949 -82.471484
0.000056 -0.000594 1.000000
1.044286 -0.235289 110.531984
0.185598 0.866475 -111.369861
0.000289 -0.000549 1.000000
-0.661537 -2.055352 836.055754
-0.095506 -2.032138 257.133098
0.000025 -0.003617 1.000000
-0.509998 -1.336544 635.114143
-0.266695 -1.076968 232.357731
-0.000340 -0.002339 1.000000
-0.357568 -1.767482 671.111740
0.038809 -1.509756 138.311412
0.000289 -0.003233 1.000000
-0.472623 -1.853219 769.517552
-0.087719 -1.377361 181.908815
-0.000130 -0.003020 1.000000
-1.346693 -0.567948 479.275362
-0.499975 -0.550647 372.754629
-0.001624 -0.000968 1.000000
1.719874 0.116666 -167.868669
0.474617 1.455527 -282.950016
0.000545 0.000239 1.000000
-0.725135 -1.467877 649.609527
-0.342725 -0.932010 329.229315
-0.000652 -0.002104 1.000000
-0.386226 -1.427595 627.908130
-0.230941 -0.998652 -70.180963
-0.000308 -0.002522 1.000000
-0.311815 -1.515717 618.971722
-0.076451 -1.040401 99.213469
-0.000176 -0.002523 1.000000
-0.483496 -1.680628 673.829148
-0.187415 -1.392936 203.691326
-0.000137 -0.002843 1.000000
-0.363645 -1.656543 772.942165
-0.103496 -1.200083 153.141244
-0.000215 -0.002698 1.000000
-0.140070 -1.826432 757.446295
-0.030257 -1.157937 76.702577
0.000064 -0.002788 1.000000
-0.355947 -1.787235 597.733556
-0.116821 -1.416245 172.714130
-0.000251 -0.002815 1.000000
-0.199291 -2.049453 741.241922
-0.072933 -1.289898 117.784363
-0.000080 -0.002718 1.000000
-0.026346 -1.813295 683.961941
0.074448 -1.174528 87.263789
0.000034 -0.002703 1.000000
-7.248336 15.887040 14815.462224
-4.569569 10.350557 8761.545899
-0.018103 0.025369 1.000000
-0.364689 -1.617706 738.341209
-0.277330 -1.108127 42.373763
-0.000398 -0.002500 1.000000
-2.497781 6.473563 1963.652690
-1.902325 4.736808 1156.395152
-0.007417 0.009351 1.000000
-2.327244 3.997548 2470.926498
-1.882088 2.693045 1686.729414
-0.006928 0.006436 1.000000
-0.758408 0.417912 1206.682067
-0.734962 0.093622 612.172935
-0.002417 0.000683 1.000000
-0.389026 -1.308841 846.719313
-0.121439 -0.613413 149.144937
-0.000533 -0.001791 1.000000
-0.397605 -1.199721 841.358896
-0.156546 -0.694242 87.425265
-0.000644 -0.001880 1.000000
0.044618 -2.337665 336.906431
0.193252 -1.271285 19.152760
0.000575 -0.003581 1.000000
-3.631517 6.982157 4227.468395
-1.182251 3.535442 1734.892818
-0.008195 0.010135 1.000000
0.281139 -2.637557 -283.369491
0.396924 -2.135075 -79.855742
0.001647 -0.005323 1.000000
-1.103347 1.825233 1470.778875
-1.517691 1.438153 1248.575782
-0.004149 0.003732 1.000000
-0.466381 -0.939888 755.999145
-0.334420 -0.377575 134.255144
-0.001063 -0.001383 1.000000
0.141964 -1.550681 537.016999
-0.024286 -1.453909 -482.279846
0.000146 -0.003089 1.000000
-0.096092 -1.882300 554.281943
0.188155 -1.726826 -84.561981
0.000174 -0.003569 1.000000
2.024500 -5.828534 -1078.545209
1.780072 -3.341460 -1488.774068
0.006212 -0.011120 1.000000
0.219783 -1.962895 4506.184336
0.018046 -0.824724 -1728.674788
0.000224 -0.002979 1.000000
-0.394724 -0.877409 798.333376
-0.200993 -0.389925 68.973653
-0.000765 -0.001462 1.000000
-0.356873 -0.776130 858.827592
-0.388861 -0.490967 173.791734
-0.000980 -0.001259 1.000000
0.069625 -2.265881 627.551536
0.368033 -2.535873 5.864100
0.000614 -0.005052 1.000000
-0.316117 -1.383247 688.995591
-0.158607 -0.794540 -112.876469
-0.000456 -0.002252 1.000000
-0.098003 -1.243720 420.150067
-0.072328 -0.886453 -130.832374
-0.000356 -0.002541 1.000000
0.035837 -1.693165 648.552140
0.121991 -1.156299 -22.187199
0.000164 -0.003017 1.000000
0.366931 -1.714878 698.137948
0.148071 -1.239161 -228.980339
0.000577 -0.003612 1.000000
-0.011146 -1.422630 550.246659
0.033944 -0.930277 -118.199669
-0.000068 -0.002387 1.000000
-0.229098 -1.503726 838.368929
0.041536 -1.162870 -163.877001
-0.000242 -0.002818 1.000000
-0.326830 -1.112886 906.409913
-0.075074 -0.963575 8.805824
-0.000566 -0.002412 1.000000
-0.079197 -1.443675 856.876366
0.016668 -0.840267 4.531109
-0.000138 -0.002383 1.000000
-0.357292 -1.272855 846.460210
-0.223479 -0.782368 -67.347599
-0.000679 -0.002208 1.000000
-0.319532 -1.440508 461.218550
-0.122527 -0.840428 -240.092046
-0.000444 -0.002323 1.000000
36.908587 -43.215020 -6740.837915
14.239771 -22.146522 -22786.564727
0.052300 -0.067735 1.000000
-0.046648 -1.446474 501.177272
0.048553 -1.152568 -74.364778
0.000037 -0.002984 1.000000
-0.536121 -0.909022 800.289609
-0.400616 -0.548337 31.481586
-0.001103 -0.001341 1.000000
-0.243258 -1.175379 1117.881368
-0.047231 -0.319114 -94.609298
-0.000498 -0.001814 1.000000
-11.303109 9.197705 -3600.855617
-3.422859 3.463853 178.868688
-0.013630 0.011510 1.000000
-1.064515 0.321718 1184.241623
-0.800709 0.239317 82.305080
-0.002668 0.000669 1.000000
-0.223975 -1.226940 740.558246
-0.102903 -1.009710 -20.198895
-0.000704 -0.002410 1.000000
0.156811 -1.643012 135.047091
0.153882 -1.073958 -59.731500
0.000329 -0.002998 1.000000
-0.473551 -0.403018 856.538287
-0.359017 -0.413655 -9.498724
-0.001307 -0.001049 1.000000
0.639704 -2.636395 -166.965006
0.441667 -2.586979 -106.164787
0.000904 -0.004867 1.000000
-1.472233 2.053796 2332.219687
-1.739784 2.249433 -23.502837
-0.005228 0.004162 1.000000
-0.053201 -0.930279 590.306749
-0.229885 -0.773386 -136.622204
-0.000690 -0.002051 1.000000
-0.064412 -1.078085 -114.494496
-0.012406 -0.833369 -168.257366
-0.000238 -0.002376 1.000000
-0.080057 -1.314810 266.892196
0.005660 -1.252482 60.404348
-0.000311 -0.002726 1.000000
-0.681640 -0.496018 899.193636
-0.350669 -0.229405 -25.901489
-0.001557 -0.000781 1.000000
-0.189427 -1.007967 275.617085
-0.054774 -0.991394 -90.777323
-0.000389 -0.002490 1.000000
0.016997 -1.034084 118.678550
0.054247 -1.093810 -42.232514
-0.000312 -0.002534 1.000000
-0.314658 -0.493268 -5.547651
-0.364678 -0.613129 99.982989
-0.000939 -0.001557 1.000000
-0.514954 -1.201250 734.184605
-0.182217 -1.322151 -6.112698
-0.000696 -0.002558 1.000000
-0.173668 -1.757477 320.498728
0.051224 -1.476224 26.171190
-0.000193 -0.003104 1.000000
-0.280550 -0.733582 1231.919957
-0.193256 -0.480066 270.666409
-0.000672 -0.001716 1.000000
-0.646564 -1.211429 716.282915
-0.202358 -0.504056 -101.834691
-0.000785 -0.001712 1.000000
-0.307646 -0.978332 859.004663
-0.041155 -0.515519 -114.928634
-0.000449 -0.001920 1.000000
-0.412359 -1.309367 532.112150
0.002641 -0.648548 -274.086999
-0.000629 -0.002469 1.000000
0.027121 -1.762277 501.103839
0.082917 -0.758803 -189.580297
0.000019 -0.002765 1.000000
0.040734 -1.733440 245.811667
-0.002453 -1.027386 -183.655383
0.000081 -0.002786 1.000000
-0.130298 -1.492421 300.199144
-0.044485 -1.455112 -158.056147
-0.000059 -0.002899 1.000000
-1.139771 0.061828 53.375026
-0.982227 0.194513 -658.064166
-0.002480 0.000255 1.000000
-0.362790 -1.203433 -247.210002
-0.223677 -1.077598 -72.923819
-0.000688 -0.002290 1.000000
-0.121778 -1.433177 -287.213407
-0.161373 -1.310427 79.262205
-0.000479 -0.002659 1.000000
-0.526075 -0.885585 275.817696
-0.479975 -0.825731 45.086472
-0.001174 -0.001825 1.000000
-0.282046 -0.818052 143.890164
-0.149480 -0.291716 -412.221166
-0.000837 -0.001648 1.000000
-0.337892 -0.998260 315.871005
-0.305216 -0.766335 -12.206165
-0.000712 -0.001903 1.000000
0.839614 -2.696325 -966.520513
0.628588 -1.967019 -622.412524
0.001464 -0.004843 1.000000
-0.318004 -1.298714 878.472793
-0.006362 -0.491404 -236.308522
-0.000348 -0.001954 1.000000
-0.031189 -1.458595 326.970498
-0.027473 -1.078568 -72.392166
-0.000157 -0.002664 1.000000
-0.060071 -1.128008 512.269502
-0.029663 -0.681447 -188.324881
-0.000248 -0.002265 1.000000
-1.005236 -1.098563 403.887318
-0.502721 -1.188719 242.215169
-0.001280 -0.002343 1.000000
0.430422 -2.271844 1422.103339
0.245147 -1.467875 -1951.029166
0.000799 -0.004229 1.000000
-0.170764 -1.840152 628.790838
0.003738 -1.362425 -189.935509
0.000047 -0.003656 1.000000
-0.398878 -0.553425 315.283935
-0.249768 -0.526794 22.772164
-0.000900 -0.001408 1.000000
0.301407 -1.804345 686.652813
0.222916 -1.191999 -862.913676
0.000334 -0.003136 1.000000
0.239456 -1.628346 1103.241372
0.132378 -1.094724 -622.376997
0.000170 -0.002950 1.000000
-0.533655 -1.057536 206.484831
-0.349151 -0.849033 -24.726631
-0.000877 -0.001736 1.000000
-0.220403 -1.151264 625.446937
-0.113663 -0.993607 12.527892
-0.000387 -0.002294 1.000000
-0.904948 -0.530141 386.989877
-0.439743 -0.447396 264.126727
-0.001213 -0.001108 1.000000
-0.130235 -1.166569 373.961385
-0.101945 -1.042104 -173.115082
-0.000410 -0.002353 1.000000
