-9.579102 14.625354 -1059.970102
-8.096230 10.752421 9523.552059
-0.019787 0.028475 1.000000
1.230889 -4.533105 2211.711488
1.312165 -3.106641 -1875.002802
0.003472 -0.008637 1.000000
0.220794 -1.995054 -322.291017
-0.089848 -1.122261 -467.286928
0.000325 -0.003029 1.000000
-0.125347 -1.610698 343.830711
-0.158802 -1.213055 9.169148
0.000108 -0.002965 1.000000
-1.152890 0.771090 1052.052638
-1.045325 0.487472 1550.796960
-0.002472 0.001911 1.000000
-0.616027 -0.751661 2032.803091
-0.537817 -0.607974 1834.972017
-0.001041 -0.001222 1.000000
0.110739 -1.476661 809.196294
-0.256520 -1.366905 -925.058841
0.000443 -0.003692 1.000000
-1.241273 1.100777 414.077999
-0.994110 1.131587 1366.525569
-0.003014 0.002645 1.000000
17.326486 -21.635145 2980.984354
6.261121 -18.266052 -29386.998925
0.029038 -0.044698 1.000000
0.774083 -2.577971 2228.416467
0.300326 -1.520767 -987.758341
0.001424 -0.004696 1.000000
-0.088412 -1.228830 662.981559
-0.144164 -0.875115 -316.858817
0.000001 -0.002789 1.000000
-2.470750 1.586585 -359.731062
-2.037836 1.558018 3281.259077
-0.005018 0.004108 1.000000
2.330898 -11.501796 8060.258532
1.340974 -5.689508 -4974.485672
0.006437 -0.015738 1.000000
0.059655 -1.609663 1260.992594
-0.229316 -1.513783 -210.943123
0.000081 -0.003415 1.000000
-0.778627 0.077799 -188.850322
-0.670225 -0.146380 694.351728
-0.001641 -0.000019 1.000000
-1.730941 1.671224 1294.162018
-1.493246 1.167923 1750.665317
-0.003872 0.003576 1.000000
3.031032 -8.321583 394.310326
1.946897 -4.595343 -3048.045437
0.005604 -0.012008 1.000000
0.372515 -2.129383 1012.911296
0.139744 -1.645641 -311.005170
0.000581 -0.003668 1.000000
-1.282432 0.331576 1253.630075
-0.985638 0.382843 1499.572247
-0.002551 0.001183 1.000000
1.112269 -3.359938 1086.266917
0.429264 -2.040149 -356.077959
0.001695 -0.005277 1.000000
-0.682533 -0.353087 1248.700656
-0.648760 -0.359941 342.169830
-0.001409 -0.000779 1.000000
-0.997240 0.050172 -8.705005
-0.660226 0.100613 567.454371
-0.001772 0.000136 1.000000
-0.763737 -0.781670 -1314.105780
-0.339834 -0.213849 385.291679
-0.001171 -0.000924 1.000000
0.054359 -1.401867 474.691770
0.197027 -1.215520 -225.186343
0.000603 -0.003107 1.000000
0.316425 -2.336860 783.226980
0.200174 -1.829797 -283.912618
0.000704 -0.003961 1.000000
-0.226261 -0.941399 722.923982
-0.275463 -0.894112 81.907934
-0.000541 -0.001974 1.000000
1.492671 -3.113577 -538.975672
1.228992 -3.479951 -1963.217953
0.003276 -0.008527 1.000000
0.607562 -2.424339 -314.146213
-0.037573 -2.301505 -456.684993
0.001725 -0.005963 1.000000
1.747501 -4.440782 -676.190612
1.258454 -2.832570 -1111.508548
0.003355 -0.007539 1.000000
-18.010870 37.022506 -5233.872850
-19.265764 29.257647 25958.684519
-0.046899 0.076243 1.000000
0.109883 -1.728489 895.728709
0.108635 -1.527780 -252.719482
0.000480 -0.003452 1.000000
-0.305980 -0.838220 843.844115
-0.357053 -0.837496 -182.048626
-0.000661 -0.001874 1.000000
-0.367617 -0.629681 -63.608246
-0.380335 -0.667555 321.608614
-0.000731 -0.001455 1.000000
2.258804 -5.373411 -1854.924644
1.720395 -4.134483 -2445.864412
0.005145 -0.011714 1.000000
1.663496 -4.283273 -875.407933
1.010189 -2.931196 -2564.794893
0.003831 -0.008741 1.000000
0.821318 -1.872013 127.495540
0.631720 -1.833932 -1035.211710
0.001265 -0.004413 1.000000
-1.304182 0.927742 -219.750230
-1.314051 0.619482 1850.441356
-0.002934 0.001936 1.000000
-0.256531 -0.888256 -169.564222
-0.374253 -0.775145 263.448783
-0.000501 -0.001875 1.000000
0.366388 -1.790624 58.762044
-0.089224 -1.410029 -497.124236
0.000107 -0.003363 1.000000
-0.251578 -1.313832 423.442716
-0.212138 -0.895268 -139.429586
-0.000618 -0.002268 1.000000
-0.110642 -1.440981 1146.235849
-0.113869 -0.904026 -472.460095
-0.000216 -0.002364 1.000000
-0.471601 -0.741392 780.362221
-0.321104 -0.512025 73.927717
-0.000777 -0.001442 1.000000
-0.279075 -0.804591 1028.280514
-0.335912 -0.626353 -135.680293
-0.000817 -0.001684 1.000000
-2.991621 2.321836 4342.054730
-1.853198 1.807300 444.327172
-0.005211 0.004465 1.000000
6.026405 -7.245061 -10966.411538
2.704046 -5.556128 -3946.216946
0.010466 -0.017124 1.000000
-2.908498 2.695265 2612.677516
-1.766634 1.534460 1723.491889
-0.005250 0.005534 1.000000
1.112817 -3.164882 279.049805
0.687937 -2.140890 -1189.494094
0.002520 -0.006443 1.000000
-3.966726 6.082684 -1398.328623
-5.521268 7.754383 7114.965693
-0.011049 0.020355 1.000000
-1.824232 2.162187 -2128.776421
-2.196162 2.282974 1533.474570
-0.005473 0.006327 1.000000
-2.612410 1.760595 -516.029668
-1.304606 0.704056 2135.053359
-0.004526 0.003323 1.000000
0.018642 -1.341845 998.077580
-0.111366 -0.874528 -17.460663
-0.000060 -0.002557 1.000000
-2.620517 2.268796 -845.026058
-1.551101 1.162604 1942.613152
-0.004852 0.004227 1.000000
-0.249673 -1.061353 606.749626
-0.207837 -0.722685 -119.923365
-0.000356 -0.002156 1.000000
-0.220372 -1.159733 911.056192
-0.162576 -0.925434 -231.340944
-0.000371 -0.002251 1.000000
1.551947 -3.991333 2379.307453
1.057457 -3.451832 -1104.287419
0.003733 -0.009621 1.000000
0.353644 -1.764648 608.128822
0.041086 -1.397881 -254.661902
0.000539 -0.003514 1.000000
-0.144157 -1.201001 1665.380172
0.024123 -0.886691 -491.790568
0.000241 -0.002935 1.000000
-0.951903 0.165289 1725.762372
-0.658473 0.104867 749.949691
-0.002039 0.000318 1.000000
-0.687552 -0.000917 -171.749317
-0.717047 -0.170607 1209.032074
-0.001717 -0.000076 1.000000
-11.866653 15.261546 -6543.553890
-9.063590 9.684915 12061.432330
-0.024031 0.032057 1.000000
-1.030665 0.160668 -2957.861030
-0.657425 0.276497 1318.998527
-0.002304 0.000702 1.000000
0.373911 -1.942039 760.464124
0.315202 -1.936324 -367.144178
0.001210 -0.004780 1.000000
-0.264989 -0.847221 146.721566
-0.127750 -0.695274 -12.822450
-0.000348 -0.002064 1.000000
0.393031 -1.559603 1181.116303
0.493356 -1.765371 -1425.088179
0.001028 -0.003896 1.000000
-1.396391 0.249549 -1693.254112
-0.658955 0.125934 2876.286322
-0.002414 0.000570 1.000000
-0.318506 -0.860265 -86.728403
-0.329479 -0.801806 151.644869
-0.000638 -0.001777 1.000000
-0.016167 -1.366155 -204.035479
-0.095648 -1.231843 -341.428226
0.000183 -0.003045 1.000000
0.286153 -1.766648 1093.541587
0.043068 -1.161319 -636.304366
0.000476 -0.003445 1.000000
-1.351705 0.899254 1523.010969
-0.565711 0.164608 657.358641
-0.002402 0.000975 1.000000
2.574395 -4.896130 -3768.272039
2.253140 -4.286459 -3241.583821
0.004954 -0.011333 1.000000
-51.902143 70.387120 86990.244892
-32.815341 37.566783 -6418.102454
-0.082244 0.111256 1.000000
0.691728 -2.370284 -1182.738905
0.364468 -1.855352 -1081.854791
0.000913 -0.004085 1.000000
-5.666070 7.598156 5830.624777
-2.253172 3.211023 -196.211941
-0.009136 0.013137 1.000000
0.088532 -2.059789 888.399416
-0.153543 -1.403131 -830.723701
0.000169 -0.003565 1.000000
-8.828335 10.143850 -6749.724614
-6.057893 8.259239 12659.305855
-0.016292 0.022494 1.000000
-0.310820 -1.665919 937.279378
-0.232097 -1.367234 13.793015
-0.000119 -0.002864 1.000000
-3.287725 1.832190 4818.424703
-1.979318 1.289405 2805.261780
-0.005877 0.004803 1.000000
0.991255 -3.319157 -5610.987386
0.291189 -1.928870 -1871.786298
0.002183 -0.006081 1.000000
-3.325911 3.230336 -2176.400700
-1.925159 2.012347 3080.376031
-0.005258 0.005645 1.000000
-1.821291 1.317441 -705.234520
-1.289294 0.933860 1367.621256
-0.003277 0.002534 1.000000
-2.457490 2.267790 3123.471318
-1.556535 1.245661 2006.032779
-0.004554 0.003714 1.000000
20.610382 -35.509263 -11566.513077
12.090986 -26.932997 -13681.703787
0.033559 -0.067704 1.000000
-47.445611 80.757342 64562.638639
-31.316336 63.402236 55640.881285
-0.080111 0.146231 1.000000
0.610041 -2.241411 -41.505245
0.123104 -1.349376 -444.587116
0.000757 -0.003898 1.000000
-2.014087 1.905013 2318.201673
-0.822908 0.631802 -44.675326
-0.003593 0.002990 1.000000
-1.518233 0.580850 1944.818052
-0.794882 0.103912 570.603119
-0.002839 0.001479 1.000000
0.891060 -3.246648 -349.615280
0.813272 -2.499458 -917.865770
0.001542 -0.005601 1.000000
-0.974162 -0.047223 1482.725015
-0.865034 -0.048404 402.008770
-0.001799 -0.000003 1.000000
1.222102 -2.063630 -934.489839
0.560280 -1.101358 -578.452122
0.002541 -0.005262 1.000000
0.100869 -1.877547 135.003938
-0.018660 -1.369162 -139.549638
0.000327 -0.003296 1.000000
-0.195760 -1.774304 134.860846
-0.039434 -1.415252 2.260494
0.000135 -0.003198 1.000000
9.931463 -14.000805 -9550.317657
5.992798 -10.359788 -4355.197378
0.013030 -0.025195 1.000000
-0.990121 -0.149693 1466.354536
-0.728246 -0.199365 1308.055084
-0.001532 -0.000209 1.000000
-0.029475 -1.833174 -1386.519869
0.157615 -1.343053 141.202788
0.000496 -0.003776 1.000000
0.784438 -3.048130 -1281.145316
0.456120 -1.925680 -1270.815867
0.001534 -0.005522 1.000000
1.358955 -3.024464 909.190982
0.683102 -1.433796 -926.152677
0.001972 -0.004510 1.000000
0.527114 -3.561620 -368.435486
0.031215 -2.261586 -649.847504
0.001702 -0.006324 1.000000
0.350395 -1.635072 1299.921304
0.087415 -1.330345 -1012.042910
0.000432 -0.003251 1.000000
2.590482 -7.560261 -565.038506
1.788647 -5.372543 -2497.314562
0.004422 -0.011929 1.000000
-0.100537 -0.968808 685.273402
-0.295322 -0.856265 83.691169
-0.000511 -0.001898 1.000000
11.407256 -22.606610 -19129.521700
6.850575 -16.139730 -13235.475511
0.016135 -0.034343 1.000000
-1.597574 1.048457 1480.673671
-1.169150 0.243496 1707.148245
-0.002821 0.001315 1.000000
-0.397727 -0.777526 842.535209
-0.366210 -0.659852 185.626530
-0.000732 -0.001383 1.000000
0.301609 -1.704285 657.781929
-0.023491 -1.119157 -187.486224
0.000232 -0.002856 1.000000
1.365134 -3.984149 -1401.868256
1.002632 -3.360318 -2099.454886
0.002617 -0.006997 1.000000
1.107461 -2.837288 890.490655
0.400286 -2.242801 -488.063496
0.001371 -0.005151 1.000000
-0.060448 -1.974847 13.106550
-0.014079 -1.407649 0.458215
0.000172 -0.003300 1.000000
-0.470015 -0.698743 617.706772
-0.470768 -0.685729 -97.220796
-0.000874 -0.001388 1.000000
-1.417337 0.744002 -2964.579304
-1.077982 0.373791 -245.182529
-0.002571 0.001304 1.000000
-9.060328 6.799474 4581.326118
-6.036061 4.175687 -6136.402023
-0.014464 0.013331 1.000000
8.753098 -15.847847 -9054.610125
5.794226 -12.197730 1618.436124
0.014806 -0.030757 1.000000
-2.077394 1.483864 2702.591662
-1.187716 0.586691 1504.791464
-0.003723 0.002902 1.000000
-0.430105 -0.711658 352.864131
-0.266387 -0.471870 -33.258343
-0.000772 -0.001392 1.000000
-0.007067 -1.168203 914.351569
-0.180380 -0.938030 -245.711083
-0.000305 -0.002319 1.000000
-1.902262 0.415533 3752.634785
-1.131613 0.448328 999.594943
-0.003484 0.001725 1.000000
0.067653 -1.627019 -82.044810
-0.023699 -1.275621 -1145.466084
-0.000007 -0.002914 1.000000
-0.355794 -0.870860 -201.467159
-0.479134 -0.896302 434.047225
-0.000827 -0.001637 1.000000
0.422381 -1.694567 -337.892774
-0.032266 -0.989870 -805.122159
0.000428 -0.003393 1.000000
-0.216206 -1.631800 -429.510578
-0.072136 -1.001973 -251.725125
-0.000271 -0.002709 1.000000
-0.180072 -1.134461 98.880102
-0.211098 -0.940919 8.799576
-0.000248 -0.002440 1.000000
0.192599 -1.957950 -236.449942
-0.200775 -1.255201 -188.507421
0.000396 -0.003648 1.000000
-0.012840 -1.369650 1011.835954
-0.186902 -0.741176 49.234079
-0.000136 -0.002003 1.000000
-0.072038 -1.251462 732.419300
-0.152169 -0.884742 -102.258345
-0.000253 -0.002230 1.000000
0.250413 -1.858860 278.923219
0.125259 -0.969298 -299.045303
0.000349 -0.003325 1.000000
-0.084277 -1.480698 874.077891
-0.142336 -1.222545 -159.794391
-0.000261 -0.002539 1.000000
0.246023 -1.662339 810.517750
0.032493 -1.605671 -397.074338
0.000308 -0.003622 1.000000
0.506148 -2.071604 756.115089
0.310673 -1.715362 -219.217499
0.000595 -0.003799 1.000000
1.223865 -3.393558 -512.996192
1.572032 -3.750432 -2351.380313
0.003476 -0.008208 1.000000
-0.314092 -0.820768 792.093200
-0.408930 -0.821221 134.795202
-0.000695 -0.001646 1.000000
-2.583000 3.525379 3056.956534
-2.146229 2.598322 2107.556135
-0.005136 0.005478 1.000000
0.101094 -1.891431 868.672202
0.110345 -1.296101 -647.033229
0.000318 -0.003200 1.000000
-10.246986 15.610051 4407.761350
-6.175702 10.754999 9837.486441
-0.016492 0.024940 1.000000
-1.115816 0.079670 2560.839799
-0.932761 0.042748 2026.670109
-0.002115 0.000494 1.000000
2.016078 -4.666342 137.178055
0.960198 -4.646245 -2240.663571
0.003089 -0.008726 1.000000
1.298668 -4.236176 -3420.784875
1.357565 -4.260232 -1378.764258
0.003239 -0.008932 1.000000
-1.126731 0.029782 1477.392000
-0.877402 -0.082364 1186.793369
-0.001877 0.000055 1.000000
-0.397286 -0.559187 630.388624
-0.418918 -0.653749 29.374776
-0.000893 -0.001317 1.000000
-0.433491 -0.817801 918.323033
-0.372137 -0.701743 92.831453
-0.000696 -0.001523 1.000000
-1.077127 0.467668 1551.227896
-0.790194 0.208679 688.189889
-0.002384 0.000865 1.000000
2.444440 -4.308033 1904.569842
0.679619 -2.557619 -946.227234
0.002815 -0.007272 1.000000
-0.386866 -0.507042 768.274154
-0.392843 -0.467343 35.127308
-0.000972 -0.001041 1.000000
-0.173754 -1.353976 542.391849
-0.198788 -0.747163 -221.179413
-0.000369 -0.002276 1.000000
-0.006928 -1.673239 1280.920419
0.167731 -0.779319 -409.695234
0.000179 -0.002755 1.000000
-5.279489 3.374054 6283.753168
-4.383513 3.014998 3059.725490
-0.014059 0.011627 1.000000
-1.017660 0.501892 1257.780319
-0.679512 0.187552 588.435498
-0.001970 0.000542 1.000000
-1.225914 0.719160 1726.331798
-1.064187 0.503163 851.760689
-0.002628 0.001222 1.000000
7.769959 -16.842632 -2384.096607
7.008482 -9.016907 -5342.773808
0.015129 -0.026449 1.000000
-1.296031 0.507407 1226.167927
-0.724948 0.131216 727.436916
-0.002231 0.001054 1.000000
-1.206531 0.426137 1467.079841
-1.107266 0.197996 327.878072
-0.002438 0.000800 1.000000
-1.187621 0.208422 1330.702054
-0.679364 0.299900 490.217849
-0.001802 0.000529 1.000000
-0.065702 -1.200246 148.298310
0.004802 -0.677749 -197.011763
0.000063 -0.002433 1.000000
-0.024750 -2.170441 649.020831
0.104555 -1.495575 -316.987455
0.000581 -0.003863 1.000000
1.941157 -3.582816 848.569746
1.254572 -2.366394 -1442.945248
0.003143 -0.006409 1.000000
0.552392 -1.604960 626.890699
0.196196 -0.663246 -249.528663
0.000564 -0.002880 1.000000
-0.022207 -0.956980 380.979119
-0.043264 -0.451267 -75.521259
-0.000195 -0.002041 1.000000
-0.190722 -1.315500 1996.948710
-0.071957 -0.654628 45.442213
-0.000374 -0.002332 1.000000
-0.969982 -0.130882 -620.855364
-0.541764 -0.274811 457.707410
-0.001491 -0.000596 1.000000
-0.757296 -0.157317 1282.911224
-0.552879 -0.095602 537.399665
-0.001807 -0.000229 1.000000
-1.695408 1.426825 2060.284213
-0.930713 1.150082 624.689360
-0.003624 0.002978 1.000000
-0.180884 -0.880918 534.349770
-0.242564 -1.003772 164.405419
-0.000443 -0.002002 1.000000
0.340505 -1.346471 323.738422
-0.043205 -1.154787 -114.989362
0.000044 -0.002915 1.000000
-0.858544 0.037853 1884.587341
-0.424313 -0.105139 142.724494
-0.001571 -0.000127 1.000000
-0.349424 -1.142959 -427.428071
-0.263681 -0.742192 264.353510
-0.000519 -0.002046 1.000000
0.108643 -1.645525 634.159124
-0.048112 -1.524957 -227.627056
0.000129 -0.003561 1.000000
1.016385 -2.789551 680.367021
0.798629 -2.290399 -952.142637
0.001875 -0.005544 1.000000
0.275311 -1.544966 12.338330
-0.076410 -1.290418 -254.648851
0.000760 -0.003665 1.000000
-0.274828 -1.082248 1895.995752
-0.157366 -0.834061 98.103770
-0.000576 -0.002104 1.000000
-0.145013 -1.018677 -83.940810
-0.158490 -0.909280 141.292764
-0.000201 -0.002341 1.000000
0.429006 -1.699846 -327.376962
-0.004163 -0.588179 -931.624839
0.000801 -0.003071 1.000000
-1.786729 1.192925 1975.286394
-1.086324 0.831555 1091.769548
-0.003406 0.002742 1.000000
0.252462 -1.217614 20.170986
0.024874 -1.351843 17.333900
0.000083 -0.002867 1.000000
-1.444979 1.699881 1409.799288
-1.608161 1.146384 1564.205069
-0.003466 0.002808 1.000000
0.006749 -1.071928 414.295323
-0.107746 -0.787717 -484.740513
-0.000317 -0.002711 1.000000
-0.191201 -0.857896 246.578558
-0.168275 -0.718149 -45.570619
-0.000289 -0.002006 1.000000
0.389981 -2.668468 -72.274403
0.563648 -2.598535 -659.172111
0.002022 -0.006372 1.000000
-0.459695 -0.898202 156.212041
-0.422615 -0.855921 275.687697
-0.000660 -0.001669 1.000000
0.525980 -1.960831 724.361896
0.135495 -1.552739 -221.007025
0.000983 -0.004043 1.000000
-1.555950 0.952989 1732.917583
-0.936830 0.545773 1128.990095
-0.004007 0.002924 1.000000
-0.862195 0.026063 1860.614660
-0.773526 -0.073482 1510.405570
-0.001927 0.000214 1.000000
0.288312 -1.904891 236.332791
0.548810 -1.857551 -780.578184
0.001470 -0.005246 1.000000
-0.197066 -1.044307 799.471805
-0.232135 -1.166422 155.374384
-0.000270 -0.002527 1.000000
-0.084042 -1.197783 242.811073
-0.308896 -1.465902 164.253148
-0.000249 -0.002733 1.000000
-6.923800 9.105952 -6455.781476
-3.018641 3.092438 984.823895
-0.010455 0.012787 1.000000
-1.657987 0.587066 413.631522
-0.899175 0.322473 1488.667916
-0.003209 0.001396 1.000000
1.150555 -2.949192 2790.213361
0.613177 -1.802645 -1824.375605
0.002083 -0.005904 1.000000
-6.242274 7.780471 -29998.530200
-4.275658 4.911755 37175.472034
-0.010530 0.014335 1.000000
-59.719826 94.863087 41898.218935
-37.454303 88.129237 46862.605022
-0.139912 0.221927 1.000000
-0.651935 -0.840511 1302.820558
-0.339458 -0.543176 -14.527722
-0.000889 -0.001398 1.000000
0.798262 -2.101144 -25.542511
0.010132 -1.706203 -217.577372
0.001302 -0.004693 1.000000
-0.510359 -0.910994 462.597287
-0.148962 -0.515297 -418.640177
-0.000714 -0.001545 1.000000
-1.767841 1.398027 -1558.458363
-1.025690 1.169379 -2742.626107
-0.003409 0.002813 1.000000
-0.297515 -1.167061 295.453477
-0.177411 -0.901285 -262.944111
-0.000059 -0.002757 1.000000
1.234665 -3.043330 -2294.417158
0.408707 -1.742839 -1535.478568
0.002345 -0.006624 1.000000
0.138560 -1.768916 385.531970
-0.075882 -1.514006 -217.366782
0.000503 -0.003660 1.000000
-0.174369 -1.334930 736.692951
-0.205427 -1.309170 -438.009560
-0.000042 -0.003077 1.000000
-0.638436 -0.849265 892.332131
-0.326923 -0.470832 153.554054
-0.000837 -0.001313 1.000000
-0.370010 -1.027717 711.224660
-0.229185 -0.767035 -190.058053
-0.000675 -0.001933 1.000000
-0.643348 -0.698875 841.383242
-0.261948 -0.378598 43.404341
-0.001060 -0.001021 1.000000
-0.578915 -0.384414 1295.186662
-0.379128 -0.276737 489.991636
-0.001168 -0.000975 1.000000
-0.872650 -0.442613 1197.786822
-0.521850 -0.212394 337.590993
-0.001349 -0.000576 1.000000
-0.265903 -1.273363 1061.647604
-0.035059 -0.815816 -1269.167582
-0.000286 -0.002348 1.000000
0.205722 -1.543133 907.564600
0.069746 -1.213347 -136.070230
0.000068 -0.003150 1.000000
0.221556 -2.008931 557.824429
-0.087665 -1.225668 -228.006007
0.000283 -0.003103 1.000000
2.258931 -4.045833 855.253630
1.119987 -3.071528 -1177.964806
0.003498 -0.007902 1.000000
0.460703 -1.982886 717.505650
0.218431 -1.448941 -240.498407
0.000609 -0.003434 1.000000
0.155276 -1.845445 1205.817617
-0.188187 -1.006300 -41.352930
0.000099 -0.002868 1.000000
0.867784 -3.827840 623.173771
0.408817 -2.419832 -1606.089853
0.001793 -0.006574 1.000000
1.179136 -2.999035 1219.611906
0.363019 -1.585216 -578.173235
0.001400 -0.004959 1.000000
0.257590 -1.677915 796.494576
0.020497 -1.019272 -111.040413
0.000438 -0.003100 1.000000
2.390422 -5.802220 4822.170172
3.798406 -6.964116 -1860.739083
0.007667 -0.015016 1.000000
-0.446212 -1.245989 421.790201
-0.262153 -0.776455 -331.150802
-0.000724 -0.001832 1.000000
-0.056212 -1.463789 806.562720
0.258798 -1.712309 -10.377189
0.000548 -0.003767 1.000000
-0.209966 -3.055847 1638.962719
0.535595 -3.519668 -253.564648
0.001802 -0.006993 1.000000
0.712455 -2.494438 1581.662076
1.232987 -2.937358 -489.270874
0.002969 -0.006785 1.000000
0.239889 -1.705714 620.889821
0.120281 -0.738755 -212.647824
0.000391 -0.002939 1.000000
0.090229 -0.993846 276.031854
-0.195762 -0.464844 67.983449
-0.000263 -0.001935 1.000000
0.002402 -1.582248 406.504621
-0.130115 -0.757867 -49.405607
-0.000074 -0.002666 1.000000
0.319762 -2.202592 1272.750917
0.026675 -0.970379 -414.180032
0.000441 -0.003285 1.000000
0.112469 -1.487643 -274.928970
0.317721 -1.485244 -515.608376
0.000553 -0.003477 1.000000
0.768587 -3.516540 1811.826053
1.287840 -4.456619 -1067.391922
0.003478 -0.009283 1.000000
0.030978 -1.039139 498.535102
-0.050792 -0.610080 -30.186762
0.000010 -0.002160 1.000000
-0.615857 -0.352347 558.935119
-0.641126 -0.379684 -419.482721
-0.001401 -0.000740 1.000000
-1.640564 1.320891 2.982317
-1.179950 1.017557 3875.807140
-0.003713 0.003553 1.000000
-1.185328 -1.855604 1053.480961
-0.391526 -2.076815 558.724739
-0.000482 -0.003277 1.000000
-0.910407 -1.240580 731.557380
-0.279129 -0.798484 313.813298
-0.000756 -0.001861 1.000000
0.500212 -0.617725 271.317340
-0.105686 0.166344 173.677495
-0.000120 -0.001129 1.000000
0.238913 -0.811440 352.759981
-0.161610 -0.195288 229.651259
-0.000262 -0.001509 1.000000
-0.750482 -0.638788 209.049308
-0.484797 -0.410038 -604.147255
-0.001257 -0.000904 1.000000
0.512154 -3.116791 958.688334
0.594942 -1.945313 -935.589295
0.001680 -0.005413 1.000000
0.125756 -1.965097 1180.767844
0.372277 -1.851378 -536.267355
0.000544 -0.004030 1.000000
-0.241185 -1.634895 989.131168
-0.146932 -1.209493 70.244940
0.000002 -0.002815 1.000000
-0.079104 -1.347371 795.985907
-0.193679 -1.461275 204.216776
-0.000204 -0.003147 1.000000
-0.237085 -0.982108 29.404243
-0.401554 -1.082052 22.721800
-0.000454 -0.002210 1.000000
0.363896 -2.979051 1202.311051
0.399648 -2.821612 -548.885012
0.001552 -0.006258 1.000000
0.538462 -0.270248 241.817045
-0.167666 0.592997 193.708068
-0.000334 -0.000389 1.000000
1.000000 -0.000000 0.000000
-0.000000 1.000000 0.000000
-0.000000 -0.000000 1.000000
0.640090 -0.248300 193.619831
-0.120724 0.635991 174.927962
-0.000238 -0.000430 1.000000
0.773751 -0.499837 242.036481
-0.021933 0.339671 190.367445
0.000046 -0.000929 1.000000
1.103354 0.094408 -65.247408
-0.007379 1.173247 -150.465970
-0.000022 0.000247 1.000000
0.194533 -0.724632 384.621190
-0.103621 -0.055922 119.137061
-0.000229 -0.001462 1.000000
0.294692 -0.188308 235.962299
-0.198489 0.500573 184.756474
-0.000525 -0.000367 1.000000
3.370190 -1.829259 386.339558
1.303714 0.582272 -688.371096
0.002891 -0.002517 1.000000
-3.143291 4.759612 -2065.366320
-1.576973 2.067358 792.386404
-0.007492 0.008375 1.000000
3.230556 -4.411918 1515.813707
1.218820 -4.076226 -776.236183
0.005678 -0.010933 1.000000
-2.837569 1.961689 -2294.279712
-1.866458 1.117292 1078.228300
-0.005363 0.004860 1.000000
-1.126511 0.671240 207.477257
-0.868975 0.711652 536.348808
-0.002084 0.001224 1.000000
-1.088433 0.457077 2.094834
-0.831098 0.488914 633.264716
-0.002094 0.001049 1.000000
-0.036660 -1.244438 388.381594
-0.062914 -1.249760 266.521269
-0.000132 -0.002650 1.000000
-0.050999 -0.853510 316.316791
-0.156000 -0.712046 257.646833
-0.000414 -0.001838 1.000000
-0.169199 -0.846229 346.326071
-0.139037 -0.454607 125.682754
-0.000526 -0.001834 1.000000
-0.168830 -1.149861 317.329206
-0.082113 -1.167092 101.325942
-0.000233 -0.002918 1.000000
-0.211500 -0.866686 356.046553
-0.206691 -0.966964 292.022344
-0.000409 -0.001982 1.000000
0.670675 -1.690627 377.735004
0.157101 -1.110282 6.797056
0.000671 -0.003712 1.000000
0.111011 -1.366395 368.925712
-0.097805 -1.150868 58.278479
0.000165 -0.003025 1.000000
-0.107502 -1.126192 321.996622
-0.074231 -1.130831 143.217811
-0.000140 -0.002529 1.000000
-0.212198 -1.310329 346.579581
-0.243746 -1.449101 298.977629
-0.000454 -0.002667 1.000000
-0.067603 -1.226064 46.207458
-0.266405 -1.130123 207.913295
-0.000425 -0.002432 1.000000
0.786776 -2.246578 937.245653
0.358769 -2.106486 -541.747874
0.000888 -0.004969 1.000000
-0.305857 -1.177213 530.207686
-0.080479 -1.056806 78.217133
-0.000364 -0.002513 1.000000
-1.788386 0.723884 -847.017505
-0.825995 0.809443 248.850687
-0.003888 0.002294 1.000000
0.506826 -2.168191 1161.279176
0.201956 -0.906661 -36.856015
0.001165 -0.003494 1.000000
0.106904 -1.763318 -152.257134
0.010700 -1.095416 107.204499
0.000241 -0.003140 1.000000
0.096555 -1.077477 580.052275
-0.104808 -0.948404 130.080117
-0.000110 -0.002868 1.000000
0.120191 -1.722839 709.744306
0.121186 -1.439458 -147.173000
0.000444 -0.003999 1.000000
-0.313904 -0.982499 377.757561
-0.307929 -0.873036 140.515175
-0.000516 -0.001827 1.000000
-0.287610 -0.855197 351.977050
-0.246671 -0.821906 -23.944576
-0.000597 -0.001855 1.000000
0.927820 -2.820406 571.672092
0.871252 -2.852194 -406.885250
0.001952 -0.005999 1.000000
-0.641664 -0.349823 891.569500
-0.580005 -0.379012 551.145755
-0.001136 -0.000687 1.000000
0.230023 -2.294175 33.553950
-0.007136 -2.027585 -102.516562
0.000489 -0.004168 1.000000
4.801380 -7.209438 -4707.470011
1.252056 -3.824373 -1372.697103
0.007146 -0.013655 1.000000
-0.002852 -1.208218 660.024191
-0.034624 -1.047797 -38.033879
0.000050 -0.002617 1.000000
0.814212 -2.563430 -316.552800
0.506425 -1.706656 -684.982717
0.001364 -0.004534 1.000000
-3.386701 2.469752 231.489473
-1.567622 0.818620 3686.380835
-0.004995 0.003857 1.000000
-0.034070 -2.078554 724.245418
0.101607 -1.803709 -215.938625
0.000450 -0.004122 1.000000
1.918056 -4.463485 1615.677092
0.806858 -2.048010 -1622.249394
0.003234 -0.007349 1.000000
-0.397400 -1.186443 843.505553
-0.243539 -0.938478 -86.779873
-0.000418 -0.002107 1.000000
-0.200726 -1.250837 1345.740304
-0.164199 -0.721976 -700.273688
-0.000321 -0.002057 1.000000
0.131464 -1.596725 740.533870
0.010172 -1.228717 -86.273434
0.000161 -0.003007 1.000000
0.550677 -2.167137 621.252232
0.209243 -1.524963 -437.982063
0.000799 -0.003619 1.000000
-0.094936 -1.147072 -169.564856
-0.210619 -0.732097 -353.641101
-0.000324 -0.002099 1.000000
-0.198135 -0.945881 666.322080
-0.324015 -0.859260 89.876348
-0.000567 -0.001954 1.000000
0.604106 -1.894413 26.105746
0.337752 -1.378950 -496.061156
0.001612 -0.004731 1.000000
0.357621 -1.822520 976.396582
0.275943 -1.535579 -142.808105
0.000681 -0.003519 1.000000
1.535951 -3.569856 -99.001580
0.429213 -2.602054 -991.231183
0.002179 -0.006521 1.000000
0.406730 -1.660944 757.668608
0.361596 -1.341072 -281.323316
0.000907 -0.003321 1.000000
