0.070936 -1.430494 604.421175
0.031283 -0.802490 -55.525748
0.000242 -0.002727 1.000000
0.228131 -0.860509 62.092296
0.106776 -0.554151 -42.616489
0.000591 -0.002897 1.000000
-0.073690 -0.578789 192.818232
0.111869 -0.510527 39.614848
0.000094 -0.001975 1.000000
-0.005438 -0.468047 106.056884
-0.052065 -0.568846 141.938246
0.000090 -0.002147 1.000000
0.099688 -0.662398 61.619834
0.163634 -0.461610 -30.528658
0.000800 -0.002575 1.000000
-0.075633 -0.803544 222.744159
0.010896 -0.558654 42.128498
0.000096 -0.002399 1.000000
0.009179 -0.386704 99.925470
0.056508 -0.213367 -38.737170
0.000432 -0.002229 1.000000
0.510834 -1.045661 -188.247240
0.263869 -0.609395 -234.626639
0.001738 -0.004099 1.000000
-0.097846 -0.824978 89.679132
-0.052898 -0.722852 104.224687
0.000021 -0.002380 1.000000
-0.225251 -1.397777 1090.197651
-0.066852 -0.514044 20.193883
-0.000150 -0.002215 1.000000
0.514502 -1.774237 380.692108
0.069436 -1.007516 -253.316613
0.001203 -0.003644 1.000000
0.021634 -0.844484 -171.106111
0.051526 -0.734417 81.945102
0.000751 -0.003337 1.000000
0.269781 -1.296382 141.640996
0.215318 -0.814031 -263.470933
0.001548 -0.003950 1.000000
2.500182 -3.038242 515.788878
0.915463 -2.150470 -669.218477
0.003970 -0.006808 1.000000
0.046402 -0.911838 311.142473
-0.018158 -0.743370 42.167302
-0.000013 -0.002261 1.000000
-0.012874 -0.424798 137.703761
0.070331 -0.328514 -29.461097
0.000144 -0.002004 1.000000
0.007641 -0.858542 221.323555
0.061007 -0.475959 -49.780029
0.000483 -0.002498 1.000000
-0.026877 -0.835508 114.191210
0.034635 -0.786407 23.207456
0.000310 -0.002741 1.000000
0.123631 -0.991914 126.190688
-0.002888 -0.645286 -28.518268
0.000363 -0.002662 1.000000
-0.025801 -0.988990 190.725896
-0.017198 -0.792055 -85.844887
0.000179 -0.002864 1.000000
0.064683 -0.406324 110.223804
0.013498 -0.301247 35.056247
0.000458 -0.002333 1.000000
-0.739157 -0.448509 2276.210954
-0.683099 -0.404784 1584.439574
-0.001474 -0.000697 1.000000
-1.265712 0.032280 739.462359
-0.777853 -0.092061 -914.124751
-0.002036 -0.000065 1.000000
0.030591 -0.762128 200.395745
0.037706 -0.409232 -64.838172
0.000258 -0.002569 1.000000
-0.150649 -1.137953 319.107170
-0.095525 -1.026623 65.241394
-0.000042 -0.002759 1.000000
0.018835 -1.078139 340.321843
0.093756 -0.822102 -41.115665
0.000446 -0.002795 1.000000
0.014001 -0.715959 114.394366
-0.075816 -0.635234 139.373344
0.000090 -0.002397 1.000000
-0.068361 -0.180367 57.405214
-0.028293 -0.251574 97.390556
0.000144 -0.001964 1.000000
0.044853 -0.743018 158.864922
0.014046 -0.498184 -22.007638
0.000158 -0.002299 1.000000
-0.041372 -0.771302 187.092048
0.006948 -0.754865 47.137241
0.000256 -0.002674 1.000000
0.145432 -0.995532 55.208940
0.082361 -0.747136 -101.240794
0.000370 -0.002747 1.000000
0.230914 -0.613627 64.467502
0.040037 -0.346009 -52.425465
0.000395 -0.002286 1.000000
0.313568 -0.961415 40.492851
0.119906 -0.585151 -135.863275
0.001531 -0.003732 1.000000
0.043866 -0.630963 22.203627
0.141314 -0.623702 -24.836645
0.000476 -0.002845 1.000000
-0.102418 -0.784325 115.243907
-0.062474 -0.692624 95.495811
0.000075 -0.002298 1.000000
0.336422 -1.364266 371.724733
-0.066703 -0.680062 -168.686220
0.000396 -0.003058 1.000000
0.037114 -0.561639 -27.314121
0.144076 -0.577376 -66.654522
0.000636 -0.002754 1.000000
-0.035839 -0.384557 110.970390
-0.100562 -0.342448 70.133880
-0.000150 -0.001790 1.000000
0.038750 -1.094453 82.479763
-0.062798 -0.742069 70.861942
-0.000135 -0.002569 1.000000
0.171406 -0.757331 -93.510600
0.238961 -0.833290 -78.307892
0.000854 -0.003368 1.000000
0.132795 -0.954663 293.528558
0.052328 -0.545398 -109.983496
0.000350 -0.002590 1.000000
0.251956 -0.709001 -43.504552
0.071190 -0.687705 72.175711
0.000514 -0.002689 1.000000
0.129327 -1.315663 300.770682
0.030454 -0.666011 -57.123666
0.000632 -0.003040 1.000000
-0.038931 -0.501264 192.513132
0.000502 -0.162196 6.219942
0.000119 -0.001862 1.000000
0.004907 -0.373377 92.821632
-0.074222 -0.223406 26.992336
0.000322 -0.002298 1.000000
0.129360 -0.747053 199.813923
-0.048422 -0.643178 55.583374
0.000253 -0.002466 1.000000
-0.110318 -0.819591 270.324891
0.071009 -0.624547 -91.123544
0.000254 -0.002484 1.000000
-0.012170 -0.904627 274.571091
-0.004163 -0.734368 -32.148200
0.000171 -0.002723 1.000000
-0.002717 -1.165890 290.786811
0.034144 -0.600889 -130.891029
0.000514 -0.002969 1.000000
0.030466 -0.552338 141.754029
0.011199 -0.336208 -69.711454
0.000052 -0.002171 1.000000
0.076275 -0.741723 248.638575
-0.000296 -0.518271 46.003865
0.000169 -0.002249 1.000000
0.115169 -1.212686 454.040649
0.120253 -0.645653 -75.775245
0.000591 -0.002772 1.000000
-0.123308 -0.686352 227.090816
-0.013683 -0.428616 -36.359574
-0.000100 -0.002120 1.000000
0.006174 -1.098097 359.975515
0.095633 -0.666844 -101.390682
0.000392 -0.002682 1.000000
0.062842 -0.560753 83.928033
-0.013368 -0.421710 14.450134
-0.000102 -0.002081 1.000000
0.202816 -1.048606 322.610428
0.053387 -0.748900 -2.686061
0.000501 -0.003142 1.000000
-0.136251 -0.759553 494.510926
-0.256818 -0.347200 -132.696294
-0.000593 -0.001757 1.000000
-0.240570 -1.374497 588.029924
-0.050586 -0.567960 -119.331373
0.000019 -0.002525 1.000000
0.176372 -0.991719 68.347047
0.119909 -0.687049 -176.343960
0.000294 -0.003024 1.000000
0.027350 -1.175989 258.557014
0.094864 -1.042231 -134.370987
0.000599 -0.003337 1.000000
0.226282 -0.385737 -45.490604
0.017469 -0.287210 -46.050071
0.000692 -0.002446 1.000000
0.121422 -0.924626 211.580145
-0.057432 -0.785091 -72.077647
0.000156 -0.002713 1.000000
0.026315 -0.585120 29.895487
-0.005136 -0.257075 -63.695815
0.000376 -0.002461 1.000000
0.134098 -0.952100 359.053551
0.138070 -0.455376 -209.517120
0.000129 -0.002532 1.000000
0.095675 -1.117335 538.838959
-0.043748 -0.411158 -211.472701
0.000323 -0.002712 1.000000
0.054345 -1.324660 338.080068
0.214866 -1.231649 -139.946254
0.000647 -0.003630 1.000000
0.115246 -0.908993 176.865967
0.151730 -0.730076 -115.606445
0.000522 -0.003069 1.000000
-0.101966 -0.926516 350.306279
-0.023725 -0.589691 -74.149919
-0.000070 -0.002266 1.000000
0.471176 -1.846716 395.786827
0.309195 -0.694503 -704.426699
0.000972 -0.003908 1.000000
0.145409 -1.612954 240.350318
0.152725 -0.822369 -255.036963
0.000284 -0.003014 1.000000
-0.047193 -0.822858 252.561972
0.073844 -0.399799 -83.077147
0.000182 -0.002195 1.000000
0.283072 -1.231509 155.026469
0.096949 -0.810321 -55.598390
0.000580 -0.002900 1.000000
-0.044549 -1.073357 148.203089
0.030240 -0.607522 -46.590936
0.000760 -0.003650 1.000000
0.813227 -2.157824 307.902671
0.566168 -1.749477 -430.303442
0.001468 -0.004595 1.000000
0.039588 -0.809025 375.442360
0.019146 -0.412497 -131.351100
-0.000048 -0.002263 1.000000
-0.023623 -0.824483 305.499085
0.006590 -0.530982 40.065890
0.000349 -0.002347 1.000000
0.037407 -0.641479 55.683087
-0.013127 -0.349585 101.707887
0.000159 -0.002271 1.000000
0.049159 -0.456996 51.229088
-0.062769 -0.306829 138.129062
0.000019 -0.002009 1.000000
0.196853 -0.688520 -76.917833
0.018287 -0.580145 87.148328
0.000164 -0.002389 1.000000
-0.008748 -0.843690 177.308140
-0.006165 -0.722243 -8.340490
0.000001 -0.002271 1.000000
0.423893 -1.446200 275.086697
0.208556 -0.619482 -239.667635
0.000833 -0.002947 1.000000
0.008852 -0.674803 129.772487
-0.012449 -0.332324 -31.823857
0.000687 -0.002880 1.000000
-0.083226 -1.192087 226.817095
-0.133200 -0.837336 58.617349
-0.000339 -0.002453 1.000000
0.442510 -1.204557 2.489416
0.183019 -0.479752 -398.821377
0.000651 -0.002928 1.000000
0.048823 -0.331728 124.424846
-0.036185 -0.158114 65.796655
0.000031 -0.001876 1.000000
0.087594 -0.367398 40.023065
0.001516 -0.191461 32.117692
-0.000037 -0.002041 1.000000
-0.015334 -1.157204 162.225458
-0.032688 -0.801246 82.775075
0.000022 -0.002489 1.000000
0.504457 -1.659966 198.332651
0.179410 -0.934578 -155.241346
0.000654 -0.003311 1.000000
-0.087285 -0.550941 169.048505
-0.028737 -0.252469 73.727254
-0.000065 -0.002015 1.000000
-0.048503 -1.229239 339.362594
-0.173096 -0.486182 -1.771686
-0.000160 -0.002156 1.000000
0.767941 -1.925288 -160.879746
0.493287 -1.137319 -140.951630
0.001203 -0.004134 1.000000
-0.184730 -1.725955 363.890797
-0.130940 -1.185018 113.487214
-0.000139 -0.002973 1.000000
0.067893 -1.122663 -44.394550
-0.032972 -0.721044 -60.937664
-0.000031 -0.002759 1.000000
0.165973 -0.552549 105.792855
0.109974 -0.292220 -111.702703
0.000375 -0.002286 1.000000
0.008670 -0.553739 92.763723
0.019712 -0.248643 10.416347
0.000087 -0.002167 1.000000
-0.295663 -1.022233 269.832343
-0.053827 -0.684125 -12.310768
-0.000290 -0.002187 1.000000
-0.047247 -1.328112 225.747298
-0.147863 -0.322377 -39.187126
-0.000036 -0.002521 1.000000
0.006241 -0.946039 129.708886
-0.018659 -0.569616 -48.714333
0.000287 -0.002523 1.000000
0.454077 -1.602691 356.999145
0.177020 -0.642306 -253.704178
0.000751 -0.003074 1.000000
0.228603 -0.632230 -2.616960
0.035912 -0.566067 -12.178929
0.000217 -0.002424 1.000000
0.365454 -0.908919 -23.075114
0.212568 -0.782990 -63.769506
0.000587 -0.002871 1.000000
-0.059147 -0.777299 201.700800
-0.062761 -0.523610 -10.435504
0.000149 -0.002391 1.000000
-0.071756 -1.027351 285.177489
0.078979 -0.943210 -105.512848
0.000153 -0.003089 1.000000
0.024390 -1.213828 395.999538
-0.086056 -0.869693 -25.042826
-0.000107 -0.002671 1.000000
0.054195 -0.675255 200.989419
-0.077735 -0.411617 38.193919
0.000248 -0.002301 1.000000
-0.184626 -0.880321 375.854985
-0.072357 -0.469078 13.957389
-0.000075 -0.002078 1.000000
-0.063017 -0.962656 205.472011
-0.094415 -0.607263 58.776656
-0.000166 -0.002298 1.000000
0.656991 -2.093805 528.205440
0.335856 -0.752240 -290.625545
0.000914 -0.003299 1.000000
0.178653 -1.458450 256.572694
0.043673 -0.840812 -11.618831
0.000324 -0.002979 1.000000
0.143223 -1.226112 33.321111
0.013901 -0.833564 2.772257
0.000262 -0.003166 1.000000
-0.022504 -0.549850 2.494821
-0.122340 -0.356754 30.894723
-0.000279 -0.001776 1.000000
0.092936 -1.080883 -52.124957
-0.078102 -0.579676 -58.906871
0.000048 -0.002588 1.000000
-0.060358 -0.728771 160.551875
-0.152799 -0.487377 86.469705
-0.000288 -0.001953 1.000000
0.195211 -1.616023 561.933066
0.163664 -0.822914 -165.761939
0.000593 -0.003126 1.000000
-0.109080 -0.782394 98.249061
-0.076485 -0.437773 -29.839616
-0.000280 -0.001946 1.000000
0.684666 -1.556034 -260.527872
0.417591 -0.936279 -420.147946
0.001686 -0.004374 1.000000
1.210223 -3.811724 822.724378
0.321620 -1.555624 -274.374003
0.001453 -0.004909 1.000000
0.286515 -1.082182 331.993172
-0.039530 -0.574463 -228.124381
0.000211 -0.002667 1.000000
0.390005 -1.402708 319.961268
0.141124 -0.817505 -159.824946
0.000443 -0.003005 1.000000
0.125207 -1.613160 450.442195
0.030549 -0.638989 -194.320595
0.000018 -0.002785 1.000000
0.142525 -1.046404 156.693041
0.057705 -0.599124 -129.877494
0.000279 -0.002804 1.000000
0.093237 -1.478442 558.334538
0.063802 -0.645075 -97.015963
0.000038 -0.002561 1.000000
-0.057048 -1.162196 412.021357
-0.094888 -0.575972 -117.196275
-0.000181 -0.002275 1.000000
0.085534 -1.421770 339.926832
0.113154 -0.841705 -58.601376
0.000211 -0.002777 1.000000
0.735562 -2.714762 846.047686
0.536188 -1.019984 -575.070033
0.001392 -0.004411 1.000000
0.137174 -1.006582 225.419062
0.112956 -0.414889 -250.688750
0.000736 -0.002829 1.000000
0.744893 -1.882838 451.199801
0.417305 -1.317542 -277.055769
0.001082 -0.003909 1.000000
0.168333 -1.730622 618.816548
-0.093406 -1.310731 180.510808
-0.000147 -0.002917 1.000000
0.262820 -1.461304 407.193969
0.317244 -0.802525 -133.521476
0.000665 -0.003035 1.000000
-0.031555 -0.963400 426.627791
-0.057366 -0.532354 -111.584619
-0.000225 -0.002275 1.000000
0.005192 -0.854454 207.229880
0.041428 -0.528108 47.707689
0.000200 -0.002236 1.000000
-0.132691 -0.896953 538.556785
-0.170356 -0.689367 108.344449
-0.000288 -0.002018 1.000000
1.600920 -2.688111 -327.499371
1.065737 -1.504189 -992.701983
0.002891 -0.006135 1.000000
0.157484 -1.236292 252.134148
0.038047 -1.595132 74.929844
0.000052 -0.003270 1.000000
0.408238 -1.704049 294.181874
0.493651 -1.211871 -147.931783
0.001326 -0.003680 1.000000
-0.003298 -0.835252 245.202507
-0.013287 -0.491165 -76.836356
-0.000133 -0.002157 1.000000
0.143661 -1.245614 192.759625
0.041043 -0.732448 -8.225182
0.000240 -0.002798 1.000000
0.022575 -0.951366 175.522257
-0.143314 -0.617887 15.760828
0.000073 -0.002575 1.000000
0.285422 -1.280233 78.178270
0.176474 -0.641428 -290.078633
0.000590 -0.003101 1.000000
1.261446 -2.801858 -158.660043
0.551241 -0.971753 -794.236891
0.001980 -0.005053 1.000000
-0.057204 -1.648294 1031.324701
-0.059079 -0.459851 92.692176
-0.000141 -0.002377 1.000000
0.396969 -2.075769 483.230288
0.150994 -0.689743 -400.193110
0.001237 -0.003795 1.000000
-0.165349 -0.797396 339.545164
0.017169 -0.499486 -138.458294
-0.000016 -0.002196 1.000000
0.669628 -2.148467 678.422673
0.279795 -0.779358 -564.186703
0.001121 -0.003690 1.000000
-0.044519 -1.474321 973.793512
-0.057028 -0.174909 46.312327
-0.000165 -0.001652 1.000000
0.129080 -1.086409 178.840920
0.042566 -0.704285 -100.039789
0.000213 -0.002850 1.000000
-0.071078 -1.176882 613.753604
-0.163628 -0.537701 -20.481418
-0.000222 -0.002155 1.000000
0.177480 -1.076115 168.950152
0.071549 -0.429999 -155.564045
0.000567 -0.003041 1.000000
0.187858 -0.721147 105.542025
-0.031368 -0.526522 73.881887
0.000189 -0.002202 1.000000
0.206780 -1.353596 290.532872
0.016374 -0.573698 -66.831702
0.000447 -0.002618 1.000000
-0.004920 -1.685480 507.068312
-0.093143 -0.978741 128.571185
-0.000135 -0.002537 1.000000
0.220255 -1.822243 882.656551
0.039291 -0.417787 -2.719071
0.000170 -0.002327 1.000000
-0.152913 -1.033736 398.978632
-0.139143 -0.929496 129.771852
-0.000408 -0.002258 1.000000
-0.026992 -1.079598 383.960869
-0.094898 -1.257959 76.083930
-0.000175 -0.002791 1.000000
0.638367 -2.193227 900.051614
0.186907 -0.356929 -82.381943
0.000547 -0.002707 1.000000
0.221382 -1.930648 1052.423108
0.015336 -0.243100 34.262514
0.000193 -0.002117 1.000000
0.190896 -1.523170 865.882868
0.032895 -0.761961 -192.791319
0.000132 -0.002579 1.000000
0.039588 -1.330875 862.385718
-0.034476 -0.727211 -199.611234
-0.000008 -0.002495 1.000000
-0.074161 -1.692292 1106.056993
-0.027077 -0.256216 -71.932794
-0.000091 -0.002064 1.000000
0.196442 -1.281476 496.285424
0.019564 -0.593957 -16.769786
0.000022 -0.002306 1.000000
0.218194 -1.326968 427.273660
0.222684 -0.584952 -145.374083
0.000436 -0.002704 1.000000
0.380513 -1.609758 353.454272
0.177509 -0.718580 -352.982167
0.000673 -0.003544 1.000000
0.842862 -3.257616 916.919973
0.417362 -0.813593 -761.150884
0.001650 -0.004640 1.000000
0.066684 -0.571361 96.211387
0.063734 -0.546694 0.407089
0.000287 -0.002495 1.000000
0.250898 -0.845187 -194.928327
0.209167 -1.026811 21.275039
0.000631 -0.003148 1.000000
-0.054233 -0.287444 114.259341
-0.033408 -0.350231 83.594776
0.000066 -0.001975 1.000000
-0.118561 -0.693450 -165.396636
-0.101703 -1.084561 732.100373
-0.000132 -0.002156 1.000000
0.019163 -0.307376 77.974454
0.018675 -0.460873 110.226625
0.000457 -0.002345 1.000000
0.083305 -1.020474 162.658999
-0.010109 -0.547555 -73.573322
0.000527 -0.003014 1.000000
0.058022 -1.362375 202.858258
0.028511 -0.621159 -38.180485
0.000409 -0.002838 1.000000
0.424338 -1.908938 573.402931
0.340899 -1.062269 -90.813437
0.000849 -0.003367 1.000000
0.087183 -0.946413 233.652578
0.033952 -0.548633 -9.940773
0.000126 -0.002406 1.000000
0.067757 -0.404827 -100.185447
0.088228 -0.487382 34.301905
0.000634 -0.002712 1.000000
0.006116 -0.490065 -86.668387
-0.019900 -0.811186 159.585171
0.000116 -0.002526 1.000000
-0.107884 -0.344272 117.265109
-0.064275 -0.510104 159.462612
0.000029 -0.002051 1.000000
0.210671 -0.984720 11.423333
0.146685 -1.221336 125.337520
0.000350 -0.003004 1.000000
-0.014170 -0.838533 215.206323
-0.069689 -0.731759 82.811222
-0.000079 -0.002384 1.000000
0.248800 -0.488398 -157.591535
0.069553 -0.597226 -17.730311
0.000893 -0.003089 1.000000
0.066077 -0.857029 -102.460353
0.005088 -0.730557 70.028526
0.000151 -0.002741 1.000000
-0.079107 -0.354991 99.627432
-0.037254 -0.353227 86.461091
-0.000067 -0.001977 1.000000
0.299463 -0.256288 -183.985132
0.095255 -0.551555 -34.264781
0.001232 -0.003274 1.000000
0.086444 -0.890139 94.549505
0.056103 -0.779429 30.622044
0.000644 -0.003165 1.000000
0.059210 -1.303632 207.705860
0.180252 -0.712407 -264.619221
0.000753 -0.003392 1.000000
0.377228 -1.909542 545.641057
0.058335 -0.755231 -144.349490
0.000797 -0.003499 1.000000
0.263175 -0.774355 188.312177
-0.031374 -0.309300 -39.297275
0.000022 -0.001989 1.000000
0.233618 -0.654577 -121.118499
0.083863 -0.473424 -18.415033
0.000470 -0.002758 1.000000
0.087812 -0.395809 -91.470143
0.077196 -0.514579 14.753184
0.000733 -0.002778 1.000000
0.124181 -0.879265 -164.218081
0.047942 -0.722308 85.033114
0.000647 -0.003282 1.000000
-0.011734 -0.815913 182.656926
-0.222646 -1.294571 233.779358
0.000042 -0.002876 1.000000
-2.656606 0.668182 2405.092632
-1.379050 2.469888 -997.294424
-0.004482 0.003442 1.000000
-0.708786 -0.262647 456.490300
-0.406157 -0.407278 715.755418
-0.001434 -0.001165 1.000000
0.292272 -1.199541 -202.233747
0.205620 -0.810068 -130.681791
0.000560 -0.003107 1.000000
0.236999 -0.727348 -106.684493
0.216974 -0.243522 -75.145349
0.001101 -0.003164 1.000000
-4.266882 2.699986 3522.619149
-2.947947 3.270362 2165.663873
-0.007183 0.007882 1.000000
-0.935651 -0.883729 1717.359827
-0.510955 -0.466888 898.497563
-0.001630 -0.001207 1.000000
0.988810 -1.172615 -1059.322141
2.069985 -3.852612 1060.110132
0.004138 -0.006688 1.000000
-0.609861 -0.811708 1079.497160
-0.635115 -0.776314 309.586056
-0.001258 -0.001490 1.000000
1.751668 -3.105866 1540.278329
1.052244 -2.088248 706.513538
0.002054 -0.004237 1.000000
0.016786 -0.277091 -142.349454
0.647530 -1.669023 723.252484
0.001320 -0.003058 1.000000
0.202612 -0.121151 -166.304333
0.245109 -0.423685 12.451014
0.001501 -0.003124 1.000000
2.066453 -3.188579 -941.212632
1.875152 -3.610538 2998.734539
0.003887 -0.005820 1.000000
-2.368792 0.764730 1564.803800
-1.592955 1.432846 -553.617844
-0.004013 0.002180 1.000000
0.171048 -1.998506 1008.271908
0.032902 -0.325465 -8.466637
0.000144 -0.002303 1.000000
0.542510 -2.117068 1567.612378
0.349114 -1.263722 -31.638361
0.000789 -0.003811 1.000000
0.597785 -2.245546 1022.219546
0.085703 -0.402769 8.676268
0.000566 -0.002479 1.000000
0.138533 -1.972514 1111.917703
0.174664 -0.662214 -36.379557
0.000348 -0.002737 1.000000
-0.054524 -1.517268 -277.571174
-0.368265 -0.147531 -487.499028
-0.000457 -0.001991 1.000000
0.680155 -2.421118 942.996333
0.032652 -0.289024 -0.875542
0.000757 -0.002791 1.000000
0.458402 -2.309133 1029.993221
0.171465 -0.645185 37.805259
0.000528 -0.002685 1.000000
1.190636 -2.721639 1515.561636
-0.002936 -1.039952 177.272510
0.001373 -0.004062 1.000000
2.579177 -3.525280 994.724770
2.795730 -4.356820 1810.518607
0.005003 -0.007215 1.000000
0.390732 -1.556982 344.680949
-0.090197 -0.637785 -9.532100
0.001113 -0.003255 1.000000
-5.022157 3.006893 -752.738054
-3.050629 3.073289 -1328.246129
-0.007462 0.004170 1.000000
11.499438 -11.684571 15508.790348
11.916430 -15.032050 10094.367660
0.025087 -0.024783 1.000000
0.540946 -2.294280 951.268278
0.174760 -0.702738 64.195434
0.000620 -0.002798 1.000000
0.632585 -2.168576 976.604234
0.163815 -0.262569 -67.921500
0.000599 -0.002402 1.000000
0.808323 -2.351763 1088.426075
0.193301 -0.578901 -53.918705
0.000756 -0.002803 1.000000
-0.468391 -0.856404 1412.855905
-0.181317 -0.455925 479.371755
-0.000783 -0.001828 1.000000
-29.252017 30.802061 -32134.056258
-18.918533 21.832433 1900.701647
-0.050211 0.049976 1.000000
5.988170 -10.380271 4879.066217
5.474605 -8.954406 3646.064720
0.012134 -0.014941 1.000000
0.477481 -2.416336 1044.762951
0.156589 -0.958884 136.709812
0.000673 -0.003101 1.000000
0.947091 -2.592518 559.931438
1.437250 -2.805085 1381.598847
0.002405 -0.004612 1.000000
0.070210 -1.928834 618.452377
-0.129979 -0.929691 -169.945104
0.000030 -0.002728 1.000000
3.429600 -4.257195 2078.980225
1.092212 -0.630542 -94.253534
0.003769 -0.004040 1.000000
0.088107 -0.661236 289.269249
0.022123 -0.250582 77.270527
0.000279 -0.002081 1.000000
0.798981 -2.160348 921.180736
0.110753 -0.082768 -1.488224
0.000714 -0.002294 1.000000
1.215771 -2.366346 945.804651
0.305846 -0.081750 -76.753247
0.001411 -0.002730 1.000000
0.052256 -1.307361 615.140941
0.131228 -1.146507 -33.394488
0.000185 -0.002715 1.000000
0.083494 -1.763905 892.037983
-0.016910 -0.702324 34.357629
0.000132 -0.002580 1.000000
0.305749 -1.840353 765.285465
0.001547 -0.650487 -44.536580
0.000317 -0.002794 1.000000
-0.031760 -1.494129 805.446596
-0.316823 -0.588317 140.318204
-0.000425 -0.002051 1.000000
0.112115 -1.153698 320.168271
-0.115833 -0.828251 28.127651
0.000013 -0.002702 1.000000
0.597292 -2.318869 863.643488
0.223777 -1.255181 -75.254175
0.000610 -0.003604 1.000000
0.007698 -1.633906 791.351549
-0.022989 -0.648924 -50.548789
0.000004 -0.002621 1.000000
0.594777 -2.113923 850.086579
0.088059 -0.099046 12.707707
0.000463 -0.002243 1.000000
0.832085 -2.310348 894.197227
0.119454 -0.214057 -28.374431
0.000707 -0.002484 1.000000
1.689121 -2.236976 776.681257
0.365686 -0.018705 -45.644155
0.001513 -0.002508 1.000000
1.519910 -2.941300 1019.542508
0.376490 -0.514366 -67.026024
0.001550 -0.003331 1.000000
0.376695 -1.018230 375.815215
0.349882 -1.487535 307.747574
0.000705 -0.002951 1.000000
1.369417 -2.705865 847.806047
0.255753 -0.531613 -73.848129
0.001414 -0.003345 1.000000
1.407877 -3.046993 1085.261912
0.492999 -0.523636 -140.796202
0.001541 -0.003457 1.000000
0.417326 -1.796161 967.626773
-0.031148 -0.226694 85.896624
0.000491 -0.002104 1.000000
-0.093884 -1.078402 176.672541
-0.091140 -0.414424 -33.349378
-0.000090 -0.002325 1.000000
0.477506 -1.768877 873.848353
0.167942 -0.612424 -32.876794
0.000731 -0.002704 1.000000
0.303442 -1.685275 828.913633
0.040392 -0.617966 41.231304
0.000282 -0.002439 1.000000
0.781608 -0.622887 359.084762
-0.111545 0.849092 -29.985560
-0.000031 -0.000343 1.000000
0.620057 -0.436515 235.866146
-0.182151 0.738897 22.958087
-0.000326 -0.000227 1.000000
0.535310 -0.164591 151.483318
-0.202605 0.829416 41.214084
-0.000435 -0.000052 1.000000
0.826395 -0.501640 229.619433
-0.027034 0.572405 39.949229
0.000030 -0.000499 1.000000
0.035814 -0.192591 157.050677
-0.271604 0.331110 82.869653
-0.000813 -0.000451 1.000000
0.982943 0.142035 -44.182727
-0.052379 0.995294 -90.412766
-0.000106 0.000187 1.000000
1.000000 0.000000 0.000000
-0.000000 1.000000 -0.000000
-0.000000 0.000000 1.000000
-0.530901 0.161445 -38.222214
-0.474526 0.388493 217.798361
-0.001659 0.000375 1.000000
1.159330 0.046567 -108.726365
0.073148 0.851093 -99.712860
0.000232 -0.000284 1.000000
1.684505 0.421709 -354.430414
0.275851 1.508990 -276.295948
0.000642 0.000067 1.000000
2.696146 -0.085028 -313.670972
0.549559 2.502216 -394.082368
0.001118 0.001162 1.000000
1.945540 -0.049003 -255.995850
0.512673 0.818421 -208.790080
0.001047 -0.001012 1.000000
0.943968 -1.326309 437.642693
0.323581 0.039212 -143.203380
0.000845 -0.002243 1.000000
-0.123142 -1.441197 1069.582306
-0.086286 -0.313976 153.566801
-0.000111 -0.001703 1.000000
-0.175571 -1.089903 631.303729
-0.009445 -0.285307 -82.486210
-0.000065 -0.001910 1.000000
0.068697 -1.369099 814.623553
0.038517 -0.103218 10.262123
0.000062 -0.001749 1.000000
0.644104 -1.998153 683.775209
0.165610 -0.643497 -133.386358
0.000853 -0.003170 1.000000
0.262398 -1.462146 759.202233
0.058124 -0.563875 11.863969
0.000354 -0.002612 1.000000
0.301691 -1.593328 653.864354
-0.032389 -0.576132 27.204027
0.000208 -0.002570 1.000000
0.091109 -1.079954 274.587858
0.197202 -0.810739 -85.303188
0.000423 -0.002857 1.000000
0.242405 -1.464788 706.447373
0.070865 -0.628105 -20.812035
0.000141 -0.002426 1.000000
0.299518 -1.389481 422.755677
0.093673 -0.972696 24.868898
0.000405 -0.002964 1.000000
0.283497 -1.448133 249.159675
0.329819 -1.101044 -230.386508
0.000867 -0.003417 1.000000
0.166915 -1.647936 477.146533
0.183049 -1.387636 73.484873
0.000387 -0.003600 1.000000
0.328856 -1.001327 118.629515
0.077281 -0.379431 -127.672959
0.000248 -0.002635 1.000000
-0.199523 -0.535672 214.495770
-0.172719 -0.407331 152.601612
-0.000292 -0.001773 1.000000
0.007829 -0.427164 77.966050
-0.043504 -0.337275 100.615530
0.000077 -0.001975 1.000000
0.244514 -1.701012 816.867314
-0.079475 -0.378459 -35.066985
0.000319 -0.002265 1.000000
0.514638 -1.923420 846.012236
0.086436 -0.364926 12.750846
0.000559 -0.002462 1.000000
0.075064 -0.995962 179.093687
-0.015862 -0.585059 -87.319732
0.000057 -0.002569 1.000000
-0.061420 -1.056088 210.440631
0.068328 -0.627936 -36.458340
0.000510 -0.002823 1.000000
0.033565 -0.768853 48.332779
0.056057 -0.453639 -2.460374
0.000241 -0.002318 1.000000
1.641746 -3.494989 801.733934
0.528004 -1.385414 -366.340949
0.002326 -0.005221 1.000000
0.014698 -0.683360 223.567485
0.099147 -0.537749 -9.504629
0.000531 -0.002492 1.000000
-0.040749 -0.782145 300.178485
0.031906 -0.498249 9.340710
0.000260 -0.002303 1.000000
0.161052 -1.536748 586.339142
0.085958 -0.671769 -171.543974
0.000509 -0.002807 1.000000
-0.022990 -0.815637 209.122775
-0.004466 -0.614320 -13.923985
0.000087 -0.002386 1.000000
0.640367 -1.675562 640.764119
0.312270 -0.710124 -40.259062
0.000598 -0.002766 1.000000
0.145333 -0.950613 113.331454
0.267870 -0.997157 55.488796
0.000658 -0.002821 1.000000
0.205412 -1.723301 741.868605
-0.047923 -0.708987 45.690454
0.000200 -0.002433 1.000000
