-0.446634 -0.632629 432.381134
-0.189775 -0.356326 -94.279062
-0.000840 -0.001198 1.000000
-0.138695 -0.621136 155.981872
-0.195443 -0.515345 49.860871
-0.000585 -0.001697 1.000000
-0.218993 -0.896409 462.205617
-0.123587 -0.588773 -97.931728
-0.000381 -0.001773 1.000000
-0.246419 -0.818314 161.355446
-0.268683 -0.622812 142.977210
-0.000765 -0.001758 1.000000
-0.241371 -0.765936 117.372537
-0.226860 -0.673340 134.654405
-0.000538 -0.001819 1.000000
-0.128360 -0.860943 194.473986
-0.093364 -0.726468 160.308249
-0.000442 -0.001923 1.000000
0.066148 -0.538538 17.264915
-0.009146 -0.585137 -50.802164
-0.000376 -0.001851 1.000000
-0.315733 -0.444893 143.750539
-0.266098 -0.258973 -134.762541
-0.001110 -0.001124 1.000000
-0.273999 -0.434821 -17.511576
-0.346630 -0.555056 42.685790
-0.000944 -0.001399 1.000000
-0.479470 -0.920975 905.674620
-0.147270 -0.217317 -0.354779
-0.000673 -0.001367 1.000000
-0.286017 -0.690226 376.410204
-0.099633 -0.457441 -176.368781
-0.000564 -0.001626 1.000000
-0.087390 -0.472191 -2.065598
-0.061836 -0.413016 55.988182
-0.000545 -0.001663 1.000000
-0.445003 -0.750046 396.561556
-0.214059 -0.412862 -342.772161
-0.000840 -0.001256 1.000000
-0.424360 -0.535818 271.899235
-0.281347 -0.332995 -317.698974
-0.000928 -0.001225 1.000000
-0.366140 -0.909576 515.751240
-0.153284 -0.572154 -223.340650
-0.000731 -0.001667 1.000000
-0.202937 -0.831958 436.041770
-0.115358 -0.622296 -73.790635
-0.000459 -0.001784 1.000000
-0.103548 -0.646002 206.735331
-0.081534 -0.462752 79.637514
-0.000401 -0.001656 1.000000
0.100441 -0.979123 239.949480
-0.134920 -0.730951 -23.238283
-0.000016 -0.002158 1.000000
-0.096174 -0.899791 59.848480
-0.199395 -0.708000 50.043247
-0.000462 -0.001896 1.000000
-0.382780 -0.369456 83.795710
-0.313588 -0.326934 40.317891
-0.001130 -0.000975 1.000000
0.051860 -0.713089 256.419311
-0.122505 -0.521363 -25.545562
-0.000427 -0.001664 1.000000
-0.724657 -0.341827 938.433535
-0.529575 -0.458135 951.723317
-0.001301 -0.000516 1.000000
-0.494965 -0.489674 -5.005269
-0.495370 -0.528908 1577.004164
-0.001056 -0.001028 1.000000
-0.003432 -0.766579 226.805763
-0.011946 -0.685263 -24.601629
-0.000166 -0.002014 1.000000
-0.198958 -0.803201 460.529149
-0.149478 -0.514123 -151.974011
-0.000558 -0.001686 1.000000
-0.060387 -1.017345 750.090383
-0.178489 -0.650873 -129.809152
-0.000488 -0.001695 1.000000
-0.276222 -0.614848 202.578870
-0.367066 -0.496991 109.437214
-0.000746 -0.001466 1.000000
-0.236525 -0.691000 93.552192
-0.177335 -0.535447 83.509707
-0.000765 -0.001380 1.000000
-0.057201 -0.834017 290.861068
-0.116458 -0.670957 50.068794
-0.000364 -0.001917 1.000000
-0.120343 -0.406946 218.800510
-0.185507 -0.624652 144.371498
-0.000616 -0.001555 1.000000
0.018396 -0.730032 257.923366
-0.193370 -0.503899 54.799584
-0.000557 -0.001834 1.000000
0.232764 -1.045985 799.991573
0.188025 -1.024746 -490.079987
-0.000137 -0.002509 1.000000
-0.109638 -1.331281 873.197525
0.162824 -0.918206 -338.609014
0.000069 -0.002882 1.000000
0.295584 -1.479997 754.985217
0.220196 -1.272279 -137.635668
0.000415 -0.003113 1.000000
-0.072398 -0.969593 499.630870
-0.120746 -0.688380 -152.876707
-0.000278 -0.001811 1.000000
-0.166647 -0.788856 426.719650
-0.124539 -0.534489 -219.429019
-0.000486 -0.001791 1.000000
0.071018 -1.180768 -35.361425
-0.086465 -0.809045 2.557473
-0.000127 -0.002426 1.000000
0.003670 -0.818859 178.878137
0.092037 -0.581383 -495.424762
-0.000324 -0.001916 1.000000
-0.027483 -0.785095 -52.125237
-0.075038 -0.634929 -40.649917
-0.000352 -0.001942 1.000000
-0.157484 -0.372282 -116.546328
-0.205449 -0.365976 -179.151354
-0.001013 -0.001376 1.000000
-0.150416 -0.485465 -32.602871
-0.164682 -0.345972 6.379756
-0.000856 -0.001438 1.000000
0.498704 -1.348168 144.113459
0.333672 -1.103624 -500.647219
0.000773 -0.003336 1.000000
0.085019 -0.917656 33.985834
-0.181951 -0.627169 -19.510049
-0.000473 -0.002025 1.000000
-0.669704 0.698305 1694.171867
-0.519665 0.486604 -56.081405
-0.002484 0.000974 1.000000
0.820160 -2.008795 -651.906758
0.822192 -1.277949 -844.881279
0.002491 -0.005018 1.000000
-0.116623 -0.657938 507.635170
-0.206687 -0.391195 139.911536
-0.000574 -0.001399 1.000000
-0.065271 -1.039228 554.763711
-0.124383 -0.633210 25.844050
-0.000433 -0.001800 1.000000
-0.191138 -0.891503 530.378983
-0.099305 -0.525615 -152.505718
-0.000461 -0.001732 1.000000
-0.199704 -0.906583 643.680366
-0.170230 -0.451957 -15.910032
-0.000644 -0.001516 1.000000
0.190293 -1.167845 -20.763912
0.152759 -0.961784 -187.051166
0.000219 -0.002681 1.000000
-0.265457 -0.097137 994.725981
-0.475311 -0.308375 107.999833
-0.001209 -0.000652 1.000000
-0.037619 -0.873974 779.425858
-0.187379 -0.562615 -317.255143
-0.000364 -0.001810 1.000000
-0.583246 -0.172919 452.445854
-0.582310 -0.078757 -397.525240
-0.001645 -0.000295 1.000000
-0.127700 -0.983455 694.117894
-0.087208 -0.565029 6.207535
-0.000402 -0.001820 1.000000
0.325782 -1.876429 342.449504
0.234871 -0.981849 -320.776928
0.000476 -0.002916 1.000000
-0.087885 -0.886751 329.896459
-0.116614 -0.707650 -221.362239
-0.000359 -0.001865 1.000000
0.403127 -2.002254 284.379118
0.194748 -0.799041 -458.057176
0.000562 -0.003275 1.000000
0.246275 -1.556325 486.337405
0.272507 -1.141584 -292.241599
0.000580 -0.003218 1.000000
0.361266 -1.380257 103.888576
0.297788 -0.976615 -26.033961
0.000644 -0.002737 1.000000
0.806060 -2.564864 -343.694879
0.923877 -1.940335 -299.422014
0.001957 -0.004712 1.000000
0.434688 -1.138514 -278.129338
0.293242 -0.821596 -244.582493
0.000487 -0.002852 1.000000
0.114903 -1.586964 344.243702
0.159037 -1.177994 58.563930
0.000125 -0.002794 1.000000
0.310617 -2.681957 -375.091045
0.219062 -1.598960 309.410998
0.001287 -0.004193 1.000000
0.297417 -1.481818 445.806514
0.137843 -0.934911 -118.605068
0.000209 -0.002589 1.000000
2.263663 -4.233766 -2121.265588
1.181413 -2.371894 -983.839454
0.005378 -0.008551 1.000000
0.071633 -1.240902 684.964426
-0.038043 -0.875802 -52.786099
0.000066 -0.002266 1.000000
0.162626 -1.797852 616.848908
0.089893 -1.013436 -304.146667
0.000214 -0.002945 1.000000
0.388891 -1.963692 527.332424
0.298829 -1.280297 -5.536597
0.000579 -0.003231 1.000000
-0.098078 -1.137080 80.795206
-0.032524 -0.506206 41.695362
-0.000104 -0.002275 1.000000
0.050050 -1.577750 628.319504
0.006371 -0.969535 138.808663
-0.000012 -0.002435 1.000000
-0.032187 -1.054741 369.928784
-0.031778 -0.757812 62.915755
-0.000208 -0.002084 1.000000
-0.186516 -1.061923 415.322625
-0.154126 -0.925354 95.055126
-0.000465 -0.002077 1.000000
-0.108230 -0.742617 29.339819
-0.097622 -0.434056 133.432318
-0.000651 -0.001589 1.000000
-4.351440 5.333279 -5809.952447
-3.561602 3.316824 2717.920476
-0.008410 0.009185 1.000000
-0.088204 -0.890486 402.902592
-0.092765 -0.512772 -131.498309
-0.000435 -0.001866 1.000000
-0.489182 -0.295287 -85.316502
-0.279659 -0.425610 66.324710
-0.001157 -0.000889 1.000000
-0.600454 -0.904015 350.645158
-0.216705 -0.533016 290.644313
-0.000750 -0.001461 1.000000
-0.894231 -2.358096 971.074466
0.015178 -1.550680 413.247610
0.000067 -0.003355 1.000000
0.618497 0.136642 141.831710
-0.156077 1.099006 -30.948184
-0.000310 0.000135 1.000000
-0.064297 -1.288824 510.933723
0.005467 -0.826365 122.581571
-0.000191 -0.002208 1.000000
-0.586938 -2.019617 869.431607
-0.130284 -1.501146 262.260370
-0.000302 -0.003055 1.000000
0.126829 -1.061233 517.622641
-0.003913 -0.377202 95.209422
-0.000017 -0.001828 1.000000
-0.071247 -1.409120 641.392546
-0.037483 -0.818866 179.239885
-0.000071 -0.002208 1.000000
1.404002 -0.068071 -38.187550
0.265574 1.203877 -184.482495
0.000487 -0.000141 1.000000
-0.507817 -0.457314 217.898130
-0.251413 -0.186734 187.836265
-0.001069 -0.000828 1.000000
-2.792279 -14.714390 5530.593202
1.791857 -10.436864 3051.839760
0.009993 -0.022861 1.000000
1.000000 0.000000 0.000000
-0.000000 1.000000 -0.000000
-0.000000 0.000000 1.000000
0.688130 -0.055620 76.759916
-0.122916 0.962454 51.127170
-0.000271 0.000012 1.000000
1.150992 6.293269 -2327.492472
-1.628629 5.390053 -1152.335772
-0.006300 0.010587 1.000000
0.363988 -0.281712 264.181220
-0.076235 0.354313 109.929499
-0.000190 -0.000585 1.000000
1.148555 0.277301 40.899996
0.124129 1.206091 -9.373971
0.000309 0.000445 1.000000
0.441683 -0.089970 207.480548
-0.118151 0.612431 74.727738
-0.000337 -0.000056 1.000000
-0.662531 -2.030513 840.355514
0.049706 -1.826770 247.962742
-0.000062 -0.003657 1.000000
-1.375448 -3.825020 1852.454586
0.384302 -3.140723 772.669819
0.001582 -0.006811 1.000000
25.096076 111.755907 -59963.399573
-22.445924 104.562821 -13690.837380
-0.123294 0.263799 1.000000
1.147924 -0.309598 63.693132
0.336250 1.188006 -264.463509
0.000519 -0.000476 1.000000
-0.644977 -0.571741 343.160983
-0.241093 -0.331701 143.007650
-0.000901 -0.001253 1.000000
-0.180219 -1.353848 556.898972
-0.070464 -0.988554 136.985303
-0.000159 -0.002579 1.000000
0.083486 -1.266885 511.811818
-0.048100 -0.732470 131.590404
0.000009 -0.002295 1.000000
-0.693717 -1.508085 691.733504
-0.185564 -1.177074 259.240899
-0.000625 -0.002592 1.000000
0.574839 -0.667870 301.860241
0.093713 -0.029230 119.330926
0.000225 -0.001282 1.000000
-0.317552 -1.058698 520.038594
-0.128326 -0.838765 150.931825
-0.000375 -0.002036 1.000000
0.106686 -1.221527 504.718462
0.053400 -0.865250 116.065938
-0.000075 -0.002160 1.000000
0.240002 -1.397976 521.329321
0.113687 -0.816885 54.136059
0.000324 -0.002493 1.000000
-0.119332 -1.301181 565.077581
-0.085110 -0.913423 203.749592
-0.000157 -0.002197 1.000000
-0.311264 -0.845491 512.551722
-0.226244 -0.685254 -42.616134
-0.000727 -0.001809 1.000000
-0.199094 -1.226062 399.519313
-0.112381 -0.937315 100.690915
-0.000427 -0.002210 1.000000
0.077834 -1.353927 528.059657
0.077115 -0.837782 49.344421
0.000052 -0.002416 1.000000
-0.001144 -0.974704 526.897170
-0.080384 -0.468583 176.216265
-0.000098 -0.001735 1.000000
0.016394 -1.258299 521.361257
0.007350 -0.688911 81.733902
-0.000095 -0.002223 1.000000
0.002735 -1.554539 536.058566
0.049514 -0.834284 -31.819204
-0.000077 -0.002635 1.000000
0.072229 -1.375116 588.962885
0.054808 -0.648699 -14.977349
0.000021 -0.002298 1.000000
-0.035800 -1.019599 473.369879
-0.040473 -0.341362 34.482093
-0.000250 -0.001858 1.000000
5.916349 -6.767826 -4971.228242
3.647546 -4.867365 820.095099
0.011817 -0.015002 1.000000
0.209000 -1.567240 344.880564
0.098179 -0.956209 -102.231862
0.000133 -0.002685 1.000000
-0.237663 -1.691402 668.838369
0.325560 -1.637245 -12.605942
0.000432 -0.003836 1.000000
-0.488435 -1.513147 647.994920
-0.154815 -1.556503 368.268699
-0.000318 -0.002756 1.000000
-0.241280 -0.971617 532.303272
-0.124427 -0.577532 118.283996
-0.000335 -0.001886 1.000000
-0.204794 -0.940625 449.851387
-0.130553 -0.563268 79.475353
-0.000372 -0.001834 1.000000
-0.028135 -1.443156 569.988191
0.042325 -0.916921 -55.888520
0.000065 -0.002838 1.000000
-0.023588 -1.209735 435.644902
-0.091021 -0.863662 17.114533
-0.000204 -0.002413 1.000000
0.112959 -1.473690 482.338243
0.023796 -0.813214 45.672132
0.000072 -0.002401 1.000000
0.527434 -1.790473 540.828162
0.095180 -0.996980 -5.074984
0.000229 -0.002762 1.000000
-0.115007 -1.237061 684.297337
-0.048347 -0.729370 -3.142613
-0.000207 -0.002011 1.000000
-0.078451 -1.078626 686.666921
-0.140025 -0.720410 28.775888
-0.000361 -0.001854 1.000000
0.052913 -1.106310 620.375383
-0.023889 -0.817836 -44.377621
-0.000010 -0.002302 1.000000
0.201351 -1.153094 281.049763
0.111307 -0.740487 -13.309298
0.000129 -0.002409 1.000000
0.149239 -1.346758 611.256189
0.231900 -1.145848 -1.604355
0.000371 -0.002608 1.000000
0.271702 -1.086126 353.077578
0.102140 -0.892840 -33.008583
0.000076 -0.002368 1.000000
-0.161964 -0.898803 385.550381
-0.034118 -0.614707 40.882889
-0.000239 -0.001871 1.000000
0.075404 -1.084675 201.867819
0.031486 -0.857045 3.733896
-0.000160 -0.002106 1.000000
-0.335987 -0.754314 954.751637
-0.211614 -0.475702 -311.603878
-0.000853 -0.001365 1.000000
-0.069416 -0.969867 311.483906
0.070643 -0.895557 -72.845248
-0.000158 -0.002223 1.000000
-0.176346 -0.730573 262.471600
-0.293616 -0.626645 61.733569
-0.000746 -0.001657 1.000000
0.307436 -1.504600 620.753808
0.203292 -1.141035 2.779607
0.000413 -0.002906 1.000000
-0.021596 -1.065612 428.759303
-0.018741 -0.762642 39.717601
-0.000274 -0.002087 1.000000
-0.007894 -1.144314 448.135328
0.026617 -0.815344 139.909647
-0.000017 -0.002314 1.000000
0.009501 -1.320220 486.848980
0.048578 -0.930133 109.484217
0.000011 -0.002531 1.000000
0.590516 -1.457731 426.780160
0.135983 -0.628875 -174.510465
0.000548 -0.002726 1.000000
0.051002 -0.951675 521.101170
-0.032142 -0.448724 -183.383853
-0.000136 -0.002015 1.000000
0.104836 -1.766856 1316.754153
0.028313 -0.820565 -162.856620
0.000177 -0.002615 1.000000
-0.208192 -0.974818 610.077250
-0.055236 -0.392524 -150.817743
-0.000330 -0.001874 1.000000
-0.156773 -1.125337 825.171213
-0.111172 -0.890170 -9.837217
-0.000207 -0.002338 1.000000
0.423854 -1.750301 242.758885
0.241330 -1.089852 -279.783825
0.000665 -0.003241 1.000000
-0.229895 -1.045668 1224.635764
-0.115083 -0.496420 161.999489
-0.000445 -0.001621 1.000000
-0.398935 -0.656428 410.191509
-0.145160 -0.466845 -120.690091
-0.000721 -0.001386 1.000000
-0.045916 -0.888454 260.087771
-0.072610 -0.675654 8.165337
-0.000136 -0.002053 1.000000
-0.144742 -1.271505 217.355190
-0.160076 -0.827265 -108.361300
-0.000265 -0.002193 1.000000
0.011918 -1.099952 70.645490
-0.046892 -0.664687 31.460768
-0.000178 -0.002081 1.000000
-0.094993 -0.961594 49.592689
-0.125269 -0.596454 -5.544004
-0.000367 -0.001833 1.000000
-0.434195 -0.568301 373.148321
-0.359629 -0.377198 -4.013414
-0.001008 -0.001040 1.000000
0.724269 -1.224251 1643.337238
0.072131 -1.251737 -1139.085093
0.000901 -0.003462 1.000000
-0.657680 -0.182333 151.369862
-0.387912 -0.263876 -275.305929
-0.001399 -0.000544 1.000000
-0.292741 -1.240475 415.200257
-0.152121 -1.068459 -91.517636
-0.000425 -0.002263 1.000000
-0.242951 -1.292392 672.603297
-0.199116 -1.036302 -49.418406
-0.000413 -0.002324 1.000000
-0.085900 -1.627408 1266.916165
0.003379 -0.764250 156.894367
-0.000062 -0.002798 1.000000
-0.652462 -0.377587 77.615109
-0.594124 -0.310642 -64.343205
-0.001467 -0.000731 1.000000
-0.584917 -0.855483 1651.001274
-0.239349 -0.436558 -53.318870
-0.000884 -0.001421 1.000000
-0.735088 -0.819190 1014.379585
-0.282464 -0.359258 -9.258962
-0.001014 -0.001126 1.000000
0.507169 -2.004018 1060.624716
0.462562 -1.087654 -1013.271233
0.001095 -0.003557 1.000000
0.127017 -1.293381 1135.363131
0.009078 -0.938881 40.456391
0.000099 -0.002254 1.000000
0.443587 -1.710565 616.587064
0.293255 -0.900374 -169.704068
0.000397 -0.002950 1.000000
-0.055196 -1.164032 508.357032
0.055770 -0.505047 12.090143
-0.000104 -0.002143 1.000000
-0.190969 -0.699659 121.188618
-0.175890 -0.692929 107.283699
-0.000345 -0.001990 1.000000
-0.146603 -0.755361 351.000054
-0.045261 -0.576570 19.272017
-0.000292 -0.001880 1.000000
-0.196009 -0.598294 158.728013
-0.099468 -0.498695 -24.137831
-0.000538 -0.001536 1.000000
1.559409 -2.310072 -3494.822607
1.307169 -2.061744 4354.064936
0.002100 -0.005323 1.000000
0.046453 -0.891922 -373.864374
0.092322 -0.920426 -127.135195
0.000191 -0.002566 1.000000
0.427553 -2.265877 731.146417
0.290303 -1.177895 -317.311029
0.000780 -0.003779 1.000000
0.006745 -1.598985 735.722747
-0.110320 -0.927639 21.232486
-0.000051 -0.002512 1.000000
-0.003661 -1.017061 364.579041
-0.040314 -0.729258 -13.804959
-0.000399 -0.002015 1.000000
-0.061338 -1.265903 422.060602
-0.029840 -1.012189 66.152325
-0.000210 -0.002316 1.000000
-0.045809 -0.470203 42.034916
-0.078801 -0.510103 65.378417
-0.000225 -0.001880 1.000000
-0.154941 -0.398884 -119.383723
-0.189663 -0.441248 155.182533
-0.000507 -0.001476 1.000000
0.246404 -1.206332 30.244405
0.150547 -1.479537 -129.093637
0.000364 -0.003202 1.000000
-0.166419 -0.624058 195.216243
-0.215745 -0.726426 182.708549
-0.000489 -0.001646 1.000000
-0.384740 -0.983900 451.086468
-0.297280 -0.986788 -42.507791
-0.000735 -0.001807 1.000000
-0.187069 -0.488544 194.495047
-0.166000 -0.553544 -110.224650
-0.000858 -0.001210 1.000000
-0.134464 -0.482451 165.232243
-0.187886 -0.585046 8.529025
-0.000571 -0.001491 1.000000
-0.188512 -0.645865 56.433414
-0.335319 -0.467731 -69.059938
-0.000881 -0.001501 1.000000
-0.164106 -0.847992 143.818599
-0.168330 -0.715431 109.151426
-0.000318 -0.002069 1.000000
-0.089936 -0.630613 142.858031
-0.092404 -0.623175 99.133442
-0.000385 -0.001690 1.000000
-0.088888 -0.929115 477.469199
-0.133700 -0.539966 41.296449
-0.000331 -0.001937 1.000000
0.062959 -1.378303 456.674902
-0.001517 -0.766062 -96.775283
-0.000080 -0.002455 1.000000
0.075845 -1.212732 432.947935
0.003637 -0.555329 41.213405
-0.000168 -0.002192 1.000000
-0.144601 -0.910021 -282.415553
0.041162 -0.881372 93.280414
-0.000273 -0.002047 1.000000
-0.106618 -0.367591 35.771454
-0.104366 -0.362401 64.934600
-0.000483 -0.001411 1.000000
-0.113812 -0.672378 102.397680
-0.155845 -0.656809 109.949481
-0.000591 -0.001667 1.000000
-0.273561 -0.953297 313.929083
-0.299839 -0.702287 64.178119
-0.000604 -0.001781 1.000000
-0.377648 -0.234279 -510.910659
-0.674925 -0.594210 907.919459
-0.001178 -0.000976 1.000000
-0.076398 -0.997649 861.000118
-0.092776 -0.711168 99.096139
-0.000166 -0.001909 1.000000
-0.020914 -1.352878 481.592727
0.070211 -1.170263 -370.659445
0.000173 -0.002759 1.000000
0.010945 -0.901652 -10.548022
0.041614 -0.724761 -209.886799
-0.000249 -0.002092 1.000000
-0.354325 -1.191694 438.926983
-0.116206 -0.582632 -145.711729
-0.000643 -0.001785 1.000000
-0.361167 -0.738428 -11.059397
-0.301887 -0.613202 -125.572187
-0.000703 -0.001360 1.000000
-0.004614 -0.979453 -250.301221
0.080792 -1.150840 919.878723
0.000123 -0.002628 1.000000
-1.008845 0.042715 2335.259010
-0.840135 -0.126161 -1023.659274
-0.001590 -0.000238 1.000000
-0.836778 -0.587965 954.597513
-0.645631 -0.512339 172.507210
-0.001262 -0.000815 1.000000
0.222538 -1.449650 1026.393664
0.348179 -1.163692 -149.197031
0.000693 -0.002886 1.000000
-0.228712 -0.400890 -255.969619
-0.221093 -0.519378 119.085108
-0.000814 -0.001260 1.000000
-1.012577 -0.015046 165.868993
-0.859634 -0.048182 1356.454525
-0.001835 0.000056 1.000000
-0.459845 -0.577350 635.771486
-0.508492 -0.578861 -289.833339
-0.000927 -0.001169 1.000000
-0.290861 -1.274955 977.958079
0.015104 -0.607276 -13.590834
-0.000419 -0.001914 1.000000
-0.111628 -1.508620 854.843040
-0.062410 -1.168769 -63.893949
-0.000141 -0.002515 1.000000
-0.515135 -1.049278 895.272784
-0.094991 -0.421035 36.076778
-0.000606 -0.001506 1.000000
-0.512451 -1.219010 1024.415525
-0.132771 -0.522319 -39.179472
-0.000616 -0.001813 1.000000
-0.007125 -1.267789 1070.477517
-0.096313 -0.633895 -95.753388
-0.000154 -0.002086 1.000000
-0.349549 -1.455373 865.166682
-0.150775 -0.711120 66.345656
-0.000404 -0.002055 1.000000
-0.342935 -1.216273 953.647460
-0.135660 -0.819117 158.457403
-0.000490 -0.001858 1.000000
-0.710611 -0.414929 1063.330834
-0.388986 -0.343116 159.067793
-0.001124 -0.000717 1.000000
-0.513825 -0.104700 792.716614
-0.684298 -0.340250 783.088120
-0.001284 -0.000722 1.000000
-0.353812 -0.586528 905.751009
-0.209940 -0.655820 -149.787312
-0.000880 -0.001288 1.000000
-0.310427 -0.833956 2028.854643
-0.240676 -0.638508 508.656933
-0.000677 -0.001522 1.000000
-1.109093 0.442492 1547.678647
-1.153691 0.405384 1358.597956
-0.002690 0.001022 1.000000
-0.430236 -1.267257 992.386789
-0.120568 -0.559400 39.517412
-0.000562 -0.001672 1.000000
-0.471136 -0.733145 707.978416
-0.203035 -0.410988 -39.845437
-0.000748 -0.001253 1.000000
0.016535 -1.522336 1014.673513
0.125970 -0.481414 -232.039635
0.000105 -0.002239 1.000000
-0.062060 -1.347120 374.574801
0.043103 -0.736623 -201.159617
0.000201 -0.002641 1.000000
-1.459939 0.102838 1513.830190
-1.073927 -0.027559 1160.639547
-0.002567 0.000145 1.000000
-0.582526 -0.666441 1053.720466
-0.557831 -0.648068 816.492238
-0.000999 -0.001185 1.000000
-0.795970 -0.592054 846.556263
-0.371474 -0.172759 -288.898029
-0.001301 -0.000863 1.000000
-0.568838 -0.776023 1280.335748
-0.458019 -0.673414 593.460392
-0.000887 -0.001181 1.000000
-1.029507 -0.405865 950.745726
-0.510786 -0.111506 -273.529980
-0.001448 -0.000607 1.000000
0.201938 -1.714040 645.980041
0.176836 -0.947188 -804.401999
0.000754 -0.002889 1.000000
0.069252 -1.348851 60.605972
0.010368 -0.660302 29.915496
0.000436 -0.002814 1.000000
-0.342872 -1.154581 962.116132
-0.162907 -0.566270 25.300747
-0.000468 -0.001819 1.000000
-0.427261 -0.989373 987.404298
-0.208685 -0.511255 -45.236545
-0.000539 -0.001641 1.000000
-0.312886 -0.664092 626.871786
-0.259024 -0.515708 -146.153640
-0.000706 -0.001422 1.000000
-0.368725 -0.887084 870.867273
-0.210698 -0.871369 139.780561
-0.000664 -0.001828 1.000000
-0.337819 -1.116210 796.553678
-0.069949 -0.806027 13.425786
-0.000306 -0.002114 1.000000
-0.435020 -1.186792 1049.991869
-0.113655 -0.757513 -3.320261
-0.000367 -0.001950 1.000000
-0.401247 -1.234493 619.509797
-0.128110 -0.800122 -220.756470
-0.000378 -0.002050 1.000000
-0.285663 -0.816704 699.294426
-0.293131 -0.544048 118.329177
-0.000730 -0.001558 1.000000
-0.000533 -1.142967 532.469091
-0.108518 -0.852104 -106.663332
-0.000320 -0.001957 1.000000
-0.466734 -1.164266 951.063105
-0.204526 -0.550761 163.835635
-0.000520 -0.001587 1.000000
-0.007922 -1.437118 952.534744
-0.075424 -0.991313 -156.350125
-0.000173 -0.002457 1.000000
-0.641311 -0.907606 702.906956
-0.316156 -0.447859 -175.843044
-0.000959 -0.001268 1.000000
-0.229597 -1.341520 893.504489
-0.125863 -0.578023 -146.684424
-0.000310 -0.001879 1.000000
-0.934807 0.051506 -1127.789808
-0.606783 -0.184439 1169.023777
-0.001668 -0.000071 1.000000
-0.455460 -0.896540 749.091174
-0.201160 -0.629454 -40.307765
-0.000638 -0.001555 1.000000
-0.440200 -1.160711 826.860549
-0.066354 -0.633784 -99.544077
-0.000420 -0.001804 1.000000
-0.253137 -1.210218 908.331042
-0.138124 -0.599177 77.619833
-0.000481 -0.001973 1.000000
-0.424279 -0.840052 258.381495
-0.043286 -0.338687 -9.268710
-0.000652 -0.001618 1.000000
-0.141306 -0.927470 765.074918
-0.059477 -0.691263 -150.155229
-0.000314 -0.001901 1.000000
-0.456669 -0.636492 1090.836752
-0.366874 -0.595839 -56.129567
-0.000857 -0.001277 1.000000
-0.071805 -0.756063 501.513811
-0.039449 -0.824812 33.532833
-0.000466 -0.001797 1.000000
0.031243 -1.252942 322.831826
-0.103228 -0.885693 29.080879
-0.000105 -0.002246 1.000000
-0.436294 -0.695743 593.779013
-0.243071 -0.597735 74.840072
-0.000773 -0.001490 1.000000
-0.160827 -1.302469 684.466633
-0.140936 -0.903082 87.967738
-0.000355 -0.002137 1.000000
-0.181708 -1.740472 1044.436094
0.108444 -1.138243 -131.969546
0.000204 -0.003088 1.000000
-0.594714 -0.727986 900.113862
-0.269065 -0.484607 -2.616519
-0.000979 -0.001310 1.000000
-0.085325 -0.958780 597.871233
-0.062658 -0.860385 64.749732
-0.000374 -0.001955 1.000000
0.183240 -1.507544 650.053359
0.315006 -0.759529 -394.276243
0.000309 -0.002672 1.000000
-0.439548 -0.672570 738.252063
-0.313507 -0.609744 79.190746
-0.000857 -0.001518 1.000000
-0.106820 -0.892688 455.002265
-0.074578 -0.832632 -20.632228
-0.000315 -0.001955 1.000000
-0.415801 -0.768438 605.602405
-0.318887 -0.749010 80.592123
-0.000780 -0.001496 1.000000
-0.156527 -1.008606 599.118796
-0.103143 -1.050955 -18.348845
-0.000313 -0.002231 1.000000
0.286063 -1.667796 1158.883283
0.352306 -1.384282 -11.418824
0.000443 -0.003083 1.000000
-0.726213 -0.550263 975.717101
-0.226111 -0.379236 -92.109271
-0.001032 -0.001118 1.000000
0.588346 -1.617706 18.565904
0.536552 -0.764875 -669.185581
0.001005 -0.003171 1.000000
-0.436640 -0.930978 943.285527
-0.121177 -0.212697 -62.282093
-0.000672 -0.001251 1.000000
-0.063295 -1.230934 488.691367
0.180808 -1.015886 -3.830491
0.000002 -0.002458 1.000000
0.034758 -1.453232 449.357767
0.075465 -0.693232 -172.398395
0.000081 -0.002527 1.000000
-0.270485 -1.148404 769.419520
-0.004679 -0.480024 -125.184583
-0.000122 -0.001909 1.000000
-0.343996 -0.856011 784.652997
-0.240105 -0.753865 18.734617
-0.000544 -0.001655 1.000000
-0.155231 -0.807876 517.036669
-0.074963 -0.533764 1.808443
-0.000327 -0.001713 1.000000
-0.153923 -1.148997 348.100901
0.008623 -1.250082 -85.193006
-0.000199 -0.002524 1.000000
-0.273937 -0.850265 222.640739
-0.171180 -0.799130 -4.747161
-0.000570 -0.001881 1.000000
0.028083 -1.233528 261.771182
-0.094014 -1.057318 -108.567217
-0.000203 -0.002293 1.000000
-0.365445 -0.835420 220.440850
-0.013026 -0.359876 104.439455
-0.000491 -0.001626 1.000000
0.021988 -1.132555 107.704995
-0.066270 -0.832214 -102.158442
-0.000042 -0.002470 1.000000
-0.071284 -1.185024 562.504550
-0.014249 -0.539911 -58.509040
-0.000150 -0.002062 1.000000
-0.065616 -1.333659 615.428429
0.030049 -0.564999 -87.429463
-0.000077 -0.002346 1.000000
-0.418037 -0.640112 536.647601
-0.367339 -0.494915 67.602924
-0.000724 -0.001363 1.000000
-0.161493 -0.758436 321.913761
-0.141359 -0.340778 -88.441441
-0.000621 -0.001500 1.000000
0.384054 -1.683496 -154.510170
0.733293 -1.971420 -757.335992
0.001547 -0.004378 1.000000
-0.095838 -0.849883 77.317718
-0.119371 -0.664644 -113.915004
-0.000480 -0.001747 1.000000
-0.615107 -0.894258 727.393891
-0.221403 -0.498668 -32.541098
-0.000900 -0.001402 1.000000
-0.082098 -1.001527 236.907389
-0.084739 -0.815051 1.624975
-0.000007 -0.002317 1.000000
0.132487 -1.217494 -70.257431
-0.003926 -0.916903 -250.915050
-0.000052 -0.002288 1.000000
-0.118177 -0.899917 553.449669
-0.064718 -0.600072 -113.071473
-0.000330 -0.001799 1.000000
-0.337962 -0.414854 86.421402
-0.312627 -0.319324 -73.261060
-0.001020 -0.001048 1.000000
-0.453588 -1.016195 792.435993
-0.112287 -0.654441 -50.100177
-0.000529 -0.001911 1.000000
-0.110348 -0.898247 197.874770
-0.087159 -0.808682 57.215002
-0.000333 -0.002073 1.000000
0.806883 -2.402665 1169.618987
1.067555 -2.334608 -1602.414601
0.002914 -0.005502 1.000000
