0.148897 -0.989061 462.222115
0.109114 -0.394276 -102.822171
0.000096 -0.002057 1.000000
-0.010756 -1.241444 199.814721
0.025093 -0.599633 -192.845231
0.000114 -0.002737 1.000000
0.041555 -0.639633 38.006129
0.037000 -0.610432 -68.476292
0.000123 -0.002192 1.000000
0.482830 -0.828640 -208.836117
0.392321 -0.665203 -255.330907
0.001284 -0.003082 1.000000
0.026620 -0.800800 113.444915
-0.024071 -0.808847 -16.470738
0.000086 -0.002554 1.000000
0.201755 -0.709321 36.196379
0.165693 -0.440644 -49.519588
0.000298 -0.002281 1.000000
-0.051372 -0.239750 76.534472
-0.035613 -0.279441 37.121588
-0.000160 -0.001714 1.000000
-0.014531 -0.609764 173.249104
0.150731 -0.282186 -186.698824
0.000118 -0.002013 1.000000
0.079303 -0.924080 198.702783
0.022278 -0.792890 -282.244446
0.000139 -0.002728 1.000000
0.320691 -1.836424 990.806343
0.421740 -1.210637 -359.850321
0.000865 -0.003203 1.000000
-0.138103 -1.039480 638.763867
-0.032993 -0.554884 13.478171
0.000003 -0.002063 1.000000
-0.045382 -0.426977 104.951887
0.109552 -0.513915 -43.180732
-0.000060 -0.002049 1.000000
0.087771 -1.001805 285.665126
-0.005966 -0.558951 -159.448622
-0.000023 -0.002169 1.000000
0.145935 -0.934534 325.617067
0.242977 -0.662543 -281.565044
0.000456 -0.002753 1.000000
0.002817 -0.634498 297.211804
-0.029716 -0.446472 -88.567484
-0.000077 -0.001970 1.000000
-0.001595 -0.720128 250.571589
0.004799 -0.427280 -30.361146
-0.000043 -0.002025 1.000000
0.218343 -1.119479 71.285695
0.224626 -0.750687 -203.471531
0.000400 -0.002869 1.000000
0.115913 -0.501441 82.228962
0.061219 -0.713636 21.762931
0.000048 -0.002286 1.000000
0.096571 -0.844224 302.463782
0.164394 -0.450249 -283.186217
0.000268 -0.002434 1.000000
0.048324 -0.825553 325.608016
0.079829 -0.335812 -181.711764
0.000222 -0.002210 1.000000
0.207277 -0.697451 36.716339
0.107092 -0.551449 -9.058357
0.000357 -0.002310 1.000000
-0.282895 -1.041206 826.171681
-0.154044 -0.795578 -13.484552
-0.000478 -0.001696 1.000000
-0.345935 -0.909817 436.424126
-0.171299 -0.613868 -165.644024
-0.000535 -0.001524 1.000000
0.145950 -0.914426 147.268044
0.218043 -0.529906 -133.262232
0.000393 -0.002522 1.000000
0.118842 -1.101225 375.566677
0.117126 -0.714578 -285.290954
0.000251 -0.002555 1.000000
0.155274 -1.604330 232.719274
0.303110 -1.188698 -125.720883
0.000778 -0.003469 1.000000
0.136541 -0.696492 -57.160075
0.096117 -0.915554 123.594457
0.000248 -0.002579 1.000000
0.135068 -0.501070 96.646995
0.104449 -0.647196 -129.946487
0.000442 -0.002537 1.000000
0.454017 -0.790189 -37.933884
0.268741 -0.527118 -179.309243
0.000533 -0.002599 1.000000
0.027148 -0.691205 224.061544
0.143971 -0.761517 -12.878855
0.000271 -0.002378 1.000000
-0.200817 -0.816804 323.259575
-0.091533 -0.606934 6.524061
-0.000150 -0.002192 1.000000
0.004740 -0.820220 103.360110
-0.079876 -0.441390 -50.435183
-0.000156 -0.002037 1.000000
-0.156518 -0.896235 304.781162
-0.081293 -0.667004 -182.708547
-0.000017 -0.002409 1.000000
-0.175778 -0.658106 294.968181
-0.020982 -0.460438 -94.900966
-0.000259 -0.001971 1.000000
-0.053903 -0.360950 61.336861
-0.012559 -0.269526 40.948085
-0.000340 -0.001608 1.000000
0.097375 -1.102461 679.383478
0.076577 -0.478127 -211.936957
0.000137 -0.002133 1.000000
-0.264781 -0.634221 15.435014
-0.154345 -0.669714 81.502944
-0.000388 -0.001920 1.000000
0.109815 -0.665377 123.998439
0.027727 -0.318783 -85.244894
0.000026 -0.001992 1.000000
-0.003062 -1.394791 85.005882
-0.071681 -0.954800 -15.025766
-0.000001 -0.002713 1.000000
-0.104424 -0.710140 200.194233
0.052755 -0.398510 -51.426634
0.000079 -0.002178 1.000000
0.227395 -0.975113 -5.700539
0.238599 -0.478007 -294.318343
0.000450 -0.002574 1.000000
0.091335 -1.217492 -203.627142
0.177519 -0.709656 -32.165450
0.000370 -0.002833 1.000000
0.106874 -1.014855 164.313191
-0.004116 -0.656367 -112.095590
0.000139 -0.002372 1.000000
0.374066 -1.273485 -103.038486
0.258089 -0.842588 -77.638544
0.000640 -0.002740 1.000000
-0.074039 -0.478723 113.840904
-0.015657 -0.156545 -72.073829
-0.000163 -0.001726 1.000000
-0.079578 -0.820576 357.350157
-0.008892 -0.331786 -0.697586
0.000022 -0.001898 1.000000
-0.083684 -0.994215 406.706101
0.044992 -0.596241 -317.853151
0.000043 -0.002369 1.000000
0.022348 -1.156299 528.239932
0.203849 -0.491130 -277.396644
0.000537 -0.002580 1.000000
-0.056365 -0.820850 409.083834
-0.055966 -0.410374 -53.750785
-0.000082 -0.001937 1.000000
0.097053 -1.132018 297.340108
0.128492 -0.538092 -248.400617
0.000260 -0.002498 1.000000
0.357013 -1.298160 552.637890
0.197806 -0.643047 -334.320486
0.000682 -0.003003 1.000000
0.284997 -1.144426 561.365882
0.148400 -0.596832 -219.549941
0.000578 -0.002523 1.000000
0.335921 -1.019675 89.692654
0.171205 -0.528348 -153.868763
0.000558 -0.002355 1.000000
2.188387 -3.038488 -424.801961
1.064482 -2.121413 -1566.264697
0.003935 -0.006468 1.000000
-0.121598 -1.041646 312.830697
-0.160187 -0.457993 -38.278655
-0.000171 -0.002162 1.000000
-0.019206 -1.152752 558.558394
0.037900 -0.435890 -242.600934
0.000142 -0.002303 1.000000
0.151204 -1.131982 163.572670
0.047222 -0.414445 -530.627105
0.000811 -0.003218 1.000000
0.225150 -1.392774 370.254450
0.064829 -0.652280 -211.306222
0.000470 -0.002813 1.000000
-0.061663 -0.630430 139.521912
-0.083343 -0.576287 -23.007154
-0.000170 -0.001940 1.000000
0.069262 -1.284975 434.165561
0.028554 -0.896422 -235.323514
0.000047 -0.002586 1.000000
0.187826 -0.726301 -83.944614
-0.086823 -0.401354 -26.998418
0.000378 -0.002645 1.000000
0.336567 -0.821158 440.939940
0.269582 -0.939994 -171.889234
0.000574 -0.003031 1.000000
0.015424 -0.318994 53.980808
-0.056443 -0.170757 40.030937
-0.000232 -0.001574 1.000000
0.441531 -1.292942 275.688155
0.132076 -0.795050 -251.029251
0.000702 -0.003053 1.000000
-0.098824 -0.848363 327.584150
-0.048050 -0.407910 -113.791355
-0.000034 -0.001985 1.000000
0.013644 -1.214070 373.021727
0.016023 -0.866129 -89.758297
-0.000074 -0.002622 1.000000
0.117119 -0.599106 56.411523
0.126018 -0.530376 -38.915804
0.000573 -0.002421 1.000000
-0.005187 -0.738599 118.684615
0.011975 -0.655337 34.738824
0.000269 -0.002544 1.000000
0.080752 -1.015594 253.688233
0.026098 -0.444269 -276.717091
-0.000011 -0.002336 1.000000
0.061280 -1.355501 154.458636
0.168019 -1.158661 -110.555294
0.000246 -0.002779 1.000000
-0.109159 -0.795720 146.972105
-0.027292 -0.385217 -19.778851
-0.000155 -0.001919 1.000000
-0.171927 -1.223928 474.711846
-0.090190 -0.471275 -47.972673
-0.000399 -0.001904 1.000000
0.565728 -2.447875 10.884702
0.052815 -0.990907 -288.047201
0.000976 -0.004374 1.000000
-0.354011 -0.675982 319.354247
-0.278422 -0.337946 -141.343342
-0.000767 -0.001368 1.000000
0.065513 -0.957175 212.011690
0.099854 -0.525951 -66.585331
-0.000160 -0.002086 1.000000
0.017628 -1.133399 222.004308
0.054499 -0.817943 -80.913101
0.000265 -0.002958 1.000000
0.060043 -0.368614 11.722305
-0.065146 -0.418168 143.209479
-0.000206 -0.001728 1.000000
0.115561 -0.727866 35.729681
-0.026569 -0.347193 45.498962
-0.000147 -0.001951 1.000000
0.175879 -1.199682 115.008775
-0.041509 -0.856453 -130.410961
0.000218 -0.002749 1.000000
-0.032019 -0.638234 131.477815
-0.023136 -0.605435 -42.609258
0.000008 -0.002299 1.000000
0.045025 -0.853186 253.085264
-0.011338 -0.425309 -84.054430
-0.000246 -0.001950 1.000000
0.017184 -0.862490 210.551379
0.129645 -0.915004 -42.812357
0.000134 -0.002581 1.000000
0.269573 -1.432887 357.460487
0.414679 -1.518342 -107.405202
0.000669 -0.003539 1.000000
0.112300 -1.488638 127.837290
0.125847 -0.943003 -14.842525
0.000076 -0.002802 1.000000
0.159241 -0.675285 19.461372
-0.006551 -0.274376 75.958670
-0.000007 -0.001968 1.000000
0.083863 -0.478522 54.357144
0.036901 -0.234833 1.003961
0.000033 -0.002042 1.000000
0.209728 -1.065105 121.005628
-0.076408 -0.747487 58.390306
0.000119 -0.002255 1.000000
1.650168 -2.726346 503.257064
0.806473 -1.576759 -743.708628
0.002272 -0.004629 1.000000
0.024424 -0.327499 58.554378
-0.065678 -0.185254 58.094986
-0.000366 -0.001556 1.000000
0.108024 -1.101947 153.868624
-0.020208 -0.491499 -188.714166
-0.000256 -0.002185 1.000000
0.308895 -1.589941 190.558119
0.027314 -0.795564 -46.065995
0.000324 -0.002934 1.000000
0.219701 -1.008281 143.447719
0.087619 -0.632808 48.094052
0.000116 -0.002083 1.000000
0.325124 -3.324228 455.232566
0.117030 -1.648587 109.150717
0.000395 -0.004038 1.000000
-0.041884 -0.475934 28.576780
-0.032529 -0.228298 45.009519
-0.000151 -0.002001 1.000000
0.037486 -0.749317 53.547242
-0.006937 -0.348678 -63.342676
-0.000159 -0.002185 1.000000
2.009123 -3.350313 128.492175
1.399459 -1.856279 -1039.325507
0.002970 -0.005266 1.000000
0.070037 -0.691593 -47.573140
-0.051266 -0.467838 -83.423352
-0.000123 -0.002138 1.000000
0.365985 -1.809126 41.444574
0.077159 -0.926418 -253.430401
0.000297 -0.003148 1.000000
0.103650 -1.755523 610.004766
-0.033458 -1.053228 -196.160120
0.000132 -0.003215 1.000000
-0.061618 -0.861467 90.693217
-0.098811 -0.405793 -106.801765
-0.000426 -0.001872 1.000000
0.208698 -1.076172 -98.862439
0.260551 -1.036590 -0.521653
0.000492 -0.002931 1.000000
0.274655 -0.959554 173.823922
0.133525 -0.557148 -287.344315
0.000299 -0.002543 1.000000
-0.103204 -1.081057 770.337758
-0.064365 -0.389252 -44.810372
-0.000195 -0.001811 1.000000
0.156892 -1.901679 252.455098
0.055493 -1.080475 -128.393101
0.000215 -0.003316 1.000000
0.746820 -2.068148 -69.871101
0.286570 -1.495534 -211.201478
0.000720 -0.004177 1.000000
-0.128843 -0.638360 207.322976
-0.082430 -0.429108 51.974225
-0.000250 -0.001887 1.000000
-0.102976 -0.616024 113.211567
-0.092384 -0.501564 91.499330
-0.000290 -0.002014 1.000000
0.064465 -1.101004 359.577043
-0.104958 -0.677069 -101.197283
-0.000095 -0.002309 1.000000
-0.024387 -1.482937 165.325713
0.009008 -0.808103 7.764116
-0.000045 -0.002839 1.000000
-0.075752 -1.044623 78.706881
-0.203640 -0.628000 94.920901
-0.000278 -0.002087 1.000000
-0.092252 -0.874514 77.821021
-0.032436 -0.476152 -32.503945
-0.000255 -0.002028 1.000000
0.131343 -1.185093 -169.167430
0.070500 -0.667323 -112.436352
0.000287 -0.002636 1.000000
-0.098510 -0.833384 -12.107921
-0.129430 -0.420885 -41.694297
-0.000491 -0.001826 1.000000
0.009510 -1.502221 781.363511
0.068637 -0.446195 -78.314728
0.000142 -0.002143 1.000000
-0.031169 -0.840433 166.068389
-0.046819 -0.494930 6.537938
-0.000229 -0.002011 1.000000
0.148428 -0.852442 -121.060731
0.079772 -0.926339 -8.873314
0.000192 -0.002796 1.000000
-0.264925 -1.257733 650.964349
-0.379831 -0.837847 -36.097059
-0.000573 -0.002180 1.000000
0.240264 -1.501927 597.136576
0.013142 -0.616744 -166.246927
0.000216 -0.002516 1.000000
0.450262 -1.881800 415.021307
0.291916 -1.267801 -205.332186
0.000655 -0.003516 1.000000
0.525468 -1.671282 268.365961
0.266235 -1.053016 -352.175698
0.000846 -0.003649 1.000000
0.513538 -1.706272 235.558696
0.332391 -0.743470 -420.410266
0.000795 -0.003330 1.000000
0.582941 -2.808857 515.814790
0.439063 -1.150727 -391.092253
0.001276 -0.004028 1.000000
0.485148 -1.853362 292.802674
0.368315 -0.756666 -389.181919
0.000639 -0.002956 1.000000
0.179088 -1.252120 318.697161
0.277302 -0.766872 -128.661743
0.000442 -0.002558 1.000000
0.276693 -1.366683 516.372462
0.250505 -0.911954 -178.265782
0.000536 -0.002838 1.000000
0.634712 -1.865477 -64.150453
0.634152 -0.902413 -668.635498
0.001427 -0.003445 1.000000
0.161933 -1.198736 462.571248
-0.020149 -0.687401 -70.001310
-0.000027 -0.002321 1.000000
-0.004228 -1.554160 752.605321
-0.020385 -0.863324 -16.170789
-0.000160 -0.002487 1.000000
0.459104 -1.007578 14.340630
0.733628 -0.838402 -356.477601
0.001473 -0.003322 1.000000
0.220366 -1.069744 214.305379
0.162594 -0.769677 -133.418615
0.000308 -0.002559 1.000000
-0.010167 -1.075316 437.151402
0.243042 -0.835870 -166.245465
0.000106 -0.002431 1.000000
-0.198312 -1.364756 771.670154
0.080075 -0.442281 -229.307004
-0.000095 -0.002099 1.000000
-0.049123 -0.806359 180.061956
0.007192 -0.542350 -43.172792
-0.000272 -0.001967 1.000000
1.085701 -3.002275 232.534294
0.920363 -1.925001 -669.377997
0.001931 -0.004706 1.000000
0.380368 -1.799521 165.059459
0.496335 -1.340762 -199.500683
0.000828 -0.003647 1.000000
0.196668 -0.983344 35.506656
0.032310 -0.771758 -42.100336
-0.000031 -0.002465 1.000000
0.325345 -2.365675 513.118991
0.114557 -0.839408 -24.226295
0.000377 -0.002824 1.000000
0.127125 -0.989844 154.153126
0.085046 -0.679285 -196.967652
0.000472 -0.002777 1.000000
-0.001219 -1.529979 597.399082
0.065714 -0.442921 -146.025590
0.000196 -0.002421 1.000000
0.046164 -1.239383 540.546494
0.117134 -0.604486 -637.964961
0.000137 -0.002458 1.000000
0.007149 -2.027768 1183.433786
0.100508 -0.567731 -85.759931
0.000280 -0.002414 1.000000
0.163702 -2.062614 446.233391
0.337059 -1.037995 -299.696890
0.000605 -0.003540 1.000000
-2.235832 0.632978 3361.839558
-2.447016 0.732781 2659.883081
-0.006113 0.002753 1.000000
0.368911 -1.683317 1296.513675
0.114436 -0.805942 52.959225
0.000422 -0.002606 1.000000
0.161963 -1.815787 1095.362592
-0.000837 -0.486508 73.360055
0.000194 -0.002252 1.000000
0.072610 -1.044579 538.608157
0.068047 -0.524673 -150.774019
0.000133 -0.002382 1.000000
0.012430 -1.020536 283.783852
-0.038864 -0.549962 -88.144059
0.000062 -0.002278 1.000000
-0.008050 -1.139186 299.796339
0.172473 -0.521944 -344.856554
0.000256 -0.002668 1.000000
0.306291 -1.592542 180.277580
0.096364 -1.073620 -18.543707
0.000313 -0.002889 1.000000
0.120998 -0.937374 -32.142661
0.149421 -0.751982 -93.443115
0.000296 -0.002529 1.000000
-0.046848 -1.324671 849.116635
-0.098187 -0.799611 -159.338600
-0.000126 -0.002365 1.000000
-0.128195 -1.450241 819.659028
0.061388 -0.382641 -183.383082
-0.000104 -0.002204 1.000000
0.217607 -1.331634 384.742374
0.118424 -0.783946 -161.957034
0.000101 -0.002723 1.000000
-0.321868 -1.187984 620.869678
-0.040759 -0.590286 -45.397536
-0.000345 -0.002114 1.000000
0.892851 -2.346789 896.754696
0.369668 -0.533335 -134.185232
0.000834 -0.002889 1.000000
0.139181 -2.132723 1089.904654
0.060513 -0.495441 -42.261351
0.000219 -0.002455 1.000000
-0.665764 -0.443582 -179.861831
-0.487687 -0.155062 1356.982672
-0.001398 -0.000782 1.000000
0.170271 -1.516524 999.386289
-0.094344 -0.674153 -18.325554
0.000173 -0.002472 1.000000
-0.099491 -1.321953 1071.802166
-0.016752 -0.233016 32.221873
-0.000084 -0.001745 1.000000
0.016417 -1.706163 580.012147
0.179016 -1.191939 -131.783568
0.000165 -0.003062 1.000000
0.025634 -0.970377 434.480880
0.192965 -0.712322 -123.576131
0.000258 -0.002504 1.000000
0.715742 -2.772281 875.252210
0.421910 -1.081420 -544.994719
0.001717 -0.004677 1.000000
-0.068328 -0.733771 -147.988583
-0.138167 -0.449877 24.322874
-0.000462 -0.001712 1.000000
0.014813 -0.830692 96.707036
0.150287 -0.950790 -27.837442
0.000129 -0.002751 1.000000
-0.196391 -0.451329 150.005551
-0.031814 -0.567135 27.099328
-0.000204 -0.002038 1.000000
-0.038341 -0.506456 120.303666
-0.053272 -0.427055 32.034863
-0.000214 -0.001886 1.000000
-0.513719 -0.575202 -131.884456
-0.340525 -0.826000 485.038073
-0.000962 -0.001521 1.000000
-0.004566 -0.674631 -4.719054
0.023446 -0.557670 68.094363
-0.000120 -0.002115 1.000000
0.105812 -0.976407 45.438920
-0.055068 -0.558641 -161.695784
0.000301 -0.002641 1.000000
-0.124759 -1.493622 424.640556
-0.104293 -0.964371 70.224078
-0.000192 -0.002428 1.000000
0.130459 -1.240550 379.719542
-0.003113 -0.794489 -64.840193
-0.000034 -0.002568 1.000000
0.080051 -1.353267 384.938730
0.021999 -1.161306 60.198805
-0.000080 -0.002644 1.000000
0.205254 -0.564967 -116.422541
-0.010769 -0.590762 107.766187
-0.000067 -0.002067 1.000000
0.031936 -0.401817 -63.224182
-0.070619 -0.459689 119.585736
-0.000189 -0.001815 1.000000
0.012413 -0.674877 89.662692
0.089946 -0.865361 28.859450
0.000164 -0.002515 1.000000
-0.135155 -0.523631 69.654277
-0.095581 -0.527703 24.277544
-0.000323 -0.001826 1.000000
-0.079292 -0.839677 141.122087
-0.048571 -0.820685 82.922505
-0.000158 -0.002385 1.000000
0.204274 -1.154078 -154.895036
0.123668 -0.586075 -162.923662
0.001314 -0.003451 1.000000
0.067572 -0.832191 -52.366612
0.011037 -0.610190 8.553983
0.000293 -0.002554 1.000000
0.006531 -0.462053 -77.267451
0.026180 -0.668426 12.234840
0.000374 -0.002779 1.000000
0.120474 -0.860603 92.383216
0.143879 -1.095777 -155.386026
0.000544 -0.003109 1.000000
-0.042640 -0.623701 64.601358
0.010435 -0.557485 52.624784
-0.000070 -0.002243 1.000000
-1.122438 -0.112220 -147.624995
-0.724686 -0.308353 470.157098
-0.002000 -0.000723 1.000000
0.209075 -2.000397 563.730486
0.089944 -0.831491 -174.245089
0.000529 -0.003336 1.000000
0.186575 -1.036011 189.203805
0.004443 -0.398319 -73.837636
-0.000056 -0.002139 1.000000
0.288909 -0.986296 -220.884529
0.126712 -0.697500 -176.216561
0.001055 -0.003177 1.000000
-0.089189 -0.230141 62.757042
-0.048673 -0.340672 64.639186
-0.000273 -0.001682 1.000000
0.045110 -0.587095 -57.509069
0.174982 -1.036062 -33.091589
0.000758 -0.003332 1.000000
0.063735 -0.791917 69.057434
0.029321 -0.852056 40.421039
0.000324 -0.002942 1.000000
0.124968 -0.859235 -555.970722
0.141138 -1.464521 589.142669
0.000290 -0.002777 1.000000
-0.003994 -1.034892 1507.130636
0.193241 -1.265890 -39.018362
0.000198 -0.002498 1.000000
-0.001010 -0.445519 7.224552
0.105105 -0.502031 14.735695
0.000178 -0.002154 1.000000
0.030100 -0.805893 -135.813206
0.115673 -0.622586 -107.526824
0.000383 -0.002588 1.000000
0.289753 -1.526781 111.871654
0.373978 -0.968583 -413.923230
0.000692 -0.003077 1.000000
-0.878463 -0.326576 1196.222206
-0.887069 -0.251454 169.583670
-0.001880 -0.000659 1.000000
3.213722 0.692796 -4537.624594
7.926061 -7.610814 2049.721366
0.014657 -0.013085 1.000000
-0.583246 -0.757863 953.819511
-0.477634 -0.456515 256.530843
-0.001173 -0.001203 1.000000
0.182472 -1.610507 1177.982716
0.258083 -1.419490 419.058337
0.000235 -0.002849 1.000000
1.168378 -1.800453 -617.083760
1.329058 -1.710649 -1440.086158
0.002732 -0.004607 1.000000
0.257905 -1.115589 -128.303912
0.238187 -0.928749 13.149996
0.000612 -0.002929 1.000000
0.625502 -1.221810 -1209.648179
1.127866 -2.048328 -229.709698
0.002067 -0.004085 1.000000
-0.473484 -0.881692 1237.116726
-0.133704 -0.747643 124.779125
-0.000759 -0.001659 1.000000
0.012318 -1.846694 1048.555319
0.058133 -0.680524 -40.733133
0.000193 -0.002621 1.000000
0.041730 -1.111663 857.072595
-0.250621 -1.156757 227.117705
-0.000268 -0.002475 1.000000
0.594084 -2.008489 1036.779321
0.099595 -0.477524 48.414989
0.000625 -0.002497 1.000000
-0.259614 -1.655458 1088.928779
-0.075906 -0.362714 45.118219
-0.000171 -0.001950 1.000000
-0.093016 -1.132007 -12.075576
-0.153040 -0.710044 71.601766
-0.000405 -0.001968 1.000000
-0.024410 -1.526834 919.082892
0.043501 -0.513886 -48.572804
0.000052 -0.002151 1.000000
-0.269049 -1.323650 999.900884
-0.086681 -0.565968 59.062497
-0.000384 -0.001933 1.000000
-0.140867 -1.314753 1190.846463
0.079535 -0.749486 -53.417810
0.000074 -0.002325 1.000000
-15.909941 16.004867 44277.806891
-13.329901 15.337223 -4082.574735
-0.034460 0.030468 1.000000
0.179845 -1.312808 378.381693
0.113137 -0.931038 -277.399719
0.000168 -0.002722 1.000000
-1.941386 1.392216 -1751.758363
-1.082418 0.924664 -611.143445
-0.003523 0.001232 1.000000
-0.113138 -0.829478 -292.001267
-0.104660 -0.977199 1004.319046
-0.000497 -0.001851 1.000000
0.700921 -2.405526 1166.589859
0.484489 -1.125767 -166.618796
0.001081 -0.003493 1.000000
0.181600 -1.566074 725.413450
-0.049171 -0.635038 -55.667192
-0.000092 -0.002146 1.000000
2.322109 -3.830457 1479.128560
0.762206 -1.294763 -500.442307
0.002658 -0.005039 1.000000
-0.150556 -1.075638 -296.660645
-0.061133 -0.536295 66.316402
-0.000179 -0.002030 1.000000
-0.700123 -0.062526 -856.038854
-0.570146 -0.032718 -227.029362
-0.001690 -0.000450 1.000000
1.154207 -2.420203 -161.607113
1.156377 -2.216135 2022.528012
0.001573 -0.003605 1.000000
-0.193437 -1.310261 1017.055095
-0.115410 -0.325959 -109.259987
-0.000388 -0.001753 1.000000
-0.018391 -1.335449 614.210185
-0.264276 -0.908243 958.009353
-0.000306 -0.002108 1.000000
-0.123300 -1.548416 738.813309
-0.099123 -0.719309 -238.425193
-0.000230 -0.002219 1.000000
0.126155 -1.224969 871.082425
0.130952 -0.683299 -298.624260
0.000400 -0.002510 1.000000
-0.008570 -0.597741 253.721912
0.006487 -0.309432 83.556028
-0.000157 -0.001699 1.000000
0.220186 -1.783245 967.631164
0.104425 -0.365134 -111.380242
0.000332 -0.002314 1.000000
-0.055519 -1.620706 968.082073
0.028368 -0.347310 12.843383
-0.000002 -0.002105 1.000000
-0.245164 -1.149920 3117.504647
-0.196342 -0.545532 -1481.994266
-0.000343 -0.001905 1.000000
-0.056349 -1.190866 813.735095
-0.136832 -0.456065 115.905918
-0.000194 -0.001760 1.000000
-0.210997 -0.961241 596.403746
-0.135895 -1.404230 195.975524
-0.000128 -0.003273 1.000000
-0.369171 -0.857002 654.085541
-0.197495 -0.754731 83.613161
-0.000434 -0.002210 1.000000
-0.482365 -0.662076 594.226126
-0.449476 -0.818720 291.660223
-0.000854 -0.001869 1.000000
0.418228 -1.985545 969.333993
0.187089 -0.702818 -190.156470
0.000697 -0.003078 1.000000
0.144864 -1.420320 845.669157
0.114935 -0.479393 -49.110938
0.000297 -0.002293 1.000000
0.676849 -2.234492 916.304301
0.057155 -0.167775 -27.153845
0.000707 -0.002548 1.000000
0.236690 -1.604927 894.899872
0.192243 -0.594991 -75.586434
0.000217 -0.002444 1.000000
0.176215 -1.283549 450.422983
0.004529 -0.741763 116.837488
0.000159 -0.002348 1.000000
2.862658 -4.395836 1308.660587
0.617229 -0.316477 -137.773876
0.003238 -0.004607 1.000000
0.345469 -1.135866 728.728575
0.285484 -1.456402 -1.647392
0.000618 -0.003164 1.000000
1.323114 -2.637650 773.622633
0.274044 -0.320235 -45.959345
0.001159 -0.002976 1.000000
0.564959 -2.078870 1071.013688
0.402392 -1.131326 -45.183074
0.000880 -0.003274 1.000000
0.207213 -1.657231 1284.163208
0.047446 -0.436159 -0.449980
0.000211 -0.002101 1.000000
0.044286 -0.663072 213.880849
-0.018647 -0.136336 -11.143290
-0.000002 -0.001861 1.000000
-0.046899 -1.314608 780.021534
0.066212 -0.575650 -42.772264
0.000015 -0.002297 1.000000
-0.019280 -1.120080 757.700202
0.056728 -0.471798 -52.652179
-0.000108 -0.002047 1.000000
0.238744 -1.643476 698.335659
0.228129 -0.955466 -44.518975
0.000360 -0.002738 1.000000
0.306494 -1.404381 484.076424
0.153759 -0.778930 -100.534776
0.000402 -0.002611 1.000000
0.094291 -0.375915 230.307350
-0.217036 0.018727 184.621186
-0.000535 -0.000954 1.000000
0.683381 -1.541620 600.175052
0.112152 -0.526284 18.653037
0.000588 -0.002446 1.000000
0.117284 -0.926553 370.657507
-0.078266 -0.237299 5.044817
-0.000253 -0.001708 1.000000
0.463902 -0.595502 280.409584
-0.145207 0.347800 85.768190
-0.000264 -0.000758 1.000000
0.573770 -0.352000 193.483372
-0.186097 0.581649 144.422950
-0.000317 -0.000390 1.000000
0.274975 -1.486359 474.580923
0.063440 -0.801759 -107.004503
0.000334 -0.002776 1.000000
0.934417 0.143695 -18.702816
-0.049307 1.028415 -52.041077
-0.000146 0.000208 1.000000
1.000000 0.000000 0.000000
0.000000 1.000000 -0.000000
0.000000 0.000000 1.000000
0.301286 0.186819 -102.453882
-0.267031 0.489089 196.148408
-0.000609 -0.000286 1.000000
1.702987 -0.106552 -107.314593
0.303378 0.863863 -18.345200
0.000751 -0.000519 1.000000
1.426648 -0.387447 23.789331
0.260608 0.635212 -37.691162
0.000696 -0.000910 1.000000
-0.340415 -1.232475 1152.699565
-0.111281 -0.263146 53.240734
-0.000478 -0.001713 1.000000
0.667577 -1.314826 -385.209806
0.239214 -0.347404 -795.442167
0.001083 -0.003021 1.000000
-0.007112 -1.285391 790.135872
0.061192 -0.170272 -28.983768
-0.000066 -0.001759 1.000000
0.998283 -3.032392 247.899723
0.521047 -1.312464 -318.298338
0.001310 -0.004410 1.000000
0.336478 -1.591127 467.686313
0.076896 -0.645630 -79.362326
0.000203 -0.002580 1.000000
0.107066 -1.114206 500.531129
0.051765 -0.546637 -84.115988
0.000116 -0.002377 1.000000
-0.030520 -1.383500 467.649818
0.043433 -1.227952 174.129879
-0.000019 -0.002605 1.000000
0.204661 -1.149338 454.250498
0.084173 -0.831636 -48.214919
0.000213 -0.002465 1.000000
0.778996 -2.031699 551.215384
0.471071 -1.762184 -73.550679
0.000957 -0.003767 1.000000
0.388000 -1.124693 185.296669
0.173893 -0.868802 27.057607
0.000228 -0.002501 1.000000
0.215167 -1.314460 482.240939
0.206653 -0.827965 -90.760682
0.000204 -0.002748 1.000000
-0.034482 -1.101616 183.675511
-0.038981 -0.437312 -77.427503
-0.000162 -0.002112 1.000000
-0.027065 -0.843333 232.661790
0.000329 -0.883446 79.421850
0.000040 -0.002431 1.000000
0.168194 -0.914989 230.872148
0.112022 -0.482920 -94.802910
0.000068 -0.002030 1.000000
0.348698 -2.188434 674.775962
0.159567 -0.632372 -283.195708
0.000328 -0.002947 1.000000
0.285263 -1.842272 921.544968
0.051833 -0.633644 4.795999
0.000359 -0.002576 1.000000
0.035286 -0.509078 21.077003
0.021665 -0.347765 -28.662600
-0.000078 -0.002017 1.000000
-0.157993 -0.938965 254.589709
0.011349 -0.909990 81.588737
0.000132 -0.002511 1.000000
0.049312 -0.619620 19.052109
0.015236 -0.506722 -35.914070
0.000201 -0.002202 1.000000
0.010404 -1.676366 570.183617
-0.029534 -1.138281 30.302551
0.000010 -0.002949 1.000000
-0.040048 -0.720939 290.331666
0.238508 -0.705010 -205.887819
0.000276 -0.002539 1.000000
0.318963 -0.947588 169.270408
0.106690 -0.405995 -149.070315
0.000302 -0.002260 1.000000
-0.171933 -0.650747 499.925632
-0.014659 -0.180864 -64.274164
-0.000389 -0.001577 1.000000
-0.028389 -0.727344 257.055078
-0.005323 -0.550074 -68.371486
-0.000091 -0.002180 1.000000
0.766187 -0.389910 217.367811
0.150337 0.662866 -89.628607
0.000008 -0.000638 1.000000
0.021098 -0.780757 135.577450
-0.005153 -0.707786 34.602869
0.000070 -0.002267 1.000000
0.080551 -1.103217 546.499728
0.024186 -0.645111 2.502183
-0.000005 -0.002149 1.000000
