-0.334667 -1.160014 600.751835
-0.081762 -0.524906 -117.879060
-0.000187 -0.002271 1.000000
-0.276154 -0.800058 242.488436
-0.080984 -0.516297 -6.758576
-0.000634 -0.001779 1.000000
0.013356 -1.085079 182.016142
0.042682 -0.824884 -109.395241
0.000102 -0.002599 1.000000
-0.046653 -0.738188 115.597483
-0.105660 -0.671458 -8.573552
-0.000014 -0.002288 1.000000
0.323081 -1.981697 115.433793
0.589230 -1.749729 -409.741328
0.000912 -0.004188 1.000000
0.037509 -0.919503 235.107976
0.083020 -0.740574 -18.404658
0.000038 -0.002425 1.000000
-0.030014 -0.815459 158.359332
-0.097008 -0.540713 -123.526723
-0.000265 -0.002261 1.000000
-0.022035 -1.170372 132.238745
-0.033752 -0.608662 -119.006479
-0.000380 -0.002378 1.000000
-0.293092 -1.075173 17.270145
-0.054941 -0.734599 -77.187005
-0.000374 -0.002399 1.000000
-0.346960 -0.934751 930.109308
-0.175144 -0.599353 -26.339686
-0.000704 -0.001902 1.000000
0.067496 -1.152946 364.482589
-0.018250 -0.403404 -252.508331
0.000071 -0.002414 1.000000
0.131500 -1.293581 96.953555
-0.000200 -0.682118 -238.825117
0.000180 -0.002848 1.000000
0.179930 -1.459673 -15.572690
0.115198 -0.748950 -382.230223
0.000813 -0.003303 1.000000
-0.047091 -0.984848 133.695021
0.037212 -0.606561 -356.800303
-0.000076 -0.002509 1.000000
-0.349675 -1.312119 532.677397
0.034685 -0.705548 -168.535100
-0.000334 -0.002195 1.000000
0.172648 -1.063985 156.900978
0.145772 -0.729256 -191.970133
0.000273 -0.002549 1.000000
-0.156922 -0.924631 188.646004
0.035562 -0.580279 -116.999244
0.000030 -0.002537 1.000000
-0.018931 -0.847020 289.433487
-0.149115 -0.651122 -9.624515
-0.000521 -0.002066 1.000000
0.158679 -1.277660 110.852515
0.060859 -0.848038 -32.968300
-0.000020 -0.002415 1.000000
-0.178435 -1.070109 674.905558
-0.104674 -0.627510 -96.822028
-0.000247 -0.002206 1.000000
-0.109759 -0.970692 311.156934
-0.100969 -0.584117 -79.439436
-0.000402 -0.002007 1.000000
-0.261041 -0.959549 -115.620098
-0.286952 -0.638696 -105.971763
-0.000484 -0.001717 1.000000
-1.063530 0.115539 3210.044611
-0.844829 0.118032 1081.625649
-0.002117 0.000342 1.000000
0.042722 -1.429451 437.892691
0.069770 -0.771343 -192.209256
0.000263 -0.002712 1.000000
-0.141094 -1.005430 537.100559
-0.047131 -0.731240 -182.747041
-0.000185 -0.002365 1.000000
-0.197454 -0.900387 249.611735
-0.243792 -0.664154 -111.644148
-0.000629 -0.001961 1.000000
0.025686 -1.071281 324.947915
-0.005250 -0.859698 95.909121
-0.000164 -0.002187 1.000000
-0.007930 -1.055928 -124.082671
-0.003667 -0.758742 -56.517311
-0.000330 -0.002379 1.000000
0.213836 -1.236839 278.739511
-0.000330 -0.711045 10.431741
0.000120 -0.002516 1.000000
-0.102998 -0.911107 233.536936
-0.048444 -0.864030 22.782881
-0.000320 -0.002205 1.000000
0.266711 -1.285877 209.670314
0.287377 -1.168711 -243.811936
0.000435 -0.003010 1.000000
0.020282 -0.601516 -16.018111
0.002916 -0.324337 12.051998
-0.000168 -0.002031 1.000000
-0.093489 -1.061110 249.302098
0.040182 -0.676773 -293.759754
-0.000120 -0.002425 1.000000
0.179922 -1.361469 450.861462
0.082065 -0.786093 -71.777011
-0.000090 -0.002442 1.000000
0.220464 -1.442761 122.096828
0.083325 -0.717754 -353.159940
0.000379 -0.002917 1.000000
0.573465 -2.260658 257.547687
0.419702 -1.399358 -372.663223
0.000979 -0.004318 1.000000
0.070455 -1.069210 355.223765
0.058266 -0.726772 -14.797973
-0.000128 -0.002301 1.000000
-0.097521 -0.705166 86.231585
-0.013964 -0.622759 30.723216
-0.000288 -0.002027 1.000000
0.150672 -1.697402 356.821107
0.247471 -1.327947 -58.512264
0.000618 -0.003477 1.000000
-0.109631 -1.514274 439.719832
0.016303 -1.006072 34.594187
-0.000051 -0.002739 1.000000
-0.182874 -0.993270 578.976991
0.023691 -0.450650 -67.519641
-0.000319 -0.001883 1.000000
0.046394 -0.937709 329.468987
-0.077482 -0.495844 47.509055
-0.000142 -0.002015 1.000000
-0.152729 -0.722278 357.021685
-0.086667 -0.433927 93.208383
-0.000384 -0.001689 1.000000
-0.261122 -0.682773 185.790365
-0.182240 -0.527457 108.059030
-0.000518 -0.001642 1.000000
-0.235799 -0.440443 151.932844
-0.156235 -0.313238 105.300789
-0.000717 -0.001300 1.000000
0.326475 -0.898916 435.863816
0.070601 -0.093912 -3.158923
0.000095 -0.001614 1.000000
2.694684 0.702727 -422.421137
0.811845 3.121781 -844.486755
0.001535 0.000935 1.000000
-0.136994 -1.144250 490.301766
-0.151354 -0.824397 195.501677
-0.000168 -0.002304 1.000000
-0.110041 -1.101498 489.768065
-0.125517 -0.768848 244.173883
-0.000219 -0.001983 1.000000
-0.500528 -1.236354 585.501959
-0.294010 -0.699283 241.065543
-0.000697 -0.002018 1.000000
-0.149903 -1.301483 578.927316
-0.077097 -0.702526 137.566666
-0.000170 -0.002158 1.000000
0.001815 -0.966035 426.356198
-0.131656 -0.526950 170.545335
-0.000198 -0.001817 1.000000
-0.566020 -1.183895 446.917953
-0.283718 -0.656268 166.618338
-0.000790 -0.001854 1.000000
1.626353 0.272976 -217.445082
0.244704 1.569424 -227.017665
0.000379 0.000356 1.000000
1.935090 1.093273 -478.751845
0.208176 2.298258 -299.526974
0.000206 0.001881 1.000000
2.402585 0.595122 -255.879940
0.708003 2.291526 -406.661678
0.001173 0.001303 1.000000
1.894896 1.238416 -680.906866
-0.066157 2.091631 -559.384021
-0.000669 0.002112 1.000000
1.737796 0.387140 -391.172344
0.110693 1.965086 -472.154574
0.000192 0.001081 1.000000
0.816323 -0.059682 39.884746
-0.064733 0.866580 -6.162248
-0.000143 -0.000077 1.000000
1.000000 0.000000 0.000000
0.000000 1.000000 -0.000000
0.000000 0.000000 1.000000
0.976922 1.110097 -330.749689
-0.188635 1.431024 -352.002486
-0.000878 0.001350 1.000000
0.763752 -0.010318 71.224966
-0.022100 1.020574 -55.491032
-0.000190 0.000089 1.000000
0.260623 0.437411 -52.192666
-0.239760 0.715008 -73.812826
-0.000959 0.000344 1.000000
1.074838 0.782141 -161.455273
-0.119964 1.903740 -147.740032
-0.000320 0.001452 1.000000
2.733398 3.256196 -1217.548543
-0.424219 4.299100 -985.915283
-0.001463 0.006626 1.000000
1.118695 0.754124 -154.861842
-0.089870 1.968622 -185.673766
-0.000408 0.001955 1.000000
0.474509 0.165434 139.860116
-0.160306 0.837523 80.646542
-0.000470 0.000370 1.000000
0.585395 -0.039506 58.288593
-0.191822 0.901530 16.667052
-0.000409 0.000044 1.000000
-0.622361 -0.426306 246.643398
-0.220079 -0.264196 161.680665
-0.001113 -0.000882 1.000000
0.024110 -1.081334 445.749825
-0.109847 -0.558433 119.152400
-0.000111 -0.002015 1.000000
0.300188 -1.377778 534.423754
0.066824 -0.459155 18.329474
0.000285 -0.002281 1.000000
-0.005320 -2.089268 754.642241
0.153283 -1.872876 87.236228
0.000733 -0.004424 1.000000
-1.664549 -1.895535 1157.709634
0.425069 -2.780141 561.312559
0.000509 -0.005003 1.000000
0.098807 -1.402451 632.267811
0.153876 -0.841016 -108.951214
0.000155 -0.002724 1.000000
-0.258553 -1.239035 467.679812
-0.256037 -0.670963 175.150047
-0.000506 -0.002041 1.000000
-0.177124 -0.978186 535.201406
-0.004666 -1.012324 -26.746330
-0.000282 -0.002526 1.000000
-0.400427 -0.519483 138.583594
-0.116154 -0.394670 135.831012
-0.000591 -0.001505 1.000000
-0.313724 -0.663473 220.108548
-0.026084 -0.587540 56.577218
-0.000151 -0.002121 1.000000
-0.108972 -1.205331 450.594351
-0.134518 -0.983355 128.813170
-0.000253 -0.002321 1.000000
-0.276355 -1.213026 543.576407
-0.104040 -0.862947 121.103991
-0.000210 -0.002255 1.000000
-0.229103 -1.123360 391.537940
-0.142798 -0.803334 171.960829
-0.000266 -0.002078 1.000000
0.158062 -2.034187 583.333843
0.089814 -1.014192 13.761690
0.000311 -0.003051 1.000000
0.049082 -2.044108 392.064330
0.107859 -1.564491 -12.275051
0.000164 -0.003543 1.000000
0.018142 -1.466670 562.072085
-0.172458 -1.027629 91.949109
0.000014 -0.002767 1.000000
0.012125 -1.059155 45.196632
0.080325 -0.543349 -38.938948
0.000215 -0.002789 1.000000
-0.080223 -0.444650 48.655107
0.041820 -0.315010 0.673565
0.000224 -0.002267 1.000000
0.074799 -1.045531 404.820812
-0.066487 -0.799980 -80.533786
-0.000088 -0.002534 1.000000
1.475386 -1.992523 -454.428348
0.540175 -1.684097 -239.373861
0.001477 -0.004441 1.000000
-0.149771 -0.865007 23.172787
-0.075147 -0.343760 -50.523366
-0.000468 -0.001877 1.000000
0.201483 -1.812570 230.431249
-0.094286 -1.246017 -302.474127
0.000197 -0.003179 1.000000
0.304541 -1.226470 210.687183
0.037072 -0.849677 -17.254894
0.000314 -0.002790 1.000000
0.971296 -1.861247 -463.327265
0.288233 -1.414603 -231.264978
0.000878 -0.004034 1.000000
0.089012 -1.112031 341.839506
-0.031580 -0.728781 -23.927391
0.000007 -0.002387 1.000000
-0.038777 -1.219179 -19.609196
0.163805 -0.637911 -224.102516
-0.000053 -0.002612 1.000000
0.262770 -1.094288 -59.995771
0.078481 -0.515621 -152.804435
0.000098 -0.002571 1.000000
0.448278 -1.578432 209.603514
0.224092 -1.337173 -108.801477
0.000511 -0.003200 1.000000
0.104230 -1.034541 340.070244
0.111247 -0.483665 -255.805425
0.000208 -0.002465 1.000000
1.159808 -2.003487 -170.687166
0.406145 -1.451045 -191.200183
0.001246 -0.004275 1.000000
0.551886 -2.139869 118.211330
0.134644 -1.460541 -24.032927
0.000641 -0.003840 1.000000
-0.183066 -1.499802 435.999240
-0.064548 -0.990447 11.818392
-0.000230 -0.002597 1.000000
0.072858 -1.249720 484.311870
-0.057034 -0.778814 42.164035
0.000093 -0.002346 1.000000
-0.041682 -1.606733 549.448531
-0.027438 -1.372081 75.171618
-0.000022 -0.003010 1.000000
-0.035703 -1.597581 518.156688
-0.018049 -1.220852 59.873480
0.000064 -0.002924 1.000000
0.556633 -2.457801 746.687537
0.788617 -2.102830 -363.304640
0.001214 -0.004731 1.000000
-0.093972 -1.249791 592.714031
-0.046703 -1.122955 146.655048
-0.000155 -0.002542 1.000000
0.414647 -1.979805 430.099841
0.259801 -1.422872 -161.388673
0.000233 -0.003648 1.000000
0.211954 -1.507870 298.807595
0.144704 -1.149911 -43.843578
0.000026 -0.002884 1.000000
0.445783 -2.358661 545.220083
0.600677 -1.904621 -533.849663
0.001171 -0.004750 1.000000
-0.016983 -1.318241 359.523234
-0.053303 -0.714753 -66.925950
-0.000350 -0.002290 1.000000
-0.042143 -1.148379 480.385217
-0.013067 -0.925959 -51.467469
-0.000227 -0.002431 1.000000
0.026341 -1.033497 216.476790
-0.000937 -0.566963 -64.753469
0.000091 -0.002460 1.000000
-0.253334 -1.042278 404.795837
-0.092216 -0.743768 52.641907
-0.000230 -0.002196 1.000000
0.435085 -1.610084 95.500206
0.046705 -0.844672 -301.228141
0.000820 -0.003591 1.000000
0.241073 -1.417811 596.125163
0.025223 -0.580674 53.517199
0.000338 -0.002459 1.000000
-2.870769 -5.773399 1954.825490
0.159096 -5.523174 717.090825
-0.000607 -0.009787 1.000000
0.520185 -0.997266 -75.895789
0.170873 -0.877273 -275.818669
0.000337 -0.002933 1.000000
-5.179044 3.245403 4274.899268
-3.674918 3.452679 1442.516703
-0.007722 0.007575 1.000000
-0.128250 -1.066941 482.931478
-0.189469 -0.634490 -153.052988
-0.000399 -0.002201 1.000000
0.362340 -1.768549 367.900485
0.034209 -1.072031 -76.730657
0.000360 -0.003124 1.000000
0.164338 -1.556665 575.640165
0.069798 -1.157390 -182.408137
0.000076 -0.003130 1.000000
0.086904 -1.468723 467.688049
-0.111535 -0.712387 -116.366628
0.000031 -0.002614 1.000000
0.173230 -1.406296 251.975747
0.022237 -0.892653 46.709113
0.000019 -0.002452 1.000000
1.035070 -2.724949 405.465013
0.750181 -1.807208 -611.796007
0.001937 -0.004851 1.000000
-0.183072 -1.098291 406.891274
-0.130726 -0.894916 -83.557355
-0.000426 -0.002329 1.000000
0.029466 -1.456854 436.555360
0.003489 -1.152487 -21.442305
-0.000098 -0.002712 1.000000
0.723361 -2.185897 309.571220
0.338002 -1.592137 -450.955526
0.000876 -0.004271 1.000000
-0.154774 -1.220568 636.055237
-0.112683 -0.549656 -24.287508
-0.000208 -0.002099 1.000000
0.047438 -1.409721 549.768877
-0.138503 -1.097849 76.285219
-0.000164 -0.002623 1.000000
0.517513 -1.876865 801.275887
0.203006 -1.040128 -230.959369
0.000788 -0.003549 1.000000
-0.028288 -1.184641 538.357202
-0.208282 -0.609626 -110.396259
-0.000199 -0.002179 1.000000
0.113812 -1.217458 510.149365
-0.043251 -0.677058 -167.948969
0.000043 -0.002438 1.000000
0.209984 -1.393701 375.396674
0.008701 -0.547609 -215.063432
0.000154 -0.002765 1.000000
0.147706 -1.761410 423.886966
0.070311 -1.458649 -189.964071
0.000101 -0.003103 1.000000
0.228091 -2.150320 791.886641
0.364708 -1.900919 -216.253099
0.000591 -0.003915 1.000000
-0.008954 -1.538028 521.603648
-0.091062 -0.978628 -24.900894
-0.000241 -0.002564 1.000000
0.597864 -1.805638 354.620234
0.219133 -1.573023 -217.550518
0.000506 -0.003914 1.000000
0.191773 -1.393064 183.999633
-0.089625 -1.059192 86.878092
-0.000119 -0.002818 1.000000
-0.160887 -1.004581 580.902172
-0.163219 -0.698118 87.915870
-0.000259 -0.002105 1.000000
0.166907 -1.167187 305.763009
0.113664 -0.726711 -208.070051
0.000348 -0.003085 1.000000
-0.225634 -1.402606 639.091603
-0.057874 -1.085681 -115.715048
-0.000035 -0.002962 1.000000
-0.242889 -1.508716 989.755839
-0.076476 -0.507242 18.925675
-0.000413 -0.002146 1.000000
-0.021279 -1.443673 382.949151
-0.042883 -0.738499 -150.490569
-0.000003 -0.002808 1.000000
-0.042380 -1.074467 564.083000
-0.098196 -0.675431 -264.173360
-0.000228 -0.002155 1.000000
-0.292195 -1.023797 1480.532947
-0.113800 -0.741518 90.076719
-0.000415 -0.002091 1.000000
-0.064852 -1.548108 1044.731494
0.139900 -0.828848 3.103330
0.000020 -0.002405 1.000000
-0.024672 -0.826838 284.050807
-0.222100 -0.784449 89.512903
-0.000232 -0.002205 1.000000
-0.187781 -1.069387 750.981502
-0.212069 -0.563006 37.351427
-0.000475 -0.001836 1.000000
-0.295400 -1.211208 372.715911
-0.235074 -0.685390 -49.525300
-0.000582 -0.002175 1.000000
0.414933 -1.158650 233.812282
0.028863 -0.867253 -164.494147
0.000356 -0.002726 1.000000
-0.091147 -1.134141 124.613248
0.019883 -1.022448 -23.579815
-0.000237 -0.002450 1.000000
0.146603 -1.282059 500.593855
-0.076231 -0.752044 -172.498717
0.000238 -0.002599 1.000000
0.077528 -1.369041 935.281659
0.077148 -0.898057 -142.233193
0.000172 -0.002856 1.000000
0.080837 -1.741572 1109.270929
0.031372 -0.752832 50.985051
0.000134 -0.002597 1.000000
-0.457666 -1.102183 826.077902
-0.208546 -0.683808 -281.334326
-0.000785 -0.002103 1.000000
-0.079732 -2.004429 814.717298
-0.011319 -1.523344 -162.821036
0.000154 -0.003457 1.000000
0.292101 -1.935290 1332.502783
0.032983 -0.658687 -14.230607
0.000176 -0.002888 1.000000
0.749898 -2.261845 1638.697919
0.251413 -1.024422 -790.768757
0.001153 -0.003726 1.000000
0.062601 -1.609970 1150.560278
-0.005748 -0.813951 -1.779038
-0.000232 -0.002235 1.000000
-0.015170 -1.647031 1093.005213
-0.020732 -0.704706 -169.827715
-0.000072 -0.002284 1.000000
-0.056879 -0.864764 265.732280
-0.152120 -0.620876 64.622518
-0.000059 -0.002179 1.000000
-0.070879 -1.184049 500.717075
-0.152217 -0.994346 16.437150
-0.000258 -0.002520 1.000000
-0.242745 -1.136567 512.203142
-0.113072 -0.361100 -293.688806
-0.000344 -0.002237 1.000000
0.276739 -1.549020 510.158511
0.102143 -0.781740 -109.037673
0.000485 -0.002928 1.000000
-0.039919 -0.672082 230.427381
-0.081685 -0.546198 84.430832
-0.000136 -0.002051 1.000000
0.036848 -0.936857 142.433722
0.078225 -0.717143 -1.480680
0.000011 -0.002344 1.000000
-0.396120 -0.492187 160.036053
-0.375048 -0.541571 123.892321
-0.000960 -0.001392 1.000000
-0.147061 -0.911419 -445.985739
-0.234562 -1.021476 -105.986862
-0.000331 -0.002286 1.000000
-0.201558 -0.564414 87.507707
-0.247955 -0.445056 95.954886
-0.000805 -0.001646 1.000000
-0.138097 -2.005575 662.446671
0.086392 -1.349485 34.823880
0.000131 -0.003696 1.000000
-0.071430 -1.628357 488.325308
-0.065111 -1.044906 75.879790
-0.000082 -0.002856 1.000000
-0.076911 -0.979462 507.774888
-0.065516 -0.650481 42.514807
-0.000084 -0.002078 1.000000
-0.217267 -1.274430 499.439834
-0.208999 -0.929476 81.798402
-0.000363 -0.002286 1.000000
0.069612 -0.593978 62.610330
-0.049307 -0.549479 18.378336
-0.000177 -0.002084 1.000000
-0.008369 -0.777958 -71.516667
0.035044 -0.962305 137.196423
0.000264 -0.002581 1.000000
-0.029496 -0.472575 51.646332
0.007827 -0.516318 41.500627
0.000092 -0.002159 1.000000
0.026785 -0.952955 260.752123
0.045742 -0.698897 4.685556
0.000264 -0.002471 1.000000
-0.337531 -1.009084 393.292396
-0.219609 -0.821458 103.133716
-0.000531 -0.002020 1.000000
0.094055 -0.581566 -54.183713
0.027029 -0.517343 -17.447497
0.000145 -0.002351 1.000000
0.056451 -0.773938 74.944330
-0.079251 -0.777164 35.305628
0.000273 -0.002602 1.000000
0.224414 -0.977720 -110.417409
0.260820 -0.839522 -370.967275
0.000869 -0.003195 1.000000
0.081870 -1.316251 -138.426654
0.016384 -1.103664 -147.470225
0.000307 -0.003142 1.000000
-0.158739 -0.526499 172.617561
-0.143034 -0.479262 0.441809
-0.000538 -0.001541 1.000000
1.571127 -4.255130 587.018839
0.840221 -2.618795 -505.293351
0.002179 -0.007291 1.000000
1.058268 -2.382664 -249.990450
0.637057 -1.652155 -434.085928
0.001438 -0.004482 1.000000
1.005345 -3.014930 351.820701
0.295681 -1.636560 -321.715413
0.001213 -0.005244 1.000000
-0.217622 -0.404137 72.598482
-0.283818 -0.500068 5.942197
-0.000801 -0.001457 1.000000
0.400073 -1.273745 -145.044043
0.300300 -1.157784 -253.462811
0.000992 -0.003595 1.000000
-0.088591 -1.470998 75.045421
0.122926 -1.108063 -92.238816
0.000119 -0.003338 1.000000
0.448619 -2.335888 752.322168
0.320108 -1.298174 -375.850280
0.000805 -0.004024 1.000000
0.333287 -1.068018 -1133.343285
-0.053631 -1.187185 517.192755
0.000604 -0.003174 1.000000
-0.406128 -0.866838 1309.839234
-0.307940 -0.662898 579.801738
-0.000753 -0.001467 1.000000
-0.094774 -0.640498 126.460490
-0.345970 -0.881324 21.955973
-0.000662 -0.001903 1.000000
0.099567 -0.963512 4.403213
0.056041 -0.861972 -127.215983
0.000213 -0.002922 1.000000
0.180871 -1.416479 465.067595
0.224890 -1.102957 -190.348899
0.000804 -0.003405 1.000000
-0.990795 -0.197723 590.154823
-0.879986 0.187146 1631.173784
-0.002163 0.000151 1.000000
0.195797 -1.849518 -111.013307
0.015897 -1.323379 1087.619454
0.000382 -0.003156 1.000000
-0.361488 -1.100342 1356.357681
-0.367641 -0.782812 689.620428
-0.000635 -0.001532 1.000000
-2.348758 1.691307 2352.157883
-2.021911 1.503349 -1981.879381
-0.004533 0.002842 1.000000
-0.779319 -0.046362 1522.047769
-0.553297 -0.233020 -193.464438
-0.001588 -0.000639 1.000000
0.163449 -0.714702 -398.537584
0.164321 -0.901326 17.032259
0.000366 -0.002759 1.000000
-0.144673 -1.369216 252.175832
0.012862 -1.080089 882.628039
-0.000226 -0.002376 1.000000
0.337324 -1.848466 1699.376874
-0.014321 -0.880642 216.903169
0.000319 -0.002481 1.000000
-0.575733 -1.287200 1001.322728
-0.116337 -0.621884 -53.320979
-0.000706 -0.001956 1.000000
-1.143436 -0.393045 1173.561682
-0.891753 -0.375105 71.411294
-0.001942 -0.000435 1.000000
-0.178134 -1.423436 1083.979801
-0.135484 -0.839949 30.282825
-0.000132 -0.002493 1.000000
-0.227503 -1.490341 972.871285
-0.199094 -0.591574 115.277742
-0.000456 -0.001887 1.000000
-0.463767 -1.244335 831.172330
-0.304740 -0.809467 -125.425533
-0.000688 -0.001902 1.000000
0.292086 -2.505028 1149.644212
0.180224 -1.395134 -96.464788
0.000599 -0.003723 1.000000
-0.030494 -1.734752 1145.563684
-0.031718 -0.733038 -87.068907
-0.000010 -0.002340 1.000000
-0.657601 -1.042392 1022.561055
-0.232156 -0.465563 -148.003164
-0.000858 -0.001584 1.000000
-0.294068 -0.532145 618.872917
-0.290266 -0.727881 1078.342042
-0.000775 -0.001343 1.000000
-0.248728 -1.055818 366.359535
-0.141853 -0.547721 -136.198483
-0.000520 -0.001903 1.000000
-0.610598 -0.850707 900.088186
-0.412127 -0.700012 1804.063033
-0.000984 -0.001481 1.000000
-0.306444 -0.975960 -72.680319
-0.243346 -0.767131 383.239462
-0.000502 -0.001806 1.000000
-0.360601 -1.701056 1007.975750
-0.086520 -0.549879 8.739339
-0.000370 -0.002046 1.000000
1.463373 -3.088571 913.850531
0.417544 -0.790050 -160.276425
0.001507 -0.003823 1.000000
-0.262162 -1.281984 880.439278
-0.176613 -0.580549 -307.445866
-0.000395 -0.001858 1.000000
0.369626 -1.760548 654.975390
0.056511 -0.563274 -570.053851
0.000477 -0.002749 1.000000
-0.403747 -0.756870 -827.368175
-0.444248 -0.614744 -142.048707
-0.001050 -0.001338 1.000000
-1.366690 0.107999 -921.647239
-1.015385 0.249456 812.563271
-0.002237 0.000333 1.000000
-0.269683 -1.374224 872.641937
-0.137897 -0.593713 30.490803
-0.000302 -0.001921 1.000000
1.277673 -3.581943 1689.589141
0.764493 -2.912491 2445.835491
0.003172 -0.007461 1.000000
0.418809 -2.340920 375.121786
0.526483 -1.423272 -772.874700
0.001253 -0.004418 1.000000
2.177711 -3.840160 -2116.648100
1.493155 -2.139199 -4948.605726
0.004102 -0.006585 1.000000
-0.186876 -0.848515 211.905994
-0.150316 -0.486075 33.088934
-0.000491 -0.001925 1.000000
-0.125286 -1.779211 1037.444052
-0.067443 -0.547777 -27.468279
0.000035 -0.002328 1.000000
0.406342 -2.166515 892.926790
0.265285 -0.825833 -125.682694
0.000538 -0.002846 1.000000
-0.007243 -1.422442 741.398558
-0.004078 -1.005067 -294.921466
-0.000049 -0.002706 1.000000
-0.167422 -1.438947 838.404853
-0.053864 -0.454363 32.952139
-0.000264 -0.001940 1.000000
-0.003169 -1.426720 736.885821
0.090164 -0.768683 -122.407573
0.000012 -0.002605 1.000000
-0.339662 -1.434804 604.392058
-0.157044 -0.887267 -1.999142
-0.000565 -0.002245 1.000000
-0.395071 -1.072351 552.774451
-0.196474 -0.523706 -179.574268
-0.000616 -0.002053 1.000000
0.129453 -1.778196 812.456874
0.111923 -0.705316 -178.731772
0.000300 -0.002701 1.000000
-0.093769 -1.810142 674.400716
0.079745 -1.057116 -187.533109
0.000187 -0.003130 1.000000
0.147494 -1.791857 906.440985
0.015178 -0.634929 -37.107999
0.000223 -0.002452 1.000000
-0.029026 -1.661531 945.758410
0.067047 -0.775370 -35.030846
0.000011 -0.002416 1.000000
-0.025043 -1.260110 675.298028
-0.050814 -0.689968 -79.872036
-0.000260 -0.001962 1.000000
0.464330 -1.967381 1280.258449
0.289383 -0.929478 -29.222930
0.000697 -0.003292 1.000000
-0.238330 -0.656593 42.755593
-0.240139 -0.491590 508.485196
-0.000493 -0.001515 1.000000
-0.434548 -1.237526 937.224100
-0.018363 -1.007966 -348.793542
0.000024 -0.003001 1.000000
1.462227 -3.407782 681.579053
0.787196 -1.755444 -361.605229
0.001959 -0.004459 1.000000
-0.158992 -1.617842 1046.614812
-0.034388 -0.635640 65.238290
-0.000221 -0.002204 1.000000
-0.332654 -0.919357 303.009667
-0.116182 -0.266501 -60.067728
-0.000783 -0.001565 1.000000
-0.230672 -1.164221 943.888613
-0.118060 -0.537690 -36.228202
-0.000432 -0.001892 1.000000
-0.279095 -1.311708 1022.179630
-0.079977 -1.042805 -78.252008
-0.000308 -0.002332 1.000000
0.079821 -1.693611 705.877216
0.081832 -1.304675 -324.480142
0.000268 -0.003247 1.000000
-0.190905 -1.564534 795.726003
-0.067709 -0.936400 -68.975144
-0.000080 -0.002641 1.000000
0.177069 -1.529615 1127.681360
0.220504 -1.066829 -147.369432
0.000432 -0.002711 1.000000
0.181141 -1.610928 734.224334
0.133766 -1.194266 -63.620966
0.000432 -0.003206 1.000000
-0.239971 -1.161261 659.204469
-0.035746 -0.577968 -68.154207
-0.000238 -0.002281 1.000000
-0.062206 -1.286811 794.418471
-0.057950 -0.778898 -196.730389
-0.000069 -0.002561 1.000000
-0.244959 -1.168679 664.253370
-0.144476 -0.937879 8.889883
-0.000374 -0.002308 1.000000
0.426690 -2.067209 441.373623
-0.000394 -0.625859 -302.352058
0.000618 -0.003589 1.000000
-0.338525 -1.006214 266.798530
-0.076891 -0.492128 -61.492900
-0.000417 -0.001899 1.000000
0.134309 -1.064253 104.835942
0.054154 -1.218337 69.975401
0.000183 -0.002721 1.000000
0.154592 -1.303199 487.312198
0.059787 -1.059454 -135.435474
-0.000027 -0.002493 1.000000
-0.013153 -1.316921 472.636679
-0.061519 -1.029481 20.442714
0.000175 -0.002760 1.000000
-0.130706 -1.412544 653.487881
-0.069248 -0.928831 35.806788
-0.000020 -0.002552 1.000000
-0.026007 -1.500355 1033.160351
0.035682 -0.691004 88.531808
0.000021 -0.002206 1.000000
-0.182451 -0.962211 138.340356
0.010487 -0.473099 -149.520369
-0.000256 -0.001965 1.000000
-0.073868 -1.259020 908.696879
-0.032165 -0.350923 -47.888273
-0.000112 -0.002070 1.000000
0.881149 -1.820136 282.094115
0.303951 -0.774054 -535.929518
0.000993 -0.003285 1.000000
0.618112 -2.460360 1321.727921
0.248102 -1.053369 -695.595245
0.000899 -0.004279 1.000000
-0.133752 -1.666051 859.261706
0.012996 -0.577287 -265.178398
-0.000063 -0.002452 1.000000
-0.025725 -1.735721 449.681251
-0.067022 -1.252894 14.903891
0.000046 -0.002960 1.000000
0.534673 -2.463930 922.145849
0.486778 -1.931866 -294.598664
0.001491 -0.004703 1.000000
0.027379 -1.209815 369.209494
-0.181718 -1.206289 47.159827
-0.000191 -0.002737 1.000000
1.234890 -3.392631 -948.978470
0.757658 -3.226645 -852.971962
0.002818 -0.007794 1.000000
-0.137405 -1.188139 717.009281
-0.063230 -0.851095 -4.131270
-0.000154 -0.002377 1.000000
-0.140284 -1.318231 456.069532
0.021131 -0.531166 -282.744341
0.000009 -0.002541 1.000000
-0.022409 -1.400984 269.704451
-0.070109 -1.034308 95.055763
-0.000084 -0.002614 1.000000
-0.222391 -1.023477 304.083353
-0.076758 -0.588417 -86.519198
-0.000170 -0.002283 1.000000
0.363230 -1.457766 361.731508
0.143818 -0.624490 -232.221083
0.000502 -0.002844 1.000000
0.156874 -1.697389 745.870764
0.791951 -1.986632 -860.950079
0.001490 -0.004414 1.000000
0.222463 -1.594484 157.628992
0.072860 -0.922405 -94.788343
0.000326 -0.002959 1.000000
-0.293540 -1.255333 181.666567
-0.200048 -0.773207 22.306003
-0.000558 -0.002127 1.000000
0.061171 -0.977453 267.532517
-0.005865 -0.540109 -79.795049
-0.000127 -0.002134 1.000000
0.040212 -1.407408 608.850050
0.140090 -1.125258 -303.245741
0.000324 -0.003219 1.000000
-0.136244 -1.104462 117.836038
-0.123321 -0.918337 99.944971
-0.000176 -0.002536 1.000000
0.265947 -1.379236 -26.960186
0.027585 -1.199169 -39.825592
0.000150 -0.002847 1.000000
0.103901 -1.529501 1109.563229
0.129123 -1.092714 -271.146153
0.000072 -0.002726 1.000000
-0.124297 -0.876707 458.740104
-0.044862 -0.622001 -145.040996
-0.000292 -0.002034 1.000000
-0.269437 -1.349321 479.401384
-0.136901 -0.907765 26.055801
-0.000245 -0.002258 1.000000
-0.003497 -0.843398 40.941282
0.090733 -0.700968 96.126112
-0.000192 -0.002353 1.000000
0.270741 -1.936717 1039.242107
0.383014 -1.372952 -187.815044
0.000733 -0.003457 1.000000
