-0.161077 -1.272876 765.032168
-0.035206 -0.365968 -11.678699
-0.000275 -0.001929 1.000000
-0.043226 -0.639618 170.559332
0.035605 -0.458526 -91.824229
-0.000414 -0.002090 1.000000
-0.256891 -0.587244 209.500146
-0.115140 -0.159827 33.078809
-0.000658 -0.001381 1.000000
-0.038926 -0.318972 25.662732
-0.109016 -0.226529 75.019009
-0.000417 -0.001515 1.000000
-0.125900 -0.779601 174.423909
-0.181608 -0.547129 118.643390
-0.000375 -0.001843 1.000000
-0.103108 -0.405931 34.986975
0.000841 -0.276057 76.513177
-0.000315 -0.001655 1.000000
-0.108913 -0.425760 110.206418
-0.045602 -0.283714 31.103387
-0.000248 -0.001715 1.000000
-0.210118 -0.593793 123.447199
-0.114268 -0.413726 -4.909500
-0.000577 -0.001769 1.000000
-0.105835 -0.439963 196.304412
-0.029963 -0.422117 -38.868650
-0.000370 -0.001736 1.000000
-0.063741 -1.503886 847.191838
-0.022307 -0.393391 -48.895806
-0.000115 -0.001933 1.000000
-0.080586 -0.961820 500.916170
-0.039979 -0.275197 -43.485815
-0.000258 -0.001717 1.000000
-0.113358 -0.860005 81.153408
-0.088045 -0.751704 62.186477
-0.000066 -0.002433 1.000000
0.851879 -2.288282 -159.116290
0.626005 -2.054512 -519.038235
0.001016 -0.004616 1.000000
-0.006690 -1.047977 400.442671
0.002435 -0.543832 -93.261376
-0.000254 -0.002130 1.000000
-0.367076 -0.545750 624.958436
-0.214068 -0.192475 8.440483
-0.000641 -0.001201 1.000000
0.056533 -0.537565 131.217386
0.002917 -0.251678 0.350842
-0.000262 -0.001663 1.000000
-0.031931 -0.507210 127.740952
-0.067838 -0.428155 49.643470
-0.000371 -0.001802 1.000000
-0.127050 -0.585094 170.278932
-0.031465 -0.384823 -5.451144
-0.000328 -0.001885 1.000000
-0.091859 -0.519552 180.260784
-0.061822 -0.377399 -28.886694
-0.000434 -0.001629 1.000000
-0.027012 -0.635956 168.497432
-0.000552 -0.335959 -47.820358
-0.000166 -0.001876 1.000000
-0.163611 -0.459754 224.882935
-0.126187 -0.300849 105.919422
-0.000531 -0.001433 1.000000
0.002634 -1.813921 324.307247
-0.048911 -1.290057 70.530807
0.000316 -0.002593 1.000000
0.599146 -1.410404 -540.243853
0.163987 -1.676728 491.260546
0.000452 -0.002752 1.000000
-0.334554 -0.523450 511.408188
-0.324287 -0.474261 60.982238
-0.000819 -0.001392 1.000000
-0.239975 -0.836670 419.501949
-0.064934 -0.348451 -113.698352
-0.000486 -0.001784 1.000000
-0.079402 -0.688330 243.912683
-0.066408 -0.413864 1.708386
-0.000276 -0.001859 1.000000
-0.116477 -0.580461 104.430037
-0.074569 -0.381988 32.040663
-0.000439 -0.001902 1.000000
-0.036979 -0.237915 64.562867
-0.060129 -0.269291 67.857530
-0.000376 -0.001451 1.000000
-0.255775 -0.578494 278.955486
-0.120932 -0.293963 -3.556155
-0.000518 -0.001589 1.000000
-0.270570 -0.620128 465.694384
-0.308474 -0.357476 -15.589356
-0.000809 -0.001425 1.000000
-0.250338 -0.778479 358.482438
-0.096194 -0.384162 -12.819555
-0.000393 -0.001730 1.000000
-0.118924 -0.312095 -51.476707
-0.180743 -0.187609 -83.504961
-0.000771 -0.001423 1.000000
-0.018544 -0.572466 109.376718
-0.104360 -0.364876 -71.978989
-0.000541 -0.001762 1.000000
2.654721 -3.372870 3940.949761
1.852908 -2.901615 -2821.103119
0.004547 -0.008219 1.000000
-0.157216 -0.297967 97.536923
-0.193397 -0.236574 75.941849
-0.000704 -0.001305 1.000000
-0.070681 -0.676698 251.718146
-0.061218 -0.409765 -189.373000
-0.000305 -0.001962 1.000000
-0.047467 -0.487925 196.067090
0.004797 -0.529983 12.405788
-0.000129 -0.001996 1.000000
-0.009237 -0.804363 223.005729
0.014858 -0.594771 -130.698701
-0.000075 -0.002124 1.000000
0.080044 -0.577548 32.390499
-0.001318 -0.477946 6.216090
-0.000281 -0.001885 1.000000
-0.055139 -0.519964 83.299938
0.016201 -0.493365 -42.609440
-0.000016 -0.002091 1.000000
0.059391 -0.806228 80.795113
-0.128661 -0.595790 35.479619
-0.000240 -0.001976 1.000000
-0.046223 -0.758125 -64.694058
-0.059250 -0.505653 14.660310
-0.000286 -0.002050 1.000000
0.012054 -0.814425 325.119305
0.050814 -0.448136 -134.428101
0.000161 -0.002429 1.000000
-0.065149 -0.487431 163.108670
-0.027823 -0.237363 -8.000698
-0.000325 -0.001790 1.000000
-0.112408 -0.556235 133.028069
-0.046998 -0.419167 -14.295668
-0.000435 -0.001722 1.000000
-0.048660 -0.730334 281.471111
-0.013247 -0.403771 -29.211289
-0.000237 -0.001972 1.000000
0.052424 -0.667166 147.291886
0.147320 -0.465325 -133.488534
0.000238 -0.002284 1.000000
0.064087 -0.773740 110.476646
0.085365 -0.497581 -58.029893
-0.000042 -0.002145 1.000000
0.166306 -1.200788 271.354770
0.267520 -0.802635 -102.071869
0.000424 -0.002861 1.000000
-0.037156 -1.144074 200.992459
0.027759 -0.658822 -58.649970
-0.000079 -0.002293 1.000000
-0.552803 0.372514 1177.614093
-0.774833 0.201452 216.217199
-0.002541 0.000467 1.000000
-0.131770 -0.906283 385.034795
0.076232 -0.388055 -62.778625
-0.000135 -0.002062 1.000000
0.199201 -1.934952 146.137607
0.142915 -1.136364 28.053539
0.000224 -0.003075 1.000000
0.046512 -0.973599 258.970589
0.144346 -0.528444 -119.645058
-0.000162 -0.002101 1.000000
0.145098 -1.490202 250.540978
0.427258 -0.528207 -267.753966
0.000316 -0.002668 1.000000
0.191209 -1.470472 234.270852
0.223973 -1.030199 -44.097775
0.000249 -0.002813 1.000000
-0.016230 -0.909518 413.305763
0.017991 -0.530237 -102.433138
-0.000416 -0.001971 1.000000
-0.436929 -0.916094 603.081288
-0.103236 -0.378911 -59.442862
-0.000407 -0.001814 1.000000
-0.069270 -1.112066 405.303782
0.048691 -0.494724 -81.981509
-0.000165 -0.002167 1.000000
-0.132223 -0.837891 418.020622
0.010176 -0.545622 -23.731328
-0.000308 -0.002011 1.000000
0.925855 -2.510929 -238.062516
0.686623 -1.756186 -489.491739
0.001836 -0.005107 1.000000
-0.094730 -0.650646 275.302567
-0.040549 -0.484254 29.414804
-0.000327 -0.001882 1.000000
0.013530 -0.314912 95.001659
0.047386 -0.212244 -45.319508
-0.000234 -0.001649 1.000000
0.204761 -1.322902 232.691255
0.209617 -1.043631 -58.603193
-0.000155 -0.002626 1.000000
0.354537 -1.555584 87.965231
0.208010 -0.870532 -90.422556
0.000405 -0.003188 1.000000
0.018369 -1.082875 347.558514
0.186507 -0.637454 -62.186758
0.000045 -0.002189 1.000000
0.167402 -1.423017 445.184637
0.242239 -0.912916 -11.533630
0.000120 -0.002468 1.000000
0.039558 -0.678543 287.738585
-0.079045 -0.414814 -28.403242
-0.000403 -0.001822 1.000000
-0.116138 -0.583551 216.050854
-0.035848 -0.379674 -64.952164
-0.000270 -0.001820 1.000000
-0.111468 -0.726010 317.600950
-0.116510 -0.454683 4.674513
-0.000385 -0.001890 1.000000
-0.004312 -0.804277 297.699072
-0.041635 -0.495946 -32.011681
-0.000240 -0.002101 1.000000
0.316164 -1.282274 233.210007
0.073208 -0.850836 -46.311701
-0.000008 -0.002728 1.000000
-0.055503 -0.199070 47.583628
-0.060670 -0.267418 30.944946
-0.000438 -0.001535 1.000000
-0.220752 -1.237419 1084.789357
-0.027821 -0.513376 83.866336
-0.000159 -0.002035 1.000000
-0.076457 -0.745435 207.184006
-0.066604 -0.497245 -0.083919
-0.000434 -0.001804 1.000000
0.027866 -0.428369 96.616674
-0.016779 -0.325649 46.013786
-0.000302 -0.001595 1.000000
-0.013547 -0.342201 128.830290
-0.033808 -0.185137 25.544964
-0.000385 -0.001567 1.000000
-0.117423 -0.568002 184.241990
-0.089551 -0.338823 37.544655
-0.000412 -0.001643 1.000000
-0.042466 -1.127394 439.479342
-0.021566 -0.294653 -129.034025
-0.000229 -0.002077 1.000000
0.050210 -0.870097 361.846577
-0.059458 -0.321837 18.282365
-0.000119 -0.001870 1.000000
-0.059553 -1.155382 456.264666
0.001581 -0.737653 -2.674937
-0.000111 -0.002324 1.000000
0.103942 -0.915818 429.267242
-0.050460 -0.185748 40.423242
-0.000118 -0.001644 1.000000
0.064025 -1.024952 366.071800
-0.061365 -0.499198 64.161943
-0.000192 -0.001913 1.000000
-0.065585 -1.009704 441.671512
-0.112571 -0.563113 4.356994
-0.000237 -0.002263 1.000000
-0.023546 -0.384357 163.010172
-0.007217 -0.211777 48.111551
-0.000256 -0.001672 1.000000
-0.093701 -0.466446 269.082337
-0.065247 -0.236030 44.160737
-0.000513 -0.001447 1.000000
0.210909 -1.154463 393.152699
0.012034 -0.363865 -3.951496
-0.000118 -0.002099 1.000000
0.204729 -0.991371 305.938966
-0.049226 -0.425258 102.257302
-0.000123 -0.002147 1.000000
-0.016847 -0.370458 198.793892
-0.062664 -0.273622 62.075992
-0.000420 -0.001536 1.000000
0.325877 -0.620927 304.562123
0.002980 0.029533 78.662278
-0.000020 -0.001350 1.000000
0.396233 -0.957371 362.811652
0.055466 -0.128122 60.116479
0.000058 -0.001675 1.000000
1.162078 -0.337588 42.358419
0.276043 0.710637 -81.626271
0.000503 -0.000881 1.000000
1.062984 -0.580003 119.235756
0.213551 0.417027 30.930013
0.000459 -0.001144 1.000000
-0.061006 -0.665184 282.884145
-0.019513 -0.393819 41.236073
-0.000295 -0.001781 1.000000
-0.069612 -0.434719 189.276232
-0.082237 -0.219204 42.319436
-0.000495 -0.001400 1.000000
0.077022 -0.888506 335.203448
-0.065441 -0.306742 86.734212
-0.000338 -0.001831 1.000000
-0.079403 -0.373675 194.148593
-0.187249 -0.133199 81.995362
-0.000584 -0.001200 1.000000
0.476550 -0.523552 235.067152
-0.008414 0.446739 -35.664260
-0.000193 -0.000999 1.000000
0.349996 -0.729788 284.074047
-0.010267 0.036820 28.917818
-0.000127 -0.001536 1.000000
1.052973 -0.435983 127.624520
0.202209 0.688774 -43.096493
0.000409 -0.000807 1.000000
0.741382 -0.584669 210.989613
0.238412 0.162087 56.403787
0.000427 -0.001414 1.000000
-0.056243 -1.079062 351.549733
-0.011624 -0.757856 81.152204
-0.000276 -0.002048 1.000000
0.067063 -0.918798 381.554745
-0.017918 -0.611793 6.842323
-0.000097 -0.002069 1.000000
-0.251555 -1.502367 448.945318
-0.220217 -0.958137 172.316115
-0.000356 -0.002418 1.000000
-0.122406 -1.447264 508.500446
-0.188919 -0.726943 144.380033
-0.000240 -0.002178 1.000000
-0.086108 -0.789495 131.022970
-0.032144 -0.703568 -7.221997
-0.000338 -0.002148 1.000000
-0.411498 -0.987379 387.432018
-0.212887 -0.844921 15.896855
-0.000680 -0.002552 1.000000
-0.224383 -0.956873 419.850933
-0.234682 -0.590813 182.292825
-0.000455 -0.001785 1.000000
0.040377 -1.020785 450.738947
-0.053615 -0.432929 100.606201
-0.000245 -0.001774 1.000000
0.634713 -0.190499 176.698429
0.079598 0.638497 -44.011066
-0.000074 -0.000560 1.000000
-0.174996 -0.790787 376.584287
-0.087661 -0.393619 10.893936
-0.000353 -0.001679 1.000000
-0.208072 -1.022314 393.397047
-0.043167 -0.879051 57.689094
-0.000336 -0.002252 1.000000
-0.375177 -1.936277 706.762505
0.105954 -1.756524 182.382202
0.000122 -0.003691 1.000000
-0.214596 -0.949172 496.743226
0.058059 -0.426369 -79.813699
-0.000181 -0.001946 1.000000
-0.321425 -0.826710 392.449620
-0.237116 -0.387194 1.029633
-0.000759 -0.001518 1.000000
-0.168006 -0.695909 306.767350
-0.118396 -0.466355 119.096292
-0.000592 -0.001490 1.000000
-0.056559 -0.532134 302.262373
-0.150251 -0.295229 177.476067
-0.000519 -0.001350 1.000000
0.283015 -0.867112 332.472586
0.046407 -0.124743 -18.218456
-0.000069 -0.001690 1.000000
0.035651 -0.621811 296.385894
-0.058002 -0.099094 21.835310
-0.000400 -0.001389 1.000000
-0.167017 -0.680577 315.960842
-0.101607 -0.350139 10.146358
-0.000460 -0.001573 1.000000
0.047253 -0.638319 260.802275
0.097454 -0.245891 -11.563778
0.000015 -0.001913 1.000000
-0.277748 -1.078623 524.717638
-0.200294 -0.555408 119.739584
-0.000456 -0.001766 1.000000
-0.434363 -0.699978 461.964304
-0.183150 -0.389619 52.086503
-0.000653 -0.001386 1.000000
-0.481131 -0.948739 672.115436
-0.188727 -0.297455 -62.509115
-0.000704 -0.001393 1.000000
-0.351107 -1.261362 869.759443
-0.084728 -0.331698 -3.568766
-0.000424 -0.001725 1.000000
-0.280104 -0.866820 405.422533
-0.119129 -0.295486 -65.764978
-0.000559 -0.001596 1.000000
-0.510303 -0.986931 515.376869
-0.254079 -0.783609 199.773936
-0.000564 -0.001846 1.000000
-0.516326 -0.965431 540.182931
-0.382168 -0.726681 205.248557
-0.000632 -0.001789 1.000000
-0.206274 -1.223397 535.916209
-0.139876 -1.100560 45.338093
-0.000281 -0.002485 1.000000
-0.130973 -0.598933 304.653304
0.017219 -0.536971 65.986196
-0.000254 -0.001783 1.000000
0.119326 -0.597296 233.081510
-0.011685 -0.499811 16.312752
-0.000202 -0.001832 1.000000
-0.233959 -0.611826 377.582610
-0.234664 -0.800031 136.823881
-0.000400 -0.001979 1.000000
-0.180056 -0.451648 205.456671
-0.248011 -0.580126 123.624040
-0.000570 -0.001599 1.000000
-0.223225 -1.006606 609.392286
-0.129822 -0.586879 -59.976909
-0.000371 -0.001939 1.000000
0.673919 -0.172824 137.883603
0.071159 0.570814 25.368329
0.000136 -0.000802 1.000000
0.172572 -0.321571 303.054783
-0.251465 0.451401 157.153352
-0.000353 -0.000662 1.000000
1.006965 -0.170017 40.470074
0.058632 0.850113 36.688528
0.000137 -0.000353 1.000000
1.000000 0.000000 0.000000
0.000000 1.000000 -0.000000
0.000000 0.000000 1.000000
0.147200 -1.202599 572.738353
0.097173 -0.508031 -71.512701
0.000059 -0.002221 1.000000
0.072329 -1.193608 1184.878045
0.205030 -0.689869 -261.403202
0.000426 -0.002674 1.000000
-0.294271 -1.400541 987.130574
-0.019436 -0.327018 25.065982
-0.000341 -0.001730 1.000000
-0.243761 -1.132495 409.698936
-0.129277 -0.736581 -12.765452
-0.000281 -0.002637 1.000000
-0.439024 -0.733535 729.712840
-0.252174 -0.357916 -30.061706
-0.000774 -0.001357 1.000000
-0.519598 -0.971046 830.625659
-0.215994 -0.281865 -55.838596
-0.000783 -0.001304 1.000000
-0.316568 -1.373826 943.409310
-0.096154 -0.463862 92.665819
-0.000369 -0.001814 1.000000
-0.067882 -0.830006 300.732327
-0.106489 -0.587990 -21.959435
-0.000290 -0.001808 1.000000
-0.170691 -0.453025 327.380073
-0.218341 -0.146252 4.829797
-0.000715 -0.001191 1.000000
-0.149975 -1.286149 393.008581
0.012104 -0.784345 -225.121455
-0.000207 -0.002727 1.000000
-0.244252 -0.473663 203.552853
-0.170435 -0.349719 100.126539
-0.000697 -0.001392 1.000000
-0.203357 -0.732434 250.606782
-0.172068 -0.514563 62.057771
-0.000464 -0.001765 1.000000
1.400721 -2.733236 2220.464694
0.951285 -1.295960 -739.018431
0.002196 -0.005104 1.000000
-0.438710 -1.153524 990.619685
-0.091891 -0.469252 61.535326
-0.000544 -0.001589 1.000000
-0.342166 -0.940611 362.164545
-0.163708 -0.555510 5.206249
-0.000531 -0.001690 1.000000
-0.581722 -1.276041 875.387588
-0.165616 -0.509046 -141.265770
-0.000446 -0.002092 1.000000
-0.234783 -1.379506 940.342921
0.005182 -0.419919 -63.845632
-0.000353 -0.002045 1.000000
-0.165234 -1.598510 1036.865614
-0.002606 -0.264863 4.458877
-0.000236 -0.001871 1.000000
-0.111965 -1.704675 1207.806906
0.055529 -0.539524 -294.849252
-0.000033 -0.002375 1.000000
-0.120967 -1.731113 1085.564584
0.028328 -0.554739 15.483108
-0.000017 -0.002080 1.000000
-0.159233 -1.422921 836.727185
-0.125283 -0.459454 82.658216
-0.000325 -0.001791 1.000000
-0.324529 -0.696384 429.715802
-0.148546 -0.385880 12.393626
-0.000627 -0.001498 1.000000
-0.135439 -1.034353 633.663988
-0.031251 -0.423878 -51.622528
-0.000320 -0.001792 1.000000
-0.564150 -1.096858 469.199493
-0.226549 -0.690938 115.805541
-0.000704 -0.001989 1.000000
-0.031577 -0.660463 378.421952
-0.114863 -0.040640 61.997121
-0.000289 -0.001374 1.000000
-0.107441 -0.406950 202.054799
-0.149589 -0.397389 63.120288
-0.000533 -0.001649 1.000000
-0.083556 -0.308439 96.929306
-0.046991 -0.395807 80.441907
-0.000335 -0.001680 1.000000
-0.051983 -0.347119 82.496190
-0.044472 -0.396738 59.553862
-0.000406 -0.001786 1.000000
-0.145581 -0.391963 -74.967924
-0.202895 -0.991652 615.115615
-0.000343 -0.001744 1.000000
-0.046477 -0.387740 86.332552
-0.016547 -0.272049 10.279260
-0.000194 -0.001747 1.000000
-0.121059 -0.759204 238.547654
-0.198774 -0.605755 -4.555086
-0.000460 -0.001858 1.000000
0.161532 -1.163612 202.461122
-0.053076 -0.796861 117.144580
-0.000232 -0.002271 1.000000
-0.213945 -0.784293 470.165553
-0.184183 -0.593042 -2.981898
-0.000406 -0.001893 1.000000
0.016586 -1.092764 594.440876
-0.030982 -0.693813 -13.907919
-0.000135 -0.002171 1.000000
-0.057214 -0.234400 24.106619
-0.060050 -0.353619 36.832408
-0.000445 -0.001600 1.000000
-0.077249 -0.189641 -38.435831
-0.224701 -0.427878 277.830740
-0.000613 -0.001358 1.000000
-0.122816 -0.449790 69.113503
-0.129353 -0.554228 122.895835
-0.000420 -0.001959 1.000000
0.087545 -0.278073 45.034154
0.040339 -0.316426 67.102103
-0.000117 -0.001726 1.000000
0.151725 -1.054526 139.903544
0.028929 -0.660336 51.765445
0.000032 -0.002400 1.000000
-0.162695 -0.271963 116.147915
-0.098576 -0.155477 -28.076211
-0.000603 -0.001323 1.000000
-0.005980 -0.680537 -43.935957
-0.019005 -0.471246 129.484748
-0.000111 -0.002108 1.000000
-0.013269 -0.208537 -8.523592
-0.025209 -0.316614 82.373117
-0.000224 -0.001771 1.000000
-0.077705 -0.265848 17.455251
-0.111841 -0.358310 72.425960
-0.000508 -0.001572 1.000000
-0.146712 -0.521709 113.192181
-0.150195 -0.460879 160.314293
-0.000423 -0.001648 1.000000
-0.096445 -0.788647 297.388706
-0.263711 -0.678818 124.389292
-0.000572 -0.001994 1.000000
-0.355696 -0.954522 501.348024
-0.178217 -0.417835 119.005588
-0.000350 -0.001888 1.000000
-0.148048 -0.928699 505.699498
-0.048828 -0.283660 60.758643
-0.000356 -0.001573 1.000000
-0.096510 -0.803368 117.862464
-0.115485 -0.622666 109.421770
-0.000431 -0.001882 1.000000
-0.085293 -0.377230 8.020964
-0.055796 -0.402158 72.273421
-0.000492 -0.001657 1.000000
0.093964 -0.289096 5.998622
0.073948 -0.311129 -44.463093
-0.000073 -0.001873 1.000000
-0.086529 -0.699790 164.259029
-0.011372 -0.558338 -4.483628
-0.000326 -0.002171 1.000000
-0.208847 -0.394765 8.210477
-0.365846 -0.958001 705.491487
-0.000591 -0.001625 1.000000
-0.774323 -0.026188 40.257686
-0.589635 -0.246325 166.861960
-0.001509 -0.000109 1.000000
-0.034070 -0.464749 99.341315
-0.006815 -0.326681 -9.959415
-0.000244 -0.001841 1.000000
-0.029077 -0.300500 7.614083
-0.070198 -0.267050 62.186534
-0.000484 -0.001606 1.000000
-0.175938 -1.200182 459.796383
0.137358 -0.577177 -289.274730
0.000136 -0.002825 1.000000
-0.555841 -0.163182 258.065045
-0.760117 -0.305864 1238.606857
-0.001533 -0.000417 1.000000
0.011768 -0.463545 -42.748225
-0.091178 -1.177368 637.042317
-0.000216 -0.002051 1.000000
-0.400841 -1.001662 1155.634558
-0.203708 -0.821788 567.458068
-0.000546 -0.001542 1.000000
-0.139088 -1.689869 1304.685489
-0.065142 -1.012438 441.141985
-0.000053 -0.002023 1.000000
-0.358183 -1.384076 866.630284
-0.379134 -1.634128 553.789905
-0.000078 -0.002551 1.000000
-0.106184 -0.324265 -23.153499
-0.074265 -0.390687 47.128272
-0.000399 -0.001606 1.000000
0.600733 -1.673126 1318.126290
0.361102 -1.685757 1528.126239
0.001028 -0.003141 1.000000
-0.073790 -0.831049 357.633100
-0.076662 -1.044377 836.591661
-0.000192 -0.001698 1.000000
-0.279418 -1.582905 989.191109
-0.008242 -0.215096 10.423243
-0.000298 -0.001729 1.000000
-0.362614 -1.232605 1285.509143
-0.401151 -1.153996 238.316348
-0.000595 -0.002304 1.000000
-0.484318 -1.207858 935.175742
-0.054641 -0.177121 74.958490
-0.000545 -0.001351 1.000000
-0.563622 -1.619841 1061.546749
-0.172971 -0.483506 64.917678
-0.000603 -0.001942 1.000000
-0.366912 -1.142952 942.928938
-0.177880 -0.466815 -40.060665
-0.000630 -0.001540 1.000000
-0.374068 -1.288207 906.441799
-0.060694 -0.187124 6.996347
-0.000454 -0.001563 1.000000
-0.368598 -1.839444 1083.563643
-0.060213 -0.519236 108.072396
-0.000333 -0.001997 1.000000
-0.432493 -1.586869 1098.764523
-0.038372 -0.587975 80.677780
-0.000370 -0.002106 1.000000
-0.397285 -0.545694 -168.573292
-0.453547 -0.917166 835.611007
-0.000735 -0.001487 1.000000
-0.123283 -0.787140 389.522540
0.009556 -0.256906 -19.426013
-0.000261 -0.001817 1.000000
-0.234073 -1.356086 867.463876
-0.118163 -0.836708 633.160429
-0.000289 -0.002138 1.000000
2.485947 -3.141097 -5394.756721
1.812220 -5.029231 27.791067
0.003878 -0.007297 1.000000
-0.527811 -1.392321 1044.631484
-0.121037 -0.245519 126.182283
-0.000550 -0.001606 1.000000
-0.410601 -1.318824 1011.500133
-0.027068 -0.276036 48.358253
-0.000399 -0.001625 1.000000
-0.090500 -1.978351 2886.307692
-0.031328 -0.423186 -318.077047
0.000215 -0.002923 1.000000
0.151068 -1.095139 439.920581
-0.001197 -0.826252 37.677166
0.000014 -0.002196 1.000000
0.401292 -1.810869 2457.903178
0.040599 -1.551740 -603.028027
0.000665 -0.003105 1.000000
-0.058831 -1.252017 807.546100
-0.110534 -1.325867 924.828462
-0.000124 -0.001979 1.000000
-0.394963 -1.408547 962.963751
-0.110579 -0.296937 34.707525
-0.000552 -0.001526 1.000000
-0.502672 -0.319156 805.002400
-0.443100 -0.728958 227.346513
-0.000809 -0.001351 1.000000
-0.324760 -1.486774 973.709084
-0.210580 -0.401049 -36.373489
-0.000689 -0.001674 1.000000
-0.227359 -1.030206 845.064522
-0.123395 -0.547446 95.098773
-0.000435 -0.001650 1.000000
-0.025118 -0.761555 335.791885
-0.024588 -0.408196 82.568955
-0.000085 -0.002009 1.000000
-0.182913 -1.797635 976.862830
-0.047894 -0.344980 11.665923
-0.000265 -0.002010 1.000000
-0.700344 -1.175901 1056.188733
-0.278799 -0.243450 -173.983180
-0.000884 -0.001368 1.000000
-0.174050 -0.857103 649.508162
0.102319 -0.707744 -516.233596
-0.000005 -0.002441 1.000000
-0.407545 -1.182461 945.466607
-0.045448 -0.291165 53.103811
-0.000443 -0.001497 1.000000
-0.257612 -1.280664 755.174139
-0.086952 -0.519516 -31.277248
-0.000435 -0.001947 1.000000
-0.164316 -1.512880 893.417224
0.018508 -0.669405 -23.839377
-0.000163 -0.002279 1.000000
-0.038393 -0.836550 422.037521
0.010274 -0.468323 -71.279210
-0.000182 -0.001989 1.000000
-0.269981 -1.351575 869.202980
-0.006785 -0.529250 64.740615
-0.000406 -0.001749 1.000000
-0.459028 -1.050306 845.893685
-0.065028 -0.324776 -34.223695
-0.000648 -0.001532 1.000000
-0.442749 -1.327266 988.473088
-0.058249 -0.325405 50.527308
-0.000540 -0.001531 1.000000
-0.400385 -1.610179 1016.517939
-0.084639 -0.590235 -14.135595
-0.000423 -0.002102 1.000000
-9.401166 13.773376 10874.678778
-6.498795 9.159878 5873.900205
-0.020092 0.024117 1.000000
-0.190189 -1.458075 985.563862
-0.026458 -0.435871 60.709044
-0.000244 -0.001974 1.000000
-0.121594 -0.875127 131.216737
-0.097662 -0.604087 383.240388
-0.000311 -0.001721 1.000000
-0.492357 -1.110470 1022.607392
-0.155719 -0.285058 46.025620
-0.000590 -0.001639 1.000000
-0.380498 -1.471494 1245.529323
-0.143100 -0.498290 95.018338
-0.000469 -0.001796 1.000000
-0.712892 -0.850220 1012.632034
-0.199472 -0.097888 -125.810634
-0.000847 -0.001016 1.000000
-0.080222 -0.566118 250.527552
0.003945 -0.186273 -37.989655
-0.000323 -0.001659 1.000000
-0.120632 -1.492919 765.150826
0.077448 -0.662446 -105.435120
-0.000106 -0.002306 1.000000
-0.201149 -1.165285 712.301611
-0.010465 -0.460886 19.449050
-0.000314 -0.001687 1.000000
-0.105340 -0.887006 548.409947
-0.003133 -0.428952 -76.080212
-0.000447 -0.001666 1.000000
-0.203351 -1.290372 843.199051
-0.152383 -0.625435 94.499874
-0.000327 -0.002001 1.000000
-0.008648 -0.929553 405.531188
-0.018288 -0.585864 -18.260193
-0.000336 -0.001882 1.000000
-0.268908 -1.226107 694.005714
-0.037033 -0.541913 -77.659589
-0.000414 -0.001906 1.000000
-0.115026 -1.026573 277.668579
-0.065889 -0.424702 -249.539995
-0.000306 -0.001993 1.000000
-0.021514 -1.299728 685.646664
-0.006595 -0.349003 -144.925252
-0.000226 -0.001913 1.000000
0.159690 -1.297920 613.473664
0.133467 -0.530944 -107.739203
-0.000089 -0.002143 1.000000
-0.555956 -1.102271 845.543315
-0.251026 -0.164556 -100.942251
-0.000963 -0.001398 1.000000
-0.073225 -0.674664 330.661898
-0.031638 -0.255613 -43.282302
-0.000293 -0.001653 1.000000
0.163444 -1.468799 386.040568
0.068362 -1.366494 -8.091600
-0.000132 -0.002907 1.000000
-0.291788 -1.383501 708.963957
-0.224246 -0.695376 94.625729
-0.000562 -0.001940 1.000000
0.022156 -1.383126 621.291098
-0.077350 -0.733619 38.796623
-0.000222 -0.002212 1.000000
-0.160140 -1.318248 714.749874
-0.095693 -0.728724 -3.893766
-0.000351 -0.002049 1.000000
-0.234045 -1.609710 989.685663
0.053917 -0.496367 19.758836
-0.000278 -0.001898 1.000000
-0.192924 -0.762405 421.605329
-0.095594 -0.147681 2.707581
-0.000495 -0.001317 1.000000
-0.426378 -0.923993 768.402365
-0.008108 -0.074296 -42.853056
-0.000618 -0.001219 1.000000
-0.411201 -0.894212 381.062105
-0.200801 -0.484660 -61.534019
-0.000743 -0.001474 1.000000
-0.359746 -1.179337 864.408317
-0.065228 -0.228515 -28.672237
-0.000469 -0.001606 1.000000
-0.349318 -1.160609 486.338331
-0.124091 -0.472615 -31.199777
-0.000478 -0.001908 1.000000
-0.313090 -0.798951 594.303970
-0.058118 -0.285982 -80.022877
-0.000540 -0.001466 1.000000
-0.217094 -0.846432 458.907740
-0.255336 -0.558481 49.361048
-0.000633 -0.001733 1.000000
0.051685 -0.994423 447.346492
0.091289 -1.659803 16.129670
0.000053 -0.003479 1.000000
0.005985 -0.959122 384.882141
0.016011 -0.625427 18.947635
-0.000211 -0.002003 1.000000
-0.354069 -0.968159 635.573858
-0.213930 -0.622275 138.026005
-0.000476 -0.001613 1.000000
-0.140710 -0.739666 338.636776
-0.057290 -0.305060 -3.400395
-0.000349 -0.001688 1.000000
-0.115184 -0.527588 151.366477
-0.140710 -0.396203 62.613585
-0.000353 -0.001833 1.000000
0.026993 -0.564266 127.678572
-0.113396 -0.266303 -4.148597
-0.000377 -0.001608 1.000000
0.509987 -0.451184 283.986119
-0.034843 0.540509 -37.457199
-0.000175 -0.000668 1.000000
-0.300795 -1.439840 899.709506
-0.133638 -0.755850 13.755841
-0.000300 -0.002218 1.000000
0.064409 -0.756839 99.211561
-0.085689 -0.782338 92.870638
-0.000262 -0.002184 1.000000
-0.064954 -0.824376 130.189834
-0.101265 -0.728336 89.977817
-0.000323 -0.001965 1.000000
-0.036716 -0.584354 14.394104
-0.111041 -0.528272 50.227242
-0.000447 -0.001870 1.000000
-0.622435 -1.259204 836.809369
-0.353618 -0.671875 150.832929
-0.000816 -0.001679 1.000000
-0.102832 -0.422300 146.523259
-0.139057 -0.310550 86.894267
-0.000452 -0.001550 1.000000
-0.024474 -0.648002 246.766669
-0.035195 -0.453341 -47.802483
-0.000311 -0.001824 1.000000
-0.195350 -0.529723 277.439136
-0.179475 -0.479997 100.536852
-0.000659 -0.001542 1.000000
-0.190707 -0.367612 110.825321
-0.218739 -0.159094 63.113649
-0.000869 -0.001004 1.000000
-0.182669 -1.291595 627.606656
-0.106800 -0.578222 82.553058
-0.000369 -0.001786 1.000000
0.480319 -1.173385 -278.817168
0.450204 -1.624407 -5.521695
0.000762 -0.003763 1.000000
-0.226222 -1.003978 605.221201
-0.149079 -0.851080 72.328597
-0.000519 -0.002149 1.000000
