-0.240338 -1.080061 357.709638
-0.174680 -0.620065 -9.113373
-0.000334 -0.002024 1.000000
0.377783 -1.752951 661.376988
0.138217 -0.805154 -433.015427
0.000705 -0.003516 1.000000
0.204640 -1.414149 450.262424
0.242997 -0.798160 -389.184929
0.000468 -0.003093 1.000000
0.092139 -1.073637 527.242263
-0.144630 -0.664011 -167.716696
-0.000102 -0.002325 1.000000
0.175516 -1.654365 573.020265
0.287158 -1.862905 -262.369487
0.000414 -0.003832 1.000000
0.018497 -1.902040 394.286589
0.124440 -1.688621 -105.510517
0.000379 -0.004122 1.000000
-0.030978 -1.218557 268.636627
0.074518 -0.765831 -202.313537
0.000038 -0.002793 1.000000
0.059189 -1.089723 194.677780
0.175142 -0.694639 -234.336136
0.000191 -0.002649 1.000000
1.133386 -2.196403 458.765858
0.266975 -0.605465 -274.974726
0.001068 -0.003497 1.000000
-6.062489 6.282014 27.335265
-2.939178 3.981340 4511.657271
-0.009211 0.010906 1.000000
3.743582 -8.599153 3542.639131
2.684059 -5.769118 -8365.583356
0.008460 -0.015695 1.000000
0.197889 -1.868476 637.245486
0.298511 -1.334537 -916.338931
0.000140 -0.003345 1.000000
1.572089 -3.890492 676.736477
1.156025 -3.069430 -786.087716
0.002536 -0.006721 1.000000
28.574997 -44.275100 4902.793696
24.353566 -45.780065 -11236.204073
0.051688 -0.087877 1.000000
0.091505 -1.305804 341.303342
-0.059853 -0.829065 -6.212892
-0.000032 -0.002735 1.000000
0.416641 -1.860381 398.672392
0.277249 -1.271170 -271.749848
0.000507 -0.003312 1.000000
0.603966 -1.981170 115.244191
0.196201 -1.094063 -772.552641
0.000483 -0.003251 1.000000
0.084631 -1.871126 787.516477
0.114550 -1.208999 -290.389304
0.000459 -0.003238 1.000000
1.778112 -4.164148 919.093173
1.038815 -2.389607 -1979.242201
0.003008 -0.007674 1.000000
0.280564 -1.742728 1064.159113
0.126397 -1.232680 -493.480933
0.000556 -0.003390 1.000000
-0.347719 -0.773761 -144.966345
-0.291961 -0.641788 -9.600881
-0.000700 -0.001586 1.000000
-0.996117 -0.443001 -658.219696
-0.594656 -0.208546 425.929850
-0.001473 -0.000758 1.000000
-2.144993 1.165669 -961.028519
-1.215234 0.683522 2011.511817
-0.003570 0.002182 1.000000
1.825424 -4.355683 -62.637778
0.944530 -2.387785 -1054.686648
0.003718 -0.007809 1.000000
0.528182 -1.943878 398.618154
0.484187 -1.741310 -428.691098
0.000687 -0.004313 1.000000
0.792484 -1.766525 418.232964
0.391022 -1.380229 -403.419596
0.001159 -0.003904 1.000000
-0.004691 -1.353800 391.643126
-0.102303 -1.074701 -63.370661
0.000088 -0.002861 1.000000
-0.361526 -0.785797 150.951911
-0.211035 -0.506357 -299.011353
-0.000737 -0.001594 1.000000
-2.087498 2.583611 1625.162208
-1.353908 1.530229 2160.927105
-0.003751 0.003646 1.000000
0.269155 -1.061824 345.217775
-0.040145 -0.497340 96.780871
-0.000056 -0.002046 1.000000
1.375789 -1.259340 127.515899
0.312844 0.184836 -95.945287
0.000962 -0.002273 1.000000
-4.333094 12.814657 -1587.546176
-6.538934 12.915511 2709.480862
-0.012647 0.023562 1.000000
-1.111209 -8.581752 3302.137648
3.130127 -11.717020 130.291504
0.005285 -0.017756 1.000000
0.764178 -1.435472 336.033660
0.155794 -0.386272 -111.156369
0.000699 -0.003018 1.000000
2.063518 -2.158421 241.920655
0.684958 -0.119648 -450.072353
0.002167 -0.003877 1.000000
-18.577244 -14.519380 8463.890451
-0.221120 -26.108042 5964.366245
-0.006975 -0.027035 1.000000
1.309781 0.028111 -96.330338
0.262842 1.005774 -113.464786
0.000428 -0.000474 1.000000
5.006094 3.237922 -1764.949702
0.498355 6.192228 -1502.897159
0.002091 0.004611 1.000000
1.780230 0.209624 -188.923190
0.435410 1.795607 -379.634696
0.001059 -0.000234 1.000000
-30.533685 54.800991 -17651.261222
-27.758910 23.043473 17619.956570
-0.078204 0.109897 1.000000
0.742690 -0.233221 128.269790
0.026983 0.913319 -37.017821
-0.000096 -0.000185 1.000000
0.593571 -1.270321 299.624434
-0.038262 -0.228449 -39.433502
0.000508 -0.002503 1.000000
0.328498 -1.396553 411.411326
0.100448 -0.586399 -54.511623
0.000281 -0.002666 1.000000
-0.853475 -1.006308 415.272509
-0.230308 -1.099911 346.179792
-0.001021 -0.001939 1.000000
-0.647097 -1.116161 342.091682
-0.132389 -0.980934 179.300781
-0.000701 -0.002061 1.000000
-0.308503 -1.174612 494.008145
-0.129919 -0.883266 28.233840
-0.000470 -0.002378 1.000000
-0.263544 -0.972474 390.278000
-0.157212 -0.766493 54.969004
-0.000505 -0.002051 1.000000
0.096117 -1.506828 480.864630
0.011522 -1.046553 -139.541398
-0.000032 -0.002701 1.000000
0.154884 -1.714560 612.609233
0.074183 -1.302281 -179.314483
0.000388 -0.003450 1.000000
-9.920175 17.743102 138.015264
-9.401097 12.606010 9156.571903
-0.020753 0.034195 1.000000
-0.051911 -1.685961 463.411242
-0.042784 -0.970894 -115.983052
-0.000122 -0.002832 1.000000
0.185262 -1.806726 438.238853
0.019039 -1.114222 -62.863628
0.000219 -0.003113 1.000000
0.306768 -2.119979 788.974601
0.373606 -1.184348 -523.140927
0.000912 -0.004070 1.000000
-0.124422 -1.009482 447.838528
-0.122630 -0.733501 -68.352950
-0.000308 -0.002205 1.000000
1.014871 -2.428946 607.364875
0.193227 -1.395790 -223.073362
0.001316 -0.004451 1.000000
-0.361235 -1.454245 1090.059313
-0.061229 -0.945311 -118.603414
-0.000207 -0.002440 1.000000
0.249253 -2.607243 1058.524260
0.273761 -2.042607 -642.930278
0.001249 -0.005807 1.000000
-0.342667 -0.713249 590.964909
-0.248304 -0.687439 -106.921773
-0.000699 -0.001701 1.000000
0.063806 -1.077992 -117.416923
-0.077553 -0.878811 -236.574320
-0.000234 -0.002421 1.000000
0.071167 -1.394166 444.012574
0.031145 -1.163637 -212.590063
0.000104 -0.002996 1.000000
-0.198195 -0.817924 -106.550849
-0.226898 -0.541155 -297.731588
-0.000572 -0.001852 1.000000
-3.495579 1.304297 2377.360785
-1.683761 0.832542 747.993123
-0.004922 0.003169 1.000000
0.228714 -1.057228 -192.375864
0.117783 -0.613788 -426.444606
0.000371 -0.002895 1.000000
0.149877 -1.212609 125.780636
0.110141 -1.425527 -210.579226
0.000163 -0.003153 1.000000
0.395648 -2.038043 1204.817569
0.413053 -1.581527 -862.100528
0.000986 -0.004422 1.000000
-0.106288 -0.559069 623.483342
-0.216491 -0.861848 -19.957947
-0.000603 -0.002188 1.000000
-0.499300 -0.378363 807.139410
-0.484625 -0.525603 181.367532
-0.001182 -0.001287 1.000000
0.979476 -1.950416 -2492.957872
0.791449 -1.875555 -916.816453
0.002202 -0.005436 1.000000
-0.086530 -0.985334 -598.944381
0.111162 -0.723509 -76.810444
-0.000265 -0.002565 1.000000
0.420006 -1.675593 50.287934
0.263125 -1.726046 -519.471425
0.000722 -0.003727 1.000000
0.264854 -2.054537 581.826772
-0.029544 -1.225541 -141.716018
0.000178 -0.003052 1.000000
-0.170523 -1.192919 389.772069
-0.127730 -0.960896 -78.103558
-0.000245 -0.002301 1.000000
-1.713473 0.839888 1139.379190
-1.206035 1.100814 -4313.047220
-0.003768 0.002142 1.000000
1.000000 0.000000 -0.000000
-0.000000 1.000000 -0.000000
-0.000000 0.000000 1.000000
0.067453 -1.911998 398.076483
0.334608 -1.423409 -405.459223
0.000698 -0.003996 1.000000
0.075355 -0.988947 427.452568
-0.057038 -0.457431 181.875007
-0.000120 -0.001816 1.000000
-0.110208 -1.289408 -121.064091
0.044219 -0.652048 68.904978
-0.000006 -0.002550 1.000000
0.384884 -2.394859 -996.103353
0.589405 -1.605724 -266.178077
0.001064 -0.004787 1.000000
1.010965 -3.165886 -1606.148686
0.936500 -2.291394 -2732.002449
0.002309 -0.005730 1.000000
-0.329154 -0.978440 244.567716
-0.184941 -0.793631 38.280597
-0.000631 -0.001921 1.000000
1.396159 -3.560774 454.275988
0.655593 -2.247975 -624.964336
0.001815 -0.005573 1.000000
2.158823 -5.882343 1242.273293
1.430516 -3.432244 -2405.803532
0.004371 -0.009401 1.000000
-0.341461 -0.698056 -17.638339
-0.329752 -0.763163 71.813113
-0.000817 -0.001669 1.000000
-0.102510 -1.068168 262.747734
-0.113643 -0.919741 -635.550368
-0.000469 -0.002107 1.000000
-0.121235 -0.811116 301.942897
0.052599 -0.428413 -63.709338
-0.000128 -0.002041 1.000000
1.940977 -3.787983 -2777.390962
1.044665 -2.256407 -985.083139
0.004151 -0.007640 1.000000
-0.071033 -1.475966 -212.255255
-0.307390 -1.209161 -463.061930
-0.000432 -0.002559 1.000000
-0.223405 -1.068135 -705.930967
-0.208887 -0.906254 276.916950
-0.000579 -0.002280 1.000000
0.153148 -1.225902 -168.752888
0.063703 -0.623080 -54.083665
0.000129 -0.002619 1.000000
0.284228 -1.734113 521.489168
0.061296 -1.086859 -21.741409
0.000422 -0.003023 1.000000
-0.120051 -1.888008 186.636271
-0.052079 -1.228031 144.433636
-0.000208 -0.002758 1.000000
-3.130869 3.814860 3031.593055
-1.824302 2.408676 -582.470880
-0.004845 0.005531 1.000000
-0.492336 -0.779392 1010.478843
-0.458411 -0.527145 90.822931
-0.000930 -0.001187 1.000000
-4.672372 7.145395 -7501.039578
-5.307758 7.334233 7492.969347
-0.014795 0.019297 1.000000
0.794580 -2.834521 489.469236
0.324188 -1.197466 -833.399334
0.001157 -0.004355 1.000000
-1.474931 0.430233 -755.273520
-1.028451 0.218384 522.241320
-0.002511 0.000630 1.000000
-19.517928 31.955028 213.761569
-7.997061 11.094139 16430.336043
-0.027719 0.041437 1.000000
28.289225 -42.475744 -22639.265704
13.029510 -22.474178 -9244.837185
0.035530 -0.055581 1.000000
-10.334311 13.310751 -2671.498366
-7.192914 9.612942 8111.639571
-0.019979 0.026483 1.000000
1.175278 -2.463064 71.111913
0.452239 -1.888071 -424.988940
0.001494 -0.004395 1.000000
-0.122852 -1.209871 545.452945
-0.227584 -0.902764 124.547453
-0.000426 -0.002097 1.000000
-1.007072 -0.435534 1486.150610
-0.590454 -0.397446 509.891898
-0.001440 -0.000765 1.000000
2.479801 -4.985209 -1309.713614
1.420841 -3.646101 -719.412967
0.003272 -0.007786 1.000000
0.689880 -2.458556 1261.021234
0.574238 -1.758693 -429.112759
0.001136 -0.004169 1.000000
-0.152995 -1.525169 592.095615
-0.124625 -1.238678 -185.645250
-0.000264 -0.002504 1.000000
-0.370026 -1.521477 684.705552
-0.227363 -1.448685 295.629938
-0.000189 -0.002891 1.000000
-0.124655 -0.917328 305.413488
-0.213794 -0.717619 198.776022
-0.000473 -0.001858 1.000000
0.327625 -2.234649 741.580107
0.198547 -1.902274 -484.008998
0.000376 -0.003826 1.000000
0.046276 -1.685639 321.973928
-0.020298 -1.257797 -37.003903
0.000025 -0.002912 1.000000
-0.483397 -1.068147 34.275853
-0.262088 -0.765508 164.874244
-0.000640 -0.001756 1.000000
0.619798 -2.492114 -689.941410
0.490980 -1.657848 -95.384811
0.001271 -0.004631 1.000000
-2.933769 3.515415 6864.234411
-2.700134 3.444642 1310.510896
-0.006688 0.007305 1.000000
-0.116507 -0.809365 -44.894975
-0.022016 -0.699032 -134.431011
-0.000256 -0.002344 1.000000
-0.095367 -1.975437 383.172922
-0.194071 -1.064509 15.001356
-0.000031 -0.003138 1.000000
-13.923552 13.007182 11368.109787
-5.947299 7.482011 4118.306506
-0.019084 0.024008 1.000000
-0.222141 -1.067158 -284.211224
-0.192517 -0.898366 -703.096440
-0.000215 -0.002278 1.000000
-0.181952 -0.724594 -489.995027
-0.299500 -0.944419 424.077652
-0.000500 -0.001875 1.000000
-0.655737 -0.729485 -15.378942
-0.328092 -0.530075 -463.737541
-0.001056 -0.001347 1.000000
-10.142766 11.403171 3648.508106
-5.634768 5.648227 11386.026276
-0.018117 0.021748 1.000000
-0.559754 -0.327980 46.208076
-0.333676 -0.300333 -277.295702
-0.001290 -0.000951 1.000000
0.322821 -1.992929 748.396041
0.041536 -1.384855 -773.840335
0.000600 -0.004574 1.000000
0.486541 -2.104473 487.233214
0.142930 -1.622915 -742.595066
0.000700 -0.003947 1.000000
0.607868 -2.549703 1228.889739
0.183813 -1.757607 -238.904918
0.000815 -0.004119 1.000000
-0.190644 -1.111896 297.493233
-0.121946 -0.948660 -55.903652
-0.000402 -0.002269 1.000000
0.735394 -1.832932 97.607863
0.377056 -1.607390 -1155.210309
0.001182 -0.004220 1.000000
32.858261 -50.727846 -16387.981033
20.716270 -38.195734 -37962.146502
0.051964 -0.084231 1.000000
0.012840 -1.032318 1394.822974
-0.044720 -1.454258 239.734405
0.000005 -0.003278 1.000000
0.014437 -1.291490 491.805515
-0.235314 -1.484043 -186.683690
-0.000137 -0.002761 1.000000
-19.061691 26.285545 -13597.869045
-14.763217 23.009783 -102479.818609
-0.038309 0.053003 1.000000
-0.395125 -0.456709 199.315858
-0.348598 -0.460764 -42.959255
-0.001031 -0.001287 1.000000
-0.051439 -1.194334 567.332945
-0.107088 -1.128237 -37.499151
-0.000273 -0.002381 1.000000
0.103016 -1.438726 855.989154
-0.165951 -1.052157 -244.850443
0.000040 -0.002884 1.000000
-0.409943 -1.075724 -53.834265
-0.285471 -0.720203 -193.905939
-0.000707 -0.001773 1.000000
1.023445 -3.026669 1694.522546
0.734672 -2.143598 -1382.869433
0.001744 -0.005240 1.000000
-0.018237 -1.016864 -115.154555
-0.135177 -1.077953 110.522576
-0.000110 -0.002197 1.000000
0.064245 -0.851972 -100.086716
-0.199663 -1.142163 -382.245418
-0.000205 -0.002217 1.000000
-0.255031 -0.858811 840.643641
-0.077712 -1.070740 89.736501
-0.000261 -0.002200 1.000000
0.562422 -2.507800 1652.201076
0.514499 -2.086376 -564.478986
0.001504 -0.004680 1.000000
0.123082 -1.392512 687.804242
0.033514 -0.947316 -57.274525
0.000018 -0.002599 1.000000
0.104072 -2.078745 2697.070347
0.062984 -1.249411 -595.987937
0.000554 -0.003913 1.000000
-0.090344 -1.778933 1145.729177
0.093191 -0.931201 -995.485389
0.000119 -0.002724 1.000000
2.894084 -5.699600 1053.538634
2.097861 -4.413974 -4315.444558
0.006241 -0.011962 1.000000
-0.504240 -0.576523 7483.804502
-0.212179 -0.433137 -939.225397
-0.000912 -0.001419 1.000000
1.839646 -3.383426 4627.450119
0.349859 -1.636544 -537.207198
0.002711 -0.006465 1.000000
-1.168401 0.279529 -815.479638
-0.491442 0.217241 274.945262
-0.002004 0.000286 1.000000
2.069330 -4.592055 245.530387
0.896012 -2.673040 -1701.374923
0.003598 -0.008565 1.000000
0.014943 -1.428794 333.805068
-0.078457 -1.047845 -525.812003
-0.000084 -0.002764 1.000000
-0.166600 -1.369533 102.566565
-0.208426 -0.811039 75.896159
-0.000479 -0.002247 1.000000
-0.476440 -0.931085 -187.799383
-0.318069 -0.765346 333.094656
-0.000787 -0.001629 1.000000
-0.036282 -1.081905 185.014450
-0.079413 -0.982983 -194.087176
-0.000376 -0.002405 1.000000
-7.501726 9.527258 -3852.607477
-3.902742 6.193283 8279.785317
-0.012858 0.018054 1.000000
0.016435 -1.251186 688.128515
-0.127321 -0.998217 -321.646824
-0.000168 -0.002731 1.000000
-0.045641 -1.133580 958.738555
-0.028644 -0.700984 -468.391088
-0.000491 -0.002203 1.000000
-0.107246 -1.463133 909.930703
0.062464 -0.827554 -262.599571
-0.000184 -0.002656 1.000000
0.085781 -1.468278 378.244017
-0.123825 -0.896698 -153.139586
0.000038 -0.002773 1.000000
1.020020 -3.463685 3837.075426
0.481530 -1.422942 -236.104979
0.001455 -0.004904 1.000000
-0.642781 -0.458673 -1413.449599
-0.272120 -0.387367 233.168156
-0.001102 -0.000995 1.000000
0.016692 -1.327569 1820.687381
0.120860 -0.831328 133.184474
0.000169 -0.002770 1.000000
-2.647290 0.702720 -4225.999011
-1.166057 1.166418 1007.897428
-0.004267 0.002586 1.000000
-0.640452 -0.351561 365.461416
-0.539942 -0.374137 22.344966
-0.001270 -0.000689 1.000000
-0.769246 -0.380634 450.007058
-0.642950 -0.345249 -105.449437
-0.001455 -0.000848 1.000000
-0.684000 -0.009697 2027.528432
-0.343604 -0.152392 20.026641
-0.001420 -0.000478 1.000000
-0.393670 -0.711169 -328.633907
-0.244756 -0.612960 324.251439
-0.000835 -0.001599 1.000000
0.017383 -1.429526 598.066934
-0.058231 -0.776381 -197.470146
-0.000020 -0.002422 1.000000
-0.292479 -0.770142 757.779896
-0.352378 -0.645359 -71.668062
-0.000853 -0.001694 1.000000
0.337855 -1.686717 -21.225697
0.293187 -1.187611 -567.619175
0.001153 -0.003925 1.000000
-0.538884 -0.767064 -920.246176
-0.303755 -0.393532 -509.107527
-0.000993 -0.001342 1.000000
-0.993024 0.292164 -838.263728
-0.916765 0.288599 913.473981
-0.002538 0.000946 1.000000
8.196983 -8.047660 -2630.133808
3.281340 -3.628861 -3159.467189
0.011516 -0.014134 1.000000
-0.050362 -1.485130 -996.586474
0.020961 -1.151185 -105.112397
-0.000039 -0.002841 1.000000
-0.212587 -1.344559 680.222406
0.032120 -1.131003 -356.532767
0.000126 -0.002933 1.000000
0.585864 -2.786528 970.752029
0.388070 -2.647525 -426.905238
0.001305 -0.005070 1.000000
-0.385302 -1.097758 -426.708109
-0.250142 -0.780285 224.358186
-0.000605 -0.002033 1.000000
0.073685 -1.125511 289.741518
0.049906 -1.105877 -264.333176
0.000203 -0.002615 1.000000
-0.030551 -1.059367 201.884769
-0.120528 -0.875178 -121.363408
-0.000351 -0.002221 1.000000
0.025143 -1.415007 183.236939
0.100086 -1.032536 -407.559091
0.000346 -0.003082 1.000000
0.198365 -1.698904 553.431623
-0.054030 -1.317653 -84.552301
0.000351 -0.003152 1.000000
2.850984 -4.680174 -3566.669536
1.780107 -3.181617 -1562.091010
0.005647 -0.009902 1.000000
-0.076503 -0.935934 -208.050350
-0.214654 -0.783980 52.533176
-0.000488 -0.001823 1.000000
-0.225360 -0.848833 98.721939
-0.164681 -0.589665 9.730318
-0.000574 -0.001671 1.000000
-0.896412 0.599133 1420.958851
-0.621305 0.264124 465.576351
-0.002007 0.000631 1.000000
0.106206 -1.493494 -55.518499
0.405340 -1.479433 -349.916327
0.000738 -0.003711 1.000000
-0.794567 -0.495375 1094.376548
-0.434781 -0.146064 490.743121
-0.001584 -0.000813 1.000000
3.670033 -7.047920 -2353.078918
1.749038 -3.625425 -4312.248575
0.007012 -0.014118 1.000000
-0.155265 -1.009485 138.073357
-0.215414 -0.936853 -292.458272
-0.000314 -0.002400 1.000000
0.247290 -2.043577 -639.175543
0.095947 -1.449815 206.196335
0.000357 -0.003702 1.000000
-73.601560 110.452150 15965.442878
-52.923456 69.686551 137513.363206
-0.184408 0.258248 1.000000
0.237071 -1.863238 179.587117
0.176224 -1.273680 -405.228154
0.000360 -0.003227 1.000000
-0.248844 -1.153186 737.977892
-0.202883 -0.740204 35.882626
-0.000505 -0.001962 1.000000
-0.910819 -0.315378 1392.085673
-0.494317 -0.200411 914.085573
-0.001411 -0.000413 1.000000
-2.896469 2.000050 -1475.796947
-1.322308 0.661447 750.611129
-0.004581 0.002717 1.000000
0.323421 -2.116231 -394.299435
0.044341 -1.306668 -183.786256
0.000244 -0.003415 1.000000
0.693336 -3.648502 83.144917
0.802667 -2.515577 -542.890139
0.001369 -0.005401 1.000000
0.734372 -2.601060 -406.571860
0.336591 -1.752446 -396.110752
0.001320 -0.004660 1.000000
0.164948 -1.850889 141.643152
-0.028781 -1.244863 -145.337104
0.000270 -0.003223 1.000000
2.832234 -4.298372 1032.280209
1.609770 -2.877590 -2475.022384
0.006023 -0.009039 1.000000
0.113333 -1.907630 187.875478
0.188470 -1.696945 -673.116660
0.000605 -0.003934 1.000000
-0.333478 -1.337795 1872.392709
-0.119950 -0.828281 -523.894204
-0.000305 -0.002357 1.000000
-0.936036 -0.082688 6307.482040
-0.765573 -0.087574 -3142.765530
-0.002168 0.000069 1.000000
-2.332928 2.875457 -2159.714736
-2.255183 2.606316 2860.960457
-0.006011 0.006633 1.000000
-3.459618 5.385812 4723.024657
-2.935035 2.029359 -2472.862042
-0.008828 0.008141 1.000000
0.403292 -2.338966 2231.715317
0.060383 -1.271025 -2230.731560
0.000684 -0.003784 1.000000
-0.187015 -1.118012 162.646878
0.035623 -1.164832 -589.298182
-0.000190 -0.002475 1.000000
-0.239283 -1.146747 1097.417262
-0.140859 -1.061157 -91.881684
-0.000529 -0.002215 1.000000
4.583515 -9.938203 4597.152860
2.882527 -5.538150 -2898.598208
0.007892 -0.016200 1.000000
-0.128479 -1.392695 1461.006371
0.029439 -0.764900 55.153619
-0.000232 -0.002397 1.000000
0.798911 -2.411536 380.318858
0.736821 -1.921459 -1330.799234
0.001469 -0.004654 1.000000
13.831121 -19.320177 6503.722220
4.886787 -12.435295 -6615.695483
0.022023 -0.037167 1.000000
-0.190949 -1.096196 733.914148
-0.240609 -0.858926 -128.121215
-0.000587 -0.002132 1.000000
-0.096898 -1.403826 2466.546863
0.084095 -1.164462 1227.473889
-0.000124 -0.002655 1.000000
-0.470243 -0.684187 -388.294013
-0.433202 -0.734978 410.112357
-0.000981 -0.001405 1.000000
-0.495012 -1.167118 1488.403651
-0.267954 -0.738928 -209.443755
-0.000689 -0.001946 1.000000
-2.564027 3.093707 867.642116
-1.348844 1.470138 5262.496545
-0.005446 0.005449 1.000000
-0.338618 -0.815571 1182.017150
-0.040654 -0.517315 950.197602
-0.000668 -0.001691 1.000000
0.320436 -2.308522 268.111093
0.341567 -1.989898 -496.053093
0.000753 -0.004180 1.000000
-0.699704 -1.529365 817.545932
-0.054591 -0.738144 -353.722756
-0.000488 -0.002347 1.000000
-1.117150 0.100125 2100.407982
-0.579257 0.071987 1718.633208
-0.002229 0.000308 1.000000
2.161402 -5.124879 5483.482358
1.008080 -1.301673 -1652.905144
0.004279 -0.008009 1.000000
-0.266720 -0.924041 -451.240553
-0.164797 -0.757018 27.183937
-0.000466 -0.002090 1.000000
-0.861626 -0.253167 1356.337968
-0.606481 -0.172403 1055.292429
-0.001409 -0.000598 1.000000
0.063020 -1.546553 857.515162
-0.038059 -0.949512 -360.881469
0.000025 -0.003075 1.000000
-1.334002 -0.156537 259.930230
-0.683542 -0.035530 896.507131
-0.001943 -0.000290 1.000000
-0.169321 -1.822240 824.671795
0.116900 -1.223342 -777.464766
0.000302 -0.003487 1.000000
-0.007745 -0.792251 -106.299361
-0.043323 -0.540433 -236.091485
-0.000457 -0.001913 1.000000
-0.915735 0.597137 -632.750661
-0.715605 0.046754 1663.345608
-0.002225 0.000738 1.000000
-0.413000 -1.152060 939.679980
0.026319 -0.580154 -11.260634
-0.000545 -0.001822 1.000000
-0.009834 -1.365485 1043.115078
-0.048518 -0.854178 64.321278
-0.000151 -0.002357 1.000000
1.505431 -3.308057 1090.460182
0.825258 -2.306560 -2140.106080
0.002809 -0.006813 1.000000
-0.043806 -1.717431 484.481647
0.212239 -1.919462 -191.747793
0.000358 -0.003598 1.000000
-0.134975 -1.408874 516.182220
-0.033483 -1.215949 -287.070856
-0.000196 -0.002799 1.000000
0.955063 -3.052138 1312.762594
0.837671 -2.615903 -2066.973402
0.002357 -0.006414 1.000000
14.181857 -25.039180 27167.362182
10.653755 -20.574931 -36577.655729
0.031377 -0.053680 1.000000
0.274064 -1.657575 367.877052
0.296035 -1.718898 -460.905051
0.000443 -0.004027 1.000000
-1.701881 1.336267 1324.936591
-1.171684 1.081888 1340.571468
-0.003279 0.002837 1.000000
0.271687 -2.202157 926.529965
0.215488 -1.335002 -473.303904
0.000909 -0.004182 1.000000
0.287080 -2.151643 273.164760
0.044611 -1.337017 -699.288046
0.000402 -0.003863 1.000000
-0.408866 -0.739497 730.570500
0.014934 -0.655120 -267.682276
-0.000520 -0.001806 1.000000
-0.148638 -1.151528 809.097688
-0.107101 -0.558709 -203.884958
-0.000344 -0.002079 1.000000
-1.116496 0.214296 487.003676
-0.678188 0.090980 1470.306357
-0.002002 0.000180 1.000000
-0.363866 -1.119885 758.528554
-0.145983 -0.738473 -135.446215
-0.000504 -0.002192 1.000000
0.089824 -2.012430 2827.591128
0.044086 -1.313263 440.982572
0.000519 -0.003699 1.000000
0.281142 -2.939824 373.411783
0.161001 -1.876080 -312.279424
0.000364 -0.004288 1.000000
-0.128399 -1.165931 -54.760766
-0.128125 -0.537586 -57.776523
-0.000552 -0.002046 1.000000
-0.464252 -0.830398 1158.787761
-0.234317 -0.424702 -77.427505
-0.000797 -0.001480 1.000000
-0.534474 -0.810889 1155.211972
-0.314426 -0.468758 -73.075091
-0.000946 -0.001502 1.000000
0.170436 -1.132223 458.506433
0.033473 -1.123379 -396.039571
0.000081 -0.002659 1.000000
0.219303 -1.788634 669.124045
0.134480 -1.162064 -962.087169
0.000108 -0.002948 1.000000
0.435885 -1.482454 341.571304
0.307593 -1.430806 -324.270657
0.000687 -0.003287 1.000000
-6.620207 7.097365 5453.836284
-4.931832 5.422021 7405.967419
-0.014253 0.016213 1.000000
-0.064820 -0.833427 95.563633
-0.084012 -0.581616 -85.323260
-0.000182 -0.002030 1.000000
0.407937 -1.875674 333.008314
0.364797 -1.623059 -1300.437523
0.001599 -0.005453 1.000000
0.555944 -2.008643 277.593622
0.681440 -1.864679 -561.913230
0.001648 -0.004543 1.000000
-0.999745 0.280320 1544.827871
-0.560574 0.170072 -36.888939
-0.002019 0.000495 1.000000
1.780194 -3.354364 87.254882
1.382207 -3.670908 -1804.070297
0.004798 -0.009181 1.000000
-0.275746 -0.657006 -185.151071
-0.228541 -0.600519 -68.778131
-0.000792 -0.001485 1.000000
0.208768 -1.727160 642.992081
0.117923 -1.749447 -111.515003
0.000106 -0.003503 1.000000
-10.850863 13.104118 4028.373742
-9.638770 11.957770 8083.062235
-0.025190 0.029069 1.000000
1.134229 -2.545111 -1324.509170
0.871678 -2.535495 -1840.289674
0.002210 -0.005795 1.000000
-0.532616 -1.186899 1495.460458
-0.238380 -0.598322 230.614989
-0.000692 -0.001698 1.000000
-1.320229 0.596009 2353.760809
-0.766536 0.489383 871.595495
-0.002603 0.001140 1.000000
-0.373341 -1.202425 1105.421653
-0.001005 -0.262931 -136.307501
-0.000322 -0.001910 1.000000
-0.429682 -0.582359 653.995966
-0.305484 -0.466551 -383.296070
-0.000985 -0.001494 1.000000
-7.112921 13.208175 14694.041235
-5.862355 8.786961 5514.178312
-0.017698 0.022763 1.000000
-0.398157 -0.994940 980.232848
-0.099996 -0.289927 2.503696
-0.000663 -0.001519 1.000000
2.034318 -4.815995 -144.269187
1.443472 -3.846307 -1380.836294
0.003292 -0.007618 1.000000
0.095744 -1.487825 260.701318
0.027118 -1.283175 -128.626044
0.000148 -0.002966 1.000000
0.292183 -1.507275 359.699374
0.226378 -1.616065 -15.870669
0.000544 -0.003183 1.000000
1.051125 -2.955026 334.515259
0.548308 -2.623099 -274.645935
0.001468 -0.005277 1.000000
0.250140 -2.277154 871.382468
0.237914 -1.885193 -37.551874
0.000695 -0.004155 1.000000
-6.481049 6.588750 9105.137520
-2.168037 2.976714 4137.677905
-0.011280 0.013640 1.000000
0.077181 -1.940547 1283.418920
0.217281 -1.559903 -638.431951
0.000487 -0.003623 1.000000
-0.841189 -0.101312 -845.194894
-0.690966 0.015959 2761.706065
-0.002035 0.000138 1.000000
0.148353 -1.314429 412.169321
0.274787 -1.289402 -683.061266
0.000695 -0.003618 1.000000
-0.226465 -1.021853 1020.913644
-0.095219 -0.664706 -530.287164
-0.000540 -0.001988 1.000000
0.994400 -2.819294 500.247105
0.317677 -1.663012 -374.400072
0.001300 -0.004908 1.000000
10.902746 -18.438247 -4739.549544
9.219708 -17.577387 -10952.397747
0.022657 -0.039907 1.000000
5.382223 -14.581085 2646.173895
4.358096 -11.100582 -3698.745065
0.012564 -0.027478 1.000000
-0.010922 -1.371257 122.555388
0.030347 -1.293798 -317.772584
-0.000041 -0.003411 1.000000
-0.493249 -0.900474 -168.991345
-0.103830 -0.647308 74.485197
-0.000644 -0.001754 1.000000
0.508660 -3.260987 929.033779
0.443380 -2.127662 -206.671354
0.001279 -0.005610 1.000000
0.212101 -1.658248 598.374138
0.070036 -0.787670 -107.847428
0.000225 -0.002866 1.000000
0.792984 -2.252123 551.549998
0.274494 -1.228762 -107.401704
0.001174 -0.004182 1.000000
0.102082 -1.524097 49.760991
0.084637 -1.332479 -354.098751
0.000068 -0.003193 1.000000
0.096997 -1.601031 96.436246
0.248844 -1.299194 -580.278259
0.000484 -0.003430 1.000000
-0.458768 -0.767982 1066.424551
-0.360889 -0.730863 -193.907182
-0.000791 -0.001553 1.000000
