0.292565 -3.158764 375.758392
-0.028168 -1.741163 20.565430
0.000530 -0.004618 1.000000
0.479667 -2.505363 -588.801700
0.407105 -1.776417 -640.179419
0.001328 -0.005980 1.000000
0.505943 -2.100713 -56.749745
-0.080590 -1.234939 -154.633991
0.000920 -0.004409 1.000000
-0.026062 -2.113926 136.685840
0.037985 -1.462209 -85.584333
0.000309 -0.004128 1.000000
0.027620 -2.827933 100.100162
0.042353 -1.646565 30.197382
0.000239 -0.004672 1.000000
-0.344885 -1.316966 -68.569851
-0.076801 -0.624289 171.625874
-0.000472 -0.002490 1.000000
0.152312 -1.951083 143.968644
0.112866 -1.289868 27.986449
0.001191 -0.004520 1.000000
-0.172071 -1.330701 299.399308
0.007727 -3.357525 197.867750
0.000247 -0.005434 1.000000
0.464549 -3.945151 907.524744
1.782992 -7.072893 -1403.135741
0.004067 -0.015315 1.000000
0.676590 -2.770524 1046.528946
-0.011689 -1.628970 -98.391152
0.000843 -0.004606 1.000000
-0.032083 -1.319960 496.880270
-0.086200 -1.540399 20.251300
-0.000135 -0.003106 1.000000
-0.109166 -4.195155 247.218603
-0.072599 -3.545366 159.825025
0.001247 -0.007159 1.000000
-0.438177 -1.607085 658.837007
-0.254106 -1.577112 129.178990
-0.000410 -0.003072 1.000000
-0.125081 -1.746051 439.350745
-0.193441 -1.310349 -19.375710
0.000117 -0.003524 1.000000
0.481365 -1.178679 502.705329
0.087359 -2.318716 -208.772086
0.001202 -0.005391 1.000000
0.158642 -1.830928 183.013188
0.110674 -2.421165 15.755413
0.000592 -0.005447 1.000000
0.068918 -1.466729 237.421667
0.054891 -1.151654 -216.930123
0.000138 -0.003499 1.000000
-0.166191 -2.285529 338.823211
-0.259334 -1.986131 85.312555
-0.000020 -0.004106 1.000000
-0.032063 -2.809043 177.610400
0.110443 -2.387425 -201.135541
0.000673 -0.005436 1.000000
-0.046680 -2.655977 443.752924
0.148394 -2.732403 -137.261179
0.000377 -0.005335 1.000000
0.091366 -1.854157 368.727228
-0.096033 -1.545244 165.651597
0.000026 -0.003123 1.000000
-0.264652 -1.736218 281.732489
-0.277987 -1.329463 -66.356090
-0.000468 -0.002508 1.000000
-0.434696 -1.233212 413.637491
-0.280058 -0.833748 -39.673506
-0.000928 -0.001563 1.000000
0.705303 -2.446664 132.274165
0.274254 -2.797466 -103.346135
0.001081 -0.005630 1.000000
-0.175874 -1.542432 419.811874
0.107225 -2.565292 -47.325804
-0.000040 -0.004485 1.000000
-0.088286 -2.111705 414.001589
-0.134862 -2.529235 -74.642273
0.000339 -0.005173 1.000000
0.305537 -2.576258 -4.917122
0.261424 -1.860594 -355.724768
0.000581 -0.004513 1.000000
-0.068715 -1.931389 402.121065
0.236067 -2.536682 22.900554
0.000661 -0.004664 1.000000
-0.134120 -1.603673 486.890701
0.265738 -2.235714 -67.483899
0.000996 -0.005015 1.000000
-0.290550 -0.396155 356.278477
-0.490088 -1.519488 384.536711
-0.000808 -0.002324 1.000000
1.190918 -4.124815 321.028431
1.199722 -4.904891 -1499.076013
0.003691 -0.010514 1.000000
-1.430269 0.587750 1361.104740
-1.083591 0.558697 1013.253495
-0.002749 0.001798 1.000000
-0.294393 -0.820753 680.930198
-0.335461 -1.208375 42.757701
-0.000546 -0.002786 1.000000
-0.217381 -0.855273 453.603719
-0.208856 -0.897774 -294.409477
-0.000260 -0.002830 1.000000
0.010940 -1.372506 455.364336
-0.166131 -1.950107 228.380010
-0.000294 -0.003401 1.000000
-6.473970 8.482103 2770.661204
-3.591501 7.403671 5244.280791
-0.012423 0.020067 1.000000
0.256882 -1.563847 -420.278635
0.432001 -2.366885 -389.110001
0.001374 -0.005347 1.000000
-0.291799 -1.421545 369.042816
-0.030993 -1.392729 13.253838
-0.000209 -0.002995 1.000000
0.416993 -2.560783 -335.315363
0.413127 -2.593909 -373.032408
0.002600 -0.007616 1.000000
1.308356 -2.895737 156.345790
0.743231 -3.036421 -1232.296288
0.002609 -0.008291 1.000000
-1.643596 0.835223 1029.279731
-1.080271 0.774045 1303.261760
-0.003040 0.002456 1.000000
-0.310707 -1.825040 430.933414
-0.251884 -1.249948 -92.330778
-0.000160 -0.003374 1.000000
0.133647 -0.993213 482.006018
-0.251302 -1.645014 160.428934
-0.000197 -0.004129 1.000000
-0.197448 -0.858383 556.853295
-0.231830 -0.913689 -156.942059
-0.000291 -0.002495 1.000000
-1.506389 0.614120 1484.017675
-0.522026 0.096426 402.121694
-0.002284 0.001303 1.000000
0.070411 -1.927476 511.364508
0.117555 -1.238707 -471.025809
0.000637 -0.004381 1.000000
-0.236036 -0.869079 799.911057
-0.127825 -1.011132 -62.669098
-0.000357 -0.002814 1.000000
1.186454 -3.781927 169.665543
0.390435 -2.603995 -1534.446489
0.003115 -0.007946 1.000000
0.251631 -1.594713 1016.123142
0.179626 -2.029169 -309.725124
0.000920 -0.005713 1.000000
0.831541 -3.439865 -119.998578
0.237800 -2.349535 -929.518668
0.004563 -0.010701 1.000000
0.141177 -0.718006 532.360824
-0.140355 -1.484296 226.797958
0.000092 -0.004727 1.000000
-0.279241 -0.613647 899.628299
-0.245151 -0.757954 -2.807239
-0.000662 -0.002343 1.000000
2.577975 -6.235200 -1348.103553
1.104564 -4.322621 -2210.787439
0.007157 -0.015120 1.000000
-0.988707 0.431676 795.939068
-0.879734 0.343091 980.009585
-0.002833 0.001346 1.000000
0.591018 -2.840640 545.102341
0.177359 -1.861425 -712.380434
0.000318 -0.004798 1.000000
0.238366 -2.180598 853.289124
0.092923 -1.638613 -391.827207
0.000651 -0.004800 1.000000
-78.889906 120.582571 -31144.319706
-25.605281 76.160187 41965.390844
-0.128750 0.268765 1.000000
4.099976 -7.936476 -442.099381
2.186060 -5.514659 -3794.052947
0.004766 -0.012931 1.000000
1.279197 -6.591250 1924.199582
1.790945 -4.980381 -2852.948099
0.005580 -0.014583 1.000000
1.282941 -5.423854 148.736378
1.916354 -5.238138 -2128.183388
0.005011 -0.013205 1.000000
0.385423 -2.517688 -1167.285194
0.305026 -2.301330 -1979.797806
0.002843 -0.008868 1.000000
2.082758 -4.424324 -845.996617
0.908857 -4.735156 -1056.963140
0.006640 -0.015016 1.000000
0.727619 -1.607158 -392.079187
0.135985 -1.728232 -432.994505
0.001799 -0.006286 1.000000
2.004666 -3.837197 405.178338
1.457568 -5.216994 -1551.197624
0.003671 -0.011817 1.000000
0.433076 -4.037241 -151.510587
0.350628 -2.768150 -512.533840
0.002080 -0.007645 1.000000
1.769372 -8.209040 -775.974144
2.069679 -8.371140 -2614.179758
0.008503 -0.020099 1.000000
0.647691 -3.984015 169.146242
0.317007 -2.830709 -495.013402
0.001187 -0.006227 1.000000
1.432490 -5.766563 -3737.761937
2.568189 -7.679377 -2173.347703
0.007846 -0.019441 1.000000
8.335149 -15.410094 -5792.167002
3.359053 -11.561336 -6903.757992
0.016435 -0.034444 1.000000
0.280422 -1.423360 -258.031216
0.294284 -1.508535 -885.225289
0.000766 -0.004226 1.000000
-0.075507 -0.936089 524.803723
-0.151860 -1.556937 168.576180
-0.000281 -0.002826 1.000000
-9.557835 17.195118 -9376.537968
-7.420845 15.725758 9496.012154
-0.017360 0.037120 1.000000
0.061696 -2.965431 -742.673328
-0.009663 -2.429463 149.478385
0.001516 -0.006704 1.000000
-0.198730 -1.527645 1299.157550
-0.189166 -0.929110 -389.946754
-0.000097 -0.003351 1.000000
0.107878 -1.390866 544.237755
0.043877 -0.388499 -446.260215
0.003553 -0.006479 1.000000
0.095305 -1.060575 547.587307
-0.146750 -1.456847 -156.328401
-0.000098 -0.003628 1.000000
0.665836 -1.733817 -238.877222
0.303160 -1.346099 -225.360460
0.001555 -0.004933 1.000000
-0.032005 -1.121136 240.833373
-0.138434 -1.407804 39.120650
0.000149 -0.003597 1.000000
0.402747 -2.770351 -123.140666
0.163556 -1.760832 -132.232948
0.000697 -0.004715 1.000000
0.443107 -2.350162 179.883102
0.259968 -2.338129 -476.484702
0.001341 -0.005941 1.000000
0.022190 -2.004973 174.647660
0.097771 -1.462450 -1.304230
0.000701 -0.003938 1.000000
-0.179850 -1.724684 242.603226
-0.398305 -2.057235 329.035395
-0.000413 -0.003515 1.000000
0.536583 -2.624704 -92.261896
-0.190255 -2.908166 27.584538
0.000047 -0.005260 1.000000
0.220350 -1.689806 -1233.199039
0.395623 -1.792996 -67.307431
0.001176 -0.005555 1.000000
-0.058237 -0.826239 199.922754
-0.131531 -1.106913 26.510384
0.000161 -0.003029 1.000000
0.312021 -1.429267 120.926692
0.014860 -0.777994 -88.712462
0.000558 -0.003237 1.000000
0.765405 -2.088032 -868.287647
0.216528 -1.497968 -688.565634
0.001213 -0.005351 1.000000
0.003886 -1.640277 146.465252
0.050214 -1.630720 -302.582502
0.000589 -0.003933 1.000000
-0.299912 -1.606416 111.094880
-0.368341 -1.592860 278.087831
-0.000260 -0.003346 1.000000
-0.178537 -1.012425 1.874847
-0.022676 -1.304603 -82.934621
-0.000200 -0.002983 1.000000
0.186214 -1.618467 -23.257190
0.135941 -1.670495 -505.435193
0.000581 -0.004725 1.000000
-0.017540 -2.346690 121.639285
-0.317965 -1.705627 -448.889933
0.000573 -0.004602 1.000000
0.395893 -1.681363 -359.690043
-0.123302 -2.676961 67.660622
0.000912 -0.005508 1.000000
3.840129 -7.542460 -2587.974585
1.455032 -5.238567 -2791.865526
0.008124 -0.016262 1.000000
-2.107692 3.405298 2189.829729
-2.471306 4.383418 2706.647437
-0.010230 0.013665 1.000000
0.040681 -1.817443 935.513887
0.127256 -1.792733 -227.023254
0.000275 -0.004222 1.000000
-3.525810 7.212014 3544.386322
-1.534506 4.913108 1606.582021
-0.008217 0.015490 1.000000
-0.074175 -0.960383 204.857151
-0.093545 -1.175029 85.018057
-0.000131 -0.002772 1.000000
0.326869 -2.042611 246.692613
-0.042152 -2.625338 37.082192
0.000329 -0.004738 1.000000
0.862270 -4.158966 163.285868
0.204541 -3.042519 -415.355237
0.002156 -0.007092 1.000000
0.481215 -2.746403 -145.929578
-0.032523 -1.911099 -99.983498
0.001290 -0.006035 1.000000
0.219866 -1.636617 173.121540
-0.052268 -1.892619 -182.402746
-0.000062 -0.003821 1.000000
0.333204 -1.894932 129.010401
0.114468 -1.310764 -104.252576
0.000314 -0.003320 1.000000
0.661414 -5.253712 74.896069
0.162724 -3.861077 -530.983636
0.000954 -0.008400 1.000000
-0.362614 -4.196127 382.364536
-0.213903 -3.291122 154.790684
0.000073 -0.006063 1.000000
-0.126774 -1.620122 381.750513
-0.010460 -1.702432 -261.497342
-0.000096 -0.004329 1.000000
1.731670 -6.154433 -1311.113381
0.646735 -4.309081 -656.114897
0.003023 -0.012080 1.000000
0.855017 -3.744730 235.323550
0.195821 -2.003594 -859.142907
0.001360 -0.005852 1.000000
1.058873 -3.352039 259.196378
0.497220 -3.043646 -715.859418
0.002396 -0.007801 1.000000
0.095548 -1.823826 -130.035592
-0.018270 -1.743389 90.327904
0.000281 -0.003951 1.000000
0.019612 -1.596737 176.590289
-0.047590 -2.004544 -30.624607
0.000479 -0.004254 1.000000
0.633006 -2.521874 289.990062
-0.062224 -2.624579 -439.956878
0.001125 -0.005905 1.000000
0.025514 -1.702133 197.490138
-0.089751 -1.452631 171.180882
-0.000073 -0.003202 1.000000
-0.363727 -1.103277 729.662826
-0.188042 -1.108891 104.205225
-0.000589 -0.002298 1.000000
0.858220 -2.647072 -115.981815
0.299406 -2.552779 -122.319719
0.001118 -0.005489 1.000000
0.274745 -1.811568 -663.345099
0.081192 -2.102825 -20.639848
0.000644 -0.004950 1.000000
0.318801 -3.160402 351.949381
0.035279 -2.688037 -49.699315
0.000421 -0.005040 1.000000
-0.198941 -2.185750 295.601716
-0.172276 -1.990390 18.130025
-0.000361 -0.003907 1.000000
-0.060091 -1.977706 319.247304
0.067894 -2.198844 -252.022824
0.000062 -0.004362 1.000000
0.318495 -1.720600 210.283771
-0.036206 -2.639711 -78.576441
0.000478 -0.004917 1.000000
0.088326 -2.702569 336.493588
-0.218444 -2.465544 172.326650
-0.000236 -0.004404 1.000000
0.736207 -2.502491 597.780575
0.089419 -2.800732 -4.824204
0.000911 -0.005323 1.000000
0.034606 -1.347867 297.555268
-0.090151 -1.874167 23.798756
-0.000049 -0.003672 1.000000
0.473574 -2.755427 77.946115
0.112357 -2.554376 -14.091109
0.000533 -0.004904 1.000000
-0.092793 -2.313751 278.991272
-0.032648 -1.810267 -226.863333
-0.000034 -0.003741 1.000000
-0.335017 -1.057691 708.449896
-0.335760 -0.899906 124.849843
-0.000447 -0.002099 1.000000
-0.188376 -1.951175 322.593246
-0.203908 -1.659575 148.776938
-0.000172 -0.003423 1.000000
-0.105424 -1.274369 338.990540
-0.263547 -1.084966 -23.915243
-0.000331 -0.002697 1.000000
-0.022787 -1.713979 514.796561
0.073026 -2.033337 -28.470491
0.000225 -0.003971 1.000000
0.275928 -1.493123 -57.801798
0.027641 -1.630434 41.766182
0.000016 -0.003462 1.000000
0.140866 -1.928998 690.454090
-0.068765 -2.089963 97.611292
0.000138 -0.003759 1.000000
-0.079408 -1.480274 678.863213
-0.177376 -1.188770 -313.330686
-0.000275 -0.002984 1.000000
-0.033526 -1.358078 521.998220
0.046619 -2.026700 -4.280387
-0.000018 -0.003503 1.000000
0.584392 -2.279997 688.047607
0.280523 -2.093859 -459.683020
0.000625 -0.004609 1.000000
-0.225059 -1.743056 -133.159083
-0.289711 -1.274513 -70.953488
-0.000641 -0.002910 1.000000
-0.009478 -2.992553 202.547565
-0.094735 -2.106099 67.879107
0.000693 -0.005079 1.000000
0.263881 -2.658708 123.688555
0.032829 -1.654311 152.975767
0.000090 -0.003593 1.000000
0.294085 -2.448600 -182.454623
0.147772 -1.749325 -345.390839
0.001326 -0.005515 1.000000
-0.036485 -2.335641 511.923832
-0.126997 -2.299899 329.998362
0.000027 -0.004081 1.000000
0.877823 -3.091696 1083.417544
0.167323 -2.028853 -812.282701
0.001257 -0.005913 1.000000
0.292657 -2.150657 800.220154
-0.034995 -1.598400 103.528670
0.000053 -0.003412 1.000000
0.060839 -1.671631 877.339375
-0.227009 -1.750225 184.475218
0.000282 -0.004053 1.000000
-0.405931 -1.562108 476.579643
-0.191404 -0.994016 -89.968320
-0.000506 -0.002857 1.000000
0.121496 -2.217214 834.566816
-0.101687 -1.098290 -198.541519
0.000001 -0.003336 1.000000
0.008560 -1.331472 942.805595
-0.183213 -1.446212 35.997773
-0.000267 -0.003095 1.000000
0.088147 -1.532221 509.292466
-0.275625 -1.599581 179.085069
-0.000291 -0.002985 1.000000
0.925082 -2.612889 797.705471
0.488195 -2.409043 -567.627877
0.001603 -0.005554 1.000000
2.573696 -8.781775 664.625965
0.961908 -7.047228 -1296.971579
0.005371 -0.015699 1.000000
1.252682 -6.211818 -527.353930
2.052069 -4.165146 -672.718577
0.005032 -0.011435 1.000000
0.448306 -3.733649 -357.634061
0.312664 -2.511023 -214.742452
0.000562 -0.005541 1.000000
-1.107426 0.209627 1675.933224
-0.720477 0.156438 777.678727
-0.001902 0.000305 1.000000
-0.344917 -0.796120 914.370185
-0.356532 -0.553806 -208.746876
-0.001175 -0.001811 1.000000
0.663917 -5.258623 -403.601103
0.599933 -3.031739 -723.731225
0.002638 -0.009246 1.000000
6.927834 -11.749133 475.050114
3.124433 -7.507930 -3864.735498
0.010155 -0.023259 1.000000
1.435060 -3.504711 1030.344893
0.264706 -1.709226 -457.739108
0.001546 -0.005667 1.000000
1.177154 -3.463513 1420.554271
0.039546 -2.028815 -16.294071
0.001474 -0.005814 1.000000
1.564605 -6.304805 633.904998
1.127878 -4.020053 -1160.300077
0.003545 -0.010462 1.000000
0.944569 -3.842589 2112.025705
0.215579 -1.543593 164.069578
0.001355 -0.005201 1.000000
0.089521 -1.907863 887.873684
-0.183937 -1.556947 -2.909802
-0.000242 -0.003309 1.000000
1.133060 -5.392405 -269.819261
0.822662 -4.682910 -552.827967
0.002278 -0.009662 1.000000
0.659987 -2.736412 151.971141
0.089542 -2.414376 20.181028
0.000657 -0.004905 1.000000
0.039827 -2.394718 472.481357
-0.192571 -3.385421 259.770932
0.000560 -0.006168 1.000000
1.163941 -3.277850 -60.609021
0.785396 -2.941400 -131.331264
0.002040 -0.006421 1.000000
-0.203034 -1.785339 325.118743
-0.109711 -1.670476 -58.659757
0.000007 -0.004160 1.000000
0.157509 -1.183153 210.639737
-0.045393 -2.011475 95.995623
0.000595 -0.004550 1.000000
0.141481 -1.860559 326.383633
0.119923 -2.086213 -224.188219
0.000454 -0.004373 1.000000
0.602671 -5.623032 -7758.945993
1.167509 -6.432688 1880.531202
0.003360 -0.012665 1.000000
-0.009877 -1.144343 28.452919
-0.118013 -0.850725 -89.953320
0.000041 -0.003384 1.000000
-0.154415 -1.259252 241.005941
0.012877 -1.359219 4.190097
-0.000159 -0.003190 1.000000
0.099972 -2.782022 286.081911
0.452220 -3.601499 94.697420
0.000556 -0.005772 1.000000
0.689574 -3.990762 431.890000
0.417369 -3.912837 -365.801614
0.001268 -0.007631 1.000000
0.856468 -3.660605 47.583983
0.983975 -5.001366 -642.790943
0.002135 -0.008883 1.000000
0.001401 -1.002582 155.243192
-0.100479 -2.203860 247.925024
-0.000163 -0.003670 1.000000
0.012986 -1.071775 36.367649
-0.121195 -0.878365 -458.246032
-0.000231 -0.002875 1.000000
0.577204 -2.090174 -331.392661
0.215994 -1.797105 -134.221201
0.001768 -0.005997 1.000000
-0.002848 -2.145182 241.814199
-0.200693 -2.631831 181.581097
-0.000382 -0.004439 1.000000
0.193277 -3.573596 458.035893
0.082098 -3.172326 74.306240
0.000318 -0.005980 1.000000
0.127671 -2.153670 213.994931
0.054477 -2.135909 15.522054
0.000698 -0.004918 1.000000
-0.111580 -1.330254 66.593976
-0.031712 -0.931813 -207.730923
-0.000085 -0.003004 1.000000
-0.230967 -1.086843 173.014121
-0.364319 -1.272535 26.426086
0.000157 -0.003964 1.000000
-0.147832 -2.321857 299.531302
-0.149080 -2.572425 128.002422
0.000237 -0.005025 1.000000
-0.190396 -1.834593 240.473307
0.120974 -1.856602 40.302549
0.000597 -0.004645 1.000000
0.179886 -1.639972 275.640664
-0.161563 -1.492818 102.619287
0.000084 -0.003446 1.000000
0.562062 -3.731350 89.173360
0.191673 -3.300827 -125.487610
0.000966 -0.006837 1.000000
-0.228782 -2.631109 404.720475
0.101400 -2.073886 64.042696
0.000156 -0.004224 1.000000
-0.295623 -1.330870 -80.365059
-0.303437 -1.004961 74.873684
-0.000515 -0.002635 1.000000
0.285325 -2.123498 -207.230633
0.183291 -1.874040 -57.649659
0.001255 -0.005576 1.000000
-0.035253 -1.514342 388.022383
-0.005274 -1.057545 -135.299194
0.000270 -0.003389 1.000000
-0.070056 -1.999154 629.025097
0.192200 -0.864627 -323.229834
0.000285 -0.003460 1.000000
-0.517587 -1.650912 275.582309
-0.259975 -1.479514 64.818168
-0.000682 -0.002593 1.000000
-0.796339 -0.867882 -80.362711
-0.645206 -0.843330 279.964336
-0.001376 -0.001277 1.000000
0.432544 -3.002737 -383.743319
-0.036262 -1.739115 -121.446074
0.001093 -0.005543 1.000000
0.185004 -3.629279 -52.588392
-0.176207 -1.998337 -94.752153
0.001524 -0.006586 1.000000
-0.183953 -2.215959 176.208112
0.117664 -1.527533 -310.355607
-0.000063 -0.003894 1.000000
-0.192737 -1.478309 237.933593
-0.207939 -1.727432 -113.519703
-0.000453 -0.003266 1.000000
-0.465930 -0.951121 106.357414
-0.514586 -1.193142 94.979173
-0.000910 -0.002170 1.000000
-0.340340 -0.634821 434.781655
-0.342291 -1.154306 106.010034
-0.000673 -0.002099 1.000000
-0.033671 -2.009317 1632.722826
-0.045883 -2.584637 -162.444656
0.000331 -0.005147 1.000000
-0.225443 -1.707165 210.493931
0.059894 -2.187348 58.624849
0.000009 -0.003864 1.000000
-0.264865 -1.988082 273.916663
-0.227614 -1.885346 307.526977
-0.000223 -0.003462 1.000000
-0.272170 -1.238099 480.267256
-0.410368 -1.662450 288.565801
-0.000654 -0.002536 1.000000
0.204347 -2.240844 526.508530
-0.000635 -2.097140 -148.246821
0.000055 -0.003958 1.000000
0.692416 -4.294926 813.274431
0.003006 -3.426011 -105.216241
0.000812 -0.007176 1.000000
0.256748 -2.711527 555.445786
-0.029759 -1.660626 -289.101266
0.000331 -0.004224 1.000000
0.174203 -2.645040 766.327162
-0.078014 -3.114622 142.196904
0.000320 -0.006251 1.000000
0.832690 -3.518597 991.011475
-0.061864 -1.706974 50.206826
0.000910 -0.005162 1.000000
0.210588 -3.184510 1218.610122
0.283502 -2.441407 -430.764901
0.001128 -0.006396 1.000000
0.612124 -4.711885 1343.926828
0.311367 -3.374481 -23.332527
0.001503 -0.007622 1.000000
0.990421 -3.423969 877.430717
0.258477 -0.855319 -188.076964
0.001524 -0.005626 1.000000
4.521366 -9.646565 2567.161826
0.687181 -4.252725 -174.484708
0.005512 -0.011582 1.000000
0.790116 -2.314963 -41.133329
0.513132 -3.122592 -834.165262
0.001208 -0.005407 1.000000
-0.394072 -1.521254 503.685445
-0.419582 -2.369958 577.230666
-0.000588 -0.003403 1.000000
-0.617258 -0.550250 -47.258259
-0.541065 -0.346127 177.837604
-0.001604 -0.000860 1.000000
-0.416522 -0.931151 244.343114
-0.561779 -1.063193 332.303826
-0.001165 -0.001780 1.000000
-13.767209 26.156325 -5328.487838
-7.517765 15.368396 3347.879534
-0.026116 0.045610 1.000000
3.657362 -5.472406 1235.799961
1.132454 -1.236535 -680.778514
0.004790 -0.009279 1.000000
-0.007892 -2.061699 462.696416
-0.034978 -0.796166 10.999952
-0.000220 -0.003213 1.000000
0.053965 -1.752632 600.445845
-0.017288 -1.438250 -53.905961
-0.000101 -0.003381 1.000000
-0.699208 -0.928608 151.608014
-0.585622 -0.736075 317.154592
-0.001319 -0.001361 1.000000
-0.528917 -1.507811 355.524075
-0.288845 -1.597151 272.775288
-0.000923 -0.002214 1.000000
-33.554339 30.764668 -2201.395443
-15.276438 2.467181 8159.988959
-0.046629 0.055173 1.000000
0.226359 -6.516530 2289.992909
3.137027 -11.805037 -391.672558
0.004906 -0.016441 1.000000
-0.108562 -1.694722 609.752195
-0.150055 -1.520723 -110.781524
-0.000109 -0.004146 1.000000
2.860486 -4.638070 892.104380
0.352877 -1.714710 -14.896225
0.002992 -0.006823 1.000000
0.361109 -1.768332 279.180312
-0.041290 -1.441045 94.006084
0.001094 -0.004600 1.000000
1.655544 -4.162798 905.714073
0.384363 -1.885401 -0.375501
0.002048 -0.006760 1.000000
-3.617573 6.623707 -2175.903760
-3.245402 5.570395 1557.520482
-0.008470 0.014407 1.000000
-0.154573 -1.763042 788.830035
-0.252413 -1.058769 -54.355358
-0.000417 -0.003220 1.000000
0.527734 -2.337556 843.186588
0.168853 -2.126814 144.509806
0.000924 -0.005012 1.000000
0.702716 -2.630350 1044.388907
0.592419 -1.703634 -317.087375
0.001499 -0.005664 1.000000
-0.077030 -2.000475 927.891111
0.154534 -1.689898 -115.836515
0.000546 -0.004563 1.000000
-0.128503 -2.909359 700.762203
-0.013815 -2.422194 -76.184732
0.000210 -0.005153 1.000000
0.858458 -2.623510 987.385292
0.472378 -1.761436 -60.810370
0.001614 -0.004969 1.000000
1.625393 -10.668405 3570.362542
2.786482 -15.772712 -73.130950
0.009227 -0.028398 1.000000
4.934341 -6.612243 1365.204061
1.154484 -2.250638 -796.399314
0.005146 -0.010755 1.000000
1.503036 -3.123487 765.624046
0.451922 -0.693395 -551.573430
0.001478 -0.004750 1.000000
0.208079 -2.970423 665.305562
0.219755 -1.485387 -336.537563
0.000428 -0.004526 1.000000
6.120690 -10.193579 2485.881559
1.545967 -4.002695 -1322.509104
0.006990 -0.015644 1.000000
1.238406 -4.111756 252.729835
0.522802 -2.741168 -944.815031
0.002153 -0.006383 1.000000
0.064077 -2.674561 571.850464
-0.074069 -1.440418 -158.667953
0.000147 -0.003758 1.000000
-0.912338 -1.536860 725.875529
-0.370674 -1.440576 196.790363
-0.000860 -0.002861 1.000000
0.690036 -3.117544 1205.142637
0.433620 -1.537154 -218.778234
0.001019 -0.004683 1.000000
0.138287 -1.789800 529.800405
-0.077574 -0.790126 16.655102
0.001197 -0.004172 1.000000
1.127551 -0.390889 91.192439
0.070065 1.205799 -8.598782
0.000130 -0.000128 1.000000
1.624635 -0.912629 161.335780
0.263471 0.988483 -36.041745
0.000779 -0.000884 1.000000
8.020943 -64.479247 13859.551132
8.582275 -82.076467 5690.611983
0.033126 -0.114882 1.000000
1.092745 1.992742 -495.800705
-0.429550 5.102696 -183.806068
-0.001210 0.005255 1.000000
2.241677 -5.971083 1559.002436
1.765457 -7.417005 -202.986966
0.004480 -0.013308 1.000000
-10.829559 31.878208 -7972.328961
-9.776955 30.103179 3961.401946
-0.025928 0.057049 1.000000
7.596148 -14.425255 2511.416974
2.901143 -13.941351 485.342428
0.012811 -0.029512 1.000000
-0.201500 -3.586237 888.992014
-0.070533 -4.147593 368.685874
0.000228 -0.006305 1.000000
0.850675 -1.628975 264.874510
0.221982 -3.174054 199.991714
0.000689 -0.005439 1.000000
1.362190 0.720600 -183.167372
0.140027 2.021121 -220.154150
0.000144 0.000869 1.000000
0.289512 -2.675114 370.718574
0.160230 -2.280038 -79.124857
0.000903 -0.005326 1.000000
0.508424 -1.904898 230.447728
-0.079567 -3.560483 231.682243
0.000388 -0.005987 1.000000
0.010466 -3.660536 678.843815
0.354069 -4.344582 -24.936546
0.000480 -0.006657 1.000000
0.109845 -2.330228 568.146124
-0.043559 -4.166377 301.000328
0.000175 -0.006039 1.000000
0.364617 -1.801766 271.554712
0.214295 -1.971197 -59.455958
0.000564 -0.004183 1.000000
0.527681 -2.704290 957.280207
0.084852 -1.210638 -57.815666
0.000378 -0.003754 1.000000
1.827519 -5.265370 924.038990
0.174310 -1.466169 -638.495032
0.002580 -0.007225 1.000000
1.091613 -4.022864 995.252559
-0.073378 -2.032071 -171.560191
0.001464 -0.005747 1.000000
0.461966 -4.571724 394.195936
0.217063 -4.620588 395.819304
0.000417 -0.007426 1.000000
1.000000 -0.000000 0.000000
-0.000000 1.000000 -0.000000
-0.000000 -0.000000 1.000000
1.076996 0.326372 2.581686
-0.069437 1.403449 -58.830691
-0.000069 0.000425 1.000000
1.019144 -2.924627 234.759601
0.628546 -3.734476 -193.353217
0.001786 -0.006852 1.000000
0.963457 -3.085865 472.111603
1.089813 -6.354181 -557.226373
0.002570 -0.010819 1.000000
0.100430 -2.200054 413.567898
-0.080065 -2.815693 258.624761
0.000123 -0.004403 1.000000
0.097523 -3.043921 230.701847
0.035393 -3.122035 -2.809123
0.000156 -0.004965 1.000000
0.208942 -2.420117 596.590015
-0.029199 -2.733461 135.751948
0.000160 -0.004367 1.000000
0.085677 -2.524828 571.809661
0.183750 -2.045484 -114.234489
0.000732 -0.004976 1.000000
-0.022608 -1.762049 493.117872
-0.068058 -1.798918 104.175052
-0.000110 -0.003342 1.000000
0.876126 -1.861230 -173.996720
0.209673 -1.496924 -259.512239
0.000919 -0.004601 1.000000
0.037165 -2.042026 194.728334
-0.197858 -1.700913 -95.866917
0.000086 -0.003776 1.000000
2.567629 -2.998578 759.707942
1.445665 -3.413890 -154.727616
0.003885 -0.008493 1.000000
0.129769 -1.917036 141.809703
-0.248484 -3.214857 295.374816
0.000358 -0.005540 1.000000
-0.244424 -2.052710 484.494252
-0.315766 -2.306053 407.681964
-0.000327 -0.003612 1.000000
-0.188456 -1.548229 542.724817
-0.091437 -2.326415 71.403379
-0.000147 -0.004306 1.000000
-0.158917 -2.372358 796.848476
-0.110971 -1.761243 241.914585
-0.000145 -0.003238 1.000000
0.076102 -2.351024 374.561148
0.025088 -2.558057 135.524321
-0.000097 -0.004070 1.000000
0.046430 -1.322103 246.964421
-0.075673 -1.460936 116.449353
-0.000008 -0.003069 1.000000
-0.072347 -1.505293 713.086206
-0.209473 -1.951545 203.451819
-0.000599 -0.003284 1.000000
-0.182726 -1.807308 329.919036
-0.109669 -2.202145 -187.954300
0.000258 -0.004931 1.000000
0.501577 -2.946555 689.907646
0.044474 -1.675399 -113.081025
0.000684 -0.004351 1.000000
0.023889 -1.882005 431.006648
-0.197468 -1.799364 130.765158
-0.000231 -0.003385 1.000000
1.163156 -2.472996 740.122584
0.495798 -1.918959 -95.220220
0.001656 -0.004834 1.000000
