-0.494992 -0.726363 645.050400
-0.247441 -0.243382 -241.658899
-0.001011 -0.001391 1.000000
-0.357869 -0.447108 522.484307
-0.278064 -0.554727 32.614932
-0.000882 -0.001748 1.000000
-0.600007 -0.918766 520.722552
-0.407081 -0.550657 -151.304153
-0.001015 -0.001389 1.000000
-0.503304 -0.256443 116.615960
-0.399029 -0.190845 -40.477087
-0.001201 -0.000865 1.000000
-0.472702 -0.863684 456.935858
-0.401080 -0.824918 -20.040117
-0.000970 -0.002098 1.000000
-0.760390 -0.451853 263.527581
-0.668699 -0.386408 -17.813711
-0.001676 -0.001182 1.000000
-0.289456 -0.816211 11.747108
-0.160835 -0.620866 -208.034013
-0.000794 -0.001847 1.000000
0.363621 -1.379990 416.028868
0.296693 -1.556517 -253.750047
0.000264 -0.003367 1.000000
0.106640 -1.329072 724.867824
0.130794 -1.171016 -2.494587
0.000102 -0.003015 1.000000
-0.197896 -1.888596 709.477679
0.060158 -1.199347 -292.825446
-0.000201 -0.002861 1.000000
0.229918 -1.870891 380.894371
0.360268 -1.558582 -478.346943
0.000160 -0.003673 1.000000
-0.201308 -1.128757 48.316529
-0.106730 -0.983247 -104.610368
-0.000506 -0.002511 1.000000
0.058049 -1.314747 853.747357
0.123850 -1.132637 -107.531135
-0.000088 -0.002784 1.000000
-0.550525 -0.438369 201.675984
-0.708385 -0.513823 -68.587083
-0.001487 -0.001335 1.000000
-0.167592 -0.648920 368.171276
-0.096499 -0.856705 -39.834457
-0.000476 -0.001856 1.000000
-0.356089 -0.390138 381.473290
-0.460883 -0.533461 -51.617858
-0.001208 -0.001469 1.000000
-0.363838 -0.689769 473.122013
-0.267713 -0.833736 -91.951746
-0.000826 -0.001855 1.000000
-0.541874 -1.126480 657.231156
-0.123432 -0.353791 -55.123194
-0.000802 -0.001558 1.000000
0.016502 -1.141783 291.969438
-0.053515 -1.001314 -116.524669
-0.000326 -0.002294 1.000000
-0.400150 -0.999512 282.715313
-0.233321 -0.917786 -132.570294
-0.000669 -0.002247 1.000000
-0.005613 -2.187032 -215.782683
0.241796 -2.182536 -121.553687
0.000104 -0.003787 1.000000
-0.420012 -1.263635 342.483796
-0.260244 -0.871621 8.795977
-0.000587 -0.001959 1.000000
-1.368164 1.426769 816.972105
-1.440387 1.515395 1312.970460
-0.002880 0.002392 1.000000
-0.609310 -1.326181 473.878932
-0.492973 -1.275444 120.257502
-0.000936 -0.002351 1.000000
-0.384636 -0.244808 313.095265
-0.571906 -0.364452 48.198390
-0.001253 -0.001176 1.000000
-0.590843 -0.811948 620.761184
-0.372222 -0.519807 -59.955241
-0.001230 -0.001332 1.000000
0.671743 -3.135068 -1993.876224
0.570079 -2.654417 -1747.858456
0.001205 -0.005719 1.000000
-0.107152 -1.447769 565.978317
-0.103143 -1.601541 -478.704048
-0.000050 -0.002976 1.000000
-0.559089 -0.483675 242.326116
-0.448019 -0.503060 48.855066
-0.001143 -0.001197 1.000000
-0.264288 -0.603013 565.900155
-0.311303 -0.823500 77.786357
-0.000717 -0.001707 1.000000
-0.851129 -0.028472 333.899903
-1.036917 -0.062677 -251.846601
-0.002181 -0.000679 1.000000
-0.749304 -0.047088 199.810143
-0.655233 -0.229629 -23.451046
-0.001525 -0.000568 1.000000
0.170326 -0.859370 386.118282
0.384678 -1.863454 -153.276827
0.000236 -0.003915 1.000000
-0.289390 -0.634938 152.359631
-0.254975 -0.643122 68.167477
-0.000769 -0.001541 1.000000
-0.392416 -0.681425 381.526125
-0.434631 -0.909841 69.108607
-0.000894 -0.001616 1.000000
0.043833 -0.978543 370.865806
0.075757 -1.042700 -292.417753
-0.000247 -0.002552 1.000000
0.276300 -1.668702 -206.889117
0.351157 -1.742594 -122.231137
0.000419 -0.003621 1.000000
-4.388243 5.687620 5804.568068
-3.132501 2.632296 2699.137231
-0.007171 0.007224 1.000000
-0.512052 -0.129167 110.861020
-0.425146 -0.305463 -313.823364
-0.001347 -0.001077 1.000000
-0.082765 -0.540106 300.775795
-0.050953 -0.534615 -276.933978
-0.000719 -0.001753 1.000000
-0.212137 -0.330502 162.640898
-0.260983 -0.643776 -202.107397
-0.000851 -0.001808 1.000000
-0.670904 -0.498506 791.860759
-0.727204 -0.351573 -154.665689
-0.001705 -0.000805 1.000000
-0.388452 -0.096846 194.637060
-0.277250 0.106156 -180.161631
-0.001399 -0.000729 1.000000
-0.041159 -0.549915 326.227131
-0.236963 -0.630844 -76.038308
-0.000663 -0.001667 1.000000
0.222539 -1.656630 -182.758935
0.083652 -1.054183 -120.549624
-0.000110 -0.002848 1.000000
3.784629 -6.318221 -4159.405406
4.093490 -5.915167 4409.789159
0.007767 -0.014171 1.000000
0.135913 -1.376747 3087.637575
0.232191 -1.403725 -345.666522
0.000324 -0.002904 1.000000
-0.621295 -0.345298 1011.133505
-0.596334 -0.383103 213.167596
-0.001399 -0.001246 1.000000
-0.567436 -0.811620 1157.897735
-0.285872 -0.546474 -130.735876
-0.000927 -0.001720 1.000000
-0.677329 -0.092521 1305.183929
-0.566893 -0.257756 140.241531
-0.001360 -0.000951 1.000000
-0.228865 -0.612243 1068.208063
-0.269037 -0.542856 387.546019
-0.000806 -0.001895 1.000000
-0.581064 0.128576 1146.561699
-0.686859 0.193870 -438.035025
-0.001806 -0.000206 1.000000
-0.168773 -0.714024 1479.565673
-0.102211 -0.624544 -222.771705
-0.000667 -0.001953 1.000000
-0.721442 -0.116750 81.696226
-0.619070 0.052128 -360.468982
-0.001711 -0.000655 1.000000
-0.345580 -0.706300 472.701964
-0.184178 -0.595550 -160.131556
-0.000862 -0.001792 1.000000
-1.795972 1.707901 1853.138880
-1.813665 0.813885 -126.309672
-0.003567 0.001571 1.000000
-0.005152 -1.622839 499.931138
0.367314 -1.440397 -302.459638
-0.000017 -0.003166 1.000000
0.220401 -1.769664 454.800839
0.344736 -1.508569 -143.533951
0.000378 -0.003185 1.000000
-0.226376 -0.800898 102.736838
-0.255086 -0.706722 -305.354403
-0.000677 -0.002269 1.000000
-0.211161 -0.379006 511.924421
-0.370879 -0.634422 268.572745
-0.000962 -0.001858 1.000000
-0.063741 -1.699070 321.257231
0.005890 -1.156215 34.699085
-0.000259 -0.002820 1.000000
-0.727456 -0.292388 236.369388
-0.555137 -0.153255 -23.471514
-0.001475 -0.000966 1.000000
-0.192072 -0.737353 174.554161
-0.108158 -0.444757 -27.781137
-0.000642 -0.001940 1.000000
-0.288004 -0.971593 960.978433
-0.249464 -0.826276 152.167651
-0.000573 -0.001809 1.000000
-0.626322 -0.988434 585.100449
-0.276069 -0.525665 -48.960582
-0.001040 -0.001612 1.000000
-0.067262 -1.085643 304.559745
0.002234 -1.002498 -44.633765
-0.000381 -0.002385 1.000000
-0.575882 -0.832420 329.643345
-0.419049 -0.615281 -7.876786
-0.001077 -0.001599 1.000000
-2.154072 0.399869 -208.050775
-1.440560 0.254288 -173.471225
-0.003273 0.001521 1.000000
-0.271174 -2.036418 805.221784
0.014331 -1.233727 68.081931
-0.000048 -0.003065 1.000000
-5.329189 3.803776 -1598.772228
-3.933367 3.394340 -820.023181
-0.007982 0.009043 1.000000
0.049899 -1.528593 697.095865
0.141921 -1.142920 -48.696042
-0.000111 -0.002671 1.000000
-0.372418 -0.709287 467.216737
-0.336190 -0.606030 49.237294
-0.000927 -0.001547 1.000000
-0.273058 -1.089201 221.859068
-0.111141 -0.529828 -184.413610
-0.000551 -0.001948 1.000000
-0.568555 -0.832497 210.491196
-0.339551 -0.738309 -230.694628
-0.001148 -0.001299 1.000000
-0.004045 -0.851536 834.361797
-0.094511 -0.874892 -50.262757
-0.000491 -0.002158 1.000000
-0.406010 -1.144338 278.314058
-0.107450 -0.552417 -419.361868
-0.000597 -0.001933 1.000000
0.649820 -1.135658 391.920327
0.186435 0.010220 -87.632824
0.000229 -0.001861 1.000000
1.548145 -0.607400 91.493961
0.347221 0.979962 -118.915017
0.000769 -0.000964 1.000000
-0.588132 -0.439882 214.550373
-0.509269 -0.525584 276.809545
-0.001088 -0.001205 1.000000
-0.405919 -0.907906 433.062621
-0.314098 -0.793911 274.267882
-0.000685 -0.001621 1.000000
-0.460444 -1.490476 528.318012
-0.230471 -1.275039 195.442083
-0.000573 -0.002439 1.000000
-0.518990 -1.175348 549.475500
-0.335673 -1.017465 288.274288
-0.000712 -0.001979 1.000000
-0.120257 -1.413075 476.173815
-0.154298 -1.107098 255.764530
-0.000299 -0.002230 1.000000
1.373257 -1.479645 47.824667
0.736208 -0.865280 160.770786
0.000953 -0.003031 1.000000
1.827669 0.045861 -188.835132
0.264839 1.504260 -237.808076
0.000642 -0.000013 1.000000
1.410333 0.211804 -129.473365
0.108384 1.370906 -114.711692
0.000176 0.000268 1.000000
3.379771 -1.783960 -626.388127
2.048075 -0.940828 -150.991907
0.002824 -0.004777 1.000000
1.633822 -1.300304 -209.773547
0.710611 -1.021471 294.887002
0.000932 -0.002965 1.000000
1.000000 -0.000000 0.000000
-0.000000 1.000000 -0.000000
-0.000000 -0.000000 1.000000
2.658665 -1.251590 -85.530345
1.480840 0.034539 -104.123203
0.002637 -0.002538 1.000000
1.484655 -2.063079 356.124844
0.842989 -1.281908 185.163099
0.001581 -0.003565 1.000000
1.798783 -0.158881 -56.124981
0.902957 0.947720 -51.948166
0.001526 -0.000641 1.000000
0.766124 -1.148285 312.296490
0.397219 -0.665309 165.639064
0.000661 -0.002253 1.000000
1.221635 -0.112740 -50.480842
0.208636 1.136011 -118.118183
0.000420 -0.000237 1.000000
1.569914 -0.075086 -210.140313
0.443272 1.609133 -268.638132
0.000982 -0.000193 1.000000
3.091957 -2.277578 -182.952286
2.022499 -1.516003 -131.807503
0.002931 -0.005504 1.000000
1.013603 -0.197534 7.510932
0.157254 1.066957 -82.633693
0.000357 -0.000338 1.000000
0.651636 -1.255070 367.938518
0.425183 -0.535809 59.633214
0.000625 -0.002361 1.000000
0.668623 -1.482914 402.775812
0.574989 -0.866415 29.907757
0.000759 -0.002891 1.000000
-0.141311 -1.271925 417.431738
-0.140118 -1.239217 264.588359
-0.000384 -0.002386 1.000000
-0.153631 -0.984566 260.337277
-0.291543 -0.877784 340.743868
-0.000634 -0.001746 1.000000
-0.140137 -1.180845 721.644684
-0.012045 -1.011870 -150.677758
-0.000301 -0.002402 1.000000
-0.586837 -1.071476 902.329725
-0.308998 -0.676233 -101.983342
-0.000826 -0.001569 1.000000
-0.475983 -0.865789 397.622763
-0.349936 -0.792789 142.331710
-0.000813 -0.001619 1.000000
-0.836883 -0.969963 485.760598
-0.483871 -0.562380 190.643345
-0.001124 -0.001229 1.000000
-0.502277 -0.361243 468.892162
-0.447232 -0.053676 -201.289768
-0.001321 -0.000868 1.000000
-0.086645 -1.867377 -261.179601
0.086119 -1.235251 59.864926
-0.000242 -0.003137 1.000000
-0.182999 -1.108714 470.450744
-0.103788 -1.003095 212.908389
-0.000286 -0.002141 1.000000
-0.162322 -1.104445 388.972422
-0.245840 -0.970145 222.380694
-0.000522 -0.002035 1.000000
0.149749 -1.734302 556.886790
0.073716 -1.197120 179.289254
0.000149 -0.002918 1.000000
-0.222080 -1.645410 498.126531
-0.100862 -1.244514 99.769044
-0.000290 -0.002892 1.000000
0.256006 -1.390487 598.578703
0.152212 -1.024392 116.026433
0.000180 -0.002537 1.000000
0.338176 -1.671830 533.650346
0.225261 -0.894854 57.200971
0.000486 -0.003048 1.000000
-0.223108 -0.912731 -306.164848
-0.243531 -0.759398 -628.260894
-0.000635 -0.001883 1.000000
-0.267783 -0.969485 318.355253
-0.303218 -0.763556 -76.224702
-0.000781 -0.002001 1.000000
-0.948122 -1.403157 681.400941
-0.550441 -1.787373 461.722199
-0.001160 -0.002575 1.000000
0.127348 -1.967938 525.707230
0.159659 -1.819792 218.648149
0.000233 -0.003629 1.000000
-0.227543 -1.282308 514.310287
-0.200060 -1.456383 267.763127
-0.000357 -0.002688 1.000000
-0.233281 -1.039775 559.363007
-0.002586 -0.950820 82.559611
-0.000330 -0.002250 1.000000
-0.476186 -1.247871 602.368333
-0.265633 -1.284630 209.998384
-0.000619 -0.002423 1.000000
-0.109458 -0.724084 245.994468
-0.145910 -0.664530 17.559344
-0.000509 -0.001780 1.000000
-0.351251 -0.902049 552.742672
-0.193114 -0.707192 87.989962
-0.000592 -0.001806 1.000000
-0.316309 -1.472000 516.054736
-0.295194 -1.602205 199.144128
-0.000664 -0.002749 1.000000
-0.454021 -0.719407 478.068471
-0.266445 -0.770539 65.628883
-0.000843 -0.001844 1.000000
-0.644849 -0.942390 1013.757543
-0.360946 -0.820206 226.196260
-0.000880 -0.001815 1.000000
-0.214331 -0.837786 339.267557
-0.085961 -0.845504 -131.417173
-0.000583 -0.002085 1.000000
-0.302215 -1.313897 552.500513
-0.158990 -1.102246 110.389333
-0.000381 -0.002277 1.000000
-0.500470 -0.896479 660.514419
-0.367015 -0.822339 166.987003
-0.000837 -0.001657 1.000000
-0.645104 -0.827130 841.133075
-0.507935 -0.709275 123.495107
-0.001151 -0.001342 1.000000
-0.330317 -1.437327 728.051715
-0.077228 -1.722192 249.786544
-0.000283 -0.002920 1.000000
-0.353165 -0.196146 150.697304
-0.405656 -0.303866 -132.125723
-0.001222 -0.001234 1.000000
-0.570545 -0.690590 286.718122
-0.515463 -0.872231 -59.404964
-0.001244 -0.001983 1.000000
-0.219411 -1.027485 645.723881
-0.141261 -0.951018 40.876609
-0.000548 -0.002142 1.000000
-0.203348 -1.613189 292.937832
-0.208497 -1.386486 201.402017
-0.000439 -0.002604 1.000000
-0.280556 -1.173294 418.851275
0.085512 -0.781613 -75.107735
-0.000364 -0.002209 1.000000
-0.259215 -1.315657 471.243293
-0.196810 -1.297569 221.435526
-0.000431 -0.002459 1.000000
0.358758 -1.704604 482.333510
0.248117 -1.373777 178.053666
0.000452 -0.003029 1.000000
-0.188314 -1.536774 480.499412
-0.107917 -1.541934 185.430966
-0.000284 -0.003049 1.000000
-0.231878 -1.366582 762.272927
-0.082514 -0.869133 -69.216737
-0.000275 -0.002482 1.000000
-0.614163 -0.889956 918.864940
-0.436047 -0.517665 -168.282434
-0.001093 -0.001295 1.000000
-0.293968 -1.431835 1106.253724
0.051147 -0.887304 -14.850669
-0.000398 -0.002557 1.000000
-0.448859 -0.677029 504.413304
-0.366637 -0.592321 -30.260116
-0.001013 -0.001723 1.000000
-0.528042 -0.583205 586.055433
-0.409487 -0.445429 15.780620
-0.001161 -0.001427 1.000000
-0.433832 -1.133982 1032.744207
-0.180611 -0.554863 -232.333209
-0.000792 -0.001937 1.000000
-0.526523 -0.828248 721.085483
-0.363189 -0.997242 170.319494
-0.000898 -0.002185 1.000000
-0.092755 -0.443990 469.837353
-0.169197 -1.105342 3.501953
-0.000636 -0.002235 1.000000
-0.300935 -0.246894 302.175608
-0.560418 -0.684546 148.749464
-0.001181 -0.001533 1.000000
-0.431967 -0.794900 173.263842
-0.374270 -0.549370 101.000022
-0.001047 -0.001526 1.000000
-0.329056 -0.756375 357.697065
-0.365972 -0.829893 -1.845565
-0.000836 -0.001673 1.000000
-0.599916 -0.937917 834.967949
-0.506858 -0.731192 0.601752
-0.001058 -0.001454 1.000000
-0.760152 -0.152917 -284.787409
-0.552739 -0.243768 45.442198
-0.001609 -0.000763 1.000000
-0.922643 -0.657602 881.606660
-0.343902 -0.153003 -2.434225
-0.001347 -0.000802 1.000000
-2.312952 4.068410 1891.745408
-1.078985 1.919801 -540.003826
-0.003731 0.005339 1.000000
-0.971255 -0.547151 -32.698945
-0.630249 -0.286106 -96.239747
-0.001569 -0.001235 1.000000
-0.788555 -0.913026 862.983909
-0.367026 -0.571721 -44.963634
-0.001180 -0.001491 1.000000
-0.227493 -1.663871 767.236345
-0.033476 -1.291280 89.033442
-0.000257 -0.002992 1.000000
0.037320 -1.585646 273.383777
-0.043878 -1.360679 20.478171
-0.000452 -0.003004 1.000000
-1.998893 1.542806 2153.764070
-1.308843 0.866442 918.892478
-0.003338 0.002282 1.000000
-0.300587 -1.351702 873.845318
-0.147280 -0.948612 -43.696205
-0.000592 -0.002286 1.000000
-0.634472 -1.099425 732.249507
-0.219144 -0.566471 -10.984281
-0.000810 -0.001649 1.000000
-0.413483 -0.829821 671.529010
-0.395727 -0.621455 -49.414929
-0.000947 -0.001544 1.000000
-0.146435 -1.575765 528.524706
-0.006623 -1.151290 -318.747012
-0.000192 -0.003045 1.000000
-0.044835 -1.647558 405.076954
0.007599 -1.274669 84.866725
-0.000145 -0.002998 1.000000
-0.681317 -0.629939 219.413787
-0.440323 -0.300335 -91.700770
-0.001384 -0.001390 1.000000
-0.348812 -0.437521 132.169591
-0.486041 -0.607840 278.441439
-0.001043 -0.001258 1.000000
-0.238653 -0.386801 142.114521
-0.398575 -0.565069 75.792010
-0.000954 -0.001525 1.000000
0.883207 -2.247934 1618.853148
0.016626 -1.816465 -1072.426524
0.000957 -0.004371 1.000000
0.049311 -1.185443 394.981790
0.051078 -1.051973 -119.310771
0.000038 -0.002982 1.000000
-0.326464 -0.639027 464.290018
-0.387372 -0.714712 137.694348
-0.000902 -0.001776 1.000000
-0.477504 -1.042820 442.169966
-0.396352 -0.978431 245.896028
-0.000833 -0.001969 1.000000
-0.511677 -1.139774 622.128398
-0.354805 -1.029806 170.981403
-0.000831 -0.002043 1.000000
-0.222748 -0.566933 258.444432
-0.176784 -0.518864 96.316197
-0.000824 -0.001586 1.000000
-0.311735 -0.318230 75.537954
-0.438461 -0.481667 94.570458
-0.001180 -0.001306 1.000000
-0.250619 -0.710394 436.040190
-0.250879 -0.748891 -239.334631
-0.000812 -0.002015 1.000000
-0.304304 -0.566626 53.168531
-0.335511 -0.378355 109.222527
-0.000884 -0.001492 1.000000
-0.339945 -0.790646 359.055136
-0.315158 -0.802481 -5.402637
-0.000687 -0.001860 1.000000
-0.218797 -0.963410 341.331212
0.019833 -0.536080 -72.349082
-0.000529 -0.001963 1.000000
-0.023697 -1.006419 155.871548
-0.151771 -1.225828 52.774041
-0.000505 -0.002428 1.000000
-0.319093 -0.248569 17.588071
-0.447004 -0.373917 84.667969
-0.001197 -0.001047 1.000000
-0.016931 -0.794350 0.878752
0.010441 -0.564843 35.494445
-0.000559 -0.002282 1.000000
-0.288724 -0.993691 172.496007
-0.370000 -1.087315 20.501822
-0.000748 -0.002113 1.000000
-0.317532 -0.766890 321.263479
-0.304467 -0.614922 137.618185
-0.000878 -0.001743 1.000000
-0.409665 -0.577302 532.688714
-0.502425 -0.717900 6.104563
-0.001047 -0.001691 1.000000
0.173606 -2.719664 697.179223
0.214520 -1.896970 62.133686
0.000473 -0.004286 1.000000
-0.165248 -1.698677 469.172071
-0.031580 -1.277695 55.186127
-0.000373 -0.002926 1.000000
-0.398392 -0.189832 -136.638578
-0.397217 -0.361316 205.900859
-0.001156 -0.000937 1.000000
0.231963 -1.478178 -320.103360
0.151061 -1.016432 58.106063
0.000164 -0.003184 1.000000
-0.626534 -0.340370 285.891312
-0.618788 -0.416017 -56.296210
-0.001316 -0.000962 1.000000
-0.284601 -1.264023 446.021654
-0.295025 -1.029120 6.299536
-0.000734 -0.002130 1.000000
-1.650346 1.532158 -3384.984697
-1.495386 0.600667 882.619583
-0.003310 0.001605 1.000000
-0.578419 -1.055750 636.161832
-0.504044 -0.767437 -41.250770
-0.001012 -0.001456 1.000000
-0.275291 -0.337287 103.618553
-0.254828 -0.434258 131.286259
-0.000961 -0.001039 1.000000
-0.054126 -0.907399 12.543460
-0.092741 -0.757427 29.225637
-0.000424 -0.002356 1.000000
-0.347938 -0.844080 -103.874382
-0.399429 -0.932460 169.104121
-0.000735 -0.002138 1.000000
0.423240 -2.813965 2880.202732
0.815155 -3.355253 -1460.125003
0.001923 -0.006212 1.000000
-0.162282 -0.805296 -67.405206
-0.379748 -1.280785 130.265614
-0.000536 -0.001951 1.000000
0.209760 -1.177058 -19.118202
-0.171560 -1.400081 169.566592
-0.000357 -0.002513 1.000000
-0.047678 -1.170295 647.124150
-0.165425 -1.143877 -2.639888
-0.000309 -0.002325 1.000000
-0.407620 -0.577938 1633.805289
-0.471526 -0.659523 666.908029
-0.001052 -0.001364 1.000000
-0.415214 -1.633287 28.167054
-0.319313 -1.233066 8.929722
-0.000779 -0.002593 1.000000
-0.570138 -0.551077 388.887536
-0.546206 -0.608333 -75.923224
-0.001139 -0.001234 1.000000
-5.336213 9.541374 1988.699347
-4.562599 8.282393 2998.104954
-0.007707 0.013445 1.000000
-0.454070 -1.554999 964.900223
-0.096925 -0.964673 -4.583699
-0.000621 -0.002459 1.000000
-0.643292 -0.858902 968.692896
-0.655627 -0.543367 -175.806534
-0.001410 -0.001143 1.000000
-0.625165 -1.164267 914.648894
-0.303725 -0.658200 107.441895
-0.000939 -0.001703 1.000000
-1.599755 0.329337 1380.490602
-1.009591 0.167629 -107.777366
-0.002435 0.000617 1.000000
-0.662039 -0.858262 901.447894
-0.386397 -0.687403 -196.434392
-0.000958 -0.001523 1.000000
-0.696668 -1.226459 687.702879
-0.290260 -0.370466 -315.728823
-0.000996 -0.001673 1.000000
-0.746018 -1.064760 1062.355857
-0.367272 -0.328928 113.092066
-0.001205 -0.001517 1.000000
-0.565932 -1.228089 1347.077831
-0.235528 -0.641676 -333.863445
-0.000863 -0.001791 1.000000
-0.843039 0.283292 -132.427835
-1.108266 -0.165543 1757.517283
-0.001901 0.000338 1.000000
-0.096661 -1.240314 305.339715
-0.068757 -0.942654 11.641136
-0.000430 -0.002264 1.000000
-1.679615 1.424841 588.000974
-1.557789 1.144568 1514.960750
-0.002790 0.001958 1.000000
1.554317 -2.800859 1640.429868
1.598350 -4.214766 -764.190080
0.003019 -0.007136 1.000000
-0.366947 -1.371369 793.247431
-0.275302 -1.221961 46.851925
-0.000731 -0.002335 1.000000
-0.406022 -1.415237 1396.720350
-0.155277 -0.627525 319.427649
-0.000620 -0.002254 1.000000
-0.789087 -0.659435 222.559759
-0.533077 -0.486965 294.457212
-0.001274 -0.000991 1.000000
-0.050180 -1.207475 355.910210
-0.119208 -0.812884 -81.618273
-0.000116 -0.002336 1.000000
-2.132067 1.457898 4030.229125
-1.660789 0.544044 -287.652821
-0.004006 0.002392 1.000000
-7.985407 11.571502 8865.300173
-5.992526 8.327942 4032.149224
-0.011493 0.015685 1.000000
-0.856580 -0.839139 1013.086180
-0.471019 -0.298092 144.750625
-0.001207 -0.000994 1.000000
-0.280168 -0.850445 1840.057094
-0.312466 -0.971184 -158.345961
-0.000582 -0.002022 1.000000
-0.513758 -1.143167 824.745950
-0.292653 -0.822432 -84.665754
-0.000814 -0.001837 1.000000
-0.990634 0.005363 1084.626323
-0.488977 -0.010684 463.171665
-0.001732 -0.000264 1.000000
-0.142940 -0.599566 156.573490
-0.111339 -0.444141 79.062464
-0.000765 -0.001722 1.000000
-0.805801 -0.802206 1378.845582
-0.315309 -0.300577 30.264526
-0.001198 -0.001244 1.000000
-0.829524 -0.654191 818.180911
-0.623421 -0.263065 -161.468900
-0.001604 -0.000963 1.000000
-0.363804 -0.147358 -187.960407
-0.591594 -0.267930 -450.546320
-0.001313 -0.000906 1.000000
-0.566730 -0.898702 712.496532
-0.598915 -0.576423 142.462330
-0.001337 -0.001437 1.000000
-0.657116 -1.011466 665.844191
-0.445844 -0.636317 -141.990837
-0.001072 -0.001690 1.000000
-0.060133 -2.260341 537.405239
0.437580 -2.006458 -204.239004
0.000255 -0.003669 1.000000
-0.581219 -1.139837 457.271395
-0.160303 -1.046794 -68.549612
-0.000720 -0.002338 1.000000
-0.637941 -0.868289 970.009968
-0.474300 -0.419926 60.662392
-0.001172 -0.001418 1.000000
-0.628049 -0.794082 906.553234
-0.442825 -0.421831 205.906214
-0.001073 -0.001274 1.000000
-0.993908 -0.543874 1002.813646
-0.650538 0.021115 31.242439
-0.001557 -0.000563 1.000000
-0.455329 -1.110787 967.366390
-0.167590 -0.608655 -112.229556
-0.000805 -0.001817 1.000000
-2.592384 2.033945 -2287.099359
-1.726669 1.458641 -1511.077857
-0.003693 0.002473 1.000000
-0.668716 -0.203085 964.634404
-0.539157 -0.010211 -81.949248
-0.001361 -0.000967 1.000000
-0.857306 -0.463170 -88.739942
-0.648216 -0.376714 1737.126662
-0.001496 -0.000708 1.000000
-0.848521 -0.863328 749.996948
-0.345441 0.014981 -405.549306
-0.001437 -0.000598 1.000000
-0.589551 -1.296379 989.811537
-0.191154 -0.530849 -81.875299
-0.000722 -0.001734 1.000000
-0.319595 -1.270360 634.080106
-0.157070 -0.754268 -24.027856
-0.000427 -0.002145 1.000000
-0.136928 -1.085396 234.217387
0.034099 -0.550324 -154.060719
-0.000397 -0.002201 1.000000
-0.353386 -1.042168 509.888093
-0.171499 -0.829783 77.481335
-0.000549 -0.001961 1.000000
-0.573470 -1.187426 895.744601
-0.300405 -0.722418 -8.530457
-0.000806 -0.001693 1.000000
-0.327476 -0.517478 477.714812
-0.553908 -0.767314 159.658955
-0.001102 -0.001579 1.000000
0.000534 -1.629856 126.321829
0.073222 -1.700437 -42.445346
-0.000146 -0.002707 1.000000
-0.204876 -1.237180 860.496372
0.097650 -1.260654 121.049047
-0.000097 -0.002538 1.000000
-0.423569 -0.814915 326.135145
-0.359055 -0.496748 20.647548
-0.000939 -0.001550 1.000000
-0.280071 -1.455754 513.815673
-0.046088 -0.913862 -75.719321
-0.000435 -0.002302 1.000000
-0.715792 -0.772662 703.418661
-0.380819 -0.309426 -195.346307
-0.001360 -0.001524 1.000000
-0.428170 -0.187390 483.877620
-0.639252 -0.489463 134.956282
-0.001410 -0.000989 1.000000
-0.327101 -0.757253 708.212093
-0.144805 -0.591610 -81.860054
-0.000854 -0.001968 1.000000
-0.291071 -1.281425 804.892512
-0.261456 -1.051089 -172.599975
-0.000807 -0.002187 1.000000
-0.306652 -0.735315 436.804424
-0.325758 -0.795046 8.126604
-0.000936 -0.001839 1.000000
-0.300493 -0.735389 332.787903
-0.291743 -0.882476 74.402248
-0.000792 -0.001851 1.000000
0.795256 -2.131154 242.299741
0.614448 -2.057534 -324.661699
0.000674 -0.004431 1.000000
-0.501039 -0.997742 387.131659
-0.448374 -1.170470 200.524353
-0.001017 -0.002153 1.000000
-1.195125 0.067722 1731.813706
-0.447437 0.259447 -55.107120
-0.002032 0.000279 1.000000
-0.354609 -0.832393 475.970636
-0.062286 -0.150301 -172.990543
-0.000722 -0.001577 1.000000
-0.404028 -1.188217 517.162349
0.105542 -0.897737 -93.327871
-0.000181 -0.002549 1.000000
-0.657154 -0.853411 870.699363
-0.473474 -0.749650 -211.713130
-0.001068 -0.001586 1.000000
-0.444652 -0.527205 426.686419
-0.474800 -0.478879 87.700022
-0.001227 -0.001325 1.000000
-0.988371 -0.567830 746.974711
-0.566406 -0.235743 90.324866
-0.001527 -0.000978 1.000000
0.000993 -0.959636 595.591888
-0.236220 -1.196765 152.324543
-0.000514 -0.002254 1.000000
-0.141162 -0.824951 732.655327
-0.160367 -1.295091 86.852303
-0.000395 -0.002363 1.000000
-0.833439 -0.607681 153.134777
-0.765750 -0.198841 63.840490
-0.001519 -0.000817 1.000000
-0.395499 -1.233840 532.628235
-0.092420 -1.096157 -60.080620
-0.000535 -0.002270 1.000000
-0.824380 -1.527858 385.094326
-0.394004 -1.217136 97.379146
-0.001050 -0.002330 1.000000
0.110442 -1.779388 154.360744
0.067142 -1.246322 -293.483852
-0.000133 -0.003258 1.000000
-0.424855 -0.650020 648.561828
-0.420948 -0.555516 -31.976298
-0.001040 -0.001499 1.000000
-0.174090 -1.200742 405.019874
-0.190713 -1.178887 -22.031768
-0.000501 -0.002360 1.000000
0.221648 -1.730808 476.400555
-0.004919 -1.069642 63.382523
0.000035 -0.003021 1.000000
-0.195176 -1.246182 480.747880
-0.266403 -1.316946 145.759625
-0.000599 -0.002439 1.000000
-0.643845 -0.247198 196.786841
-0.674912 -0.253032 9.242217
-0.001559 -0.000901 1.000000
0.306342 -1.606586 426.749988
0.231080 -1.524796 -44.147145
0.000381 -0.003335 1.000000
-0.576172 -0.512662 230.367460
-0.370060 -0.492877 -94.964353
-0.001260 -0.001238 1.000000
-0.589697 -0.719786 588.085922
-0.456481 -0.508646 -12.339650
-0.001041 -0.001283 1.000000
-0.523917 -0.745299 179.404540
-0.383337 -0.551646 -5.626183
-0.001115 -0.001538 1.000000
-0.283118 -0.923012 393.154649
-0.260247 -0.905096 8.764007
-0.000646 -0.001953 1.000000
1.318300 -3.915069 -787.262689
1.240387 -3.652031 -1062.792802
0.001999 -0.007178 1.000000
-0.286785 -0.808009 159.436664
-0.185818 -0.659565 -140.115215
-0.000767 -0.001877 1.000000
-0.413294 -1.377097 688.551535
-0.201022 -0.762646 -152.454008
-0.000572 -0.002087 1.000000
-0.680722 -0.568218 453.417454
-0.526134 -0.504219 48.035423
-0.001200 -0.001209 1.000000
-0.322558 -1.346647 -102.863887
-0.107069 -1.157660 -67.030548
-0.000446 -0.002339 1.000000
