0.031414 -1.236024 364.575861
-0.023412 -1.112817 -10.010596
0.000183 -0.002786 1.000000
-0.151309 -1.480793 470.037434
0.171013 -1.466083 -127.672677
0.000139 -0.003651 1.000000
0.026621 -1.008970 232.597921
-0.152428 -1.052731 176.608413
-0.000144 -0.002330 1.000000
0.135796 -1.562844 29.318184
-0.024962 -1.538459 -56.120868
0.000101 -0.003621 1.000000
-0.243265 -1.159765 234.929478
-0.248165 -1.659940 185.141851
-0.000632 -0.002777 1.000000
-0.045881 -2.313226 -28.591637
0.090765 -1.428920 -151.501389
0.000097 -0.003577 1.000000
-0.111270 -0.942436 128.027830
-0.039230 -0.991209 -38.470612
0.000283 -0.003242 1.000000
-0.168412 -1.244082 378.359045
-0.045107 -1.689176 114.034716
0.000082 -0.003142 1.000000
0.319497 -1.437902 197.137625
0.205213 -1.959147 -350.416955
0.000813 -0.004158 1.000000
0.402537 -1.924413 620.362936
-0.262389 -2.103047 311.334887
0.000216 -0.003640 1.000000
0.282731 -1.602076 600.446717
0.024804 -1.573530 21.061402
0.000302 -0.003247 1.000000
-0.274349 -2.267721 296.457388
-0.285197 -1.832415 318.682873
-0.000264 -0.003261 1.000000
-0.047853 -2.793307 338.313796
-0.058086 -2.614386 182.789869
0.000782 -0.004853 1.000000
0.118560 -1.619462 335.933277
0.028739 -1.864382 58.639801
0.000003 -0.003308 1.000000
0.120775 -0.803005 421.494901
-0.418221 -1.933515 249.091811
-0.000282 -0.003453 1.000000
-0.176052 -1.144504 372.968794
-0.219920 -1.393006 78.913810
-0.000244 -0.002970 1.000000
0.154184 -1.216578 240.903968
-0.131050 -1.931995 160.785789
-0.000134 -0.003492 1.000000
-0.102209 -0.711666 214.564355
0.023763 -0.513863 -82.979970
-0.000271 -0.002099 1.000000
-0.000667 -1.187453 316.272709
0.154625 -0.924183 -135.266058
0.000084 -0.002583 1.000000
-0.092176 -1.405055 269.772325
-0.189924 -1.363854 133.245640
-0.000495 -0.002771 1.000000
-0.152110 -1.178955 329.760234
-0.144234 -0.756392 166.377568
-0.000238 -0.002024 1.000000
-0.379912 -2.047706 367.844342
-0.269970 -1.581144 176.725815
-0.000387 -0.002872 1.000000
-0.512827 -1.026890 1100.677354
-0.384843 -1.094829 502.412854
-0.000710 -0.001827 1.000000
0.040988 -1.505013 467.631357
0.121557 -1.742283 -145.546644
0.000670 -0.004081 1.000000
0.336122 -1.895473 449.582074
0.704556 -3.793550 -11.587795
0.000895 -0.005902 1.000000
0.333823 -3.277696 397.878946
0.209488 -3.856176 58.707310
0.000339 -0.005836 1.000000
0.527425 -2.200647 -34.622069
-0.035805 -2.337921 158.441857
0.000535 -0.004776 1.000000
-0.026671 -0.676826 167.297251
-0.140077 -1.191396 176.561759
-0.000228 -0.002510 1.000000
-0.027171 -1.949278 429.817908
0.064247 -1.881689 63.004690
0.000450 -0.003799 1.000000
-0.069472 -0.482483 297.008240
-0.291865 -1.083288 246.039106
-0.000410 -0.002090 1.000000
-0.197806 -1.433134 717.785479
-0.095224 -1.015562 -204.104694
-0.000386 -0.002899 1.000000
-0.202910 -1.209016 350.395157
-0.195790 -1.158202 197.164834
-0.000496 -0.002217 1.000000
-0.009657 -0.658121 357.170444
-0.431902 -1.183289 298.900761
-0.000599 -0.002237 1.000000
-0.068768 -1.321993 375.127670
0.052476 -2.253879 6.342558
0.000433 -0.004201 1.000000
-0.128308 -0.634236 335.285118
-0.435408 -0.966685 282.658447
-0.000564 -0.001776 1.000000
0.406753 -1.470286 345.983585
0.208935 -1.866732 -168.961953
0.000350 -0.003750 1.000000
-0.232522 -0.963292 170.444549
-0.031122 -0.976791 -132.484475
-0.000310 -0.002917 1.000000
-0.303186 -0.860800 180.226995
-0.358403 -1.219798 192.767562
-0.000491 -0.002282 1.000000
-0.098216 -1.257525 162.530435
0.027158 -0.606866 -169.691796
-0.000418 -0.002509 1.000000
0.301485 -0.747827 402.165704
0.060646 -0.689990 -290.985442
0.000047 -0.002532 1.000000
0.123821 -0.769052 657.440704
0.091323 -1.056548 -198.736147
-0.000109 -0.002888 1.000000
-0.191604 -1.497532 414.328305
-0.236747 -1.064303 130.673588
-0.000181 -0.002474 1.000000
-0.017745 -0.740083 447.354116
0.012045 -1.219021 139.835751
-0.000256 -0.003517 1.000000
-0.079572 -0.915531 40.284899
0.119515 -0.935300 -386.616327
0.000005 -0.002648 1.000000
3.556578 -4.583147 -3116.284355
2.287524 -3.329921 -1795.101576
0.005388 -0.008481 1.000000
0.032337 -0.736341 488.867406
-0.125633 -0.595909 -185.974321
-0.000181 -0.002607 1.000000
3.703776 -2.456068 3076.414496
1.372699 -5.238232 -1406.292737
0.005450 -0.016486 1.000000
0.011619 -0.934386 894.444579
-0.114039 -0.886752 9.199467
-0.000009 -0.002989 1.000000
0.026524 -0.489372 349.914727
-0.312442 -0.943208 268.558925
-0.000871 -0.002711 1.000000
-0.257295 -0.617851 669.185440
-0.114288 -0.631769 -24.775162
-0.000624 -0.002077 1.000000
-0.031427 -0.377547 384.120888
-0.081573 -1.047474 207.143380
-0.000363 -0.003338 1.000000
0.054683 -0.615599 648.928853
-0.002620 -0.852485 139.318677
-0.000181 -0.002785 1.000000
0.233067 -0.993993 157.145359
0.048557 -0.788193 -431.817636
0.000324 -0.003331 1.000000
-0.225441 -0.692941 540.299573
-0.153132 -0.423126 -314.526368
-0.000500 -0.001921 1.000000
-0.086594 -0.663652 508.380190
-0.176373 -0.539156 -10.726316
-0.000864 -0.001732 1.000000
-0.092101 -1.038580 936.514676
-0.152471 -0.887681 39.676437
-0.000365 -0.002919 1.000000
-0.537621 -0.478672 977.778733
-0.279226 -0.095786 -117.796595
-0.000888 -0.001672 1.000000
-0.021656 -0.987522 865.804983
0.108415 -0.768868 -353.233152
0.000012 -0.002943 1.000000
0.041290 -0.848272 355.133995
0.150112 -0.677919 -300.568032
-0.000140 -0.002409 1.000000
0.114486 -1.214849 69.521739
0.072211 -1.543830 -226.584986
0.000199 -0.003704 1.000000
4.936511 -6.878815 -6998.502952
3.715798 -4.235104 -5905.032973
0.014254 -0.022274 1.000000
0.844558 -2.819936 -188.792156
0.675687 -2.199719 -768.680897
0.001733 -0.005195 1.000000
0.003838 -0.627151 80.215589
0.099661 -0.747484 -306.028452
-0.000162 -0.002402 1.000000
1.609887 -3.584199 2535.569736
1.229095 -2.858139 -774.103088
0.003099 -0.008306 1.000000
0.129240 -1.009386 482.976706
-0.117405 -0.788335 -293.476762
-0.000089 -0.002634 1.000000
-0.487339 -0.866183 562.995950
0.013948 -1.700327 2.016938
-0.000227 -0.003336 1.000000
-0.067589 -1.174516 204.021581
0.083473 -0.998521 -220.797895
-0.000009 -0.002929 1.000000
0.044033 -0.819760 -193.487364
0.046826 -0.708922 -193.205789
-0.000113 -0.002335 1.000000
0.047516 -1.271919 164.559524
-0.006849 -0.662068 -288.819857
0.000070 -0.002532 1.000000
0.492078 -0.736526 6.657343
-0.022600 -1.071291 -204.587273
-0.000174 -0.002936 1.000000
0.032110 -1.017933 371.929379
-0.027647 -1.262017 120.208678
-0.000111 -0.002535 1.000000
0.042646 -1.800019 -479.919381
0.401918 -1.012768 -1823.054825
0.000675 -0.003551 1.000000
0.014582 -2.567596 -108.123295
0.032777 -1.913637 18.377509
0.000915 -0.004817 1.000000
-0.138777 -1.250730 -191.363522
-0.278291 -0.835280 285.635672
-0.000331 -0.002435 1.000000
-0.317630 -0.400949 542.897025
-0.106313 -0.405125 -118.099767
-0.000777 -0.001574 1.000000
-0.177360 -0.488695 285.336138
-0.192244 -0.754053 -8.326621
-0.000588 -0.002030 1.000000
-0.160376 -0.964639 101.436999
-0.211529 -0.952502 146.350991
-0.000056 -0.002396 1.000000
0.005272 -1.122572 92.913159
-0.144869 -0.878155 -121.746188
-0.000187 -0.002438 1.000000
0.026750 -2.658115 258.985855
-0.009967 -2.648309 -39.563253
0.000158 -0.005200 1.000000
0.104753 -1.279871 162.189036
-0.189259 -1.676724 170.535984
-0.000274 -0.002999 1.000000
-0.325955 -1.585987 350.391920
-0.144002 -1.209026 166.715733
-0.000256 -0.002469 1.000000
0.100817 -1.218412 278.347500
-0.397220 -1.690232 263.461171
-0.000346 -0.003235 1.000000
0.074121 -1.800298 168.122093
-0.030008 -1.764896 -140.863653
-0.000206 -0.003688 1.000000
0.051156 -2.042710 317.416550
0.155705 -1.863952 -330.913688
0.000066 -0.003945 1.000000
-0.072676 -0.587505 88.554438
-0.115201 -0.535309 96.633342
-0.000228 -0.001986 1.000000
-0.091868 -0.917080 49.422796
-0.025469 -0.405287 7.140546
-0.000310 -0.002115 1.000000
0.164743 -2.859984 290.488643
0.392608 -2.498124 -238.539271
0.001209 -0.004936 1.000000
-0.040325 -1.264582 495.374414
-0.165733 -2.239288 241.448107
-0.000178 -0.003722 1.000000
-0.108055 -0.836025 -50.055182
-0.066513 -0.646059 -77.499780
-0.000025 -0.002585 1.000000
-0.279982 -1.594769 265.930579
-0.019647 -0.895219 -182.110054
-0.000579 -0.002532 1.000000
-0.426832 -1.275290 289.383511
-0.079652 -0.919154 52.911875
-0.000620 -0.002400 1.000000
0.490709 -2.019087 -181.821995
0.190914 -1.359004 -177.614829
0.000639 -0.004252 1.000000
-0.352050 -1.977771 153.997748
-0.055792 -1.106413 -14.882244
-0.000596 -0.002938 1.000000
0.194812 -1.424268 -9.829029
-0.028954 -0.986684 -50.778797
0.000168 -0.003294 1.000000
-0.164312 -1.387772 350.699775
-0.255560 -1.170772 42.517743
-0.000231 -0.003182 1.000000
-0.084943 -2.082544 775.860566
-0.107145 -2.899508 158.945483
0.000221 -0.005054 1.000000
-0.689503 -0.404168 1184.202849
-0.304789 -0.301575 -253.130157
-0.001247 -0.001051 1.000000
-0.253271 -0.647307 86.299496
-0.180036 -0.484359 69.415829
-0.000686 -0.001570 1.000000
-0.476512 -0.794731 574.133407
-0.320716 -0.382032 -24.197367
-0.000765 -0.001282 1.000000
-0.383578 -2.123543 364.934593
-0.064004 -0.953077 36.051663
-0.000397 -0.002955 1.000000
-0.099086 -1.925031 77.900711
0.104567 -1.212988 -91.917603
-0.000216 -0.003231 1.000000
0.205961 -0.745852 -57.622617
-0.337529 -1.363227 178.050461
-0.000346 -0.002718 1.000000
0.023864 -1.141328 -25.044632
0.138966 -1.243026 -443.645657
0.000391 -0.003060 1.000000
-0.325643 -1.301339 -188.378160
-0.209557 -0.927654 -175.382584
-0.000562 -0.002585 1.000000
-0.247493 -1.044217 320.164188
-0.135728 -0.884396 -41.008445
-0.000246 -0.002365 1.000000
-0.331416 -0.890644 105.238193
-0.211087 -0.808809 -186.144651
-0.000655 -0.002241 1.000000
0.113769 -2.916177 277.407603
0.038208 -2.307032 70.503042
0.000311 -0.005888 1.000000
-0.388013 -1.459652 387.908142
-0.312574 -1.163726 215.222904
-0.000482 -0.002256 1.000000
-0.086622 -0.629845 288.530350
-0.223597 -1.058672 75.523305
-0.000487 -0.002261 1.000000
0.140240 -2.245976 9.987522
0.207197 -1.931030 -151.247137
0.000557 -0.004205 1.000000
0.215475 -1.919543 100.671239
-0.173486 -2.367694 123.940301
-0.000377 -0.004033 1.000000
0.035050 -0.774365 88.458326
-0.141233 -1.151621 41.472735
-0.000402 -0.002408 1.000000
0.367992 -2.175762 237.917182
0.074185 -1.515260 -107.452637
0.000292 -0.003586 1.000000
-0.494113 -0.762338 885.669035
-0.244933 -0.547687 147.766679
-0.000868 -0.001567 1.000000
0.031648 -0.997050 287.294146
0.121147 -0.930470 -38.470591
0.000192 -0.002642 1.000000
0.138669 -1.371139 -7.587484
-0.146600 -1.419333 -56.200380
0.000042 -0.003151 1.000000
-0.224201 -2.588330 435.184201
0.131042 -2.361963 -239.731677
0.000146 -0.004358 1.000000
-0.054278 -2.604618 369.468831
-0.378704 -2.401295 270.558506
-0.000391 -0.003803 1.000000
0.283946 -2.346711 504.004243
-0.136358 -2.067857 74.807524
0.000121 -0.003892 1.000000
-0.103047 -2.321109 481.055896
-0.139960 -2.329521 216.869377
-0.000220 -0.003950 1.000000
-0.316361 -2.815076 662.688285
-0.084074 -2.730382 167.260410
-0.000143 -0.004311 1.000000
-0.162368 -1.955616 524.197064
-0.138655 -1.581791 100.953211
-0.000390 -0.002842 1.000000
-0.076574 -1.779574 502.835875
-0.068285 -1.815874 32.991908
-0.000369 -0.003350 1.000000
-0.169814 -1.493586 510.925911
-0.185569 -1.268113 135.637852
-0.000319 -0.002398 1.000000
0.519814 -3.151389 485.755590
0.360668 -3.206463 109.399376
0.000451 -0.004965 1.000000
0.147302 -0.890732 421.292268
-0.108270 -1.154350 165.280950
-0.000010 -0.002541 1.000000
0.205587 -2.735087 556.144524
-0.001021 -1.790315 -42.539682
0.000144 -0.003814 1.000000
0.833228 -3.100425 387.629212
0.210060 -4.054131 -190.815834
0.000768 -0.006663 1.000000
0.292691 -3.805956 562.087770
0.293850 -3.511541 150.106139
0.000478 -0.005869 1.000000
1.469732 -4.048788 -326.305286
0.670192 -4.331630 -34.308126
0.001701 -0.007343 1.000000
-0.380214 -1.835282 839.415135
-0.179123 -1.455949 148.599852
-0.000281 -0.002639 1.000000
-0.379054 -1.144466 821.543117
-0.211414 -1.469574 -75.415778
-0.000555 -0.002714 1.000000
0.295486 -1.775545 443.512985
0.014950 -1.884473 -31.909139
0.000276 -0.003601 1.000000
-0.336550 -2.193639 1095.726716
-0.114707 -2.165317 138.191795
-0.000006 -0.004047 1.000000
-0.228654 -0.859799 304.255497
-0.036355 -0.543656 -69.427405
-0.000650 -0.001869 1.000000
0.107798 -2.416447 480.013442
-0.160819 -2.555815 -105.885403
0.000107 -0.004519 1.000000
-0.514594 -1.384414 252.826214
-0.287310 -0.671333 300.441900
-0.000889 -0.001802 1.000000
-0.178224 -2.175673 149.903962
0.081683 -1.116518 61.888832
0.000010 -0.003456 1.000000
0.530122 -3.171110 64.106596
1.161973 -1.590616 -279.328576
0.004074 -0.006001 1.000000
-0.426423 -1.582971 851.971310
-0.137102 -0.806982 -129.865205
-0.000226 -0.002460 1.000000
-0.242393 -1.356799 1043.280434
-0.017566 -0.611001 27.402587
-0.000303 -0.002010 1.000000
0.364587 -2.823203 956.957482
0.092897 -1.713019 -155.877706
0.000738 -0.004240 1.000000
-0.318236 -1.061871 821.363530
-0.182507 -0.655643 -131.628459
-0.000699 -0.001912 1.000000
1.179899 -3.416256 1223.630603
0.758991 -2.187955 -1979.449393
0.001971 -0.007732 1.000000
-0.495964 -1.557945 857.281440
-0.208934 -0.754461 20.094295
-0.000489 -0.002087 1.000000
-0.197041 -1.151346 646.509437
-0.278094 -1.291970 262.760000
-0.000434 -0.002547 1.000000
-0.146599 -0.757496 711.645659
-0.113261 -1.232330 -312.425975
-0.000379 -0.002234 1.000000
-0.027824 -2.739724 626.741904
-0.068076 -2.421542 162.032336
0.000069 -0.004306 1.000000
0.032477 -2.601001 248.856053
-0.198237 -1.573592 150.347638
-0.000124 -0.003567 1.000000
0.112103 -1.416706 318.179222
0.218877 -1.249705 -217.410332
0.000101 -0.003202 1.000000
-0.101152 -2.177387 -55.477642
0.301802 -1.463455 -439.600043
0.000274 -0.003713 1.000000
-0.267756 -2.155842 713.647929
0.218034 -1.152191 -382.729253
0.000177 -0.003445 1.000000
0.324403 -3.216972 208.818413
0.169390 -1.656237 -75.874618
0.000744 -0.004405 1.000000
0.992260 -3.282239 797.596476
0.393099 -1.457012 -378.050557
0.001512 -0.004794 1.000000
2.975038 -5.236502 3170.164737
0.894926 -3.060056 -1130.048252
0.004525 -0.009492 1.000000
0.101209 -2.071213 1296.962418
0.036096 -1.078479 104.704349
0.000120 -0.003439 1.000000
-0.189188 -0.974561 304.125183
-0.177089 -1.263292 -0.031273
-0.000382 -0.003080 1.000000
-1.645407 0.868715 308.055218
-1.056592 0.432439 2612.754904
-0.003028 0.001338 1.000000
0.292040 -2.263053 672.543219
0.002305 -1.685910 -3.074297
0.000125 -0.003604 1.000000
-0.084870 -2.317474 506.372526
-0.109359 -2.272104 376.420359
-0.000184 -0.003640 1.000000
0.274746 -1.645557 474.783758
0.509143 -3.574520 -13.000391
0.001117 -0.005859 1.000000
0.154115 -1.551294 450.157311
0.004217 -1.060574 -135.786706
0.000373 -0.003197 1.000000
0.526757 -2.073943 172.835923
0.284168 -1.770557 271.467353
0.000771 -0.003535 1.000000
-0.078093 -1.242807 56.955593
-0.067771 -1.310164 -171.264170
-0.000144 -0.003642 1.000000
0.169278 -0.969664 1.755060
0.091858 -0.859413 13.513751
0.000121 -0.002574 1.000000
-0.263982 -0.527792 222.175603
-0.242290 -0.701197 148.241717
-0.000786 -0.001571 1.000000
-0.625857 -0.833247 912.281335
-0.334650 -1.051119 -28.502015
-0.000963 -0.001587 1.000000
-0.016040 -1.119698 86.318876
0.053100 -0.558917 -124.904130
-0.000320 -0.002568 1.000000
-0.488878 -0.930639 520.511965
-0.202671 -0.557248 -192.107521
-0.000764 -0.001852 1.000000
0.076212 -0.978471 82.049590
-0.006715 -1.355859 73.100224
0.000139 -0.003129 1.000000
-0.246373 -2.311752 706.915291
0.114170 -1.860258 148.659511
0.000000 -0.003485 1.000000
0.870159 -4.113625 8.202525
1.439572 -3.888895 -999.328340
0.003382 -0.008829 1.000000
-0.224373 -1.615462 199.319573
-0.233690 -1.688260 234.537609
-0.000163 -0.003264 1.000000
-0.564542 -0.253048 -372.714873
-0.419343 -0.199186 35.564612
-0.001289 -0.001133 1.000000
0.439413 -2.077897 -171.815111
0.351261 -1.421625 -243.522494
0.000941 -0.004064 1.000000
-0.215670 -1.474013 286.533433
-0.524292 -1.504203 375.174504
-0.000919 -0.002549 1.000000
-0.182174 -1.704711 459.266116
-0.205760 -1.633102 148.345538
-0.000405 -0.003185 1.000000
-0.032363 -2.057007 281.138982
-0.114128 -2.000092 283.615072
-0.000228 -0.003443 1.000000
-0.266398 -0.739402 1123.914950
-0.247642 -0.460745 -412.580109
-0.000666 -0.002131 1.000000
0.309483 -2.487547 -63.153124
-0.129417 -1.762448 261.203656
0.000820 -0.004794 1.000000
-0.235207 -0.826226 355.442986
-0.455479 -1.093663 96.458384
-0.000989 -0.002212 1.000000
-0.219625 -1.296912 498.332250
-0.161270 -1.508552 214.355157
-0.000403 -0.002765 1.000000
0.496359 -2.207762 673.952218
0.491289 -3.194732 -466.980124
0.001472 -0.006498 1.000000
0.010101 -1.578721 497.814959
-0.090607 -1.306697 -114.134053
-0.000011 -0.003043 1.000000
-0.304733 -1.243809 298.449974
-0.208147 -0.646879 167.844059
-0.000584 -0.001942 1.000000
-0.117282 -1.604138 -195.988415
-0.136239 -1.057438 77.722630
-0.000354 -0.003087 1.000000
0.175839 -2.250380 -101.911286
0.154781 -1.855329 -37.808770
0.000465 -0.004477 1.000000
0.240734 -1.440950 -120.902585
0.332268 -1.045522 -416.338142
0.001970 -0.004723 1.000000
-0.356920 -1.130230 520.135281
-0.070502 -1.392429 12.088754
-0.000333 -0.002950 1.000000
-0.381910 -1.758737 206.959703
-0.078260 -1.623887 80.976474
-0.000402 -0.002726 1.000000
0.426338 -2.627160 997.723807
0.483933 -3.040833 96.573677
0.000796 -0.004556 1.000000
-0.267831 -1.115768 481.207776
-0.333253 -1.089678 128.329419
-0.000761 -0.002376 1.000000
-0.228225 -1.388160 474.950594
-0.200828 -1.120826 -364.328602
-0.000207 -0.002765 1.000000
-0.174516 -1.405057 454.372470
-0.083224 -1.347576 20.806029
-0.000173 -0.003302 1.000000
-0.030176 -1.852837 -119.583826
0.144809 -1.999025 -1160.542591
0.000705 -0.004387 1.000000
-0.126351 -1.054616 -858.032378
-0.228806 -1.476057 262.327441
-0.000189 -0.003070 1.000000
0.501343 -1.285507 1195.464638
0.239491 -2.275509 -185.548070
0.001539 -0.005294 1.000000
-0.605064 -0.823109 906.075881
-0.535616 -0.994683 150.497719
-0.001128 -0.001707 1.000000
0.191291 -1.220609 -1.944711
0.317588 -2.621534 88.660035
0.001331 -0.004598 1.000000
0.491131 -3.107924 -106.756961
0.530542 -3.047617 -12.345262
0.001970 -0.006275 1.000000
0.388711 -0.993520 519.084872
0.167528 -2.090753 85.006856
0.000609 -0.003598 1.000000
0.131706 -1.412749 684.106561
-0.038826 -1.702597 291.673685
0.000194 -0.003118 1.000000
-0.304174 -2.182993 974.452368
-0.041328 -1.069753 -276.889102
-0.000312 -0.003164 1.000000
-0.404147 -1.483776 1336.509454
-0.334619 -0.794241 148.126706
-0.000860 -0.002431 1.000000
-0.540117 -1.610338 1003.184631
-0.194885 -0.873442 136.974654
-0.000583 -0.002407 1.000000
-0.269918 -1.895820 980.433591
-0.115204 -0.991191 -23.415411
-0.000388 -0.002745 1.000000
-0.584351 -1.241191 654.676896
-0.128633 -0.649359 -178.139026
-0.000701 -0.002013 1.000000
0.359644 -2.622259 1133.862459
0.286565 -1.054630 -401.850187
0.000631 -0.003645 1.000000
1.090273 -4.685373 1708.981143
0.942906 -1.655209 -887.707176
0.002159 -0.006705 1.000000
0.199580 -2.648935 1376.691580
0.175716 -1.823813 56.801005
0.000896 -0.004212 1.000000
-2.112047 1.912949 271.658213
-1.985002 2.505235 2804.329663
-0.004296 0.004173 1.000000
-0.374006 -1.901799 691.625829
-0.192215 -1.790802 306.059703
-0.000384 -0.003196 1.000000
-1.740557 0.536383 -604.339984
-0.910480 -0.055506 339.330344
-0.002994 0.000760 1.000000
-0.373098 -1.410646 375.863409
-0.255762 -1.491756 332.665356
-0.000765 -0.002437 1.000000
-0.232784 -2.183885 701.409163
-0.444076 -2.389107 488.788561
-0.000265 -0.003736 1.000000
1.329223 -3.542294 1077.429652
0.415881 -1.017624 -273.764163
0.001766 -0.005686 1.000000
0.036399 -1.947034 702.675513
0.084641 -0.843503 -167.712214
0.000096 -0.003277 1.000000
0.486981 -2.493166 875.957489
0.498652 -2.544249 -99.623513
0.001077 -0.005447 1.000000
-0.240102 -0.462713 -30.198766
-0.271685 -0.605677 178.263949
-0.000967 -0.001549 1.000000
-0.414900 -2.032506 578.505721
-0.284407 -1.951695 506.187816
-0.000523 -0.002872 1.000000
2.763533 -4.033828 961.278356
1.129978 -0.887692 -747.986041
0.004060 -0.007464 1.000000
1.187321 -4.616562 923.847973
1.227849 -4.641913 -87.532699
0.002065 -0.006673 1.000000
0.024404 -1.793046 679.142140
-0.132786 -1.335377 -217.902761
-0.000003 -0.003319 1.000000
1.236977 -4.236669 930.496780
0.628030 -5.709835 697.119016
0.002537 -0.009466 1.000000
0.507520 -0.909834 63.123511
-0.161596 -1.291049 282.412610
0.000379 -0.003119 1.000000
0.335464 -2.855165 852.808867
-0.031611 -1.775024 210.558731
0.000560 -0.004752 1.000000
7.559356 -9.116339 2249.598403
3.935839 -4.108264 -1373.212874
0.010405 -0.018444 1.000000
-0.174771 -1.291195 626.548311
-0.112631 -1.045343 -313.277615
-0.000454 -0.002451 1.000000
0.012120 -1.645381 804.319292
0.046258 -0.757272 32.561022
0.000063 -0.002895 1.000000
0.024727 -1.896998 799.066399
0.047610 -1.507171 63.743714
-0.000054 -0.003587 1.000000
0.044249 -1.865713 950.475658
0.166832 -1.388712 -90.164343
0.000025 -0.003400 1.000000
-0.317604 -1.603229 775.109504
-0.116534 -1.242280 -6.459656
-0.000279 -0.003081 1.000000
0.190108 -1.868055 848.442513
0.007224 -1.307143 -48.728168
0.000384 -0.003667 1.000000
0.814120 -2.798325 915.121632
0.366769 -1.349106 -95.397697
0.001148 -0.004230 1.000000
2.523370 -2.410325 707.082358
0.571984 -2.244913 -118.282432
0.002411 -0.006769 1.000000
1.166752 -4.608261 869.239968
0.589382 -4.540329 77.266972
0.001559 -0.007528 1.000000
-1.352200 -0.690764 601.007149
-0.511840 -0.512346 324.457596
-0.001543 -0.000955 1.000000
-0.350645 -2.447277 861.250876
0.018652 -1.031453 36.275261
-0.000367 -0.002899 1.000000
-3.124122 1.313729 108.090228
-1.174599 0.699326 1077.325291
-0.004110 0.003016 1.000000
0.078154 -3.341882 688.938102
-0.050616 -2.266539 152.023749
0.000175 -0.004035 1.000000
-0.487385 -1.212935 566.395322
-0.220023 -1.806686 284.147535
-0.000565 -0.003023 1.000000
-0.074317 -1.798500 964.023221
0.006446 -1.002105 95.766182
-0.000009 -0.002855 1.000000
-0.742237 -0.523527 313.248645
-0.199743 -0.298552 45.356072
-0.001248 -0.000701 1.000000
1.011000 -0.446865 46.317472
0.072081 0.411179 64.689033
0.000169 -0.001057 1.000000
0.955526 -0.655378 150.700628
0.077680 0.517824 36.681422
0.000094 -0.000827 1.000000
1.252947 -0.353078 -15.936676
0.140477 0.780852 59.191399
0.000294 -0.000584 1.000000
2.338820 0.517352 -452.297320
0.413005 2.533553 -254.545281
0.000994 0.000926 1.000000
4.318370 -0.439743 -667.267338
1.520050 1.211052 -304.712753
0.003480 -0.002135 1.000000
4.676439 1.367821 -1285.492281
1.202953 3.462881 -610.239688
0.002872 0.000801 1.000000
1.239511 0.027288 -62.839494
0.144483 1.292618 -115.400985
0.000211 0.000190 1.000000
-0.675885 -3.782622 963.830059
-0.127885 -5.806503 838.315695
-0.000068 -0.007447 1.000000
-0.243424 -1.028889 345.948049
-0.307873 -2.030482 398.280472
-0.000583 -0.003051 1.000000
1.000000 -0.000000 0.000000
-0.000000 1.000000 -0.000000
-0.000000 0.000000 1.000000
-0.102894 -1.600451 439.615153
-0.062519 -1.647019 177.930743
-0.000222 -0.003029 1.000000
-0.067664 -1.461782 438.627743
-0.091643 -3.384288 348.704710
0.000019 -0.005310 1.000000
-0.064615 -2.696590 683.185136
0.148110 -3.332645 384.572456
0.000184 -0.004756 1.000000
0.113118 -1.710885 326.218566
-0.036577 -2.582221 263.620740
-0.000173 -0.003970 1.000000
-0.128323 -1.129058 181.540581
-0.168227 -1.259315 44.738657
-0.000351 -0.002589 1.000000
0.223087 -2.086790 1248.216142
0.059012 -0.637836 103.825514
0.000219 -0.002934 1.000000
-0.136973 -1.947317 758.642981
-0.176596 -1.041211 103.076938
-0.000005 -0.002896 1.000000
0.577496 -2.953171 1174.750192
0.123920 -1.472210 -230.229980
0.001133 -0.004279 1.000000
0.601427 -3.989584 336.979604
0.284178 -3.370038 155.575219
0.000398 -0.006003 1.000000
1.636677 0.381728 -256.104866
0.184645 1.920335 -240.163976
0.000364 0.000614 1.000000
2.056313 1.373497 -410.854056
0.206923 2.865906 -397.805969
0.000781 0.001278 1.000000
0.172501 -0.639259 174.104267
-0.272483 -2.773078 492.968098
-0.000472 -0.003792 1.000000
0.162732 -1.488041 444.489147
-0.051863 -2.310899 85.471125
0.000019 -0.003868 1.000000
-0.071350 -1.524107 199.647955
-0.362748 -2.315638 397.197921
-0.000704 -0.003241 1.000000
0.250068 -3.159244 432.852004
0.327145 -2.900085 64.138202
0.000564 -0.004754 1.000000
-0.118202 -2.008847 365.007342
-0.123948 -2.472774 234.745751
-0.000307 -0.003672 1.000000
0.190734 -2.593599 104.463636
0.265439 -1.148308 -193.879623
0.000993 -0.004149 1.000000
-0.105360 -0.708878 219.208745
-0.278974 -1.369478 199.635826
-0.000448 -0.002639 1.000000
0.016487 -0.881515 229.305572
-0.035356 -1.121050 91.092759
-0.000117 -0.002473 1.000000
-0.035799 -1.414539 613.526815
0.014517 -0.814766 -3.249373
-0.000152 -0.002178 1.000000
1.382031 -4.785680 1178.999013
1.018765 -5.961165 183.881514
0.002802 -0.010022 1.000000
-0.261616 -1.814039 534.010515
-0.172514 -1.785022 158.502911
-0.000298 -0.003197 1.000000
-0.147644 -1.332838 364.529643
-0.144379 -2.817274 455.746290
0.000080 -0.004138 1.000000
0.250639 -2.428478 240.643696
-0.086948 -2.536142 278.333733
0.000109 -0.004207 1.000000
0.054403 -1.956353 662.267172
-0.009275 -1.459050 170.165839
0.000280 -0.003038 1.000000
-0.283367 -1.397238 429.445885
-0.183711 -1.145478 67.026208
-0.000286 -0.002511 1.000000
-0.212099 -2.280564 422.171666
-0.186753 -1.708412 219.792229
-0.000281 -0.003068 1.000000
-0.242143 -1.943676 535.612347
-0.206368 -1.874307 352.711031
-0.000029 -0.003241 1.000000
0.033713 -1.716967 322.214449
-0.206933 -2.149565 155.063812
-0.000264 -0.003585 1.000000
-0.411578 -1.081001 699.653122
-0.279537 -0.818984 234.909410
-0.000486 -0.001749 1.000000
-0.100757 -1.679171 248.225778
-0.303764 -1.975944 297.498894
-0.000450 -0.003173 1.000000
0.068932 -1.621496 668.014821
0.151376 -0.914628 -63.226609
0.000264 -0.002788 1.000000
