-0.491636 -0.746041 595.462237
-0.345232 -0.474168 -130.244591
-0.000982 -0.001391 1.000000
-0.166197 -0.722371 607.744373
-0.114819 -1.006615 156.468477
-0.000586 -0.002689 1.000000
-0.443111 -0.792917 147.069731
-0.416404 -0.448330 -185.897105
-0.001069 -0.001209 1.000000
-0.698430 -0.047719 271.190510
-0.514068 -0.398118 -394.559796
-0.001502 -0.000848 1.000000
-0.435022 -0.447550 89.280575
-0.578838 -0.782509 172.427067
-0.001189 -0.001621 1.000000
-0.366995 -0.633450 80.403635
-0.384827 -0.645062 62.028590
-0.000989 -0.001667 1.000000
-0.360838 -1.241090 446.689993
-0.245608 -0.905613 5.344543
-0.000767 -0.002018 1.000000
-0.110722 -0.753043 380.481927
-0.182426 -1.011132 -36.141558
-0.000697 -0.002077 1.000000
-0.008679 -0.711151 178.516266
-0.163914 -1.008596 -190.018436
-0.000509 -0.002287 1.000000
-0.618775 -1.225712 921.047572
-0.481971 -0.753022 3.252037
-0.001122 -0.001757 1.000000
0.039149 -1.137083 332.686964
0.016425 -1.054987 -399.798285
-0.000172 -0.002657 1.000000
-0.406136 -0.261835 23.029175
-0.299455 -0.407926 55.602156
-0.001186 -0.000962 1.000000
0.559105 -1.745697 986.341462
0.834264 -2.327826 -531.281938
0.000898 -0.005114 1.000000
-0.164526 -1.155056 273.908519
-0.187179 -1.320089 -316.621162
-0.000427 -0.002835 1.000000
-0.145355 -0.914606 516.088677
-0.041138 -1.044464 14.329359
-0.000208 -0.002225 1.000000
-0.513514 -0.548970 160.080201
-0.356909 -0.601412 -85.619235
-0.001018 -0.001341 1.000000
-0.652839 -0.298132 680.215443
-0.451776 -0.196912 -20.885464
-0.001307 -0.000782 1.000000
-0.517366 -0.692843 183.348153
-0.329362 -0.467568 -8.431277
-0.001027 -0.001343 1.000000
-0.284694 -0.938840 462.756754
-0.150396 -0.940555 -158.118800
-0.000649 -0.002194 1.000000
-0.627564 -1.398769 284.063729
-0.390741 -0.875009 -118.116003
-0.001056 -0.002008 1.000000
-0.401752 -1.306918 224.538225
-0.321237 -0.895338 186.578082
-0.000856 -0.002155 1.000000
-0.550851 -1.573015 -16.684208
-0.324509 -1.082293 478.416012
-0.000803 -0.002108 1.000000
-0.324795 -1.734998 352.093253
-0.105814 -1.199106 -209.818376
-0.000301 -0.002608 1.000000
-0.719894 -0.613807 487.539540
-0.443434 -0.678897 154.940722
-0.001157 -0.001172 1.000000
-0.694511 -0.885580 925.770737
-0.419795 -0.442258 194.334603
-0.001200 -0.001335 1.000000
0.133540 -1.862736 513.530704
0.172392 -2.098980 -36.590454
-0.000007 -0.003858 1.000000
-3.872763 6.263611 912.575072
-3.238815 6.063053 2496.307107
-0.006600 0.010047 1.000000
-0.118358 -1.201613 -417.625841
-0.059286 -1.527906 2.681019
-0.000452 -0.002485 1.000000
-0.324549 -0.600177 147.723333
-0.232527 -0.735230 44.991495
-0.000823 -0.001678 1.000000
-0.167939 -0.854753 612.053102
-0.197055 -1.032228 213.893077
-0.000452 -0.002127 1.000000
-1.112238 -0.036682 -55.775729
-1.041769 0.317298 -130.164755
-0.002403 0.000115 1.000000
-0.184813 -0.985173 419.535828
-0.022008 -0.838780 -168.137148
-0.000442 -0.002450 1.000000
0.288497 -1.587173 278.731369
0.801503 -2.478119 -559.829618
0.001288 -0.004880 1.000000
-0.218814 -0.743120 609.729980
-0.219649 -0.904871 -130.096358
-0.000629 -0.002200 1.000000
-0.198814 -0.929927 676.871824
-0.109202 -1.126677 91.267192
-0.000484 -0.002246 1.000000
-0.100976 -1.266388 830.053441
-0.048953 -0.991028 -369.792457
-0.000235 -0.002552 1.000000
-0.626711 -0.679464 522.971090
-0.453669 -0.626377 -74.209718
-0.001185 -0.001610 1.000000
1.848906 -3.443727 -724.811227
2.681233 -3.974492 -1260.932911
0.003865 -0.008063 1.000000
0.152756 -1.918517 -5.029886
0.409849 -1.627134 -489.595228
0.000348 -0.003741 1.000000
0.169526 -1.163640 -2075.272803
0.321676 -1.158158 155.134498
0.000169 -0.003076 1.000000
-0.536140 -0.464718 1053.081891
-0.480554 -0.570122 343.561248
-0.001145 -0.001468 1.000000
-0.497734 -0.714096 134.917482
-0.454715 -0.538581 -204.156850
-0.001101 -0.001227 1.000000
-2.714372 3.049195 2822.172971
-2.386260 2.978708 -3296.323713
-0.006327 0.006512 1.000000
-0.103326 -0.561288 414.325896
-0.211801 -0.829664 103.838555
-0.000662 -0.001820 1.000000
-0.196358 -1.190905 1.976811
-0.057648 -0.798666 14.504241
-0.000547 -0.001967 1.000000
-0.826073 0.039719 1011.193622
-0.538546 -0.028816 -342.061771
-0.001752 -0.000386 1.000000
-0.631557 -0.609091 607.348915
-0.463694 -0.133963 -142.218445
-0.001249 -0.000799 1.000000
-0.491015 -0.543087 883.683748
-0.402118 -0.371125 -51.486842
-0.001252 -0.001393 1.000000
-0.858354 0.566338 2311.571295
-1.201912 0.535529 1701.362430
-0.002492 0.000715 1.000000
-0.383186 -0.362237 -380.194470
-0.389578 -0.348838 -359.755933
-0.001117 -0.001338 1.000000
-0.557534 -0.530246 1274.930958
-0.389398 -0.345174 341.244095
-0.001104 -0.001102 1.000000
-0.497781 -0.573593 1065.675257
-0.368011 -0.357829 191.836946
-0.001214 -0.001392 1.000000
2.322748 -5.178926 -3581.363635
1.550892 -3.861777 -2130.970476
0.003371 -0.008343 1.000000
-3.029041 2.513976 -5193.010451
-3.347617 3.929829 -1091.631366
-0.007530 0.008355 1.000000
-0.522020 -1.020333 797.977300
-0.310968 -0.669719 -50.993024
-0.000923 -0.001930 1.000000
-1.535039 0.532546 3956.631504
-1.304539 0.799003 503.481284
-0.002935 0.001482 1.000000
0.721048 -2.338335 481.726110
0.574140 -2.022513 -630.099343
0.001242 -0.004951 1.000000
-0.263252 -1.149009 448.367357
-0.321545 -0.992863 22.082260
-0.000586 -0.002164 1.000000
-0.215954 -0.782298 -36.767285
-0.245361 -0.654389 -443.019264
-0.000709 -0.001914 1.000000
-0.326767 -0.617139 1001.249728
-0.416261 -0.549804 122.255007
-0.001030 -0.001379 1.000000
-0.385402 -1.200111 177.191158
-0.382099 -0.556664 185.293670
-0.000888 -0.001650 1.000000
-0.953925 -0.098404 33.958743
-0.774533 -0.197172 -182.214574
-0.001642 -0.000424 1.000000
4.729769 -28.449595 8445.713355
10.940298 -24.850649 -5305.490981
0.019505 -0.047841 1.000000
0.531184 -1.711817 838.159088
0.307730 -1.483500 -17.864173
0.000594 -0.003514 1.000000
-0.024557 -1.612662 880.131457
-0.010685 -0.828527 -92.650318
-0.000056 -0.002701 1.000000
0.639144 -1.926403 647.991274
0.942846 -1.853718 -818.862074
0.001446 -0.004566 1.000000
-0.239671 -1.258667 685.021104
-0.279833 -0.976503 12.117276
-0.000539 -0.002229 1.000000
-0.642189 -0.795180 341.356218
-0.486640 -0.537584 298.292920
-0.001108 -0.001230 1.000000
3.242137 2.385224 -828.086605
0.360573 3.976854 -416.845297
0.001163 0.002898 1.000000
1.006131 -1.553429 430.221754
0.531567 -1.186687 337.745751
0.000688 -0.003572 1.000000
-0.033036 -1.702354 774.540577
0.068090 -1.769098 185.075143
-0.000010 -0.003281 1.000000
0.706135 -1.939999 1493.822406
0.664910 -1.711799 -109.964105
0.001036 -0.003899 1.000000
0.691999 -1.662685 530.652593
0.244807 -0.345440 -137.791744
0.000670 -0.002814 1.000000
-0.346396 -1.446525 489.450611
-0.345561 -1.442662 -70.128691
-0.000582 -0.002604 1.000000
-0.286185 -0.547858 274.982788
-0.121356 -0.583469 -161.642002
-0.000686 -0.001913 1.000000
-1.527064 0.361494 2686.029433
-1.617104 0.801736 489.932446
-0.003366 0.001160 1.000000
1.484049 0.009178 -16.377836
0.191963 1.486219 -107.513375
0.000492 -0.000140 1.000000
1.618171 0.115411 -154.205450
0.216218 1.340371 -8.153890
0.000496 -0.000008 1.000000
2.943392 -2.046802 -153.319068
1.447345 -0.983801 87.110946
0.002505 -0.004343 1.000000
-11.952722 -3.837942 2914.286852
-7.610978 -9.377790 3171.405661
-0.011983 -0.004602 1.000000
7.186939 1.050456 -1130.962041
3.845492 4.946566 -1267.982049
0.006333 0.000401 1.000000
2.748393 1.498532 -602.505463
0.987627 2.965054 -150.471735
0.001764 0.001761 1.000000
3.981633 -0.109455 -409.486471
2.256248 1.759352 -332.833626
0.003570 -0.000979 1.000000
1.851891 -1.249606 -209.527325
0.882811 -0.584162 174.911889
0.001278 -0.002959 1.000000
1.000000 -0.000000 -0.000000
0.000000 1.000000 0.000000
0.000000 -0.000000 1.000000
0.794739 -0.074106 97.172506
-0.029808 0.884143 34.848097
-0.000129 -0.000090 1.000000
3.202625 -3.501813 -121.020592
2.005599 -2.322708 20.942902
0.003230 -0.006958 1.000000
-3.428025 1.652491 354.877296
-2.778636 1.308943 394.238201
-0.004756 0.003605 1.000000
0.788664 0.017951 37.338589
-0.022554 0.947401 24.003102
-0.000125 -0.000001 1.000000
0.616925 -1.086721 343.270672
0.398307 -0.722359 178.871597
0.000551 -0.002257 1.000000
0.773183 -1.435152 430.487314
0.505503 -0.995881 256.787201
0.000800 -0.002663 1.000000
0.411384 -1.670867 497.811755
0.380941 -1.711895 205.047447
0.000747 -0.003692 1.000000
-0.600895 -1.612068 736.162618
-0.339858 -2.050552 451.113851
-0.000546 -0.003136 1.000000
1.493702 -0.097387 -178.823904
0.293633 1.391763 -188.143143
0.000684 -0.000322 1.000000
3.469697 -0.516799 -661.556422
1.406655 2.789348 -880.685521
0.003291 -0.001246 1.000000
-0.552452 -0.905532 259.346669
-0.427007 -0.705860 286.480318
-0.000894 -0.001566 1.000000
-17.038315 -5.916469 4880.131220
-6.654509 -21.397691 5508.742394
-0.016298 -0.011889 1.000000
0.445230 -1.759818 513.383178
0.410017 -1.518869 20.387904
0.000672 -0.003512 1.000000
-0.052331 -1.249614 533.824140
-0.095744 -1.011384 160.251683
-0.000204 -0.002232 1.000000
-0.021376 -1.410032 490.810007
-0.078857 -1.387026 219.874500
-0.000150 -0.002815 1.000000
-0.288854 -1.211782 487.761952
-0.263783 -1.197024 347.872476
-0.000429 -0.002209 1.000000
-0.267055 -1.327678 513.041658
-0.201203 -1.597001 157.057311
-0.000503 -0.002886 1.000000
-0.666841 -0.718657 288.893862
-0.782428 -0.842385 360.601369
-0.001328 -0.001363 1.000000
0.025148 -1.322980 425.668315
-0.064247 -1.383819 241.801864
-0.000004 -0.002609 1.000000
-0.746404 -0.911584 140.185175
-0.697392 -0.683437 275.567663
-0.001316 -0.001290 1.000000
-0.242969 -1.227870 645.376913
-0.014007 -1.202152 -109.112330
-0.000344 -0.002906 1.000000
-0.383927 -1.164528 -200.974497
-0.176352 -0.923604 393.112192
-0.000700 -0.002337 1.000000
-1.789051 -1.269128 764.434150
-1.386835 -1.742206 757.954043
-0.002320 -0.001722 1.000000
0.236288 -1.535527 445.512535
0.068678 -1.137266 246.327971
0.000097 -0.002562 1.000000
0.416112 -2.203208 525.710784
0.291252 -1.724518 141.829652
0.000474 -0.003698 1.000000
-0.833218 -2.361409 803.261915
-0.375470 -2.126005 398.431592
-0.000764 -0.003693 1.000000
0.027932 -1.474110 602.220566
0.019140 -0.980812 174.850581
-0.000054 -0.002526 1.000000
-346.391985 -82.412319 80842.102547
-168.441291 -217.534863 72312.633602
-0.354996 -0.065458 1.000000
-0.360247 -1.197667 1077.445747
-0.254652 -0.815683 64.474560
-0.000573 -0.002056 1.000000
-0.478391 -0.952226 1616.165534
-0.321686 -0.555377 -106.368735
-0.000887 -0.001628 1.000000
-0.586523 -1.002841 586.247437
-0.466591 -1.088099 445.238898
-0.000837 -0.001826 1.000000
0.162211 -1.392601 253.455902
-0.057687 -1.296312 290.397839
-0.000129 -0.002663 1.000000
-0.361492 -0.806787 389.615885
-0.354451 -1.205533 233.842453
-0.000675 -0.002130 1.000000
-0.597731 -1.023510 684.465492
-0.339447 -0.678687 49.896886
-0.000857 -0.001570 1.000000
-0.520190 -1.161196 449.614581
-0.470116 -1.245006 274.912798
-0.000924 -0.002105 1.000000
-0.305415 -1.270869 323.912406
-0.262234 -1.289272 90.403392
-0.000704 -0.002364 1.000000
-0.670766 -0.787926 636.515871
-0.579757 -0.766110 196.264473
-0.001065 -0.001345 1.000000
-0.332321 -1.739920 790.075053
-0.129274 -1.690079 191.561191
-0.000352 -0.003043 1.000000
-0.273778 -0.582908 487.418597
-0.333937 -0.788603 85.702078
-0.000857 -0.001876 1.000000
-0.446298 -1.485116 626.131203
-0.500159 -1.292495 239.721922
-0.000886 -0.002304 1.000000
-0.109162 -1.048137 629.915590
-0.216437 -1.570503 54.200899
-0.000440 -0.002770 1.000000
-0.750843 -0.885783 335.252197
-0.530119 -0.527195 87.589029
-0.001269 -0.001258 1.000000
-0.267264 -0.898217 243.586431
-0.223010 -0.941525 241.941606
-0.000604 -0.001906 1.000000
-0.261652 -1.227975 341.018244
-0.354574 -1.401586 254.783693
-0.000650 -0.002412 1.000000
-0.236671 -1.464154 497.744231
-0.164915 -1.453611 84.757793
-0.000502 -0.002764 1.000000
-0.630998 -0.715800 407.114524
-0.650078 -0.738566 199.453035
-0.001219 -0.001492 1.000000
-0.518877 -0.485130 520.341053
-0.611079 -0.720085 118.535141
-0.001245 -0.001486 1.000000
-0.024849 -1.255154 543.227161
-0.002855 -2.192932 268.687170
-0.000137 -0.003574 1.000000
-1.078445 -0.275166 376.460885
-0.903918 -0.351427 -91.076430
-0.001951 -0.000284 1.000000
0.177500 -2.856434 -558.173652
0.256723 -1.659390 292.593309
0.000242 -0.003967 1.000000
0.172560 -1.547812 425.360907
0.143659 -1.333765 39.120338
0.000270 -0.002773 1.000000
-0.028934 -1.210683 461.810992
-0.181118 -1.280562 365.879442
-0.000267 -0.002370 1.000000
0.084401 -1.794207 249.263306
-0.055875 -1.799788 90.851237
-0.000159 -0.003405 1.000000
0.072772 -1.863347 475.586751
0.119202 -1.598090 -58.743507
0.000362 -0.003521 1.000000
-0.536466 -1.026510 780.553444
-0.188639 -0.443695 -167.029343
-0.000904 -0.001709 1.000000
-0.779187 -0.680229 1337.647154
-0.508958 -0.284636 163.987105
-0.001487 -0.000971 1.000000
-0.523180 -0.628464 380.042337
-0.413191 -0.645729 -27.462153
-0.001425 -0.001278 1.000000
-0.429010 -0.469261 295.710159
-0.427323 -0.427579 -20.741459
-0.001107 -0.001193 1.000000
-0.588803 -0.676832 430.222940
-0.276549 -0.247129 -190.672634
-0.001105 -0.001413 1.000000
-0.516380 -1.090679 865.810024
-0.381890 -1.094779 139.339018
-0.000792 -0.002379 1.000000
-0.035223 -0.801308 633.456679
-0.088287 -1.389730 201.535308
-0.000386 -0.002777 1.000000
-0.237462 -1.117317 744.482734
-0.081242 -1.477598 99.346769
-0.000403 -0.002974 1.000000
-0.364516 -0.806739 383.434535
-0.298217 -0.725785 -84.572474
-0.000846 -0.001743 1.000000
-0.314522 -0.840480 490.218297
-0.386881 -1.053708 85.077036
-0.000848 -0.002126 1.000000
-0.666761 -0.417061 1106.132029
-0.492621 -0.178428 -644.248128
-0.001547 -0.000745 1.000000
1.134599 -3.214699 3493.629626
1.272643 -2.231362 991.216325
0.002517 -0.007824 1.000000
-1.215765 0.023111 2097.593425
-0.803999 0.202407 63.040750
-0.002177 0.000409 1.000000
-0.414442 -1.628501 201.201267
-0.092870 -0.891486 -1190.478235
-0.000514 -0.002546 1.000000
-4.665900 6.280480 4018.888006
-2.418088 3.629535 -234.292701
-0.006961 0.009963 1.000000
-0.032445 -2.155076 -126.126548
0.192686 -1.216689 -121.988581
0.000006 -0.003698 1.000000
-0.468826 -1.171709 880.369448
-0.228176 -1.094646 176.343461
-0.000548 -0.002487 1.000000
-0.726298 -0.019533 332.252351
-0.819108 -0.507781 75.296565
-0.001926 -0.001015 1.000000
-0.949207 -0.291908 1499.257293
-0.654601 -0.221900 868.991449
-0.001780 -0.000393 1.000000
-0.457673 -1.252141 464.714137
-0.297753 -0.632992 24.163481
-0.000709 -0.001907 1.000000
-0.635997 -1.231306 543.644267
-0.456575 -0.998918 273.311055
-0.000922 -0.001826 1.000000
-0.535870 -1.199199 792.309448
-0.264150 -0.679348 14.679528
-0.000836 -0.001715 1.000000
-0.315459 -1.575108 556.042864
-0.162597 -1.261810 147.774042
-0.000284 -0.002762 1.000000
-1.175528 -1.239614 751.587630
-0.687228 -1.075253 500.326540
-0.001431 -0.001699 1.000000
-0.414661 -0.811549 262.185773
-0.313534 -0.533867 -4.720117
-0.000924 -0.001714 1.000000
-0.399742 -0.770405 237.431597
-0.345470 -0.840327 103.303146
-0.000875 -0.001692 1.000000
-0.663583 -0.701425 390.716167
-0.466153 -0.348019 -150.864181
-0.001105 -0.001237 1.000000
-0.294383 -1.128949 825.408455
-0.367706 -1.491739 -12.907570
-0.000700 -0.002260 1.000000
-0.449889 -0.621117 405.987360
-0.294810 -0.495253 -56.691317
-0.001072 -0.001465 1.000000
-0.108521 -1.194889 433.852023
-0.134017 -0.852325 58.347550
-0.000332 -0.002297 1.000000
0.090757 -1.894169 738.468078
0.178394 -1.399387 -16.938338
0.000291 -0.003268 1.000000
-0.427070 -1.196593 438.642578
-0.391494 -1.088984 240.749693
-0.000805 -0.001935 1.000000
-0.229490 -1.549659 641.179000
-0.072218 -1.526283 97.500464
-0.000380 -0.002693 1.000000
-0.432916 -0.269197 9.172145
-0.308902 -0.310662 26.386014
-0.001170 -0.000835 1.000000
-0.667475 0.266636 970.501967
-0.723333 -0.021541 -107.819584
-0.001799 -0.000447 1.000000
-0.077585 -1.049311 42.475990
-0.142642 -0.865440 152.640274
-0.000623 -0.002285 1.000000
-0.216134 -1.133430 155.721519
-0.266257 -1.141179 194.193581
-0.000738 -0.002308 1.000000
-0.109704 -1.298798 317.694857
-0.210327 -1.171752 302.559559
-0.000500 -0.002293 1.000000
-0.081833 -0.936703 114.970826
-0.124438 -1.032354 -92.828037
-0.000377 -0.002190 1.000000
-0.279298 -0.768422 415.927417
-0.299640 -0.744866 -1622.307005
-0.000878 -0.002056 1.000000
-0.229955 -0.208792 -64.543662
-0.252891 -0.364521 126.814897
-0.000872 -0.001504 1.000000
0.016781 -0.750545 84.549475
-0.060828 -1.192960 4.814638
-0.000145 -0.002832 1.000000
-0.397383 -1.076976 806.468815
-0.278506 -0.756868 -1188.748763
-0.000699 -0.001867 1.000000
0.049368 -0.978709 380.983953
-0.132218 -1.201445 226.050056
-0.000180 -0.002529 1.000000
-0.471148 -1.041415 434.457885
-0.256730 -0.776918 -103.197004
-0.000862 -0.001951 1.000000
-0.487446 -1.984456 571.107908
-0.268751 -1.500026 237.216236
-0.000651 -0.003082 1.000000
-0.271786 -0.691628 -211.224593
-0.384587 -0.720237 263.990571
-0.000957 -0.001614 1.000000
0.216974 -1.753221 23.694104
0.252523 -1.549854 -29.878568
0.000052 -0.003568 1.000000
-0.700259 -0.811850 604.467236
-0.596396 -0.632476 -156.640701
-0.001281 -0.001439 1.000000
0.301140 -2.104834 -38.055290
0.294296 -1.600926 -90.861196
0.000281 -0.003585 1.000000
0.631686 -2.014650 -413.518630
-0.012118 -2.276958 -541.447714
0.000496 -0.004543 1.000000
-0.164638 -1.259929 -46.520950
-0.211610 -1.196919 376.950180
-0.000353 -0.002245 1.000000
0.079692 -2.065841 17.369639
0.076330 -1.695032 -22.302094
-0.000214 -0.003505 1.000000
0.139863 -1.656700 955.775277
0.055603 -1.956618 -507.125473
0.000242 -0.003992 1.000000
-0.725074 -0.823348 132.327042
-0.593962 -0.438232 69.507426
-0.001279 -0.001241 1.000000
-0.381901 -1.809567 347.183357
-0.157895 -1.547931 -164.203817
-0.000390 -0.002938 1.000000
-0.700984 -0.855140 420.374061
-0.570881 -0.581798 119.131896
-0.001300 -0.001361 1.000000
-0.468836 -1.058024 1190.305727
-0.409098 -1.218018 390.266417
-0.000751 -0.002051 1.000000
0.484855 -2.499306 2038.111518
0.286227 -2.130112 -864.819443
0.001062 -0.005063 1.000000
-0.200194 -1.204388 804.037988
-0.290266 -1.248385 -496.647663
-0.000370 -0.002456 1.000000
-0.593087 -0.627568 -82.059493
-0.537558 -0.724863 204.530661
-0.001213 -0.001399 1.000000
-0.452596 -0.810832 284.019672
-0.380036 -0.714047 -126.169365
-0.000840 -0.001514 1.000000
-0.689679 -0.936175 850.605461
-0.352453 -0.697090 -31.526972
-0.001002 -0.001480 1.000000
-0.508651 -1.117562 1089.818672
-0.371884 -0.820851 -107.409669
-0.001027 -0.001938 1.000000
-1.105645 0.031529 2095.639871
-1.105776 0.465870 773.580148
-0.002102 0.000286 1.000000
-0.039211 -0.985215 585.041400
-0.039758 -1.400868 59.703747
-0.000382 -0.002743 1.000000
1.081596 -3.747729 164.133353
1.251239 -3.941782 -580.440203
0.001957 -0.007456 1.000000
-0.702621 -0.341991 687.910512
-0.498945 -0.359702 -151.329109
-0.001282 -0.000850 1.000000
-0.748912 -0.725020 624.964606
-0.583318 -0.403761 -215.868215
-0.001262 -0.001413 1.000000
-0.919977 -0.593715 1060.061118
-0.630021 -0.124651 205.920028
-0.001677 -0.000886 1.000000
-0.321817 -1.171598 1186.578026
-0.190332 -1.321784 -215.832487
-0.000548 -0.002475 1.000000
-3.849511 3.569537 4423.239154
-1.726396 3.285692 -1579.711824
-0.006255 0.007473 1.000000
-0.155580 -1.240549 391.993050
-0.067991 -0.989738 -307.754744
-0.000326 -0.002477 1.000000
-0.761192 -1.248656 957.894890
-0.472556 -0.701218 1082.303634
-0.001124 -0.001339 1.000000
-0.125963 -0.865821 651.628703
-0.258032 -0.860877 52.833450
-0.000500 -0.002231 1.000000
-0.506915 -1.084801 929.037165
-0.412123 -0.757198 34.493242
-0.000764 -0.001780 1.000000
-0.448081 -1.259693 1236.213861
-0.029472 -0.788522 100.986298
-0.000510 -0.002405 1.000000
-1.812164 0.285843 3550.839461
-0.925624 0.756182 -361.782997
-0.002735 0.001127 1.000000
-0.341591 -0.951964 312.438005
-0.301275 -0.852645 139.758671
-0.000623 -0.001977 1.000000
-0.383981 -0.655953 564.678020
-0.397959 -0.878877 207.984745
-0.000897 -0.001649 1.000000
0.422365 -2.646026 3228.320281
0.472021 -2.261290 242.098271
0.000966 -0.004557 1.000000
0.048755 -1.958314 262.671010
0.080201 -1.782763 197.841130
-0.000073 -0.003045 1.000000
0.072208 -1.529442 80.288695
-0.146278 -1.349568 -867.748084
-0.000000 -0.003257 1.000000
0.100555 -1.765638 -144.119316
-0.042489 -1.351391 503.922960
0.000025 -0.003289 1.000000
-0.277211 -1.253051 703.923796
-0.010294 -0.431290 -169.749056
-0.000486 -0.001969 1.000000
0.031663 -1.304496 -352.658875
-0.128077 -0.791684 19.610078
-0.000352 -0.002297 1.000000
-0.579801 -1.428620 739.178677
-0.277274 -0.917521 45.141080
-0.000790 -0.002291 1.000000
-0.036188 -2.495815 2257.174420
0.163512 -1.979970 405.320520
0.000449 -0.004976 1.000000
1.206636 -3.299684 -2030.968891
0.962004 -3.281681 1137.693161
0.002129 -0.006919 1.000000
-0.955826 -0.402039 497.535426
-0.900434 0.220781 -949.943404
-0.001886 -0.000282 1.000000
-0.928472 -0.486675 978.201577
-0.849315 -0.169931 -283.045068
-0.001719 -0.000650 1.000000
-0.632890 -0.665810 434.908701
-0.453642 -0.470308 -96.017038
-0.001102 -0.001512 1.000000
-0.821118 -1.139540 539.936387
-0.274881 -0.642317 31.026417
-0.000959 -0.001853 1.000000
-0.575624 -0.939519 668.709604
-0.327366 -0.525499 57.372690
-0.000954 -0.001476 1.000000
-0.399691 -1.073994 635.891036
-0.442095 -1.001371 -101.672247
-0.000910 -0.002017 1.000000
-0.931196 -0.316569 658.211456
-0.709379 0.528244 -255.492514
-0.001894 0.000102 1.000000
-0.631719 -0.706174 579.084519
-0.190082 -0.164866 -426.462365
-0.001188 -0.001423 1.000000
-1.353627 0.526252 1050.343952
-0.885433 0.596145 -1198.067170
-0.002692 0.000832 1.000000
-0.319431 -0.501658 895.473047
-0.311248 -0.764038 358.148269
-0.000875 -0.001956 1.000000
1.461866 -4.549991 -1022.325471
0.919725 -4.044024 -631.389482
0.001979 -0.007447 1.000000
-0.619869 -0.370554 158.521700
-0.433461 -0.222322 -92.694893
-0.001327 -0.000609 1.000000
-0.872162 -0.946297 742.081283
-0.613157 -0.581662 124.207987
-0.001250 -0.001208 1.000000
-0.502340 -1.118919 1012.315929
-0.158689 -0.468681 -66.561519
-0.000671 -0.001773 1.000000
-0.451777 -0.912929 534.649461
-0.149494 -0.307388 -48.533977
-0.000776 -0.001557 1.000000
-0.697275 -0.657251 893.529214
-0.534683 -0.461984 -126.372400
-0.001242 -0.001093 1.000000
-0.626912 -1.069307 692.828858
-0.265189 -0.389393 -32.334969
-0.000922 -0.001498 1.000000
-0.681800 -0.285966 659.589645
-0.338292 -0.378903 -22.383199
-0.001150 -0.001124 1.000000
-0.460249 -1.132230 494.641205
-0.148212 -0.748241 53.090029
-0.000792 -0.001588 1.000000
-0.507983 -0.620463 950.822290
-0.501207 -0.715887 186.731566
-0.000911 -0.001409 1.000000
-0.614885 -0.391298 202.606452
-0.532237 -0.356310 44.947232
-0.001344 -0.001151 1.000000
-0.607600 -1.033989 258.537029
-0.418062 -0.659606 320.716031
-0.000937 -0.001440 1.000000
-0.213939 -1.520813 9.297387
-0.045759 -1.449731 -70.619766
-0.000414 -0.002860 1.000000
-0.203122 -0.427205 526.479639
-0.308120 -0.983945 207.924913
-0.000727 -0.001991 1.000000
-0.624936 -0.799523 476.269668
-0.452055 -0.690071 6.248540
-0.001134 -0.001325 1.000000
-0.789149 -0.884567 914.109906
-0.725008 -0.490988 23.508351
-0.001550 -0.001069 1.000000
-0.458971 -0.449898 1261.432829
-0.516110 -0.384269 -421.157925
-0.001322 -0.001034 1.000000
-0.482750 -0.698304 270.544980
-0.550799 -0.842865 275.917079
-0.001024 -0.001586 1.000000
-0.105634 -1.202327 515.672631
0.051501 -2.051438 78.805282
-0.000202 -0.003302 1.000000
-0.340998 -1.646012 556.243312
-0.060611 -1.201864 -71.853028
-0.000433 -0.002597 1.000000
-1.319768 0.070068 1348.004593
-0.662217 0.208374 -839.874229
-0.002269 0.000529 1.000000
-0.568701 -1.086463 433.861481
-0.230386 -0.514246 -186.914332
-0.000880 -0.001663 1.000000
-0.337737 -1.732363 180.484145
0.054079 -1.442807 -55.606409
-0.000260 -0.002941 1.000000
-0.386276 -0.989807 437.934934
-0.235960 -0.805743 -17.647985
-0.000824 -0.001979 1.000000
-0.359828 -0.779173 695.690891
-0.457589 -1.046818 212.948430
-0.000886 -0.001826 1.000000
-0.639849 -0.491605 541.559248
-0.434432 -0.495823 73.812559
-0.001280 -0.001131 1.000000
-0.509484 -0.879861 783.797849
-0.411460 -0.773007 28.926041
-0.000939 -0.001637 1.000000
0.347369 -1.473401 1173.473114
0.452552 -2.415354 151.151659
0.000701 -0.004109 1.000000
-0.537112 -0.715376 2218.617728
-0.516930 -0.598079 615.756887
-0.001048 -0.001305 1.000000
-1.009988 -1.278849 15.803267
-0.755329 -0.743764 249.564451
-0.001465 -0.001438 1.000000
-0.337660 -1.202613 375.401381
-0.192218 -1.228096 81.649679
-0.000449 -0.002298 1.000000
0.373483 -2.273754 414.978408
0.069244 -1.420053 -181.485484
0.000170 -0.003842 1.000000
-0.848650 -0.133736 460.955916
-0.574858 -0.208093 -21.291433
-0.001533 -0.000485 1.000000
0.098638 -1.244944 472.023550
-0.093233 -1.240014 28.119308
-0.000177 -0.002883 1.000000
-0.024120 -2.046066 597.990445
0.060931 -1.582592 -123.030285
0.000196 -0.003680 1.000000
-0.216783 -1.300334 544.889695
-0.468498 -1.757073 301.789475
-0.000602 -0.002811 1.000000
-0.102739 -1.483361 436.359677
-0.069581 -1.294958 -16.045812
-0.000295 -0.002756 1.000000
-0.345165 -1.073312 628.769710
-0.144249 -0.739169 -67.396424
-0.000616 -0.001959 1.000000
-0.793779 -0.366224 536.793123
-0.681572 -0.399155 14.691897
-0.001528 -0.000847 1.000000
-0.333180 -1.342457 406.795138
-0.132328 -1.013973 -43.170183
-0.000589 -0.002293 1.000000
-0.356455 -1.199802 638.840352
-0.192778 -0.899066 42.839914
-0.000591 -0.001936 1.000000
-0.371915 -0.631752 688.883187
-0.439928 -0.735441 15.754195
-0.001070 -0.001574 1.000000
0.322566 -1.980789 496.547585
0.280096 -1.549198 -728.639234
0.000296 -0.003737 1.000000
-0.393615 -0.949952 666.014696
-0.204128 -0.857828 -49.547751
-0.000860 -0.002131 1.000000
-0.417275 -1.363522 248.924601
-0.304810 -1.057990 144.474357
-0.000801 -0.002239 1.000000
0.216149 -2.195972 1727.911170
0.177051 -1.932813 175.483248
0.000477 -0.003574 1.000000
-0.242523 -0.803357 825.208900
-0.336557 -1.244693 166.050351
-0.000650 -0.002292 1.000000
