-0.258531 -1.377765 423.925970
0.060426 -0.942808 -106.027026
-0.000238 -0.002296 1.000000
-0.199561 -0.850032 317.807401
-0.118406 -0.570579 -55.499523
-0.000286 -0.002267 1.000000
0.139588 -1.178770 286.792594
0.227783 -1.853425 71.046612
0.000105 -0.003353 1.000000
-0.100933 -0.548922 82.710181
-0.125077 -0.507910 64.972741
-0.000436 -0.001881 1.000000
-0.222689 -0.927234 72.192440
-0.268200 -0.848330 139.366945
-0.000532 -0.001951 1.000000
-0.076351 -0.888913 230.121770
-0.043556 -0.793979 66.790250
-0.000115 -0.002313 1.000000
0.101073 -1.343038 199.043008
0.080039 -0.953533 -103.313575
-0.000151 -0.002570 1.000000
-0.029381 -0.989336 13.955553
0.108909 -1.079075 -146.547136
0.000323 -0.003158 1.000000
0.055672 -0.888162 -296.265461
0.078280 -0.891363 -85.441966
-0.000165 -0.002392 1.000000
-0.071602 -1.798039 826.252433
0.236951 -1.272537 -279.365823
0.000053 -0.003004 1.000000
-0.202185 -1.033096 483.854569
-0.057400 -0.819853 -157.303742
-0.000349 -0.002316 1.000000
-0.036746 -0.920400 33.898230
0.083482 -0.915433 12.579378
-0.000363 -0.002348 1.000000
0.225526 -1.540164 458.946282
0.371398 -1.211434 -496.408324
0.000710 -0.003405 1.000000
0.064256 -1.014781 48.344509
0.264934 -1.009941 -265.295755
0.000205 -0.002778 1.000000
0.026529 -1.034299 899.482679
0.440439 -2.069047 -180.196801
0.000833 -0.003912 1.000000
-0.119483 -0.917869 298.882870
0.076120 -1.049662 -120.978004
-0.000103 -0.002536 1.000000
-0.030066 -1.280365 201.556223
0.029554 -1.049847 -18.515257
-0.000215 -0.002596 1.000000
0.040682 -0.894682 74.884364
-0.060333 -0.839687 103.079642
-0.000250 -0.002155 1.000000
-0.236214 -0.875811 267.979497
-0.034746 -0.696305 -82.354540
-0.000424 -0.002051 1.000000
-0.034902 -1.249280 222.921662
0.074368 -0.898440 -45.060040
-0.000262 -0.002364 1.000000
0.002559 -0.902754 109.967687
0.009284 -0.612541 -31.487033
-0.000254 -0.002123 1.000000
13.612987 -25.628654 -12189.105744
11.762444 -22.264752 -14624.583381
0.028843 -0.043526 1.000000
0.717505 -1.683306 -681.861759
0.789707 -2.375267 2038.901107
0.001812 -0.004820 1.000000
-0.052015 -1.057513 583.576765
0.295989 -1.354987 -44.735211
0.000087 -0.002809 1.000000
-0.092538 -0.901377 203.559115
0.130048 -1.157531 -144.866868
-0.000048 -0.002803 1.000000
0.450454 -1.930056 464.961191
0.687842 -1.739922 -430.593103
0.000914 -0.004137 1.000000
-0.110098 -0.903837 43.535349
-0.042730 -0.897068 42.050383
-0.000114 -0.002432 1.000000
0.142572 -0.809038 -174.369734
0.254681 -1.117013 -233.499982
0.000531 -0.003095 1.000000
-0.126042 -0.783807 143.289918
0.026966 -0.548137 -74.052513
-0.000250 -0.001993 1.000000
-0.122243 -0.858653 507.516355
0.080954 -1.188846 76.790401
-0.000052 -0.002414 1.000000
-0.108917 -0.966286 296.668215
-0.094801 -1.000866 -2.737443
-0.000158 -0.002621 1.000000
0.038170 -1.016753 415.587096
0.082170 -0.895032 -208.428269
-0.000061 -0.002530 1.000000
-0.077114 -0.727666 314.555676
-0.006238 -0.861868 -76.816198
-0.000206 -0.002423 1.000000
-0.091567 -0.773027 558.424002
-0.004074 -0.722410 -45.767686
-0.000291 -0.002216 1.000000
0.038719 -1.252576 285.780789
0.400251 -1.492315 -107.107129
0.000300 -0.003192 1.000000
-0.181666 -0.860680 178.508017
0.039697 -0.850914 -154.555239
-0.000236 -0.002403 1.000000
-0.231702 -0.700308 223.076218
-0.173020 -0.685596 36.532792
-0.000611 -0.001761 1.000000
-0.035659 -0.670432 84.877550
-0.032870 -0.665241 -42.222929
-0.000310 -0.001983 1.000000
-0.071744 -0.942450 319.383828
0.006790 -0.909032 -301.290503
-0.000326 -0.002239 1.000000
-0.316358 -0.509702 181.513388
-0.120876 -0.451247 -0.216921
-0.000524 -0.001826 1.000000
-0.166203 -0.876653 241.510075
0.097808 -1.037216 -106.100081
0.000123 -0.002713 1.000000
-0.098499 -0.923373 162.477468
-0.064958 -0.516632 -186.913143
-0.000316 -0.002023 1.000000
-0.324363 -0.555540 447.557965
0.016179 -0.867949 -27.620044
-0.000344 -0.002160 1.000000
0.031603 -0.961153 271.716565
0.031757 -0.717870 -208.919291
-0.000247 -0.002037 1.000000
-0.111616 -0.528814 119.630651
-0.054298 -0.415392 -51.156496
-0.000463 -0.001754 1.000000
0.255032 -1.502707 447.879435
0.065339 -0.805700 -78.354988
0.000287 -0.002888 1.000000
-0.226572 -0.687672 408.719438
-0.071657 -0.563279 33.281862
-0.000395 -0.001813 1.000000
-0.059640 -0.908957 251.995293
-0.123486 -0.802182 13.898152
-0.000433 -0.002260 1.000000
0.268528 -1.067568 188.383165
0.038531 -0.861189 -309.321012
0.000184 -0.002792 1.000000
0.330822 -1.813010 346.004942
0.301052 -1.261136 -266.790174
0.000433 -0.003505 1.000000
-0.109747 -0.741986 353.313269
-0.096302 -0.527479 -40.127753
-0.000395 -0.001957 1.000000
-0.003920 -1.053127 367.311501
-0.036546 -0.574893 -15.953778
-0.000242 -0.002008 1.000000
-0.019837 -1.210208 102.087102
-0.009422 -0.917952 -140.407572
0.000003 -0.002942 1.000000
0.025001 -1.479644 568.235980
0.084935 -0.791877 -225.450531
-0.000032 -0.002552 1.000000
-0.198689 -0.934508 395.902164
-0.156803 -0.892382 57.209381
-0.000642 -0.002064 1.000000
-0.053477 -1.388779 561.214579
0.120055 -0.975822 -107.666784
0.000137 -0.002675 1.000000
0.020444 -1.150258 420.606558
0.195347 -1.016005 -147.959325
0.000211 -0.002847 1.000000
0.324268 -1.790651 134.539775
0.482298 -1.395080 -313.927997
0.000597 -0.003409 1.000000
0.082983 -1.296719 228.873238
0.049240 -0.970771 -5.153657
-0.000040 -0.002574 1.000000
-0.033070 -1.183548 371.998144
0.130757 -0.912057 -20.902262
-0.000044 -0.002457 1.000000
0.884091 -2.305453 -211.674460
1.025267 -2.052015 -404.819011
0.002070 -0.005315 1.000000
0.042386 -0.924321 335.572473
-0.006903 -0.648014 77.795904
-0.000120 -0.002147 1.000000
0.013268 -0.609732 136.133302
0.125695 -0.548663 -38.836298
-0.000120 -0.002102 1.000000
-0.023716 -1.152092 448.914105
-0.078405 -1.021122 26.547896
-0.000352 -0.002496 1.000000
0.710801 -2.572676 566.761855
0.894665 -1.812426 -761.827392
0.001482 -0.005119 1.000000
0.015025 -1.097805 459.813700
0.123336 -0.772370 -87.382617
-0.000172 -0.002273 1.000000
0.070290 -1.307718 409.266600
0.221490 -1.123009 -40.100598
-0.000028 -0.002645 1.000000
-0.005397 -0.947386 311.727007
-0.000864 -0.636792 -0.060872
-0.000332 -0.001974 1.000000
0.096888 -1.364680 167.375243
0.285465 -0.930873 -176.969029
0.000112 -0.002892 1.000000
0.024608 -1.091464 418.896442
-0.170716 -0.619840 84.415504
-0.000426 -0.001937 1.000000
-0.022462 -1.185020 509.331045
0.315544 -1.055821 -36.914640
0.000043 -0.002529 1.000000
-0.000274 -1.212673 625.646221
0.081715 -0.918232 -8.480895
-0.000068 -0.002365 1.000000
-0.086079 -1.337110 323.600060
0.144107 -0.971618 -161.210703
-0.000103 -0.002660 1.000000
-0.111702 -1.633597 1044.250942
0.089658 -1.301024 -360.939749
0.000611 -0.003924 1.000000
0.320982 -1.544515 241.997559
0.281268 -1.001771 -196.416299
0.000161 -0.002784 1.000000
-0.158597 -0.935380 648.413006
0.121477 -0.962500 -189.995626
-0.000216 -0.002491 1.000000
-0.118628 -0.587506 166.638952
0.086082 -0.438414 3.292225
-0.000231 -0.001826 1.000000
0.050690 -0.739726 337.235624
0.279092 -0.560873 -111.437162
0.000365 -0.002323 1.000000
0.188796 -1.327131 424.956990
-0.047466 -0.581937 52.596360
-0.000114 -0.002195 1.000000
0.046917 -1.536924 512.613530
0.191889 -1.393768 -50.508548
0.000028 -0.003017 1.000000
0.316639 -1.933453 574.310042
0.522582 -1.265736 -243.590585
0.000427 -0.003172 1.000000
0.115526 -1.402724 536.836865
0.347741 -1.170633 -62.562362
0.000336 -0.002948 1.000000
0.085380 -1.644779 629.719167
0.222149 -1.144422 -12.578529
0.000154 -0.002772 1.000000
0.221789 -1.430368 544.006933
0.102188 -0.531846 -49.439631
0.000161 -0.002398 1.000000
-0.036658 -0.503466 123.445693
0.076214 -0.377072 38.708933
-0.000143 -0.001874 1.000000
-0.067057 -0.704535 250.112916
0.007456 -0.489600 91.185044
-0.000273 -0.001748 1.000000
-0.184343 -1.384443 555.569906
-0.033610 -0.991314 75.205750
-0.000118 -0.002631 1.000000
0.326765 -0.619260 272.223483
-0.038280 0.184591 70.607157
-0.000207 -0.001215 1.000000
-0.103352 0.419736 2.382640
-0.392513 0.649081 17.643501
-0.001403 0.000302 1.000000
0.261862 -0.753502 389.113553
0.056844 -0.118407 42.450249
-0.000123 -0.001371 1.000000
0.194059 -1.049788 485.356407
0.163012 -0.583679 32.521556
0.000075 -0.002032 1.000000
1.175793 -0.254059 88.654913
0.242632 0.806958 -76.364601
0.000539 -0.000487 1.000000
0.847010 0.024861 61.573262
0.038242 0.799802 36.718043
0.000136 -0.000253 1.000000
0.886475 3.852742 -1343.400793
-1.795330 5.102522 -366.833118
-0.004448 0.007325 1.000000
1.436596 0.115353 -232.503705
-0.081955 1.493531 -351.480019
-0.000035 0.000411 1.000000
1.374025 -0.176899 -119.715689
0.152215 1.462854 -139.209289
0.000265 -0.000171 1.000000
1.276536 1.147421 -610.000688
-0.269392 2.097773 -443.261289
-0.000941 0.001613 1.000000
1.091118 0.194458 -62.435787
-0.002674 1.294298 -116.924976
-0.000018 0.000310 1.000000
1.000000 -0.000000 0.000000
-0.000000 1.000000 -0.000000
-0.000000 -0.000000 1.000000
0.278079 -2.271332 666.652589
0.345529 -1.996877 -1.870428
0.000628 -0.004514 1.000000
0.131132 -1.347015 473.801834
0.078077 -0.959091 112.144944
-0.000019 -0.002467 1.000000
-0.096552 -1.133427 447.706914
0.283092 -1.389994 -119.601265
0.000137 -0.002909 1.000000
-0.020908 -1.078676 453.698141
0.097082 -0.782512 -64.246236
-0.000160 -0.002238 1.000000
-0.017332 -1.141561 479.873691
0.011735 -0.785661 20.737711
-0.000109 -0.002263 1.000000
-0.144374 -0.844974 337.138325
-0.224157 -0.468078 176.436921
-0.000639 -0.001447 1.000000
-0.140957 -0.629535 34.157009
-0.093442 -0.641520 24.216168
-0.000439 -0.001935 1.000000
-0.205605 -1.399958 432.370139
-0.064960 -0.918489 -100.485807
-0.000357 -0.002759 1.000000
0.099825 -1.347218 484.067442
0.129639 -0.915183 18.620640
-0.000123 -0.002301 1.000000
-0.081035 -1.010607 421.565316
-0.025598 -0.759868 75.482982
-0.000340 -0.001906 1.000000
0.319858 -0.713019 363.517982
0.134904 -0.093211 -0.864563
0.000008 -0.001459 1.000000
0.059765 -1.873747 680.547500
0.528855 -1.108466 -299.999707
0.000612 -0.003446 1.000000
0.196370 -1.508911 193.529148
0.257029 -1.451942 -87.120884
0.000154 -0.003234 1.000000
0.297398 -2.029452 606.592120
0.283400 -1.227513 -52.055077
0.000559 -0.003751 1.000000
0.140819 -1.602170 398.367866
0.305168 -1.246222 -213.069367
0.000343 -0.003256 1.000000
-0.011872 -1.056849 305.648103
0.072073 -0.720958 -57.938381
-0.000274 -0.002282 1.000000
1.768436 0.895369 -422.942165
0.099371 2.464022 -441.348316
0.000190 0.001438 1.000000
1.418307 1.036763 -306.921932
0.201922 2.486584 -276.713810
-0.000091 0.001592 1.000000
0.492580 0.011466 87.821975
-0.207771 0.887596 26.879923
-0.000456 0.000048 1.000000
0.528193 -0.147338 140.041672
-0.099164 0.741420 9.386865
-0.000237 -0.000301 1.000000
1.192413 0.994412 -244.695556
-0.472943 2.698868 -122.305045
-0.000489 0.002209 1.000000
-1.033666 -2.560293 961.573424
-0.126056 -3.699988 378.027874
-0.000099 -0.005602 1.000000
-0.090185 -1.622428 606.551373
0.022977 -1.505916 134.157279
0.000047 -0.003127 1.000000
-0.119081 -1.502039 534.557629
-0.038559 -1.332980 99.516063
-0.000147 -0.002886 1.000000
0.037581 -1.440423 704.427099
0.144725 -0.800198 -156.709440
0.000050 -0.002407 1.000000
0.147200 -1.276143 402.287902
0.097216 -0.959879 5.039294
-0.000012 -0.002437 1.000000
0.107264 -1.666038 656.933039
0.144194 -1.272390 -2.488920
0.000154 -0.002864 1.000000
-0.044055 -1.083199 433.208552
0.077525 -0.811806 15.841638
-0.000236 -0.002221 1.000000
0.017428 -1.029283 484.921184
0.062890 -1.024461 124.548498
0.000017 -0.002453 1.000000
0.415489 -1.645441 302.001947
0.226678 -1.276992 -15.413889
0.000296 -0.003047 1.000000
-0.008751 -0.950400 336.190085
0.016273 -0.702656 -26.505726
-0.000207 -0.002129 1.000000
-0.034206 -0.492497 191.500870
0.000403 -0.573565 -94.321154
-0.000398 -0.001930 1.000000
-0.269951 -1.275149 699.534785
0.369931 -1.494604 -49.285162
0.000154 -0.003111 1.000000
-0.340682 -0.700960 329.133938
-0.042306 -0.666360 24.666426
-0.000451 -0.001842 1.000000
-0.050461 -1.148706 507.185877
0.003931 -0.899240 -235.150064
-0.000113 -0.002335 1.000000
0.280302 -0.910222 393.678871
0.008310 -0.214189 120.184621
-0.000001 -0.001580 1.000000
0.389397 -0.912828 413.036362
0.043687 -0.137572 95.993791
0.000210 -0.001650 1.000000
1.129287 -0.245374 26.776381
0.203702 0.690428 7.910153
0.000433 -0.000549 1.000000
0.817009 -0.395985 132.303766
0.138270 0.475438 -12.531357
0.000327 -0.000974 1.000000
0.045207 -0.992008 331.037769
0.019474 -0.773623 -212.836880
-0.000237 -0.002472 1.000000
-0.169026 -1.231670 543.318806
0.028585 -0.815163 -233.334074
-0.000221 -0.002553 1.000000
-0.567206 -1.306761 1024.048672
-0.030670 -0.259837 1.229129
-0.000545 -0.001589 1.000000
-0.049249 -1.797426 737.963528
0.299716 -1.425682 -247.090397
0.000316 -0.004135 1.000000
0.309133 -1.677042 859.200851
0.365025 -1.341221 -119.112781
0.000532 -0.003433 1.000000
1.078018 -2.825419 473.084733
0.477813 -1.658357 -521.833236
0.001134 -0.004621 1.000000
-0.136407 -1.325142 1043.388611
0.023701 -0.587097 89.106644
-0.000269 -0.002160 1.000000
0.165916 -1.080880 617.746047
0.127695 -0.901943 -91.825062
0.000033 -0.002342 1.000000
-0.171251 -0.875959 679.260375
0.103734 -0.894875 -90.080897
-0.000118 -0.002351 1.000000
-0.038085 -1.349706 408.077613
0.197259 -0.984876 -206.236528
0.000119 -0.002737 1.000000
0.022873 -0.749860 121.933889
-0.024062 -0.540210 37.702867
-0.000452 -0.001812 1.000000
-0.008092 -0.716137 -7.606462
-0.101667 -0.633138 81.676914
-0.000426 -0.001896 1.000000
-0.193087 -0.778050 630.701906
-0.124220 -0.412561 -143.559876
-0.000534 -0.001682 1.000000
-0.074023 -1.365929 571.712243
-0.092904 -0.622794 -254.058422
-0.000261 -0.002233 1.000000
-0.591835 -0.952516 655.436335
-0.192048 -0.529104 -294.644093
-0.000820 -0.001601 1.000000
0.134530 -1.111293 596.221653
0.049437 -0.818703 -221.721971
-0.000014 -0.002477 1.000000
-0.179619 -1.051732 846.569041
0.269003 -1.379986 12.762903
0.000198 -0.003363 1.000000
-0.230116 -1.645948 1100.176772
0.090332 -0.595705 78.215990
-0.000072 -0.002176 1.000000
1.278791 -3.950825 1176.299714
0.728863 -3.042879 4.257001
0.002364 -0.007270 1.000000
1.914521 -4.265527 7443.925455
0.750012 -2.790167 315.960147
0.003554 -0.008682 1.000000
-0.354971 -1.326631 1078.033960
-0.070244 -0.383359 -162.627797
-0.000442 -0.001842 1.000000
0.032253 -0.959756 508.015477
0.034118 -0.742794 -41.383769
-0.000117 -0.002176 1.000000
0.021028 -0.894879 424.990997
0.170081 -0.694201 -45.167867
-0.000015 -0.002201 1.000000
0.274117 -1.487378 460.472581
0.145079 -0.918008 -69.110943
0.000174 -0.002865 1.000000
0.275258 -1.153595 379.441451
0.021152 -0.506926 3.279638
0.000034 -0.002164 1.000000
-0.157967 -0.995097 -82.336366
-0.101925 -0.716308 89.648078
-0.000109 -0.002652 1.000000
-0.215972 -0.651135 224.424635
-0.080178 -0.817909 88.278436
-0.000316 -0.002003 1.000000
-0.065115 -0.423560 72.739947
0.008630 -0.694892 60.978527
-0.000116 -0.002176 1.000000
-0.069499 -0.674181 -307.180022
0.138961 -1.281119 548.756047
-0.000011 -0.002371 1.000000
-0.017957 -0.486513 15.359776
-0.046777 -0.515377 114.588883
-0.000142 -0.002015 1.000000
0.105347 -1.080856 316.921735
0.132455 -0.671711 -111.429317
-0.000132 -0.002243 1.000000
-0.014749 -1.188832 352.206147
0.102259 -0.752885 -27.357798
-0.000010 -0.002334 1.000000
0.379767 -1.568916 618.635602
0.221708 -1.215200 -284.388641
0.000595 -0.003112 1.000000
0.314719 -1.382336 415.172798
0.112608 -0.835156 -151.427116
0.000073 -0.002662 1.000000
0.029918 -0.673170 -16.405622
0.059424 -0.758708 -73.738521
-0.000270 -0.002207 1.000000
0.141099 -0.665059 -54.847717
0.072284 -0.667791 -34.814769
0.000076 -0.002349 1.000000
0.274383 -1.176421 -236.726492
0.385785 -1.073652 -237.452288
0.000607 -0.003652 1.000000
-0.024964 -0.964435 122.118900
-0.073573 -1.092001 61.904000
-0.000396 -0.002486 1.000000
-0.054287 -0.941473 226.219562
-0.043604 -0.813659 6.553447
-0.000134 -0.002284 1.000000
0.168013 -1.198604 -9.482148
0.279255 -1.416466 -280.331116
0.000444 -0.003471 1.000000
0.032474 -0.652959 -89.027620
-0.079649 -0.780645 84.512851
-0.000063 -0.002385 1.000000
0.169144 -1.212851 -39.370202
0.021386 -1.058050 -89.935397
0.000607 -0.003535 1.000000
-0.244570 -0.455605 -50.013397
-0.195543 -0.624180 81.264091
-0.000725 -0.001558 1.000000
0.128851 -1.188095 58.389698
0.137596 -1.174229 -38.404020
0.000188 -0.002852 1.000000
0.426376 -1.910507 481.081201
0.411204 -1.637323 -443.429848
0.001072 -0.004229 1.000000
-0.025540 -1.688258 546.412015
-0.004943 -1.019555 80.904515
-0.000193 -0.002795 1.000000
-0.047772 -1.398912 517.273254
-0.025502 -0.778604 53.515683
-0.000204 -0.002439 1.000000
0.032042 -1.206499 -230.389918
0.056256 -0.892052 -60.123847
-0.000121 -0.002614 1.000000
0.340935 -1.174324 -118.898802
0.097578 -1.271089 -66.207340
0.000248 -0.003298 1.000000
0.153629 -1.269671 -184.763731
0.166903 -1.235847 -22.124529
0.000130 -0.003131 1.000000
-0.037258 -1.570736 -119.083736
-0.008046 -0.983926 -63.531674
0.000222 -0.003170 1.000000
-0.212865 -0.648207 -191.719855
-0.186927 -0.946116 588.781147
-0.000485 -0.001743 1.000000
-0.094365 -1.102778 1405.876838
-0.005537 -0.984607 608.208553
-0.000219 -0.002092 1.000000
-0.072158 -1.382277 -45.016363
-0.048684 -0.635819 -8.769090
-0.000264 -0.002448 1.000000
-0.227989 -0.255243 -267.917445
-0.295194 -0.239822 198.005805
-0.001061 -0.000859 1.000000
0.091403 -1.138534 -11.711203
-0.071438 -0.699356 8.227397
-0.000243 -0.002215 1.000000
-1.828014 0.839283 810.979532
-1.464635 0.655272 1782.742139
-0.003520 0.001713 1.000000
-0.573756 -0.427296 240.682468
-0.479443 -0.465934 769.028700
-0.000984 -0.000968 1.000000
0.322796 -1.751668 1612.711290
0.260509 -1.484430 275.559845
0.000841 -0.003135 1.000000
0.220576 -1.852954 1586.393236
0.316052 -1.686529 875.124018
0.000278 -0.002758 1.000000
-0.506864 -0.363713 124.029527
-0.229439 -0.348796 -279.542388
-0.001075 -0.000979 1.000000
0.148172 -0.934638 -55.227933
0.109216 -0.945807 81.155704
-0.000123 -0.002212 1.000000
-0.852744 -0.147279 -186.593428
-0.702825 -0.068380 911.358657
-0.001593 -0.000296 1.000000
-0.560790 -0.646821 1472.216149
-0.224837 -0.994667 798.614728
-0.000815 -0.001503 1.000000
-0.458276 -1.296387 1011.716479
-0.000286 -0.473112 33.287479
-0.000492 -0.001717 1.000000
0.221054 -2.056722 1813.729369
0.076632 -1.769020 246.163391
0.000688 -0.003733 1.000000
-0.361157 -1.310608 1014.567620
-0.031205 -0.326092 53.460073
-0.000432 -0.001644 1.000000
-0.403037 -1.273837 991.200287
-0.068820 -0.521973 54.221756
-0.000459 -0.001862 1.000000
0.096458 -1.706249 875.251609
0.332527 -1.242252 -207.214377
0.000566 -0.003309 1.000000
0.119746 -1.902769 939.080036
-0.017510 -0.267005 -64.435199
0.000144 -0.002295 1.000000
0.454321 -2.751476 1263.855110
0.471274 -1.733431 -232.169172
0.000649 -0.004232 1.000000
0.693775 -3.052111 1252.826765
0.497357 -1.571348 -420.344526
0.000808 -0.004207 1.000000
0.247015 -1.497283 692.131263
0.020794 -1.296727 1449.820438
0.000236 -0.002599 1.000000
-0.236799 -1.089733 153.157191
-0.065291 -0.632122 -227.482951
-0.000301 -0.002073 1.000000
-0.700229 -0.634029 1106.484288
-0.432791 -0.470995 767.903380
-0.001214 -0.000958 1.000000
-1.349937 0.305551 -1787.483247
-1.019890 -0.017335 1091.873045
-0.002252 0.000192 1.000000
-0.658740 -0.903270 1222.984761
-0.201839 -0.491143 88.877166
-0.000803 -0.001357 1.000000
-0.673943 -1.050939 971.254712
-0.108875 -0.381119 113.027638
-0.000713 -0.001516 1.000000
-0.439273 -0.849241 1116.337824
-0.177790 -0.394272 93.168842
-0.000685 -0.001451 1.000000
3.655937 -4.943386 1281.363439
2.015955 -4.000447 -1366.050669
0.007545 -0.012776 1.000000
-1.936028 1.693297 2058.921484
-1.735613 1.572937 2505.780279
-0.003954 0.003404 1.000000
0.035639 -1.737193 614.316916
0.095466 -1.427289 1388.334080
0.000228 -0.002597 1.000000
-0.131049 -1.602747 934.445281
0.055667 -0.855196 2.490695
-0.000174 -0.002202 1.000000
0.096660 -1.944193 -237.011358
0.185838 -1.589869 -360.881874
0.000176 -0.002983 1.000000
-0.329774 -1.218315 473.188013
-0.101955 -0.815906 -133.884746
-0.000534 -0.001958 1.000000
-0.082443 -1.161023 543.253067
0.021942 -0.748831 -197.681615
-0.000151 -0.002084 1.000000
-0.107229 -0.685208 333.361910
-0.072861 -0.303019 68.954678
-0.000350 -0.001628 1.000000
-0.043335 -1.646541 935.075673
-0.012502 -0.557357 -19.404369
-0.000110 -0.002156 1.000000
-0.689132 -0.931685 948.813920
-0.249722 -0.485040 145.843079
-0.000803 -0.001347 1.000000
-0.097846 -0.891781 458.081771
-0.087302 -0.771018 -243.944479
-0.000297 -0.002165 1.000000
-0.129934 -1.259685 842.555586
0.060006 -0.802440 -105.318001
-0.000226 -0.002305 1.000000
0.061290 -1.253766 797.538328
0.079617 -1.066996 -154.556324
0.000109 -0.002873 1.000000
-0.401220 -1.326408 967.949586
-0.136778 -0.707385 88.528743
-0.000384 -0.001976 1.000000
0.281388 -1.764316 391.004736
0.099756 -1.060576 -132.180183
0.000042 -0.002870 1.000000
-0.009757 -1.702261 806.140875
0.126615 -0.989664 -18.730167
-0.000158 -0.002476 1.000000
-0.270828 -1.089516 591.693285
-0.125934 -0.686155 -79.098877
-0.000566 -0.001826 1.000000
-0.290570 -1.415390 989.258999
-0.032615 -0.281186 25.331032
-0.000342 -0.001737 1.000000
0.237698 -1.947026 1294.207888
0.025974 -1.115955 -76.674421
0.000713 -0.003786 1.000000
-0.100583 -1.606046 1090.622238
0.118746 -0.753290 -275.899696
0.000103 -0.002551 1.000000
-0.243441 -1.384394 1214.447764
0.028941 -0.855909 44.290083
0.000015 -0.002620 1.000000
0.186453 -1.528839 -320.532691
0.097489 -1.135891 282.926062
0.000174 -0.002667 1.000000
0.059750 -1.601254 902.199422
0.012981 -1.104781 -69.398062
-0.000114 -0.003102 1.000000
-0.264800 -1.512135 847.520195
0.027262 -1.137923 36.121523
-0.000232 -0.002630 1.000000
-0.610964 -1.018868 951.682071
-0.050844 -0.389642 26.447069
-0.000647 -0.001506 1.000000
-0.212072 -0.809718 239.738241
-0.020700 -0.424020 -61.558277
-0.000378 -0.001991 1.000000
0.217779 -1.615843 660.961742
0.112554 -0.912857 -499.559129
0.000097 -0.002514 1.000000
-0.037727 -1.459742 763.053807
0.135879 -0.811092 -190.164679
-0.000237 -0.002245 1.000000
-0.044206 -1.498673 643.508634
0.018932 -1.171761 -4.203889
-0.000224 -0.002512 1.000000
-0.267397 -1.127031 670.343509
0.008376 -0.625973 -128.217173
-0.000354 -0.002140 1.000000
0.151368 -1.409742 415.142266
0.091150 -0.987300 -56.222788
-0.000199 -0.002540 1.000000
0.392981 -1.361340 157.096403
0.393039 -1.009459 -288.808598
0.000273 -0.002832 1.000000
0.362976 -2.029331 716.792625
0.529717 -1.366624 -465.033351
0.000668 -0.003678 1.000000
0.041332 -1.147887 441.036283
0.104526 -0.719791 -94.909977
-0.000264 -0.002150 1.000000
-0.454552 -0.597422 710.760140
-0.167535 -0.672241 11.635236
-0.000597 -0.001719 1.000000
-0.252552 -1.110567 473.852859
0.059171 -0.463583 -147.976321
-0.000411 -0.001962 1.000000
-0.060701 -0.896049 458.456880
0.097210 -0.729261 -90.787008
-0.000261 -0.002244 1.000000
-0.079178 -0.993358 454.342567
0.081467 -0.837668 -74.989508
-0.000034 -0.002510 1.000000
-0.274336 -0.949194 479.175159
-0.088759 -0.903764 37.961012
-0.000440 -0.002014 1.000000
-0.022823 -1.055477 617.226039
0.098021 -0.698495 -97.823589
-0.000098 -0.002258 1.000000
0.603289 -1.821907 373.154420
0.258525 -1.475873 -235.095369
0.000395 -0.003469 1.000000
-0.590521 -1.084338 1010.827689
-0.108942 -0.357317 38.062588
-0.000709 -0.001384 1.000000
0.003321 -1.074328 230.165705
0.083202 -0.398524 -93.681545
-0.000164 -0.001979 1.000000
-0.433370 -1.242830 758.317349
0.043946 -0.457669 -185.215594
-0.000537 -0.002029 1.000000
0.008636 -1.593350 380.539942
0.060935 -1.004853 -53.278007
-0.000210 -0.002635 1.000000
0.375230 -1.778011 435.808967
0.240363 -0.963495 -390.836025
0.000250 -0.002980 1.000000
0.006265 -1.007535 496.024962
-0.022992 -0.447897 -85.575022
-0.000329 -0.001897 1.000000
-0.209818 -1.060823 471.621067
-0.181368 -1.227571 90.881648
-0.000526 -0.002360 1.000000
-0.110989 -0.885906 535.342721
-0.157641 -0.594878 32.419737
-0.000480 -0.001978 1.000000
-0.032459 -1.171031 536.302816
0.040123 -1.395949 18.061344
-0.000119 -0.002882 1.000000
0.010949 -1.850423 426.718300
-0.072513 -1.225006 132.121594
-0.000250 -0.002659 1.000000
-0.279865 -1.149170 369.986192
-0.083630 -1.133897 23.857946
-0.000410 -0.002345 1.000000
0.083606 -0.818611 124.629085
0.135424 -0.607721 -96.482478
0.000038 -0.002147 1.000000
-0.160387 -1.031217 478.079332
0.063676 -0.705370 -75.406136
-0.000321 -0.002073 1.000000
0.028735 -0.814546 284.069344
-0.011721 -0.529565 20.090136
-0.000365 -0.001902 1.000000
0.371236 -1.741132 497.018955
0.187093 -0.779067 -52.667350
0.000312 -0.002973 1.000000
-0.298517 -1.135314 600.132107
-0.193990 -0.859210 161.707471
-0.000483 -0.002013 1.000000
-0.138183 -0.621978 180.334345
-0.038715 -0.357595 -34.741060
-0.000642 -0.001553 1.000000
-0.092059 -1.516834 314.321559
0.305315 -1.444078 -130.604681
0.000578 -0.003422 1.000000
-0.251314 -1.301724 274.296260
0.045464 -1.161094 56.980801
-0.000447 -0.002342 1.000000
-0.113583 -1.630717 816.127057
0.141872 -0.983937 -189.993234
-0.000214 -0.002534 1.000000
-0.194778 -0.663659 138.444623
-0.026207 -0.661855 -61.327215
-0.000371 -0.001930 1.000000
0.104179 -1.455446 208.588232
0.187724 -1.206243 -94.028747
-0.000150 -0.002651 1.000000
0.005174 -1.424136 637.050844
0.020461 -0.957891 -101.963960
-0.000107 -0.002595 1.000000
-0.080378 -0.783001 146.421535
-0.001083 -0.776208 22.500699
-0.000324 -0.002143 1.000000
-0.004173 -1.302004 496.808655
0.008708 -0.819489 -117.049555
-0.000193 -0.002318 1.000000
0.941344 -2.653445 -615.091522
1.208413 -2.720248 -536.495448
0.002182 -0.005594 1.000000
-0.437204 -0.894426 604.343114
-0.135712 -0.580718 -168.557071
-0.000613 -0.001754 1.000000
