1.503473 -2.821461 -1661.309750
0.694500 -2.819433 -1614.336272
0.002090 -0.006119 1.000000
1.430108 -3.587719 5913.298905
0.716276 -2.824194 1561.042910
0.001921 -0.006768 1.000000
-0.629975 -0.584684 919.759161
-0.473860 -0.459458 -268.021781
-0.001141 -0.001090 1.000000
-133.110139 259.689925 190453.874235
-112.452163 176.225935 -1582.753671
-0.281344 0.450426 1.000000
0.329478 -1.975799 1035.665490
-0.038363 -2.604874 -395.586624
0.000413 -0.004689 1.000000
-0.163590 -1.648034 824.230352
-0.188552 -1.547322 -171.102253
-0.000320 -0.003384 1.000000
-0.852369 0.270826 1296.884271
-0.771281 -0.022670 -592.330941
-0.001807 -0.000044 1.000000
-0.349456 -0.797500 933.620258
-0.236077 -0.704651 -236.660670
-0.000785 -0.001549 1.000000
0.875962 -2.731820 4432.724413
0.570844 -3.000761 155.097456
0.001748 -0.006182 1.000000
-0.259458 -1.659054 861.807516
-0.081580 -1.107900 -163.446944
-0.000245 -0.002622 1.000000
-0.740882 -0.204185 -498.251498
-0.651518 -0.488048 553.981592
-0.001576 -0.000421 1.000000
0.081804 -1.124392 112.990127
-0.057029 -0.864493 -234.411702
-0.000108 -0.002688 1.000000
0.523731 -2.428449 -465.141779
0.103516 -1.934142 -1928.333747
0.000943 -0.004778 1.000000
-0.893697 0.455369 -478.054242
-0.915292 0.313209 1285.341121
-0.002201 0.000788 1.000000
-0.511719 -0.529659 -433.907445
-0.496169 -0.419456 480.765078
-0.001173 -0.001063 1.000000
0.463716 -2.166776 -127.144092
0.328857 -1.774080 -611.195991
0.000710 -0.003926 1.000000
0.415488 -2.227040 1068.944816
0.186090 -1.737671 -93.771906
0.000593 -0.003828 1.000000
-3.139578 3.416629 -549.191885
-2.246142 3.736170 3002.827092
-0.005744 0.007498 1.000000
0.541034 -3.555240 1710.959967
0.173397 -2.105011 -916.592274
0.001385 -0.005566 1.000000
-0.571321 -0.349406 -193.696499
-0.607190 -0.756014 -285.307113
-0.001137 -0.001135 1.000000
-0.013243 -1.068853 -71.083838
-0.176300 -0.987258 -933.660778
-0.000393 -0.002273 1.000000
-3.491338 4.147752 2643.765418
-2.701821 2.779641 3423.781561
-0.006471 0.006872 1.000000
-0.592668 -0.376732 -59.979256
-0.491087 -0.208623 1105.643025
-0.001379 -0.000805 1.000000
-0.158682 -1.177865 847.100800
-0.077645 -0.923550 -20.607962
-0.000304 -0.002423 1.000000
-23.098776 28.991093 -23267.030103
-17.074013 22.792249 14017.350920
-0.046638 0.062730 1.000000
-1.207362 1.263850 -208.139178
-1.123159 0.556662 2299.706551
-0.003066 0.002122 1.000000
-0.476507 -0.573619 1798.319696
-0.476192 -0.506757 -1482.688839
-0.001065 -0.001146 1.000000
-0.161922 -0.874600 329.843668
-0.310992 -0.961710 55.473348
-0.000549 -0.002014 1.000000
0.459126 -2.679505 -319.461705
0.502372 -1.891521 -1430.666889
0.001331 -0.005212 1.000000
-0.673868 0.103823 268.214872
-0.791862 -0.107664 795.469788
-0.001480 -0.000304 1.000000
1.314429 -3.654732 2676.320149
0.522773 -2.207429 -298.009793
0.001621 -0.005894 1.000000
-0.493374 -1.391378 416.070321
-0.261364 -1.023923 -310.093577
-0.000667 -0.002299 1.000000
1.293257 -3.560134 -4830.877960
1.510710 -3.494319 -1670.948937
0.003669 -0.007787 1.000000
-2.134471 0.983247 -2325.780553
-1.549820 0.382869 1695.560218
-0.003774 0.002001 1.000000
-0.082006 -1.050033 -343.548088
-0.054564 -0.801902 204.284920
-0.000318 -0.002136 1.000000
-0.410029 -1.128136 833.138531
-0.330313 -0.993274 -11.973421
-0.000643 -0.002030 1.000000
-0.834640 0.301780 -120.171273
-0.882586 -0.070244 1135.929810
-0.001890 0.000089 1.000000
-0.301092 -1.061098 92.616682
-0.076463 -0.945820 -543.184159
-0.000496 -0.002136 1.000000
-2.531959 2.407475 -1930.467228
-1.591790 1.332641 1859.231282
-0.004867 0.004494 1.000000
-0.223459 -1.458129 2850.844622
-0.273548 -1.014846 830.143235
-0.000449 -0.002338 1.000000
-0.532005 -0.815705 1177.351248
-0.258854 -0.518574 399.699213
-0.000829 -0.001416 1.000000
-0.724056 -0.623124 1375.017350
-0.487712 -0.387581 31.482994
-0.001333 -0.001011 1.000000
-0.609304 -0.967929 1107.646746
-0.365527 -0.671814 879.441334
-0.000952 -0.001649 1.000000
-0.468008 -1.346174 1157.779586
-0.188669 -0.986252 -8.362278
-0.000581 -0.002160 1.000000
-0.791728 -0.606110 269.274372
-0.586969 -0.209665 -22.860827
-0.001455 -0.000579 1.000000
-1.120932 0.160375 287.803745
-0.916182 0.108417 1254.349503
-0.002269 0.000310 1.000000
-4.022849 4.734395 243.939827
-2.658674 3.239280 4903.165754
-0.007787 0.009239 1.000000
-0.727544 -0.429133 994.266288
-0.485533 -0.210891 218.125991
-0.001234 -0.000699 1.000000
-0.597375 -0.414580 694.759061
-0.576138 -0.635450 822.895019
-0.001186 -0.000999 1.000000
2.542313 -6.054437 -4162.732130
2.338342 -6.176189 -2682.542664
0.005629 -0.012387 1.000000
-0.432136 -1.211299 1694.067662
-0.284847 -0.913763 1167.918336
-0.000455 -0.002009 1.000000
-1.033121 0.131063 -99.657528
-1.007445 0.026733 1747.314772
-0.001985 0.000452 1.000000
0.376430 -1.885169 -1309.674291
0.163121 -1.664231 -198.356040
0.000859 -0.004015 1.000000
0.902774 -2.278119 2983.088651
0.600750 -2.432738 -3541.696240
0.001731 -0.005615 1.000000
-0.367631 -1.168743 1017.471561
-0.319033 -1.180094 5.661118
-0.000498 -0.002312 1.000000
-0.902836 -0.419515 918.359842
-0.707250 -0.576033 27.708173
-0.001360 -0.000828 1.000000
-0.804761 -0.280991 320.068757
-0.596218 -0.207826 -975.140257
-0.001678 -0.000352 1.000000
0.274692 -1.899516 1188.244860
-0.074206 -1.319638 -1104.932583
0.000480 -0.003779 1.000000
-0.479021 -0.990276 776.378081
-0.456416 -0.934283 -66.934046
-0.000840 -0.001744 1.000000
-0.942405 -0.052007 266.029361
-0.927018 0.081763 -266.456610
-0.001984 0.000269 1.000000
-0.068428 -1.506209 276.473314
-0.058220 -0.626849 -50.739792
0.000035 -0.002457 1.000000
0.137554 -2.152628 -655.740864
0.380400 -2.084753 -445.110525
0.000510 -0.003899 1.000000
-0.224509 -1.116027 857.839118
-0.344371 -0.873606 -196.144827
-0.000302 -0.002165 1.000000
-0.288212 -0.811505 639.493586
-0.384978 -0.965889 107.329485
-0.000666 -0.001885 1.000000
-0.393880 -1.078418 605.430872
-0.227893 -0.681347 -149.990584
-0.000523 -0.001747 1.000000
-0.140857 -0.789311 329.690858
-0.303080 -1.217826 134.141777
-0.000473 -0.002242 1.000000
-0.506652 -0.528487 -514.426664
-0.512823 -0.497595 777.247591
-0.001141 -0.001064 1.000000
-0.130196 -1.292039 -413.726145
-0.232454 -1.083608 591.457170
-0.000344 -0.002556 1.000000
-0.371175 -0.747149 -124.074111
-0.361023 -0.685360 9.359432
-0.000743 -0.001734 1.000000
-0.586224 -0.744055 117.125796
-0.623234 -0.783817 99.454942
-0.001133 -0.001201 1.000000
-3.183164 3.739717 -1730.118437
-2.537373 3.552122 5643.178127
-0.005773 0.007470 1.000000
-1.654812 1.353507 1322.278476
-1.461930 1.369972 2074.554092
-0.003265 0.002498 1.000000
-0.418161 -0.767540 805.083373
-0.246438 -0.607895 12.054455
-0.000805 -0.001553 1.000000
-0.333793 -0.655408 -283.565650
-0.389033 -0.850200 1202.157816
-0.000754 -0.001604 1.000000
-0.428715 -0.846564 213.787651
-0.362598 -0.600567 -715.808264
-0.000813 -0.001495 1.000000
-0.381429 -0.758701 915.224966
-0.337579 -0.711036 261.869913
-0.000746 -0.001571 1.000000
1.897253 -3.593925 4474.019631
0.324443 -2.369844 -2619.660414
0.002394 -0.006220 1.000000
-0.121862 -0.996582 -72.537399
-0.244129 -0.732625 702.084120
-0.000489 -0.001892 1.000000
3.195907 -6.963755 -16858.042554
3.322587 -7.013294 -2125.294539
0.006163 -0.013733 1.000000
-0.240129 -1.299206 546.277577
-0.039301 -1.138180 -294.231671
-0.000129 -0.002789 1.000000
-0.391819 -0.819213 473.961707
-0.527376 -0.714522 -107.687862
-0.001063 -0.001385 1.000000
0.411570 -1.923571 641.672070
0.054635 -1.500485 -969.983702
0.000424 -0.003834 1.000000
0.288169 -2.429601 -1732.000421
0.278336 -1.989365 -382.540413
0.000757 -0.004122 1.000000
-9.713646 11.222582 10300.805675
-6.096820 6.376317 -11700.579024
-0.015345 0.017946 1.000000
-2.288671 2.709228 1317.533857
-1.457126 0.837813 2322.814814
-0.005554 0.004528 1.000000
-1.008154 -0.406961 2164.765520
-0.584563 -0.383908 619.855200
-0.001622 -0.000528 1.000000
0.128043 -1.925211 710.371195
-0.098737 -1.570856 -456.732311
0.000184 -0.003423 1.000000
-0.569259 -0.429226 1329.071769
-0.720209 -0.641556 458.376735
-0.001319 -0.000928 1.000000
0.219286 -2.136274 1300.094059
-0.182330 -2.104279 -12.902270
0.000845 -0.004059 1.000000
-8.631409 10.124648 -1276.950402
-5.697621 8.166198 9719.131006
-0.012427 0.016655 1.000000
-2.605708 3.859804 1802.455208
-2.568943 3.049416 2558.793539
-0.004926 0.006285 1.000000
-1.178697 0.204576 -360.718524
-0.806584 -0.101369 874.496745
-0.002106 0.000023 1.000000
-1.406020 0.318154 920.051326
-0.954071 0.460388 1389.926341
-0.002444 0.000864 1.000000
-0.335335 -1.787611 -244.886464
-0.101536 -0.876298 -261.114007
-0.000161 -0.002714 1.000000
-0.334824 -1.943277 1019.304931
-0.166881 -1.235151 -98.664543
-0.000083 -0.003015 1.000000
0.609523 -2.316636 2021.378244
0.177268 -1.913750 -781.336738
0.000771 -0.004084 1.000000
-1.260709 0.664425 2391.100119
-0.799876 0.059623 124.842293
-0.002072 0.000606 1.000000
6.035794 -10.568780 -12335.037442
3.843164 -8.487509 -1036.361563
0.008987 -0.018553 1.000000
0.247055 -1.885735 1940.446465
0.165952 -1.509350 638.241607
0.000243 -0.003375 1.000000
-0.743116 -0.978412 325.206044
-0.395928 -0.427770 700.151425
-0.001215 -0.001381 1.000000
0.436323 -2.115533 -450.477781
0.060749 -1.590977 1244.948978
0.000193 -0.003698 1.000000
-4.548924 8.091743 2270.527559
-4.960361 7.393875 14069.282109
-0.010043 0.014507 1.000000
-0.867646 -0.358736 1545.135434
-0.863062 -0.058441 381.316472
-0.001832 -0.000032 1.000000
-0.205565 -1.744847 2528.354995
-0.129386 -1.446097 841.300293
-0.000192 -0.003075 1.000000
-0.968807 -0.007573 -483.495962
-1.006296 0.051643 1173.970408
-0.001849 -0.000226 1.000000
-3.086253 2.102722 -5753.691228
-2.544210 1.859504 2590.240737
-0.005217 0.004522 1.000000
-0.568731 -0.636299 378.449050
-0.554928 -0.501515 968.863584
-0.001142 -0.001048 1.000000
0.557648 -2.168327 2582.410410
0.493410 -1.835763 1572.757714
0.001278 -0.004330 1.000000
-1.049055 0.085384 1525.836187
-0.776296 -0.106921 1308.267588
-0.001663 0.000065 1.000000
-0.101757 -1.362823 1100.307055
-0.114479 -0.951223 202.380257
-0.000221 -0.002024 1.000000
-0.771672 -0.342180 488.509955
-0.652075 -0.240287 -396.705524
-0.001670 -0.000494 1.000000
-2.481895 1.873708 2959.307595
-2.080810 1.563136 368.196000
-0.005040 0.004495 1.000000
-1.565579 1.046065 1769.339046
-1.169716 0.513492 -458.932278
-0.003688 0.002685 1.000000
-0.284069 -0.988217 402.792076
-0.180359 -0.675380 -351.848563
-0.000486 -0.002076 1.000000
-0.475152 -0.636465 1077.268729
-0.355648 -0.483393 428.041991
-0.001030 -0.001383 1.000000
-1.283794 0.545427 672.055076
-1.203363 0.861765 1607.064962
-0.002836 0.001584 1.000000
0.213119 -1.683559 335.533360
0.037630 -1.826343 -736.811785
0.000189 -0.003204 1.000000
-0.070296 -1.217340 -219.776922
-0.172154 -1.056715 -104.737620
-0.000258 -0.002684 1.000000
0.090557 -1.727459 455.640301
0.115165 -1.607824 -860.545527
0.000305 -0.003647 1.000000
-0.809201 0.192403 662.623547
-0.687863 -0.077786 1017.106575
-0.001825 -0.000064 1.000000
-0.279986 -1.426417 377.254604
-0.303196 -1.000745 207.073482
-0.000370 -0.002210 1.000000
-0.429351 -1.097802 338.205117
-0.327770 -0.889529 189.986794
-0.000726 -0.001824 1.000000
-0.413237 -0.388331 -42.321511
-0.448711 -0.483738 227.504120
-0.001067 -0.001156 1.000000
0.251903 -1.845371 395.172339
0.073547 -1.484617 -99.781440
0.000176 -0.003126 1.000000
-0.078100 -0.962959 173.905453
-0.178696 -1.000367 10.074896
-0.000379 -0.002092 1.000000
-16.485881 28.115926 1026.432804
-9.399332 15.869600 12707.906832
-0.027878 0.042543 1.000000
1.482468 -5.779870 118.869395
2.086972 -4.716812 -2621.569353
0.004754 -0.010804 1.000000
-1.846701 2.703651 -2055.500200
-2.621424 3.391068 3938.349426
-0.005750 0.006701 1.000000
-0.288087 -0.660195 -459.939220
-0.541537 -0.889750 478.604486
-0.000973 -0.001591 1.000000
4.854589 -7.675401 1478.290150
3.554452 -7.989690 -4904.564377
0.009030 -0.017530 1.000000
-0.712634 -1.075430 498.182537
-0.523486 -0.875514 331.902881
-0.001018 -0.001543 1.000000
-0.447863 -0.912253 365.760465
-0.429371 -0.673762 305.542888
-0.000844 -0.001448 1.000000
3.099685 -7.825148 2555.670125
2.011150 -5.051168 -795.819180
0.005103 -0.010667 1.000000
-0.298401 -1.514764 737.387663
-0.142850 -1.040794 -220.066363
-0.000412 -0.002357 1.000000
-1.605387 1.431262 -2983.966183
-1.750139 1.560916 1572.285138
-0.003364 0.002585 1.000000
-0.689897 0.222988 -604.820072
-0.662505 0.053060 119.134422
-0.001638 0.000223 1.000000
-0.453898 -0.651437 -683.346329
-0.498888 -0.585792 480.392826
-0.000962 -0.001160 1.000000
-2.877527 4.220512 565.661686
-2.535121 2.497459 2717.970004
-0.005489 0.006170 1.000000
-0.617490 -0.206367 -644.699140
-0.551609 -0.305752 71.214520
-0.001672 -0.000904 1.000000
-0.140520 -1.241719 530.023273
-0.164637 -0.632760 164.803903
-0.000429 -0.001940 1.000000
0.034760 -1.733262 613.545174
-0.032043 -0.835372 13.594126
-0.000084 -0.002714 1.000000
-0.131419 -1.613696 546.841257
-0.107973 -1.016136 63.682742
-0.000281 -0.002588 1.000000
-1.335014 0.671053 813.691532
-1.007063 0.354540 1546.702170
-0.002397 0.001026 1.000000
-5.912759 4.036756 -155.913145
-2.831525 1.514427 640.274018
-0.007099 0.006209 1.000000
1.534121 -0.028701 0.177510
0.231024 1.125352 -133.404403
0.000608 -0.000464 1.000000
1.019819 -1.125767 139.344912
0.122189 -0.437099 364.542100
0.000255 -0.001837 1.000000
0.154619 -0.367936 45.449601
-0.324620 -0.269032 368.116171
-0.000763 -0.001061 1.000000
1.299055 0.220257 -76.593782
0.109354 1.012124 107.330530
0.000183 0.000095 1.000000
-2.729789 3.161644 -469.109886
-1.855802 1.257093 837.940726
-0.004616 0.003440 1.000000
0.441048 -0.834171 170.868042
-0.162123 -0.566250 433.363174
-0.000274 -0.001713 1.000000
-0.227238 -0.308068 130.201553
-0.402846 -0.358202 398.993083
-0.000963 -0.000997 1.000000
-0.704561 -0.109903 94.268465
-0.613931 -0.403797 390.508001
-0.001409 -0.000612 1.000000
-0.838750 -0.686484 324.966602
-0.635193 -0.667299 406.912716
-0.001290 -0.001161 1.000000
-0.686852 -1.228049 -84.983746
-0.431015 -0.718522 -2.670958
-0.000984 -0.001883 1.000000
1.700924 -3.894781 1463.228436
0.772289 -1.976664 1812.020726
0.002421 -0.007055 1.000000
-0.814698 -0.299801 1747.328384
-0.466714 -0.295881 472.442077
-0.001353 -0.000918 1.000000
-0.237448 -0.890642 1335.744461
-0.217009 -0.762847 -183.465878
-0.000456 -0.002167 1.000000
0.971151 -0.504483 -2.026252
0.056288 0.265858 226.842296
0.000166 -0.001157 1.000000
1.000000 0.000000 0.000000
-0.000000 1.000000 -0.000000
-0.000000 -0.000000 1.000000
-0.446324 -0.627088 87.558390
-0.511207 -0.704220 322.087045
-0.001141 -0.001421 1.000000
-0.140627 -0.330491 38.317355
-0.304110 -0.433785 263.285145
-0.000832 -0.001175 1.000000
-0.683919 -0.687518 -33.723671
-0.437637 -0.302468 220.295941
-0.001317 -0.000967 1.000000
0.077630 -1.654971 -433.844636
0.005640 -1.256277 -397.260136
0.000262 -0.003399 1.000000
0.163730 -2.618556 -407.842967
0.417193 -1.886293 1079.759188
0.000721 -0.004746 1.000000
-0.802779 -0.803901 636.941068
-0.504091 -0.461928 1301.689286
-0.001275 -0.001121 1.000000
-3.472048 2.302543 2704.546756
-3.592248 2.575913 2218.468416
-0.006544 0.004816 1.000000
0.725811 -3.238669 -2754.092671
0.847741 -2.386855 -2159.560270
0.001928 -0.006133 1.000000
-1.001588 0.189080 2137.268161
-0.857526 -0.012963 961.792504
-0.002032 0.000145 1.000000
-0.214490 -1.103623 240.482286
-0.058114 -0.619723 181.120407
-0.000253 -0.002055 1.000000
-0.159549 -1.319942 144.195620
-0.234079 -1.116066 -40.552166
-0.000408 -0.002543 1.000000
-0.180150 -0.815997 90.252828
-0.383278 -0.913719 387.914306
-0.000792 -0.001863 1.000000
-0.166261 -1.361163 210.852403
-0.283392 -1.541435 301.838387
-0.000525 -0.002713 1.000000
0.614500 -3.376620 -3142.321906
0.564869 -2.493161 -2420.899787
0.001602 -0.006042 1.000000
-1.053952 0.193591 2251.742959
-1.097299 0.150384 2407.358785
-0.002471 0.001050 1.000000
-0.316773 -1.129010 471.586784
-0.398926 -1.201739 -148.636647
-0.000586 -0.002298 1.000000
0.255633 -1.696557 -621.255766
0.148796 -1.716206 -118.662240
0.000527 -0.003359 1.000000
-66.172851 97.503999 47468.012052
-57.162177 82.294093 75271.529352
-0.124272 0.219254 1.000000
-3.432614 4.009609 3633.027042
-3.269483 3.722940 2557.635955
-0.007375 0.008444 1.000000
-0.988020 -0.155129 1396.703058
-0.724146 -0.004758 1040.918265
-0.002156 0.000097 1.000000
1.285442 -4.542830 -3576.655158
0.901548 -3.196810 -3970.806010
0.003030 -0.009628 1.000000
-0.698965 -0.731972 85.353241
-0.507201 -0.415297 831.138444
-0.001288 -0.000927 1.000000
-1.352634 0.588935 1286.754208
-0.993979 0.255484 1269.221975
-0.002338 0.001018 1.000000
0.241977 -1.464910 1149.567673
-0.026857 -1.502081 248.013753
0.000221 -0.003561 1.000000
-0.212365 -0.982051 205.172476
-0.134684 -0.686331 -14.759753
-0.000576 -0.001921 1.000000
-0.231588 -1.172414 -1279.889080
-0.061022 -1.062734 585.827604
-0.000059 -0.002650 1.000000
-5.005425 5.660557 10162.381635
-3.130225 2.692987 1871.891586
-0.009531 0.009987 1.000000
1.090785 -3.465736 501.150857
0.667587 -2.893096 -1787.907916
0.002737 -0.007287 1.000000
0.515354 -2.242214 -276.838871
0.459361 -2.026143 -436.801578
0.001128 -0.004633 1.000000
1.360174 -3.050624 -100.619210
1.115470 -2.648055 -841.131390
0.002852 -0.006537 1.000000
-0.088218 -1.262948 286.193344
-0.115442 -0.964486 -304.949795
-0.000374 -0.002526 1.000000
-0.693463 -0.217679 1429.527410
-0.816689 -0.164291 621.970665
-0.002174 0.000058 1.000000
-4.308099 7.046732 -3139.203314
-3.255296 5.841575 5095.732558
-0.009655 0.014234 1.000000
2.485765 -5.820592 5291.868242
1.906273 -4.366913 -1057.721262
0.005873 -0.011974 1.000000
-3.577089 3.397490 -1092.170145
-1.971447 2.545650 3108.818977
-0.005720 0.007270 1.000000
-0.551966 -0.683264 1039.926409
-0.494563 -0.588927 -917.443011
-0.001177 -0.001207 1.000000
-0.053826 -1.033915 1145.199840
-0.140469 -1.184079 7.028250
-0.000084 -0.003212 1.000000
-0.227212 -1.292843 -2398.707389
-0.193368 -1.005183 -655.696228
-0.000431 -0.002468 1.000000
0.765265 -2.458888 1096.239703
0.159969 -1.363179 -257.438431
0.000730 -0.003940 1.000000
-0.013618 -1.423416 1151.475829
-0.186411 -1.262241 67.749860
-0.000020 -0.002752 1.000000
-0.666215 -0.914816 -124.070485
-0.609063 -0.532979 -1259.488014
-0.001298 -0.001258 1.000000
15.643700 -26.252305 7998.248065
17.701138 -24.179479 -18329.393334
0.033653 -0.062407 1.000000
0.869194 -2.855540 1829.488737
0.586135 -1.936072 -603.870612
0.001485 -0.005189 1.000000
-0.200838 -1.268336 2440.926806
-0.210340 -0.923420 -170.839395
-0.000366 -0.002428 1.000000
0.205845 -1.745687 -396.995925
-0.010642 -1.707643 302.629208
0.000104 -0.003316 1.000000
0.495824 -2.040506 -184.504998
0.163706 -1.987200 -1046.823381
0.000475 -0.003755 1.000000
37.203357 -58.802928 31810.775541
11.267931 -36.151733 -8757.334286
0.052681 -0.098545 1.000000
-0.293617 -1.066686 -388.291073
-0.245844 -0.877234 -32.580753
-0.000578 -0.002123 1.000000
-0.536823 -2.582283 113.266286
0.121381 -1.332539 -591.187208
-0.000346 -0.003452 1.000000
-0.923098 -0.074349 1116.761111
-0.652899 -0.103849 302.257963
-0.001604 -0.000041 1.000000
-0.120606 -1.396632 -1509.817673
-0.004654 -0.901210 -565.424212
-0.000194 -0.002766 1.000000
0.538256 -2.747671 877.806492
0.234245 -1.353638 -885.611863
0.000923 -0.004404 1.000000
0.309658 -1.616682 142.146842
0.050519 -1.199823 -162.914819
0.000122 -0.003196 1.000000
0.277953 -1.705222 -200.190770
0.007646 -1.747593 -566.221932
0.000275 -0.003994 1.000000
-0.313115 -0.787579 77.328111
-0.386572 -0.894924 239.097069
-0.000807 -0.001781 1.000000
-0.726834 -0.705560 1167.539086
-0.630984 -0.688075 675.699832
-0.001091 -0.001101 1.000000
0.100641 -3.460421 -2610.694647
0.056351 -2.007416 3729.033997
0.000918 -0.005280 1.000000
-2.580315 1.747624 -4583.511506
-1.684843 1.198973 7615.420348
-0.005256 0.004014 1.000000
-0.440663 -1.153633 1070.253825
-0.205066 -0.538737 -207.732144
-0.000717 -0.001858 1.000000
-0.072285 -0.612847 74.935862
-0.208876 -0.682221 -92.167111
-0.000754 -0.002056 1.000000
-0.397450 -0.509640 -619.689416
-0.547694 -0.704889 733.974460
-0.001047 -0.001405 1.000000
-1.745892 1.424442 295.254519
-1.372851 1.030950 2533.417250
-0.003366 0.002373 1.000000
-0.206400 -1.741696 -253.057018
-0.148996 -1.127593 -622.135509
0.000067 -0.003112 1.000000
0.184528 -1.564025 283.229051
-0.191914 -1.172847 2065.071949
-0.000257 -0.003448 1.000000
1.287215 -4.062607 -260.504108
0.431683 -3.410522 -761.609800
0.001505 -0.007746 1.000000
0.390872 -2.335169 -1360.033047
0.705483 -2.216455 -713.703779
0.001671 -0.005749 1.000000
7.615896 -15.450918 5136.766255
4.884826 -11.014302 -9801.171963
0.013256 -0.026962 1.000000
-2.018007 1.643863 -2021.927064
-1.517179 1.425240 1056.828991
-0.003517 0.003266 1.000000
-13.850607 21.300031 -11623.035407
-8.375728 14.642964 22085.302359
-0.027807 0.043268 1.000000
-0.593229 -1.064701 1004.265575
-0.388497 -0.718932 312.070481
-0.000827 -0.001472 1.000000
-0.396489 -1.171147 1957.934670
-0.283127 -0.773461 114.102472
-0.000731 -0.001780 1.000000
-0.436530 -0.740743 -315.733387
-0.421284 -0.890122 307.695284
-0.000769 -0.001648 1.000000
0.014985 -1.129295 1131.983065
0.036630 -1.480419 -113.829789
0.000081 -0.003262 1.000000
-0.477663 -0.747171 783.757055
-0.563529 -0.879716 317.880903
-0.000917 -0.001573 1.000000
0.222223 -2.162327 569.546740
0.177101 -1.450930 -451.868368
0.000415 -0.003505 1.000000
-0.989515 -0.511862 1108.551182
-0.485739 -0.518808 356.350613
-0.001198 -0.000982 1.000000
-0.860560 -0.930522 1100.601313
-0.626590 -0.342470 157.300283
-0.001563 -0.000771 1.000000
-1.091294 -0.497127 1209.262943
-0.696353 -0.366172 330.511681
-0.001592 -0.000733 1.000000
-1.255162 -0.069487 2043.039139
-0.758726 -0.109291 727.568541
-0.001959 0.000167 1.000000
-0.852415 -0.715959 998.249453
-0.251883 -0.305249 118.156727
-0.001060 -0.001153 1.000000
-0.033784 -0.855351 -70.668236
-0.206090 -0.678812 628.922043
-0.000478 -0.002023 1.000000
-0.897584 -0.719251 1259.485141
-0.659880 -0.619030 528.442564
-0.001167 -0.001020 1.000000
-0.277399 -1.820296 1015.986054
-0.147664 -0.844249 -161.466432
-0.000182 -0.002742 1.000000
-1.014958 -1.143023 1208.162895
-0.158148 -0.168719 -23.059295
-0.001143 -0.001315 1.000000
-0.076884 -1.753662 805.905628
0.118116 -1.504291 -458.186577
0.000156 -0.003623 1.000000
-0.241371 -1.165459 885.145512
-0.186606 -1.059809 192.373165
-0.000439 -0.002382 1.000000
-0.618858 -0.954826 1198.969777
-0.411757 -0.561615 327.589102
-0.001068 -0.001385 1.000000
-0.209075 -1.303514 527.818494
-0.244355 -1.115999 83.468423
-0.000415 -0.002226 1.000000
-0.673791 -0.736580 1621.300337
-0.425300 -0.544982 410.830123
-0.000995 -0.001371 1.000000
-0.769076 -0.452277 1170.958630
-0.620083 -0.351331 453.874641
-0.001334 -0.000789 1.000000
-0.652070 -0.611198 1270.943923
-0.666503 -0.466434 264.851994
-0.001600 -0.000612 1.000000
-0.355800 -0.890492 512.248475
-0.293113 -0.744061 -95.728086
-0.000637 -0.001942 1.000000
-0.066322 -1.356369 -142.621710
0.054768 -1.553561 1251.032004
0.000128 -0.003386 1.000000
1.202348 -3.730246 1022.501927
0.508369 -2.356685 -842.522900
0.001469 -0.006074 1.000000
0.032975 -1.067268 28.137605
-0.151660 -1.312173 158.384871
0.000145 -0.002864 1.000000
0.817973 -2.564886 4543.570859
0.658257 -3.154284 214.224977
0.001730 -0.006527 1.000000
60.009082 -122.354635 -22976.560936
53.831787 -115.666080 -78868.423283
0.128636 -0.256740 1.000000
-0.338491 -2.187169 376.996419
0.103729 -2.307917 260.696033
0.000719 -0.004335 1.000000
-0.064415 -0.983435 391.539805
-0.275296 -1.448451 128.927429
-0.000055 -0.002831 1.000000
-0.796597 -1.374732 823.419654
-0.252606 -0.531108 -268.466343
-0.000903 -0.001690 1.000000
-0.912933 -0.414114 1066.416974
-0.442235 -0.348711 760.072976
-0.001277 -0.000645 1.000000
-2.089485 1.879214 918.581208
-0.710907 0.388352 1068.156788
-0.003264 0.003084 1.000000
-0.538389 -0.806346 -92.902979
-0.404689 -0.622030 163.547952
-0.000951 -0.001673 1.000000
-0.304045 -1.434918 649.685817
-0.205119 -0.829045 65.304547
-0.000484 -0.002270 1.000000
-0.015065 -1.446317 -475.152675
-0.127540 -0.998097 -9.110796
-0.000076 -0.002550 1.000000
-0.039100 -1.076944 346.978414
-0.208525 -1.175809 203.612115
-0.000310 -0.002305 1.000000
-0.130045 -0.769600 -27.109019
-0.292840 -0.830732 267.129681
-0.000597 -0.001804 1.000000
0.069867 -1.170388 568.592545
-0.069312 -1.204999 201.142904
0.000011 -0.002448 1.000000
-0.152350 -0.987892 305.677261
-0.291262 -1.067181 312.461187
-0.000519 -0.002133 1.000000
-0.464961 -0.719067 87.728457
-0.569862 -0.759331 227.016329
-0.001017 -0.001398 1.000000
-0.371998 -0.629416 -72.532725
-0.274377 -0.562123 215.784536
-0.000890 -0.001547 1.000000
0.009818 -1.786234 132.951085
-0.024406 -1.246366 18.537638
-0.000086 -0.002812 1.000000
1.598292 -5.069554 -1578.785080
1.355530 -4.027993 -1726.119703
0.003504 -0.009380 1.000000
-0.630745 -1.011292 -195.974615
-0.375620 -0.609333 325.286002
-0.000949 -0.001665 1.000000
0.294479 -2.177777 1018.678966
0.291409 -1.562764 -578.905542
0.000778 -0.003572 1.000000
0.117200 -1.213800 101.400695
-0.061013 -1.095640 -213.572888
-0.000162 -0.002467 1.000000
0.397896 -1.946211 521.501049
0.092990 -1.331833 -133.702961
0.000498 -0.003609 1.000000
-2.208912 2.433796 -3560.466181
-1.931595 1.281674 4328.295455
-0.004422 0.003990 1.000000
-0.088096 -1.389235 875.733590
-0.095681 -1.229330 -230.124310
0.000024 -0.003136 1.000000
0.794474 -2.711871 -1394.228496
0.455653 -2.462840 -76.875958
0.001520 -0.005240 1.000000
-1.362595 0.130464 1376.310156
-0.873473 0.026956 759.517764
-0.002265 0.000425 1.000000
-0.926183 0.263359 -1630.775569
-0.822307 0.190509 1330.729355
-0.002010 0.000284 1.000000
-0.237939 -0.972035 861.236873
-0.475671 -1.090601 212.024476
-0.000660 -0.001947 1.000000
-0.172394 -1.867884 -197.587737
-0.187899 -1.480734 4.217200
-0.000030 -0.003144 1.000000
-0.061065 -1.500194 1758.951990
-0.118925 -1.562816 -218.833399
-0.000080 -0.003161 1.000000
-0.099932 -0.842101 89.595555
-0.286982 -1.048996 44.710577
-0.000562 -0.002092 1.000000
