-0.192860 -1.206600 553.347023
-0.152514 -0.586416 -45.179359
-0.000295 -0.002199 1.000000
-0.013662 -0.694922 185.352745
-0.197947 -0.336304 -22.015113
-0.000107 -0.002402 1.000000
0.030633 -0.744533 137.974948
-0.096520 -0.392216 61.022310
-0.000028 -0.002040 1.000000
-0.110923 -0.565217 87.394519
-0.028734 -0.513556 96.008520
0.000036 -0.002122 1.000000
-0.156693 -0.959659 276.569050
-0.104359 -0.811403 79.285376
0.000012 -0.002480 1.000000
-0.126170 -0.526439 49.696236
-0.136212 -0.432381 55.352545
-0.000121 -0.002123 1.000000
0.011654 -0.296415 68.652580
-0.030723 -0.264030 64.454187
0.000099 -0.001965 1.000000
-0.103504 -0.624748 131.077022
0.000161 -0.518114 -73.878018
0.000180 -0.002452 1.000000
0.171844 -0.904079 -131.243030
0.076666 -0.760590 -101.509082
0.000669 -0.003033 1.000000
0.395121 -1.992757 869.950029
0.080108 -0.358457 -91.152473
0.000504 -0.002554 1.000000
0.027025 -1.208069 488.582808
-0.047212 -0.513425 -1.361958
0.000045 -0.002137 1.000000
-0.014963 -0.287189 27.216571
-0.033487 -0.227408 34.065067
-0.000111 -0.001910 1.000000
0.373722 -1.673869 711.908435
0.204900 -0.693209 -223.082388
0.000285 -0.002686 1.000000
0.608206 -2.181391 265.684366
0.574065 -1.109848 -820.017262
0.001007 -0.003772 1.000000
-0.133971 -0.657939 298.455335
-0.029268 -0.369393 -33.330132
-0.000267 -0.001753 1.000000
-0.105073 -0.559932 182.916969
-0.072741 -0.398943 20.478660
-0.000321 -0.001705 1.000000
0.000314 -0.673128 175.547949
0.024492 -0.475323 -0.676881
-0.000036 -0.002085 1.000000
-0.009775 -0.712551 116.607783
-0.115272 -0.551325 106.299538
-0.000134 -0.002195 1.000000
0.041789 -0.770598 124.801154
-0.056929 -0.587352 -54.613848
-0.000114 -0.002252 1.000000
-0.050531 -0.516459 127.409950
-0.056022 -0.349431 34.381388
-0.000263 -0.001714 1.000000
-0.102916 -0.459952 209.746323
-0.056773 -0.341968 83.046181
0.000038 -0.001995 1.000000
0.021388 -1.186469 195.486943
-0.046070 -0.800008 188.520968
-0.000054 -0.002116 1.000000
-0.305756 -0.787912 -208.403377
-0.327413 -0.707219 372.597059
-0.000677 -0.001543 1.000000
-0.101009 -0.574941 255.166935
0.062761 -0.391221 -117.476447
0.000083 -0.002182 1.000000
-0.055493 -0.441567 188.196696
-0.137742 -0.375284 -3.698506
-0.000257 -0.001888 1.000000
0.063570 -1.303861 283.430989
-0.088026 -0.799356 -88.231282
0.000061 -0.002991 1.000000
0.006050 -0.607199 100.613797
-0.009482 -0.472972 133.301264
0.000219 -0.002211 1.000000
0.014274 -0.329505 2.456224
0.076778 -0.419911 37.850532
0.000120 -0.002213 1.000000
-0.040026 -0.689044 167.958325
-0.023456 -0.578153 30.129237
-0.000139 -0.002142 1.000000
-0.055641 -0.547684 258.066398
-0.001021 -0.558603 8.069975
-0.000093 -0.002048 1.000000
-0.237616 -0.896448 237.740300
-0.212889 -0.543562 -48.773396
-0.000571 -0.001993 1.000000
-0.019335 -0.647914 170.983430
-0.036067 -0.343971 -118.427511
-0.000248 -0.001848 1.000000
0.038749 -1.114406 289.103230
-0.024935 -0.708613 -281.325141
0.000336 -0.002985 1.000000
-0.213181 -0.690468 196.446360
-0.106132 -0.372285 -82.438519
-0.000433 -0.001883 1.000000
-0.059836 -0.359734 108.338314
-0.137361 -0.380610 142.822787
-0.000295 -0.001688 1.000000
-0.061303 -0.802954 262.445481
-0.241897 -0.483229 -63.164627
-0.000446 -0.002059 1.000000
0.012118 -0.847198 176.756710
0.010369 -0.650708 -122.277665
0.000166 -0.002551 1.000000
-0.225703 -0.777220 394.791654
-0.261108 -0.683090 40.274716
-0.000365 -0.001986 1.000000
0.130672 -1.213962 102.318649
0.387888 -0.977347 -411.321213
0.001157 -0.004004 1.000000
0.284253 -0.656764 -142.144622
0.104375 -0.482446 -103.865131
0.000298 -0.002434 1.000000
0.012785 -0.692776 216.912923
-0.095524 -0.418569 46.319019
-0.000065 -0.002021 1.000000
0.170881 -1.011418 154.271399
0.084098 -0.544945 -149.687095
0.000461 -0.002695 1.000000
0.003037 -0.884390 274.227534
0.237203 -0.654163 -379.922107
0.000497 -0.003047 1.000000
-0.069787 -0.404193 185.471169
0.016207 -0.191475 -37.099617
-0.000204 -0.001791 1.000000
0.014860 -0.518018 181.574281
-0.041598 -0.265794 -66.440582
0.000042 -0.002017 1.000000
-0.062856 -0.840754 208.043189
-0.113513 -0.493260 -65.565302
-0.000002 -0.002293 1.000000
0.008075 -0.680372 69.251307
0.120457 -0.415053 -159.235913
0.000109 -0.002178 1.000000
0.029007 -0.755967 266.421286
-0.004771 -0.527908 -38.805796
-0.000066 -0.002228 1.000000
0.266339 -1.194050 347.941219
0.055851 -0.961684 -29.148629
0.000099 -0.002702 1.000000
0.025691 -0.615039 110.818326
-0.007410 -0.353260 -45.402565
-0.000203 -0.001990 1.000000
0.168662 -0.782837 249.338928
-0.027627 -0.645665 -19.364518
-0.000108 -0.002468 1.000000
0.169771 -1.208388 314.921641
-0.057820 -0.644105 -120.197486
-0.000132 -0.002375 1.000000
0.568518 -1.639103 30.103496
0.299388 -0.800847 -231.062859
0.000387 -0.003059 1.000000
0.136831 -1.039465 251.818766
0.011394 -0.335672 -159.087812
0.000166 -0.002355 1.000000
0.310883 -1.457171 311.009843
0.155485 -0.494358 -223.033409
0.000152 -0.002532 1.000000
0.121755 -0.872589 54.008093
0.029531 -0.546878 -101.223095
0.000107 -0.002548 1.000000
0.018586 -1.037001 494.335049
-0.016826 -0.590970 -89.500983
-0.000087 -0.002509 1.000000
0.218927 -1.430622 460.236025
0.159589 -0.698057 -340.000201
0.000572 -0.003021 1.000000
0.004557 -1.009267 210.308109
0.079351 -0.569089 -72.898222
0.000419 -0.002862 1.000000
0.187207 -1.253920 207.256063
0.070493 -0.410868 -164.696902
0.000025 -0.002410 1.000000
-0.015721 -0.591911 140.483794
0.001691 -0.353160 -31.045711
-0.000094 -0.001885 1.000000
0.083286 -0.719513 181.684285
0.123953 -0.447929 -97.991653
0.000317 -0.002413 1.000000
0.110703 -0.423514 80.315714
0.025578 -0.195314 -20.666540
0.000315 -0.002176 1.000000
0.203975 -1.230368 478.501137
-0.000673 -0.687534 -143.664451
-0.000082 -0.002220 1.000000
0.131554 -0.770029 119.856149
-0.039522 -0.398130 -76.251278
-0.000280 -0.002073 1.000000
0.308242 -1.548101 443.767446
0.081924 -0.778417 -94.872405
0.000126 -0.002519 1.000000
0.113393 -0.743717 157.276186
-0.069206 -0.460190 5.399355
-0.000150 -0.002002 1.000000
-0.158793 -0.631653 223.978968
-0.032639 -0.327169 -33.457803
-0.000214 -0.001789 1.000000
0.051151 -0.424897 -87.311327
-0.036556 -0.181647 -53.886195
-0.000326 -0.001772 1.000000
-0.241904 -0.960331 596.686309
-0.035782 -0.353548 -36.402387
-0.000373 -0.001692 1.000000
0.137466 -1.020296 240.546758
-0.056835 -0.526511 7.646434
-0.000061 -0.002130 1.000000
0.201087 -1.332400 460.043468
-0.020776 -0.736139 -5.243545
0.000086 -0.002391 1.000000
0.046985 -0.701268 8.200686
0.000249 -0.390113 12.025856
-0.000059 -0.002194 1.000000
-0.087547 -1.187641 1054.598809
0.073097 -0.654474 -256.546070
-0.000060 -0.002344 1.000000
0.231067 -1.564809 211.265104
0.106480 -1.007822 -111.656544
0.000302 -0.003146 1.000000
-0.039889 -0.738996 367.563356
-0.056279 -0.512843 1.829083
-0.000191 -0.001973 1.000000
-0.092244 -0.550732 115.085766
0.058121 -0.323996 -7.775388
-0.000086 -0.002065 1.000000
-0.084850 -0.466841 162.759312
-0.014994 -0.257062 18.609405
-0.000201 -0.001751 1.000000
0.230295 -0.947104 144.553795
0.018322 -0.424007 -129.102467
0.000061 -0.002359 1.000000
0.118455 -1.329465 517.221020
0.140198 -0.765661 -129.409201
0.000533 -0.002802 1.000000
0.227777 -1.126174 460.171516
0.132336 -0.438782 -70.547266
0.000274 -0.002233 1.000000
0.471171 -1.427713 480.242943
-0.005688 -0.346099 -15.768864
0.000362 -0.002301 1.000000
0.254789 -1.573336 476.256539
0.416440 -1.201043 -183.582322
0.000899 -0.003431 1.000000
0.253175 -1.535072 722.537377
0.100806 -0.500464 -167.353032
0.000431 -0.002694 1.000000
0.061819 -0.384417 151.653510
0.031464 -0.200596 19.944524
0.000157 -0.001958 1.000000
-0.010071 -0.405701 186.373462
0.015726 -0.188636 10.581404
0.000052 -0.001908 1.000000
0.052345 -1.008097 338.741322
0.030380 -0.512065 -95.458743
-0.000052 -0.002369 1.000000
0.331664 -1.302326 341.743278
-0.049534 -0.405774 -50.187252
0.000152 -0.002702 1.000000
-0.111833 -0.438279 168.664312
-0.005565 -0.314521 35.743432
-0.000226 -0.001703 1.000000
-0.172909 -1.485171 493.796976
-0.144868 -0.992542 146.778970
-0.000024 -0.002620 1.000000
0.253211 -1.669773 422.474335
0.031072 -0.975768 -23.491098
0.000430 -0.003089 1.000000
1.713633 -0.071270 -71.056888
0.308942 1.405313 -269.792919
0.001013 -0.000609 1.000000
0.278012 -0.676621 390.421034
-0.136286 0.214191 53.247844
0.000031 -0.001284 1.000000
0.023937 -0.556055 126.478802
-0.061736 -0.313020 5.071009
-0.000252 -0.001828 1.000000
-0.069122 -0.390288 161.312601
-0.048635 -0.180871 7.637906
-0.000246 -0.001644 1.000000
-0.121931 -1.151748 532.298437
-0.004827 -0.506836 55.637231
-0.000210 -0.002119 1.000000
-0.076257 -0.405300 200.385125
-0.052018 -0.227053 24.186752
-0.000229 -0.001677 1.000000
0.760864 -0.701888 235.714051
0.039323 0.712455 -165.127936
0.000127 -0.001106 1.000000
0.436242 -0.831642 337.683403
-0.018024 0.218376 -32.861763
0.000042 -0.001484 1.000000
-0.425066 -1.096625 532.645881
-0.229189 -0.701101 196.573235
-0.000444 -0.001879 1.000000
0.130714 -0.743165 343.577300
-0.161671 -0.084755 124.316983
-0.000126 -0.001400 1.000000
0.261805 -1.482592 436.879678
0.020081 -0.621825 -71.589134
0.000136 -0.002421 1.000000
0.114434 -1.529805 575.949660
0.067430 -0.923806 -4.845814
0.000154 -0.002657 1.000000
0.277152 -1.408904 343.667049
-0.068304 -0.579768 24.672406
-0.000024 -0.002286 1.000000
0.298998 -1.189691 354.359603
0.013971 -0.455493 -13.750205
0.000189 -0.002176 1.000000
0.000660 -0.860857 218.083228
-0.143750 -0.718684 -117.876302
-0.000279 -0.002584 1.000000
-0.076216 -0.534262 143.241192
-0.150402 -0.390487 103.166117
-0.000377 -0.001810 1.000000
-0.132327 -1.053961 493.735894
-0.132359 -0.559266 94.325527
-0.000271 -0.001860 1.000000
-0.095914 -1.223173 395.121373
-0.083537 -0.791380 -28.426975
-0.000192 -0.002505 1.000000
0.285900 -0.465993 261.991763
-0.070450 0.162352 8.357552
0.000017 -0.001317 1.000000
0.003851 -1.134238 359.280900
0.025854 -0.618440 -63.954185
0.000115 -0.002464 1.000000
-0.006739 -1.250749 337.004106
-0.104472 -0.852094 23.006201
-0.000231 -0.002408 1.000000
0.218393 -1.361211 501.522021
0.016820 -0.514088 -137.230515
0.000231 -0.002501 1.000000
0.069340 -1.078861 452.177590
-0.055165 -0.468422 -82.737863
-0.000053 -0.002031 1.000000
-0.110796 -0.630242 217.740623
-0.150230 -0.303124 15.729433
-0.000543 -0.001615 1.000000
-0.638894 -1.334941 579.583652
-0.210158 -1.277612 316.877800
-0.000654 -0.002286 1.000000
-0.147969 -1.402920 535.701172
-0.165303 -0.884533 183.936845
-0.000314 -0.002178 1.000000
2.197990 -0.092746 -345.324306
0.205066 2.308930 -545.893293
0.000998 -0.000299 1.000000
1.417168 -0.294350 -76.377225
0.095995 1.484418 -304.841697
0.000516 -0.000639 1.000000
0.472823 -0.031007 27.580486
-0.270488 0.683959 48.273317
-0.000452 -0.000354 1.000000
0.344834 -0.609601 221.000740
-0.136408 0.249536 18.347874
-0.000183 -0.001199 1.000000
0.718581 -0.539256 175.490130
-0.130662 0.782527 -24.813901
-0.000092 -0.000673 1.000000
0.122599 -1.155147 440.634502
-0.152112 -0.360867 86.070120
-0.000106 -0.001855 1.000000
-0.235381 -0.767157 292.016594
-0.306380 -0.354764 151.908031
-0.000681 -0.001410 1.000000
0.017659 -0.443009 180.870180
-0.320461 0.150828 140.450760
-0.000735 -0.000749 1.000000
0.049902 -0.559542 228.531714
-0.297293 0.007736 144.762792
-0.000375 -0.001285 1.000000
0.824553 0.088020 70.169048
-0.083244 1.257949 -44.265126
-0.000064 0.000209 1.000000
0.409030 -0.537731 243.237718
-0.175077 0.294737 186.079998
-0.000241 -0.000752 1.000000
-0.739144 -1.588615 582.452910
-0.338978 -2.153817 369.629337
-0.000558 -0.003329 1.000000
-0.044482 -0.651843 374.304504
-0.161347 -0.121749 82.452214
-0.000273 -0.001415 1.000000
-0.226974 -0.847036 355.490148
-0.287213 -0.381236 77.829673
-0.000534 -0.001680 1.000000
-0.128476 -0.492429 211.202533
-0.117145 -0.307889 -5.333637
-0.000272 -0.001753 1.000000
-0.046061 -0.541906 178.077954
-0.039591 -0.547361 52.183361
0.000018 -0.002055 1.000000
0.067863 -1.099782 221.590742
-0.028482 -0.649609 -20.813476
0.000130 -0.002487 1.000000
1.041545 0.084764 -43.903553
0.017186 1.039374 -9.716245
0.000065 -0.000042 1.000000
1.000000 0.000000 -0.000000
0.000000 1.000000 0.000000
0.000000 0.000000 1.000000
0.980339 -0.101138 49.625855
0.097038 0.952833 -56.401338
0.000415 -0.000594 1.000000
1.002829 0.192300 -1.267312
-0.126173 1.498449 -121.899973
0.000250 -0.000038 1.000000
-0.252201 -1.046536 405.814840
-0.207035 -0.470492 152.113346
-0.000523 -0.001721 1.000000
0.142960 -1.149789 529.590692
0.089956 -0.467369 -148.901538
0.000047 -0.002193 1.000000
0.000970 -1.603982 953.321272
0.022503 -0.546260 44.815552
0.000014 -0.002323 1.000000
-0.334765 -1.324753 724.325732
-0.199053 -0.657258 0.208372
-0.000208 -0.002661 1.000000
0.154819 -1.608719 707.211987
0.078290 -0.841899 -422.709220
0.000356 -0.003023 1.000000
-0.365138 -1.143413 773.370549
-0.187861 -0.288658 -41.974022
-0.000551 -0.001545 1.000000
0.143223 -1.642530 899.089173
-0.000717 -0.318623 -16.430401
0.000072 -0.002031 1.000000
0.005304 -1.313189 584.444559
-0.083321 -0.695576 -42.881292
-0.000179 -0.002202 1.000000
-0.126432 -0.904504 434.390111
0.028031 -0.401046 -174.407583
0.000212 -0.002425 1.000000
-0.256732 -1.351572 481.190424
-0.127293 -0.743975 -60.875744
-0.000199 -0.002507 1.000000
0.056396 -0.618768 -118.912483
0.021521 -0.566849 68.328898
0.000030 -0.002167 1.000000
-0.215974 -0.726845 83.253497
-0.139273 -0.531598 123.777035
-0.000581 -0.001652 1.000000
-0.764270 -1.098688 185.318179
-0.319748 -0.503162 -48.762330
-0.000897 -0.001714 1.000000
0.275795 -2.379572 1135.555629
0.062886 -0.871456 6.132510
0.000528 -0.003335 1.000000
-0.053560 -1.633619 812.134304
0.013581 -0.730446 -190.209324
0.000020 -0.002462 1.000000
0.948368 -2.253283 1157.148820
0.138749 -0.286229 -389.468175
0.000991 -0.003202 1.000000
0.151822 -1.774461 970.511553
-0.069380 -0.424304 30.527208
0.000166 -0.002526 1.000000
0.578911 -2.199375 974.768256
0.066833 -0.250748 1.623486
0.000435 -0.002277 1.000000
-0.158008 -1.166865 387.915059
-0.250747 -0.963134 264.282704
-0.000521 -0.002267 1.000000
0.477725 -2.451065 1011.765704
0.236228 -0.876726 -312.140030
0.000611 -0.003267 1.000000
0.727422 -2.137572 830.888603
0.058264 -0.462630 -16.010771
0.000639 -0.002632 1.000000
0.192169 -1.378803 506.020287
-0.114067 -0.583171 -26.688245
0.000166 -0.002590 1.000000
-0.045661 -1.278778 700.307276
-0.029231 -0.642166 7.567154
0.000116 -0.002365 1.000000
0.499476 -0.093670 162.381620
-0.354586 1.034904 0.786424
-0.000483 0.000230 1.000000
-0.106169 -1.307858 544.651476
-0.077256 -0.635791 121.610326
0.000025 -0.002270 1.000000
0.032939 -0.490869 -5.458038
-0.045635 -0.441585 82.186905
-0.000054 -0.002014 1.000000
-0.020475 -0.611889 114.841237
-0.109075 -0.558533 114.180442
-0.000068 -0.002078 1.000000
0.003371 -0.280903 38.729184
0.066561 -0.381543 56.785397
0.000225 -0.002223 1.000000
0.453998 -1.041980 -1252.575399
0.580533 -1.920113 812.740709
0.001185 -0.003533 1.000000
0.020640 -0.720566 53.649430
-0.013658 -0.508279 83.154900
0.000188 -0.002402 1.000000
0.126839 -1.666070 499.435310
0.008027 -0.609254 -119.607332
0.000222 -0.002741 1.000000
-0.173596 -1.071036 411.443800
-0.131077 -0.836026 95.955153
-0.000439 -0.002139 1.000000
-0.064118 -1.170536 617.518890
0.014775 -0.574712 -24.610100
-0.000003 -0.002177 1.000000
0.379770 -1.475995 471.215168
-0.044317 -0.518801 -48.581756
0.000343 -0.002737 1.000000
0.012476 -0.223761 22.168593
0.072665 -0.259126 32.835166
0.000111 -0.001897 1.000000
-0.046423 -0.785068 -112.956366
0.031952 -0.838183 46.643505
0.000253 -0.002808 1.000000
0.021493 -0.407369 -28.943525
-0.091036 -0.383719 118.900098
-0.000059 -0.002013 1.000000
-0.043092 -0.227542 96.805587
-0.038716 -0.346293 150.473916
-0.000105 -0.001662 1.000000
0.132122 -0.977449 151.181708
0.035079 -0.698770 22.084603
0.000237 -0.002501 1.000000
-0.018147 -0.479405 -5.232656
-0.035178 -0.256406 31.170055
0.000141 -0.002197 1.000000
-0.044012 -0.949739 -136.203141
0.001220 -0.815499 246.758001
-0.000150 -0.002396 1.000000
-0.098973 -0.495375 -21.511769
-0.064601 -0.508355 32.709534
0.000074 -0.002471 1.000000
0.040749 -0.359992 -25.165537
-0.007653 -0.391298 32.295206
0.000331 -0.002412 1.000000
0.106737 -0.623278 49.610707
0.077726 -0.531783 2.894194
0.000450 -0.002657 1.000000
0.085002 -0.779711 226.665382
-0.171968 -0.855442 74.854060
-0.000343 -0.002392 1.000000
0.813042 -0.424586 156.304801
-0.154421 0.661140 9.910533
-0.000078 -0.000477 1.000000
0.213182 -1.489451 497.695831
0.028101 -0.620201 -40.871197
0.000290 -0.002659 1.000000
-0.090454 -0.470867 93.930088
-0.081262 -0.659272 161.503299
0.000139 -0.002319 1.000000
0.011689 -0.467838 -28.604730
0.018146 -0.460334 65.123999
0.000045 -0.002321 1.000000
0.018121 -0.375103 23.320136
0.062280 -0.521904 46.116265
0.000469 -0.002465 1.000000
-0.060601 -0.535823 84.918146
-0.106546 -0.383629 58.799910
-0.000179 -0.001970 1.000000
-0.009048 -0.627605 -5.759304
-0.114924 -1.150809 654.676918
-0.000241 -0.001949 1.000000
-0.715632 -0.364794 1203.565388
-0.631664 -0.450048 615.601256
-0.001326 -0.000786 1.000000
-0.189506 -0.433889 117.737800
-0.188763 -0.351649 -32.852899
-0.000675 -0.001454 1.000000
-0.079277 -0.460970 29.071453
-0.016161 -0.509918 47.666262
-0.000217 -0.002154 1.000000
-0.039098 -1.645719 232.915434
0.032373 -1.431635 -61.091606
0.000065 -0.003595 1.000000
-0.097223 -0.665032 187.192909
0.054695 -1.086009 755.955428
-0.000053 -0.001981 1.000000
-0.100234 -0.509543 -6.651820
-0.130803 -1.056135 771.313437
-0.000237 -0.001864 1.000000
-0.180090 -0.939826 723.260983
-0.123656 -1.054519 847.873117
-0.000268 -0.001645 1.000000
-0.694544 -0.769815 1313.089350
-0.435395 -0.477256 620.888981
-0.001007 -0.001105 1.000000
-1.064451 -0.260559 -294.272165
-1.261948 0.256172 1035.007441
-0.002435 0.000512 1.000000
-0.103131 -0.212059 62.922927
-0.127769 -0.466154 232.510102
-0.000233 -0.001617 1.000000
-0.440670 -0.713690 2003.137817
-0.354607 -0.499513 605.099366
-0.000933 -0.001141 1.000000
-0.690622 -0.469033 977.243778
-0.572759 -0.221310 752.316918
-0.001276 -0.000543 1.000000
-0.229219 -1.714136 1010.269577
-0.055978 -0.326369 64.406337
-0.000244 -0.001925 1.000000
-0.262818 -1.379523 1211.545102
-0.153046 -0.911837 443.721153
-0.000441 -0.002128 1.000000
-0.251180 -1.351273 938.598490
-0.029928 -0.161810 45.565240
-0.000287 -0.001561 1.000000
-0.229525 -1.612857 1023.756376
-0.062515 -0.335861 57.094479
-0.000250 -0.001868 1.000000
1.325950 -3.627451 974.594586
0.213922 -0.737840 -244.162742
0.001087 -0.003717 1.000000
-0.115867 -1.559790 921.554668
-0.022181 -0.266379 3.643074
-0.000159 -0.001962 1.000000
0.626891 -2.527530 1024.225530
0.189680 -0.447078 78.561971
0.000673 -0.002723 1.000000
-0.024842 -1.557652 917.190623
-0.089454 -1.028437 158.237525
-0.000096 -0.002724 1.000000
0.357181 -1.464365 621.332504
0.247649 -1.839168 1531.516408
0.000555 -0.002930 1.000000
-0.063748 -1.076436 405.273799
0.020303 -0.679483 -134.857131
-0.000210 -0.002102 1.000000
-0.011401 -1.529459 1074.472399
-0.028423 -1.184011 592.165502
-0.000047 -0.002054 1.000000
-2.921763 2.795257 1433.434020
-3.203390 3.109865 3572.890048
-0.005483 0.005251 1.000000
0.263204 -1.933453 981.134998
-0.069327 -0.410593 134.677184
0.000311 -0.002331 1.000000
0.609343 -2.634307 1066.603597
0.018891 -0.453210 86.080826
0.000706 -0.002995 1.000000
-3.229953 2.398961 -1737.415496
-1.377617 0.303085 -864.069296
-0.005784 0.003752 1.000000
0.270924 -1.087770 432.994637
0.358586 -0.932208 -34.845765
0.000542 -0.002525 1.000000
-0.803751 -0.381867 2288.486574
-0.574953 -0.439145 1672.348428
-0.001431 -0.000885 1.000000
-0.380544 -0.827702 714.220822
-0.416033 -0.810231 841.185526
-0.000664 -0.001240 1.000000
0.576500 -2.589491 1018.562814
0.094210 -0.582822 117.319016
0.000491 -0.002898 1.000000
-0.266959 -1.230663 1240.684930
-0.135908 -1.020488 1123.211297
-0.000438 -0.001760 1.000000
-0.532331 -0.915446 886.221417
-0.270814 -0.251987 115.562769
-0.000771 -0.001182 1.000000
-0.211339 -1.164087 1128.781468
-0.008331 -0.456745 134.403335
-0.000102 -0.001819 1.000000
-0.009998 -0.870160 318.362082
-0.011709 -0.482617 93.289110
-0.000046 -0.002140 1.000000
0.114844 -2.017188 1138.167261
0.001979 -0.485479 -51.132996
0.000051 -0.002403 1.000000
-0.276491 -1.431310 957.823238
-0.103051 -0.485514 73.553267
-0.000433 -0.001913 1.000000
0.207246 -1.394751 853.891296
0.503013 -1.371476 -604.122813
0.001258 -0.004043 1.000000
-0.210548 -1.486597 836.988691
0.013862 -1.014170 41.747412
-0.000288 -0.002550 1.000000
-0.266366 -1.424876 631.492822
0.012079 -0.812598 -179.595108
0.000099 -0.002799 1.000000
-0.306586 -1.200530 891.190906
-0.084127 -0.437489 -38.807286
-0.000347 -0.001886 1.000000
0.002593 -1.253414 378.169130
0.043219 -0.635045 -184.934970
0.000175 -0.002615 1.000000
-0.237964 -1.354963 927.410723
-0.080384 -0.324283 87.783330
-0.000334 -0.001687 1.000000
-0.046711 -2.025571 759.599290
-0.112975 -1.730507 122.280427
-0.000079 -0.003512 1.000000
0.265202 -2.089319 949.536832
-0.045443 -0.563645 82.009668
0.000167 -0.002773 1.000000
0.142118 -1.619679 1012.128979
0.024994 -0.615819 -73.882533
0.000087 -0.002461 1.000000
-0.775691 -0.116328 -242.507433
-0.529672 -0.271160 124.079447
-0.001412 -0.000374 1.000000
-0.296512 -0.946303 883.879216
-0.196640 -0.602102 197.861212
-0.000500 -0.001835 1.000000
0.153251 -0.712555 -51.864905
0.083876 -0.870385 268.627927
0.000206 -0.002075 1.000000
-0.043395 -1.665097 1108.884881
0.010814 -0.569700 -51.927937
0.000244 -0.002823 1.000000
0.189327 -2.213752 1053.760679
-0.008181 -0.712444 139.663851
0.000087 -0.002572 1.000000
0.128411 -1.729461 1025.612204
0.069913 -0.257889 -2.061000
0.000112 -0.001936 1.000000
-0.091625 -0.576511 321.404416
0.023130 -0.107303 -25.244460
-0.000209 -0.001624 1.000000
-0.123785 -1.320383 856.068502
0.011222 -0.307273 67.628902
-0.000233 -0.001669 1.000000
0.070976 -1.482965 871.870440
0.022032 -0.415356 35.594580
0.000071 -0.001958 1.000000
0.003265 -1.326674 740.044248
0.084994 -0.612375 -34.146189
-0.000037 -0.002198 1.000000
0.081290 -1.341582 639.114139
0.044485 -0.409883 -135.367586
0.000228 -0.002313 1.000000
-0.094430 -1.068537 575.698593
-0.019594 -0.480706 -31.951694
-0.000226 -0.001799 1.000000
0.200999 -1.351757 545.226416
0.047472 -0.543094 -84.958597
0.000093 -0.002413 1.000000
0.311755 -1.607798 592.632666
0.083791 -0.633977 -202.743339
0.000180 -0.002733 1.000000
-0.199234 -1.289631 679.085716
-0.104226 -0.575260 -39.089127
-0.000313 -0.002188 1.000000
-0.138692 -1.074818 729.064698
-0.126925 -0.433359 69.898710
-0.000160 -0.001995 1.000000
0.504903 -2.096745 850.589003
0.123988 -0.391454 -196.340315
0.000633 -0.003006 1.000000
-0.091307 -0.987803 501.399849
-0.122370 -0.453862 -17.380433
-0.000296 -0.001966 1.000000
0.099091 -1.549139 474.455069
0.118097 -1.135894 -44.577607
0.000163 -0.002937 1.000000
0.020157 -1.499521 814.651573
0.034988 -0.776590 12.661470
-0.000028 -0.002427 1.000000
0.409436 -1.432943 536.856267
0.127882 -1.183525 -29.097456
0.000252 -0.003051 1.000000
0.176668 -1.197423 551.491612
-0.123449 -1.041094 163.293030
-0.000069 -0.002580 1.000000
-0.120147 -1.703224 946.460470
0.041397 -0.647673 52.144505
-0.000065 -0.002372 1.000000
0.124951 -1.193815 415.092777
0.054891 -0.330503 -106.594400
0.000164 -0.002239 1.000000
-0.225609 -1.174619 742.920241
-0.083846 -0.569100 -63.970337
-0.000351 -0.002038 1.000000
0.012905 -1.617613 664.153487
-0.018536 -0.731037 -54.454439
-0.000034 -0.002409 1.000000
-0.326350 -1.182039 855.791858
-0.126614 -0.300983 56.908556
-0.000418 -0.001586 1.000000
-0.170126 -1.094107 546.634635
-0.168116 -0.434248 50.756443
-0.000428 -0.001833 1.000000
0.642421 -2.256284 466.733712
0.199893 -1.311793 -79.722166
0.000542 -0.003612 1.000000
0.209516 -1.574080 694.956765
0.162086 -0.760467 -207.280394
0.000282 -0.002827 1.000000
0.443590 -1.528104 638.225840
0.292288 -1.084504 -77.892089
0.000492 -0.003035 1.000000
0.024049 -1.308499 446.398626
0.053751 -1.074665 43.381910
0.000010 -0.002620 1.000000
0.236345 -1.796705 688.683264
-0.037955 -1.009043 -39.086063
0.000303 -0.003011 1.000000
-0.098784 -0.863753 349.141144
0.011645 -0.361668 -65.168505
0.000005 -0.002057 1.000000
-0.075851 -0.695105 222.165953
-0.147475 -0.491150 56.696143
-0.000332 -0.001831 1.000000
0.111158 -0.925405 218.542625
0.076403 -0.751568 -49.983381
0.000294 -0.002703 1.000000
-0.382003 -1.567083 598.659991
-0.208155 -0.870659 200.735917
-0.000424 -0.002374 1.000000
0.118247 -1.471845 814.465331
0.033337 -0.686046 -60.358846
0.000307 -0.002809 1.000000
-0.077498 -1.167353 273.213152
0.016779 -1.063794 44.968017
-0.000177 -0.002607 1.000000
0.015129 -1.191863 186.143231
0.048466 -1.087740 33.454294
0.000091 -0.002849 1.000000
0.123528 -0.969172 124.969768
-0.013503 -0.690848 63.766314
0.000008 -0.002393 1.000000
-0.078888 -1.239933 749.757471
0.034853 -0.486017 -133.521380
-0.000084 -0.002129 1.000000
-0.059301 -0.449250 138.511061
-0.019150 -0.599284 99.570570
0.000150 -0.002449 1.000000
0.022067 -0.685956 145.328502
-0.054150 -0.425957 -20.339453
-0.000203 -0.002007 1.000000
0.291706 -1.372249 482.560891
0.008319 -1.200129 -139.075963
0.000212 -0.003087 1.000000
0.040971 -0.610371 90.910113
-0.013097 -0.633312 92.236081
0.000006 -0.002176 1.000000
0.688521 -2.184427 675.091057
0.219518 -0.842798 -81.172130
0.000780 -0.003209 1.000000
-0.083868 -0.904084 201.003858
-0.048090 -0.732107 49.722374
0.000102 -0.002466 1.000000
-0.388608 -1.246720 874.456999
-0.149605 -0.531816 64.309627
-0.000279 -0.002029 1.000000
