2.224664 0.321155 -411.217951
0.416484 2.020720 -358.286561
0.000969 0.000353 1.000000
1.000000 -0.000000 0.000000
-0.000000 1.000000 0.000000
-0.000000 -0.000000 1.000000
-0.054640 -0.967296 484.520184
-0.029323 -0.397354 34.688893
-0.000257 -0.001782 1.000000
-0.201061 -1.258488 373.112853
-0.172760 -1.178200 130.223675
-0.000340 -0.002532 1.000000
-3.080553 1.868104 -279.455065
-2.053220 0.632598 863.855177
-0.005366 0.003045 1.000000
2.139984 0.008703 -265.867923
0.130103 0.956483 129.050976
0.001235 -0.000590 1.000000
221.012029 -453.827481 117557.143694
132.645924 -344.313137 -56062.795411
0.518628 -0.881014 1.000000
-2.045164 -0.136820 194.658678
-0.704111 -0.279453 397.306767
-0.003220 -0.000253 1.000000
0.806764 0.143581 91.164467
-0.306412 1.141952 110.542457
-0.000289 0.000437 1.000000
-1.760956 -1.063145 916.876322
-0.350323 -1.177871 520.204258
-0.001486 -0.002150 1.000000
-1.153888 -0.011537 150.624990
-0.567165 0.017603 286.357385
-0.002135 0.000233 1.000000
-0.713979 -0.550698 -6.678023
-0.288858 -0.263275 230.451638
-0.001347 -0.000889 1.000000
32.977916 22.390766 -10778.667080
2.971504 33.350817 -8311.976471
0.011212 0.044469 1.000000
-0.455912 -0.142688 114.714415
-0.304141 0.078524 128.954060
-0.001416 -0.000212 1.000000
0.882075 0.049875 8.808981
0.033477 1.085501 -18.647272
-0.000014 0.000035 1.000000
1.460630 0.461946 -163.699523
0.085051 1.395122 -73.236823
0.000204 0.000660 1.000000
0.081472 -0.475505 144.166325
-0.210369 -0.151510 167.543781
-0.000647 -0.001137 1.000000
0.695055 -0.250247 127.738812
0.019373 0.479173 38.005690
0.000063 -0.000594 1.000000
0.074903 -0.170501 209.530648
-0.221440 0.297767 127.252211
-0.000677 -0.000421 1.000000
-0.601452 -1.161146 358.624371
-0.298584 -0.905736 236.774086
-0.000979 -0.002102 1.000000
0.080740 -1.274616 390.323246
0.030309 -0.948301 43.250037
-0.000067 -0.002692 1.000000
2.228333 -4.335860 5361.829823
2.206675 -3.510251 -983.761420
0.004772 -0.008156 1.000000
-1.990851 1.112376 -650.257203
-1.160691 0.333158 1204.358539
-0.003290 0.001507 1.000000
-0.240831 -0.931145 208.850904
-0.228397 -0.690991 156.071621
-0.000755 -0.002036 1.000000
0.089256 -1.522261 535.166209
0.059577 -1.170272 -7.175303
0.000158 -0.003191 1.000000
-1.011718 1.927306 -196.040778
-1.284437 2.075204 666.021608
-0.003331 0.004347 1.000000
-0.132774 -1.390455 352.178156
-0.078349 -1.331718 127.599026
-0.000081 -0.002893 1.000000
-0.527275 0.091721 -388.291665
-0.512398 -0.042885 412.546731
-0.001567 -0.000177 1.000000
-0.234336 -1.057509 169.372039
-0.265037 -0.686630 177.068679
-0.000774 -0.001824 1.000000
0.251698 -1.061169 387.562969
0.021905 -0.457187 79.365321
0.000019 -0.001995 1.000000
0.119580 -1.363964 483.524740
-0.025504 -0.741956 64.133001
0.000065 -0.002520 1.000000
-0.839751 -0.378232 133.489066
-0.416762 -0.273642 402.278508
-0.001406 -0.000766 1.000000
-1.097451 0.149081 -562.901702
-0.561462 0.085330 221.963424
-0.001895 0.000119 1.000000
-0.276323 -1.091228 494.409643
-0.167235 -0.611154 119.715340
-0.000362 -0.002155 1.000000
-0.363066 -1.365105 492.988491
-0.122293 -1.022127 113.670304
-0.000551 -0.002518 1.000000
-2.040891 1.741694 -1475.487556
-1.025935 0.981831 1508.462577
-0.003914 0.003429 1.000000
-0.137962 -1.573747 614.267383
-0.057718 -0.926467 -14.681746
-0.000020 -0.002840 1.000000
-0.406795 -0.891114 57.674169
-0.127316 -0.629864 274.632961
-0.000754 -0.001931 1.000000
-0.033087 -1.577111 613.645271
-0.074189 -0.795605 -158.166227
-0.000115 -0.002717 1.000000
-0.207426 -1.387873 490.220462
-0.263209 -1.146960 168.026688
-0.000495 -0.002826 1.000000
-0.293202 -1.443842 582.046938
-0.153843 -1.091411 36.392477
-0.000409 -0.002623 1.000000
-0.659048 -0.745425 785.484977
-0.323643 -0.444316 170.425902
-0.000896 -0.001524 1.000000
-0.497777 -1.005474 772.756538
-0.290528 -0.512899 204.795071
-0.000646 -0.001789 1.000000
-4.838064 1.529890 5847.612747
-3.036688 3.043115 -103.223400
-0.009061 0.009251 1.000000
-0.486265 -0.428468 580.514392
-0.219483 -0.553721 104.838063
-0.000776 -0.001735 1.000000
1.637130 -2.574782 -460.056449
0.609260 -2.006198 -156.640310
0.001714 -0.005348 1.000000
2.206824 -2.587174 -944.501347
0.781951 -1.145663 -400.566292
0.002858 -0.005583 1.000000
-0.528777 -0.777550 777.103186
-0.304062 -0.575618 144.492658
-0.000841 -0.001621 1.000000
-0.443515 -0.898982 708.677621
-0.364232 -0.854581 243.488077
-0.000865 -0.001808 1.000000
-0.529308 -0.776917 777.644465
-0.223979 -0.465095 48.089842
-0.000675 -0.001737 1.000000
-0.213870 -0.883946 564.302219
-0.121443 -0.732862 108.277900
-0.000437 -0.002142 1.000000
-0.302352 -1.052665 691.634575
-0.302759 -0.799482 93.461224
-0.000506 -0.002094 1.000000
-0.019719 -1.489312 379.868213
-0.253831 -0.787623 13.450912
-0.000327 -0.002731 1.000000
-0.171556 -1.012942 268.268544
-0.240906 -0.809848 54.716592
-0.000354 -0.002109 1.000000
-0.755206 -0.700395 789.257066
-0.400108 -0.536110 112.887598
-0.001046 -0.001462 1.000000
-0.634554 -0.658888 871.721042
-0.364978 -0.443481 106.913907
-0.000883 -0.001324 1.000000
-0.313419 -0.795874 5.083643
-0.145282 -0.760155 -24.752514
-0.000505 -0.002410 1.000000
0.630687 -1.936675 123.925453
0.546109 -1.967854 -891.747948
0.000953 -0.004766 1.000000
-0.264693 -0.967494 236.839175
-0.054068 -0.898197 -277.208034
-0.000462 -0.002322 1.000000
-0.582697 -0.523951 119.116939
-0.444818 -0.373375 20.112021
-0.001086 -0.001254 1.000000
0.467588 -2.388995 -619.534797
0.390732 -1.048845 -262.971349
0.001381 -0.005211 1.000000
0.609785 -2.105301 206.771926
0.487359 -1.907114 -683.370930
0.001044 -0.004353 1.000000
-0.184111 -0.643049 -71.040865
-0.121448 -0.414929 15.577723
-0.000584 -0.001758 1.000000
-0.035213 -1.005974 -25.682458
0.009453 -0.777359 -255.409956
-0.000280 -0.002449 1.000000
0.292666 -1.897805 2454.653024
0.250861 -1.108796 -680.172432
0.000574 -0.004296 1.000000
3.154891 -4.660934 1516.862276
2.293952 -4.015454 -2445.092268
0.004553 -0.010543 1.000000
-2.181645 1.639809 -915.032273
-1.953824 1.226615 1743.318371
-0.003781 0.002892 1.000000
0.927826 -3.332507 106.519197
1.053716 -2.960343 -2602.807284
0.002752 -0.007816 1.000000
-0.113827 -0.851735 -385.969083
-0.125547 -0.419544 74.500535
-0.000467 -0.002247 1.000000
-0.046581 -1.483360 1164.637094
0.134145 -0.966892 -1675.691833
-0.000185 -0.002756 1.000000
0.007988 -1.645973 783.412309
-0.112288 -1.141278 -203.379191
-0.000030 -0.003125 1.000000
0.162153 -2.187362 749.951256
0.277743 -1.467143 -443.325728
0.000655 -0.003809 1.000000
-0.077205 -1.574429 -199.525339
0.098527 -1.027108 7.397641
0.000315 -0.003472 1.000000
-0.238206 -1.318567 351.689580
-0.126513 -0.834613 -98.992443
-0.000385 -0.002475 1.000000
0.010357 -1.309256 576.714563
-0.012645 -0.931133 -61.175010
-0.000030 -0.002739 1.000000
-0.022646 -1.170460 452.711307
-0.083663 -0.866619 41.879004
-0.000123 -0.002441 1.000000
0.420427 -1.939968 -901.977401
0.174353 -1.440551 -404.475305
0.001773 -0.005436 1.000000
0.046021 -1.332580 350.294218
-0.147742 -1.002249 -564.048864
0.000148 -0.003118 1.000000
-0.180961 -1.589081 334.899312
-0.162684 -1.282576 -359.934374
-0.000106 -0.003242 1.000000
-0.644274 -1.081099 615.943703
-0.342262 -0.470428 -85.382442
-0.001062 -0.001424 1.000000
-0.585704 -0.655107 -53.056743
-0.324490 -0.478011 -41.103096
-0.001015 -0.001320 1.000000
0.297845 -2.354089 647.462622
0.374493 -1.491561 -813.606232
0.000605 -0.004204 1.000000
0.315608 -2.948607 -230.924889
0.515169 -2.311859 -919.682334
0.000918 -0.004844 1.000000
0.119718 -1.767130 483.115836
0.241806 -1.222247 -883.889160
0.000232 -0.003121 1.000000
0.073910 -1.097704 -50.607278
0.170401 -0.698653 -85.726520
0.000254 -0.002832 1.000000
0.215085 -1.094934 -67.497929
-0.001956 -0.638483 -93.232358
0.000556 -0.003077 1.000000
-0.290607 -1.031630 210.337867
-0.184811 -0.517373 -12.316958
-0.000468 -0.001826 1.000000
-0.441588 -1.232991 276.403898
-0.202312 -0.875798 -83.459170
-0.000630 -0.002256 1.000000
-0.016570 -0.535394 -234.049955
-0.171188 -0.431236 114.591040
-0.000470 -0.001788 1.000000
0.284700 -2.466737 -411.331652
0.210289 -1.729943 -124.152566
0.000558 -0.004115 1.000000
0.129653 -1.661633 234.383982
0.053107 -1.470204 -16.473991
0.000098 -0.003105 1.000000
-2.503618 2.246335 908.614363
-1.711013 1.774915 2371.682426
-0.004512 0.003500 1.000000
-0.089478 -1.645865 -63.111700
0.196818 -1.293353 -44.998113
-0.000033 -0.002939 1.000000
-0.046760 -0.668167 -87.867283
-0.188286 -0.541552 20.699612
-0.000555 -0.001836 1.000000
-0.532662 -0.791687 154.823329
-0.325696 -0.326283 -344.325926
-0.001046 -0.001356 1.000000
-0.655170 -0.517973 438.008737
-0.513014 -0.405363 -102.335873
-0.001318 -0.001022 1.000000
0.473151 -3.634347 -179.466871
0.446126 -1.379824 -628.232235
0.000829 -0.005146 1.000000
-2.253391 0.456445 3682.281957
-1.754587 0.923225 84.363627
-0.004314 0.002410 1.000000
0.430348 -2.518125 189.058382
0.328472 -1.371568 -428.197447
0.000616 -0.003874 1.000000
-4.052429 5.116155 -1559.723231
-2.205983 2.409891 2467.102709
-0.007254 0.006805 1.000000
1.796254 -4.181306 122.858859
1.328806 -3.499173 -1333.832055
0.002527 -0.007358 1.000000
-0.329661 -1.422266 782.202779
-0.188655 -1.153867 -153.872266
-0.000404 -0.002337 1.000000
-0.125161 -1.732870 627.318721
0.116294 -1.206658 -128.426198
-0.000078 -0.002831 1.000000
0.487749 -2.544039 504.304979
0.675183 -2.175758 -314.665328
0.000724 -0.004211 1.000000
-0.072170 -1.971214 578.512922
0.071616 -1.764479 -84.929879
0.000246 -0.003466 1.000000
-0.002043 -1.758793 664.542364
0.116074 -1.358452 35.059183
0.000168 -0.003113 1.000000
0.617131 -2.839556 698.602264
0.531863 -1.944338 -92.444374
0.001190 -0.004939 1.000000
-0.068387 -0.784630 451.998422
-0.088322 -0.918985 -49.585308
-0.000484 -0.002102 1.000000
-0.059013 -1.738971 739.796731
0.080687 -1.503403 -270.655462
0.000136 -0.003344 1.000000
-0.084603 -1.597019 -520.821007
-0.064914 -1.276060 394.598769
-0.000007 -0.002914 1.000000
0.304122 -1.972972 -694.150538
0.234932 -1.147183 -24.405563
0.000860 -0.003978 1.000000
-0.123898 -1.408713 540.165204
0.055763 -0.923718 -1120.191941
-0.000207 -0.002637 1.000000
8.247442 -12.707077 -23553.007965
4.192581 -7.028627 -10994.197244
0.013259 -0.023181 1.000000
0.073148 -1.238757 770.114152
-0.052210 -0.735672 16.905787
0.000008 -0.002601 1.000000
-0.506527 -0.453022 30.796517
-0.371726 -0.325248 9.167652
-0.001171 -0.001004 1.000000
0.234230 -1.542663 -353.867148
0.073279 -1.052930 413.878509
0.000280 -0.003133 1.000000
-2.281931 2.054983 2580.689838
-2.885088 2.356324 -206.193052
-0.005352 0.004484 1.000000
2.871209 -5.522754 -7786.802198
1.688495 -4.061418 -5775.116399
0.005198 -0.012115 1.000000
-0.010307 -1.392344 -104.363168
0.032542 -1.062529 -469.157867
-0.000206 -0.003057 1.000000
-0.492506 -0.783558 112.865195
-0.270406 -0.435074 -523.176646
-0.001067 -0.001385 1.000000
-0.074507 -1.380644 817.031902
-0.021562 -0.983292 -151.188192
-0.000245 -0.002707 1.000000
-0.778403 0.055510 -593.745606
-0.710063 0.173139 566.512444
-0.001840 0.000187 1.000000
1.004112 -2.720261 3392.469793
0.689905 -2.248608 -1900.181330
0.001561 -0.005590 1.000000
0.459622 -2.604056 -255.487294
0.320278 -2.015861 -519.920506
0.000664 -0.004566 1.000000
-0.539215 -1.389907 -308.594956
-0.282662 -0.854692 -110.348513
-0.000798 -0.002435 1.000000
0.707284 -2.267154 696.564112
0.343232 -1.981577 -1128.695140
0.001183 -0.004919 1.000000
-0.234798 -1.144455 976.548136
-0.160589 -0.889024 139.144762
-0.000406 -0.002076 1.000000
-0.204843 -0.894730 645.469384
-0.312612 -1.016312 142.978355
-0.000487 -0.002280 1.000000
-0.331869 -0.960166 420.283649
-0.287066 -0.983213 -64.085076
-0.000568 -0.002386 1.000000
0.191199 -2.470392 -804.969652
0.123695 -1.639073 -94.213669
0.000489 -0.003911 1.000000
0.256005 -1.854900 1040.580167
0.297593 -1.222493 -539.224836
0.000604 -0.003693 1.000000
-0.300198 -1.144674 262.325865
-0.138834 -0.724227 -133.444160
-0.000547 -0.002269 1.000000
1.554620 -2.984273 4759.815043
0.979915 -2.030631 -1333.048411
0.001879 -0.005601 1.000000
-0.083355 -1.244333 889.864053
0.002469 -0.983418 20.323954
-0.000237 -0.002433 1.000000
0.149555 -2.148769 -1362.534987
0.147668 -1.498774 -390.325833
0.000264 -0.003565 1.000000
-1.255728 0.644660 1474.829212
-1.393770 0.700745 1480.614751
-0.002711 0.001587 1.000000
0.347674 -1.741383 431.478272
-0.093447 -1.451225 34.164393
-0.000199 -0.002919 1.000000
-0.409699 -0.790408 654.784024
-0.312475 -0.474323 43.215854
-0.000745 -0.001345 1.000000
1.220113 -3.127385 1249.909975
0.363311 -1.297845 -221.182865
0.000915 -0.004625 1.000000
-0.628047 -0.866576 1276.002776
-0.295909 -0.348879 405.490074
-0.000981 -0.001523 1.000000
-0.484730 -1.527397 1999.536030
0.018630 -0.465828 81.593546
-0.000422 -0.002411 1.000000
0.219317 -1.458539 29.877858
0.092188 -0.586018 -417.799695
-0.000162 -0.002753 1.000000
-0.101028 -0.927914 702.820927
-0.131148 -0.621231 -542.455842
-0.000413 -0.002158 1.000000
0.326478 -2.024900 1201.628548
0.199915 -1.549405 -347.215261
0.000439 -0.003951 1.000000
-0.498783 -1.087074 1762.009346
-0.136583 -0.437918 62.920018
-0.000751 -0.001607 1.000000
-0.300447 -1.263710 99.835477
-0.130876 -0.919751 -414.368643
-0.000257 -0.002456 1.000000
-0.223385 -1.470409 438.688926
-0.107250 -0.924893 -227.231306
-0.000322 -0.002574 1.000000
-0.207747 -1.144808 113.548004
-0.105568 -0.647662 -101.276437
-0.000565 -0.002015 1.000000
0.092014 -1.611910 -951.241855
0.285425 -1.357763 -397.088907
0.000278 -0.003148 1.000000
-0.113828 -1.992099 184.850610
-0.030860 -1.145782 -757.053925
0.000001 -0.002916 1.000000
-0.057668 -1.383063 676.333357
0.141120 -1.353452 -359.663573
0.000276 -0.003614 1.000000
-0.318476 -1.913757 929.696494
0.130898 -0.989918 -353.951456
0.000183 -0.003239 1.000000
-0.375319 -1.357477 699.049266
-0.174428 -0.833857 -1.781843
-0.000602 -0.002121 1.000000
-0.065814 -1.367596 566.673595
-0.093352 -1.130789 -148.631873
-0.000011 -0.003021 1.000000
0.143819 -2.581634 758.505846
0.026262 -1.852955 -286.659109
0.000502 -0.004639 1.000000
-0.149891 -2.212668 1256.494716
0.031825 -0.646273 -343.910753
-0.000036 -0.002874 1.000000
-0.305490 -1.193851 3276.260288
-0.195244 -0.687190 1036.493277
-0.000494 -0.002110 1.000000
-0.030749 -1.906828 1793.758623
0.014814 -0.899500 468.172814
-0.000002 -0.002990 1.000000
-1.928540 0.587993 -1266.826683
-0.936468 0.566299 879.968285
-0.002865 0.001350 1.000000
0.460858 -1.698891 166.181414
0.368099 -1.423498 -344.793615
0.000534 -0.003598 1.000000
0.075682 -0.881640 132.563122
0.071601 -0.757070 -395.324439
-0.000003 -0.002583 1.000000
-0.060463 -1.684911 5.141549
0.014916 -0.803814 -442.874424
-0.000144 -0.003054 1.000000
1.271646 -3.095416 676.549729
0.988660 -2.253205 -1921.808088
0.002894 -0.007207 1.000000
0.042169 -1.004602 69.172301
-0.037982 -0.722357 -84.944123
-0.000338 -0.002217 1.000000
0.684738 -2.319313 79.535281
0.862652 -2.504213 -656.473661
0.001615 -0.005566 1.000000
-0.301636 -1.446301 443.005603
-0.082279 -1.211462 99.732572
-0.000097 -0.002803 1.000000
-0.293319 -1.231901 1970.957464
-0.193303 -0.879113 1056.924798
-0.000495 -0.002397 1.000000
-0.016687 -0.881752 24.124299
-0.067957 -0.762769 -136.514875
-0.000274 -0.002243 1.000000
0.333442 -2.515031 1025.320129
0.199978 -1.138381 -395.857027
0.000430 -0.003816 1.000000
11.483777 -37.017381 -7568.629993
9.380181 -16.274914 -10317.538439
0.021318 -0.053687 1.000000
-0.388571 -0.597562 330.348888
-0.326203 -0.414983 79.231052
-0.000973 -0.001253 1.000000
-0.433832 -1.183049 813.577289
-0.234478 -0.742940 -124.927176
-0.000678 -0.002192 1.000000
-0.241966 -0.716450 -143.836686
-0.165608 -0.529238 24.605366
-0.000816 -0.001720 1.000000
0.069078 -1.116680 109.873101
-0.119109 -1.201876 -2.514316
-0.000173 -0.002778 1.000000
0.530644 -2.812083 -527.735483
1.114910 -2.639528 -845.543956
0.001755 -0.006189 1.000000
-25.390358 39.955891 30061.793666
-17.268061 29.456397 10781.030007
-0.052158 0.080131 1.000000
0.480696 -1.847841 420.219667
0.163776 -1.669195 -138.483116
0.000494 -0.003591 1.000000
-0.149291 -0.595355 -22.092903
-0.080977 -0.466145 50.260631
-0.000517 -0.001723 1.000000
-0.199751 -0.924801 -9.145151
-0.181298 -0.772662 -9.666721
-0.000605 -0.002078 1.000000
0.246992 -1.919587 -638.570782
0.308849 -1.442130 -354.711699
0.001011 -0.004633 1.000000
-0.066098 -1.234300 295.469361
-0.016786 -0.976711 -151.626208
-0.000001 -0.002851 1.000000
0.003670 -0.995490 313.586950
-0.106274 -0.925124 -17.682419
-0.000206 -0.002422 1.000000
-0.476742 -0.746432 1140.552085
-0.326762 -0.506992 530.333494
-0.000951 -0.001493 1.000000
-3.980151 3.768518 -1736.504083
-2.300497 1.549068 3864.376551
-0.008246 0.008292 1.000000
1.572349 -5.802931 -2280.961807
1.422790 -3.377200 -2727.241821
0.004073 -0.010548 1.000000
0.128311 -1.450601 -226.632364
0.016659 -1.168481 -901.437281
0.000026 -0.003031 1.000000
0.360450 -1.421311 -190.487217
0.339456 -1.352152 -742.405393
0.000783 -0.003977 1.000000
0.148236 -1.286198 -189.475850
-0.098518 -1.196482 -420.469617
0.000110 -0.002958 1.000000
0.261821 -1.339215 436.188582
0.011454 -1.257626 -24.108077
0.000298 -0.003010 1.000000
-1.639687 0.751139 2959.027688
-0.809140 0.674517 1284.182096
-0.003047 0.001500 1.000000
0.052814 -1.486971 544.395980
0.118522 -0.928182 1892.336622
0.000127 -0.003098 1.000000
7.198903 -7.127865 -10781.691358
3.682979 -4.738740 -4406.167110
0.017651 -0.023700 1.000000
1.361447 -4.124190 -1242.114624
0.976706 -2.076056 -409.740609
0.002726 -0.006978 1.000000
0.754249 -2.593703 -595.973577
0.207209 -1.715475 -537.006695
0.001096 -0.004796 1.000000
-0.466751 -1.074461 499.463654
0.011836 -0.841329 -232.387585
-0.000297 -0.002119 1.000000
-0.170506 -1.243270 -709.279200
-0.317894 -0.569734 -127.695372
-0.000646 -0.002036 1.000000
0.496325 -2.248499 -739.182899
0.657983 -2.233521 -1652.906848
0.001660 -0.005146 1.000000
6.008733 -10.801870 9784.260673
3.838284 -5.798550 3289.010750
0.008821 -0.019929 1.000000
0.009893 -1.027384 -415.297563
-0.181879 -0.890991 1121.054859
0.000032 -0.002728 1.000000
6.600877 -10.839381 771.299286
4.894031 -9.608265 -7064.049504
0.012802 -0.025685 1.000000
4.779809 -8.562380 -8571.518110
2.130009 -3.722198 6025.800295
0.007772 -0.015258 1.000000
-0.215016 -1.673422 1776.084888
0.109448 -0.911651 -804.164996
0.000087 -0.003017 1.000000
-0.298856 -1.528189 697.629874
-0.042309 -0.623899 -327.089753
-0.000320 -0.002213 1.000000
-0.710207 -1.245007 1731.610984
-0.134627 -0.384180 -224.782783
-0.000796 -0.001516 1.000000
-0.019683 -1.769409 1121.654315
0.053087 -1.182156 139.469592
0.000118 -0.002988 1.000000
-0.082639 -1.923192 1037.616042
0.007657 -0.583640 19.541131
-0.000079 -0.002447 1.000000
-0.312712 -1.105035 1259.370951
-0.181047 -0.720794 -138.053769
-0.000474 -0.002046 1.000000
0.337024 -2.023975 1064.492578
0.030428 -0.963175 -183.661939
0.000263 -0.003085 1.000000
-0.180147 -1.500309 1093.075043
0.023569 -0.891243 -48.008677
-0.000090 -0.002537 1.000000
0.786952 -3.084023 3555.808142
0.621150 -2.075330 -520.458413
0.001557 -0.005527 1.000000
-1.307773 1.219939 -2820.667170
-1.000797 0.767452 -1541.769007
-0.003524 0.002957 1.000000
-0.833284 -0.394261 -654.043166
-0.385130 -0.104913 -244.751447
-0.001436 -0.000558 1.000000
-1.436055 0.875475 -1809.164409
-0.982511 0.380183 3496.412233
-0.002846 0.001743 1.000000
-0.391278 -0.826827 -166.827326
-0.293928 -0.779934 891.574192
-0.000863 -0.001431 1.000000
-0.006945 -1.787440 983.348187
-0.053481 -1.006082 -91.410140
-0.000114 -0.002860 1.000000
-0.447036 -1.180303 794.375167
-0.133609 -0.487136 -247.527356
-0.000563 -0.001846 1.000000
-0.285981 -1.668300 928.657503
-0.114965 -0.720683 -270.304909
-0.000301 -0.002308 1.000000
-0.254712 -1.576159 1361.734764
-0.030183 -0.605234 -96.860136
-0.000078 -0.002743 1.000000
-5.491733 6.251908 -11766.158259
-4.093931 4.136913 9344.538666
-0.011976 0.016563 1.000000
0.130674 -1.949401 1903.183201
-0.058776 -1.212475 1047.906972
0.000265 -0.003141 1.000000
-0.006089 -1.540295 1024.943851
-0.070871 -0.800099 -9.325141
-0.000231 -0.002445 1.000000
-0.180537 -1.329412 1244.863276
-0.266564 -0.984124 749.470744
-0.000352 -0.002373 1.000000
-4.677263 7.269817 1874.765801
-3.037462 5.489764 7471.263975
-0.011816 0.014250 1.000000
0.310011 -2.476355 1876.685739
0.363049 -1.398060 -1226.290174
0.001288 -0.005099 1.000000
-0.673079 -0.493605 -18.762182
-0.364470 -0.237310 -273.405449
-0.001332 -0.000821 1.000000
-0.202018 -1.535511 799.164674
-0.007807 -1.275255 -21.725298
-0.000259 -0.002760 1.000000
-0.368199 -1.156689 954.856814
-0.029506 -0.519554 -82.437652
-0.000429 -0.001866 1.000000
-0.376840 -0.788998 -549.528000
-0.115858 -0.513904 2.331343
-0.000638 -0.001869 1.000000
0.170904 -1.776277 554.319973
0.229106 -1.336190 -505.422114
0.000978 -0.003857 1.000000
-0.156245 -1.530868 970.786621
0.094563 -1.344599 -350.236707
0.000249 -0.003120 1.000000
0.052528 -1.727430 799.969043
-0.029115 -1.209467 -209.343749
0.000120 -0.003036 1.000000
1.098307 -4.639538 1877.487346
0.582467 -3.234164 -1151.955425
0.002607 -0.007893 1.000000
0.318917 -2.695350 513.982321
0.362046 -1.547715 -469.678498
0.000925 -0.004547 1.000000
0.711540 -3.597182 -2042.135517
0.790203 -2.752915 -3114.007470
0.002128 -0.007092 1.000000
-0.183794 -1.510817 998.844414
-0.026096 -0.564438 -190.466838
-0.000254 -0.002346 1.000000
-0.554675 -0.951639 642.248575
-0.040853 -0.609511 -514.848729
-0.000605 -0.001775 1.000000
0.205191 -1.719217 1069.169003
-0.073463 -0.673310 -175.582916
-0.000034 -0.002614 1.000000
-0.312620 -1.162018 929.159672
-0.156473 -0.563627 -33.752896
-0.000549 -0.001991 1.000000
-1.315461 0.395077 1718.602763
-0.677855 0.064317 1542.245341
-0.002320 0.000500 1.000000
-0.250078 -1.327562 1048.117622
-0.198251 -0.700241 -341.834510
-0.000530 -0.002210 1.000000
-0.203628 -1.309908 1241.437297
-0.007358 -0.780776 -86.013044
-0.000216 -0.002416 1.000000
0.937462 -2.953693 1869.120700
0.366416 -1.530115 -2120.164129
0.001559 -0.005342 1.000000
-0.196467 -0.807500 1898.889478
-0.041459 -0.467238 -329.838689
-0.000357 -0.002156 1.000000
-0.250755 -1.554180 982.323941
-0.118376 -0.794658 -224.661356
-0.000219 -0.002597 1.000000
-0.388444 -1.109083 1010.757063
-0.039165 -0.395260 -190.104146
-0.000654 -0.001626 1.000000
-0.230503 -1.143502 848.835438
-0.064732 -0.676777 -93.466045
-0.000413 -0.002096 1.000000
-0.485276 -0.897255 883.528209
-0.135735 -0.789772 -154.691534
-0.000713 -0.001866 1.000000
0.013700 -1.501030 642.169329
0.173156 -1.380124 -102.318671
0.000771 -0.003886 1.000000
-0.344285 -0.753215 605.907061
-0.182296 -0.575669 41.179338
-0.000612 -0.001758 1.000000
-0.140996 -1.411365 575.112405
0.094035 -0.922799 -169.669949
0.000086 -0.003096 1.000000
-0.199082 -1.092976 352.854634
0.012450 -0.931022 -331.619655
0.000020 -0.003107 1.000000
-0.353958 -0.728316 412.958328
-0.257993 -0.646700 -46.256525
-0.000812 -0.001779 1.000000
0.061247 -1.366167 575.340167
0.080344 -0.661880 -246.552959
0.000223 -0.002760 1.000000
0.286108 -1.358560 496.284314
0.248782 -1.184606 -416.661035
0.000400 -0.003136 1.000000
0.501047 -3.062076 588.911459
0.508508 -2.217910 -773.360606
0.000665 -0.004550 1.000000
0.382648 -2.198010 868.190718
0.236640 -1.892437 -100.241207
0.000436 -0.003827 1.000000
-0.023617 -1.190475 -95.151298
-0.077453 -1.192332 -8.112420
-0.000026 -0.003003 1.000000
-0.291912 -0.755829 72.018842
-0.365133 -0.634397 2.315513
-0.000876 -0.001540 1.000000
0.876918 -2.717663 1818.707821
0.321366 -1.110197 -76.223387
0.001135 -0.004059 1.000000
-0.676465 -0.574390 1011.047914
-0.227586 -0.301310 -190.123700
-0.001022 -0.000954 1.000000
-0.089714 -1.511668 770.236776
0.072270 -0.665764 -243.476012
0.000109 -0.002712 1.000000
1.037361 -1.860158 2415.780688
0.807865 -1.429443 106.125543
0.001867 -0.006288 1.000000
-0.520036 -1.208576 965.222739
-0.144273 -0.493552 -101.142474
-0.000764 -0.001991 1.000000
-0.268814 -0.948282 894.555815
-0.120013 -0.525982 -68.434350
-0.000627 -0.001805 1.000000
0.013625 -1.435220 1002.585807
-0.103773 -1.523771 152.710093
-0.000113 -0.003100 1.000000
0.167321 -1.657131 721.381703
0.187214 -1.098603 -380.990019
0.000115 -0.003243 1.000000
-0.341353 -1.245137 778.276069
-0.196194 -1.086973 -264.874866
-0.000474 -0.002427 1.000000
0.016680 -2.454280 -118.349157
0.031050 -2.217678 -172.989149
0.000059 -0.004463 1.000000
-0.340882 -1.213409 586.758532
-0.189244 -0.902193 -192.204936
-0.000591 -0.002147 1.000000
-0.130842 -1.222846 742.518431
0.000396 -0.480035 -286.165593
-0.000169 -0.002545 1.000000
-0.046775 -1.254544 393.455126
-0.046161 -0.727530 -260.805792
-0.000226 -0.002223 1.000000
0.438286 -1.610096 -147.093275
0.325421 -1.306680 -341.288479
0.001252 -0.004071 1.000000
-0.162911 -0.843994 -372.396100
-0.151407 -0.673342 -69.756874
-0.000628 -0.001952 1.000000
-0.851308 -0.753489 1665.112772
-0.447522 -0.226090 405.927214
-0.001406 -0.000720 1.000000
0.039588 -1.302301 323.197731
-0.084253 -0.881753 66.894428
-0.000228 -0.002698 1.000000
-5.343020 9.968303 -3479.894678
-3.067548 6.769129 5139.250610
-0.011703 0.016265 1.000000
-0.119922 -1.231835 569.063106
-0.032256 -0.841269 -39.593335
-0.000194 -0.002483 1.000000
-0.187871 -1.598231 815.607655
0.038278 -0.936259 -187.776834
-0.000016 -0.002839 1.000000
0.320058 -1.664499 -399.966303
0.260040 -1.186921 -205.936938
0.000525 -0.003351 1.000000
-0.298288 -1.313427 208.591909
-0.242701 -0.741162 -60.116361
-0.000628 -0.002304 1.000000
0.343556 -1.804237 966.505993
0.200367 -1.083706 -647.615462
0.000649 -0.003966 1.000000
-0.228941 -1.044985 310.878788
-0.105722 -0.686936 -228.886210
-0.000479 -0.002196 1.000000
-0.070130 -1.739179 756.028887
0.037548 -1.388053 -72.130737
0.000149 -0.003333 1.000000
-0.172656 -1.081610 228.963234
-0.162581 -0.656209 -77.060015
-0.000460 -0.002142 1.000000
2.108248 -6.795258 594.394392
3.426554 -9.043335 -4552.529432
0.007272 -0.016454 1.000000
