-0.055406 -1.252823 656.926084
0.010222 -0.733651 -24.069129
-0.000095 -0.002516 1.000000
0.270682 -1.134800 240.674787
0.138450 -0.482999 -193.615312
0.000609 -0.002697 1.000000
0.323158 -0.962367 92.448758
0.323502 -0.833672 -95.836003
0.001052 -0.003412 1.000000
0.119720 -0.793643 -1.151181
0.094301 -0.457593 -77.140603
0.000550 -0.002839 1.000000
0.018490 -0.693666 -31.637231
-0.002302 -0.664017 28.756965
0.000098 -0.002458 1.000000
0.122960 -0.982868 84.826745
0.021828 -0.901765 0.810726
0.000301 -0.003034 1.000000
0.328519 -1.126132 -23.030366
0.532753 -1.044769 -583.070853
0.002493 -0.005115 1.000000
0.034400 -1.532395 199.939521
0.101491 -1.282387 -49.087876
0.000460 -0.003448 1.000000
0.056339 -1.148369 -36.023107
0.099448 -1.012509 103.738882
0.000658 -0.003431 1.000000
-0.188383 -1.551963 900.350347
-0.067445 -0.833510 85.857670
-0.000168 -0.002276 1.000000
0.033329 -1.065462 454.874077
0.002011 -0.719446 -136.225840
-0.000140 -0.002184 1.000000
-0.192853 -0.815566 -88.912266
-0.040808 -0.930280 -90.995552
-0.000262 -0.002669 1.000000
0.034700 -1.256614 468.912212
-0.033747 -0.785392 -303.889924
0.000338 -0.002755 1.000000
0.006973 -1.210151 124.609451
-0.042816 -1.205349 -126.603059
0.000121 -0.003181 1.000000
0.172572 -1.501691 335.616974
0.202035 -1.115003 -330.086577
0.000496 -0.003465 1.000000
0.019087 -0.996247 234.883317
0.108229 -0.998895 -87.104484
0.000369 -0.003212 1.000000
-0.046982 -0.973573 276.026055
0.043148 -1.011345 -87.132175
0.000404 -0.003248 1.000000
-0.075643 -0.750362 61.272142
0.094676 -1.070133 -80.837574
0.000600 -0.003322 1.000000
0.326674 -0.941871 -97.952920
0.226134 -0.975420 -92.915596
0.000680 -0.003343 1.000000
0.621567 -1.676850 -17.337562
0.288775 -1.109063 -404.004878
0.001192 -0.004086 1.000000
0.101264 -0.680802 7.479676
-0.056128 -0.589883 68.926450
0.000167 -0.002383 1.000000
-5.912848 3.775481 2591.540650
-3.905876 4.751283 4403.605239
-0.010560 0.009058 1.000000
-0.556003 -0.645622 2019.898116
-0.447414 -0.441000 -709.998471
-0.001246 -0.001055 1.000000
-0.069989 -0.922783 179.540618
-0.002031 -0.493340 -101.210399
-0.000172 -0.002160 1.000000
0.106711 -2.005953 373.623944
0.231067 -1.710453 -330.254189
0.000980 -0.004929 1.000000
0.154723 -1.155552 233.800943
0.101909 -1.112320 -138.477075
0.000384 -0.003543 1.000000
0.170415 -1.561638 -107.359627
-0.013795 -0.922051 89.252737
0.000405 -0.003507 1.000000
0.177743 -0.858803 -152.674976
0.176603 -0.856439 -68.822166
0.000576 -0.003084 1.000000
-0.002519 -0.799048 229.788330
0.009917 -0.952288 27.626091
0.000103 -0.002718 1.000000
0.538229 -1.058150 -149.971922
0.571134 -1.515726 -165.398636
0.002413 -0.005161 1.000000
-0.014891 -1.606665 165.284177
0.135835 -1.294350 8.748195
0.000428 -0.003670 1.000000
-0.266813 -0.837092 288.618658
-0.032218 -0.666145 -22.730539
-0.000179 -0.002323 1.000000
-0.128895 -0.944212 194.926977
-0.056749 -1.007896 -340.779025
0.000374 -0.003525 1.000000
0.009210 -1.272858 425.963739
0.431178 -1.078216 -452.482273
0.001126 -0.003841 1.000000
0.372842 -1.412461 -73.086549
0.011589 -0.634175 -69.056162
0.000796 -0.003320 1.000000
0.981784 -1.841318 -215.269261
0.652908 -1.287835 -632.845405
0.001699 -0.004479 1.000000
0.923738 -1.841083 -864.296379
1.324239 -1.910737 -785.515599
0.002808 -0.006530 1.000000
0.057191 -1.140283 43.356412
-0.092873 -0.617066 -120.973996
0.000077 -0.002532 1.000000
0.206313 -1.425677 -96.975833
0.391936 -1.236746 -209.324765
0.000734 -0.003764 1.000000
0.018150 -0.460132 44.928734
-0.027823 -0.456829 5.769666
0.000152 -0.002232 1.000000
0.227486 -1.391977 -210.520792
0.430196 -1.090376 -738.770858
0.000847 -0.004147 1.000000
0.149244 -0.958038 130.495606
0.166213 -0.826544 -114.179491
0.000575 -0.003089 1.000000
0.101941 -1.063916 33.992791
0.020516 -0.926447 -78.540427
0.000425 -0.003102 1.000000
0.180265 -1.489430 79.721688
0.093179 -0.839946 -4.711208
0.000192 -0.003044 1.000000
0.083211 -0.754303 21.593316
0.053830 -0.420169 -214.093433
0.000419 -0.002662 1.000000
-0.158741 -0.915641 131.430005
-0.024075 -0.702895 -60.235821
0.000017 -0.002612 1.000000
-0.066910 -1.344699 423.480782
-0.051985 -0.779876 -93.488388
-0.000144 -0.002582 1.000000
0.122465 -1.183924 193.871261
0.034375 -0.850048 -81.240297
0.000188 -0.002966 1.000000
0.418897 -1.396433 132.024041
0.150744 -1.045776 -224.925965
0.000678 -0.003959 1.000000
-0.096801 -1.047170 274.575812
-0.102234 -0.960041 -1.836118
0.000038 -0.002824 1.000000
-0.059644 -0.946356 305.232685
0.024205 -0.583880 -67.593588
-0.000012 -0.002369 1.000000
-0.244098 -1.141725 586.387787
-0.009647 -0.581012 -96.635755
-0.000270 -0.002292 1.000000
-0.045154 -0.893680 103.995670
0.225914 -0.484131 -213.976511
0.000443 -0.002963 1.000000
0.005050 -1.329371 358.962947
-0.102915 -0.922890 -139.908856
-0.000123 -0.002864 1.000000
0.337771 -1.507323 238.928668
0.154177 -0.729620 -238.867822
0.000736 -0.003364 1.000000
0.016698 -1.347233 521.279645
-0.026495 -0.699820 32.338463
0.000165 -0.002620 1.000000
0.181321 -1.422572 332.983483
-0.091040 -0.375800 -624.591223
0.000145 -0.002923 1.000000
0.363135 -1.486398 437.473519
0.068980 -1.184582 -185.493599
0.000440 -0.003653 1.000000
0.047717 -1.271005 130.260527
-0.138604 -1.130557 -42.083959
0.000204 -0.003361 1.000000
0.161688 -1.571090 189.808406
0.135609 -1.309353 -6.000692
0.000448 -0.003531 1.000000
-0.151394 -0.855391 61.674223
-0.103694 -0.865795 -36.135510
-0.000195 -0.002326 1.000000
-0.001535 -0.974541 321.223428
-0.086341 -0.767178 84.360614
-0.000234 -0.002398 1.000000
0.085107 -0.633772 14.168882
0.029460 -0.341902 -30.563212
0.000312 -0.002463 1.000000
0.219656 -1.386059 473.244009
0.254327 -1.192932 -501.302371
0.000901 -0.003819 1.000000
0.156697 -1.334478 259.822088
0.069386 -0.680005 -203.582397
0.000541 -0.003380 1.000000
-0.151512 -0.733947 268.999618
-0.059217 -0.535188 -71.197747
-0.000102 -0.002323 1.000000
0.115115 -1.151269 184.544346
-0.011206 -0.792720 -38.363929
-0.000006 -0.003036 1.000000
0.484090 -1.332973 -195.982783
0.322287 -0.987056 -391.303071
0.000648 -0.003381 1.000000
0.136144 -1.067625 99.304177
-0.006327 -0.382564 -388.045928
-0.000223 -0.002296 1.000000
0.134665 -1.281587 223.936177
0.062338 -1.134251 -476.216281
0.000256 -0.003402 1.000000
-0.107646 -1.019913 279.411598
-0.077296 -0.609532 -13.531016
-0.000065 -0.002352 1.000000
0.087375 -1.341682 97.116592
0.046262 -1.036964 -114.010219
0.000273 -0.003098 1.000000
-0.029890 -1.479882 134.491339
-0.067018 -0.986181 -10.915354
0.000761 -0.004221 1.000000
0.622333 -1.681227 670.201171
0.277299 -1.125288 -431.266622
0.001436 -0.004098 1.000000
0.122440 -0.886383 146.652704
-0.016506 -0.754314 -128.864185
0.000124 -0.002854 1.000000
0.096200 -1.019574 221.237001
0.018172 -0.916214 -155.955294
0.000117 -0.002932 1.000000
0.048335 -0.658686 16.999885
0.050301 -0.395714 42.555146
0.000263 -0.002392 1.000000
-0.103362 -0.539716 42.245469
-0.041518 -0.392268 107.285631
-0.000077 -0.002263 1.000000
0.130753 -1.089452 -85.783591
-0.156789 -0.568916 78.201497
-0.000316 -0.002267 1.000000
-0.040795 -1.004748 14.008235
0.133224 -0.837725 -121.599124
0.000531 -0.003142 1.000000
-0.012489 -0.837631 -88.412265
-0.015401 -0.564382 -32.561753
-0.000055 -0.002229 1.000000
-0.041758 -1.090946 56.291616
-0.039489 -0.615468 -17.688206
0.000221 -0.003061 1.000000
0.762469 -1.969219 -87.917330
0.294404 -1.240731 -174.243333
0.000809 -0.003895 1.000000
0.725902 -2.213389 -94.024308
0.258068 -1.399215 -669.642302
0.001146 -0.004803 1.000000
-0.027429 -0.788156 95.486883
-0.076722 -0.341254 116.951664
0.000156 -0.002642 1.000000
0.014786 -0.390433 189.566932
0.009166 -0.176208 -39.202669
0.000031 -0.001921 1.000000
0.511107 -1.296180 -352.534471
0.322983 -1.137288 -173.675020
0.000960 -0.003939 1.000000
0.107495 -1.396413 115.372270
-0.044698 -1.081768 36.900006
-0.000056 -0.002977 1.000000
-0.241110 -0.638819 142.050518
-0.072994 -0.347868 26.189594
-0.000362 -0.001984 1.000000
0.127476 -1.740015 7.686801
0.133766 -1.142725 -225.607362
0.000531 -0.003816 1.000000
0.429147 -1.531662 24.969406
0.250132 -0.862460 -201.751308
0.000987 -0.003890 1.000000
-0.256096 -0.949596 306.050587
-0.186827 -0.704003 -1.034507
-0.000247 -0.002264 1.000000
-0.166319 -1.016940 -147.769210
-0.227469 -0.582567 -104.489871
-0.000233 -0.002669 1.000000
-0.121804 -0.451692 181.038365
-0.097909 -0.234376 35.000475
-0.000468 -0.001590 1.000000
0.020570 -0.932336 0.521960
-0.038307 -0.596399 -10.707377
0.000016 -0.002855 1.000000
3.591003 -5.176382 -512.524391
2.435362 -2.932747 -1856.813768
0.006188 -0.010296 1.000000
0.568876 -2.547397 -192.103184
0.348717 -1.217657 -516.546079
0.001328 -0.005142 1.000000
0.053615 -0.995733 39.177208
-0.067764 -0.696072 79.334191
-0.000143 -0.002384 1.000000
0.382195 -1.599172 114.424730
0.267724 -1.087954 -390.626827
0.000919 -0.003947 1.000000
-0.305148 -1.098286 206.067002
-0.214029 -0.701898 -57.061678
-0.000575 -0.002230 1.000000
0.026471 -1.011643 211.069211
-0.081625 -0.619760 42.101315
-0.000053 -0.002371 1.000000
0.011452 -0.998373 370.289059
-0.072360 -0.670069 -151.345829
0.000105 -0.002690 1.000000
-0.086144 -1.020619 252.927745
0.018188 -0.741711 -95.361283
-0.000017 -0.002515 1.000000
-0.206767 -1.576595 115.829580
-0.166388 -0.848609 31.642403
-0.000312 -0.002992 1.000000
-0.033295 -1.177111 170.066755
-0.165687 -0.642648 10.880485
-0.000073 -0.002391 1.000000
-0.026414 -0.842031 152.540701
-0.080293 -0.623177 -138.502821
-0.000036 -0.002367 1.000000
0.046724 -1.366818 199.186857
-0.087962 -0.855375 -49.890899
-0.000081 -0.002949 1.000000
0.069397 -1.296256 308.727281
-0.174957 -0.730532 6.437708
-0.000007 -0.002480 1.000000
0.190483 -1.746829 363.177335
-0.041143 -1.143614 -183.627542
0.000282 -0.003588 1.000000
0.314269 -1.147495 -286.560853
0.295989 -1.066296 -106.742060
0.000991 -0.003733 1.000000
-0.173031 -0.952238 108.902227
-0.036160 -0.600557 -30.803831
-0.000228 -0.002430 1.000000
0.149209 -2.007411 106.023986
0.263467 -1.846586 -299.606759
0.000535 -0.004274 1.000000
0.252341 -1.290520 -158.725955
0.033878 -0.691513 -208.150424
0.000143 -0.002934 1.000000
0.103605 -1.538044 855.626721
-0.089763 -0.875875 77.911339
0.000105 -0.002599 1.000000
-0.092103 -1.103098 99.887819
-0.097551 -0.763624 7.705451
-0.000102 -0.002799 1.000000
0.334187 -1.113323 -440.128735
-0.005893 -0.844956 49.582050
0.000439 -0.003499 1.000000
0.376957 -2.305648 58.494841
0.053374 -1.701020 2.524878
0.000391 -0.004180 1.000000
0.145957 -1.309729 197.476963
-0.063168 -1.057231 -159.129041
0.000072 -0.003337 1.000000
0.097389 -1.342178 374.472419
0.037788 -0.785168 -293.450061
0.000327 -0.003192 1.000000
0.017519 -1.647641 345.195208
-0.235515 -1.401396 -5.779180
-0.000112 -0.003428 1.000000
0.064016 -1.011922 348.634751
0.043366 -0.661728 -149.759646
-0.000286 -0.002507 1.000000
0.268551 -1.947854 474.119561
0.098731 -1.268832 -72.724843
0.000248 -0.003174 1.000000
-0.044125 -0.619344 70.620413
0.066442 -0.643863 -71.949799
-0.000009 -0.002339 1.000000
0.006537 -2.015339 618.042544
0.077988 -0.942093 -128.823164
0.000042 -0.002935 1.000000
0.460065 -1.832380 864.565902
0.370099 -1.449134 -401.684230
0.001143 -0.004372 1.000000
-0.001696 -1.367640 421.547526
0.048630 -0.656735 -679.667424
0.000295 -0.003066 1.000000
0.074448 -1.021356 327.044627
-0.051158 -0.817753 -81.654235
-0.000089 -0.002596 1.000000
-0.101776 -0.929397 370.120087
-0.122434 -0.771510 -7.545637
-0.000299 -0.002243 1.000000
0.253092 -1.064381 178.346118
0.147647 -0.752688 -290.053090
0.000336 -0.002928 1.000000
0.388926 -1.224423 89.356549
0.436496 -1.152230 -225.066051
0.001033 -0.003528 1.000000
0.079759 -0.941868 284.495611
0.068552 -1.097398 -106.027886
0.000148 -0.002878 1.000000
-0.055838 -1.053177 356.693251
-0.110550 -0.986461 -190.619808
-0.000301 -0.002335 1.000000
23.344204 -22.426344 -15459.012617
22.586510 -21.988017 -16568.865501
0.055272 -0.075962 1.000000
0.115247 -1.230027 422.256089
0.133038 -1.109217 -208.700164
0.000121 -0.003164 1.000000
0.628434 -2.472765 295.149518
0.098303 -1.367747 -295.154979
0.000907 -0.004569 1.000000
0.104143 -0.953437 15.939234
-0.011280 -0.848019 -156.546030
0.000237 -0.003127 1.000000
-0.286648 -1.105205 364.587493
-0.181528 -0.587815 51.634676
-0.000491 -0.002057 1.000000
-0.074156 -0.961453 -54.621890
-0.066196 -1.164970 32.065677
-0.000074 -0.002933 1.000000
1.062375 -2.813851 166.435273
0.684701 -1.338461 -536.003711
0.002179 -0.005580 1.000000
0.172398 -1.748662 547.612721
0.110410 -0.991056 -213.680193
0.000245 -0.003049 1.000000
-0.095956 -1.489625 1144.314211
-0.059667 -0.437902 26.307116
-0.000130 -0.002119 1.000000
0.214992 -1.743873 726.668743
0.152830 -0.874949 -228.435580
0.000318 -0.003413 1.000000
-0.182168 -1.371133 700.221212
-0.086677 -1.200342 -40.472490
-0.000346 -0.003056 1.000000
1.973684 -3.822834 878.223889
1.419526 -2.514420 -770.848583
0.003454 -0.007467 1.000000
0.086287 -1.693770 1002.423208
-0.106630 -0.658226 40.043382
0.000009 -0.002382 1.000000
-0.507989 -1.184317 1071.843525
-0.252133 -0.412930 140.992937
-0.000648 -0.001500 1.000000
0.252508 -1.123164 23.469628
0.381934 -0.602111 -271.217274
0.000799 -0.003060 1.000000
0.180422 -1.246330 340.727079
0.082239 -0.842285 -156.281211
0.000445 -0.003082 1.000000
0.296573 -1.515642 230.602244
0.058610 -1.126701 -20.395541
0.000115 -0.002950 1.000000
0.063818 -1.125449 213.722738
0.115962 -1.002407 -47.386521
0.000101 -0.002790 1.000000
-0.046252 -1.313620 744.570849
-0.190176 -0.589631 1.401595
-0.000461 -0.001897 1.000000
-0.264088 -1.754928 1047.947163
-0.133749 -0.747849 -57.638329
-0.000191 -0.002696 1.000000
1.230683 -1.823781 265.657610
0.594070 -1.658757 -628.859088
0.002308 -0.005549 1.000000
0.637518 -2.397141 1031.324348
0.320318 -0.695301 -675.766922
0.001106 -0.003592 1.000000
1.525442 -3.674512 1149.865577
0.656167 -1.412357 -403.741353
0.001877 -0.005282 1.000000
0.210381 -2.492204 1014.946804
0.097128 -0.781260 -84.980192
0.000160 -0.003328 1.000000
-0.114264 -0.898382 448.970592
-0.160967 -0.775080 -135.175849
-0.000535 -0.002211 1.000000
-0.120450 -1.070477 1132.652319
-0.160180 -0.518233 -81.389063
-0.000251 -0.002213 1.000000
-0.411821 -0.631822 1019.166835
-0.422507 -0.428371 283.065960
-0.001133 -0.001236 1.000000
0.296681 -2.088113 601.108017
0.194671 -1.074851 -150.379110
0.000284 -0.003123 1.000000
-0.150231 -0.839528 480.360742
-0.052342 -0.583703 -7.491830
-0.000190 -0.002091 1.000000
0.068516 -0.793581 -78.666160
-0.003653 -0.609767 -53.516898
-0.000175 -0.002768 1.000000
-0.367794 -0.822574 -49.954987
-0.118376 -0.684492 21.869910
-0.000647 -0.001801 1.000000
-0.028507 -0.765790 138.082570
0.064799 -0.664604 35.189312
0.000243 -0.002713 1.000000
0.597834 -1.051525 -195.399954
0.336639 -0.850201 -206.560718
0.001923 -0.003900 1.000000
0.083953 -0.759351 -5.657432
0.052161 -0.898604 4.010602
0.000460 -0.002971 1.000000
-0.160159 -1.075508 -426.892252
-0.121123 -1.242212 673.276291
-0.000365 -0.002445 1.000000
0.293301 -1.081053 -138.796137
0.125170 -0.794112 108.709445
0.000735 -0.003170 1.000000
2.558415 -3.962347 -1994.604743
2.530384 -4.284580 -1439.023620
0.009053 -0.014774 1.000000
0.029801 -0.898312 71.283862
-0.093910 -0.624078 208.114227
-0.000082 -0.002169 1.000000
0.127647 -1.536607 482.531666
0.118776 -0.738367 -249.211995
0.000523 -0.003179 1.000000
0.163096 -1.391251 140.990847
0.100638 -0.950273 -22.854076
0.000213 -0.002872 1.000000
-0.111023 -0.700732 76.558503
0.022591 -0.998893 88.360018
-0.000066 -0.002500 1.000000
-0.129641 -0.638419 -135.282434
0.102156 -0.868515 38.541076
0.000456 -0.003196 1.000000
-0.005993 -0.665654 -73.340017
0.025741 -0.658370 97.364064
0.000235 -0.002621 1.000000
-0.098885 -0.942795 109.943469
-0.056129 -0.960513 65.235364
-0.000076 -0.002677 1.000000
-0.007414 -1.171571 330.158499
-0.010985 -0.818808 -24.333316
0.000040 -0.002539 1.000000
0.118310 -0.428887 -54.383787
0.077777 -0.401972 -22.662895
0.000681 -0.002603 1.000000
-0.264976 -0.983309 107.581672
0.045341 -0.625603 2.344882
-0.000031 -0.002377 1.000000
0.014865 -0.906856 71.580074
-0.069087 -0.834006 60.034428
0.000069 -0.002887 1.000000
-0.118354 -0.689428 65.116494
0.157369 -0.962126 -55.230175
0.000493 -0.003254 1.000000
-0.280941 -0.290504 93.640332
0.097338 -0.986076 81.190362
0.000313 -0.002941 1.000000
2.206308 -4.095836 -961.437570
2.084338 -3.946020 -2052.105224
0.006381 -0.011739 1.000000
0.863110 -2.513277 158.416343
0.484886 -2.356775 -326.786765
0.001615 -0.006805 1.000000
0.446900 -2.163166 11.195078
0.340127 -1.145064 -331.240118
0.000964 -0.004346 1.000000
-0.013322 -1.140002 -18.578245
-0.044373 -0.645283 27.960026
-0.000027 -0.002749 1.000000
0.163525 -0.326066 -277.058366
0.254347 -0.540013 -82.556849
0.001439 -0.003432 1.000000
-0.120141 -0.872264 377.451387
0.100663 -1.132914 -1.452512
0.000349 -0.003093 1.000000
-0.217093 -0.799767 651.331750
-0.096693 -0.494483 55.892082
-0.000155 -0.002112 1.000000
1.631993 -2.519460 -1841.866670
1.564739 -4.641017 1383.710329
0.004044 -0.007262 1.000000
0.262408 -1.745754 795.863408
0.072721 -1.631167 -572.664598
0.000444 -0.003319 1.000000
-0.110062 -0.747345 136.133398
-0.038394 -0.653585 51.281949
0.000197 -0.002696 1.000000
0.049225 -1.051399 31.488987
0.061620 -0.419169 -73.961813
0.000428 -0.002976 1.000000
1.205818 -3.378356 121.867651
0.417909 -1.439889 -389.167625
0.001907 -0.005568 1.000000
-0.481268 -0.617798 1040.362221
-0.393164 -0.661741 41.881816
-0.001045 -0.001718 1.000000
0.529874 -1.238153 -1016.775563
1.565989 -3.115241 896.207112
0.002731 -0.005381 1.000000
-0.533286 -0.943377 1063.141356
-0.159318 -0.621263 402.515827
-0.000930 -0.001577 1.000000
-0.378288 -1.846663 293.948237
-0.189850 -1.340419 136.436490
-0.000651 -0.002322 1.000000
-2.976442 1.548592 3361.989459
-3.272816 3.218581 -466.431372
-0.007470 0.004989 1.000000
0.308860 -0.951638 -502.292940
0.780424 -1.409843 -86.162196
0.002381 -0.004998 1.000000
-2.380985 1.142651 2693.693764
-1.967662 1.134852 -352.743613
-0.004545 0.002161 1.000000
0.456077 -1.859314 2321.204868
0.381461 -1.894812 298.688830
0.000632 -0.003393 1.000000
-0.163769 -1.927219 1034.535686
-0.030455 -0.686618 -56.330028
-0.000207 -0.002583 1.000000
1.652121 -4.292001 2350.581086
0.680555 -1.524589 -1255.825729
0.002306 -0.005669 1.000000
0.173594 -2.027617 986.229018
0.056647 -0.400587 -70.655867
0.000189 -0.002557 1.000000
0.607633 -2.408606 1057.164881
0.094283 -0.691876 -23.161958
0.000785 -0.003288 1.000000
1.784836 -3.332434 1403.716650
0.734044 -1.235724 -1047.512429
0.002404 -0.005356 1.000000
0.638831 -2.386430 942.456607
0.092768 -0.824790 -78.688118
0.000761 -0.003452 1.000000
0.101372 -2.446273 1167.636440
0.243806 -1.021773 -108.628781
0.000450 -0.003337 1.000000
0.742393 -2.474802 1198.818805
0.096986 -1.636962 221.421908
0.000874 -0.003956 1.000000
-0.280215 -0.990137 1070.074276
0.135298 -1.556545 674.320257
-0.000343 -0.002193 1.000000
-0.570676 -0.839113 198.498786
-0.338646 -0.765591 108.884379
-0.001234 -0.001404 1.000000
-3.562762 3.430305 -1776.690705
-2.395355 3.074849 -572.961128
-0.006862 0.005235 1.000000
12.680118 -16.915669 7646.296034
8.870789 -15.591385 2664.303522
0.022526 -0.023236 1.000000
1.874919 -3.284856 1136.967744
0.576165 -0.290981 -177.468012
0.002296 -0.003798 1.000000
1.088978 -3.120597 1081.832856
0.252189 -0.707410 -57.867346
0.001453 -0.003817 1.000000
-0.613438 -0.643190 -45.103268
-0.321980 -0.388289 -10.381088
-0.001216 -0.001226 1.000000
0.642922 -1.570746 583.729336
0.246258 -1.038557 -746.839140
0.001087 -0.003459 1.000000
-0.886697 0.436768 -600.116305
-0.638871 -0.065302 228.873627
-0.002566 0.000422 1.000000
-4.499197 5.920912 -2947.378838
-4.413123 5.911836 -1224.325423
-0.009638 0.008646 1.000000
1.211972 -2.826806 946.493141
0.152251 -0.356771 19.443365
0.001309 -0.003158 1.000000
0.910267 -2.177826 2594.171266
1.292327 -3.284122 -1039.309817
0.002390 -0.005314 1.000000
0.620400 -2.775169 986.532093
0.289148 -1.812133 -59.160976
0.000868 -0.004646 1.000000
-0.569964 -0.055642 -132.525861
-0.414957 -0.143433 173.975040
-0.001754 -0.000269 1.000000
0.067101 -0.816276 230.545262
0.038416 -0.466476 8.331087
0.000098 -0.002265 1.000000
1.845333 -4.496739 1799.445566
0.880338 -1.179384 -201.179218
0.003094 -0.005631 1.000000
8.400784 -15.087221 5357.557577
4.852300 -3.526004 -1796.416991
0.014500 -0.018145 1.000000
0.836655 -2.586393 45.144409
0.594394 -1.729383 -656.228134
0.001516 -0.004744 1.000000
0.220277 -1.358080 721.384752
0.060438 -0.409045 9.637116
0.000169 -0.002317 1.000000
0.765520 -2.200739 919.976147
0.199929 -0.835499 -70.134187
0.000997 -0.003382 1.000000
-0.278508 -1.222136 783.525140
-0.217811 -0.751394 167.039384
-0.000356 -0.002179 1.000000
-0.165272 -1.040291 575.753697
-0.165592 -0.866371 56.235825
-0.000230 -0.002621 1.000000
0.369473 -1.638952 780.843263
0.167861 -0.881482 -20.670618
0.000534 -0.002934 1.000000
0.299086 -1.721096 843.532544
0.091208 -0.979336 -5.240110
0.000474 -0.003048 1.000000
1.468295 -2.620337 698.357056
0.155987 0.072258 -16.528777
0.001096 -0.002729 1.000000
2.430141 -3.430213 820.335469
0.717248 -0.636924 -306.201367
0.002516 -0.004756 1.000000
4.440227 -4.260917 690.692250
1.277419 0.443849 -490.562593
0.003848 -0.004506 1.000000
1.460312 -2.555219 709.843141
0.405264 -0.247605 -167.844709
0.001268 -0.003254 1.000000
-4.293411 2.475138 -98.889302
-1.852002 1.549218 763.604759
-0.006019 0.004437 1.000000
0.153965 -1.938237 785.192594
0.090858 -0.667798 -85.794245
0.000176 -0.002778 1.000000
1.289053 -3.384963 1029.938951
0.332643 -0.790464 -38.329482
0.001302 -0.003873 1.000000
0.039844 -1.759558 965.302501
0.034772 -0.519946 52.789688
0.000140 -0.002401 1.000000
0.039308 -0.825113 324.094155
-0.030987 -0.212084 -48.111174
0.000024 -0.002123 1.000000
0.367823 -1.497533 646.362887
0.109453 -1.193697 170.915641
0.000429 -0.002812 1.000000
-0.166986 -0.113636 183.487408
-0.449071 1.328690 25.884630
-0.001545 0.001080 1.000000
0.641521 -0.407797 256.388433
-0.079580 0.679118 49.188520
-0.000188 -0.000405 1.000000
0.661428 -0.238681 187.463715
-0.215884 1.164074 -6.526307
-0.000496 0.000345 1.000000
1.032978 -0.164414 77.008356
-0.036450 1.198395 -2.689264
-0.000009 0.000118 1.000000
1.000000 0.000000 -0.000000
0.000000 1.000000 -0.000000
0.000000 -0.000000 1.000000
1.911881 1.037008 -274.820072
-0.258925 2.882608 -345.282356
-0.000370 0.003234 1.000000
1.528707 0.602346 -262.908320
0.075276 1.638581 -196.368877
0.000312 0.000672 1.000000
1.514502 0.073164 -123.250907
0.193130 1.431340 -87.104882
0.000471 0.000039 1.000000
0.389077 -0.011176 167.195312
-0.293195 0.993233 17.563105
-0.000788 0.000508 1.000000
-0.911858 -0.784128 286.386721
-0.383990 -0.984331 278.537414
-0.001310 -0.001831 1.000000
8.207150 3.442757 -1801.036863
2.313910 9.858270 -2105.138513
0.005625 0.005139 1.000000
2.619124 1.481909 -657.801751
0.668127 3.928377 -539.167546
0.001010 0.002440 1.000000
-0.343866 -1.577297 376.644261
-0.302226 -1.067360 228.202966
-0.000600 -0.002494 1.000000
0.072972 -1.296309 367.013869
-0.056873 -0.783324 24.356843
-0.000171 -0.002506 1.000000
-0.204240 -1.493735 1008.521599
-0.020613 -0.310629 78.481765
-0.000285 -0.001808 1.000000
-0.044754 -1.405461 754.570048
0.038119 -0.365473 -120.124612
-0.000048 -0.002264 1.000000
0.012289 -1.841569 973.158631
0.166989 -0.947210 -379.525166
0.000436 -0.003288 1.000000
0.530439 -2.450596 -192.377475
0.266388 -1.286734 -246.872795
0.000924 -0.003788 1.000000
3.439376 -6.702916 2107.800059
1.869884 -5.023531 -709.465616
0.007816 -0.015325 1.000000
0.301601 -2.085874 821.025535
0.409151 -2.203826 -38.926519
0.001374 -0.005850 1.000000
0.293207 -1.746703 448.365254
0.164585 -1.428614 -47.542675
0.000414 -0.003366 1.000000
0.031945 -1.397115 417.729419
-0.085495 -0.927759 -15.473098
-0.000001 -0.002694 1.000000
0.390579 -1.556254 281.290145
0.110785 -0.971903 -74.375120
0.000594 -0.003282 1.000000
0.136401 -1.218171 94.231953
-0.009863 -1.181151 -13.300994
-0.000058 -0.003054 1.000000
0.115681 -1.504207 514.839600
-0.030771 -0.977912 -54.212048
0.000278 -0.003233 1.000000
-0.001232 -1.290137 436.170669
0.064247 -0.368411 -134.238574
0.000292 -0.002529 1.000000
-0.138277 -0.933057 234.395958
0.033704 -0.741038 -15.154500
-0.000039 -0.002568 1.000000
0.021884 -0.662025 52.565596
-0.052894 -0.563238 32.407145
0.000160 -0.002335 1.000000
0.534188 -1.931978 977.688503
0.108497 -0.787612 -194.479287
0.000594 -0.003247 1.000000
0.916450 -2.344958 910.339538
0.283631 -0.915309 -50.715336
0.001311 -0.003728 1.000000
-0.045473 -0.713570 123.172991
0.052553 -0.576913 -6.227450
0.000478 -0.002813 1.000000
0.262075 -1.370349 -118.250439
0.334736 -1.857178 -28.290642
0.001336 -0.004611 1.000000
-0.037806 -0.934621 148.564663
-0.041881 -0.810075 42.772957
-0.000070 -0.002488 1.000000
0.796449 -2.073031 673.148187
0.176398 -1.318801 -256.363145
0.001125 -0.004146 1.000000
0.088680 -1.187118 109.884274
0.156288 -0.895557 -135.348023
0.000325 -0.002938 1.000000
-0.040664 -1.007920 244.324031
0.107796 -0.609078 -120.349017
0.000328 -0.002760 1.000000
0.030043 -0.848157 405.109176
-0.073482 -0.690079 -8.425097
-0.000052 -0.002411 1.000000
0.100971 -0.927814 57.637972
0.023958 -0.864587 -99.745176
0.000189 -0.002989 1.000000
-0.036031 -1.312135 560.930042
-0.040440 -0.661103 17.193667
-0.000187 -0.002227 1.000000
-0.011624 -1.157609 285.256142
0.093221 -1.038440 -44.052082
0.000455 -0.003192 1.000000
0.389589 -1.631777 746.757941
0.052592 -0.518634 124.384520
0.000283 -0.002152 1.000000
