1.586450 -2.206963 1986.052999
0.830212 -1.678165 -105.713019
0.001901 -0.005115 1.000000
-1.369003 0.501330 -189.428749
-0.815243 0.188508 189.457208
-0.002314 0.000604 1.000000
-0.095624 -0.939250 611.892688
-0.055373 -0.608806 -264.456666
-0.000388 -0.001904 1.000000
-0.310214 -1.178784 -8.132702
-0.088946 -0.595870 -188.569877
-0.000453 -0.001926 1.000000
0.225266 -1.162918 958.852061
0.151113 -1.104442 9.748065
0.000155 -0.002564 1.000000
-0.494179 -0.412580 88.572028
-0.402106 -0.405751 91.561688
-0.001208 -0.001236 1.000000
0.099014 -1.091360 264.813628
0.163119 -0.737974 -238.804809
0.000087 -0.002420 1.000000
0.191658 -1.259879 254.623341
0.177127 -0.715257 -327.455743
0.000066 -0.002586 1.000000
-17.295461 14.161960 -3373.399677
-10.857136 9.228060 5396.698149
-0.023991 0.025365 1.000000
0.072390 -2.463863 681.693829
0.312412 -2.489273 -133.000559
0.000653 -0.004685 1.000000
0.145701 -1.411443 508.445641
0.026678 -1.041635 -238.579778
0.000346 -0.002928 1.000000
0.097221 -1.285650 112.525328
0.041588 -1.303659 -118.140947
-0.000017 -0.003067 1.000000
0.669019 -0.687736 212.384688
0.090510 0.105926 10.881441
0.000164 -0.001391 1.000000
2.227311 1.018538 -447.886044
0.283956 2.996602 -376.416976
0.000754 0.001484 1.000000
-1.105106 0.051672 67.606648
-0.766925 0.134070 272.293962
-0.001934 -0.000014 1.000000
0.012831 -1.002300 302.550489
-0.109629 -0.817094 -8.000497
-0.000238 -0.002100 1.000000
1.856120 -3.691908 1357.255030
0.994894 -2.425036 -1886.275000
0.003546 -0.006452 1.000000
0.244756 -1.487042 175.263463
0.041079 -1.260865 51.623317
-0.000044 -0.002737 1.000000
-0.242170 -0.926444 282.744907
-0.284396 -0.866560 146.312982
-0.000740 -0.001807 1.000000
-0.175639 -1.327886 292.009033
-0.189274 -0.982575 29.631620
-0.000426 -0.002180 1.000000
-0.151860 -1.162275 435.349618
-0.036932 -0.848833 -141.024984
-0.000237 -0.002236 1.000000
-0.614941 -1.008388 -207.634982
-0.410837 -0.733099 -237.880873
-0.000919 -0.001760 1.000000
0.654780 -2.512427 844.739526
0.460617 -2.093094 -792.122662
0.001376 -0.004593 1.000000
-0.028092 -1.291432 291.469147
-0.042927 -1.011208 -42.442167
-0.000144 -0.002560 1.000000
0.213465 -1.358921 344.823620
0.052403 -1.312829 96.887698
0.000051 -0.002852 1.000000
0.019734 -1.309113 364.100247
-0.090861 -1.368649 192.763935
-0.000259 -0.002593 1.000000
-0.154929 -0.782386 317.871818
-0.099116 -0.815215 -269.203126
-0.000503 -0.001986 1.000000
0.813116 -1.984984 -188.482601
0.602758 -1.951156 -1011.885582
0.001158 -0.004699 1.000000
0.063538 -1.261296 1110.766659
-0.042034 -1.314536 -588.923902
0.000044 -0.002937 1.000000
0.869441 -0.717273 59.693573
0.094987 -0.424408 330.995503
0.000091 -0.001624 1.000000
0.890323 -1.034496 169.169715
0.150115 -0.347796 332.558860
0.000276 -0.001806 1.000000
1.000000 0.000000 -0.000000
-0.000000 1.000000 0.000000
-0.000000 -0.000000 1.000000
0.906351 -0.046420 -33.284167
0.009369 1.007301 -4.237819
-0.000042 -0.000072 1.000000
-0.251594 0.007175 -35.471052
-0.547888 -0.133287 372.290677
-0.001322 -0.000483 1.000000
1.736793 -1.341068 165.604561
0.508369 -0.330055 147.522218
0.001213 -0.002292 1.000000
0.954987 -1.673888 430.929589
0.440785 -1.169915 -106.479980
0.001158 -0.003593 1.000000
-0.469298 -0.198318 -26.639918
-0.410520 -0.140140 252.961098
-0.001290 -0.000827 1.000000
0.254993 -1.331575 496.214534
0.258127 -1.317871 -52.606717
0.000274 -0.003082 1.000000
-0.627222 -0.216462 81.056600
-0.594256 -0.296645 281.601323
-0.001385 -0.000621 1.000000
-0.281336 -0.297800 103.138991
-0.181549 -0.215616 80.557997
-0.000981 -0.001077 1.000000
-1.016633 0.268514 -115.184119
-0.769745 0.253376 271.478448
-0.002088 0.000605 1.000000
-0.221499 -0.247410 -71.859924
-0.292530 -0.134028 122.702192
-0.001077 -0.000850 1.000000
4.237031 -4.949063 3293.766292
3.454523 -4.100303 -139.475048
0.006036 -0.011097 1.000000
0.343183 -1.475993 542.077872
0.012041 -1.124266 44.744321
0.000296 -0.002872 1.000000
0.057123 -1.094531 590.830877
-0.045097 -1.152370 -87.413743
0.000029 -0.002718 1.000000
-0.143553 -0.820409 934.305698
-0.061081 -0.748801 -23.213706
-0.000423 -0.002090 1.000000
-0.455620 -0.757430 1469.826243
-0.280112 -0.674389 -57.629699
-0.000910 -0.001933 1.000000
-0.476787 -0.763434 986.713946
-0.373214 -0.585204 -293.703761
-0.001004 -0.001571 1.000000
-0.597108 -0.301106 924.087327
-0.513860 -0.353455 -533.185625
-0.001304 -0.000878 1.000000
-0.407887 -1.027157 1199.289369
-0.220666 -0.940645 -229.554029
-0.000662 -0.002174 1.000000
-0.403836 -0.887840 1644.367173
-0.182713 -0.549340 413.346955
-0.000744 -0.001718 1.000000
0.306238 -1.158093 970.297591
0.096696 -1.079187 -87.605967
0.000158 -0.002677 1.000000
0.954372 -2.530335 4529.951380
1.095801 -1.678423 -1009.832592
0.001961 -0.004750 1.000000
-0.592989 -0.577814 997.990182
-0.288403 -0.685009 232.813714
-0.000912 -0.001661 1.000000
0.149377 -1.638857 1141.180950
0.198112 -1.446110 -184.634786
0.000280 -0.003323 1.000000
-0.564639 -0.966023 1297.499892
-0.302004 -0.712248 72.211685
-0.000816 -0.001644 1.000000
0.093796 -1.629045 1168.100890
0.047541 -0.800809 -337.009694
0.000382 -0.003512 1.000000
-0.565904 -0.764871 1151.720917
-0.206430 -0.599102 -42.810614
-0.000719 -0.001704 1.000000
-0.505621 -0.708982 1107.790697
-0.373632 -0.835464 -78.652129
-0.000984 -0.001920 1.000000
-0.480213 -0.486837 571.769742
-0.406446 -0.536597 -394.070709
-0.001205 -0.001330 1.000000
1.038861 -2.605571 745.173169
0.868015 -1.862509 -1132.980993
0.002460 -0.006380 1.000000
-1.172891 0.451742 -1558.163372
-1.429806 0.888621 718.185457
-0.003124 0.001494 1.000000
1.065869 -2.239759 567.694268
0.616073 -1.474797 -1994.011281
0.001757 -0.004836 1.000000
-1.000295 -0.481050 1296.313135
-0.613449 -0.349046 217.763356
-0.001537 -0.000938 1.000000
-0.662482 -0.798837 1245.713891
-0.223970 -0.308951 172.999026
-0.001020 -0.001340 1.000000
-0.674714 -0.716637 1091.701229
-0.380192 -0.761887 217.129255
-0.001116 -0.001807 1.000000
-0.513772 -0.963930 1045.019441
-0.339755 -0.679532 22.448094
-0.000834 -0.001641 1.000000
-0.748263 -0.247642 314.722693
-0.440023 -0.207187 -1164.120813
-0.001535 -0.000722 1.000000
0.322496 -1.700166 1487.021534
0.242319 -0.866863 -604.975403
0.000819 -0.003573 1.000000
5.443019 -8.364980 5114.024405
4.839261 -6.759064 -10932.295383
0.011299 -0.015985 1.000000
0.663970 -3.121918 1710.850730
0.536721 -2.702958 -603.251755
0.001628 -0.005848 1.000000
0.736120 -2.310912 968.415659
0.642483 -1.765759 -730.080270
0.000998 -0.004031 1.000000
-0.131559 -0.932250 130.024082
-0.142541 -0.645571 -357.370953
-0.000584 -0.002208 1.000000
0.699987 -1.334307 436.180776
0.252725 -0.727691 15.260533
0.000375 -0.002506 1.000000
-0.199713 -0.827040 987.176457
-0.121333 -0.765592 90.768174
-0.000507 -0.001865 1.000000
-0.596477 -0.978309 487.723715
-0.344151 -0.687489 70.117843
-0.000852 -0.001676 1.000000
0.331086 -1.598545 -956.160623
0.195870 -0.979664 -580.493675
0.000761 -0.003396 1.000000
-0.129892 -1.034628 23.761010
0.091228 -0.493929 -597.177301
-0.000486 -0.002169 1.000000
0.277500 -1.687421 302.339857
0.214500 -1.597944 -297.111833
0.000184 -0.003605 1.000000
-0.330276 -0.772535 341.625380
-0.182808 -0.719054 -219.269691
-0.000588 -0.001826 1.000000
-0.149324 -1.432898 640.985433
-0.045042 -1.033237 -339.304299
-0.000161 -0.002603 1.000000
-0.231971 -0.855345 463.989338
-0.279256 -0.886532 -134.308702
-0.000585 -0.002166 1.000000
-1.862818 1.091316 -1155.211471
-1.418883 0.492208 1426.193001
-0.003412 0.001354 1.000000
-0.348257 -0.734544 289.593854
-0.337661 -0.667742 -153.436160
-0.000957 -0.001580 1.000000
0.169111 -1.478664 323.242715
0.091740 -0.769315 -513.801134
0.000156 -0.002810 1.000000
1.205617 -3.255855 2259.637096
1.191128 -2.211810 -859.375674
0.002306 -0.005971 1.000000
-0.342471 -0.718678 -1024.663011
-0.289726 -0.678036 50.093498
-0.000826 -0.001592 1.000000
0.245309 -1.491146 721.648833
-0.009267 -1.653276 -747.601023
-0.000156 -0.003350 1.000000
-0.182964 -0.892176 -165.236492
-0.119879 -0.547549 -20.767850
-0.000571 -0.002010 1.000000
-0.066480 -1.617268 383.894104
-0.091285 -1.122308 -55.026170
-0.000195 -0.002551 1.000000
-0.264351 -0.949577 394.444848
-0.285507 -0.755839 42.522138
-0.000660 -0.001754 1.000000
-0.117459 -0.896961 -38.925039
-0.062278 -0.838136 -10.278056
-0.000283 -0.002099 1.000000
-1.429870 0.992536 2144.199728
-1.256360 0.502906 77.789001
-0.002811 0.001082 1.000000
-0.068116 -0.855768 450.088934
-0.155179 -0.595752 -88.902475
-0.000563 -0.001909 1.000000
1.092814 -3.079181 -318.805003
0.515369 -1.287588 -932.061287
0.001025 -0.005009 1.000000
-0.633861 -0.552713 1408.063475
-0.460260 -0.490863 504.265032
-0.001189 -0.001009 1.000000
0.501762 -2.532884 -456.639558
0.510256 -1.627056 -397.596273
0.000541 -0.004367 1.000000
0.427092 -1.615980 -579.977749
0.473253 -1.576397 -887.528862
0.000744 -0.003395 1.000000
0.751327 -2.966643 749.386702
0.476536 -2.505035 -1218.499426
0.001231 -0.004932 1.000000
0.245577 -1.295012 699.613158
0.233084 -1.268227 -366.380515
0.000292 -0.002902 1.000000
0.261903 -1.729655 477.731451
0.242614 -1.175240 -155.863984
0.000419 -0.002896 1.000000
-0.227972 -1.232428 639.901001
-0.149295 -1.175477 -170.561963
-0.000387 -0.002261 1.000000
0.576649 -1.566079 1178.845698
0.662568 -1.671217 -391.539085
0.001033 -0.003567 1.000000
0.649940 -2.355174 1701.240251
0.832958 -1.873311 -632.356416
0.001360 -0.004430 1.000000
-0.279692 -0.929106 367.214292
-0.275638 -0.915924 -77.431079
-0.000668 -0.002230 1.000000
0.156975 -0.770975 231.141712
-0.153520 -0.562754 305.491162
-0.000393 -0.001555 1.000000
-0.071243 -0.406289 159.463887
-0.411456 -0.311707 391.798205
-0.000891 -0.000876 1.000000
0.322258 -2.049144 -2587.206833
0.181131 -1.841387 -1176.851837
0.000325 -0.003796 1.000000
0.208658 -1.655625 660.443034
0.151412 -1.423656 -184.898222
0.000205 -0.002932 1.000000
-0.409607 -1.067012 -202.960434
-0.285045 -0.787504 -80.087323
-0.000667 -0.001838 1.000000
-0.397183 -0.105307 -588.242350
-0.422696 -0.347779 371.792825
-0.001323 -0.000985 1.000000
-0.099802 -0.728398 -50.020555
-0.178650 -0.599570 -16.137138
-0.000741 -0.001575 1.000000
-0.225885 -1.061160 303.135798
-0.114011 -0.729304 -94.322537
-0.000431 -0.002137 1.000000
-0.215210 -1.078037 603.741179
-0.091607 -0.798945 -91.684413
-0.000533 -0.001910 1.000000
0.439352 -1.592609 1289.031325
0.271145 -1.226049 -425.220977
0.000679 -0.003427 1.000000
1.940379 -2.861712 -5330.938502
0.737601 -2.366570 -2471.787660
0.003343 -0.007054 1.000000
0.185104 -1.265072 10.672592
0.151709 -1.135541 -573.968862
0.000085 -0.002438 1.000000
-0.627771 -0.710719 812.513932
-0.475475 -0.436493 -344.372747
-0.001202 -0.000961 1.000000
-0.382151 -1.043980 -160.119660
-0.152124 -0.665656 -237.098368
-0.000660 -0.001691 1.000000
-0.387849 -0.992386 -373.463425
-0.168972 -0.642009 27.186580
-0.000833 -0.001691 1.000000
-0.202460 -1.137949 25.989588
-0.108302 -0.895044 -6.459774
-0.000412 -0.002085 1.000000
-0.182724 -1.723803 353.451450
-0.002444 -1.233720 -242.627909
-0.000138 -0.002396 1.000000
-0.910848 0.045312 -1625.940448
-0.797931 -0.125092 809.624617
-0.001888 -0.000026 1.000000
0.045134 -1.635230 374.540135
0.066066 -1.212371 -331.346752
0.000145 -0.002971 1.000000
-0.128748 -0.924866 146.521926
-0.154366 -0.913711 -194.347132
-0.000437 -0.002005 1.000000
-0.155176 -1.067227 357.615781
-0.030305 -0.880176 -209.109983
-0.000359 -0.002096 1.000000
0.196545 -1.692009 816.563752
0.351198 -1.083108 -294.686047
0.000380 -0.002947 1.000000
-2.214655 2.514495 -3283.272409
-2.491021 2.097347 1598.519829
-0.004782 0.003888 1.000000
-0.194223 -0.753469 13.130957
-0.212572 -0.724654 -133.274972
-0.000563 -0.001781 1.000000
-0.326821 -0.930967 298.781122
-0.275068 -0.834390 107.992623
-0.000539 -0.002010 1.000000
-0.349552 -1.322821 386.161523
-0.165466 -1.048384 -74.423159
-0.000590 -0.002317 1.000000
-0.443469 -1.069327 532.729787
-0.170001 -0.676246 -342.006084
-0.000734 -0.001857 1.000000
1.200230 -1.824891 -2992.754592
0.456903 -1.881441 -153.609606
0.001546 -0.003873 1.000000
-0.055582 -0.927822 873.445172
-0.106340 -1.110648 -227.582997
-0.000580 -0.002293 1.000000
-0.205914 -1.048258 755.906232
-0.345236 -1.032744 -404.368823
-0.000760 -0.002083 1.000000
-0.470205 -1.053838 1096.107456
-0.219522 -0.788298 -127.130665
-0.000762 -0.001880 1.000000
3.171368 -5.831830 4392.921561
2.728202 -4.232306 -748.780944
0.006123 -0.008811 1.000000
0.279485 -1.952276 559.396281
0.327387 -1.768796 -699.009142
0.000718 -0.003779 1.000000
-0.443284 -0.578080 299.043334
-0.226062 -0.222329 -22.712778
-0.000896 -0.000981 1.000000
-1.011301 -0.403088 2776.898233
-0.551882 -0.194130 -532.410519
-0.001863 -0.000562 1.000000
-8.369927 6.239702 -100.179340
-2.146828 4.865071 2847.775797
-0.010085 0.010553 1.000000
-0.875206 -0.364458 -296.398843
-0.327172 -0.150878 -363.508220
-0.001462 -0.000626 1.000000
-0.125946 -1.225104 11.188840
0.022955 -0.559881 -413.087537
-0.000284 -0.002160 1.000000
-0.864364 -0.330178 1387.601057
-0.582040 -0.360325 -515.480781
-0.001565 -0.000758 1.000000
-0.815549 -0.388725 1084.881809
-0.406311 -0.316094 -2.818154
-0.001453 -0.000818 1.000000
-0.538689 -0.970581 550.408330
-0.471217 -0.689740 -196.607977
-0.000941 -0.001594 1.000000
-0.221546 -1.223146 701.020872
-0.105260 -1.007244 -779.169392
-0.000322 -0.002361 1.000000
-0.140537 -1.039117 227.560810
-0.170625 -0.736494 -391.804303
-0.000437 -0.002081 1.000000
-0.241989 -0.883372 5.406460
-0.154302 -0.609299 -203.162368
-0.000522 -0.001905 1.000000
-0.146750 -1.097805 1196.774668
-0.053403 -0.968795 -571.661397
-0.000382 -0.002296 1.000000
-0.171116 -1.194048 1517.210097
-0.245213 -0.920376 1556.301334
-0.000311 -0.002118 1.000000
-0.985492 -0.692656 -121.684362
-0.389924 -0.225521 -882.045040
-0.001351 -0.000948 1.000000
-0.314879 -0.979348 -84.124380
-0.220259 -0.683943 726.421244
-0.000493 -0.001774 1.000000
-0.386687 -1.495966 -609.307929
-0.133207 -0.879027 -566.649629
-0.000411 -0.002354 1.000000
-0.527073 -0.735106 813.844538
-0.437142 -0.686691 -348.131703
-0.001015 -0.001627 1.000000
0.841385 -2.782547 842.226631
0.404053 -1.187802 -1865.180391
0.001051 -0.004222 1.000000
-0.847479 -0.276022 321.777647
-0.451779 -0.189480 -199.109164
-0.001442 -0.000820 1.000000
-0.735910 -0.567883 2279.774812
-0.367825 -0.212462 -76.357814
-0.001255 -0.000953 1.000000
-0.588250 -0.599493 532.411672
-0.376678 -0.365039 -266.462254
-0.001074 -0.001146 1.000000
-0.615848 -0.349400 645.615938
-0.541131 -0.399783 -62.972419
-0.001368 -0.000842 1.000000
-0.769400 -0.296735 514.020482
-0.614939 -0.303393 -76.443039
-0.001623 -0.000700 1.000000
-0.113470 -1.031313 406.315395
-0.125111 -0.755407 -126.872482
-0.000612 -0.002219 1.000000
-0.265288 -1.358306 748.147759
-0.083945 -0.861044 -177.157480
-0.000234 -0.002441 1.000000
0.471131 -2.293216 -1292.364020
0.473088 -1.571447 -30.547247
0.000719 -0.004155 1.000000
0.099756 -0.994675 229.753723
0.154816 -0.969244 -9.501564
0.000180 -0.002422 1.000000
-0.151726 -0.981668 310.251822
-0.199274 -1.490298 -54.126727
-0.000145 -0.002902 1.000000
-1.479225 0.504675 249.907630
-1.031606 0.181963 1901.607796
-0.002701 0.000615 1.000000
0.006798 -1.528654 428.418461
0.336978 -1.481254 -456.338209
0.000205 -0.003232 1.000000
-0.142400 -1.661049 778.653870
-0.049910 -0.956517 -116.019592
-0.000150 -0.002834 1.000000
-0.545013 -0.397765 -602.797889
-0.292070 -0.338120 -5.998352
-0.001194 -0.001053 1.000000
-0.105520 -0.987866 535.672291
-0.036256 -1.009947 -133.005585
-0.000462 -0.002224 1.000000
-0.050656 -1.428238 396.416085
0.062835 -1.290824 -154.854110
-0.000031 -0.002683 1.000000
0.009148 -1.173316 777.348543
0.035924 -1.144320 -525.119741
-0.000006 -0.002603 1.000000
-1.370189 0.741123 2514.630144
-1.113737 0.778795 2496.373023
-0.003055 0.001652 1.000000
0.672340 -1.944486 -1527.532868
0.735103 -1.587073 161.868052
0.001023 -0.004016 1.000000
-0.087691 -1.009372 510.521961
-0.115052 -0.895886 -141.359289
-0.000257 -0.002118 1.000000
0.396426 -2.027403 62.812596
0.295117 -1.553633 -291.629302
0.000465 -0.003491 1.000000
-0.020874 -1.233221 -292.449477
0.051553 -0.903513 -475.385614
0.000065 -0.002784 1.000000
0.080143 -1.266586 -800.677318
0.225930 -1.097348 -199.977113
0.000213 -0.002865 1.000000
0.160832 -1.968268 -807.575707
0.379031 -1.427570 -44.762445
0.000622 -0.003554 1.000000
-0.345137 -0.961924 145.251037
-0.170678 -0.716380 -127.026845
-0.000672 -0.001747 1.000000
-0.142186 -0.950227 627.946688
-0.130253 -0.679388 -185.184969
-0.000574 -0.001946 1.000000
-4.455313 4.919613 -1507.374305
-3.171672 3.816372 2516.973087
-0.008599 0.008669 1.000000
-0.602234 -0.583186 503.981444
-0.348712 -0.357985 -112.850192
-0.001233 -0.001105 1.000000
-0.061808 -1.439840 1338.897272
0.038294 -1.218633 -128.479800
0.000101 -0.003104 1.000000
-0.388707 -0.899727 -117.284562
-0.320991 -0.608598 163.774602
-0.000770 -0.001606 1.000000
6.607526 -10.014446 -7836.438117
2.814333 -8.736850 4250.509565
0.010680 -0.019444 1.000000
0.544261 -2.119692 -816.561074
0.269662 -1.503566 -798.700815
0.000739 -0.003944 1.000000
1.372089 -3.104509 1345.526267
1.074001 -2.088995 -1687.715087
0.002550 -0.005810 1.000000
-0.098386 -1.266873 -205.437909
-0.267240 -0.724975 -17.672702
-0.000250 -0.002167 1.000000
-1.420972 0.148480 1041.983957
-0.648588 0.350112 -1027.427722
-0.002338 0.000507 1.000000
-0.495633 -0.643532 -843.186340
-0.338603 -0.455297 35.052615
-0.001126 -0.001301 1.000000
0.166479 -1.620085 1224.954018
0.493263 -1.522480 -991.501911
0.000721 -0.004182 1.000000
-1.831303 0.904662 -1428.498301
-1.090391 0.549146 2354.205886
-0.003061 0.001478 1.000000
-0.648277 -0.390253 -430.824591
-0.425045 -0.290839 944.359542
-0.001154 -0.001167 1.000000
-0.508033 -1.172488 103.847768
-0.348497 -0.668341 1643.766708
-0.000716 -0.001879 1.000000
-0.255764 -0.903918 218.356572
-0.136935 -1.093213 -58.315938
-0.000503 -0.002218 1.000000
-0.359692 -0.957116 -720.088161
-0.197278 -0.644067 -562.440953
-0.000669 -0.001768 1.000000
0.040621 -0.977121 -884.218253
-0.047021 -1.200593 1322.823431
0.000015 -0.002470 1.000000
-0.553285 -0.848915 -410.836426
-0.316614 -0.676337 -46.115902
-0.000867 -0.001569 1.000000
10.585729 -10.555476 -37846.748909
5.258783 -10.421851 52550.777457
0.017087 -0.025079 1.000000
-0.753380 -0.736837 261.252676
-0.638757 -0.633989 54.966578
-0.001201 -0.001202 1.000000
0.039493 -2.328948 1313.619708
-0.002677 -1.264346 -424.043779
0.000014 -0.003273 1.000000
-0.796479 -0.641884 1543.801914
-0.375650 -0.422403 -433.036589
-0.001149 -0.001054 1.000000
1.059805 -3.184120 1704.020025
1.629088 -2.689072 -1422.013375
0.002423 -0.006686 1.000000
-0.324092 -1.335165 1227.350739
0.046967 -0.850896 128.342421
-0.000324 -0.002258 1.000000
-0.591387 -1.048265 786.138398
-0.194487 -0.694197 -313.866685
-0.000811 -0.001738 1.000000
-0.148570 -1.353409 982.944830
-0.136827 -0.923396 -567.982695
-0.000647 -0.002242 1.000000
-1.094963 -0.374740 -536.382216
-0.847154 -0.095605 -309.165544
-0.001929 -0.000315 1.000000
-1.204176 -0.342050 -863.495465
-0.643191 -0.044944 98.043453
-0.002034 -0.000147 1.000000
-0.693295 -0.124249 540.110056
-0.580082 0.056496 1032.114079
-0.001695 -0.000214 1.000000
-0.352030 -1.209070 816.913048
-0.215143 -0.777615 -20.568803
-0.000521 -0.001882 1.000000
1.481020 -4.446478 6561.094458
2.596233 -3.625874 -1250.553781
0.005175 -0.010172 1.000000
-0.358580 -1.293675 375.853231
-0.212146 -0.968244 -124.691916
-0.000453 -0.001993 1.000000
0.276919 -1.833572 1054.929910
0.242914 -1.438395 -471.113856
0.000552 -0.003147 1.000000
-0.264793 -1.289960 692.289724
-0.027122 -0.732576 -384.082317
-0.000360 -0.002227 1.000000
-0.112340 -1.818968 2089.711680
0.133094 -0.675700 -815.621847
0.000316 -0.002923 1.000000
-0.101628 -1.174086 821.604562
-0.032618 -0.546823 -220.607388
-0.000410 -0.002052 1.000000
-0.425148 -0.667968 6.180193
-0.513888 -0.800644 161.085275
-0.001007 -0.001422 1.000000
-0.192170 -1.573746 2976.774001
-0.202048 -1.373323 1104.707035
-0.000015 -0.002621 1.000000
-0.698693 -0.093023 1140.580102
-0.756658 0.015753 -464.862872
-0.001979 -0.000072 1.000000
-0.165438 -1.059778 1328.122950
-0.154966 -1.019396 -114.773824
-0.000369 -0.002096 1.000000
-0.535885 -0.750147 990.143481
-0.370218 -0.533380 -428.327086
-0.000973 -0.001411 1.000000
-0.634183 -0.687369 461.037366
-0.342473 -0.417968 -36.719215
-0.001123 -0.001304 1.000000
-0.589895 -0.515098 752.844824
-0.344291 -0.221334 -198.022507
-0.001302 -0.000888 1.000000
0.139785 -1.774543 575.209735
0.114669 -0.855521 -485.583851
0.000151 -0.002863 1.000000
-0.244510 -0.735415 1446.618225
-0.348400 -0.591260 187.504348
-0.000727 -0.001573 1.000000
-0.495939 -0.620963 1283.268246
-0.298775 -0.369872 -442.197216
-0.001041 -0.001141 1.000000
-0.195965 -1.182318 594.027616
-0.223223 -0.882365 -213.855771
-0.000475 -0.002214 1.000000
-0.327021 -0.569379 713.755469
-0.299029 -0.502720 -86.512465
-0.000959 -0.001379 1.000000
-0.318433 -1.148757 716.745886
-0.109217 -0.606370 -296.255250
-0.000615 -0.001818 1.000000
0.130585 -1.101999 181.524361
0.195571 -1.073410 -442.011914
0.000279 -0.002776 1.000000
0.382476 -2.185132 564.613973
0.362719 -1.686602 -468.113639
0.000690 -0.003841 1.000000
-0.439808 -0.817830 117.031263
-0.225493 -0.543169 -581.365889
-0.000819 -0.001532 1.000000
-0.104999 -1.424311 157.594141
0.060932 -0.979628 -860.061204
-0.000127 -0.002440 1.000000
2.778651 -7.481685 10765.411742
2.241844 -5.057059 7134.574735
0.006422 -0.012483 1.000000
-0.358658 -1.300039 1496.316076
0.040437 -0.582744 -13.217948
-0.000474 -0.002058 1.000000
-1.152736 -0.240545 -1039.244898
-0.483629 0.071713 1107.488289
-0.001790 -0.000352 1.000000
0.183612 -1.628873 1420.086356
0.112921 -1.015938 -908.839345
0.000241 -0.002943 1.000000
-0.481924 -0.813006 820.186553
-0.246208 -0.568453 -156.980697
-0.000777 -0.001699 1.000000
0.298617 -2.528972 1973.266532
0.520735 -1.918535 -1226.210921
0.000844 -0.003882 1.000000
-0.459455 -0.790373 1423.599136
-0.210973 -0.431603 -299.313067
-0.000851 -0.001573 1.000000
-0.297416 -1.120241 425.360869
-0.084953 -0.461507 -263.403728
-0.000466 -0.001897 1.000000
0.079320 -1.636710 179.931960
0.099397 -1.251809 -178.692259
0.000146 -0.002769 1.000000
-0.365943 -0.900632 409.870330
-0.327951 -0.782719 38.277292
-0.000816 -0.001640 1.000000
0.651681 -2.461210 391.903405
0.447017 -1.539592 -409.946787
0.000996 -0.003802 1.000000
5.782198 -9.472691 -3924.770670
5.613583 -9.039083 -7355.453404
0.012734 -0.018494 1.000000
0.379504 -1.318415 -17.809223
0.173444 -1.639957 -199.196370
0.000620 -0.003623 1.000000
-0.153349 -1.372490 -0.484051
-0.003300 -0.980021 10.601468
-0.000068 -0.002456 1.000000
-0.543777 -0.610659 755.744294
-0.272734 -0.371873 -546.170005
-0.001002 -0.001292 1.000000
0.003791 -1.173338 729.202460
-0.052470 -1.455870 -215.793082
-0.000282 -0.003070 1.000000
-0.230606 -0.510368 120.369615
-0.235474 -0.675202 151.439057
-0.000623 -0.001542 1.000000
-0.582743 -0.620199 890.802795
-0.342411 -0.498274 -184.841227
-0.001073 -0.001335 1.000000
-0.413466 -0.769267 -68.870007
-0.369644 -0.798602 285.139485
-0.000688 -0.001593 1.000000
-0.462690 -0.635469 -665.316286
-0.391122 -0.644270 -318.577174
-0.001042 -0.001451 1.000000
0.013816 -1.047092 -162.538014
-0.066537 -1.223870 39.222792
-0.000205 -0.002367 1.000000
-0.518300 -0.796828 402.098844
-0.370370 -0.754982 51.422916
-0.000850 -0.001583 1.000000
0.090382 -1.011960 1044.457513
-0.001080 -1.334044 -377.975575
-0.000029 -0.002878 1.000000
-0.558317 -1.018733 1548.534035
-0.198713 -0.477643 -108.000943
-0.000709 -0.001563 1.000000
-0.700086 -0.644915 680.458073
-0.423961 -0.204862 -132.895806
-0.001396 -0.001009 1.000000
-0.190286 -1.254734 971.040497
-0.054450 -0.714464 -316.402969
-0.000442 -0.002179 1.000000
1.965922 -5.460979 9081.535721
1.349122 -3.959402 1978.933557
0.004874 -0.010166 1.000000
-2.967549 4.937696 4396.910200
-1.562094 4.165393 4299.611912
-0.008568 0.010690 1.000000
0.376350 -1.772637 805.210139
0.055787 -1.116590 -435.162171
0.000294 -0.003069 1.000000
-0.300084 -0.907479 874.728027
-0.343870 -0.996099 300.291433
-0.000644 -0.001852 1.000000
0.374511 -1.718869 742.645673
0.221094 -1.841575 -3.318107
0.000407 -0.003719 1.000000
-0.117317 -1.204438 514.164712
-0.144232 -1.180486 120.055391
-0.000255 -0.002312 1.000000
0.188802 -1.452386 427.670820
0.149989 -1.603750 -161.389531
0.000288 -0.003109 1.000000
-0.456616 -1.427212 344.541344
-0.350919 -1.146919 87.043563
-0.000856 -0.002286 1.000000
-0.323575 -0.827487 -187.549798
-0.132339 -0.336741 8.033468
-0.000785 -0.001625 1.000000
0.178100 -1.331673 509.302905
0.075315 -1.160879 -149.367579
0.000164 -0.002646 1.000000
-0.033446 -1.556955 509.474848
0.032415 -1.088767 -371.793639
-0.000102 -0.002775 1.000000
0.025290 -1.729932 -327.146437
0.154682 -1.092216 -402.669182
0.000100 -0.003041 1.000000
-0.763037 -0.422729 768.530398
-0.539991 -0.300654 -224.978431
-0.001403 -0.000793 1.000000
-0.189506 -1.047270 423.653483
-0.125120 -0.781866 94.045093
-0.000402 -0.001939 1.000000
-0.278959 -1.092355 497.871587
-0.161143 -0.774257 -6.335985
-0.000378 -0.002055 1.000000
-0.145449 -1.134880 321.058530
-0.085287 -0.918750 -3.209397
-0.000241 -0.002230 1.000000
-0.508648 -1.123877 426.597635
-0.096757 -1.006486 -151.315644
-0.000655 -0.002038 1.000000
-0.414149 -0.954273 292.097981
-0.271238 -0.822584 4.914402
-0.000667 -0.001701 1.000000
-0.100019 -1.298176 639.434382
0.063307 -0.822147 -22.875682
-0.000113 -0.002270 1.000000
-0.058570 -1.383762 544.818926
-0.024598 -1.002829 32.047602
-0.000216 -0.002439 1.000000
-0.035113 -1.243220 517.594119
0.031048 -0.833556 -148.304902
-0.000229 -0.002190 1.000000
0.867299 -2.465933 -952.777504
1.229230 -2.345486 -367.092667
0.002160 -0.005313 1.000000
-0.250578 -1.108658 963.195164
-0.141597 -0.706139 -111.847170
-0.000449 -0.001795 1.000000
-0.163654 -0.979861 288.159199
-0.015894 -0.846282 -352.447278
-0.000245 -0.002014 1.000000
