-0.156551 -1.018439 621.387785
-0.056429 -0.265979 -70.508407
-0.000260 -0.001697 1.000000
0.073852 -0.669565 156.379450
-0.048835 -0.280892 -3.257072
0.000026 -0.002109 1.000000
-0.130096 -0.452914 233.737826
-0.053011 -0.228266 48.180587
-0.000179 -0.001684 1.000000
0.117879 -0.528083 7.274406
0.208867 -0.193519 -70.877908
0.000266 -0.002287 1.000000
0.119775 -0.467093 49.581520
0.089554 -0.394562 41.767589
0.000217 -0.002098 1.000000
0.020611 -0.564607 133.136556
0.019517 -0.384971 57.677273
-0.000046 -0.002109 1.000000
0.030332 -0.578645 107.089262
-0.030096 -0.370013 31.203395
-0.000044 -0.001961 1.000000
0.024620 -0.659425 75.420210
0.044646 -0.616187 -27.467775
-0.000048 -0.002406 1.000000
0.050096 -0.433107 85.457543
-0.065938 -0.685717 121.496031
0.000017 -0.002132 1.000000
0.483765 -1.751200 806.306750
0.039106 -1.043928 -192.525883
0.000455 -0.002981 1.000000
0.323468 -1.849184 203.825035
-0.048813 -1.219288 -73.191158
0.000361 -0.003329 1.000000
-0.079960 -0.396328 22.941369
-0.018813 -0.392729 43.595546
0.000047 -0.002039 1.000000
0.307719 -1.039436 370.901963
0.031545 -0.427819 -193.302500
0.000069 -0.002235 1.000000
-0.064320 -0.934963 268.162499
0.050227 -0.571903 -172.581380
-0.000159 -0.002240 1.000000
0.124198 -0.897484 521.280798
-0.049115 -0.539980 12.378851
-0.000078 -0.001985 1.000000
0.003635 -0.444225 190.855567
-0.025008 -0.199061 0.854777
-0.000046 -0.001674 1.000000
-0.010695 -0.387237 112.448870
-0.035338 -0.208843 3.097964
-0.000074 -0.001823 1.000000
-0.006945 -0.251079 51.048413
0.045792 -0.221478 8.403743
0.000152 -0.001914 1.000000
-0.031999 -0.639815 213.683154
0.146083 -0.277782 -123.643175
0.000025 -0.001963 1.000000
-0.046038 -0.595037 220.812188
-0.025584 -0.392114 -9.003579
-0.000067 -0.002041 1.000000
-0.074060 -0.753486 379.060290
-0.103573 -0.481809 114.210362
-0.000227 -0.001735 1.000000
-0.369986 -0.762422 61.444991
-0.389969 -0.783388 720.267237
-0.000620 -0.001380 1.000000
0.074226 -0.920790 104.453115
0.109634 -0.977427 -199.994237
0.000243 -0.002201 1.000000
-0.000656 -0.700710 257.237526
-0.037856 -0.312181 -110.273664
-0.000211 -0.001778 1.000000
0.054355 -0.702903 272.546328
-0.033670 -0.465669 -104.548490
0.000065 -0.002278 1.000000
0.153716 -1.076530 384.636068
-0.008715 -0.772655 -6.848649
0.000090 -0.002502 1.000000
0.006378 -0.455704 134.848302
-0.049565 -0.447901 179.344799
0.000092 -0.001912 1.000000
0.014986 -0.284021 53.137642
0.018374 -0.345662 20.466250
0.000058 -0.001935 1.000000
0.099774 -0.486568 184.701306
-0.032228 -0.253225 5.604676
0.000123 -0.001959 1.000000
0.099854 -0.618562 234.841865
-0.129104 -0.607495 54.395132
-0.000184 -0.002028 1.000000
0.093214 -0.966242 335.034900
0.094780 -0.616056 -140.483741
0.000196 -0.002439 1.000000
-0.134361 -0.817731 232.888683
-0.094612 -0.814810 15.255509
-0.000421 -0.002116 1.000000
-0.051346 -0.716390 250.036783
-0.096388 -0.660656 46.654866
-0.000221 -0.002245 1.000000
0.397022 -0.954630 427.398093
0.035570 -0.406885 -89.549927
0.000178 -0.002201 1.000000
-0.012040 -0.676322 163.128852
0.038694 -0.725583 134.256822
0.000180 -0.002253 1.000000
0.075090 -0.564329 211.733916
-0.072379 -0.357240 -7.901409
-0.000113 -0.001973 1.000000
-0.069342 -0.983540 278.594622
-0.154345 -0.547758 17.282984
-0.000340 -0.002074 1.000000
-0.064087 -0.412234 176.157628
-0.098296 -0.500575 25.204065
-0.000335 -0.001819 1.000000
0.188672 -0.932551 114.938859
-0.043174 -0.548614 -12.727445
-0.000097 -0.002048 1.000000
0.115132 -0.659910 84.529181
-0.050176 -0.564652 25.970897
-0.000048 -0.002055 1.000000
0.248382 -1.050029 393.469174
0.170682 -0.723040 -79.631413
0.000210 -0.002501 1.000000
0.005877 -0.628226 201.899931
-0.034161 -0.291328 -21.422842
0.000023 -0.001881 1.000000
0.159828 -0.555770 160.191458
-0.012632 -0.436507 67.552965
0.000098 -0.002145 1.000000
-0.017507 -0.395570 168.451212
-0.023865 -0.274999 -2.052607
-0.000132 -0.001766 1.000000
0.037310 -0.419272 128.633916
0.005932 -0.186695 0.478455
0.000117 -0.001845 1.000000
0.054285 -0.422132 78.853180
0.023150 -0.379609 47.345710
-0.000145 -0.002027 1.000000
-0.094306 -0.985233 495.846419
0.092306 -0.469273 -195.526619
0.000078 -0.002408 1.000000
0.435497 -1.217133 204.860811
-0.009078 -0.631647 -78.974985
0.000049 -0.002449 1.000000
0.464548 -1.293845 348.319807
0.010485 -0.303702 -152.105032
0.000223 -0.002471 1.000000
-0.036627 -0.814641 250.300032
-0.022702 -0.401330 -73.228085
0.000015 -0.002139 1.000000
0.392866 -0.777121 240.562620
0.095979 -0.296066 -137.544029
0.000340 -0.002293 1.000000
0.227103 -1.107699 380.800498
-0.055474 -0.741598 -70.442593
0.000065 -0.002705 1.000000
0.065639 -0.717555 200.507320
-0.064367 -0.257985 -28.674268
-0.000249 -0.001701 1.000000
0.037972 -0.608961 300.112044
-0.130568 -0.191720 -52.613109
-0.000307 -0.001626 1.000000
0.011265 -0.927184 393.729348
-0.025114 -0.277538 -70.532000
-0.000132 -0.001813 1.000000
0.130714 -0.902371 327.778579
0.064520 -0.354279 -11.196898
0.000145 -0.002239 1.000000
-0.142516 -0.867215 513.409727
-0.136350 -0.349861 -41.260398
-0.000283 -0.001818 1.000000
-0.234695 -0.637545 363.453758
-0.142108 -0.296922 -66.777502
-0.000511 -0.001781 1.000000
0.038315 -0.713275 84.455788
-0.114798 -0.553993 67.692089
-0.000071 -0.002257 1.000000
0.015940 -0.873768 372.585450
-0.069704 -0.318903 -82.152026
-0.000176 -0.001953 1.000000
-0.065472 -0.443347 119.460956
-0.126973 -0.399800 70.389952
-0.000256 -0.001808 1.000000
-0.065641 -0.712307 278.056156
-0.012150 -0.500013 -13.816257
0.000030 -0.002210 1.000000
-0.016480 -0.285017 98.385300
-0.028575 -0.108286 -5.164829
-0.000174 -0.001607 1.000000
0.286683 -1.141083 537.017634
-0.027654 -0.198376 -83.934224
0.000080 -0.001971 1.000000
-0.120125 -0.919351 500.343624
-0.142083 -0.436360 -26.319934
-0.000398 -0.001881 1.000000
0.360034 -1.181871 487.724301
-0.049303 -0.405234 -37.527594
0.000072 -0.002127 1.000000
0.676750 -1.065744 282.228895
0.074828 -0.232953 -113.956119
0.000307 -0.002036 1.000000
-0.016177 -0.895835 173.478609
0.056540 -0.585931 -109.278069
0.000304 -0.002600 1.000000
-0.083278 -1.048967 319.823604
-0.157814 -0.696658 17.901013
-0.000199 -0.002264 1.000000
0.158975 -1.019875 340.624999
0.022691 -0.490318 -103.727399
0.000129 -0.002263 1.000000
0.117656 -0.789467 387.498072
-0.079708 -0.279303 -7.150380
-0.000160 -0.001719 1.000000
0.259168 -0.503528 51.519913
-0.087743 -0.311919 71.518673
-0.000317 -0.001694 1.000000
0.031763 -0.863613 131.188237
-0.058275 -0.691055 -61.180043
-0.000401 -0.002272 1.000000
0.234991 -1.505712 879.422692
0.203237 -0.673348 -536.282475
0.000444 -0.002636 1.000000
0.071422 -0.648433 230.575536
-0.064832 -0.366195 -38.370849
-0.000197 -0.001874 1.000000
0.117364 -0.838331 344.787685
0.040335 -0.518309 -51.562658
0.000005 -0.002279 1.000000
0.037987 -0.355982 27.921155
0.001993 -0.327387 43.650534
-0.000022 -0.001842 1.000000
0.011047 -0.612728 150.668289
-0.050790 -0.331973 18.108278
0.000009 -0.002050 1.000000
0.051835 -0.811208 204.778166
-0.105686 -0.452544 8.082192
-0.000202 -0.001987 1.000000
0.357061 -1.012802 428.272754
-0.054144 -0.411180 -78.828328
0.000159 -0.002113 1.000000
0.299465 -0.904719 353.202488
0.000137 -0.319798 -45.495189
-0.000042 -0.001877 1.000000
0.193932 -1.023244 235.597270
-0.166477 -0.812667 77.546820
-0.000104 -0.002464 1.000000
0.207821 -0.966139 229.969919
-0.066754 -0.763740 55.584731
-0.000122 -0.002307 1.000000
0.147384 -1.541729 380.054917
0.176973 -1.010952 -145.451085
0.000254 -0.003115 1.000000
0.029436 -0.444458 122.281630
-0.017402 -0.314073 44.713362
0.000055 -0.002033 1.000000
0.038777 -0.380194 159.775265
0.015359 -0.216197 18.832234
0.000071 -0.001870 1.000000
0.243659 -0.984455 158.335455
0.026817 -0.671940 -46.682821
0.000242 -0.002519 1.000000
0.080450 -0.850819 255.151540
-0.168456 -0.752966 72.805236
-0.000278 -0.002132 1.000000
-0.025468 -0.386209 165.920980
-0.002018 -0.233981 23.485101
-0.000152 -0.001677 1.000000
0.197912 -1.146657 420.329926
0.038701 -0.656730 -35.333478
-0.000011 -0.002276 1.000000
0.464887 -1.514997 246.349700
0.041299 -0.679839 -137.937151
0.000099 -0.002657 1.000000
0.460689 -1.249733 235.540488
0.053783 -0.503862 -108.804391
0.000218 -0.002434 1.000000
0.115446 -0.998320 261.872171
-0.063623 -0.601289 9.725588
-0.000185 -0.002137 1.000000
-0.093176 -0.507527 93.918262
-0.046557 -0.327470 16.319794
-0.000098 -0.001936 1.000000
0.049280 -0.723531 98.355911
0.076130 -0.342532 -66.237871
0.000104 -0.002232 1.000000
0.003773 -0.960371 243.658537
-0.026978 -0.679640 -89.997658
-0.000006 -0.002540 1.000000
-0.013391 -0.472213 61.343421
0.007447 -0.342782 27.851347
-0.000068 -0.001957 1.000000
0.199303 -1.149750 442.649265
-0.062943 -0.513246 -26.876121
0.000030 -0.002223 1.000000
0.268207 -1.070339 269.514852
-0.053839 -0.693645 -14.337166
0.000003 -0.002414 1.000000
0.255724 -1.363117 297.773886
0.095252 -1.136762 -54.257281
0.000004 -0.002814 1.000000
0.376250 -1.452295 480.559379
0.053744 -0.654317 34.234761
0.000189 -0.002312 1.000000
0.079773 -1.072048 411.125241
0.072853 -0.708647 -146.703156
0.000141 -0.002497 1.000000
0.225066 -1.055619 518.250436
-0.020461 -0.419882 2.645799
0.000059 -0.002041 1.000000
-0.005717 -0.833100 267.726492
-0.021064 -0.369248 -64.909188
-0.000341 -0.001882 1.000000
0.411925 -1.120654 262.409101
0.056328 -0.548980 -54.213022
0.000141 -0.002308 1.000000
0.025505 -0.662151 236.673916
-0.007817 -0.501417 9.952373
-0.000034 -0.002154 1.000000
0.069283 -0.795237 218.770936
0.127133 -0.501702 -21.896562
0.000239 -0.002453 1.000000
0.057138 -1.304303 670.994198
-0.021438 -0.421277 14.072605
-0.000103 -0.001993 1.000000
0.295426 -0.992473 285.862606
0.017161 -0.438447 -94.322475
0.000012 -0.002232 1.000000
0.094117 -0.870571 199.759841
-0.088434 -0.529249 10.420884
-0.000106 -0.002224 1.000000
-0.090551 -0.595312 133.714397
-0.155333 -0.555734 84.847108
-0.000383 -0.001855 1.000000
-0.003383 -0.870720 133.263092
-0.101110 -0.561842 -29.685172
-0.000493 -0.001862 1.000000
0.184478 -1.341966 587.402168
-0.088899 -0.440571 13.603794
0.000019 -0.002098 1.000000
0.079990 -1.339399 701.004648
-0.078126 -0.459485 -13.519376
0.000003 -0.002035 1.000000
-0.428825 -0.339998 18.657027
-0.389216 -0.515506 213.938325
-0.000980 -0.001181 1.000000
0.124042 -0.779969 205.629042
-0.016245 -0.577630 18.935117
-0.000114 -0.002033 1.000000
-0.022527 -2.004027 867.685444
-0.061458 -1.435397 166.126467
0.000088 -0.002999 1.000000
0.117608 -1.601273 824.689223
-0.059016 -0.337490 -42.456006
0.000043 -0.002105 1.000000
-0.018982 -1.377689 748.854890
-0.036827 -0.474099 -99.522862
0.000058 -0.002253 1.000000
0.254355 -1.654435 640.141408
0.065592 -0.994368 -104.269550
0.000309 -0.003089 1.000000
0.247302 -1.082984 305.972978
-0.155229 -0.653808 58.831354
-0.000137 -0.002315 1.000000
0.162581 -1.243338 584.042271
0.057436 -0.363328 -126.223562
-0.000090 -0.002034 1.000000
0.088018 -1.302925 670.048473
-0.056455 -0.658952 -3.291010
-0.000074 -0.002352 1.000000
0.420653 -1.369346 297.147475
0.154408 -0.894848 -168.270563
0.000322 -0.002962 1.000000
0.147183 -1.408969 591.163588
-0.055542 -0.864696 -50.316281
0.000188 -0.002847 1.000000
0.192774 -1.343812 306.417054
-0.067087 -0.802562 41.404646
0.000111 -0.002556 1.000000
0.409402 -1.138672 357.370306
0.043053 -0.642466 -26.354331
0.000107 -0.002336 1.000000
0.441288 -1.371571 428.306565
0.033406 -0.721947 -40.861640
0.000324 -0.002657 1.000000
0.238983 -1.212240 435.484496
-0.035630 -0.595584 41.222340
0.000010 -0.002289 1.000000
0.118371 -1.323777 574.690203
-0.081525 -0.585869 19.148982
-0.000097 -0.002110 1.000000
0.128217 -0.995955 528.438167
0.030064 -0.474447 -77.218764
0.000087 -0.002069 1.000000
0.058648 -0.503003 234.156090
-0.105718 -0.617083 88.497513
-0.000288 -0.001883 1.000000
0.403172 -1.151721 337.434538
0.163332 -0.634125 -273.442112
0.000407 -0.002678 1.000000
0.796081 -2.115934 615.622125
0.598896 -1.477285 -189.171634
0.000992 -0.003656 1.000000
0.163895 -1.096481 329.402160
-0.134902 -0.592197 59.661422
-0.000259 -0.002150 1.000000
-0.033457 -0.644203 354.274602
-0.083912 -0.257702 23.859504
-0.000318 -0.001577 1.000000
-0.062735 -1.016546 470.211017
-0.097265 -0.475633 59.090121
-0.000318 -0.001833 1.000000
-0.046711 -0.691905 126.361045
0.012306 -0.555067 47.830669
-0.000100 -0.002123 1.000000
0.302248 -1.030305 383.657666
-0.044333 -0.538375 2.607041
-0.000019 -0.002186 1.000000
0.159833 -1.247917 244.758996
0.015196 -0.524451 -121.912328
0.000061 -0.002286 1.000000
0.014609 -1.603433 955.143509
-0.035281 -0.214154 42.488294
-0.000078 -0.001824 1.000000
0.314953 -1.846289 322.926520
0.031468 -0.658877 -159.318786
0.000376 -0.003017 1.000000
-0.046025 -1.187916 544.046784
-0.025282 -0.360048 -161.606440
-0.000156 -0.002100 1.000000
0.207936 -1.831315 986.269066
0.084605 -0.590080 -67.538412
0.000409 -0.002675 1.000000
0.094830 -1.698482 916.806110
0.021177 -0.437151 11.700606
0.000049 -0.002101 1.000000
-0.000752 -0.727211 344.075688
-0.032357 -0.270889 -18.009348
-0.000118 -0.001816 1.000000
0.037150 -0.498152 254.629680
-0.047507 -0.360306 37.834518
-0.000123 -0.001833 1.000000
-0.057940 -0.646443 296.948990
-0.098424 -0.305134 18.910818
-0.000323 -0.001742 1.000000
0.106240 -0.691263 174.255237
-0.033412 -0.323504 70.962037
-0.000015 -0.001845 1.000000
0.110987 -1.235686 494.904346
-0.004477 -0.677417 106.650474
0.000004 -0.002129 1.000000
1.192061 -2.068536 1030.559341
0.491993 -0.334553 -366.792502
0.001924 -0.003702 1.000000
0.173973 -1.493693 695.046297
0.071342 -0.241981 -136.063378
0.000210 -0.002401 1.000000
-0.172532 -0.774916 287.523763
-0.169698 -0.431080 92.870114
-0.000526 -0.001629 1.000000
-0.181404 -1.345481 832.316864
-0.074138 -0.433200 -23.393110
-0.000221 -0.002111 1.000000
-0.092145 -1.705279 974.693050
-0.034971 -0.350124 23.149437
-0.000067 -0.002069 1.000000
-0.098777 -1.514927 963.984094
-0.017299 -0.229194 46.948780
-0.000151 -0.001820 1.000000
0.481580 -1.798101 809.690731
0.211710 -0.672486 -64.533055
0.000570 -0.002813 1.000000
0.113013 -1.721882 1122.704086
0.052461 -0.462978 61.693426
0.000193 -0.002221 1.000000
-0.158326 -1.598064 985.110409
-0.000576 -0.449688 6.979544
-0.000115 -0.001917 1.000000
0.357952 -1.373722 586.612888
-0.007287 -0.224823 66.483656
0.000151 -0.001893 1.000000
0.401371 -0.965085 390.208224
0.017932 -0.220985 2.726100
0.000145 -0.001927 1.000000
0.253372 -1.244967 579.237187
-0.042045 -0.469283 -4.155246
0.000048 -0.002136 1.000000
-0.022998 -1.158244 258.970005
-0.111752 -0.780000 113.342940
-0.000079 -0.002160 1.000000
0.040633 -0.192670 4.764629
-0.040902 -0.426974 96.933846
-0.000042 -0.001967 1.000000
0.073396 -0.214305 11.112469
0.004844 -0.415068 37.237791
0.000145 -0.002144 1.000000
0.020070 -0.253971 78.515351
-0.086306 -0.227265 93.481076
-0.000027 -0.001758 1.000000
0.138726 -0.205026 -248.799386
0.508995 -1.352047 563.223405
0.000548 -0.002420 1.000000
-0.041569 -0.378225 90.749798
-0.049566 -0.429530 126.728896
-0.000026 -0.001969 1.000000
0.215571 -1.185498 347.315688
-0.022658 -0.614319 22.874099
-0.000051 -0.002158 1.000000
-0.187830 -0.721450 371.601427
-0.255150 -0.625555 151.861020
-0.000464 -0.001778 1.000000
0.900786 -0.718558 218.527128
0.132328 0.725439 -193.516076
0.000436 -0.001230 1.000000
1.104010 -1.050706 304.447844
0.159613 0.448758 -126.820822
0.000531 -0.001451 1.000000
0.008185 -0.200455 20.618914
0.050531 -0.311475 57.849580
0.000132 -0.001870 1.000000
-0.056252 -0.287932 12.149491
-0.129953 -0.499580 200.541015
-0.000106 -0.002035 1.000000
-0.022622 -0.171430 56.007658
-0.066328 -0.323086 181.258721
0.000042 -0.001722 1.000000
0.000673 -0.324855 69.757934
-0.016789 -0.303828 75.949480
-0.000195 -0.001798 1.000000
-0.050272 -0.895683 244.728624
-0.002165 -0.528555 -47.029274
0.000126 -0.002428 1.000000
0.001497 -0.205389 76.992896
0.011669 -0.214540 32.796649
-0.000070 -0.001695 1.000000
-0.025265 -0.533877 -4.499999
-0.084666 -0.698787 175.451827
-0.000033 -0.002205 1.000000
0.041648 -0.363993 -31.247655
-0.024654 -0.482167 81.865945
0.000121 -0.002292 1.000000
-0.049099 -0.315043 55.175415
-0.033174 -0.418437 90.576724
0.000068 -0.002055 1.000000
0.065131 -0.638999 62.170234
0.009015 -0.723402 77.560619
0.000399 -0.002510 1.000000
0.080573 -1.104299 482.692769
-0.168210 -0.714302 39.131995
-0.000106 -0.002296 1.000000
0.553110 -1.790653 702.204574
-0.020376 -0.410958 -22.244123
0.000418 -0.002436 1.000000
-0.131453 -1.206584 755.617861
-0.185683 -0.356690 69.329374
-0.000384 -0.001669 1.000000
-0.162664 -0.529838 154.096791
-0.053668 -0.483638 124.191454
-0.000218 -0.001813 1.000000
0.038449 -0.178604 5.188775
-0.013088 -0.257298 63.094644
0.000141 -0.001901 1.000000
0.057303 -0.425722 63.188789
0.039975 -0.430477 -22.596224
0.000154 -0.002254 1.000000
-0.060061 -0.123504 68.794720
0.032664 -0.250689 11.100022
0.000564 -0.002346 1.000000
-0.014496 -0.990866 -51.659175
-0.111081 -1.467586 690.776659
0.000016 -0.002515 1.000000
0.817977 -1.234534 593.487404
0.262103 -1.568607 1332.086420
0.000838 -0.003003 1.000000
0.073142 -0.672606 12.823873
0.054993 -0.536711 -7.595632
0.000003 -0.002240 1.000000
0.028729 -0.441121 63.821544
0.166032 -0.414673 -110.917206
0.000453 -0.002584 1.000000
-0.074856 -1.052222 400.611939
0.084511 -0.491789 -142.725622
-0.000033 -0.002280 1.000000
0.026712 -0.826869 898.495429
-0.227690 -1.728905 1143.511993
0.000125 -0.002455 1.000000
-0.002042 -0.532570 -242.734497
-0.045837 -1.309827 649.785112
-0.000044 -0.002160 1.000000
0.024387 -1.063405 3231.996950
-0.051370 -1.275666 617.978808
-0.000034 -0.002077 1.000000
-3.592196 2.509846 -2925.298973
-1.729905 1.612460 -54.663658
-0.005380 0.003452 1.000000
-0.370051 -0.755799 562.580894
-0.211871 -0.610059 27.197515
-0.000547 -0.001552 1.000000
-0.058676 -0.602765 50.746629
-0.130888 -1.056433 289.521031
0.000279 -0.002511 1.000000
-1.895578 0.553196 35.887615
-1.721698 0.993947 -2201.380665
-0.003837 0.001505 1.000000
-0.387938 -0.482565 790.028349
-0.272252 -0.716759 220.735762
-0.000786 -0.001160 1.000000
-0.370333 -1.412153 976.797843
-0.033405 -0.299140 57.802018
-0.000416 -0.001626 1.000000
-0.328637 -1.436362 1433.675362
-0.198205 -1.097518 639.333224
-0.000332 -0.002324 1.000000
0.064460 -1.684075 932.998036
0.026169 -0.204249 21.454997
0.000009 -0.001856 1.000000
-0.122240 -1.468961 930.392051
-0.003036 -0.486924 90.652071
-0.000226 -0.001889 1.000000
-0.223141 -1.398923 872.648498
-0.062725 -0.627738 24.775466
-0.000310 -0.001853 1.000000
0.016808 -1.544603 925.856338
0.024259 -0.085369 5.262323
-0.000006 -0.001662 1.000000
-0.254058 -1.446096 1032.311270
-0.024597 -0.477179 72.616773
-0.000256 -0.001849 1.000000
-0.241723 -1.561515 1148.215919
-0.064359 -0.850743 143.326874
-0.000177 -0.002459 1.000000
-0.123393 -0.884709 -13.109082
-0.189095 -1.063162 759.569455
-0.000409 -0.001812 1.000000
0.254707 -1.114535 182.227226
0.052271 -0.692528 -28.273274
0.000137 -0.002511 1.000000
0.072399 -1.486329 1250.060116
-0.032577 -1.272440 808.125702
0.000210 -0.002522 1.000000
0.521203 -1.327905 -88.843313
0.290273 -1.566045 1325.702216
0.000845 -0.003054 1.000000
0.179914 -1.679286 902.156101
0.072029 -0.377678 53.575644
0.000138 -0.002028 1.000000
0.057487 -1.709781 938.631334
0.016200 -0.299014 23.795941
0.000040 -0.001913 1.000000
0.101341 -1.664677 984.234527
0.040213 -0.287642 -139.905622
0.000146 -0.002017 1.000000
-0.128478 -0.308129 127.818814
-0.243560 -0.466033 197.061005
-0.000671 -0.001339 1.000000
-0.711502 -0.348324 -290.229616
-0.668376 -0.193709 -64.642907
-0.001482 -0.000504 1.000000
-0.295686 -0.963072 884.760906
-0.288682 -0.914254 729.794433
-0.000585 -0.001402 1.000000
0.280915 -2.068261 1106.340367
0.056360 -0.307505 69.310230
0.000372 -0.002159 1.000000
-0.180565 -0.984815 1239.591442
-0.261483 -0.865748 533.060837
-0.000441 -0.001625 1.000000
0.362503 -1.393354 524.541843
0.290445 -0.778584 -643.762792
0.000696 -0.003022 1.000000
-0.612878 0.069210 1727.912400
-0.405835 -0.079747 -8.096430
-0.001482 -0.000368 1.000000
0.062968 -0.972729 295.940309
0.011097 -0.549211 106.237306
0.000214 -0.002352 1.000000
0.001414 -1.881086 1050.463925
0.017548 -0.374962 -16.595269
0.000088 -0.002282 1.000000
-0.055963 -1.532452 1062.491002
-0.078331 -0.341158 88.381778
-0.000074 -0.001931 1.000000
-0.410183 -0.799128 952.755117
-0.303943 -0.438797 93.574092
-0.000816 -0.001367 1.000000
-0.210188 -1.082454 819.141501
-0.136327 -0.249367 34.059854
-0.000317 -0.001654 1.000000
-0.285174 -1.308879 789.027537
-0.052735 -0.584808 -77.943415
0.000095 -0.002583 1.000000
-0.004296 -1.242534 641.622846
0.089142 -0.783061 -158.009405
0.000147 -0.002714 1.000000
-0.035902 -0.969526 374.996679
-0.079368 -0.566078 -83.776489
0.000165 -0.002451 1.000000
-0.100688 -1.353472 899.752327
-0.003244 -0.183509 39.192331
-0.000151 -0.001612 1.000000
-0.306653 -1.296003 817.196452
-0.093376 -0.511082 -38.010391
-0.000250 -0.001911 1.000000
0.182211 -1.858199 994.134190
-0.001823 -0.114615 28.801109
0.000223 -0.001956 1.000000
-0.027382 -1.463263 935.871908
-0.013201 -0.625936 -12.804182
-0.000077 -0.002141 1.000000
0.039673 -1.620717 898.876089
-0.119572 -0.400834 42.565268
0.000004 -0.002120 1.000000
-0.193452 -1.567948 983.090469
-0.005637 -0.302769 87.963898
-0.000205 -0.001758 1.000000
-0.093196 -0.940946 57.134155
-0.224822 -1.163563 572.249193
-0.000090 -0.002164 1.000000
-0.008387 -1.470825 851.076857
-0.038926 -0.290319 -2.413259
-0.000086 -0.001955 1.000000
0.074756 -1.918201 1057.130363
0.058310 -0.538066 123.382982
0.000239 -0.002233 1.000000
0.019562 -1.561481 1190.089684
0.064540 -0.416069 -8.139340
0.000103 -0.002037 1.000000
-0.040530 -0.696501 365.101261
-0.016771 -0.094099 -29.749664
0.000106 -0.001859 1.000000
0.344306 -1.584828 775.679145
0.027946 -0.277441 -38.754260
0.000320 -0.002101 1.000000
-0.119253 -1.104328 771.995208
-0.181612 -0.515453 123.523850
-0.000259 -0.001800 1.000000
0.101510 -1.260857 613.376399
-0.084288 -0.380417 12.283348
0.000006 -0.002088 1.000000
-0.267568 -0.818084 558.617187
-0.182541 -0.333319 45.809003
-0.000381 -0.001537 1.000000
-0.024407 -0.857105 454.906122
-0.008493 -0.331104 -56.132203
-0.000145 -0.001799 1.000000
0.373375 -1.523446 681.456140
0.092844 -0.607995 -176.358184
0.000325 -0.002470 1.000000
0.300359 -1.867428 734.127417
0.009407 -0.678503 -37.832337
0.000292 -0.002656 1.000000
0.050045 -0.749510 368.404035
-0.005318 -0.213920 -96.477735
-0.000200 -0.001755 1.000000
0.237163 -1.379928 647.271695
0.100751 -0.735790 13.042671
0.000357 -0.002682 1.000000
-0.061389 -1.081643 690.620093
-0.056752 -0.226059 -51.103406
-0.000034 -0.001842 1.000000
0.107876 -1.341059 592.111579
0.030159 -0.509604 -22.094925
0.000151 -0.002231 1.000000
0.055360 -1.046574 540.287644
-0.083076 -0.316871 43.330273
-0.000053 -0.001918 1.000000
0.172187 -1.006509 444.611463
0.152381 -0.643974 32.828759
0.000178 -0.002185 1.000000
0.174660 -0.724174 348.725627
-0.000626 -0.158990 0.226837
-0.000224 -0.001566 1.000000
0.318643 -0.200770 198.826062
-0.147790 0.613095 33.230373
-0.000449 -0.000399 1.000000
-0.265973 -1.568001 1134.440997
-0.085754 -0.396278 167.092453
-0.000252 -0.001713 1.000000
0.023771 -0.959025 413.895911
-0.045705 -0.271740 16.603501
-0.000043 -0.001786 1.000000
0.293062 -1.544832 754.463298
-0.012686 -0.166107 -23.069783
0.000316 -0.002074 1.000000
0.286175 -1.327231 564.223065
-0.043596 -0.212003 -13.720512
0.000057 -0.001860 1.000000
-0.113918 -1.215095 668.952386
-0.120071 -0.365317 9.426385
-0.000193 -0.001866 1.000000
-0.187318 -1.184325 571.047881
-0.065540 -0.484472 -21.636492
-0.000203 -0.001962 1.000000
0.809932 -0.346844 112.234582
0.022935 0.582430 21.399842
0.000043 -0.000664 1.000000
0.851994 -0.623230 214.379353
0.100086 0.657769 -88.680498
0.000181 -0.000755 1.000000
0.861871 -0.153821 88.236121
0.033509 0.831486 -17.797419
-0.000024 -0.000272 1.000000
1.000000 -0.000000 -0.000000
0.000000 1.000000 -0.000000
0.000000 0.000000 1.000000
0.889534 0.307371 -76.213110
-0.088030 1.228215 -3.162813
-0.000293 0.000370 1.000000
0.356477 -1.022188 269.997041
-0.013471 -0.278104 -36.404754
0.000276 -0.002207 1.000000
-0.034366 -0.526062 206.654644
-0.021873 -0.292766 20.775645
0.000012 -0.001940 1.000000
-0.034150 -0.345561 188.827613
-0.136243 -0.382543 146.160972
-0.000201 -0.001597 1.000000
0.467620 -1.597999 753.902215
0.156504 -0.319490 -131.628348
0.000470 -0.002371 1.000000
-0.040469 -1.093997 698.858058
-0.055705 -0.218392 -3.097773
-0.000137 -0.001775 1.000000
0.094520 -0.792172 276.026068
-0.074122 -0.576892 -7.383842
0.000096 -0.002179 1.000000
-0.045590 -0.730976 251.361102
-0.075255 -0.637578 13.457266
0.000224 -0.002365 1.000000
-0.028823 -0.509207 129.910195
-0.006399 -0.514906 18.032905
0.000152 -0.002223 1.000000
-0.415172 -1.169019 917.608498
-0.069116 -0.262241 -6.552242
-0.000379 -0.001548 1.000000
-0.000972 -0.357737 138.056225
-0.015555 -0.359706 68.326626
0.000238 -0.002118 1.000000
0.088992 -0.718139 329.333260
-0.100886 -0.087503 -66.729738
-0.000117 -0.001542 1.000000
0.369458 -1.336682 441.478107
0.131583 -0.594060 -145.040123
0.000076 -0.002379 1.000000
-0.100945 -0.646176 219.395512
-0.031193 -0.468821 -13.437270
0.000021 -0.002125 1.000000
-0.042582 -1.158361 632.449145
-0.003180 -0.335626 -73.875941
-0.000143 -0.001899 1.000000
-0.046349 -0.979797 209.706154
-0.020710 -0.727444 35.214633
0.000201 -0.002475 1.000000
-0.376727 -1.033015 727.563955
-0.066440 -0.345726 -16.127496
-0.000238 -0.001736 1.000000
