-0.069496 -1.499989 434.423902
-0.136637 -0.686463 -205.307829
-0.000241 -0.002386 1.000000
0.364578 -2.368487 176.772014
0.416967 -1.604039 -471.122906
0.000745 -0.004318 1.000000
0.180498 -1.943845 532.828653
0.440355 -1.704442 -372.810502
0.000910 -0.004603 1.000000
-0.095821 -1.211183 39.863041
-0.132708 -1.027434 103.848159
-0.000151 -0.002602 1.000000
-0.136344 -0.870530 129.903808
0.059888 -1.234499 -40.346357
-0.000005 -0.002586 1.000000
-0.275927 -1.087372 914.078956
-0.490159 -1.095901 -0.477211
-0.001032 -0.002214 1.000000
0.015683 -0.671337 60.317655
-0.078239 -0.607586 -103.392501
-0.000374 -0.002193 1.000000
0.541538 -2.055783 -66.911733
0.232672 -1.334695 -158.336249
0.001054 -0.004194 1.000000
-0.117544 -0.858733 383.365026
-0.130521 -0.802606 -41.751592
-0.000377 -0.002103 1.000000
1.744978 -3.209444 460.593357
0.736527 -1.892965 -1402.302854
0.001655 -0.005085 1.000000
0.246173 -1.922033 480.962115
0.136844 -1.347804 -701.248091
0.000866 -0.004032 1.000000
0.359123 -3.055608 -237.485641
0.383512 -1.581358 -581.211770
0.001462 -0.004968 1.000000
1.421736 -3.542526 526.386014
0.754278 -3.096230 -906.362006
0.001769 -0.006579 1.000000
-0.201319 -1.313947 785.585577
-0.080006 -0.940022 -277.129863
-0.000285 -0.002380 1.000000
0.720060 -2.439373 1222.725929
0.992158 -3.137655 -833.198633
0.001806 -0.006265 1.000000
-0.723589 0.812724 499.817940
-0.854098 0.601118 721.376562
-0.002442 0.000657 1.000000
0.246902 -1.638645 347.623859
0.210346 -1.346050 -116.643384
0.000219 -0.003262 1.000000
0.054494 -1.232821 408.457426
0.097849 -0.959492 -132.783513
0.000135 -0.002841 1.000000
1.524089 -5.894339 -97.517219
2.039416 -3.385590 -2116.315876
0.005006 -0.009744 1.000000
0.142950 -1.708377 217.808500
0.232917 -1.122505 -398.417792
0.000413 -0.003396 1.000000
-0.084782 -1.064426 203.038213
-0.119179 -0.772611 181.124641
-0.000169 -0.002366 1.000000
-0.089581 -0.969339 419.603126
-0.178478 -0.642435 -50.918346
-0.000313 -0.001917 1.000000
-0.537854 -0.828522 -158.870550
-0.492827 -0.573814 258.073005
-0.000989 -0.001185 1.000000
-0.224565 -1.379462 747.156331
-0.159912 -1.039997 181.247838
-0.000344 -0.002319 1.000000
0.013342 -1.600843 644.261240
0.176576 -1.525491 -244.233058
0.000299 -0.003563 1.000000
-0.015167 -1.505239 506.160746
0.154596 -1.111310 -183.987882
-0.000012 -0.002907 1.000000
0.625016 -1.722900 -659.179499
0.615354 -1.867944 -473.932828
0.001341 -0.004399 1.000000
0.178947 -0.850036 0.519673
-0.083603 -0.833651 -80.016820
-0.000109 -0.002510 1.000000
0.081543 -1.314690 179.284224
0.018269 -1.006899 73.702847
0.000206 -0.002811 1.000000
-0.089542 -0.735154 315.223373
-0.125536 -1.141470 67.669872
-0.000391 -0.002470 1.000000
0.157693 -2.000862 360.274679
0.139088 -1.254672 -221.764869
0.000231 -0.003500 1.000000
-0.031219 -1.279404 386.051060
0.091233 -1.249687 -191.770115
0.000388 -0.003375 1.000000
-0.055964 -0.760340 118.566630
-0.101802 -0.476364 -19.462094
-0.000420 -0.001832 1.000000
-0.232732 -0.916684 547.230410
-0.051714 -0.533326 -52.796039
-0.000358 -0.002008 1.000000
0.835668 -3.211179 -439.629937
0.589827 -2.337998 -330.433557
0.001523 -0.005310 1.000000
-0.053659 -0.770373 300.177085
-0.137101 -0.539384 -142.718569
-0.000282 -0.002121 1.000000
-0.235247 -1.373397 489.314199
-0.105333 -0.903750 -192.865682
-0.000332 -0.002624 1.000000
-0.024731 -0.892575 85.924504
-0.202265 -1.097290 144.933552
-0.000190 -0.002402 1.000000
0.212996 -1.319991 181.251944
0.161671 -0.943684 -213.666055
0.000016 -0.002887 1.000000
0.079191 -1.186268 348.738134
-0.039429 -0.648324 -142.187066
-0.000174 -0.002411 1.000000
0.002410 -1.363218 430.386009
0.036007 -0.846595 -294.077208
-0.000164 -0.002827 1.000000
0.510013 -1.712842 480.440024
0.381833 -1.437978 -275.566856
0.000756 -0.003897 1.000000
0.001432 -1.190086 338.527155
-0.071306 -0.699314 68.977884
-0.000256 -0.002234 1.000000
-0.098031 -1.078795 383.039644
-0.126069 -0.918203 27.243595
-0.000211 -0.002410 1.000000
0.042636 -1.398128 484.693458
0.064814 -0.994008 -36.622158
0.000254 -0.002999 1.000000
2.329067 -2.163222 242.012009
0.736594 -0.681869 -315.680602
0.001977 -0.004448 1.000000
2.030405 -1.109880 -31.893954
0.640141 0.363085 -304.201444
0.001489 -0.002778 1.000000
5.827519 -1.158055 -795.034119
1.873016 1.375022 -952.045453
0.005451 -0.004083 1.000000
5.546093 -2.691280 -266.685821
1.510079 0.371167 -414.411232
0.005249 -0.004991 1.000000
1.926023 -0.320412 -133.584609
0.355643 1.159690 -181.811318
0.001148 -0.000911 1.000000
12.837158 -15.535450 3349.358562
6.079226 -7.274996 -1777.042685
0.019734 -0.029643 1.000000
0.739116 -2.047228 663.010621
0.286056 -1.201122 -36.378904
0.000847 -0.003506 1.000000
-0.012752 -1.165872 394.964032
-0.038103 -0.605408 30.392144
-0.000264 -0.002224 1.000000
0.092263 -1.079958 404.263190
-0.084754 -0.462748 98.489386
-0.000210 -0.002206 1.000000
2.718580 -0.559535 -327.999635
0.537390 1.110649 -136.987117
0.001739 -0.001455 1.000000
5.374410 -1.837844 -564.812349
1.434970 0.091757 -320.670802
0.004536 -0.004776 1.000000
-0.272490 -1.424592 572.050950
-0.116793 -1.274332 242.674889
-0.000276 -0.002724 1.000000
-0.048131 -1.027764 403.973087
-0.156778 -0.623159 111.942065
-0.000353 -0.002163 1.000000
-0.127467 -0.825265 370.592748
-0.073011 -0.353346 35.155810
-0.000525 -0.001796 1.000000
0.165353 -1.011578 378.037410
-0.000920 -0.595468 93.287804
-0.000086 -0.002298 1.000000
-0.427975 -1.245700 509.910566
-0.335388 -1.477500 432.448738
-0.000451 -0.002555 1.000000
-0.192441 -0.744280 381.813086
-0.051456 -0.271231 35.404290
-0.000526 -0.001684 1.000000
0.049744 -0.581357 121.660321
-0.005752 -0.594111 45.167452
-0.000202 -0.002189 1.000000
0.031170 -0.716620 335.508130
-0.112580 -0.391928 110.168066
-0.000400 -0.001805 1.000000
-0.142022 -0.573331 295.374574
-0.085446 -0.277986 37.267369
-0.000619 -0.001588 1.000000
-0.483740 -2.030918 820.231270
-0.269467 -2.636552 388.838521
0.000063 -0.004642 1.000000
-0.241165 -1.289474 550.429685
-0.122702 -1.172886 178.164370
-0.000377 -0.002529 1.000000
-0.116849 -1.420462 449.497681
0.016574 -0.813770 -184.004998
0.000091 -0.003016 1.000000
-0.057146 -0.806007 184.526751
-0.167430 -0.685210 23.925990
-0.000394 -0.001977 1.000000
-0.210399 -1.396084 516.420300
-0.217858 -1.233265 -95.565746
-0.000288 -0.002793 1.000000
-0.065210 -1.103354 417.253780
-0.261137 -1.150581 231.944668
-0.000418 -0.002341 1.000000
0.222821 -1.306194 543.752786
0.067185 -0.911597 -47.503590
0.000231 -0.002828 1.000000
0.061222 -1.002034 26.970672
-0.032214 -0.752331 -70.305514
-0.000318 -0.002376 1.000000
-0.261156 -1.070624 500.870398
-0.120783 -0.419205 -132.481910
-0.000579 -0.001903 1.000000
0.766622 -0.209968 103.218748
0.145805 0.739120 -95.010042
0.000070 -0.000716 1.000000
0.018125 -1.425729 678.539237
-0.038203 -1.298549 112.575726
-0.000110 -0.002620 1.000000
-0.028114 -0.674230 172.106606
0.076548 -0.545728 14.770829
-0.000043 -0.002118 1.000000
0.052523 -1.282369 0.569280
-0.029793 -1.019417 -98.947460
-0.000076 -0.002769 1.000000
-0.242122 -1.195043 -18.950494
-0.174745 -0.706554 -29.366647
-0.000490 -0.002333 1.000000
-0.283653 -1.225418 703.989944
-0.126993 -1.049847 100.917331
-0.000251 -0.002531 1.000000
0.116469 -1.447649 553.975303
-0.014330 -0.957347 -123.460362
0.000090 -0.002778 1.000000
-0.178172 -1.151874 679.366611
-0.083584 -0.578215 96.271261
-0.000267 -0.001896 1.000000
0.099128 -1.603781 368.424733
0.035200 -1.106944 -225.868855
0.000105 -0.002866 1.000000
0.000651 -0.813394 438.603276
-0.285894 -1.024097 -167.807225
-0.000405 -0.002322 1.000000
-0.070947 -0.978907 106.263210
-0.026082 -0.488107 5.525830
-0.000284 -0.002306 1.000000
0.039609 -1.146856 150.310618
0.018345 -0.756894 -91.146595
0.000224 -0.002739 1.000000
-0.372201 -0.926581 947.407550
-0.321191 -0.798613 205.817521
-0.000851 -0.001953 1.000000
1.524896 -4.250331 -1663.454086
0.632141 -3.442143 -546.538646
0.001826 -0.007150 1.000000
-0.277681 -0.924133 94.457948
-0.167731 -0.678681 -706.515569
-0.000608 -0.002292 1.000000
0.404891 -1.572098 197.891731
-0.082896 -1.175094 -83.434100
0.000107 -0.003091 1.000000
0.630203 -1.503228 424.572068
0.050908 -1.529232 -5.061868
0.000379 -0.003401 1.000000
0.052947 -1.241602 710.368388
-0.068989 -1.004061 -0.959092
0.000061 -0.002588 1.000000
-0.165626 -0.990901 392.975299
-0.180277 -0.673836 2.328241
-0.000462 -0.002092 1.000000
-0.326585 -0.753204 23.284212
-0.152555 -0.419592 -185.684214
-0.000713 -0.001806 1.000000
0.049220 -1.524687 179.459010
0.060037 -0.697946 -195.655241
-0.000037 -0.003188 1.000000
0.212393 -1.060799 -63.046841
0.078867 -0.940680 -88.233947
-0.000162 -0.002623 1.000000
0.933193 -2.089872 -1487.430763
0.226247 -1.288982 -778.489684
0.000851 -0.004643 1.000000
-0.180393 -0.962920 378.479515
-0.041359 -0.615958 -83.359006
-0.000473 -0.002017 1.000000
-0.163074 -0.915810 613.448637
-0.131391 -0.847264 25.478770
-0.000433 -0.002179 1.000000
-0.020764 -1.282275 319.648064
-0.096832 -1.371101 18.357047
0.000017 -0.002718 1.000000
-0.175357 -1.121203 529.493846
-0.168268 -0.847411 140.016509
-0.000376 -0.002107 1.000000
0.182598 -1.151685 246.401442
0.041917 -1.132444 -57.665627
0.000009 -0.002633 1.000000
0.084652 -0.777093 213.767708
-0.145029 -0.894072 82.588521
-0.000255 -0.002154 1.000000
0.300166 -1.974520 542.494604
0.111821 -1.354923 -300.851029
0.000227 -0.003698 1.000000
-0.238159 -1.074912 565.169874
-0.126978 -0.684686 -177.089937
-0.000426 -0.002057 1.000000
4.150581 -5.888829 943.000029
2.470466 -3.405599 -3488.656509
0.006211 -0.011737 1.000000
-0.308591 -1.341291 1207.563462
-0.149394 -0.740989 81.123123
-0.000391 -0.002195 1.000000
0.475484 -2.737066 894.181108
0.476383 -2.361410 -584.174127
0.001149 -0.005319 1.000000
0.121823 -1.415746 602.487079
-0.017876 -1.273085 -107.238180
-0.000013 -0.003018 1.000000
0.250918 -1.298998 65.837944
-0.025252 -1.277599 -78.934513
-0.000125 -0.002938 1.000000
0.120746 -1.191457 200.107839
0.070737 -1.198322 -91.270348
0.000172 -0.003029 1.000000
-0.005039 -1.157719 466.048778
-0.100597 -0.979273 35.062963
-0.000144 -0.002507 1.000000
-0.021547 -1.540389 664.295094
-0.149634 -1.017653 -114.615810
-0.000038 -0.002935 1.000000
1.000000 -0.000000 0.000000
0.000000 1.000000 -0.000000
0.000000 -0.000000 1.000000
0.128063 -1.193011 439.045200
0.068980 -0.832878 28.411351
0.000078 -0.002835 1.000000
-0.008026 -1.119731 -70.504007
0.008465 -1.054728 -137.229205
-0.000011 -0.002700 1.000000
-0.004668 -1.619607 399.528431
0.028787 -1.452844 -216.577072
-0.000009 -0.003161 1.000000
0.030027 -1.524785 349.091253
-0.036472 -0.839208 -301.005997
-0.000117 -0.002671 1.000000
0.005399 -1.195666 510.432155
-0.022900 -0.830036 -185.183972
-0.000296 -0.002662 1.000000
0.171557 -1.455707 537.065715
0.039613 -1.305441 -142.476533
0.000112 -0.002956 1.000000
-0.019838 -1.175329 346.188389
-0.240367 -0.932213 62.960978
-0.000412 -0.002274 1.000000
-0.462016 -0.847220 402.860079
-0.406530 -0.681596 86.079730
-0.000827 -0.001530 1.000000
0.171240 -1.084172 359.650457
0.084082 -0.863316 -646.323791
-0.000064 -0.002876 1.000000
-0.303905 -0.990681 327.457264
-0.315234 -0.705488 -187.090328
-0.000650 -0.001955 1.000000
-0.307169 -1.433295 637.701191
-0.174227 -1.086832 -111.236753
-0.000325 -0.002454 1.000000
-0.138628 -1.537788 587.354153
-0.182728 -1.248925 -9.315723
-0.000231 -0.002850 1.000000
-0.073871 -0.976777 481.213092
-0.044196 -0.735106 -31.147753
-0.000395 -0.002217 1.000000
0.059906 -0.781862 546.621247
-0.132696 -1.109135 96.318877
-0.000370 -0.002409 1.000000
-0.247081 -1.165901 748.424263
-0.148382 -1.105533 -62.376226
-0.000318 -0.002466 1.000000
0.267497 0.072696 -177.030329
-0.283112 -0.869491 267.955991
-0.000631 -0.001892 1.000000
-0.231010 -1.070530 617.510547
0.012312 -1.142816 -217.379083
-0.000013 -0.002766 1.000000
0.276994 -1.374734 582.970366
-0.059395 -1.266293 -29.621278
0.000034 -0.002845 1.000000
-0.029837 -1.184205 400.427508
-0.233637 -0.977435 -89.949120
-0.000386 -0.002327 1.000000
0.958501 -3.390991 1156.617039
0.684775 -2.620014 -785.383957
0.001724 -0.005813 1.000000
0.071896 -1.711780 722.765760
0.036812 -1.577662 7.143770
0.000119 -0.003086 1.000000
-0.190185 -1.128397 241.100089
-0.170870 -0.842508 -37.282945
-0.000465 -0.002159 1.000000
0.146268 -1.591767 1025.412183
0.143426 -1.481280 -397.607429
0.000339 -0.003530 1.000000
-0.318593 -1.214894 182.702418
-0.357092 -1.212917 -346.538597
-0.000653 -0.002406 1.000000
-0.325414 -0.836773 555.822944
-0.389821 -0.843195 235.812918
-0.000718 -0.001737 1.000000
-0.192662 -1.285184 629.527160
-0.087741 -0.859763 -121.831714
-0.000305 -0.002361 1.000000
-0.169722 -1.600087 1076.541797
-0.004501 -0.798822 -25.288616
-0.000292 -0.002434 1.000000
-0.178639 -1.044582 298.357710
-0.317478 -0.892765 -51.235373
-0.000601 -0.002214 1.000000
-0.305380 -1.058818 1247.098137
-0.278396 -0.674554 44.677657
-0.000942 -0.002045 1.000000
-0.118556 -1.607353 386.486988
-0.016311 -0.749932 -30.210581
-0.000271 -0.002443 1.000000
-0.705849 -0.869452 639.117815
-0.330620 -0.443982 -205.023196
-0.001105 -0.001318 1.000000
-0.260436 -0.692657 254.181212
-0.190837 -0.728447 -52.917307
-0.000624 -0.001995 1.000000
-0.036806 -1.056918 572.033356
-0.031947 -1.057374 5.444606
-0.000140 -0.002470 1.000000
-0.233866 -1.536361 606.107510
-0.149339 -1.075954 -176.173771
-0.000150 -0.002837 1.000000
-0.165022 -2.243131 418.241220
0.212597 -1.327642 -290.343023
0.000418 -0.003504 1.000000
0.129066 -2.297223 201.515110
0.406501 -1.956817 -372.179604
0.000386 -0.004135 1.000000
-0.143004 -2.308082 849.118324
0.304222 -1.498713 -365.151290
0.000588 -0.003966 1.000000
-0.070117 -2.148050 1025.702473
0.079917 -1.485271 -100.918864
0.000398 -0.003801 1.000000
-0.588089 -1.038348 430.219931
-0.253204 -0.618591 -6.536783
-0.000855 -0.001711 1.000000
-0.799235 -1.521405 1270.904398
-0.273242 -0.584908 603.853665
-0.000917 -0.001839 1.000000
-0.373848 -1.873876 320.285463
-0.234041 -1.218086 -325.665970
-0.000387 -0.002972 1.000000
-0.255305 -1.530471 956.815000
-0.213111 -0.677291 102.265239
-0.000424 -0.002194 1.000000
-0.475816 -1.458277 951.568759
-0.162020 -0.680177 -2.196901
-0.000310 -0.002304 1.000000
-0.283986 -2.082453 1518.264085
-0.013430 -1.155197 19.655061
0.000075 -0.002934 1.000000
0.327391 -2.823716 1405.294215
0.200816 -2.059583 -918.785233
0.000732 -0.004766 1.000000
-0.413054 -1.074600 613.039451
-0.341358 -0.845559 139.050494
-0.000625 -0.001917 1.000000
-0.058533 -1.621610 463.127046
-0.060183 -1.052786 21.791565
-0.000128 -0.002690 1.000000
-0.247041 -1.085267 688.820754
-0.127540 -0.464976 33.036036
-0.000384 -0.001940 1.000000
-0.273840 -0.863720 481.381747
-0.184802 -0.529842 40.753312
-0.000513 -0.001973 1.000000
0.092179 -1.594606 195.750440
0.018867 -1.454051 114.570652
0.000085 -0.003241 1.000000
0.021879 -0.784395 182.553365
0.071493 -1.093531 -26.621013
-0.000199 -0.002655 1.000000
1.096114 -2.346425 -409.770187
0.641681 -2.033300 -510.543763
0.002518 -0.005902 1.000000
-0.345033 -0.586973 -575.881044
-0.303361 -0.657426 1166.048911
-0.000778 -0.001583 1.000000
0.078095 -1.169949 -53.363646
-0.065115 -1.057578 35.815398
0.000034 -0.002841 1.000000
0.082738 -1.374039 521.603242
0.066772 -0.692111 -14.890771
0.000126 -0.002641 1.000000
0.032407 -1.344620 409.563831
-0.040442 -1.148872 84.260512
-0.000199 -0.002870 1.000000
-0.102725 -1.951746 362.219196
-0.134722 -1.341607 -140.392339
-0.000114 -0.002950 1.000000
-0.255022 -1.309865 706.233718
-0.345487 -1.002896 198.019734
-0.000417 -0.002222 1.000000
0.329849 -1.362302 -95.961371
0.213219 -1.356560 -136.260771
0.000563 -0.003747 1.000000
-0.105900 -0.577508 131.155804
-0.059649 -0.476619 2.763546
-0.000407 -0.001863 1.000000
0.239264 -1.340868 -25.766293
0.033924 -1.001876 93.546203
0.000084 -0.002992 1.000000
0.395070 -1.901435 106.876001
0.240177 -1.738736 -311.152674
0.000509 -0.004076 1.000000
7.482309 -8.869109 1241.371087
4.573537 -9.949026 -4828.557087
0.013550 -0.022633 1.000000
-0.097806 -0.914538 -17.649299
-0.059202 -0.924995 95.468165
0.000057 -0.002647 1.000000
0.262798 -1.469864 -329.090994
0.180488 -1.765209 55.034246
0.000553 -0.003631 1.000000
-0.012695 -0.657847 196.334124
-0.007535 -0.557815 -60.955307
-0.000173 -0.002270 1.000000
-0.030900 -0.972765 -10.316411
-0.051481 -0.882982 -25.650771
-0.000223 -0.002446 1.000000
0.612793 -2.039472 157.369072
0.431598 -1.853669 -53.472525
0.000806 -0.004001 1.000000
0.148430 -1.888426 719.359737
0.330353 -1.617754 -122.508208
0.000630 -0.004134 1.000000
-0.110998 -1.303711 657.247287
-0.492328 -1.285741 121.433054
-0.000518 -0.002382 1.000000
-0.396849 -1.208604 718.529077
-0.203116 -0.828989 -272.500085
-0.000429 -0.002374 1.000000
-0.285936 -0.380131 -303.782071
-0.371845 -0.622504 291.624197
-0.000882 -0.001491 1.000000
1.090497 -3.185123 -417.785966
0.935038 -4.605569 -1499.027493
0.004519 -0.010696 1.000000
0.316407 -1.297950 -12.541778
0.198125 -1.493730 -267.922211
0.000301 -0.003366 1.000000
-0.048162 -1.144328 277.693596
0.032547 -1.424037 -86.536068
0.000035 -0.002996 1.000000
0.849776 -2.591699 -868.116110
0.067852 -1.958814 -16.060987
0.001026 -0.004303 1.000000
0.082978 -0.739308 297.668139
-0.126770 -0.800794 -93.874697
-0.000410 -0.002188 1.000000
0.085854 -1.218809 -28.622003
-0.082126 -0.859324 -54.290277
-0.000109 -0.002805 1.000000
0.370523 -1.893223 -380.266706
0.070535 -1.584938 -5.180767
0.000630 -0.004052 1.000000
-0.304916 -1.122025 594.533863
-0.168116 -0.634373 -187.962515
-0.000568 -0.002031 1.000000
13.979518 -21.595407 -16283.996826
10.036399 -18.156469 -14957.476157
0.027819 -0.041776 1.000000
-0.189089 -0.370331 -257.782089
-0.571209 -0.982200 890.825011
-0.000872 -0.001518 1.000000
-0.228263 -0.608461 575.414997
-0.301780 -0.698097 -118.457768
-0.000662 -0.001608 1.000000
-0.072880 -1.540138 1277.402874
-0.178788 -1.319240 108.847063
-0.000152 -0.002700 1.000000
-0.930522 -1.641176 1449.065457
-0.510247 -0.868665 521.866161
-0.000741 -0.001423 1.000000
-0.245810 -1.001928 140.395557
-0.260373 -0.996760 135.235754
-0.000326 -0.002138 1.000000
-0.371997 -0.149725 882.009163
-0.578069 -0.693836 26.464954
-0.001269 -0.001065 1.000000
-0.438805 -1.796709 3186.180873
-0.445404 -1.621450 490.281173
-0.000193 -0.002384 1.000000
-0.316159 -1.765287 1044.260375
-0.053277 -0.812450 -66.168666
-0.000317 -0.002582 1.000000
-0.126343 -0.803350 -514.940328
-0.298823 -1.036009 -101.002661
-0.000600 -0.001956 1.000000
1.254448 -3.534985 2240.537808
0.760624 -2.322352 -497.729917
0.002058 -0.005323 1.000000
-0.109189 -1.987333 1074.898793
0.026194 -0.928643 -125.951609
0.000019 -0.002662 1.000000
1.060198 -2.973833 1275.664824
0.212368 -1.925080 -1147.308195
0.001314 -0.005104 1.000000
0.465010 -2.329294 870.826430
0.202531 -1.862519 -382.703473
0.000653 -0.004448 1.000000
-0.484100 -1.353907 996.921354
-0.274718 -0.651363 61.872917
-0.000628 -0.001802 1.000000
0.244433 -2.195681 1410.991103
-0.012088 -1.175208 -241.506287
0.000354 -0.003479 1.000000
0.437090 -2.766203 -1679.964469
0.509302 -2.150401 -1333.317694
0.001236 -0.004714 1.000000
0.046291 -1.254536 437.750966
0.001413 -1.017732 -171.960253
-0.000213 -0.002519 1.000000
0.999157 -2.406232 1105.478512
0.680132 -2.875847 -1154.111529
0.001298 -0.005298 1.000000
-0.114259 -1.002321 377.981837
-0.237998 -0.856093 -299.888207
-0.000464 -0.002080 1.000000
0.296821 -1.846458 877.456870
0.297663 -1.110358 -527.857400
0.000574 -0.003364 1.000000
0.295100 -2.413987 998.970450
0.421660 -1.067784 -537.219596
0.000606 -0.003638 1.000000
2.080696 -3.673232 3693.293209
1.038149 -2.338024 -930.818840
0.004084 -0.007154 1.000000
-0.059473 -1.622491 1367.500706
0.015931 -0.963380 35.197795
0.000212 -0.003097 1.000000
-0.163977 -0.712473 924.959149
-0.182929 -0.667771 -1637.077508
-0.000533 -0.001908 1.000000
0.385226 -2.279684 2193.725572
0.121193 -1.725334 749.265421
0.000720 -0.004406 1.000000
-0.052952 -1.647265 681.226424
0.018189 -0.975033 -90.087510
0.000009 -0.002859 1.000000
-2.072469 2.113955 2757.510901
-1.421327 1.104237 -55.417430
-0.003457 0.002493 1.000000
0.681603 -2.243148 378.157034
0.561514 -1.465959 -839.598485
0.000859 -0.004067 1.000000
0.034612 -1.457121 342.845029
-0.116298 -0.901380 -300.710435
-0.000034 -0.002798 1.000000
0.668261 -1.843871 -49.261157
0.267630 -0.904252 -69.495082
0.001181 -0.003808 1.000000
0.184099 -1.680657 840.986012
-0.050380 -0.798774 -253.043021
0.000057 -0.002824 1.000000
-3.239202 4.487073 2720.081431
-1.885164 1.796013 3428.751255
-0.006494 0.005180 1.000000
1.985603 -4.637653 -2062.519250
0.987807 -3.173260 -2127.860929
0.004191 -0.008990 1.000000
0.753269 -3.527676 1483.029545
0.611797 -2.889198 -39.205233
0.001890 -0.005868 1.000000
0.779203 -3.228200 235.552592
0.615094 -2.428298 -752.396845
0.001243 -0.005588 1.000000
-0.234906 -1.327209 1120.792878
0.048250 -0.594640 -224.401111
-0.000380 -0.002271 1.000000
-0.271239 -1.818155 872.039575
0.138166 -1.315340 -213.776039
0.000184 -0.003198 1.000000
0.319718 -2.065261 889.615066
0.286796 -1.466022 -164.218413
0.000725 -0.003438 1.000000
0.318809 -1.636122 836.709229
0.264433 -1.295723 -306.503913
0.000485 -0.003612 1.000000
-0.286750 -1.483228 945.626619
0.036903 -0.617531 -13.690699
-0.000328 -0.002263 1.000000
-0.141678 -1.808608 1022.156046
0.226125 -1.110404 -98.404243
0.000142 -0.002985 1.000000
2.076258 -4.463019 1868.340809
1.678454 -2.980899 -1294.999891
0.003416 -0.008361 1.000000
-0.073556 -1.302915 1144.681968
-0.048211 -1.050872 -15.728181
-0.000176 -0.002969 1.000000
-0.658470 -0.337663 -480.597551
-0.513377 -0.376096 752.976983
-0.001283 -0.000880 1.000000
-0.464444 -1.222579 809.685393
-0.150629 -0.596961 -104.777823
-0.000547 -0.002036 1.000000
0.296485 -2.035905 794.263493
0.196129 -1.357761 -118.631314
0.000402 -0.003336 1.000000
1.066634 -3.269500 638.573685
0.530651 -1.667910 -1144.584632
0.001607 -0.004910 1.000000
0.158623 -2.727888 718.103639
0.223603 -1.316838 -364.825716
0.000907 -0.004196 1.000000
0.449752 -2.043688 815.007935
0.256870 -1.195512 -370.078039
0.000776 -0.003280 1.000000
-0.332967 -1.445767 867.357146
-0.105741 -0.632950 7.235852
-0.000428 -0.002007 1.000000
1.626362 -3.417854 511.329784
0.829858 -2.780629 -604.923253
0.002194 -0.006154 1.000000
-0.092534 -1.405907 904.704684
0.068441 -0.945981 -85.223347
0.000056 -0.002466 1.000000
0.061198 -2.005627 259.345118
0.185799 -1.680947 -46.469885
0.000113 -0.003400 1.000000
0.696209 -1.997387 64.515247
0.247195 -1.755471 -116.428577
0.000690 -0.003889 1.000000
-11.786828 15.238497 -736.603338
-7.760956 13.895724 12082.261881
-0.024047 0.039408 1.000000
-0.216501 -0.927279 408.898671
0.012976 -0.405610 -75.367136
-0.000345 -0.001890 1.000000
-0.047841 -1.030932 566.083665
-0.103475 -0.894620 92.633949
-0.000393 -0.002184 1.000000
-0.262030 -1.071441 800.755406
-0.070721 -0.585886 -31.849515
-0.000475 -0.001981 1.000000
-0.210900 -1.471097 620.155879
0.099264 -0.592924 -230.977346
-0.000006 -0.002600 1.000000
0.124333 -0.631435 350.302131
-0.015848 -1.084266 -36.953572
-0.000018 -0.002699 1.000000
0.421005 -2.206389 144.994522
0.407152 -2.171113 -92.628969
0.000806 -0.004309 1.000000
0.010615 -1.011456 427.789991
-0.093805 -0.896894 20.972356
-0.000286 -0.002280 1.000000
0.069591 -1.299286 637.565871
-0.199911 -1.796746 176.365882
-0.000116 -0.003336 1.000000
-0.351274 -1.531180 1350.477617
-0.107419 -0.846893 84.988698
-0.000298 -0.002392 1.000000
0.617603 -2.164184 165.754114
0.032219 -1.066233 -77.491453
0.000520 -0.003626 1.000000
-0.055774 -1.368251 645.890679
0.006055 -0.643525 -350.455541
-0.000039 -0.002543 1.000000
0.558490 -1.763394 506.268478
0.043624 -1.159655 -216.576256
0.000361 -0.003208 1.000000
0.432021 -1.621967 302.266321
0.101826 -1.100041 -329.994501
0.000463 -0.003128 1.000000
0.061271 -2.356924 685.331921
0.197218 -1.490578 -178.400954
0.000272 -0.003595 1.000000
-0.097239 -1.288102 347.629924
-0.176217 -1.066355 121.572662
-0.000471 -0.002317 1.000000
0.166643 -0.967019 465.344258
-0.222784 -1.298391 197.738285
-0.000217 -0.002654 1.000000
-0.146524 -0.945584 35.193958
-0.279291 -1.061364 160.623046
-0.000596 -0.002175 1.000000
0.038755 -1.718771 371.951680
-0.023549 -1.886274 -29.885252
-0.000121 -0.003555 1.000000
-0.089191 -1.825469 585.411737
-0.190546 -1.698755 228.726759
-0.000130 -0.003141 1.000000
-0.042093 -1.007856 136.050233
-0.103363 -0.425216 -145.302451
-0.000285 -0.002099 1.000000
-0.246488 -0.853245 526.382328
-0.301012 -0.838258 81.223294
-0.000526 -0.002051 1.000000
0.230591 -0.735207 -8.132416
-0.053711 -0.746827 8.375487
-0.000072 -0.002429 1.000000
0.366332 -2.301938 819.954789
0.069135 -1.110985 -275.612791
0.000455 -0.003379 1.000000
0.411550 -2.574685 1340.688963
0.516102 -1.353589 -816.436185
0.000958 -0.004377 1.000000
-0.068634 -1.560797 338.059830
-0.146179 -1.161961 42.564512
-0.000174 -0.002878 1.000000
-0.311893 -1.791877 476.651294
-0.146330 -1.300897 33.843566
-0.000286 -0.002886 1.000000
0.631106 -2.031096 360.141845
0.575096 -1.709739 -495.536982
0.000752 -0.003946 1.000000
-0.299491 -0.894601 338.624149
-0.277363 -0.824553 -43.860385
-0.000393 -0.002047 1.000000
-0.106687 -1.440206 289.317357
-0.210889 -1.481491 294.349941
-0.000114 -0.002879 1.000000
0.019228 -1.256831 522.839509
-0.140580 -1.130180 37.120443
-0.000136 -0.002572 1.000000
0.020995 -1.520112 807.005608
0.036688 -0.954512 -118.944873
-0.000051 -0.002717 1.000000
-0.168077 -1.186534 717.851857
-0.050956 -1.055887 74.399393
-0.000096 -0.002437 1.000000
-2.421076 1.234079 -70.155183
-1.740382 0.677097 2420.867937
-0.005413 0.002852 1.000000
0.505070 -2.983330 519.235412
0.351714 -2.064039 -353.389732
0.001276 -0.005018 1.000000
0.179212 -1.309717 769.085474
0.271154 -1.484897 -46.072320
0.000439 -0.003232 1.000000
