0.224549 -1.141144 444.722669
-0.057660 -0.823006 -23.833939
0.000157 -0.002866 1.000000
-0.076253 -1.482687 836.854620
-0.062318 -1.223254 74.735393
0.000106 -0.002965 1.000000
0.400947 -1.796061 182.780992
0.163540 -0.935456 -332.037823
0.000783 -0.003428 1.000000
-0.199200 -1.228173 578.787536
-0.137668 -1.306179 -23.989620
0.000012 -0.003063 1.000000
-26.544183 48.667247 -5245.896310
-30.292401 51.963394 23074.538187
-0.065324 0.100862 1.000000
0.027865 -1.788092 649.505999
0.149933 -1.809803 -134.862984
0.000576 -0.004038 1.000000
0.383796 -1.571441 130.871887
0.337017 -1.407498 -598.292443
0.002075 -0.005211 1.000000
0.072315 -2.327121 566.829760
0.203311 -1.481137 -284.049627
0.001614 -0.004761 1.000000
0.430938 -2.315951 -127.052073
0.603590 -1.633838 -609.373073
0.001273 -0.004731 1.000000
0.084294 -1.458195 1151.219695
-0.043707 -0.738521 -254.694777
-0.000062 -0.002660 1.000000
0.637300 -2.374489 1256.851152
0.302740 -1.287014 -823.826432
0.001311 -0.004284 1.000000
-2.183614 1.181660 3448.535152
-0.424797 1.722348 499.033326
-0.006328 0.007473 1.000000
0.315997 -1.849065 910.768507
0.031009 -0.945824 -757.430675
0.000697 -0.003876 1.000000
12.451080 -12.398825 -3525.084115
2.843794 -9.927011 -11129.814238
0.016551 -0.034949 1.000000
0.466643 -2.191268 749.845794
0.197798 -1.627298 -311.400105
0.000763 -0.004305 1.000000
-0.067548 -1.638609 483.439641
-0.105807 -1.097179 9.898389
0.000034 -0.002957 1.000000
1.085719 -1.876855 -199.268568
0.233468 -1.865799 -535.433947
0.001718 -0.006030 1.000000
-2.292181 2.712914 550.516774
-1.426902 2.709263 2130.960761
-0.005709 0.006603 1.000000
3.494333 -6.866929 -3630.266874
1.409359 -5.107187 -1617.934790
0.007382 -0.015173 1.000000
-0.123977 -1.471461 782.668411
-0.050659 -0.895131 -21.130048
0.000191 -0.002893 1.000000
0.140122 -1.349257 614.747320
0.067977 -1.127918 -324.304576
0.000651 -0.003385 1.000000
0.717398 -3.243165 4848.311281
1.112508 -2.606935 1435.247077
0.002352 -0.006268 1.000000
0.802988 -2.903652 3962.073254
0.612704 -2.464950 -32.226554
0.002028 -0.006769 1.000000
-0.056001 -1.512243 666.741512
0.004806 -1.269381 -62.164706
0.000263 -0.003397 1.000000
-0.145392 -1.299041 327.472468
-0.055413 -1.179268 -33.450869
0.000202 -0.003247 1.000000
0.292570 -1.926150 602.753038
0.231292 -1.543256 -461.397224
0.000859 -0.004136 1.000000
1.007329 -3.027728 -63.501173
1.238528 -2.946717 -1217.417130
0.003497 -0.007554 1.000000
-2.795293 4.662627 724.446355
-2.909798 3.935358 7551.991053
-0.014123 0.018219 1.000000
0.261309 -2.248775 373.247192
0.071329 -1.381998 -595.173375
0.000908 -0.004170 1.000000
0.103971 -1.640480 203.082719
0.062000 -1.620502 -22.375640
0.000563 -0.003956 1.000000
0.609418 -3.119101 404.722213
0.384602 -2.401708 -614.063021
0.001944 -0.006525 1.000000
0.179273 -1.165736 583.581541
-0.041070 -1.006161 -288.883829
0.000293 -0.003039 1.000000
0.965085 -2.708308 -298.846943
0.621688 -2.053359 -1617.427552
0.002169 -0.007112 1.000000
-0.166558 -1.573240 376.674274
-0.019039 -1.095094 -279.073979
0.000217 -0.003179 1.000000
-0.613730 -1.368675 691.765624
-0.254883 -0.738817 -67.909308
-0.000666 -0.001988 1.000000
0.307471 -2.062013 653.346548
0.172701 -1.218538 -481.906708
0.000654 -0.003938 1.000000
0.305263 -1.947371 48.721113
0.117184 -1.403410 -657.940682
0.000901 -0.003964 1.000000
-6.049942 14.914679 4857.384894
-5.941929 7.120843 6846.579593
-0.018381 0.025168 1.000000
-0.292107 -1.240700 337.330783
-0.235700 -0.864521 -80.879234
-0.000312 -0.002493 1.000000
-1.963562 1.745795 1937.876895
-1.572457 1.744173 1530.499857
-0.005199 0.005725 1.000000
0.246552 -2.292388 -78.321824
0.136351 -1.342360 -1100.079564
0.000551 -0.004353 1.000000
0.303510 -1.750152 114.840042
0.079801 -1.441889 -175.254474
0.000650 -0.003966 1.000000
0.388051 -1.573591 -88.779347
0.097279 -1.483844 -215.326926
0.000860 -0.004054 1.000000
0.048055 -1.134084 -49.140208
0.031481 -0.699458 -197.975230
0.000450 -0.002996 1.000000
-1.594612 1.217851 1468.303669
-0.801009 0.438001 1156.679896
-0.004628 0.004006 1.000000
-0.272954 -0.937953 657.411725
-0.177072 -0.782934 53.633110
-0.000258 -0.002172 1.000000
0.002645 -1.441732 358.320666
-0.091023 -1.218837 -265.778937
0.000174 -0.003243 1.000000
0.533510 -1.986843 844.720180
0.114496 -1.398248 -128.105857
0.000836 -0.003695 1.000000
0.993233 -3.114122 797.001549
0.524415 -2.191915 -580.653615
0.001944 -0.006033 1.000000
-9.775020 15.412118 9221.058100
-6.784472 12.530183 8636.223323
-0.029339 0.044687 1.000000
-0.039491 -1.633470 779.889807
-0.012572 -1.357876 110.451191
0.000304 -0.003317 1.000000
-0.142550 -1.143074 682.601599
-0.025149 -0.763440 -25.994756
0.000104 -0.002402 1.000000
10.398757 -17.310531 5960.888631
6.846329 -9.433376 -8042.161072
0.021580 -0.031953 1.000000
-3.131048 3.470871 2375.705576
-1.731446 1.597934 3052.776363
-0.006637 0.007656 1.000000
0.103842 -1.741197 678.563289
-0.015247 -0.984504 14.481223
0.000384 -0.002881 1.000000
-0.280912 -1.072593 767.760566
-0.255082 -0.731432 104.571457
-0.000376 -0.002047 1.000000
9.853253 -17.907607 -8724.352617
4.530200 -6.337685 -5004.372460
0.019274 -0.033128 1.000000
2.853029 -6.214859 2324.874483
1.978382 -5.067448 -1918.688430
0.005006 -0.013465 1.000000
0.052579 -1.441571 157.339579
0.078176 -1.385303 -138.178183
0.000661 -0.003602 1.000000
-0.001948 -1.520955 371.176079
0.072522 -1.246241 -92.606850
0.000137 -0.002899 1.000000
0.103183 -1.253905 -455.698887
-0.018936 -0.705787 175.319495
0.000149 -0.002722 1.000000
0.613595 -1.938231 434.786367
0.526343 -2.123339 -705.509356
0.002416 -0.005916 1.000000
6.618973 -9.561784 -5683.714237
3.570162 -6.709239 -3756.733287
0.018530 -0.027851 1.000000
-5.922341 11.725546 1177.586831
-4.647570 9.378140 3837.298199
-0.011701 0.020359 1.000000
-0.191958 -1.599232 696.435040
-0.136577 -0.694291 -164.031456
0.000108 -0.002846 1.000000
2.699417 -5.981142 -949.810246
1.954993 -5.367433 -2628.285622
0.007336 -0.014213 1.000000
0.818465 -1.844908 103.301028
0.222311 -1.770297 -300.010379
0.001222 -0.004493 1.000000
-0.028965 -0.953462 -188.646337
-0.164035 -1.139400 114.189481
-0.000104 -0.002669 1.000000
0.107489 -1.554812 -302.393346
-0.008809 -0.924955 -163.042398
0.000789 -0.003758 1.000000
3.865850 -8.237670 -8461.297615
3.314578 -6.551694 -6736.199387
0.008340 -0.017720 1.000000
-30.461156 57.198844 16169.027242
-15.049833 44.666563 28950.859021
-0.075857 0.134026 1.000000
-2.273060 1.852579 1728.908686
-1.492696 1.340204 1264.285869
-0.003588 0.003605 1.000000
-1.350273 0.759844 1489.889033
-0.913747 0.309917 889.428848
-0.003147 0.002295 1.000000
0.194288 -1.249208 613.374643
0.012003 -0.922952 -90.612712
0.000149 -0.002672 1.000000
0.755167 -2.425481 -804.444223
0.458976 -2.806081 -1056.412217
0.002523 -0.007026 1.000000
0.031367 -1.355853 569.434289
-0.067645 -1.110175 172.003241
0.000063 -0.002452 1.000000
0.322521 -1.662076 -205.810348
0.226063 -0.750125 -111.866237
0.000977 -0.003912 1.000000
0.296308 -1.568571 511.883399
0.191672 -1.143628 -747.658744
0.000723 -0.003673 1.000000
0.345563 -1.790692 288.170980
0.228017 -1.149950 -516.938212
0.000959 -0.003723 1.000000
-12.798458 20.899014 9988.310067
-7.678499 14.580288 8685.582864
-0.027062 0.043530 1.000000
0.248841 -1.829106 623.781198
0.048968 -1.031677 -573.906880
0.000526 -0.003283 1.000000
1.838477 -5.622083 -658.616656
1.574343 -3.901520 -1808.330322
0.005427 -0.011457 1.000000
1.047046 -5.315891 -346.238314
0.689099 -3.296657 -324.184203
0.002231 -0.008206 1.000000
1.288886 -4.365980 -229.323847
0.762989 -3.330499 -3528.959307
0.003902 -0.009620 1.000000
0.845681 -1.637690 -488.938527
0.275076 -0.924909 -185.574513
0.001510 -0.004375 1.000000
0.392367 -1.376399 -42.443059
0.072464 -0.544479 -131.542161
0.001413 -0.003997 1.000000
0.195562 -1.579009 -234.534033
0.213697 -1.191991 -224.692100
0.000553 -0.003657 1.000000
-0.219650 -1.480859 401.481065
-0.152522 -0.985875 -227.218596
-0.000243 -0.002424 1.000000
0.142429 -1.316858 -403.595755
0.212361 -1.121236 -107.783537
0.000931 -0.004195 1.000000
0.123191 -1.587407 312.418211
-0.046654 -1.166439 -98.766106
0.000199 -0.003194 1.000000
103.978202 -212.901265 -60665.105343
59.045251 -152.191355 -70039.039273
0.186533 -0.360542 1.000000
1.813769 -4.322431 -879.544050
0.651679 -2.424382 -585.018253
0.003138 -0.007747 1.000000
0.678674 -2.378360 -305.137855
0.517201 -1.802447 -185.079189
0.002193 -0.005708 1.000000
-4.380845 2.703953 4069.469206
-2.670929 2.477090 2400.022123
-0.010516 0.011231 1.000000
2.811577 -4.741441 -2142.811893
1.188275 -1.869520 -1027.244945
0.007718 -0.012771 1.000000
-2.388090 3.060379 191.556164
-1.622087 2.452886 2941.370558
-0.004840 0.006060 1.000000
-1.742672 0.378498 2214.119295
-0.712678 0.298059 557.777638
-0.002438 0.001353 1.000000
0.010237 -1.112124 -66.229746
-0.027149 -0.874642 94.320263
0.000388 -0.002828 1.000000
-0.231029 -1.336165 -817.541519
-0.120835 -1.045410 302.386359
-0.000008 -0.002588 1.000000
-2.431753 2.110365 2087.769020
-1.431455 0.923624 1897.945707
-0.004920 0.003893 1.000000
0.455187 -1.475723 84.324277
0.023434 -1.018329 -40.174856
0.000639 -0.003229 1.000000
-0.405029 -0.704005 997.859471
-0.386631 -0.786891 105.564915
-0.000880 -0.001528 1.000000
-0.055993 -1.270040 561.336550
-0.079934 -1.102684 92.366690
0.000087 -0.002708 1.000000
8.048579 -15.056462 4877.409522
5.461569 -9.406736 -8505.492784
0.015339 -0.024926 1.000000
-0.180505 -1.337360 -14.303100
-0.184937 -1.268699 -103.481978
0.000063 -0.002810 1.000000
0.205348 -1.886448 71.519963
0.323570 -1.876815 -11.287087
0.000811 -0.004022 1.000000
0.842507 -3.764668 825.104619
0.828423 -2.837026 -544.064647
0.002081 -0.006372 1.000000
-1.167209 0.982908 744.136010
-1.218027 0.336500 1564.855578
-0.002752 0.001819 1.000000
0.758609 -2.867309 135.959439
0.822523 -2.977649 -713.572623
0.001976 -0.006753 1.000000
1.703761 -4.863912 -1609.997239
0.672691 -2.860162 -17.126586
0.002343 -0.007500 1.000000
-0.258585 -0.978919 -25.066000
-0.109422 -0.623320 197.957215
-0.000279 -0.002080 1.000000
0.142761 -0.955082 -280.375737
-0.017197 -1.044927 516.554416
0.000080 -0.002562 1.000000
-0.123457 -1.171599 112.212746
-0.171857 -0.694453 87.773501
-0.000377 -0.002011 1.000000
0.566167 -1.683678 1467.964144
0.498162 -2.349511 -233.031119
0.001657 -0.005496 1.000000
-1.004668 0.131540 936.593993
-0.594232 0.084729 567.125196
-0.002178 0.000414 1.000000
-0.338335 -0.570270 35.184535
-0.352308 -0.522635 412.431039
-0.000839 -0.001319 1.000000
2.137105 -5.250708 -1807.607522
2.095304 -4.697205 -2101.842731
0.005537 -0.011891 1.000000
-2.049439 3.178212 -1760.203157
-1.835046 2.926911 3025.025751
-0.005805 0.007622 1.000000
-0.025962 -1.179264 669.736596
-0.178541 -0.735275 -71.066142
-0.000300 -0.002050 1.000000
0.653018 -2.798376 663.623987
0.037406 -2.207348 -1195.267466
0.001421 -0.005695 1.000000
11.957960 -14.882555 -3208.203219
3.340477 -13.715025 -9190.530792
0.015782 -0.035021 1.000000
-0.032107 -0.943593 796.125077
-0.068268 -1.028841 -453.622868
-0.000098 -0.002707 1.000000
0.586492 -3.109513 625.677412
0.393822 -2.697831 -1180.967943
0.001841 -0.006473 1.000000
-3.774781 3.153619 6295.903173
-1.630701 2.623975 9769.668817
-0.006876 0.008982 1.000000
1.387267 -3.351434 -52.627770
0.724127 -3.431179 -1885.733192
0.002260 -0.007270 1.000000
0.796884 -2.351259 52.768404
0.235716 -1.632858 -266.023668
0.001222 -0.004718 1.000000
-0.179716 -1.119028 668.393670
-0.232492 -0.952221 74.987834
-0.000545 -0.002056 1.000000
0.119481 -1.057471 438.013809
-0.207134 -1.517488 213.071863
-0.000278 -0.002683 1.000000
0.076784 -1.113583 263.219048
-0.168899 -1.357448 38.202014
0.000039 -0.002940 1.000000
2.848772 -5.689567 -146.089576
1.279123 -3.796477 -1549.100956
0.005101 -0.011170 1.000000
0.768487 -2.529479 126.490072
0.375958 -1.766962 -346.235803
0.001034 -0.004818 1.000000
0.218465 -1.847220 412.157848
0.353010 -1.758840 -480.959323
0.000849 -0.004352 1.000000
-0.314234 -0.825583 585.449474
-0.402016 -0.881656 -178.928192
-0.000676 -0.001877 1.000000
-0.326852 -0.870568 683.401776
-0.242868 -0.655618 -263.271248
-0.000517 -0.001831 1.000000
1.224052 -2.295241 -388.241209
0.901358 -1.703906 -1402.401940
0.003268 -0.006536 1.000000
1.911937 -3.429226 -2333.609311
1.244949 -3.349390 -1521.461953
0.004333 -0.009880 1.000000
1.622685 -4.172787 37.104856
1.175933 -3.183150 -1537.240768
0.003896 -0.009236 1.000000
-0.082703 -1.026514 887.938813
-0.365187 -1.192836 -15.793569
-0.000221 -0.002604 1.000000
0.166353 -1.629004 1080.821405
-0.007887 -0.844112 -327.768557
0.000200 -0.002909 1.000000
-0.362697 -1.400156 2249.285600
-0.260568 -0.909403 263.877985
-0.000443 -0.002431 1.000000
15.675194 -22.389706 10413.519459
1.570648 -6.745686 -1078.454151
0.020123 -0.030034 1.000000
-3.508098 3.072522 2902.949818
-1.420077 1.476080 2764.323168
-0.005429 0.006924 1.000000
-0.424236 -0.946017 1426.377414
-0.249971 -0.368335 69.358175
-0.000712 -0.001473 1.000000
0.601960 -3.177502 2214.951834
0.292939 -1.748082 -816.844244
0.001300 -0.005379 1.000000
0.332103 -2.124653 1443.377477
-0.030282 -0.842845 -222.731784
0.000411 -0.003242 1.000000
-0.164177 -1.351521 504.680171
-0.140864 -0.778309 -35.550315
-0.000214 -0.002329 1.000000
-0.199311 -1.452266 112.898933
-0.130596 -1.022504 -188.402725
-0.000190 -0.002946 1.000000
0.141733 -1.950397 -294.768813
-0.061978 -1.367453 -688.796191
0.001135 -0.004592 1.000000
2.764410 -4.522071 -761.412352
1.616132 -2.900585 -2969.945598
0.004764 -0.009480 1.000000
-0.245384 -1.597294 324.952745
-0.136897 -1.358179 180.874829
-0.000131 -0.002837 1.000000
1.124005 -3.206308 -1092.889346
0.611950 -2.076287 -1362.868907
0.002334 -0.005995 1.000000
0.105579 -1.493113 371.859524
0.038890 -0.804949 -217.152573
0.000076 -0.002673 1.000000
0.763517 -2.634390 585.846676
0.341419 -2.073496 -453.348950
0.001240 -0.005147 1.000000
0.188844 -1.718980 215.241426
-0.039620 -1.563593 -270.299339
0.000472 -0.003860 1.000000
0.099874 -0.975622 450.586724
-0.232849 -0.928696 228.120939
-0.000485 -0.002200 1.000000
1.574219 -4.106626 2119.791642
0.185422 -1.031567 75.368056
0.001968 -0.005037 1.000000
0.540628 -2.488250 386.070124
0.097026 -1.351605 -324.378175
0.000581 -0.003685 1.000000
-0.079348 -1.532484 2287.407315
-0.093741 -0.984818 -268.951454
-0.000060 -0.002706 1.000000
2.513857 -4.485435 4924.257890
0.810257 -2.824358 -2036.284514
0.004094 -0.009122 1.000000
0.452528 -1.776056 -27.183959
0.200404 -1.759926 -121.769115
0.000858 -0.004234 1.000000
0.065602 -1.090206 653.010721
-0.018236 -0.883048 -30.732747
-0.000033 -0.002707 1.000000
8.303784 -16.035179 -998.191208
4.260336 -7.484588 -7022.481840
0.020788 -0.035263 1.000000
0.241268 -0.801074 -265.219954
-0.019882 -0.767527 133.443277
0.000363 -0.002550 1.000000
0.003981 -1.329858 515.989042
-0.104316 -1.275280 130.350117
0.000088 -0.002885 1.000000
-0.142645 -1.226167 497.377701
-0.105809 -1.014941 51.707648
-0.000084 -0.002673 1.000000
0.582948 -2.372366 -620.687600
0.264170 -1.870836 -380.749567
0.001126 -0.004847 1.000000
-0.805906 -0.335581 663.641807
-0.546550 0.047961 -270.667133
-0.001499 -0.000152 1.000000
0.075290 -1.832846 427.705178
0.147812 -2.004325 106.284146
0.000859 -0.004238 1.000000
0.334193 -2.299133 -293.220130
0.152837 -1.534888 -134.842000
0.000689 -0.004249 1.000000
0.305584 -2.018307 -832.562227
0.166671 -1.432239 171.374213
0.001198 -0.004405 1.000000
-0.168200 -1.026915 747.756935
-0.237711 -0.914113 76.176718
-0.000344 -0.001972 1.000000
6.555278 -21.818993 2586.098432
9.129290 -20.419041 -10732.611672
0.024867 -0.050876 1.000000
-0.901868 -0.217406 1321.435834
-0.501349 0.008072 577.727480
-0.001953 0.000277 1.000000
0.241172 -1.730812 63.343971
0.244200 -1.821764 -480.795502
0.000938 -0.004359 1.000000
-0.026565 -1.128121 274.281413
-0.003012 -1.053700 2.441670
0.000332 -0.002935 1.000000
0.254268 -2.107076 457.157157
0.125735 -1.726672 -76.630721
0.000897 -0.004342 1.000000
0.025781 -1.362009 654.048183
-0.041618 -1.177906 71.714287
0.000051 -0.002924 1.000000
-0.979781 0.806321 2021.558105
-0.651201 0.590971 479.592021
-0.003170 0.002837 1.000000
1.230355 -3.256666 -906.445518
0.536013 -3.022010 -96.840108
0.003090 -0.007999 1.000000
3.310425 -3.055122 -2638.439784
1.134167 -2.999100 -571.188006
0.005362 -0.009444 1.000000
-1.828633 0.653074 1925.439254
-0.722818 0.867093 353.477881
-0.002553 0.001812 1.000000
0.509057 -2.165899 208.128273
0.019269 -1.453628 -40.322765
0.000669 -0.004018 1.000000
-0.621776 -0.183686 1004.448555
-0.481335 -0.285700 182.251750
-0.001436 -0.000312 1.000000
0.204571 -1.147073 636.979382
-0.160631 -1.373143 -105.422684
0.000256 -0.003406 1.000000
-0.817232 0.061304 737.110955
-0.633270 -0.040971 1002.769195
-0.001914 0.000205 1.000000
1.331503 -3.449830 -1004.929496
0.810274 -3.433988 -853.130332
0.002898 -0.008369 1.000000
-0.146972 -1.005930 443.038092
-0.178031 -1.007933 176.971210
-0.000212 -0.002427 1.000000
-3.543089 2.409355 3695.070192
-1.859121 3.109879 1200.517052
-0.006540 0.008125 1.000000
0.727557 -2.955083 221.642343
0.062334 -1.983437 -27.216938
0.000913 -0.005058 1.000000
-0.966013 -0.233611 974.541135
-0.318184 0.254224 -34.602399
-0.001457 -0.000161 1.000000
-1.951108 1.928442 -443.073852
-1.221931 1.106540 -2169.756299
-0.003686 0.003276 1.000000
-0.001337 -0.915503 206.474813
-0.039388 -1.011382 115.091399
0.000040 -0.002617 1.000000
0.060717 -1.498896 382.585305
-0.055258 -1.080605 -6.269402
0.000290 -0.003116 1.000000
0.416142 -1.591123 324.710247
0.047205 -0.947333 -58.598156
0.000298 -0.002920 1.000000
-0.209072 -1.049123 484.428517
-0.157204 -1.239692 160.532987
-0.000455 -0.002468 1.000000
-0.322793 -0.829619 448.165371
0.009779 -0.723562 -62.467425
-0.000431 -0.001982 1.000000
-0.179510 -0.840576 415.232263
0.080420 -0.901919 48.836695
-0.000092 -0.002401 1.000000
-3.304736 1.901184 -477.095059
-1.505718 1.559664 -220.453623
-0.003944 0.003310 1.000000
-1.852442 0.847360 1522.097431
-0.910104 0.662988 -540.094751
-0.002949 0.001678 1.000000
0.820874 -2.555486 -210.622399
0.949987 -2.758875 -564.707842
0.002190 -0.006507 1.000000
-2.011394 1.599253 348.262644
-1.313180 1.473419 -855.491065
-0.003326 0.002748 1.000000
-4.777889 3.810166 -1069.021184
-3.405364 4.245185 -2460.463003
-0.008034 0.010289 1.000000
1.305044 -2.637297 614.138744
0.277122 -1.235560 -200.252342
0.001383 -0.004326 1.000000
-0.148662 -2.529693 1125.581589
0.385807 -2.791618 61.718089
0.000680 -0.005187 1.000000
0.584504 -2.062457 682.458345
0.143998 -1.187534 54.571994
0.000829 -0.003697 1.000000
1.410643 -2.511151 670.621126
0.256875 -0.794863 -87.222440
0.001556 -0.003855 1.000000
-0.410065 -1.787447 783.879034
0.194480 -2.134563 158.290210
0.000127 -0.003996 1.000000
0.434491 -0.002249 163.626246
-0.127520 0.915518 -26.790375
-0.000466 0.000009 1.000000
0.849335 0.066830 9.489551
-0.064013 1.086643 -83.627839
-0.000207 0.000221 1.000000
-0.464912 1.208723 -595.924486
-0.384976 0.667213 -25.653847
-0.002607 0.001688 1.000000
-1.252117 0.709367 -30.342992
-1.052563 1.216062 -527.085520
-0.002751 0.001823 1.000000
4.632058 5.136227 -2590.460189
-0.209826 6.274481 -1710.651512
-0.001632 0.009057 1.000000
2.596145 2.854993 -1576.004787
-0.376720 3.991124 -1057.423291
-0.002287 0.006250 1.000000
-3.084950 -4.648350 2701.474192
0.182232 -4.287865 1444.513901
0.001167 -0.008536 1.000000
1.000000 -0.000000 0.000000
-0.000000 1.000000 -0.000000
-0.000000 -0.000000 1.000000
1.118471 0.028313 -57.177744
0.013863 1.112538 -103.177357
0.000076 0.000047 1.000000
1.053170 0.145622 -127.335652
-0.063999 1.206852 -210.026911
-0.000191 0.000309 1.000000
0.234130 4.320262 -3116.555570
-1.116056 2.867031 -644.981923
-0.006836 0.008214 1.000000
-0.170733 0.259322 -181.696487
-0.523758 0.357096 179.495103
-0.001661 0.000474 1.000000
0.143146 2.033305 -999.930992
-1.058762 1.756985 -141.635383
-0.003119 0.003560 1.000000
1.342255 0.323654 -226.322000
-0.167843 1.406455 -86.901686
0.000057 0.000487 1.000000
-1.004166 -0.430993 63.064696
-0.653573 -0.088068 357.780975
-0.001663 -0.000486 1.000000
0.263168 -1.919641 721.697702
0.034745 -0.999393 -119.208795
0.000232 -0.003129 1.000000
-0.813105 -0.406464 196.783188
-0.296345 -0.288185 183.516458
-0.001407 -0.000933 1.000000
-1.090946 -1.506568 1174.012732
-0.472431 -0.680940 558.813247
-0.000763 -0.001554 1.000000
0.768976 -0.114363 85.595357
-0.058504 0.892217 -55.573886
-0.000257 -0.000178 1.000000
1.293260 0.313752 -100.636971
-0.007604 1.592452 -145.397323
0.000035 0.000404 1.000000
1.873511 -3.952363 693.085059
0.855511 -3.052951 -991.494169
0.002959 -0.007582 1.000000
0.309694 -2.054985 631.268290
-0.040416 -1.157907 -11.698456
0.000405 -0.003454 1.000000
0.348343 -1.969671 288.439416
0.058938 -1.110881 -122.858730
0.000331 -0.003294 1.000000
0.207710 -1.667787 558.488293
0.106670 -1.466689 -141.318850
0.000358 -0.003674 1.000000
0.262931 -2.724016 492.620023
0.037709 -2.106227 -112.064613
0.000574 -0.004837 1.000000
-0.033284 -1.289664 524.476907
-0.168701 -0.981287 154.402357
-0.000102 -0.002569 1.000000
-1.479501 3.929437 -1055.920271
-1.412423 3.024708 884.619391
-0.004978 0.007371 1.000000
0.192758 -1.493840 574.490966
0.023785 -0.758722 -28.142934
0.000058 -0.002443 1.000000
0.026446 -2.046087 938.601720
-0.331677 -1.642493 268.592755
0.000055 -0.003607 1.000000
-0.018050 -1.428165 648.299960
0.131948 -0.970305 -50.609548
0.000028 -0.002559 1.000000
0.907653 -2.567872 917.654710
0.513283 -2.040093 -268.249578
0.001256 -0.004687 1.000000
0.048228 -1.801809 1687.718789
0.125049 -1.272102 158.472676
0.000668 -0.003740 1.000000
0.235586 -2.347930 828.600399
0.074132 -1.177531 -74.094667
0.000565 -0.003405 1.000000
-0.257175 -3.420215 1301.387854
-0.252195 -3.309228 199.317659
0.000587 -0.005971 1.000000
0.632806 -2.016652 1016.068781
0.174691 -1.092021 -7.766281
0.000984 -0.003616 1.000000
-0.713806 -0.988768 1360.540952
-0.286247 -0.384196 741.997750
-0.000763 -0.001294 1.000000
-32.647032 134.809377 -47378.466469
-39.035049 99.152866 6316.533580
-0.150971 0.270640 1.000000
0.737065 -3.293334 1414.814397
0.678138 -2.122466 -36.086623
0.002390 -0.005979 1.000000
-0.695761 0.249175 -468.121275
-0.689964 0.064769 368.110023
-0.002266 0.000384 1.000000
-2.627135 9.681820 -4837.371835
-3.136957 5.660790 2208.131735
-0.011817 0.016727 1.000000
0.068694 0.495965 -406.954481
-0.621382 0.731745 327.268116
-0.002053 0.001241 1.000000
-0.449966 1.792156 -1268.063891
-0.896138 1.136669 620.990658
-0.003747 0.003245 1.000000
-0.063190 -1.855822 1092.665936
0.171384 -1.040548 -165.204967
0.000893 -0.003702 1.000000
0.795808 -3.719039 1485.730011
0.655991 -2.944089 -807.450000
0.002599 -0.007411 1.000000
-0.109845 -1.517149 655.639674
-0.106143 -1.732364 155.736913
0.000050 -0.003590 1.000000
0.453593 -1.987828 784.762180
0.000482 -0.939600 -9.405296
0.000640 -0.003429 1.000000
0.229654 -1.341431 557.001760
-0.076905 -1.077923 -71.686506
0.000072 -0.002907 1.000000
-0.034175 -1.340450 485.535230
-0.109105 -1.048307 51.898444
-0.000046 -0.002617 1.000000
-0.098101 -1.420450 471.739993
-0.144792 -1.141419 122.491430
-0.000054 -0.002572 1.000000
-0.110236 -1.293462 350.060582
-0.204448 -1.206781 36.341617
-0.000218 -0.002711 1.000000
0.095562 -0.763423 -76.264311
-0.077731 -0.885883 16.792118
-0.000128 -0.002255 1.000000
0.213079 -1.659561 1049.578477
-0.034765 -0.877438 245.289503
0.000162 -0.002751 1.000000
-0.250592 -1.374949 1087.687766
-0.156653 -0.557274 -64.554572
-0.000142 -0.002592 1.000000
0.346436 -2.271163 1475.828750
0.163640 -1.165822 -208.920489
0.000603 -0.004314 1.000000
0.173029 -1.107274 716.448127
0.057421 -0.998235 -111.432184
0.000310 -0.003013 1.000000
0.557541 -1.976628 740.264797
0.145104 -0.550393 -119.934080
0.000918 -0.003431 1.000000
0.624206 -2.559266 904.223848
0.189825 -0.740618 -114.230876
0.001123 -0.004090 1.000000
0.249456 -1.845696 395.972952
0.279964 -1.823629 -119.356816
0.001078 -0.004328 1.000000
-0.259702 -1.285281 1298.042923
-0.188533 -1.244614 212.917071
-0.000203 -0.002744 1.000000
9.542856 -25.149220 -3849.230302
6.404212 -19.613573 -8705.013993
0.018807 -0.043924 1.000000
-0.567925 -1.258296 299.871967
-0.457033 -1.139184 407.958842
-0.000626 -0.002072 1.000000
0.014502 -1.170857 468.998671
-0.166313 -1.373233 216.614801
0.000012 -0.003029 1.000000
-0.167273 -1.554743 670.350520
-0.076090 -0.855705 -15.081449
0.000014 -0.002805 1.000000
0.015089 -1.866546 764.011515
-0.014950 -0.990226 -237.290971
0.000215 -0.002894 1.000000
1.456738 -5.385617 -3526.179629
1.194001 -3.608899 -1527.470612
0.005047 -0.010619 1.000000
-0.837669 0.187383 217.861002
-0.506480 -0.039647 713.080059
-0.001797 0.000016 1.000000
0.996560 -3.881929 1230.399967
0.650392 -2.560193 -311.387396
0.002486 -0.006861 1.000000
-1.637356 1.665545 1653.718512
-1.136648 1.425972 1272.637187
-0.004312 0.004722 1.000000
-4.145632 4.988764 2451.722808
-2.288433 2.657069 2467.529988
-0.006063 0.008343 1.000000
0.072029 -2.222094 -259.587902
0.339714 -1.823517 -483.252255
0.001417 -0.005489 1.000000
0.242862 -1.200432 319.314187
0.001857 -1.084757 -34.244796
-0.000019 -0.002976 1.000000
-0.004895 -1.672458 595.109828
0.070683 -0.925847 -304.334823
0.000282 -0.003048 1.000000
0.431733 -2.899349 512.702196
0.454433 -2.309602 -627.416721
0.002019 -0.006201 1.000000
0.480455 -3.086201 905.001634
0.302749 -2.153842 -804.613874
0.001382 -0.005556 1.000000
-0.262812 -1.372467 581.884194
-0.093214 -0.926939 -540.398547
-0.000118 -0.002462 1.000000
3.370937 -6.501424 2269.104809
1.564016 -5.708475 -1225.374499
0.005510 -0.013346 1.000000
0.313370 -1.644141 165.054971
0.059888 -1.005280 -112.365528
0.000466 -0.003183 1.000000
0.052148 -1.336746 289.927721
-0.045658 -1.111259 84.780511
0.000106 -0.002670 1.000000
