-0.043413 -1.092511 665.678166
-0.003973 -0.550145 -40.668620
0.000049 -0.002217 1.000000
0.390673 -2.040875 65.024124
0.390192 -1.319907 -217.110214
0.000925 -0.004226 1.000000
0.056761 -0.912493 230.750942
-0.019722 -0.608156 -0.293368
0.000109 -0.002226 1.000000
0.023557 -1.083085 163.410379
0.018351 -0.899084 19.593871
0.000097 -0.002898 1.000000
0.004573 -0.626274 -18.492043
-0.092785 -0.788725 25.243976
-0.000331 -0.002378 1.000000
0.114177 -0.898981 -54.015750
-0.003068 -1.159024 59.546650
0.000115 -0.003284 1.000000
-0.209753 -0.771208 164.628647
-0.062748 -0.637102 -19.490061
-0.000156 -0.002331 1.000000
-0.019705 -1.195379 214.907598
-0.089590 -1.345657 83.336770
0.000528 -0.003458 1.000000
0.083747 -1.017359 -89.391032
0.057442 -1.018092 -12.341624
0.000084 -0.002803 1.000000
-0.493178 -1.495045 922.744771
-0.412406 -1.148515 147.550800
-0.000606 -0.002366 1.000000
0.472934 -1.728210 540.988650
0.159978 -0.656334 -302.799978
0.000949 -0.003184 1.000000
-0.277002 -1.099180 202.575246
-0.258815 -1.131515 82.989984
-0.000239 -0.002616 1.000000
0.004285 -1.176739 77.391030
-0.083560 -1.022428 -29.202171
0.000268 -0.003264 1.000000
0.748544 -2.105422 -120.028623
-0.045264 -0.623244 -491.751380
0.002715 -0.005375 1.000000
0.655267 -1.306624 -63.992793
0.332520 -1.706059 -228.837500
0.001326 -0.003916 1.000000
0.197746 -1.057195 7.288180
0.073053 -1.109957 -169.332964
0.000577 -0.003345 1.000000
-0.272038 -0.846260 306.242258
-0.013460 -0.635173 -196.225905
-0.000275 -0.002328 1.000000
-0.109324 -1.117368 289.349141
-0.039024 -1.099662 -145.150770
-0.000056 -0.002797 1.000000
-0.181138 -0.732677 176.050118
0.095491 -0.714566 -41.461639
0.000472 -0.002798 1.000000
-0.181116 -0.996780 333.680131
-0.035274 -0.681379 -103.174710
-0.000241 -0.002406 1.000000
0.026184 -0.849165 277.697136
0.077436 -0.722693 -79.720855
0.000259 -0.002361 1.000000
0.084390 -2.044961 -318.265686
-0.077620 -1.193585 298.438083
0.000217 -0.002830 1.000000
-0.697817 -0.807526 541.913126
-0.526423 -0.985753 -66.324723
-0.001046 -0.001595 1.000000
0.090184 -0.951559 192.023259
0.044119 -0.684895 -74.126988
0.000450 -0.002820 1.000000
-0.045016 -0.845819 157.105065
-0.051984 -0.967375 -54.332848
-0.000074 -0.002720 1.000000
-0.404676 -1.580057 473.992228
-0.174996 -1.543170 100.323228
-0.000024 -0.003287 1.000000
0.399806 -1.409182 -198.243582
0.313806 -1.433865 -116.193884
0.001030 -0.004317 1.000000
0.020456 -0.420411 84.997186
-0.029981 -0.663150 73.381646
0.000138 -0.002303 1.000000
-0.043920 -1.422964 456.830296
-0.056366 -0.970162 13.098293
0.000381 -0.002903 1.000000
0.823292 -1.388737 -173.940320
0.141883 -2.326768 25.283182
0.001154 -0.004375 1.000000
0.314312 -1.740072 94.338795
0.232274 -1.591913 -128.271204
0.000619 -0.003918 1.000000
-0.031807 -0.779056 379.184140
-0.136592 -0.826213 -106.964423
-0.000223 -0.002265 1.000000
-0.121768 -1.039454 211.704188
-0.233462 -1.355446 -25.503660
-0.000014 -0.003035 1.000000
0.162903 -1.086471 341.943418
-0.124961 -1.120766 -228.018936
0.000171 -0.003284 1.000000
-0.016515 -0.866881 260.422905
-0.162621 -1.048751 117.419045
-0.000326 -0.002135 1.000000
0.309950 -1.195595 100.930522
-0.025465 -0.873264 -330.795611
0.000730 -0.003497 1.000000
0.466626 -1.910898 -11.850329
0.690710 -1.578230 -754.336163
0.001338 -0.004774 1.000000
-0.336169 -0.857775 330.136863
-0.280063 -0.876119 57.556579
-0.000332 -0.002180 1.000000
0.105134 -1.355923 46.141729
0.031956 -1.322806 -282.293145
0.000472 -0.003759 1.000000
-0.409383 -0.467416 596.442348
-0.261260 -0.372549 -51.682462
-0.000852 -0.001439 1.000000
1.069226 -1.849757 -517.808972
0.482838 -1.377652 -716.754850
0.002384 -0.005540 1.000000
-0.384173 -1.206986 413.810969
-0.227272 -1.035552 2.723864
-0.000353 -0.002438 1.000000
-0.099344 -0.652010 -11.088316
-0.242336 -0.878003 78.929203
-0.000341 -0.002351 1.000000
0.240667 -1.034738 -34.933735
0.142521 -0.783764 -338.963117
0.000418 -0.002925 1.000000
0.030006 -0.652288 -26.911444
-0.023708 -0.370404 -41.596196
0.000368 -0.002335 1.000000
0.434365 -1.308463 149.713402
0.182058 -0.669064 -302.968930
0.000614 -0.002858 1.000000
-0.113861 -0.746581 353.960569
-0.039519 -0.492482 -109.723585
-0.000289 -0.002132 1.000000
0.168698 -0.995922 319.455454
-0.068637 -0.829168 -211.193085
-0.000022 -0.002923 1.000000
-0.011093 -0.803099 563.529942
0.224845 -0.953841 -231.740288
0.000434 -0.003147 1.000000
0.084634 -0.871115 166.164113
0.030503 -0.679971 -125.603682
0.000128 -0.002679 1.000000
0.169242 -1.034945 91.036873
-0.004368 -0.682212 -372.845776
0.000218 -0.003067 1.000000
-0.006986 -0.997985 559.181034
0.164323 -0.878678 -151.961469
0.000364 -0.003243 1.000000
0.043132 -1.160139 -124.402083
-0.036729 -0.758872 -369.915440
0.000055 -0.002729 1.000000
0.200438 -0.714464 284.807838
-0.057924 -0.822587 24.564249
-0.000102 -0.002668 1.000000
1.002019 -3.422585 -67.270340
0.987091 -2.268105 -1024.175585
0.002688 -0.006833 1.000000
0.069204 -1.408891 429.322360
0.227347 -0.946479 -408.663700
0.000607 -0.003323 1.000000
0.057102 -0.754049 141.292763
-0.104496 -0.532212 -258.167536
-0.000153 -0.002436 1.000000
-0.124310 -0.771280 252.591149
-0.118523 -0.544240 -174.329820
-0.000357 -0.002090 1.000000
-0.137063 -0.789705 29.605308
0.100909 -0.819047 -12.284815
0.000103 -0.002668 1.000000
0.061870 -1.259005 594.211932
0.046976 -1.271849 -100.811413
-0.000128 -0.002861 1.000000
0.085753 -0.530126 -429.992806
-0.067704 -0.632559 -250.757309
-0.000005 -0.002494 1.000000
-0.074451 -1.349240 441.876007
0.224674 -1.258053 -252.392413
0.000725 -0.003783 1.000000
0.057119 -0.632492 -102.133785
-0.001186 -0.536135 -141.299041
-0.000029 -0.002563 1.000000
1.106634 -1.855277 444.031132
0.503559 -2.035422 -431.807650
0.001375 -0.004850 1.000000
0.024147 -1.172390 318.033070
-0.060176 -0.756426 -219.767156
-0.000037 -0.002755 1.000000
-0.097143 -0.829821 293.990063
-0.139933 -0.738238 -131.753916
-0.000322 -0.002447 1.000000
0.206395 -1.081933 208.633981
0.134088 -1.075011 -308.322656
0.000169 -0.003233 1.000000
0.186939 -1.024925 -149.441135
0.168310 -0.887050 -174.077727
0.000281 -0.003066 1.000000
0.067645 -1.352696 -369.775230
-0.025768 -0.691506 -121.594301
0.000378 -0.003106 1.000000
0.648100 -3.013755 -64.791833
0.439457 -2.102664 -1429.388634
0.002115 -0.006349 1.000000
-0.234904 -0.599893 269.259666
-0.260746 -0.582285 41.136475
-0.000590 -0.001878 1.000000
-0.002358 -1.311077 624.492303
0.014582 -0.809897 -70.192482
0.000138 -0.002545 1.000000
-0.006354 -0.651652 -120.865558
-0.118660 -0.489632 9.208634
0.000184 -0.002426 1.000000
-0.212119 -1.210454 519.557126
-0.175669 -1.014946 -40.560056
-0.000382 -0.002741 1.000000
0.369516 -1.586583 -114.842143
0.304833 -1.210612 -377.479602
0.000686 -0.004043 1.000000
0.097456 -1.059808 540.526426
-0.228911 -1.090008 117.232602
-0.000239 -0.002765 1.000000
-0.067686 -1.290931 61.747242
0.010757 -0.504973 46.151946
0.000009 -0.002875 1.000000
0.042433 -0.959777 -94.875910
-0.123688 -0.521765 151.417989
0.000179 -0.002543 1.000000
0.698441 -2.625125 352.583323
0.154680 -1.854617 -267.077133
0.000866 -0.004628 1.000000
0.223124 -1.116608 64.932210
0.086915 -1.087268 -128.884810
0.000581 -0.003372 1.000000
-0.232471 -1.764522 369.632510
-0.292503 -1.429963 165.698551
-0.000135 -0.002951 1.000000
0.312242 -1.805677 188.242587
-0.030934 -1.599892 -143.163392
0.000536 -0.004179 1.000000
-0.144998 -1.364117 455.006189
-0.071531 -1.232994 -44.939598
-0.000344 -0.002976 1.000000
1.650053 -4.663714 -127.543361
0.966741 -3.242851 -741.712791
0.003151 -0.007518 1.000000
0.394498 -1.011903 -54.088949
-0.026735 -0.601281 -25.415626
0.000586 -0.003201 1.000000
-0.233518 -0.916099 272.352020
-0.210741 -0.668207 100.694066
-0.000356 -0.002176 1.000000
0.255420 -1.173618 -80.279493
0.124146 -1.030692 15.663551
0.000283 -0.002913 1.000000
-0.110369 -1.196796 116.624818
0.047783 -0.817328 -21.993455
-0.000043 -0.002645 1.000000
-0.050750 -0.448231 86.136371
-0.152853 -0.420626 79.698162
-0.000304 -0.001871 1.000000
0.193383 -2.259905 209.641824
0.256598 -1.319164 -187.982085
0.000389 -0.003903 1.000000
0.331213 -2.182828 -352.067083
0.174192 -1.464371 -103.807046
0.000409 -0.003929 1.000000
-0.090706 -1.181336 -12.328015
-0.058621 -0.772869 -83.643667
-0.000247 -0.002502 1.000000
0.368087 -1.662232 -87.873997
0.042543 -1.129167 -286.951719
0.000204 -0.003358 1.000000
0.014020 -1.011266 163.693089
-0.070124 -0.587651 -47.316450
-0.000024 -0.002634 1.000000
0.032108 -1.396396 157.460279
-0.114496 -0.992862 -87.891577
0.000327 -0.003410 1.000000
-0.129390 -1.337985 383.038388
-0.240833 -1.126710 0.485888
-0.000419 -0.002626 1.000000
1.168866 -3.523145 -607.395533
0.483962 -2.334129 -270.259665
0.002447 -0.006726 1.000000
0.026022 -0.931667 57.994301
-0.184918 -0.799365 -177.488471
-0.000074 -0.002418 1.000000
0.340271 -1.848816 599.644192
-0.202468 -1.904027 130.274465
0.000272 -0.003851 1.000000
0.235968 -1.962125 135.728742
0.105477 -1.137763 -210.852321
0.000142 -0.003463 1.000000
0.333222 -1.470512 -107.567133
0.296271 -1.095310 -250.605422
0.000990 -0.003936 1.000000
0.093494 -1.114721 158.106624
-0.161892 -1.207183 -150.210145
-0.000226 -0.002785 1.000000
0.762650 -1.976037 -53.062352
0.457555 -1.882443 -404.473778
0.001815 -0.004976 1.000000
0.616579 -1.767758 -508.286006
0.280353 -1.926425 -369.679227
0.000940 -0.004761 1.000000
0.121034 -1.111948 347.496193
0.025795 -0.856391 -235.505762
0.000118 -0.002717 1.000000
-0.184523 -0.898925 291.031244
-0.008603 -0.731393 -90.127702
-0.000366 -0.002392 1.000000
0.165560 -1.650261 12.402198
0.094266 -1.368195 -120.544043
0.000356 -0.003964 1.000000
0.393745 -2.195866 290.505912
0.244711 -1.655994 -282.809918
0.000776 -0.004009 1.000000
0.215208 -1.312105 294.785710
-0.109551 -1.063177 -82.861987
-0.000003 -0.002953 1.000000
0.324822 -1.524654 -254.085466
0.451024 -1.231608 -120.489181
0.001149 -0.003873 1.000000
-0.293322 -1.624247 284.216990
-0.273740 -1.472256 183.283785
-0.000225 -0.003374 1.000000
-0.113275 -0.742680 213.032005
-0.222576 -1.039943 133.905070
-0.000416 -0.002168 1.000000
0.430785 -1.716872 76.198356
0.063802 -1.263753 -52.829633
0.000443 -0.003467 1.000000
0.007649 -1.114543 668.601017
-0.126224 -0.909328 82.721374
-0.000142 -0.002422 1.000000
-0.136134 -0.875587 261.698554
-0.125715 -0.740177 -7.106244
-0.000408 -0.002132 1.000000
0.621515 -2.169258 -934.850746
0.452814 -1.664222 -477.099608
0.002131 -0.005662 1.000000
-0.041067 -1.401828 372.895442
-0.262931 -1.411192 42.604815
-0.000312 -0.002930 1.000000
-0.103865 -2.326609 351.049506
-0.003767 -1.487097 -144.889730
0.000134 -0.003535 1.000000
0.056403 -1.921633 366.998095
0.099757 -1.301147 -281.956676
0.000307 -0.003685 1.000000
-0.061925 -1.275608 84.329893
-0.051215 -1.270224 2.340871
0.000191 -0.002990 1.000000
0.125287 -1.966092 244.300601
0.255625 -1.340935 -312.869934
0.000677 -0.004024 1.000000
0.004949 -1.928824 437.825383
0.158686 -1.185832 -114.246996
0.000226 -0.003098 1.000000
0.040468 -1.370886 264.049293
-0.110957 -1.285207 -31.461412
-0.000107 -0.003089 1.000000
0.705520 -2.964341 -82.064756
0.380708 -2.141452 -352.366657
0.001404 -0.005329 1.000000
0.450760 -2.621862 428.507622
0.288497 -1.735375 -211.745174
0.000956 -0.003885 1.000000
0.025958 -1.047008 393.164231
-0.217107 -1.183054 -103.488876
-0.000251 -0.002631 1.000000
0.311707 -1.883544 197.831772
0.170656 -1.223846 -200.060475
0.000453 -0.003404 1.000000
-0.132777 -1.233997 631.519538
-0.157876 -1.139510 -79.281399
-0.000448 -0.002600 1.000000
0.490966 -2.582147 0.550253
0.467094 -1.920690 -195.294718
0.001103 -0.004718 1.000000
0.681220 -2.656074 -109.426819
0.633874 -2.324276 -116.880196
0.001576 -0.005463 1.000000
0.334769 -1.664874 479.839982
0.438185 -1.619682 -477.868931
0.001104 -0.004580 1.000000
-0.020637 -1.285559 734.024838
-0.079679 -1.014124 -199.779915
0.000237 -0.002801 1.000000
-0.009447 -1.317433 427.549433
0.200011 -1.518550 -256.798933
0.000814 -0.003691 1.000000
-0.195295 -1.069076 713.658570
-0.143849 -0.665772 -63.977704
-0.000465 -0.002129 1.000000
0.235507 -1.450750 -46.948454
0.211856 -0.768683 -283.037732
0.000532 -0.003143 1.000000
0.009261 -1.905277 -107.324507
0.165953 -1.268101 40.567008
0.000653 -0.003497 1.000000
-0.160582 -0.916162 388.062269
-0.210379 -0.663117 144.751835
-0.000517 -0.001770 1.000000
0.026884 -1.394516 3.674435
-0.053309 -1.059483 -117.274229
-0.000109 -0.003016 1.000000
0.109477 -2.091412 500.624565
0.065958 -1.643925 -5.314869
0.000599 -0.003929 1.000000
-0.163690 -1.495604 1002.451131
-0.140793 -0.943936 -183.592849
-0.000080 -0.002593 1.000000
-0.072386 -1.490793 1068.631405
-0.037235 -0.814082 57.976283
-0.000169 -0.002753 1.000000
-0.198975 -2.001607 433.214816
-0.025008 -0.996654 -461.852445
0.000397 -0.003865 1.000000
0.538639 -2.457564 -723.107775
1.129514 -1.221975 -714.138885
0.003032 -0.005294 1.000000
-0.197725 -1.491264 639.486128
0.053728 -0.911627 -280.468922
0.000164 -0.002813 1.000000
0.187914 -1.944631 1276.191523
0.154995 -0.581963 -172.269542
0.000369 -0.002795 1.000000
0.881767 -2.393057 587.799560
1.035254 -2.059998 -894.935380
0.002140 -0.005413 1.000000
0.396476 -1.567563 297.301154
-0.012328 -2.332770 -27.950889
0.001002 -0.004652 1.000000
-0.038255 -1.669899 522.600408
-0.185265 -1.317620 29.707248
-0.000024 -0.003170 1.000000
-0.318616 -1.446632 645.555760
-0.410123 -1.250705 240.328273
-0.000538 -0.002321 1.000000
1.614405 -4.256565 -795.737622
0.872064 -1.839064 -310.221478
0.003797 -0.007562 1.000000
-0.260939 -1.132406 158.952482
-0.208042 -0.618036 -25.578445
-0.000616 -0.002008 1.000000
-0.061406 -1.630256 891.641326
-0.113126 -0.983958 -215.400214
-0.000136 -0.002636 1.000000
-0.058323 -1.420314 556.268908
-0.039460 -0.770965 -224.849244
-0.000071 -0.002586 1.000000
0.304231 -1.737870 607.827317
0.088207 -1.370052 -390.929599
0.000280 -0.003663 1.000000
0.264071 -1.957644 741.235522
-0.012292 -1.079993 -17.657006
0.000107 -0.003087 1.000000
0.102367 -1.811598 1146.928558
0.041822 -0.708132 -47.851803
0.000070 -0.002757 1.000000
-0.110337 -1.109354 502.434014
-0.160522 -0.779692 -253.705386
-0.000442 -0.002430 1.000000
-0.255561 -1.317604 1034.724228
-0.357797 -0.758807 214.176785
-0.000506 -0.002109 1.000000
-0.714600 -0.979958 789.287159
-0.412304 -0.707518 -137.320616
-0.001083 -0.001668 1.000000
0.336232 -2.975976 539.558278
0.237120 -2.212277 37.884469
0.000571 -0.004457 1.000000
0.268710 -1.021458 209.505994
0.093379 -1.295127 -22.528944
0.000407 -0.003068 1.000000
-0.151704 -1.192554 67.550009
-0.185817 -0.770467 -48.137496
-0.000421 -0.002452 1.000000
-0.458628 -0.804176 628.669523
-0.478446 -0.539440 41.406816
-0.001078 -0.001473 1.000000
0.233891 -1.800216 -62.126572
0.436123 -1.714895 -515.462787
0.001052 -0.005160 1.000000
-0.011686 -0.919644 215.978893
-0.017214 -1.055841 -6.826545
0.000215 -0.002920 1.000000
0.300713 -0.668438 -67.086009
0.040859 -1.052849 -48.497473
0.000395 -0.002951 1.000000
1.117751 -2.059212 -2494.915396
0.673268 -3.627239 1466.251980
0.001770 -0.006187 1.000000
0.233433 -1.291741 16.287939
0.389120 -0.943642 -55.228809
0.001204 -0.003689 1.000000
0.233261 -1.291324 180.824599
0.074106 -0.930332 -119.236484
0.000142 -0.002857 1.000000
0.053851 -1.431714 231.752598
0.126598 -1.205307 -46.071884
0.000552 -0.003311 1.000000
0.017517 -1.892370 434.455618
0.051265 -1.408167 -71.860424
0.000302 -0.003245 1.000000
0.182688 -1.457804 226.966344
0.029644 -1.435392 6.599437
-0.000041 -0.003178 1.000000
0.183945 -0.578665 -80.933846
-0.228704 -1.034691 0.107308
0.000180 -0.002837 1.000000
0.154178 -0.812091 -780.244823
-0.055302 -0.983312 -219.162955
-0.000005 -0.002909 1.000000
-0.038479 -0.646605 -48.431252
-0.001570 -0.697400 9.756206
-0.000013 -0.002380 1.000000
-0.025827 -1.194074 208.470736
0.086703 -1.216979 -1.122045
0.000202 -0.002992 1.000000
-0.403175 -1.803505 605.255987
-0.227554 -1.567259 117.813847
-0.000375 -0.003195 1.000000
-0.051875 -0.916987 117.888975
-0.189580 -0.796841 58.405407
-0.000316 -0.002172 1.000000
0.392991 -1.642037 -448.312341
0.343414 -1.387923 153.266189
0.000885 -0.004359 1.000000
-0.289286 -1.229643 116.761073
-0.115737 -0.797023 11.735496
-0.000086 -0.002707 1.000000
-0.016865 -1.457795 216.806823
0.025653 -1.326841 46.067163
0.000249 -0.003297 1.000000
-0.349214 -1.186641 333.245794
-0.016521 -0.802930 51.589669
-0.000161 -0.002484 1.000000
0.193249 -1.209926 336.507529
-0.140563 -0.997552 -104.938277
-0.000097 -0.002628 1.000000
0.073329 -1.594955 210.158282
-0.040477 -1.194339 85.625895
0.000408 -0.003351 1.000000
0.180398 -1.651866 98.200814
0.036479 -0.806504 -298.804091
0.000242 -0.003108 1.000000
-0.264869 -1.114774 4.498231
-0.166876 -0.923633 171.921100
-0.000357 -0.002432 1.000000
0.057324 -1.021974 -13.839688
0.056831 -0.851815 -33.774943
0.000431 -0.002998 1.000000
-0.125719 -0.965873 225.648426
0.010221 -1.136333 -27.859635
0.000235 -0.003159 1.000000
-0.329264 -0.848320 588.448588
-0.209581 -0.624966 95.007851
-0.000376 -0.001987 1.000000
-1.219138 -0.372102 1052.761674
-0.600872 0.019848 -155.113653
-0.002073 -0.000077 1.000000
-2.676221 1.307586 -1399.047831
-1.884835 1.750013 900.582236
-0.005198 0.003057 1.000000
-0.397368 -0.861157 250.683491
-0.256569 -0.690489 57.048406
-0.000478 -0.002396 1.000000
0.549793 -1.506359 -1157.193583
0.596177 -1.352341 -97.718949
0.001580 -0.004784 1.000000
0.083211 -1.643972 342.397969
-0.069656 -1.222116 -59.555332
0.000038 -0.003314 1.000000
-0.869471 -0.621209 947.817079
-0.495135 -0.279996 46.372288
-0.001432 -0.000892 1.000000
-1.613060 0.133086 3088.770824
-1.299959 0.614977 -649.537853
-0.003062 0.000802 1.000000
-0.200254 -1.058221 770.097210
-0.179144 -1.311965 161.291247
-0.000396 -0.002459 1.000000
-0.909440 -0.752180 964.221296
-0.274329 -0.319162 86.418635
-0.001251 -0.001003 1.000000
-0.619976 -0.950077 695.946750
-0.255427 -0.681291 21.120365
-0.000824 -0.001833 1.000000
1.417342 -2.859284 -1108.866160
1.111164 -3.568477 -59.301768
0.003718 -0.007458 1.000000
-0.821615 -0.109720 1284.145486
-0.566733 -0.136228 2.514103
-0.001583 -0.000533 1.000000
-0.440981 -1.059134 1222.116943
-0.225905 -0.504876 92.707616
-0.000762 -0.001758 1.000000
-0.137166 -2.007566 992.201582
0.001506 -0.911008 -90.918844
-0.000102 -0.002948 1.000000
1.584230 -4.026269 2707.050320
1.555524 -3.590287 -336.379604
0.002860 -0.008130 1.000000
0.224421 -2.017036 1125.170198
0.081376 -0.956878 -91.460909
0.000407 -0.003067 1.000000
0.329357 -2.334530 1060.329081
0.021883 -0.726194 -15.747336
0.000414 -0.003080 1.000000
0.456075 -2.909135 1542.222217
0.371111 -1.345776 -505.083926
0.000917 -0.004211 1.000000
0.425609 -2.342654 914.183669
0.020809 -0.864124 -102.998381
0.000359 -0.003130 1.000000
0.459287 -2.786634 1046.794195
0.220783 -1.233355 -141.424566
0.000653 -0.004029 1.000000
0.336163 -2.327472 1223.347554
-0.096439 -1.133241 138.475367
0.000454 -0.003345 1.000000
-1.865625 0.431554 3943.354670
-2.714593 2.366513 1963.512765
-0.006147 0.003584 1.000000
-0.040156 -1.376294 611.531184
-0.193679 -1.361088 43.369738
-0.000152 -0.002920 1.000000
-2.507052 0.616526 -979.111495
-1.450695 0.420820 -21.467276
-0.003535 0.000984 1.000000
-1.069578 0.475919 -1280.096056
-0.726472 0.278126 -241.602223
-0.002276 0.000186 1.000000
0.664508 -2.860146 897.058220
0.292791 -1.600335 -103.230400
0.000794 -0.004030 1.000000
0.373867 -2.448207 834.766184
0.175214 -1.217136 -218.373299
0.000375 -0.003693 1.000000
-0.222855 -1.486771 841.502527
-0.110553 -0.550278 -167.864961
-0.000468 -0.002262 1.000000
-0.234395 -1.012478 972.206104
-0.212137 -0.876044 58.632733
-0.000326 -0.002485 1.000000
0.490943 -1.670380 1549.342388
0.030941 -1.610488 -749.703987
0.000759 -0.004015 1.000000
-0.866048 -0.793786 -109.568499
-0.818636 -0.846319 297.399924
-0.001575 -0.001215 1.000000
0.721228 -3.502880 1231.135591
0.398569 -1.890827 -221.757920
0.001557 -0.005037 1.000000
-3.278283 3.158431 3436.235422
-5.130606 4.085862 -647.256159
-0.008784 0.006265 1.000000
0.545555 -2.009378 995.740832
0.150152 -0.665196 -211.767512
0.000654 -0.002930 1.000000
-0.630606 -0.281441 -295.996432
-0.375437 -0.448379 -9.917098
-0.001450 -0.000999 1.000000
0.207209 -1.246281 256.796283
0.022618 -0.754344 -9.309642
0.000442 -0.002965 1.000000
-20.073043 39.107041 -17601.730873
-12.787794 10.053409 7645.191187
-0.039889 0.052658 1.000000
1.721226 -3.800684 1524.111136
0.911788 -1.684066 -401.241055
0.002877 -0.006206 1.000000
-0.183435 -1.092668 624.024588
-0.130705 -0.675316 -834.289311
-0.000499 -0.002424 1.000000
0.179145 -1.784114 886.153634
-0.024362 -0.778144 84.538797
0.000220 -0.002866 1.000000
0.115858 -1.820506 864.286438
0.102534 -1.277825 -18.913002
0.000488 -0.003687 1.000000
-0.101120 -1.241190 554.132743
-0.209404 -1.546445 228.606172
-0.000246 -0.003123 1.000000
-0.087017 -1.324468 608.091268
-0.172453 -1.167604 8.971430
-0.000146 -0.002914 1.000000
0.245396 -2.602189 1088.160360
0.287862 -1.610264 -297.102847
0.000943 -0.004409 1.000000
-0.163766 -1.653374 942.162875
-0.012253 -0.553626 45.712387
-0.000146 -0.002096 1.000000
3.241504 -5.005647 1762.529622
1.114215 -1.222103 -525.627176
0.004525 -0.007109 1.000000
1.669542 -2.922021 874.946846
0.582532 -0.814294 -262.105783
0.001765 -0.004141 1.000000
-0.853106 0.214288 -176.487244
-0.750847 0.018908 361.955225
-0.002062 -0.000173 1.000000
-0.826034 -0.734702 284.880897
-0.516476 -0.443320 282.084853
-0.001387 -0.001287 1.000000
-1.090565 -0.308365 74.489729
-0.507295 -0.209372 345.674125
-0.001666 -0.000434 1.000000
0.368776 -2.381048 612.243455
0.067660 -1.030293 22.885746
0.000319 -0.003196 1.000000
-3.292104 2.334258 -543.508548
-1.833828 0.184496 1128.889628
-0.004638 0.002746 1.000000
-0.136046 -1.626822 1249.313771
0.057887 -0.737877 -24.242723
-0.000092 -0.002743 1.000000
0.256878 -0.914670 342.976726
-0.119768 -0.538658 -18.129189
0.000555 -0.002733 1.000000
0.296653 -1.486694 707.799655
0.102379 -0.836821 33.645324
0.000313 -0.002778 1.000000
0.485891 -2.228011 867.072982
0.141368 -1.937245 98.510651
0.000823 -0.004119 1.000000
0.266494 -0.285775 211.550555
-0.176112 0.346655 147.962252
-0.000526 -0.000607 1.000000
0.091104 -0.350316 149.022056
-0.238457 0.181753 142.264377
-0.000682 -0.000798 1.000000
0.511880 -0.161718 105.939594
-0.158887 0.680701 136.123730
-0.000490 -0.000214 1.000000
0.762915 -0.403399 168.420379
-0.085844 0.793389 90.927239
-0.000194 -0.000212 1.000000
0.004584 -0.167586 159.121445
-0.255703 0.200220 156.912899
-0.000895 -0.000467 1.000000
1.000000 -0.000000 -0.000000
-0.000000 1.000000 0.000000
0.000000 0.000000 1.000000
0.976672 -0.166948 20.168032
0.055827 0.800672 115.883511
0.000060 -0.000383 1.000000
0.054443 -0.822618 257.252228
-0.124552 -0.507183 81.399797
-0.000392 -0.001925 1.000000
1.358774 0.561188 -263.316632
0.125277 1.483380 -128.054313
0.000213 0.000344 1.000000
2.041659 0.691719 -438.598680
0.390576 2.087548 -220.985587
0.000779 0.000537 1.000000
4.870237 0.379854 -961.557806
1.773435 3.929872 -654.582617
0.003092 0.001843 1.000000
-3.250345 -1.822230 818.647647
-1.380687 -3.701351 931.480309
-0.003063 -0.003642 1.000000
-0.514501 -1.227760 333.993943
-0.343636 -1.482431 295.400006
-0.000775 -0.002673 1.000000
0.122915 -2.151913 1415.575771
0.175698 -0.611249 -15.091875
0.000453 -0.002964 1.000000
0.012443 -1.896373 1191.178784
0.019786 -0.571335 -312.422996
0.000518 -0.003067 1.000000
1.810648 -2.712491 881.577080
0.243776 -0.680183 -92.871553
0.002266 -0.004399 1.000000
-0.069026 -1.518274 450.943372
-0.189380 -1.352853 28.664528
-0.000048 -0.003051 1.000000
1.051940 -2.769293 861.469530
0.327662 -1.563727 -83.218258
0.001368 -0.004546 1.000000
0.233034 -2.127591 750.065268
0.051387 -1.094191 -80.116049
0.000481 -0.003552 1.000000
0.924651 -2.078178 302.794583
0.582360 -2.065099 -13.660828
0.001752 -0.004368 1.000000
0.199068 -1.744470 513.617999
0.132929 -2.092387 -175.339979
0.000422 -0.004699 1.000000
0.623781 -1.494181 345.155637
0.119060 -1.428789 -39.205010
0.000445 -0.003355 1.000000
0.024006 -2.965770 329.450864
0.123123 -2.650491 20.042680
-0.000020 -0.004702 1.000000
0.265771 -1.533542 484.365880
-0.033397 -1.933352 235.425232
0.000036 -0.003302 1.000000
0.047357 -1.304683 244.941199
0.156265 -0.597579 -193.442430
0.000281 -0.002710 1.000000
0.003744 -0.783828 230.145773
-0.086714 -0.694496 17.585531
-0.000185 -0.002270 1.000000
-0.011552 -1.262704 202.512673
-0.072162 -1.046198 80.935204
0.000064 -0.002855 1.000000
0.622574 -2.245312 410.847610
0.036644 -0.949740 -146.402003
0.000277 -0.003220 1.000000
0.498547 -1.665833 796.124179
0.279910 -1.059915 -81.238527
0.000569 -0.003047 1.000000
0.004410 -0.952905 132.150156
-0.056265 -0.917734 48.162256
0.000076 -0.002660 1.000000
0.029941 -1.524440 52.958583
0.072646 -1.481403 26.565774
0.000567 -0.003598 1.000000
0.499258 -2.224052 -48.270481
0.077829 -1.858148 -92.264301
0.000622 -0.004599 1.000000
0.103923 -2.180401 565.566949
-0.127079 -2.964939 269.422210
0.000210 -0.004769 1.000000
-0.104270 -1.222687 305.017373
-0.093437 -1.167970 144.649263
-0.000059 -0.002577 1.000000
-0.036699 -1.028380 244.736753
-0.029956 -0.663379 64.315827
0.000180 -0.002361 1.000000
-0.025101 -0.783471 322.727601
-0.190732 -0.840563 123.210565
-0.000151 -0.002154 1.000000
0.577847 -1.347907 -301.790421
0.448972 -1.314272 -525.963022
0.001554 -0.004671 1.000000
1.731849 -3.857982 861.450009
1.151350 -3.631354 -218.105067
0.002150 -0.006978 1.000000
0.309286 -1.626242 336.595171
0.381885 -1.834335 -95.139150
0.001424 -0.004436 1.000000
0.533585 -1.524845 569.597996
0.155922 -0.891581 -219.725815
0.000614 -0.002994 1.000000
