-0.197747 -1.187971 620.629124
-0.107179 -0.491556 6.506253
-0.000093 -0.002319 1.000000
0.025415 -1.053810 417.205696
-0.120503 -0.410817 13.233595
-0.000281 -0.001963 1.000000
0.005070 -0.812837 291.561490
-0.047996 -0.495347 43.594852
-0.000184 -0.002097 1.000000
0.112440 -0.699144 174.298857
-0.117563 -0.333210 36.971080
-0.000233 -0.001913 1.000000
-0.049704 -0.545008 241.516053
-0.042233 -0.333993 25.714892
-0.000209 -0.001844 1.000000
-0.073373 -0.502829 167.521052
-0.040344 -0.547266 77.706108
-0.000296 -0.001987 1.000000
-0.093867 -0.453083 120.586060
-0.039410 -0.386978 34.963991
-0.000237 -0.001996 1.000000
0.003627 -0.426907 91.679089
-0.020414 -0.246442 13.307995
-0.000066 -0.002078 1.000000
-0.330409 -0.704203 258.007128
-0.294661 -0.552439 181.006008
-0.000691 -0.001653 1.000000
-0.424067 -1.489101 967.502285
0.111677 -1.006916 -122.598103
-0.000355 -0.002401 1.000000
-0.229133 -1.112040 615.664411
-0.068214 -0.445485 -72.899662
-0.000474 -0.001990 1.000000
0.049090 -0.616536 -56.484401
-0.036448 -0.504541 72.517374
-0.000458 -0.001956 1.000000
-0.968813 -1.157248 625.917733
-0.256447 -0.745190 128.125967
-0.001008 -0.001832 1.000000
-0.221763 -1.432137 538.126687
-0.015865 -0.915347 93.557790
-0.000266 -0.002291 1.000000
0.319501 -0.777772 299.451477
0.025870 0.046805 2.191011
0.000032 -0.001699 1.000000
-0.005984 -0.778423 325.028355
-0.024661 -0.383871 -5.565155
-0.000297 -0.001816 1.000000
0.041837 -1.033760 266.975421
-0.031903 -0.546777 -50.552573
-0.000361 -0.002150 1.000000
-0.109638 -1.018667 393.983412
-0.072728 -0.605810 112.792558
-0.000305 -0.002087 1.000000
0.190932 -0.699479 270.305359
-0.025095 -0.137497 8.733773
-0.000120 -0.001698 1.000000
-0.024016 -0.720315 287.907438
-0.068562 -0.294446 -29.106927
-0.000323 -0.001892 1.000000
0.034353 -0.958738 183.527467
0.156210 -0.745628 -75.902417
0.000463 -0.003012 1.000000
-0.097561 -1.462395 1481.980329
0.105816 -1.135860 1354.063133
0.000024 -0.002425 1.000000
-0.811131 -0.176954 157.164868
-0.649378 -0.324263 1073.113491
-0.001455 -0.000512 1.000000
0.339735 -1.289937 222.953739
0.098800 -0.694025 -120.934832
0.000103 -0.002824 1.000000
-0.715717 -1.120820 540.652839
-0.186036 -1.107787 222.826546
-0.000739 -0.002381 1.000000
0.882254 -0.366639 66.657002
0.061947 0.667045 -88.544530
0.000103 -0.000678 1.000000
-0.046526 -0.654837 165.981032
-0.014957 -0.546289 70.849800
-0.000195 -0.002150 1.000000
-0.018862 -0.648061 31.976953
-0.046831 -0.416730 113.561383
-0.000219 -0.002057 1.000000
0.066063 -0.334711 70.887846
-0.022557 -0.093021 -45.508998
-0.000446 -0.001564 1.000000
0.710824 0.149117 -67.806569
-0.050507 1.196830 -136.222499
-0.000313 -0.000169 1.000000
0.474425 -0.147183 77.249197
-0.163815 0.749466 -19.881374
-0.000445 -0.000470 1.000000
-0.580391 -0.856342 348.708650
-0.218156 -0.685039 251.911072
-0.000836 -0.001699 1.000000
-0.207624 -0.523821 154.943590
-0.135785 -0.433914 92.626001
-0.000564 -0.001594 1.000000
-17.124057 -24.297756 11404.393261
-0.908682 -33.622137 6578.653062
0.001594 -0.039427 1.000000
-0.142556 -0.758707 324.468104
-0.191315 -0.512891 191.366710
-0.000453 -0.001735 1.000000
-0.310989 -0.722289 269.282479
-0.195812 -0.317730 108.885028
-0.000734 -0.001533 1.000000
-0.711921 -2.131573 817.156064
-0.260804 -2.733811 600.078884
0.000015 -0.004563 1.000000
-0.262283 -0.333131 109.435498
-0.194689 -0.202720 113.538310
-0.000909 -0.001138 1.000000
-0.101504 -0.857307 250.303736
-0.106619 -0.699372 109.966131
-0.000318 -0.002172 1.000000
-0.062248 -0.751407 247.584669
-0.015776 -0.768393 80.443011
-0.000148 -0.002391 1.000000
-0.363470 -0.915354 427.301932
-0.204573 -0.567029 111.583807
-0.000606 -0.001799 1.000000
-0.175850 -0.645540 292.356850
-0.101393 -0.288215 -41.391910
-0.000504 -0.001708 1.000000
-0.030923 -0.658560 250.192979
-0.064073 -0.282065 40.463878
-0.000342 -0.001688 1.000000
-0.045534 -0.706870 59.364347
-0.028037 -0.441469 19.797299
-0.000382 -0.001913 1.000000
-0.020774 -0.517719 69.780243
0.098219 -0.419877 -144.954265
-0.000049 -0.002211 1.000000
-0.075946 -0.696197 206.875117
-0.093010 -0.485476 91.668711
-0.000398 -0.001868 1.000000
0.284584 -1.754401 310.322384
0.076167 -1.013942 16.780609
0.000483 -0.003199 1.000000
-0.083663 -1.105237 291.771867
-0.073469 -0.537198 -10.490106
-0.000084 -0.002447 1.000000
0.039542 -0.773555 188.232310
-0.106771 -0.356755 -63.567732
-0.000299 -0.002015 1.000000
0.015757 -0.815735 255.587375
0.001543 -0.267105 -69.509052
-0.000020 -0.002102 1.000000
-0.160568 -1.268135 512.866645
-0.111061 -0.816472 67.654193
-0.000427 -0.002264 1.000000
-0.013331 -0.993153 395.254208
0.016029 -0.506835 -43.603654
-0.000137 -0.002171 1.000000
-0.143871 -0.699873 256.287894
-0.072460 -0.361020 -14.114160
-0.000394 -0.001887 1.000000
0.031476 -1.142554 275.257250
-0.038430 -0.847235 104.899759
-0.000148 -0.002340 1.000000
0.019248 -1.047719 280.558843
-0.063730 -0.685851 -42.731909
-0.000236 -0.002389 1.000000
-0.035508 -0.738667 188.273449
-0.052010 -0.680252 98.165336
-0.000235 -0.002222 1.000000
-0.128226 -1.174903 379.896682
-0.056945 -0.445392 -78.499303
-0.000439 -0.002401 1.000000
-0.093960 -0.940251 603.607996
-0.169739 -0.703256 87.938920
-0.000416 -0.002224 1.000000
0.199102 -0.845047 94.033401
-0.027739 -0.639014 29.298364
-0.000081 -0.002622 1.000000
0.048051 -1.041357 289.078473
-0.114492 -0.657501 32.789786
-0.000211 -0.002440 1.000000
-0.372828 -0.523150 82.403213
-0.166097 -0.284277 37.719314
-0.000808 -0.001474 1.000000
0.066846 -0.977960 225.148966
-0.086554 -0.453952 -73.784914
-0.000232 -0.002186 1.000000
-0.118431 -0.422447 151.404047
-0.000816 -0.140380 2.908959
-0.000267 -0.001698 1.000000
0.371042 -1.163511 177.354223
-0.110048 -0.566988 36.653760
0.000011 -0.002683 1.000000
-0.115855 -0.609361 242.837219
-0.157908 -0.226539 -75.330955
-0.000431 -0.001793 1.000000
-0.398380 -0.704013 751.642777
-0.292639 -0.520830 136.821648
-0.000702 -0.001642 1.000000
0.588706 -1.391951 -3.702073
-0.102260 -1.136440 44.762476
0.000014 -0.003444 1.000000
-0.100275 -1.334816 587.139188
-0.141890 -0.722678 25.008938
-0.000220 -0.002328 1.000000
-0.128818 -1.009797 303.874181
-0.044314 -0.715055 -197.405624
-0.000441 -0.002747 1.000000
-0.031443 -1.267302 522.640868
-0.090831 -0.533307 -25.727103
-0.000283 -0.002099 1.000000
0.157898 -1.008154 75.289616
-0.046329 -0.663255 -47.852260
-0.000343 -0.002610 1.000000
-0.051396 -1.271578 444.883165
-0.061349 -0.814154 60.438027
-0.000103 -0.002600 1.000000
-0.283923 -0.780043 80.848926
-0.320003 -0.465948 -63.824629
-0.000944 -0.002005 1.000000
0.049709 -1.700122 674.042104
0.049797 -0.957237 46.449765
0.000126 -0.002791 1.000000
-0.179971 -0.801468 253.909153
0.078762 -0.622506 -57.055790
-0.000219 -0.002303 1.000000
0.538821 0.100118 91.759571
-0.117784 1.034849 -51.541138
-0.000171 -0.000189 1.000000
-0.044934 -0.470825 123.706344
0.014665 -0.201249 29.100634
-0.000297 -0.001653 1.000000
-0.013008 -0.501537 87.263900
-0.029987 -0.228681 18.279653
-0.000346 -0.001673 1.000000
-0.049705 -1.715029 480.702221
-0.039887 -1.135504 -61.024343
-0.000181 -0.002731 1.000000
0.328954 -1.053779 54.823817
0.016304 -0.694971 51.912070
-0.000116 -0.002485 1.000000
0.030227 -1.159995 378.583731
0.106664 -0.727662 -118.416986
-0.000133 -0.002614 1.000000
-0.105039 -1.152670 215.917512
-0.067916 -0.583647 -103.297095
-0.000334 -0.002496 1.000000
0.033773 -2.220931 417.232810
0.003698 -1.479247 -95.201215
-0.000240 -0.003477 1.000000
-0.045583 -0.685316 115.242021
-0.065944 -0.506649 -97.659978
-0.000354 -0.002057 1.000000
-0.225060 -0.407280 187.212773
-0.062253 -0.183490 56.772787
-0.000555 -0.001464 1.000000
-0.125450 -0.422730 177.654026
-0.013116 -0.225686 46.890538
-0.000284 -0.001770 1.000000
-0.241318 -1.408269 646.396834
0.010101 -0.668846 -118.983361
-0.000333 -0.002283 1.000000
0.189338 -2.141300 801.178916
0.053975 -0.944754 -90.896909
0.000203 -0.002971 1.000000
-0.083649 -0.294451 78.068739
-0.008199 -0.278507 32.773862
-0.000248 -0.001666 1.000000
-0.094804 -1.293009 301.296128
-0.094344 -0.707161 27.221754
-0.000313 -0.002279 1.000000
-0.110954 -0.706707 208.091082
-0.046622 -0.369134 59.207685
-0.000225 -0.001968 1.000000
-0.017147 -1.114398 177.322018
-0.023040 -0.479952 -12.789426
-0.000258 -0.002184 1.000000
0.152946 -1.888244 375.604651
0.065848 -1.009379 22.021342
-0.000041 -0.002728 1.000000
-0.131538 -0.800336 124.869724
-0.056861 -0.392194 0.041307
-0.000135 -0.002068 1.000000
-0.236510 -0.506082 115.905656
-0.077729 -0.233727 27.776159
-0.000755 -0.001442 1.000000
-0.409015 -0.756799 412.289648
-0.179688 -0.318910 -168.904358
-0.000825 -0.001619 1.000000
-0.145142 -0.774268 185.009159
-0.136229 -0.261772 33.094897
-0.000376 -0.001826 1.000000
-0.024625 -0.758993 136.606477
-0.089739 -0.292922 13.398054
-0.000288 -0.001933 1.000000
-0.211396 -1.070483 103.365255
-0.071128 -0.788780 -78.361041
-0.000242 -0.002548 1.000000
0.092190 -1.125695 466.386952
0.083678 -0.746480 -75.601308
0.000133 -0.002508 1.000000
-0.100207 -0.615719 198.673535
-0.134666 -0.573259 90.410154
-0.000387 -0.001879 1.000000
-0.067498 -0.969619 311.140758
-0.046049 -0.534330 -56.621878
-0.000387 -0.002143 1.000000
0.068242 -0.932695 193.021752
-0.027065 -0.656059 72.955384
-0.000096 -0.002300 1.000000
0.044764 -1.506209 466.078129
-0.056784 -1.200916 24.204678
-0.000322 -0.002848 1.000000
-0.407392 -1.179846 490.980847
-0.211532 -0.909725 89.306575
-0.000425 -0.002272 1.000000
1.022819 -0.033976 22.978613
0.064999 0.984855 -46.733940
0.000087 -0.000136 1.000000
1.000000 -0.000000 0.000000
0.000000 1.000000 -0.000000
-0.000000 -0.000000 1.000000
-0.029014 -1.059507 184.235969
-0.034090 -0.809582 88.187584
-0.000351 -0.002283 1.000000
-0.098950 -0.900504 291.385533
-0.084787 -0.732344 21.868445
-0.000514 -0.002003 1.000000
0.072152 -0.898429 25.464953
-0.122097 -0.391691 25.559364
-0.000331 -0.001969 1.000000
-0.299847 -0.810188 -142.104826
-0.170554 -0.435627 76.182366
-0.000762 -0.001985 1.000000
-0.285909 -0.582177 -58.773076
-0.182244 -0.323612 93.093471
-0.000850 -0.001554 1.000000
0.279858 -1.555055 291.025854
-0.005844 -0.848554 -44.599484
0.000032 -0.002979 1.000000
0.092212 -1.328152 490.648050
-0.041831 -0.510049 -77.986814
-0.000082 -0.002307 1.000000
-0.167693 -0.993375 258.181183
-0.104236 -0.499439 -192.511497
-0.000381 -0.002338 1.000000
0.281579 -1.949015 223.619381
0.029800 -0.640912 -458.542166
-0.000236 -0.002603 1.000000
-0.355322 -1.165024 592.085911
-0.233721 -0.687238 -67.782476
-0.000816 -0.001971 1.000000
-0.238473 -1.216861 467.635769
-0.137803 -0.519669 -143.631349
-0.000445 -0.002224 1.000000
0.148211 -1.093691 315.645769
-0.079299 -0.395485 -31.830324
-0.000152 -0.002043 1.000000
-0.022109 -1.842331 641.424332
0.086648 -0.884749 -283.202521
0.000008 -0.002969 1.000000
-0.214433 -0.817395 343.619080
-0.103057 -0.526159 -17.486097
-0.000384 -0.002017 1.000000
0.162614 -1.866492 562.779356
0.077914 -0.991470 -144.033136
0.000147 -0.003125 1.000000
0.003485 -1.550853 650.384702
0.130720 -0.747620 -150.717801
0.000050 -0.002782 1.000000
-0.351632 -0.850727 539.350285
-0.063889 -0.607326 -41.983884
-0.000381 -0.002046 1.000000
-0.277793 -1.501808 881.942569
-0.044126 -0.628301 36.394063
-0.000292 -0.002194 1.000000
-0.306161 -0.758280 505.015850
-0.245766 -0.570125 70.439959
-0.000560 -0.001801 1.000000
-0.220028 -0.907871 296.246188
-0.151739 -0.699161 -67.143217
-0.000593 -0.002272 1.000000
-0.197578 -0.956389 448.903691
-0.158767 -0.694645 82.799897
-0.000407 -0.002089 1.000000
-0.003935 -1.381910 552.217977
0.010503 -0.956082 -34.021069
-0.000249 -0.002680 1.000000
0.368819 -2.036834 438.436133
0.062824 -1.303979 -102.606258
0.000198 -0.003612 1.000000
0.038484 -1.117882 241.843069
-0.086947 -0.657182 1.132869
-0.000256 -0.002352 1.000000
0.166472 -2.014454 797.533056
0.023246 -0.987486 -124.544775
0.000170 -0.002966 1.000000
-0.423144 -0.467286 45.298676
-0.354709 -0.192645 -21.626983
-0.001080 -0.001042 1.000000
0.650950 -2.162376 1158.146828
0.430996 -1.572794 -257.860237
0.000801 -0.003746 1.000000
0.079792 -1.130072 539.505225
-0.042669 -0.562619 -56.138793
-0.000125 -0.002181 1.000000
-0.014852 -0.819057 214.479574
-0.139087 -0.635574 -37.772058
-0.000672 -0.002108 1.000000
-0.008100 -1.296213 474.112809
-0.054705 -1.072369 45.953190
-0.000154 -0.002643 1.000000
-0.155294 -1.260522 685.691643
0.231723 -0.947756 -164.959730
0.000067 -0.002908 1.000000
-0.206178 -0.777065 410.150796
-0.129631 -0.334421 -85.582369
-0.000738 -0.001650 1.000000
-0.236448 -1.269054 771.787650
-0.126935 -0.618898 4.146915
-0.000380 -0.002115 1.000000
-0.195509 -1.644031 1047.590323
0.009345 -0.304184 10.401940
-0.000278 -0.002135 1.000000
-0.533835 -0.964373 483.835902
-0.221977 -0.339556 -115.249631
-0.000899 -0.001603 1.000000
0.189737 -1.759799 1147.536928
-0.063116 -0.783737 -26.365858
0.000064 -0.002759 1.000000
0.311700 -2.087006 1007.834984
0.247694 -0.911466 -530.275824
0.000639 -0.003320 1.000000
-0.629913 -1.010696 1098.964869
-0.140612 -0.183347 62.943124
-0.000792 -0.001259 1.000000
-0.032656 -1.633219 914.751294
-0.068271 -0.474594 -136.640088
-0.000297 -0.002342 1.000000
-0.301347 -1.003915 558.045013
-0.202727 -0.599524 12.762184
-0.000572 -0.001925 1.000000
0.150766 -1.689085 728.255832
-0.073056 -0.587240 -364.555902
-0.000035 -0.002953 1.000000
-0.137677 -0.641237 154.279303
-0.136886 -0.532764 77.663827
-0.000471 -0.001758 1.000000
-0.217139 -0.850050 612.108817
-0.232519 -0.720575 142.025646
-0.000570 -0.001962 1.000000
0.344187 -1.938116 913.658766
-0.027442 -1.217735 52.973197
0.000109 -0.003185 1.000000
-0.202019 -1.506797 929.054346
-0.055236 -0.336403 25.070131
-0.000267 -0.001892 1.000000
0.010883 -1.533333 914.959136
-0.133775 -0.464641 75.446686
-0.000135 -0.002188 1.000000
-0.039653 -1.135259 620.756372
-0.069079 -0.748350 -137.331989
-0.000197 -0.002497 1.000000
-0.430464 -1.308647 976.508768
-0.073829 -0.361474 50.363309
-0.000421 -0.001741 1.000000
-0.264092 -1.543931 1044.759319
-0.005866 -0.175016 37.878088
-0.000386 -0.001578 1.000000
-0.306846 -1.243397 826.900145
-0.256976 -0.705290 66.061771
-0.000912 -0.001822 1.000000
-0.483947 -1.010856 1089.936010
-0.104961 -0.444571 35.662720
-0.000586 -0.001783 1.000000
-0.181644 -0.924704 892.881082
-0.144618 -0.350558 179.101376
-0.000537 -0.001809 1.000000
-0.168017 -1.123939 671.051961
-0.100923 -0.591092 -25.353709
-0.000320 -0.002159 1.000000
0.292706 -1.355344 572.528871
0.057106 -0.513590 -33.629114
0.000159 -0.002631 1.000000
-0.154260 -1.165996 649.939949
0.051865 -0.569874 -149.208133
-0.000100 -0.002664 1.000000
0.234569 -1.533079 309.865539
0.065910 -0.689879 -138.760666
0.000068 -0.002678 1.000000
-0.050206 -0.595166 277.845677
-0.046117 -0.336895 25.006194
-0.000299 -0.001741 1.000000
-0.021380 -0.554227 137.514033
0.005180 -0.486921 15.052819
-0.000070 -0.002047 1.000000
0.164869 -0.984825 163.508636
0.001219 -0.673458 7.604042
-0.000212 -0.002261 1.000000
-0.141115 -0.984719 12.721795
-0.195134 -0.990742 692.838750
-0.000433 -0.002130 1.000000
-0.005052 -0.442447 139.941412
-0.116076 -0.268129 80.577277
-0.000359 -0.001534 1.000000
-0.058828 -1.215786 438.794111
0.046493 -0.840446 -311.577916
-0.000191 -0.002976 1.000000
-0.131014 -1.232806 21.851735
-0.005996 -0.741741 -9.731894
-0.000336 -0.002367 1.000000
-0.067319 -1.014629 555.883246
-0.047207 -0.594736 5.684378
-0.000243 -0.002296 1.000000
0.213251 -1.008119 356.419794
0.085225 -0.763391 -135.885999
-0.000097 -0.002712 1.000000
-0.106255 -0.543650 -36.458859
-0.057879 -0.573583 116.305096
-0.000375 -0.002039 1.000000
0.041572 -0.760682 73.080490
-0.055794 -0.937523 182.736430
-0.000163 -0.002492 1.000000
0.002529 -0.462332 90.713830
-0.049001 -0.342981 30.075810
-0.000153 -0.001932 1.000000
0.097064 -0.975079 178.508083
0.147037 -0.936385 65.813992
0.000134 -0.002615 1.000000
0.060888 -0.713922 257.208619
-0.000961 -0.423296 32.850444
-0.000193 -0.001878 1.000000
-0.160581 -0.513671 -39.086052
-0.058122 -0.459479 59.934103
-0.000325 -0.002097 1.000000
-0.016321 -0.390739 -81.752868
-0.078320 -0.527318 90.017122
-0.000258 -0.001986 1.000000
-0.064384 -0.662096 56.330151
-0.057970 -0.531350 49.764233
-0.000270 -0.002090 1.000000
0.150122 -0.802185 -4.250420
-0.038268 -0.588006 -1.125911
-0.000108 -0.002366 1.000000
0.229238 -0.798059 53.873423
-0.031131 -0.511414 65.060414
-0.000166 -0.002082 1.000000
-0.010038 -1.124331 106.973252
0.048814 -0.564797 -58.494625
-0.000329 -0.002336 1.000000
0.098610 -1.047579 336.161621
0.083558 -0.587504 -181.688085
-0.000023 -0.002786 1.000000
-0.254829 -1.204052 446.891301
-0.009992 -0.951382 -69.191208
-0.000367 -0.002602 1.000000
0.112171 -0.884629 -82.011176
0.115175 -0.629900 -173.388974
0.000242 -0.002808 1.000000
-0.069445 -0.283602 41.025289
-0.107379 -0.323786 93.558629
-0.000333 -0.001791 1.000000
-0.067384 -0.977054 74.388608
-0.221664 -0.839637 127.090949
-0.000410 -0.002284 1.000000
0.073566 -1.010546 182.064079
-0.114861 -0.376547 -55.934619
-0.000221 -0.002115 1.000000
-0.295203 -0.639165 136.794188
-0.469980 -0.607476 681.827678
-0.000930 -0.001502 1.000000
-0.286785 -0.773622 1032.514943
-0.207686 -0.784010 468.555349
-0.000541 -0.001801 1.000000
-0.127715 -0.667070 56.019231
-0.056957 -0.553182 1.672755
-0.000232 -0.002253 1.000000
0.002048 -0.521934 66.785077
-0.025053 -0.284486 18.059187
-0.000209 -0.001960 1.000000
-0.097430 -1.386905 656.669221
0.039231 -0.655453 -223.856759
-0.000213 -0.002373 1.000000
0.032731 -1.218787 60.445292
-0.106534 -1.227081 1118.254298
0.000005 -0.002498 1.000000
-0.241504 -0.776522 66.808879
-0.363473 -0.788869 741.529024
-0.000659 -0.001831 1.000000
0.123051 -1.403690 423.757387
-0.093190 -1.123270 2286.937627
0.000085 -0.002394 1.000000
0.059540 -2.053695 1283.186239
0.205127 -1.232573 633.276248
0.000306 -0.003010 1.000000
-0.480910 -0.480128 40.733167
-0.360929 -0.535745 593.929833
-0.001007 -0.001041 1.000000
-0.035909 -0.861500 68.909436
-0.164735 -0.712536 109.173493
-0.000445 -0.002129 1.000000
-0.289185 -1.106792 272.201989
-0.261035 -0.761792 1111.289784
-0.000511 -0.001803 1.000000
0.323598 -2.456630 2048.789709
0.148771 -1.284028 1069.190747
0.000845 -0.003638 1.000000
-0.353853 -1.650491 1017.341195
-0.018243 -0.484681 40.561725
-0.000364 -0.001992 1.000000
-0.592115 -0.819955 1194.020459
-0.549360 -0.645345 945.916155
-0.001013 -0.001178 1.000000
-0.506878 -1.370743 1018.975454
-0.076236 -0.358824 14.479472
-0.000540 -0.001700 1.000000
-0.409736 -1.236387 1035.549474
-0.034636 -0.246709 69.027511
-0.000482 -0.001524 1.000000
-0.585018 -1.432007 688.196754
-0.086509 -0.568431 -89.700423
-0.000678 -0.001829 1.000000
-0.464752 -1.378196 915.564158
0.005541 -0.498479 7.236752
-0.000481 -0.001851 1.000000
-0.302423 -1.695425 1091.098013
-0.081169 -0.442905 60.179526
-0.000295 -0.002036 1.000000
-0.319833 -1.458558 1366.682138
-0.018320 -0.656000 92.054617
-0.000295 -0.002644 1.000000
-0.139180 -0.976370 373.097465
-0.317511 -0.982244 1086.461194
-0.000551 -0.001689 1.000000
-0.406622 -0.605132 634.875680
-0.084842 -0.348660 -218.283818
-0.000703 -0.001382 1.000000
-0.225694 -1.291563 1583.985406
-0.243619 -0.959052 815.571875
-0.000489 -0.002100 1.000000
-0.671316 -0.238965 381.977976
-0.510050 -0.278596 901.258259
-0.001363 -0.000900 1.000000
-0.154293 -1.834824 1051.493631
-0.034045 -0.694785 114.421125
0.000002 -0.002264 1.000000
-0.478178 -1.428069 1026.325205
-0.040505 -0.434966 46.378254
-0.000500 -0.001632 1.000000
-0.018597 -1.642540 1071.841101
0.016253 -0.371313 55.573952
-0.000026 -0.001902 1.000000
-0.043788 -0.823502 -437.504977
-0.025093 -0.535568 -88.843920
-0.000134 -0.001870 1.000000
-0.250144 -0.917713 1173.487791
-0.206626 -0.890137 910.361395
-0.000602 -0.001927 1.000000
-0.172596 -1.112251 712.218273
-0.177647 -1.008985 760.407637
-0.000268 -0.002019 1.000000
0.006725 -1.594541 1005.342078
-0.081065 -0.361734 213.743191
0.000006 -0.001714 1.000000
-0.305848 -0.672117 1083.354949
-0.405357 -0.755885 558.048061
-0.000850 -0.001567 1.000000
-0.463201 -1.078111 844.138657
-0.263922 -0.564057 -67.045894
-0.000738 -0.001602 1.000000
-0.738013 -0.590380 1528.988834
-0.206367 -0.167911 0.756131
-0.001157 -0.000868 1.000000
-0.119488 -0.500985 266.590392
-0.018801 -0.216713 50.885944
-0.000356 -0.001499 1.000000
-0.501168 -1.182332 981.846373
-0.063679 -0.148040 82.348431
-0.000516 -0.001325 1.000000
-0.183142 -1.242392 862.124468
-0.057252 -0.218485 36.539296
-0.000244 -0.001637 1.000000
0.164104 -2.746768 316.195273
0.285038 -1.303598 -413.452479
0.000706 -0.003901 1.000000
-0.262831 -1.573731 873.543592
-0.081022 -0.742776 9.343382
-0.000287 -0.002393 1.000000
-0.383801 -1.105352 484.019308
-0.218753 -0.482970 -51.107246
-0.000637 -0.001798 1.000000
-0.167678 -1.502339 688.762614
0.037034 -0.753741 -80.484838
-0.000090 -0.002720 1.000000
0.100537 -1.003514 178.682656
0.081670 -0.789386 -133.491276
0.000154 -0.002751 1.000000
-0.132263 -1.774741 948.923979
-0.003525 -0.585079 27.987487
-0.000076 -0.002369 1.000000
-0.002102 -1.724552 793.247366
0.025609 -0.867992 -69.033036
-0.000130 -0.002921 1.000000
-0.389046 -1.580047 991.531243
-0.084627 -0.514592 48.572175
-0.000405 -0.001976 1.000000
-0.274910 -1.461738 965.657062
-0.076664 -0.456263 -34.616174
-0.000296 -0.002057 1.000000
-0.228706 -1.728126 1111.228160
-0.063408 -0.501115 -30.044612
-0.000209 -0.002064 1.000000
-0.306280 -1.296508 1033.670972
-0.086030 -0.439403 87.196031
-0.000474 -0.001721 1.000000
-0.340078 -0.814481 807.375806
-0.216654 -0.556579 1044.367036
-0.000679 -0.001498 1.000000
-0.099198 -2.009483 1065.612981
0.084967 -0.722837 52.615761
-0.000035 -0.002430 1.000000
-0.460310 -1.448230 1067.669727
-0.042419 -0.487384 132.275119
-0.000429 -0.001741 1.000000
-0.077950 -1.567133 982.449551
0.041205 -0.305616 -18.325529
-0.000044 -0.002029 1.000000
-0.141935 -0.727163 293.755688
-0.015459 -0.229224 -0.471105
-0.000381 -0.001724 1.000000
-0.407284 -0.932587 789.248432
-0.198591 -0.332466 117.736162
-0.000599 -0.001393 1.000000
-0.176348 -1.491456 921.953978
-0.174367 -0.532434 79.749814
-0.000304 -0.001973 1.000000
-0.267869 -1.230026 731.241892
-0.105903 -0.769638 -56.165788
-0.000410 -0.002191 1.000000
0.027936 -1.322959 696.231423
-0.054676 -0.665560 29.507390
-0.000232 -0.002258 1.000000
-0.171622 -0.811601 526.309884
-0.086633 -0.683344 -88.404042
-0.000418 -0.002153 1.000000
-0.059319 -1.592301 782.911432
-0.112717 -0.707308 29.705718
-0.000223 -0.002487 1.000000
-0.306646 -1.296200 836.859454
-0.009525 -0.455438 -117.517939
-0.000383 -0.002206 1.000000
-0.404500 -0.891206 686.069706
-0.036503 -0.322577 -113.036015
-0.000325 -0.001899 1.000000
-0.020744 -1.442189 630.142674
0.013025 -0.531185 -41.444679
-0.000177 -0.002237 1.000000
-0.341500 -1.782183 669.264040
-0.027527 -0.740638 -9.659002
-0.000321 -0.002790 1.000000
-0.235423 -0.713513 350.258427
-0.091223 -0.354683 -142.146135
-0.000640 -0.001816 1.000000
-0.036706 -1.622596 726.469663
0.000910 -0.978068 -116.753838
-0.000061 -0.002981 1.000000
-0.212274 -1.329659 533.907254
-0.132627 -0.751840 51.010541
-0.000423 -0.002038 1.000000
-0.117797 -1.600152 536.872919
0.058472 -1.034873 -34.847664
-0.000188 -0.002767 1.000000
0.065702 -0.790646 309.481592
-0.112359 -0.690218 15.719371
-0.000403 -0.002208 1.000000
-0.434385 -1.165926 1021.501831
-0.063551 -0.202675 37.253979
-0.000569 -0.001349 1.000000
-0.327145 -0.700007 630.838865
-0.070742 -0.188435 -143.230834
-0.000652 -0.001405 1.000000
-0.329571 -1.233543 833.821917
-0.015797 -0.211966 -8.654940
-0.000411 -0.001694 1.000000
-0.017894 -0.838886 434.948120
0.014047 -0.362052 -77.518877
-0.000234 -0.001997 1.000000
-0.451270 -1.245730 813.449258
-0.185048 -0.375104 -81.413515
-0.000817 -0.001752 1.000000
-0.125297 -1.284245 734.913059
-0.066143 -0.335976 -111.481718
-0.000422 -0.002133 1.000000
0.109772 -1.215551 335.239949
-0.064029 -0.836429 -15.287482
-0.000068 -0.002773 1.000000
-0.273969 -1.263609 715.477190
-0.192168 -0.689344 84.045198
-0.000480 -0.002142 1.000000
0.011171 -1.331706 562.232114
-0.116073 -0.948067 88.099842
-0.000288 -0.002680 1.000000
-0.118673 -1.295008 640.194834
0.001862 -0.807854 15.188579
-0.000267 -0.002462 1.000000
0.128840 -1.185322 580.507096
0.030363 -0.693023 22.575913
-0.000164 -0.002426 1.000000
0.031997 -0.637270 163.992234
-0.024493 -0.261705 -31.885086
-0.000050 -0.002132 1.000000
0.008811 -0.806472 149.815449
-0.029539 -0.428101 29.959089
-0.000312 -0.002012 1.000000
0.007541 -0.754946 48.573100
-0.073422 -0.652793 137.987154
-0.000236 -0.002168 1.000000
0.096566 -1.425141 656.135373
0.069766 -0.778081 -182.616717
-0.000003 -0.002755 1.000000
-0.429712 -1.324290 921.578988
-0.131179 -0.384127 50.969156
-0.000454 -0.001803 1.000000
-0.227703 -1.115967 375.297165
-0.210281 -0.871718 129.613587
-0.000526 -0.002280 1.000000
-0.116507 -0.609135 70.578328
-0.036413 -0.431060 -30.174750
-0.000263 -0.002025 1.000000
0.147060 -0.818841 262.772583
-0.100773 -0.266884 45.697387
-0.000198 -0.001796 1.000000
-0.377759 -1.462326 819.757131
-0.185246 -0.580775 103.217700
-0.000475 -0.001994 1.000000
0.088688 -1.045732 -2.886897
-0.084511 -0.640356 44.003831
-0.000155 -0.002416 1.000000
-0.126925 -1.039269 309.162545
-0.071053 -0.825365 135.117220
-0.000345 -0.002272 1.000000
-0.212455 -1.111422 390.770387
-0.085664 -0.644915 26.606348
-0.000566 -0.002039 1.000000
-0.172938 -0.765650 162.063960
-0.198537 -0.493721 56.515095
-0.000756 -0.001788 1.000000
-0.267274 -1.258855 603.418045
-0.210924 -0.989965 74.385772
-0.000472 -0.002415 1.000000
0.193586 -1.284936 40.505929
-0.061976 -0.703637 67.869035
-0.000201 -0.002419 1.000000
-0.369848 -1.284212 778.340936
-0.107976 -0.705878 12.764407
-0.000446 -0.001942 1.000000
