-0.246012 -1.565841 76.104412
-0.197050 -1.076489 -296.281156
-0.000369 -0.002446 1.000000
-0.356034 -0.849173 664.195595
-0.269150 -0.725673 -212.595485
-0.000929 -0.002138 1.000000
-0.331348 -0.655777 150.463090
-0.237084 -0.675940 -45.047065
-0.000505 -0.001988 1.000000
-0.331274 -0.911315 -295.490326
-0.057428 -1.219556 -3.133555
-0.000621 -0.002619 1.000000
-0.186900 -0.971340 -9.911446
-0.167569 -1.016359 -137.080064
-0.000661 -0.002232 1.000000
-0.494034 -0.190731 21.046180
-0.415508 -0.339037 -88.854396
-0.001354 -0.001066 1.000000
-0.017179 -0.625513 -17.053010
-0.098587 -0.602587 23.229034
-0.000382 -0.001928 1.000000
0.006958 -0.858473 263.621766
-0.172964 -0.795142 -4.251257
-0.000123 -0.002260 1.000000
-0.425897 -0.283001 -182.371894
-0.396564 -0.539998 -55.380347
-0.001148 -0.001347 1.000000
-0.046844 -1.579132 750.356188
-0.079750 -1.299976 -170.653853
-0.000167 -0.003005 1.000000
-0.203566 -1.388807 589.733083
-0.129023 -0.964791 -148.691162
-0.000376 -0.002506 1.000000
-0.117874 -0.973318 74.813575
-0.135038 -0.913492 -35.519561
-0.000506 -0.002382 1.000000
-0.205349 -0.827266 32.924921
-0.261834 -0.873736 -91.702625
-0.000643 -0.002256 1.000000
-0.461297 -0.788051 580.480026
-0.489411 -0.701044 -467.669031
-0.001177 -0.001663 1.000000
0.066749 -0.797876 820.907780
-0.094146 -1.442711 -11.265865
-0.000088 -0.002857 1.000000
-0.758637 -0.459007 83.398818
-0.716473 -0.521660 -178.443370
-0.001528 -0.001031 1.000000
0.061732 -1.271506 289.040341
-0.033873 -1.180460 -229.590278
-0.000112 -0.003005 1.000000
-0.983435 -0.355984 65.819437
-0.835472 -0.619282 -0.169302
-0.001684 -0.001079 1.000000
0.066556 -1.246472 -132.734964
-0.020909 -1.016163 -672.191641
-0.000076 -0.002930 1.000000
-0.481556 -1.010864 450.090581
-0.237059 -0.659564 -244.688287
-0.000792 -0.001837 1.000000
-0.459370 -0.994137 857.898353
-0.394356 -0.956020 -131.848691
-0.000684 -0.002031 1.000000
-0.479560 -0.736830 581.219781
-0.608103 -0.788244 63.609748
-0.001061 -0.001421 1.000000
-0.200032 -1.981030 -12.087088
-0.204556 -1.420903 258.181944
-0.000298 -0.002911 1.000000
-0.303982 -0.928656 240.675766
-0.076907 -0.965496 -77.053616
-0.000397 -0.002337 1.000000
-0.056496 -0.680123 305.069086
-0.159154 -1.245016 -77.661691
-0.000526 -0.002590 1.000000
-0.421259 -0.767128 470.686130
-0.491905 -1.026863 -6.482878
-0.001001 -0.002018 1.000000
-0.844863 0.054629 20.025798
-0.711136 -0.084845 59.946890
-0.001655 -0.000493 1.000000
-0.054051 -0.996868 -154.447454
-0.073021 -1.410430 76.929229
-0.000574 -0.002624 1.000000
-0.428807 -0.756048 200.572142
-0.382031 -0.731293 -188.064162
-0.001049 -0.001695 1.000000
-0.082987 -1.036547 657.409211
-0.383634 -1.902737 92.339368
-0.000674 -0.003088 1.000000
-0.314877 -0.917001 925.126035
-0.311370 -0.820756 95.772616
-0.000862 -0.002200 1.000000
-0.043294 -1.458785 2.616225
-0.016292 -0.934562 -299.122164
-0.000435 -0.002632 1.000000
0.067665 -1.437822 728.086840
-0.034991 -1.185979 -240.790996
0.000278 -0.003308 1.000000
-0.156970 -1.001840 1432.660306
-0.061432 -0.924362 -434.534039
-0.000195 -0.002789 1.000000
-0.333485 -0.682042 570.124358
-0.570528 -0.728507 -127.392825
-0.001260 -0.001142 1.000000
-0.213338 -1.087886 712.236984
-0.178116 -0.915345 -160.068603
-0.000467 -0.002436 1.000000
0.783993 -2.616923 -577.465221
1.053099 -2.352304 -1825.432352
0.002468 -0.006104 1.000000
-0.046322 -1.067010 264.292995
-0.184428 -0.721895 -110.629677
-0.000279 -0.002264 1.000000
-0.280475 -1.235032 71.354728
-0.035716 -0.965953 -104.469908
-0.000479 -0.002429 1.000000
-0.266444 -0.457268 202.395781
-0.405821 -0.324189 -278.437883
-0.001094 -0.001269 1.000000
-0.332128 -0.743922 974.453799
-0.153006 -0.687338 -440.324072
-0.000756 -0.001753 1.000000
-0.147408 -0.962556 366.863165
-0.139484 -0.620986 -133.972908
-0.000489 -0.002014 1.000000
-0.165447 -0.614651 468.486783
-0.237555 -0.551210 -82.626548
-0.000872 -0.001739 1.000000
-0.109164 -1.169697 495.178708
-0.022817 -0.880891 -321.268039
-0.000248 -0.002441 1.000000
0.053745 -1.301477 604.442206
0.063435 -0.830403 -438.032607
-0.000118 -0.002569 1.000000
-0.250830 -0.574119 664.917088
-0.284073 -0.501181 -226.053555
-0.001015 -0.001386 1.000000
-0.196669 -0.571850 490.612098
-0.240193 -0.730327 -18.580245
-0.000849 -0.001772 1.000000
0.103722 -1.010115 228.760588
-0.071704 -0.776753 -204.790742
-0.000453 -0.002246 1.000000
0.048495 -0.781654 -74.885799
-0.174415 -0.782747 -73.520591
-0.000660 -0.002041 1.000000
-0.189152 -1.101359 177.684635
-0.188854 -0.783325 -80.466736
-0.000788 -0.001913 1.000000
0.141542 -1.096304 1227.379939
-0.078981 -0.876298 -23.469541
-0.000260 -0.003039 1.000000
0.148291 -0.708535 144.450837
-0.184230 -0.544771 -98.722757
-0.000689 -0.001920 1.000000
0.222056 -1.150857 -48.867137
0.131425 -0.700976 -144.168391
0.000213 -0.002664 1.000000
-4.627378 2.900080 -3417.491919
-3.705576 2.936154 507.864355
-0.008051 0.008544 1.000000
-0.151746 -1.021542 299.340207
-0.190583 -0.940595 -196.935980
-0.000497 -0.002152 1.000000
-0.028518 -1.787030 529.955444
-0.092493 -1.433447 -42.252234
-0.000115 -0.003112 1.000000
-0.511559 -1.509182 608.515436
-0.155831 -1.083771 80.478679
-0.000497 -0.002504 1.000000
1.825841 -0.119549 -69.874896
0.648778 1.443493 -177.689105
0.001082 -0.000239 1.000000
-0.481276 -1.086199 443.310423
-0.382724 -0.766601 267.713857
-0.000795 -0.001674 1.000000
0.563526 -1.152499 335.417575
0.172496 -0.549386 216.017019
0.000138 -0.002018 1.000000
1.116208 0.396104 58.587431
0.034821 1.435834 -115.104076
-0.000033 0.000465 1.000000
1.146574 -0.651513 104.691790
0.395515 0.178737 181.599899
0.000468 -0.001255 1.000000
0.861897 0.211332 97.709206
0.046376 1.110833 -59.938073
-0.000184 0.000264 1.000000
1.053297 -1.159645 328.761494
0.398294 -0.250316 125.431133
0.000711 -0.001877 1.000000
1.688758 -0.844788 185.287103
0.300062 0.629104 -124.047304
0.001164 -0.001339 1.000000
0.247821 -1.256635 318.439471
0.024872 -1.307103 160.052497
-0.000084 -0.002743 1.000000
-0.165211 -1.931087 586.261500
-0.049358 -2.085132 213.763024
-0.000216 -0.003465 1.000000
0.633901 -0.680649 167.276278
0.047338 -0.079588 276.734997
-0.000027 -0.001313 1.000000
1.188030 0.299892 -44.566368
0.100473 1.297217 -112.895975
0.000104 0.000432 1.000000
-0.286292 -0.244869 57.061577
-0.574003 -0.020721 374.543516
-0.001228 -0.000518 1.000000
-0.862769 -2.631831 710.118844
-0.322405 -4.051861 474.424524
-0.000493 -0.005732 1.000000
0.091143 -1.131929 410.321994
0.016105 -1.212235 204.381327
-0.000119 -0.002463 1.000000
1.000000 -0.000000 0.000000
-0.000000 1.000000 0.000000
-0.000000 -0.000000 1.000000
-0.562706 -0.890225 1260.187321
-0.381916 -0.594507 142.617106
-0.001012 -0.001499 1.000000
-0.139577 -1.074474 280.056278
-0.109134 -0.865748 -154.227669
-0.000377 -0.002409 1.000000
-0.054384 -1.339502 272.002227
-0.016211 -1.173381 -301.298702
-0.000378 -0.002825 1.000000
0.661859 -0.011632 128.848968
-0.046902 0.989242 4.988781
-0.000309 0.000178 1.000000
0.745220 0.345592 -80.082340
-0.166927 1.430106 18.994878
-0.000603 0.000878 1.000000
-0.435028 -0.867861 311.711603
-0.329231 -0.719953 215.675506
-0.000830 -0.001695 1.000000
-3.745397 -4.771604 2037.729495
-0.924218 -8.363932 1001.248967
-0.001365 -0.010228 1.000000
-2.788016 -6.071129 2282.802969
0.822924 -10.708402 534.085318
0.001471 -0.014417 1.000000
-0.242061 -1.310202 586.850182
0.042678 -1.464073 131.310694
-0.000092 -0.002939 1.000000
-1.063370 -3.376729 1041.840240
-0.090006 -4.760482 376.253354
-0.000045 -0.006606 1.000000
-0.727412 -0.387652 271.982433
-0.451366 -0.405616 -72.938821
-0.001289 -0.001042 1.000000
-0.158813 -2.348473 841.825904
0.556483 -2.307811 -304.365358
0.001230 -0.005760 1.000000
-0.211394 -1.385424 384.744905
-0.081744 -1.107308 36.588577
-0.000258 -0.002816 1.000000
-0.907293 -0.521990 200.135280
-0.630685 -0.347833 -88.478495
-0.001528 -0.001051 1.000000
-1.720510 1.432415 -1361.513791
-1.407480 1.210181 -209.176496
-0.002954 0.001984 1.000000
-0.377503 -0.395946 -50.200174
-0.272165 -0.421210 22.617858
-0.001191 -0.001209 1.000000
2.995335 -5.190066 2682.951032
3.210599 -4.896730 -1247.638764
0.006028 -0.010307 1.000000
-0.185599 -1.175731 467.178343
-0.075554 -1.128353 -106.786674
-0.000228 -0.002613 1.000000
-0.305440 -1.621608 921.552160
-0.008469 -0.974199 -154.254010
-0.000245 -0.002618 1.000000
-0.159604 -1.960533 657.346571
0.122145 -2.357174 -5.982524
0.000042 -0.004335 1.000000
-0.228490 -0.808449 251.062436
-0.149365 -0.645888 -104.543358
-0.000549 -0.001933 1.000000
-0.263200 -0.809711 322.218777
-0.109155 -0.528037 -117.305274
-0.000536 -0.001913 1.000000
-1.045331 0.128965 770.796919
-0.753024 -0.197309 -44.775174
-0.001770 -0.000281 1.000000
-0.100553 -1.122659 293.286902
-0.025882 -0.909788 -12.693762
-0.000318 -0.002399 1.000000
-0.247143 -0.997416 328.811104
-0.193926 -1.413343 97.996796
-0.000487 -0.002665 1.000000
-0.238953 -1.303317 715.692326
-0.045903 -1.419263 -112.237900
-0.000268 -0.003009 1.000000
-0.074367 -1.522724 344.626813
-0.037627 -1.407628 38.996885
-0.000367 -0.002642 1.000000
0.027495 -1.786454 339.409640
-0.203627 -1.313408 89.552879
-0.000296 -0.002908 1.000000
-0.203276 -1.317037 429.042638
-0.193979 -1.866997 198.140256
-0.000413 -0.003105 1.000000
-0.656290 -0.758028 186.862990
-0.558119 -0.914642 243.013533
-0.001198 -0.001466 1.000000
-0.187326 -1.187523 500.697173
0.003261 -1.356954 45.653188
-0.000200 -0.002614 1.000000
-0.781671 -1.424060 351.137057
-0.449253 -1.215811 153.518537
-0.001051 -0.002254 1.000000
-0.023162 -1.268058 289.061027
-0.170833 -1.532764 11.872665
-0.000628 -0.003126 1.000000
-0.044498 -2.143815 -46.672858
0.127981 -1.590572 -179.701111
0.000261 -0.004111 1.000000
0.367267 -2.210760 789.354206
0.211327 -1.820979 -126.367837
0.000617 -0.003942 1.000000
-0.314610 -0.976708 376.539676
-0.267566 -0.975387 71.800578
-0.000628 -0.002111 1.000000
-0.274754 -1.081945 51.271769
-0.194941 -0.777451 -30.401957
-0.000678 -0.002056 1.000000
-0.051924 -2.314112 819.487068
0.378335 -2.423940 -121.869746
0.000829 -0.005107 1.000000
1.075970 -5.008193 1843.547066
1.613913 -4.881198 -548.786759
0.003611 -0.010344 1.000000
-0.224855 -1.520496 496.139958
-0.116283 -1.229307 -43.968481
-0.000295 -0.002841 1.000000
-0.123199 -1.280429 578.007430
-0.070055 -0.953346 -87.733905
-0.000173 -0.002587 1.000000
0.768588 -1.955434 496.237856
0.180439 -0.891130 94.414780
0.000713 -0.003119 1.000000
-0.366948 -1.276196 611.592017
-0.232846 -1.140602 -49.448735
-0.000579 -0.002442 1.000000
0.117706 -2.387675 350.265885
0.072744 -2.061234 -323.773363
-0.000005 -0.003802 1.000000
-0.552898 -0.877474 586.538612
-0.422162 -1.159442 93.390582
-0.000997 -0.001846 1.000000
-0.342967 -1.264860 750.896423
-0.265957 -1.377643 17.068963
-0.000527 -0.002865 1.000000
-0.348950 -1.273895 256.119859
-0.372656 -1.307588 -277.097984
-0.000714 -0.002548 1.000000
-0.572192 -0.428478 366.639998
-0.441577 -0.543703 -22.066351
-0.001287 -0.001045 1.000000
-0.398813 -1.074094 521.685117
-0.415725 -0.895613 34.847618
-0.000780 -0.001851 1.000000
-0.091480 -1.373965 244.383409
-0.152298 -1.348313 -94.545493
-0.000376 -0.002763 1.000000
-0.119689 -1.513425 284.808206
-0.208076 -1.204402 -61.687496
-0.000501 -0.002513 1.000000
-0.217146 -1.202663 385.178914
-0.224911 -0.967755 -41.404599
-0.000604 -0.002124 1.000000
-0.456155 -0.815324 500.278925
-0.649719 -1.075482 104.175352
-0.001018 -0.001893 1.000000
-0.250649 -0.698396 177.805355
-0.198428 -0.519113 20.545784
-0.000755 -0.001657 1.000000
-0.287372 -1.510258 480.330289
-0.434843 -1.586999 79.614116
-0.000694 -0.002822 1.000000
0.167513 -2.062284 584.694600
0.197401 -1.285804 -320.702017
-0.000055 -0.003150 1.000000
-0.301036 -1.204234 342.919823
-0.231217 -0.976662 -74.973515
-0.000657 -0.002279 1.000000
-0.275477 -1.473095 333.393285
0.011268 -1.862870 -256.381055
-0.000296 -0.003107 1.000000
-0.352733 -1.082188 580.235831
-0.187549 -1.177994 -254.099242
-0.000409 -0.002449 1.000000
-0.315596 -0.950847 161.669771
-0.338368 -0.884870 88.093457
-0.000693 -0.001962 1.000000
-0.666229 -0.387665 184.087814
-0.548919 -0.518377 -163.705099
-0.001337 -0.001131 1.000000
-0.277563 -1.366364 265.328390
-0.219684 -1.115774 -12.232088
-0.000565 -0.002458 1.000000
0.213023 -1.367343 563.704742
0.007914 -1.300992 -151.068277
-0.000197 -0.003067 1.000000
-0.218095 -1.835887 617.242513
0.019471 -1.396024 -45.660946
-0.000210 -0.003073 1.000000
0.197404 -2.343749 320.107669
0.098791 -1.864161 -150.139848
0.000214 -0.004004 1.000000
-1.419277 -0.000270 -333.544940
-0.853165 -0.434032 185.017426
-0.002197 -0.000697 1.000000
-0.787188 -0.222689 458.656756
-0.506361 -0.284764 -153.457849
-0.001542 -0.000634 1.000000
-0.356009 -1.641860 801.719194
-0.159127 -1.035610 -89.066838
-0.000591 -0.002376 1.000000
-0.310762 -1.063050 614.983803
-0.217403 -0.978043 -21.334861
-0.000651 -0.002616 1.000000
-0.145647 -0.950532 597.694560
-0.333884 -1.184469 134.218650
-0.000574 -0.002710 1.000000
-0.389688 -1.323743 -198.544809
-0.124978 -0.778677 -243.336785
-0.000393 -0.002286 1.000000
-0.702532 -0.917641 957.881760
-0.302449 -0.540351 -239.034994
-0.001063 -0.001344 1.000000
-0.136287 -1.005676 803.283008
-0.145273 -1.073467 -109.334129
-0.000429 -0.002184 1.000000
-0.343292 -1.037249 929.349942
-0.125332 -0.860562 -105.717644
-0.000543 -0.002077 1.000000
-0.198977 -1.065626 715.668320
-0.117609 -0.882528 -112.469630
-0.000513 -0.002377 1.000000
13.036083 -23.746464 -21766.524021
11.718043 -20.280537 -3134.325480
0.025924 -0.040879 1.000000
-0.061266 -1.592358 108.344325
-0.068985 -0.796719 -232.623585
-0.000449 -0.002357 1.000000
-0.533747 -1.001125 633.862486
-0.197844 -0.631759 -586.989412
-0.000887 -0.001970 1.000000
-0.765808 -0.813172 1096.356815
-0.383978 -0.322850 -149.580970
-0.001248 -0.001367 1.000000
-0.719924 -0.811176 -861.290867
-0.525855 -0.220702 -1539.862607
-0.001555 -0.000858 1.000000
-0.612844 -1.635764 -1461.466280
-0.211476 -0.850986 501.926531
-0.001236 -0.002391 1.000000
-2.478100 1.599462 1151.071553
-1.385932 1.218965 -869.392576
-0.003811 0.002552 1.000000
-0.286978 -1.297014 966.883249
-0.038165 -0.819824 72.727295
-0.000271 -0.002465 1.000000
-0.152895 -1.237149 495.387436
-0.010678 -1.177686 -325.535349
0.000037 -0.003039 1.000000
0.157764 -2.106767 691.695773
0.090404 -0.934010 -643.142230
0.000298 -0.003382 1.000000
-0.500414 -1.364510 868.865094
-0.208224 -0.814484 -124.761207
-0.000656 -0.002131 1.000000
-0.251238 -1.241829 234.990010
-0.308372 -1.258429 -202.179298
-0.000637 -0.002443 1.000000
-0.127952 -1.943487 536.147116
-0.019891 -1.301356 -188.276091
-0.000186 -0.002933 1.000000
-0.135040 -1.126751 359.900463
-0.141950 -0.724653 -146.861163
-0.000544 -0.002214 1.000000
-0.126371 -1.214737 466.737601
-0.066654 -0.964874 100.074577
-0.000258 -0.002370 1.000000
-0.259432 -0.985173 249.141541
-0.437655 -1.049623 30.462482
-0.000986 -0.002093 1.000000
-0.116419 -1.367062 389.434886
-0.098733 -1.252430 68.747591
-0.000373 -0.002532 1.000000
-0.094922 -0.645095 145.893995
-0.416521 -0.914252 95.674145
-0.000882 -0.002049 1.000000
3.796787 -6.627478 -6544.875884
2.502819 -4.617560 -49.232911
0.005000 -0.010232 1.000000
-0.264851 -0.690491 37.826838
-0.390535 -0.547145 -6.727532
-0.001153 -0.001519 1.000000
-0.501007 -1.565233 487.369645
-0.342879 -1.349962 267.066959
-0.000716 -0.002801 1.000000
0.435458 -2.513571 608.598638
0.244131 -2.229007 78.032696
0.000614 -0.004745 1.000000
-0.116179 -1.825659 233.180762
-0.240095 -1.642330 173.622015
-0.000513 -0.002990 1.000000
-0.495099 -0.980627 25.289223
-0.400792 -0.845719 -31.436523
-0.000944 -0.001900 1.000000
-0.042124 -0.977488 102.654507
-0.157874 -1.174122 86.152439
-0.000528 -0.002411 1.000000
-0.099166 -0.990868 427.541036
-0.144570 -0.786751 -375.309800
-0.000551 -0.002158 1.000000
0.255584 -1.823227 -472.831378
0.126188 -1.546739 181.776094
0.000138 -0.003379 1.000000
-0.139971 -1.443732 25.238010
-0.368173 -1.101182 -4.520520
-0.000576 -0.002570 1.000000
-0.279634 -2.153413 339.101496
-0.216252 -2.091440 209.302942
-0.000294 -0.003808 1.000000
-0.153298 -0.830328 -67.526856
-0.286560 -0.888775 47.056715
-0.000732 -0.002159 1.000000
-0.564317 -0.289956 -562.364339
-0.384695 -0.479056 234.130370
-0.001342 -0.000975 1.000000
0.310969 -1.900282 -287.462307
0.213788 -1.743798 -167.245097
0.000390 -0.004244 1.000000
-0.128350 -1.199323 -173.475369
-0.202222 -0.849483 -88.568417
-0.000361 -0.002411 1.000000
0.008065 -1.997962 -351.024482
0.248027 -1.467420 -673.564336
0.000344 -0.004117 1.000000
-0.045024 -1.285599 439.038540
0.141812 -1.274820 21.844774
0.000051 -0.002958 1.000000
-0.236205 -0.645950 -106.387494
-0.256916 -0.678352 165.135508
-0.000705 -0.001634 1.000000
-0.249775 -2.104434 421.764551
-0.187986 -1.383741 24.530179
-0.000315 -0.003132 1.000000
-0.172113 -0.732992 -325.583267
-0.371541 -0.874108 134.143490
-0.000764 -0.001841 1.000000
-0.380782 -0.545657 -63.648126
-0.441586 -0.483694 90.757038
-0.001072 -0.001433 1.000000
-0.080686 -1.836763 -26.365584
-0.021513 -2.023422 82.989023
-0.000105 -0.003729 1.000000
-0.239377 -0.996769 378.809982
-0.109703 -0.750454 -419.448015
-0.000510 -0.002088 1.000000
-0.192269 -1.106272 -150.598408
-0.470152 -1.267230 -400.207839
-0.000675 -0.002411 1.000000
4.125061 -5.401417 -248.690917
2.979131 -3.953600 6097.540990
0.006600 -0.010513 1.000000
-0.142381 -1.476576 70.684915
-0.189056 -1.116759 45.988853
-0.000553 -0.002759 1.000000
0.036967 -2.783451 213.485966
0.061630 -1.853125 -79.452848
0.000229 -0.004089 1.000000
-0.343668 -1.070488 148.779950
-0.175260 -0.569407 -254.658524
-0.000722 -0.002087 1.000000
-0.215162 -1.273519 -230.244406
-0.333877 -1.088076 636.290033
-0.000467 -0.002502 1.000000
2.431328 -4.995632 -5141.402495
2.423514 -5.369784 3975.967281
0.005234 -0.010223 1.000000
-0.644740 -0.825655 398.952140
-0.415012 -0.597980 -90.026978
-0.000962 -0.001482 1.000000
-3.000695 1.883222 -5509.744358
-3.122874 2.883810 1329.074994
-0.005902 0.005543 1.000000
-0.152005 -1.346472 -728.164998
-0.161182 -0.947511 -480.037148
-0.000308 -0.002434 1.000000
-0.100772 -1.099377 -301.000745
-0.182368 -1.074508 -475.067376
-0.000627 -0.002418 1.000000
0.906809 -2.708155 4291.959704
0.762534 -2.395445 -321.723964
0.002312 -0.005617 1.000000
-1.057362 0.171039 1284.360834
-1.145562 0.025345 458.488999
-0.003255 0.000715 1.000000
-0.550863 -1.317712 856.636160
-0.260298 -0.775386 -117.910033
-0.000788 -0.002215 1.000000
-2.106018 1.285780 -4047.482756
-1.561395 1.031473 -1402.470725
-0.003593 0.002209 1.000000
-0.054158 -2.166713 780.855145
-0.129153 -3.079753 67.664177
-0.000188 -0.005167 1.000000
-0.704835 -0.784436 836.665691
-0.322627 -0.523415 -164.372410
-0.001004 -0.001476 1.000000
-2.696716 1.690028 2544.803077
-2.002155 1.091495 -91.518249
-0.004591 0.002835 1.000000
-0.447396 -2.160243 1124.493751
-0.045925 -1.117657 -272.637438
-0.000429 -0.003041 1.000000
-1.182292 -0.509375 1836.807545
-0.620564 0.036420 39.338447
-0.001760 -0.000426 1.000000
-0.168683 -1.952763 813.094267
-0.096479 -1.962751 -5.202198
-0.000244 -0.003644 1.000000
0.184079 -1.558298 1329.548777
0.076046 -1.317662 -1001.407356
0.000249 -0.003086 1.000000
-0.491581 -1.009515 1504.074516
-0.259339 -0.747716 -330.731200
-0.000772 -0.001741 1.000000
0.949799 -3.408592 -9640.264681
0.931416 -2.496174 1108.531270
0.001421 -0.005593 1.000000
-2.033343 1.404047 2866.429398
-2.020739 0.860292 -950.721613
-0.003813 0.002175 1.000000
-0.965226 -0.604175 878.829405
-0.449979 -0.361348 -22.708933
-0.001573 -0.000730 1.000000
-0.093056 -1.865802 1037.571799
0.137141 -1.184073 -552.441790
-0.000056 -0.003123 1.000000
7.686158 -12.184529 112.222381
5.230323 -7.955988 18741.137059
0.012395 -0.019324 1.000000
-0.520475 -1.234531 148.144724
-0.342367 -0.824000 229.599857
-0.000914 -0.001936 1.000000
-0.419742 -1.021498 274.993575
-0.433866 -0.905978 -122.179860
-0.000814 -0.001835 1.000000
-0.564519 -0.904510 -410.505313
-0.721261 -0.695880 996.455116
-0.001213 -0.001273 1.000000
-0.708413 -1.052781 1226.362593
-0.357853 -0.562592 -398.939571
-0.001040 -0.001508 1.000000
-0.326163 -0.997555 -375.219562
-0.343120 -0.811068 578.259052
-0.000774 -0.001722 1.000000
-0.050543 -1.582751 935.456350
0.171182 -1.033347 -583.870076
0.000117 -0.003056 1.000000
-0.724473 -0.916446 445.664176
-0.556258 -0.584942 43.110053
-0.001184 -0.001305 1.000000
0.643944 -2.914751 58.133715
0.384525 -1.770413 -139.999655
0.000844 -0.004714 1.000000
0.097080 -1.951597 1563.963689
0.077354 -1.357676 -302.510000
0.000404 -0.003973 1.000000
-0.557227 -1.313362 1035.090055
-0.113654 -0.757679 -6.228260
-0.000754 -0.002260 1.000000
-0.356768 -1.291410 -458.592326
-0.159766 -0.955966 -983.121937
-0.000507 -0.002574 1.000000
0.014896 -2.013844 746.775720
0.201457 -2.051499 -405.301246
0.000075 -0.004248 1.000000
-0.603853 -1.145141 898.546611
-0.329462 -0.863342 -316.517612
-0.001167 -0.002090 1.000000
-0.715513 -1.096033 1512.175164
-0.372883 -0.648387 -183.260828
-0.001056 -0.001783 1.000000
-0.127569 -0.910598 455.819664
-0.054155 -0.577429 -179.969498
-0.000452 -0.002034 1.000000
-0.251156 -1.377303 785.612646
-0.243855 -1.248793 -246.374421
-0.000314 -0.002914 1.000000
-0.249643 -1.592164 664.607486
-0.128494 -1.217601 -145.791383
-0.000311 -0.003048 1.000000
-0.527212 -1.164700 1034.216400
-0.224262 -0.795796 -2.102059
-0.000587 -0.002123 1.000000
-0.870111 -0.484623 1307.608907
-0.562817 -0.369358 -302.960742
-0.001602 -0.000516 1.000000
-3.294504 1.537193 -1010.458452
-1.374967 0.720603 -620.815997
-0.004062 0.002141 1.000000
-0.739895 -1.140775 1073.631896
-0.181401 -0.531594 -8.085007
-0.000918 -0.001479 1.000000
-0.153345 -1.040184 -328.699939
-0.036196 -1.002691 -394.681634
0.000036 -0.002662 1.000000
-4.427950 4.365232 4366.336094
-2.881298 3.239522 -1698.936694
-0.007229 0.006374 1.000000
-0.804326 -0.935270 1137.696819
-0.325229 -0.363938 -269.363341
-0.001038 -0.001279 1.000000
-1.205665 -0.640700 505.855636
-0.594431 -0.370856 -152.211555
-0.001743 -0.000905 1.000000
-0.162584 -1.350507 304.782576
-0.046402 -0.699472 -11.293220
-0.000493 -0.002243 1.000000
-0.356105 -1.265661 918.647933
-0.175386 -0.905791 -377.385936
-0.000726 -0.002110 1.000000
-0.511481 -1.090504 934.598665
-0.297768 -1.081773 -134.653133
-0.000572 -0.002442 1.000000
-0.409905 -1.019556 577.022042
-0.259591 -0.588745 -93.517146
-0.000865 -0.001751 1.000000
-0.523618 -1.082924 386.698403
-0.297517 -1.097604 10.978358
-0.000741 -0.002111 1.000000
-0.058553 -1.331611 40.245120
-0.087690 -1.291306 -66.565805
-0.000369 -0.002547 1.000000
-0.287620 -1.010228 547.704105
-0.101808 -0.640376 -112.129251
-0.000610 -0.002047 1.000000
-0.198320 -2.044798 766.370016
-0.129742 -1.511683 -237.467096
-0.000232 -0.003501 1.000000
-0.342248 -1.305704 357.318539
-0.010467 -1.385573 -341.927284
-0.000443 -0.002875 1.000000
-0.007363 -1.321016 890.220512
-0.053711 -1.631770 -170.951515
-0.000242 -0.003138 1.000000
-0.257127 -1.467272 698.266054
-0.217756 -1.145858 -126.388568
-0.000570 -0.002560 1.000000
-0.060305 -1.314770 107.239083
0.098038 -1.270203 -413.570242
0.000024 -0.003126 1.000000
-0.122810 -0.980731 633.724134
-0.166785 -1.705701 217.369951
-0.000540 -0.002988 1.000000
-0.680134 -0.807693 409.373914
-0.739517 -0.837042 155.932105
-0.001282 -0.001342 1.000000
-0.006050 -1.321979 748.521189
0.003945 -1.270326 27.120460
-0.000084 -0.002673 1.000000
-0.176332 -1.309183 394.568084
-0.232636 -1.323667 8.990718
-0.000470 -0.002548 1.000000
-0.169818 -1.560440 1215.377451
0.015881 -0.664111 -33.869776
0.000038 -0.002813 1.000000
-0.674102 -0.796575 633.112706
-0.145631 -0.303788 -138.755872
-0.000962 -0.001468 1.000000
-0.746334 -1.204906 837.202514
-0.196216 -0.707129 -287.982894
-0.000871 -0.001954 1.000000
0.142927 -1.855692 763.306274
-0.029053 -1.193454 -156.000047
-0.000051 -0.003060 1.000000
-0.047426 -1.567057 370.008949
0.102148 -1.033568 -226.272378
0.000037 -0.002878 1.000000
-0.498208 -1.107404 463.930066
-0.234950 -0.631295 -134.325503
-0.000793 -0.001808 1.000000
0.291464 -1.472188 330.736761
-0.174453 -1.793157 45.655623
-0.000367 -0.002932 1.000000
0.127491 -1.426024 396.063971
-0.133053 -1.519494 82.224469
0.000024 -0.003000 1.000000
-0.215926 -1.741380 305.600647
-0.155613 -1.443153 80.553619
-0.000459 -0.002660 1.000000
-0.057326 -2.202759 145.159661
-0.067529 -1.717058 -110.320399
-0.000125 -0.003380 1.000000
0.240038 -2.008401 616.855341
0.409797 -2.291225 -111.937728
0.000407 -0.003936 1.000000
0.353351 -2.076224 407.798550
0.176110 -1.172695 -597.263442
0.000415 -0.003348 1.000000
-0.480676 -0.979490 26.284184
-0.426743 -0.722605 72.272294
-0.001004 -0.001728 1.000000
-9.757521 16.341299 -9417.950282
-11.702864 18.289652 10080.610733
-0.029984 0.043766 1.000000
0.061384 -2.138958 820.943372
0.189397 -1.303441 -689.077658
0.000235 -0.003501 1.000000
-1.010110 -0.600190 927.949999
-0.925313 -0.372956 -19.159090
-0.001974 -0.000791 1.000000
-0.220246 -1.118479 -16.173659
-0.242359 -1.009552 -70.964501
-0.000627 -0.002240 1.000000
0.508328 -2.684202 941.917136
0.624265 -2.831561 -276.910563
0.000885 -0.005225 1.000000
-0.141325 -1.719156 266.892227
0.066145 -1.918173 -165.429104
0.000016 -0.003549 1.000000
-0.758975 -0.758244 1141.547194
-0.584189 -0.483110 -13.359397
-0.001319 -0.001238 1.000000
-0.397278 -0.601487 78.550862
-0.436399 -0.899452 -109.234386
-0.000997 -0.001688 1.000000
-0.213059 -1.199047 490.286391
-0.196883 -0.775399 -293.340060
-0.000447 -0.002070 1.000000
-0.395212 -0.890624 370.495965
-0.316470 -0.645350 -228.573150
-0.000865 -0.001875 1.000000
-0.074632 -1.222201 293.986009
-0.027134 -0.989324 -316.748017
-0.000362 -0.002630 1.000000
0.087186 -2.459539 123.322015
-0.090988 -2.035152 -161.180469
0.000476 -0.004484 1.000000
-0.570538 -0.751051 -345.274826
-0.512991 -0.625752 -401.147672
-0.001158 -0.001361 1.000000
-0.544956 -1.291574 1509.782623
-0.050548 -1.186478 -192.783824
-0.000373 -0.002782 1.000000
