0.488765 -1.377056 307.171357
0.313024 -0.663872 -282.953471
0.000596 -0.003056 1.000000
0.139309 -0.928920 47.805430
0.318406 -1.012868 -199.687632
0.000616 -0.003352 1.000000
-0.041584 -0.937118 258.817549
-0.114863 -0.525971 -60.097087
0.000292 -0.002656 1.000000
-0.006042 -1.098224 198.758104
-0.053000 -1.093558 29.786005
-0.000076 -0.002988 1.000000
0.073206 -0.997293 79.691933
0.143249 -0.785472 -8.136344
0.000257 -0.002643 1.000000
0.454321 -1.155697 -308.498108
0.682932 -1.522282 -168.415193
0.001648 -0.004678 1.000000
0.051956 -0.602903 60.030106
0.059722 -1.005656 -65.339244
0.000571 -0.003375 1.000000
0.269816 -1.432065 98.190107
0.171497 -1.081553 -387.979297
0.000743 -0.003837 1.000000
-0.185038 -0.549472 -35.620551
-0.068878 -0.337456 -52.125030
-0.000519 -0.001975 1.000000
0.493318 -2.207472 889.127103
0.195018 -1.385774 -181.324450
0.000664 -0.003464 1.000000
0.255722 -1.590955 406.473326
-0.073040 -1.137141 -163.224341
0.000328 -0.003314 1.000000
0.117039 -0.698371 -109.912459
0.006767 -0.576259 -54.856859
-0.000081 -0.002360 1.000000
-0.169359 -1.028278 379.343868
-0.114060 -0.628931 -62.175202
-0.000066 -0.002330 1.000000
0.152040 -0.993522 177.528238
-0.006706 -0.793320 -101.310686
0.000218 -0.002641 1.000000
0.630156 -2.035633 478.965799
0.394002 -1.144995 -504.861206
0.001273 -0.004044 1.000000
-0.071589 -0.853537 215.529377
-0.016183 -0.904943 0.388836
-0.000013 -0.002477 1.000000
-0.029610 -0.773277 148.193928
0.061348 -0.758614 -80.306322
0.000166 -0.002580 1.000000
0.040638 -1.119677 50.476858
0.170433 -1.196857 -189.396810
0.000221 -0.003361 1.000000
0.050892 -0.700617 145.275049
0.013846 -1.004529 -8.140619
0.000123 -0.002845 1.000000
0.469324 -1.942717 -29.387833
0.340744 -1.064734 -433.884800
0.000930 -0.003843 1.000000
-0.083729 -0.621119 201.078253
-0.075479 -0.487590 87.147030
-0.000202 -0.001883 1.000000
-0.140397 -1.234186 363.550025
-0.102656 -1.064505 -236.406031
-0.000326 -0.002189 1.000000
-0.843526 -0.749551 -233.737946
-0.672148 -0.534250 363.945315
-0.001441 -0.000823 1.000000
0.451303 -1.573861 -65.391205
0.069295 -1.463187 -235.213550
0.000778 -0.004425 1.000000
0.287298 -2.119161 294.050142
0.260263 -2.262604 -298.560154
0.000854 -0.005283 1.000000
0.056432 -1.164117 161.204773
0.103177 -1.111203 -51.263828
0.000283 -0.003098 1.000000
0.013845 -1.095821 57.638069
-0.028136 -1.164341 63.164003
0.000224 -0.003221 1.000000
0.002172 -0.462198 84.355102
-0.042128 -0.561746 87.852484
0.000095 -0.002198 1.000000
0.156140 -1.010740 173.507700
0.153784 -0.723527 -137.071513
0.000143 -0.002623 1.000000
0.489553 -0.999298 -360.070171
0.393820 -1.167280 -124.638704
0.001164 -0.003752 1.000000
0.321609 -1.676104 -31.160254
0.231738 -1.385333 -36.455508
0.000696 -0.003775 1.000000
0.180662 -1.482483 134.597771
0.117128 -1.338059 -453.481188
0.000221 -0.003412 1.000000
-0.204248 -1.301964 339.731605
-0.121060 -1.216704 33.536745
-0.000022 -0.003012 1.000000
0.369457 -1.784286 227.330771
0.649086 -1.807305 -631.093415
0.001331 -0.004972 1.000000
-0.235802 -1.176161 304.989287
-0.191123 -0.817875 -1.120255
-0.000228 -0.002292 1.000000
2.749633 -3.243939 -1105.492660
1.338470 -1.848415 -1612.491550
0.004668 -0.008155 1.000000
0.012163 -0.960160 90.981106
0.161272 -0.748762 -264.759492
0.000178 -0.002810 1.000000
0.320751 -1.540513 -136.216895
0.267461 -1.321524 -342.690993
0.001265 -0.004257 1.000000
-0.111463 -1.214357 162.121400
0.027726 -0.933726 -102.617775
0.000035 -0.002874 1.000000
0.276786 -0.798340 -132.570093
0.119090 -1.030529 -19.377284
0.000710 -0.003488 1.000000
-0.293741 -0.587023 238.404783
-0.295219 -0.645306 -5.560801
-0.000687 -0.001837 1.000000
-0.006936 -0.877914 193.404492
0.080194 -0.821658 -168.995681
0.000259 -0.002843 1.000000
-0.077118 -1.098183 484.264185
0.028097 -0.809609 -223.268766
0.000109 -0.003037 1.000000
0.230777 -1.155935 37.761555
0.140897 -0.871511 -101.710237
0.000435 -0.003176 1.000000
0.238454 -0.544232 -45.874881
0.036250 -0.476805 -59.345486
0.000618 -0.002895 1.000000
-0.010559 -1.255758 306.902810
0.147088 -0.664811 -221.898429
0.000112 -0.002623 1.000000
0.039246 -1.706713 392.449210
0.117664 -1.380881 -248.167973
0.000330 -0.003735 1.000000
2.530224 -3.517662 -1189.016606
0.968197 -1.916484 -890.604723
0.004524 -0.008402 1.000000
0.181713 -1.332521 423.467534
0.037790 -0.824245 -235.332390
0.000404 -0.003407 1.000000
0.288834 -1.176374 123.727074
0.157909 -1.270314 -184.016192
0.000600 -0.003635 1.000000
0.255415 -1.472105 483.596365
0.300462 -0.752488 -316.485562
0.000558 -0.003122 1.000000
-0.113147 -1.161588 331.946823
-0.054068 -0.822532 19.814995
-0.000178 -0.002510 1.000000
0.197726 -1.125811 -72.241534
0.075472 -0.950097 -401.076438
0.000762 -0.003668 1.000000
0.615861 -1.533055 -662.883309
0.663506 -1.511894 -609.954638
0.001969 -0.005152 1.000000
0.064057 -1.601709 275.827628
0.048653 -1.030167 -36.892954
0.000380 -0.003274 1.000000
-0.156291 -1.412763 441.005148
-0.139495 -1.440931 131.536321
-0.000179 -0.003168 1.000000
-0.211910 -0.981726 641.979328
-0.285769 -0.561509 -58.554658
-0.000471 -0.002046 1.000000
-0.278689 -1.070030 761.213008
-0.157680 -0.627487 42.007158
-0.000587 -0.002044 1.000000
-0.178388 -0.844107 418.703384
-0.198280 -0.924129 -35.218944
-0.000318 -0.002363 1.000000
-0.178826 -0.762217 227.869207
-0.206926 -0.605215 -31.008020
-0.000518 -0.001871 1.000000
0.243679 -1.499319 -364.828043
0.181063 -1.039176 -487.180147
0.000920 -0.003964 1.000000
0.009435 -1.188481 112.182104
0.112729 -0.884947 -63.519747
0.000125 -0.002660 1.000000
0.152324 -0.641125 32.899286
0.089663 -0.375740 -9.636852
0.000358 -0.002304 1.000000
0.030059 -1.113316 483.509479
0.033251 -1.146116 -180.880954
0.000360 -0.003051 1.000000
0.329279 -1.481182 -348.954610
0.202639 -0.851104 -314.012006
0.001276 -0.004038 1.000000
0.023993 -1.167680 399.194006
0.068250 -1.137187 -197.094258
0.000114 -0.002995 1.000000
-0.035535 -1.344250 74.771356
-0.098831 -0.960410 78.971011
-0.000149 -0.002836 1.000000
0.011652 -0.990078 -75.698153
0.055046 -0.691662 68.981019
0.000025 -0.002383 1.000000
0.071510 -1.120917 8.006144
-0.036984 -0.505752 -79.660824
0.000013 -0.002417 1.000000
-0.076738 -0.909318 9.551219
-0.062597 -0.846159 27.547857
-0.000168 -0.002504 1.000000
0.070918 -1.126709 211.027082
0.067964 -0.715831 -131.827956
0.000128 -0.002579 1.000000
-0.141247 -1.412906 358.446730
-0.123396 -0.913728 -56.331901
-0.000292 -0.002608 1.000000
0.147274 -1.092243 -7.433171
0.107345 -0.598955 -126.138275
0.000444 -0.003031 1.000000
0.248008 -1.509081 619.641814
0.356540 -1.132044 -525.816904
0.000572 -0.003305 1.000000
0.170530 -1.329337 31.074629
-0.025986 -1.434771 2.689618
0.000012 -0.003394 1.000000
-0.057460 -1.167426 516.644519
0.157308 -0.999287 -305.496430
0.000237 -0.003254 1.000000
0.044389 -0.504936 2.855394
-0.085584 -0.421773 160.733221
-0.000087 -0.001920 1.000000
0.090934 -0.691167 60.265981
0.040415 -0.373140 2.991010
0.000279 -0.002506 1.000000
-0.177908 -0.701239 201.547976
-0.115996 -0.508698 58.175255
-0.000314 -0.001911 1.000000
-0.059302 -0.405316 76.412580
-0.024823 -0.462740 -8.506411
-0.000264 -0.001861 1.000000
0.280176 -1.435521 -243.122881
0.064494 -0.923139 -100.179813
0.000509 -0.003349 1.000000
-0.049127 -1.443315 373.913972
-0.051906 -0.898860 -95.190131
-0.000084 -0.002762 1.000000
0.071083 -1.109783 112.141316
-0.023497 -0.876165 22.897582
-0.000090 -0.002484 1.000000
0.247638 -1.295056 132.506974
0.034063 -1.089054 -146.125368
0.000012 -0.002940 1.000000
-0.006141 -0.697231 119.106751
-0.010593 -0.311203 22.321747
0.000571 -0.002730 1.000000
0.177605 -0.986907 0.235592
0.068717 -0.472305 -70.518367
0.000445 -0.002822 1.000000
0.090047 -1.212633 6.954323
0.048402 -1.374024 120.456172
0.000052 -0.002969 1.000000
-0.114060 -1.062886 202.457943
-0.001812 -0.864047 67.133599
-0.000022 -0.002368 1.000000
-0.016691 -0.643923 -38.811627
-0.084333 -0.551732 82.285546
-0.000054 -0.002189 1.000000
-0.030521 -0.993881 181.118857
-0.043146 -0.739396 3.178381
-0.000298 -0.002349 1.000000
0.365495 -1.485156 -46.819805
0.301083 -1.506431 -244.316162
0.000799 -0.004056 1.000000
0.218752 -1.392408 395.788156
-0.016090 -1.195722 -65.769446
0.000238 -0.003225 1.000000
0.139551 -1.191801 -45.319991
0.018064 -0.973995 -45.223876
0.000106 -0.002789 1.000000
0.063661 -0.701936 -103.655183
0.004028 -0.411711 27.815939
-0.000199 -0.002197 1.000000
0.121197 -0.953574 -59.173748
0.265454 -0.675666 -88.659735
0.001760 -0.004174 1.000000
0.624235 -1.868255 389.906360
0.126157 -1.495028 -258.146083
0.000572 -0.003917 1.000000
0.909188 -3.616862 -440.218284
0.518045 -1.795079 -50.457568
0.002265 -0.006676 1.000000
0.152626 -1.547418 138.263645
0.094670 -1.358332 -22.314938
0.000390 -0.003402 1.000000
0.373656 -1.762739 431.339815
0.200652 -1.805636 -166.286291
0.000446 -0.004169 1.000000
0.756455 -2.067136 -168.437451
0.722746 -2.018441 -812.910348
0.001554 -0.005569 1.000000
-0.065709 -1.964697 324.793373
-0.042406 -1.634985 -21.984793
-0.000111 -0.003539 1.000000
-0.177441 -1.201319 234.199755
-0.065438 -0.835168 -78.130055
-0.000159 -0.002473 1.000000
-0.087278 -1.102680 429.518435
-0.096030 -0.679885 45.790813
-0.000036 -0.002207 1.000000
-0.140640 -0.701968 158.107760
-0.168036 -0.651967 110.424413
-0.000570 -0.001934 1.000000
-0.131341 -1.091201 231.836357
-0.098196 -0.915856 -65.651153
-0.000199 -0.002585 1.000000
-0.041480 -1.332308 371.362292
0.280800 -1.350065 -252.997627
0.000750 -0.003781 1.000000
0.735039 -1.976730 -435.858349
0.639321 -1.644900 -416.351057
0.001949 -0.005778 1.000000
-0.074762 -1.529118 278.642925
-0.155753 -1.169967 34.140204
-0.000069 -0.003015 1.000000
0.109553 -1.479214 438.850318
-0.004854 -0.641048 -38.040785
0.000014 -0.002409 1.000000
0.258421 -1.217561 -111.455778
0.141913 -1.181799 -104.194897
0.000569 -0.003202 1.000000
-0.061400 -0.914692 -2.892292
0.024467 -0.732006 64.295614
0.000651 -0.003176 1.000000
-0.243718 -1.392053 117.229813
-0.100560 -0.859449 -353.875628
-0.000222 -0.002733 1.000000
-0.191484 -0.633306 117.230716
-0.299980 -0.583782 98.983799
-0.000598 -0.001814 1.000000
0.711647 -1.826799 541.239185
0.196000 -1.039187 -163.658283
0.001057 -0.003449 1.000000
0.018754 -1.195058 196.447937
0.040180 -0.798483 -134.703195
0.000098 -0.002753 1.000000
-0.097816 -0.886909 12.884253
-0.149142 -0.760225 139.215503
-0.000198 -0.002389 1.000000
-0.023504 -1.511172 199.147245
-0.037643 -1.363704 232.607982
0.000023 -0.002680 1.000000
0.017305 -1.934787 412.214656
0.059933 -1.444514 -182.014451
0.000091 -0.003666 1.000000
0.037208 -1.098897 290.454432
-0.064901 -0.915436 -64.678393
-0.000048 -0.002622 1.000000
0.045031 -1.520309 401.089394
-0.087599 -1.238327 -101.522405
0.000154 -0.003189 1.000000
0.276919 -1.995531 159.941647
0.215095 -1.478309 -249.212336
0.000643 -0.004197 1.000000
-0.305205 -1.201595 551.399396
-0.171298 -0.701959 -67.022376
-0.000392 -0.002043 1.000000
0.270595 -1.526893 32.648461
0.067550 -1.282161 -208.966992
0.000530 -0.003559 1.000000
0.547022 -2.487156 246.815030
0.150843 -1.734671 -276.577975
0.000907 -0.004350 1.000000
0.506953 -2.660992 859.026738
0.302114 -1.500618 -343.917217
0.001082 -0.004483 1.000000
0.242233 -1.397262 814.614961
0.027709 -0.832137 -284.808454
0.000140 -0.002556 1.000000
-0.014828 -1.349518 326.940640
-0.019162 -0.709491 -53.333515
0.000064 -0.002506 1.000000
0.114768 -1.519280 446.923278
0.154055 -1.615558 -139.087373
0.000278 -0.003596 1.000000
0.800875 -1.810435 184.712331
1.025877 -2.126898 -1043.985168
0.002003 -0.005696 1.000000
0.218289 -1.096661 71.512375
0.142693 -1.137448 -52.945837
0.000128 -0.002907 1.000000
0.076503 -0.826714 190.457828
0.095146 -0.840441 -171.251648
0.000224 -0.002624 1.000000
0.431563 -1.723755 364.779781
0.125607 -1.417817 -197.267282
0.000705 -0.003612 1.000000
-0.007033 -1.488591 446.024819
0.007964 -1.133872 -131.826344
0.000311 -0.002922 1.000000
-0.022809 -1.529369 532.782345
0.026059 -1.515373 -19.574056
0.000157 -0.003107 1.000000
-0.438934 -1.436417 207.755123
-0.278460 -0.928128 122.497357
-0.000550 -0.002483 1.000000
0.091401 -1.203724 191.796849
-0.209351 -1.318488 -0.483958
-0.000204 -0.002963 1.000000
-0.135631 -0.739684 203.363075
-0.133397 -0.429170 52.366602
-0.000172 -0.001902 1.000000
0.522576 -2.118183 -89.752101
0.400639 -1.845833 -395.926945
0.000623 -0.004304 1.000000
0.204811 -2.272237 -29.062457
0.162018 -1.261128 -76.121402
0.000502 -0.004184 1.000000
-0.735023 -0.781893 107.117344
-0.381423 -0.510650 66.804994
-0.001103 -0.001104 1.000000
0.312354 -1.988398 1138.731903
0.029113 -0.843542 96.721024
0.000482 -0.003068 1.000000
0.108595 -1.622728 958.070910
0.104661 -1.014074 -423.012075
0.000740 -0.003974 1.000000
-0.108706 -1.374010 592.693197
-0.122427 -0.927938 -69.970547
0.000003 -0.002686 1.000000
0.402521 -1.859531 292.390384
0.433827 -1.401328 -351.892522
0.001073 -0.003912 1.000000
0.128738 -1.496893 1084.534594
0.085747 -0.903819 49.501569
0.000213 -0.002928 1.000000
0.147938 -1.500134 266.705140
0.010473 -1.048431 -191.502721
0.000317 -0.003117 1.000000
0.366074 -1.632327 226.073777
0.336773 -1.166635 -176.880887
0.000642 -0.003311 1.000000
4.344983 -8.209462 -2363.055101
3.291459 -3.980882 -4403.403235
0.011741 -0.018259 1.000000
0.355772 -1.977326 171.521839
0.389345 -1.227125 -192.881218
0.000422 -0.003469 1.000000
1.584017 -4.976149 -436.404352
1.821408 -4.789888 -695.371751
0.003181 -0.009197 1.000000
0.195851 -1.872131 508.388913
0.240471 -1.217394 -350.690590
0.000299 -0.003467 1.000000
-0.169156 -1.341239 881.762127
-0.264626 -0.863008 -10.770304
-0.000410 -0.002468 1.000000
0.202421 -2.180659 909.405477
0.323164 -1.652622 -736.072321
0.000872 -0.004708 1.000000
0.040620 -1.632749 392.461344
-0.134919 -1.144117 -156.375882
-0.000217 -0.003030 1.000000
10.233053 -18.288632 5696.057173
3.576143 -5.183574 -3251.261098
0.015880 -0.025915 1.000000
0.524255 -2.482704 1213.351620
0.071887 -0.560954 -18.967287
0.000607 -0.002890 1.000000
-0.169471 -1.161352 144.288362
-0.200820 -0.962320 60.499994
-0.000102 -0.002832 1.000000
0.101557 -1.699207 870.821666
-0.104017 -0.859083 60.689193
-0.000017 -0.002403 1.000000
-0.793869 -0.221357 1320.568914
-0.407015 -0.199304 242.717947
-0.001690 -0.000386 1.000000
-0.026030 -0.945219 317.373114
0.092829 -0.796974 -17.496572
-0.000112 -0.002329 1.000000
-0.080334 -0.633730 357.888011
0.029937 -0.305581 -6.407769
-0.000275 -0.001611 1.000000
0.171984 -0.979447 135.858641
-0.006075 -0.673604 -203.239522
0.000061 -0.003006 1.000000
1.234525 -2.969348 -225.965533
0.961945 -2.033096 -694.486487
0.002827 -0.006060 1.000000
-0.068790 -0.673551 186.521363
-0.033894 -0.647815 -28.768794
-0.000199 -0.002319 1.000000
0.193881 -0.587526 -95.736589
0.034158 -0.714312 36.213608
0.000336 -0.002587 1.000000
0.223635 -0.755504 149.827449
0.090997 -0.689935 -44.789111
0.000495 -0.002777 1.000000
-17.617251 23.017760 25768.757095
-17.315987 30.739560 -25187.803906
-0.043340 0.060649 1.000000
0.005087 -0.567209 83.363880
-0.002810 -0.565560 18.673936
0.000312 -0.002539 1.000000
0.369311 -1.996711 270.082855
0.360816 -1.451380 -615.605805
0.001294 -0.004838 1.000000
0.803490 -3.099683 -209.035370
0.427452 -2.346317 -71.578704
0.001286 -0.005542 1.000000
0.326724 -2.232493 197.202821
0.383057 -1.318632 -618.163396
0.001168 -0.004570 1.000000
0.794820 -1.839761 -481.580047
0.847919 -1.444479 -442.022499
0.001963 -0.004493 1.000000
-0.003079 -0.819475 65.556248
-0.071266 -1.401354 134.057608
0.000205 -0.003080 1.000000
-0.095085 -0.711769 21.445731
0.045282 -0.882230 -0.227007
0.000236 -0.002690 1.000000
0.210349 -0.496851 -186.406245
0.061781 -0.659318 24.493736
0.000135 -0.002460 1.000000
0.054316 -1.195358 88.293298
0.030151 -1.122039 26.091821
0.000288 -0.003017 1.000000
0.035601 -1.544974 472.078218
0.250962 -1.273329 -132.317444
0.000662 -0.003729 1.000000
-0.011635 -0.378979 12.883058
-0.055399 -0.406611 76.301041
-0.000208 -0.001776 1.000000
-0.028172 -0.743457 -109.810067
0.048216 -0.794175 112.417654
-0.000058 -0.002420 1.000000
0.207614 -1.362307 -75.955023
-0.004358 -1.122181 -26.247422
0.000356 -0.003550 1.000000
-0.052275 -0.745158 26.973121
0.145487 -0.712432 -65.311573
0.000155 -0.002636 1.000000
-0.076642 -0.730523 251.328300
0.023348 -0.892022 80.749401
-0.000052 -0.002463 1.000000
0.291899 -1.929606 150.862055
0.130336 -1.307898 -426.634939
0.000601 -0.003939 1.000000
-0.143058 -0.931237 183.072933
-0.178839 -0.523749 1.177632
-0.000283 -0.002212 1.000000
0.333266 -1.667308 117.098901
0.373462 -1.218991 -302.136503
0.000625 -0.003797 1.000000
0.048169 -1.230825 -345.824456
0.119809 -0.749156 104.881928
0.000269 -0.003011 1.000000
0.520823 -0.748029 -479.574436
0.438562 -0.993275 -291.119971
0.002272 -0.004492 1.000000
-0.123683 -1.092477 183.923694
0.037935 -1.521645 -9.961718
0.000131 -0.003409 1.000000
-0.240209 -0.604285 416.535148
-0.032816 -1.254888 132.060120
-0.000002 -0.002882 1.000000
-1.255538 0.089664 1483.901480
-1.263250 0.676376 -248.672165
-0.002749 0.000759 1.000000
0.475544 -2.129023 1738.959665
0.371975 -2.165232 -141.806837
0.000904 -0.004154 1.000000
0.492860 -0.924404 -1061.857718
0.353941 -0.967258 -342.237048
0.001489 -0.004156 1.000000
0.301690 -1.170510 -276.992314
0.198005 -0.385200 -290.880035
0.001358 -0.004198 1.000000
0.646241 -1.958359 -108.045130
0.453143 -1.677634 -601.716671
0.002207 -0.005855 1.000000
-0.279403 -1.157746 345.542261
-0.228341 -1.334063 -291.484367
-0.000296 -0.002401 1.000000
-0.111247 -1.178765 -834.403064
0.007330 -1.283053 12.093463
0.000018 -0.002789 1.000000
-0.074074 -1.320450 1309.737400
-0.025961 -1.456534 160.869916
0.000003 -0.002906 1.000000
-39.189455 43.954281 -67325.266047
-24.128980 27.231529 -2764.192836
-0.060668 0.065940 1.000000
-0.507067 -0.364867 1011.564385
-0.240966 -0.702456 148.536126
-0.001171 -0.001289 1.000000
0.104566 -1.086976 -73.573425
0.213133 -1.174020 -61.544424
0.000854 -0.003437 1.000000
3.368028 -4.710740 1010.654326
1.039288 -2.603583 -1386.074666
0.006135 -0.009176 1.000000
0.515186 -2.150000 3325.994650
0.451981 -1.976935 1731.908724
0.001074 -0.003723 1.000000
0.082518 -2.223873 1061.060279
-0.014890 -0.973408 7.361057
0.000193 -0.003037 1.000000
-0.386734 -1.172894 1031.685133
-0.243700 -0.786592 -47.378089
-0.000802 -0.001831 1.000000
0.002677 -2.205651 1035.500823
-0.010266 -0.830146 -22.514346
0.000073 -0.002897 1.000000
0.506900 -2.762507 1175.254339
0.025037 -1.066010 -87.076853
0.000637 -0.003739 1.000000
0.040719 -2.113009 788.097565
0.090103 -1.387415 -207.906031
0.000249 -0.003344 1.000000
0.815236 -2.679056 1079.467665
0.330098 -0.775449 -233.441176
0.001209 -0.003657 1.000000
0.729039 -3.236703 1319.968626
0.524036 -1.194910 -401.914480
0.001481 -0.004670 1.000000
1.475309 -3.792513 1916.980144
0.401320 -1.720027 -303.360875
0.002251 -0.005287 1.000000
0.176373 -1.227887 776.274742
0.062368 -1.679169 1162.802576
0.000200 -0.002598 1.000000
-0.686821 -0.589489 269.680305
-0.335592 -0.785551 284.429758
-0.001319 -0.001214 1.000000
-0.445765 -0.416170 94.591066
-0.308275 -0.489991 184.195616
-0.001136 -0.001176 1.000000
-0.097467 -0.991092 296.687423
0.123394 -1.435842 317.430865
-0.000201 -0.002394 1.000000
1.710032 -3.459820 961.755658
0.306221 -0.226101 -99.128615
0.001791 -0.003835 1.000000
0.922649 -2.840164 937.465794
0.201013 -0.446460 -155.770129
0.001138 -0.003598 1.000000
0.141044 -1.657176 601.174752
0.096365 -0.696984 -95.036338
0.000213 -0.002783 1.000000
-6.315427 7.900478 -8272.572177
-5.178702 5.735260 3920.388588
-0.017360 0.018417 1.000000
-1.481916 1.279464 -958.351393
-1.175444 1.664295 671.390312
-0.003949 0.002760 1.000000
-0.794212 0.526738 -655.941271
-0.944223 0.807563 24.006534
-0.002451 0.000881 1.000000
2.019043 -4.299398 1182.770390
0.648034 -0.777122 -181.657118
0.002489 -0.004829 1.000000
-1.219706 0.068211 -1494.959016
-1.014064 0.398539 369.786300
-0.002378 0.000569 1.000000
-0.051375 -1.863307 507.677852
-0.028132 -1.011081 -246.680008
-0.000050 -0.003137 1.000000
-0.005126 -1.262864 415.553851
-0.037311 -0.719471 111.886868
-0.000213 -0.002221 1.000000
0.328946 -1.016551 308.921233
0.080221 -0.656033 -46.438869
0.000485 -0.002792 1.000000
1.630690 -3.200320 837.623548
0.357206 -0.098671 -84.876841
0.001439 -0.003306 1.000000
1.595812 -3.102324 838.573227
0.409398 -0.367251 -60.823400
0.001714 -0.003984 1.000000
-0.060017 -1.289918 719.118416
-0.105058 -0.600810 -215.513814
-0.000022 -0.002561 1.000000
0.038282 -1.343086 838.258621
0.036684 -0.124380 29.673173
0.000073 -0.001677 1.000000
0.064107 -1.443093 808.391689
0.162174 -0.998119 36.668809
0.000253 -0.002853 1.000000
-0.203636 -1.112322 755.479927
-0.026741 -0.848919 85.901826
-0.000172 -0.002432 1.000000
-0.210131 -1.001873 512.499031
-0.046867 -0.886991 -17.205851
-0.000271 -0.002501 1.000000
0.135803 -1.148217 724.309884
0.036612 0.129453 -9.967236
-0.000009 -0.001312 1.000000
-0.090325 -2.131584 1040.486838
0.286216 -1.914934 44.962494
0.000608 -0.004233 1.000000
4.250582 -5.130962 808.087118
1.108584 -0.306461 -437.475972
0.004045 -0.005682 1.000000
1.952148 -3.368629 880.363675
0.707880 -0.611894 -271.248985
0.002092 -0.004295 1.000000
-2.240232 0.035370 516.903674
-0.934282 -0.319594 572.554872
-0.002558 0.000175 1.000000
1.301212 -3.137484 1093.680556
0.795276 -0.905034 -288.115840
0.001582 -0.004177 1.000000
-63.449343 34.880995 3697.856228
-15.461941 46.842048 -3638.227083
-0.076982 0.088738 1.000000
0.108933 -1.790931 802.187863
-0.086648 -0.840098 28.509842
0.000021 -0.002751 1.000000
1.658287 -4.669588 1580.982359
0.629714 -2.188878 -249.417214
0.002214 -0.006338 1.000000
0.609620 -2.571486 1140.411916
0.214357 -0.745404 -122.609306
0.000858 -0.003345 1.000000
0.043636 -0.935556 278.856417
-0.056384 -0.434314 -94.850665
-0.000055 -0.002488 1.000000
0.687316 -0.512172 222.370391
-0.028901 0.604823 13.028259
-0.000105 -0.000582 1.000000
0.734661 -0.561527 256.005759
-0.010109 0.735009 -18.190643
-0.000074 -0.000483 1.000000
1.000000 0.000000 -0.000000
0.000000 1.000000 0.000000
0.000000 0.000000 1.000000
0.978194 0.075754 -72.467665
-0.050256 1.019621 8.539370
-0.000066 0.000071 1.000000
2.054924 0.444028 -424.186187
0.405746 1.912201 -250.465128
0.000882 0.000421 1.000000
1.276408 0.182635 -162.660241
0.168301 1.289610 -131.547776
0.000298 0.000069 1.000000
0.735631 0.195887 -126.517150
-0.107461 0.734763 5.880707
-0.000419 0.000005 1.000000
2.498561 1.745135 -829.125903
0.500847 3.588880 -750.141175
0.000884 0.002235 1.000000
0.272239 -0.035672 -35.776235
-0.126742 0.112956 146.574863
-0.000455 -0.000899 1.000000
0.952986 0.072217 -14.183278
-0.146302 0.983301 -0.637720
-0.000275 0.000398 1.000000
0.117758 -1.384407 480.269837
-0.038190 -0.836180 103.895801
-0.000045 -0.002364 1.000000
-0.031818 -1.597480 429.112075
-0.255213 -1.427910 262.939401
-0.000075 -0.003024 1.000000
-0.018751 -1.691313 559.417302
0.104426 -1.687371 103.537584
0.000148 -0.003294 1.000000
-0.005591 -1.266675 271.147130
-0.125228 -0.906791 120.161624
-0.000189 -0.002443 1.000000
-0.037201 -1.481124 532.602366
0.038554 -1.175647 -64.135667
0.000011 -0.002854 1.000000
0.436803 -2.302424 1311.391478
0.202737 -0.944982 10.312510
0.000630 -0.003217 1.000000
2.863932 -6.519007 1944.875179
1.027317 -2.833489 -1440.190846
0.005819 -0.010557 1.000000
0.131163 -1.856743 992.959793
-0.009661 -0.659519 -135.611587
0.000207 -0.002887 1.000000
0.229437 -2.654674 263.844200
0.094620 -1.698871 -50.857445
0.000448 -0.003832 1.000000
1.950926 -1.251208 341.849923
0.261242 0.512319 -171.388932
0.001340 -0.001621 1.000000
8.807310 -21.676601 7954.958553
7.278499 -18.177778 -2798.709033
0.022457 -0.040444 1.000000
0.292143 -1.370256 185.565386
0.100862 -1.346898 -26.463567
0.000156 -0.003055 1.000000
0.170727 -1.067955 174.309233
0.123189 -1.287901 -16.057671
0.000398 -0.003208 1.000000
0.059358 -2.055124 469.770681
0.306076 -2.810909 116.980273
0.000178 -0.004584 1.000000
0.693283 -3.119600 111.004059
0.801453 -3.240620 -19.236386
0.001363 -0.005864 1.000000
0.494184 -2.806698 366.126423
0.323781 -2.082416 -249.411128
0.000661 -0.005092 1.000000
0.034620 -1.572332 297.379227
-0.007324 -0.859057 -77.005432
0.000109 -0.002955 1.000000
-0.134019 -1.164932 260.579366
-0.018704 -1.020248 80.881009
0.000054 -0.002809 1.000000
0.384104 -1.808507 -58.850993
0.280791 -1.311272 -33.910379
0.000671 -0.003657 1.000000
0.516216 -1.978529 962.772789
0.141258 -0.647240 -384.037518
0.000787 -0.003380 1.000000
0.241757 -1.311420 612.662734
0.132478 -0.962582 40.271090
0.000309 -0.002818 1.000000
-0.040409 -1.399899 317.749709
-0.093026 -1.097767 -22.010276
-0.000019 -0.002943 1.000000
0.541558 -2.237225 -107.974555
0.066321 -2.426680 68.935288
0.000566 -0.005261 1.000000
-0.038882 -1.224356 141.498934
0.038949 -1.138927 23.925493
0.000363 -0.003108 1.000000
1.053255 -3.053705 721.317514
0.422735 -2.495576 -182.433043
0.001500 -0.005638 1.000000
-0.263534 -1.113717 312.148824
-0.126002 -0.822318 17.141620
-0.000077 -0.002596 1.000000
-0.105265 -0.846455 326.233340
-0.119278 -0.603678 -11.093129
-0.000099 -0.002080 1.000000
-0.309714 -0.765010 523.046157
-0.337884 -0.753688 66.781054
-0.000609 -0.001925 1.000000
-0.171404 -0.650233 90.397177
-0.105369 -0.584497 -49.229999
-0.000309 -0.002141 1.000000
-0.241078 -0.950716 540.978207
-0.235835 -0.386784 46.739138
-0.000441 -0.001737 1.000000
-0.330690 -0.859261 420.361198
0.001184 -0.753525 -11.919182
-0.000001 -0.002408 1.000000
0.440531 -1.365957 697.232311
0.176987 -0.681721 -66.417500
0.000535 -0.002474 1.000000
