-0.436696 -1.167937 345.177486
-0.239249 -0.635173 -86.930581
-0.000566 -0.001840 1.000000
-0.058267 -1.265338 -5.457844
-0.002311 -0.679569 -136.615051
0.000036 -0.002680 1.000000
0.012673 -0.485799 107.499309
-0.128794 -0.504668 -9.559783
-0.000462 -0.001788 1.000000
-0.101513 -1.072887 -59.004155
-0.041534 -0.743293 -168.928559
-0.000118 -0.002557 1.000000
-0.157886 -0.651580 42.437685
-0.219159 -0.625294 139.806065
-0.000630 -0.001679 1.000000
-0.409621 -0.817412 30.037826
-0.230643 -0.669740 111.481049
-0.000741 -0.001699 1.000000
-0.065907 -0.643620 40.318555
-0.049393 -0.421814 -137.907106
-0.000403 -0.001918 1.000000
0.011085 -0.872385 -104.334149
-0.026615 -0.507373 -138.522762
-0.000507 -0.002139 1.000000
-0.195078 -0.520379 22.952756
-0.306075 -0.547157 -32.994489
-0.000779 -0.001470 1.000000
-0.000595 -1.441878 914.305219
-0.006971 -0.914412 -110.013397
-0.000182 -0.002559 1.000000
0.020839 -1.154625 372.139807
0.045575 -0.666945 -239.587493
0.000000 -0.002392 1.000000
0.000929 -0.727135 -75.197403
-0.092014 -0.645763 16.388062
-0.000567 -0.001975 1.000000
0.468817 -1.363473 -166.185021
0.082022 -0.929933 -273.862579
-0.000091 -0.002744 1.000000
-0.146436 -0.886309 3.359061
-0.228646 -0.819796 -263.214943
-0.000623 -0.001900 1.000000
-0.149797 -0.811354 459.725894
-0.286016 -0.448257 -352.398611
-0.000755 -0.001596 1.000000
-0.159140 -0.750371 -61.167976
-0.195332 -0.713095 135.437477
-0.000632 -0.001795 1.000000
-0.192632 -0.864216 182.522627
-0.075384 -0.593885 -112.195008
-0.000641 -0.001936 1.000000
0.371219 -1.343545 -638.431172
0.398444 -1.384131 -164.952624
0.000553 -0.003220 1.000000
0.166243 -1.208200 7.728843
0.112091 -0.851855 -200.862599
0.000160 -0.002646 1.000000
-0.369064 -1.458615 305.060904
-0.069137 -0.974657 57.315517
-0.000409 -0.002497 1.000000
-0.277305 -0.625150 135.124670
-0.261778 -0.578021 108.278967
-0.000735 -0.001460 1.000000
-0.562389 -0.842934 -588.137121
-0.388771 -0.672917 836.962564
-0.001010 -0.001293 1.000000
-0.159235 -1.204191 -1123.572663
-0.102898 -0.931796 350.788458
-0.000202 -0.002164 1.000000
-0.130565 -1.364302 439.333039
0.019261 -0.767366 -138.598791
0.000033 -0.002524 1.000000
3.160738 -6.516937 4959.998142
2.386860 -4.590800 -3994.312304
0.007437 -0.012399 1.000000
-0.163147 -1.160396 476.898563
-0.103951 -0.824170 -107.672192
-0.000426 -0.002181 1.000000
-0.095692 -0.490538 20.247842
-0.169590 -0.472856 66.412319
-0.000468 -0.001618 1.000000
-0.610248 0.365225 153.790273
-0.895869 0.399537 -1251.294834
-0.002300 0.000308 1.000000
-0.310348 -0.687536 29.673425
-0.146957 -0.410220 -59.629644
-0.000730 -0.001521 1.000000
-0.003983 -0.905961 428.660941
-0.107560 -0.711385 16.791050
-0.000267 -0.002012 1.000000
-0.371440 -0.528855 380.595257
-0.403593 -0.544120 29.470137
-0.001169 -0.001398 1.000000
-0.234879 -0.537907 68.398421
-0.176547 -0.379896 -113.054511
-0.000874 -0.001385 1.000000
-0.158804 -0.627063 157.859478
-0.163168 -0.726178 -139.176334
-0.000657 -0.001822 1.000000
-0.102019 -0.699009 195.304897
-0.179378 -0.511854 -15.366727
-0.000330 -0.001895 1.000000
0.514533 -1.992848 693.155336
0.147450 -1.383473 -439.479727
0.000833 -0.003759 1.000000
0.073771 -0.911624 146.092414
-0.051370 -0.879938 -67.362542
-0.000292 -0.002363 1.000000
-0.390725 -0.760177 128.804974
-0.302767 -0.508222 69.257122
-0.000860 -0.001570 1.000000
-0.147905 -0.497782 109.621229
-0.225470 -0.344945 -65.144567
-0.000748 -0.001355 1.000000
-0.595519 -0.175762 -123.486567
-0.376093 -0.096673 56.949372
-0.001554 -0.000478 1.000000
-0.439733 -0.428410 -100.926535
-0.402734 -0.128408 -182.414306
-0.001208 -0.000843 1.000000
-0.048591 -1.029588 255.344256
-0.046705 -0.497800 -246.937218
-0.000367 -0.001978 1.000000
-0.120924 -1.120227 66.464069
0.075921 -0.726432 -177.067918
0.000022 -0.002538 1.000000
-0.067224 -0.936405 251.331968
0.009933 -0.829288 -33.728989
0.000069 -0.002508 1.000000
-0.094956 -0.744986 195.257751
-0.090756 -0.464845 -7.171514
-0.000225 -0.001987 1.000000
0.068510 -0.743294 -2.452157
0.009772 -0.537383 -124.092185
-0.000015 -0.002251 1.000000
-0.135779 -1.115794 320.590321
-0.048780 -1.048136 19.228098
-0.000202 -0.002568 1.000000
-0.159387 -1.317174 447.038595
-0.072703 -1.087376 44.008038
-0.000244 -0.002499 1.000000
-0.287821 -0.802089 531.471791
-0.164771 -0.595804 -282.199381
-0.000684 -0.001758 1.000000
-0.189566 -0.767861 270.751078
-0.192181 -0.621885 23.314201
-0.000626 -0.001755 1.000000
-0.047578 -1.172249 357.298250
-0.132733 -0.598641 -204.560594
-0.000385 -0.002087 1.000000
0.131524 -1.434973 355.174273
-0.037270 -0.882038 -221.513389
0.000031 -0.002778 1.000000
-0.123630 -0.810344 203.267357
-0.089950 -0.651448 5.013110
-0.000314 -0.002023 1.000000
-0.334057 -0.807081 194.875800
-0.049416 -0.507582 -241.274433
-0.000527 -0.001746 1.000000
0.183132 -1.107351 393.276565
0.062800 -0.671421 18.563874
0.000074 -0.002284 1.000000
-0.024540 -1.339443 644.756161
0.100964 -0.942951 49.311288
0.000020 -0.002479 1.000000
0.089530 -1.335045 491.749914
0.064609 -0.939282 -2.387934
0.000133 -0.002571 1.000000
-0.349355 -0.875504 342.728623
-0.171876 -0.504985 -23.235311
-0.000611 -0.001712 1.000000
-0.758116 -1.531146 709.179607
-0.162614 -1.399617 238.598764
-0.000492 -0.003004 1.000000
0.012052 -1.060135 413.077259
-0.089461 -0.611023 112.697818
-0.000196 -0.002033 1.000000
-0.186509 -1.112067 489.913742
-0.161675 -0.761203 199.363717
-0.000342 -0.001988 1.000000
-0.469034 -0.623062 186.123430
-0.154849 -0.247481 138.689716
-0.000919 -0.001246 1.000000
1.324640 -0.166921 -11.234866
0.203400 1.121206 -160.511843
0.000330 -0.000240 1.000000
-0.295187 -0.110405 9.402238
-0.259902 0.007039 148.188737
-0.001298 -0.000444 1.000000
-0.071842 -1.223462 506.686506
-0.109591 -0.733290 165.421173
-0.000225 -0.002109 1.000000
-0.700406 -0.025783 -255.240913
-0.512982 0.077772 192.024253
-0.002145 0.000312 1.000000
0.487567 -2.147417 1029.525195
0.491639 -1.333240 -65.543536
0.001469 -0.004429 1.000000
0.878372 -1.759378 729.888576
0.473911 -0.742247 -27.627666
0.001288 -0.003192 1.000000
1.301109 0.070539 -108.992215
0.054798 1.261419 -134.892083
0.000160 0.000114 1.000000
1.117190 1.364906 -755.696126
-0.379708 1.571479 -277.365543
-0.001755 0.002467 1.000000
1.000000 -0.000000 -0.000000
0.000000 1.000000 -0.000000
0.000000 -0.000000 1.000000
0.966990 0.233876 -47.831867
0.020442 1.066032 -46.775296
-0.000031 0.000296 1.000000
6.580698 5.400192 -2307.605054
1.182686 8.338870 -1156.778542
0.002558 0.009741 1.000000
-0.070853 0.358646 -206.077368
-0.425201 0.470466 106.874974
-0.001580 0.000445 1.000000
3.631466 -5.054848 2118.413052
1.294228 -2.422163 -1985.886596
0.005866 -0.008749 1.000000
-0.173346 -0.813622 199.139788
-0.190558 -0.495163 35.753994
-0.000506 -0.001775 1.000000
0.119864 -1.180938 173.596879
-0.024027 -0.907823 -23.150527
-0.000116 -0.002589 1.000000
0.145577 0.715073 -263.317817
-0.536795 1.027263 41.687910
-0.001777 0.001454 1.000000
-0.594940 -1.432360 603.045804
0.149592 -1.377298 228.685486
0.000019 -0.003122 1.000000
1.670037 0.265894 -277.787251
0.108418 1.877141 -237.517731
0.000474 0.000399 1.000000
-7.860033 -12.708907 4780.493071
0.530135 -15.667956 1555.623027
-0.000992 -0.022223 1.000000
0.764689 -1.441855 412.130354
0.142672 -0.383794 6.788559
0.000648 -0.002435 1.000000
0.521290 -2.032897 572.909623
0.250101 -1.052373 -26.443601
0.000794 -0.003522 1.000000
-4.797750 -4.038362 2122.152481
-0.930231 -6.014142 1063.205470
-0.002925 -0.006791 1.000000
0.739311 -0.763663 189.842603
0.021029 0.417152 -50.098386
0.000357 -0.001424 1.000000
-0.921779 -0.112030 159.029593
0.317804 -1.076290 201.537108
-0.000068 -0.002595 1.000000
-0.731362 -0.594171 2.972014
-0.217992 -0.367148 220.265449
-0.001030 -0.001189 1.000000
-0.042514 -1.098412 420.495000
-0.220143 -0.889276 238.617578
-0.000165 -0.002302 1.000000
0.011178 -1.262314 453.108969
-0.142667 -1.068911 226.196541
-0.000083 -0.002483 1.000000
-0.446695 -0.799281 -44.341900
-0.048925 -0.506363 129.151479
-0.000656 -0.001811 1.000000
0.029392 -1.476593 456.574574
-0.098158 -0.956190 151.187329
0.000073 -0.002692 1.000000
0.091380 -1.354470 531.469085
0.037827 -0.769346 116.174238
0.000112 -0.002344 1.000000
-0.294686 -1.480224 313.406350
-0.187435 -1.009782 123.225515
-0.000552 -0.002540 1.000000
-0.069485 -1.275238 388.857696
-0.107444 -0.780795 134.023256
-0.000176 -0.002310 1.000000
-1.178757 0.070257 -12.184633
-0.638916 0.321763 -470.154890
-0.002367 0.000398 1.000000
-0.338981 -0.678847 56.621884
-0.182836 -0.359773 -26.748566
-0.000872 -0.001444 1.000000
0.120183 -1.268207 403.600070
-0.085776 -1.012733 162.933113
0.000170 -0.002757 1.000000
-0.399006 -0.713187 -151.893081
-0.110051 -0.468967 115.695399
-0.000725 -0.001712 1.000000
0.054455 -1.324375 332.619388
-0.057698 -0.776900 15.808002
0.000012 -0.002517 1.000000
-0.148073 -1.403091 393.400145
-0.220228 -1.044860 132.755948
-0.000294 -0.002514 1.000000
-0.066433 -1.007500 380.494683
-0.083448 -0.756698 130.688875
-0.000186 -0.002085 1.000000
0.033433 -1.362442 612.764101
0.095265 -0.961933 52.613043
0.000236 -0.002603 1.000000
-12.539741 -177.066998 52349.630347
40.367920 -202.493255 -5017.414865
0.112000 -0.370726 1.000000
-0.733204 -2.626440 1045.859348
0.114885 -2.625407 243.172644
0.000351 -0.005290 1.000000
-0.409418 -1.561082 647.729559
-0.052248 -1.340721 254.787675
-0.000160 -0.003047 1.000000
-0.093413 -1.701821 569.305936
0.125840 -1.595339 168.098143
0.000120 -0.003284 1.000000
-0.034625 -0.925368 395.105396
-0.167869 -0.992001 242.643673
-0.000321 -0.002068 1.000000
-0.257670 -1.322039 214.100608
-0.127377 -1.278084 119.988424
-0.000121 -0.002644 1.000000
0.202722 -1.376924 458.790190
0.102374 -0.883853 36.358877
0.000296 -0.002749 1.000000
0.073282 -1.552010 510.166482
-0.011043 -0.905766 75.152867
0.000010 -0.002645 1.000000
0.281727 -1.530375 502.542258
0.077646 -1.017793 -10.615688
0.000425 -0.002833 1.000000
-0.025037 -1.464770 476.846570
-0.138127 -0.698198 56.282390
-0.000108 -0.002454 1.000000
-0.407045 -1.666543 683.161073
-0.034868 -1.130253 78.332390
-0.000152 -0.003024 1.000000
0.064102 -1.819822 681.119191
0.062453 -0.719542 -140.096164
0.000378 -0.003226 1.000000
0.284144 -1.545915 704.545068
0.320757 -1.105672 -273.976551
0.000612 -0.003218 1.000000
-0.304230 -1.357433 535.994739
-0.191727 -0.724951 177.220076
-0.000401 -0.002181 1.000000
0.019016 -1.383010 174.238561
-0.061692 -0.910696 -83.287882
-0.000005 -0.002731 1.000000
-0.075022 -1.256624 390.363472
-0.199652 -1.079835 243.213246
-0.000283 -0.002373 1.000000
0.272522 -1.512676 357.988270
0.016612 -0.798588 -134.888527
0.000507 -0.002810 1.000000
-0.026634 -1.365068 385.745246
-0.039663 -0.870251 -11.086756
-0.000036 -0.002482 1.000000
0.178613 -1.573699 472.757091
-0.156362 -0.870777 -95.385800
0.000054 -0.002729 1.000000
-0.106875 -1.241640 335.104776
-0.243282 -0.903698 204.953405
-0.000210 -0.002364 1.000000
-0.364998 -1.202307 540.602861
-0.208512 -1.003279 160.871911
-0.000422 -0.002200 1.000000
0.088788 -1.688627 533.859249
0.075140 -0.853230 -188.272617
0.000327 -0.002865 1.000000
0.021526 -1.203552 374.460566
-0.087638 -0.707579 -15.195867
-0.000029 -0.002506 1.000000
-0.364192 -1.292394 698.173794
-0.242912 -0.932882 11.754405
-0.000529 -0.002093 1.000000
-0.559919 -0.721917 76.795634
-0.358952 -0.489563 -67.810368
-0.001022 -0.001462 1.000000
-0.138070 -0.856403 458.755170
-0.198226 -0.682731 107.750844
-0.000470 -0.001925 1.000000
-0.186689 -1.126251 640.207162
-0.280560 -1.224574 215.926221
-0.000530 -0.002388 1.000000
-0.162245 -0.912259 562.244625
-0.070967 -0.510483 -75.579738
-0.000379 -0.001925 1.000000
0.048164 -1.009287 250.654980
0.047356 -0.741292 -73.632108
0.000028 -0.002360 1.000000
-0.474486 -0.538300 23.255685
-0.272128 -0.525028 17.336039
-0.000952 -0.001413 1.000000
-0.325661 -1.037060 167.274285
-0.114368 -0.783348 -1.828143
-0.000663 -0.002005 1.000000
-0.276408 -0.859164 160.703891
-0.190774 -0.787667 -0.191599
-0.000210 -0.002211 1.000000
-0.521197 -1.196648 480.710782
-0.366506 -0.881675 159.330274
-0.000695 -0.001876 1.000000
-0.122056 -1.663823 313.078150
-0.172086 -1.172218 63.455471
-0.000179 -0.002850 1.000000
-0.185073 -1.141430 585.156746
-0.097203 -0.801545 57.132360
-0.000260 -0.002267 1.000000
-0.337203 -1.022216 427.726154
-0.166516 -0.851316 180.326085
-0.000397 -0.001952 1.000000
-0.204135 -1.239961 448.419757
-0.110768 -0.855533 97.635443
-0.000242 -0.002363 1.000000
-0.500472 -0.705233 262.739822
-0.278934 -0.519066 97.687240
-0.000891 -0.001634 1.000000
0.110194 -1.576965 914.393638
0.144450 -0.857499 -218.326510
0.000302 -0.003019 1.000000
-0.322452 -1.587400 1054.306990
-0.110881 -0.520045 -103.613819
-0.000395 -0.001960 1.000000
-0.310693 -0.969748 803.638217
-0.127559 -0.393838 -408.475783
-0.000682 -0.001688 1.000000
-0.527737 -0.705842 491.484764
-0.367414 -0.487867 -71.969145
-0.000937 -0.001276 1.000000
-0.187205 -1.435787 375.453139
-0.108505 -0.718135 -156.624701
-0.000210 -0.002310 1.000000
-0.280404 -1.097977 742.676511
-0.226352 -0.443719 -30.673720
-0.000425 -0.001766 1.000000
0.573580 -1.894404 1114.666831
0.536956 -1.546243 -216.602844
0.000745 -0.003521 1.000000
-0.183262 -0.872895 896.870199
-0.111912 -0.726572 -231.731503
-0.000256 -0.002211 1.000000
-0.139351 -1.442021 614.438286
-0.089198 -0.985015 -236.011690
-0.000150 -0.002515 1.000000
0.016939 -1.606413 519.660177
0.193033 -1.096735 -321.041383
0.000120 -0.002730 1.000000
-0.361728 -1.039519 426.612922
-0.170258 -0.654999 -67.658724
-0.000681 -0.001844 1.000000
-0.839272 -0.016620 -367.628262
-0.459903 -0.032419 13.587190
-0.001760 -0.000302 1.000000
0.348713 -1.587707 821.994552
0.083189 -0.712092 -95.329006
0.000233 -0.002753 1.000000
-0.329319 -1.253751 755.915533
-0.071194 -0.445599 -250.325788
-0.000490 -0.001905 1.000000
-0.536799 -1.137136 918.567731
-0.133959 -0.793728 -115.671886
-0.000155 -0.002388 1.000000
-0.730377 -0.647445 981.415687
-0.248238 -0.189459 -300.315323
-0.001186 -0.000892 1.000000
0.323764 -2.183188 1706.141272
-0.022637 -0.515703 -243.413651
0.000198 -0.002872 1.000000
-0.637649 -0.436134 1357.709028
-0.387231 -0.318719 -370.861626
-0.001179 -0.001006 1.000000
-0.326735 -1.584974 1001.444193
-0.118338 -0.699413 24.928079
-0.000437 -0.001994 1.000000
-0.203450 -1.192872 1098.597625
-0.207564 -0.753912 -817.751835
-0.000554 -0.002013 1.000000
-0.288689 -0.668443 497.743109
-0.309930 -0.775476 61.010339
-0.000632 -0.001768 1.000000
-0.168982 -0.995354 615.689274
-0.093779 -0.523547 -23.628559
-0.000212 -0.002120 1.000000
-0.168909 -1.260252 404.765886
-0.058785 -0.756391 -4.456765
-0.000117 -0.002387 1.000000
0.216390 -1.043889 428.462311
0.050417 -0.457527 -13.645727
0.000186 -0.002292 1.000000
-0.291740 -0.523239 717.236670
-0.333975 -0.609921 -301.847019
-0.001021 -0.001324 1.000000
-0.383682 -0.696762 -10.593552
-0.309270 -0.608512 164.749990
-0.000746 -0.001583 1.000000
-0.051342 -0.623718 -6.293037
-0.010823 -0.654076 151.524873
-0.000353 -0.001860 1.000000
-0.213080 -0.788115 125.895029
-0.332703 -0.817573 995.742614
-0.000614 -0.001677 1.000000
-0.179220 -0.599626 10.552443
-0.106213 -0.523812 15.459533
-0.000551 -0.001659 1.000000
-0.394937 -1.468199 523.329705
-0.207845 -0.949897 179.160809
-0.000619 -0.002426 1.000000
-0.165353 -1.969818 697.429840
0.034213 -1.282550 5.713829
0.000056 -0.003602 1.000000
0.344284 -1.670898 1067.284429
0.154230 -1.293546 -269.141322
0.000371 -0.003154 1.000000
-0.273930 -0.891171 331.031088
-0.126846 -0.881041 14.726669
-0.000345 -0.001979 1.000000
-0.089932 -0.641701 -148.075767
-0.118262 -0.700373 3.928809
-0.000615 -0.001968 1.000000
-0.151581 -0.528360 -42.231392
-0.196480 -0.499671 197.672987
-0.000641 -0.001638 1.000000
-0.153544 -0.898753 176.652519
-0.164433 -0.725899 137.068123
-0.000283 -0.002162 1.000000
-0.128498 -0.934643 167.611839
-0.224371 -0.719252 149.347834
-0.000585 -0.001857 1.000000
0.121281 -1.298975 336.982501
0.016055 -1.455216 7.789101
0.000333 -0.003162 1.000000
0.556702 -1.261658 -380.816633
0.303701 -1.226753 -243.186152
0.001158 -0.003934 1.000000
0.113100 -0.924806 -67.955034
0.008212 -0.941694 163.339819
0.000283 -0.002611 1.000000
0.088426 -0.889316 -152.247307
-0.028450 -0.638553 -3.015166
-0.000235 -0.002234 1.000000
-0.142743 -0.590879 91.376836
-0.212868 -0.487565 20.058625
-0.000638 -0.001597 1.000000
-0.086093 -0.737064 110.946319
-0.130391 -0.568038 105.924556
-0.000297 -0.001909 1.000000
-0.119002 -1.518018 513.302623
-0.042024 -1.060736 36.998761
-0.000046 -0.002835 1.000000
-0.090116 -1.608121 617.529247
-0.051693 -0.995993 95.266440
-0.000063 -0.002863 1.000000
0.296933 -1.755512 421.016363
0.118501 -0.952226 -102.684805
0.000459 -0.003230 1.000000
-0.280317 -0.577573 46.104012
-0.152889 -0.525964 134.473465
-0.000566 -0.001681 1.000000
0.074493 -1.418114 -47.086896
-0.036193 -0.798296 86.807615
0.000020 -0.002632 1.000000
0.057084 -1.305902 48.735154
-0.010546 -0.900765 54.006954
0.000159 -0.002864 1.000000
-0.303816 -1.289414 579.132019
-0.090696 -0.771559 -122.733186
-0.000307 -0.002327 1.000000
0.456327 -1.264269 -1535.172860
0.197448 -1.378009 -426.030832
0.000750 -0.003452 1.000000
-0.731792 0.184946 750.820407
-0.731258 -0.121614 58.748834
-0.001861 -0.000247 1.000000
-0.085666 -0.771414 -117.210957
-0.001401 -0.598926 -128.239423
0.000319 -0.002509 1.000000
-0.594749 -0.463700 300.223781
-0.419311 -0.121732 -243.804910
-0.001388 -0.000873 1.000000
-0.125755 -1.204841 318.645035
-0.148350 -0.522172 -242.507275
-0.000299 -0.002113 1.000000
-1.655969 0.848392 646.388373
-1.716301 0.575537 -1000.241391
-0.003492 0.001447 1.000000
-1.012996 0.316663 2957.034262
-1.857207 1.043517 1585.089611
-0.003248 0.001391 1.000000
-0.451953 -0.506117 1013.694456
-0.380730 -0.463206 95.672723
-0.000978 -0.000944 1.000000
0.255152 -1.310841 1368.102522
-0.140891 -0.849667 -68.045936
-0.000004 -0.002255 1.000000
0.518820 -1.235875 2628.340758
0.378598 -1.174239 -200.026150
0.001003 -0.003592 1.000000
-0.101742 -0.558530 -158.684620
-0.114319 -0.749563 393.513057
-0.000062 -0.002148 1.000000
-0.508027 -0.372960 -524.391572
-0.674828 -0.366380 305.856257
-0.001308 -0.000782 1.000000
-31.849363 42.299708 -68930.286472
-40.043258 46.237858 -42704.331829
-0.076069 0.089610 1.000000
-0.642388 -0.867420 916.478241
-0.093689 -0.584667 53.980074
-0.000760 -0.001562 1.000000
-0.958382 -0.371162 735.732103
-0.414355 -0.559701 -270.942952
-0.001283 -0.001123 1.000000
0.680903 -2.370271 638.741863
0.102542 -0.975499 -421.422751
0.000798 -0.003376 1.000000
-0.480139 -0.968449 1048.913987
-0.161372 -0.420696 -71.532666
-0.000731 -0.001573 1.000000
-0.217607 -1.920588 879.198035
0.004782 -0.614586 -380.650195
-0.000195 -0.002379 1.000000
-0.320872 -1.796955 893.303713
-0.100502 -0.538518 -193.983023
-0.000346 -0.002178 1.000000
-0.232641 -1.478163 1042.046126
-0.104583 -0.452694 50.592508
-0.000260 -0.001895 1.000000
0.289629 -1.951406 1248.339450
0.068120 -0.636247 -61.826089
0.000340 -0.002671 1.000000
-0.241407 -0.808224 506.346649
-0.263950 -0.891955 1011.730032
-0.000386 -0.001735 1.000000
0.008843 -1.453624 237.297167
0.089072 -0.987884 -338.658789
0.000629 -0.003123 1.000000
0.554021 -2.185625 3064.323497
0.317386 -1.457453 403.772761
0.001344 -0.004248 1.000000
-0.150075 -0.894124 1366.383770
-0.193907 -0.875635 678.843312
-0.000195 -0.002094 1.000000
-0.334367 -1.531055 1124.341237
-0.098432 -0.620279 -71.073925
-0.000276 -0.002242 1.000000
-0.290547 -1.399218 1097.668511
-0.051292 -0.447139 -42.265724
-0.000301 -0.001940 1.000000
17.345109 -25.764369 21856.831700
10.540030 -12.208627 6167.960898
0.031240 -0.041257 1.000000
-0.191824 -0.743041 -476.232572
-0.178534 -0.516771 -495.771578
-0.000619 -0.001680 1.000000
1.614661 -3.035754 6463.145212
3.245449 -4.776308 -6013.232994
0.010854 -0.016492 1.000000
-0.146014 -0.865664 955.195397
-0.337290 -0.842571 854.039536
-0.000441 -0.001907 1.000000
0.438429 -2.058096 1187.446831
0.271371 -0.961637 -354.601338
0.000355 -0.003065 1.000000
0.005447 -1.190041 429.040480
-0.110069 -0.965864 1115.573797
-0.000222 -0.002072 1.000000
0.021906 -1.278215 1545.385877
0.005229 -0.682950 -531.815278
-0.000034 -0.002452 1.000000
-0.115921 -0.980333 550.176973
-0.059381 -0.619292 -163.683206
-0.000162 -0.001925 1.000000
-0.235985 -0.664166 325.140141
-0.115275 -0.280406 27.479932
-0.000452 -0.001514 1.000000
-0.257481 -1.345234 1047.762393
-0.058767 -0.488632 -46.406534
-0.000385 -0.001818 1.000000
0.272676 -1.730099 901.217378
0.037672 -0.959693 -76.459225
0.000256 -0.002770 1.000000
-0.242892 -0.839105 -58.852662
-0.226559 -0.800098 -1.323212
-0.000310 -0.002221 1.000000
-0.196686 -1.222983 828.221708
-0.095136 -0.656792 66.870918
-0.000284 -0.001973 1.000000
-0.247720 -1.475156 1091.296435
-0.028396 -0.704302 -164.747649
-0.000120 -0.002320 1.000000
-0.725894 -0.769076 903.330877
-0.334445 -0.383911 -252.754294
-0.000937 -0.001316 1.000000
-0.295224 -1.331860 399.284770
-0.149762 -0.858590 -282.487794
-0.000517 -0.002243 1.000000
-0.215478 -1.253452 688.009536
-0.198741 -0.861394 -207.881452
-0.000432 -0.002350 1.000000
-0.517840 -0.812836 724.097492
-0.252995 -0.331371 -477.530520
-0.000877 -0.001476 1.000000
0.084070 -1.567272 845.194292
-0.047341 -0.503382 11.560364
0.000018 -0.002161 1.000000
0.329717 -1.540155 -142.612760
0.131470 -1.070633 -335.604596
0.000581 -0.003121 1.000000
-0.188545 -1.317933 1004.679565
0.059171 -0.770701 -260.950202
-0.000306 -0.002193 1.000000
0.592223 -2.868561 1369.719541
0.691424 -1.083389 -653.302261
0.001446 -0.004189 1.000000
-0.214483 -0.705971 -88.029008
-0.175716 -0.742481 851.478711
-0.000349 -0.001805 1.000000
0.123504 -1.638826 929.342950
0.092271 -0.758344 -151.917416
0.000085 -0.002485 1.000000
-0.407734 -0.851673 507.821347
-0.125458 -0.537555 -321.552639
-0.000722 -0.001474 1.000000
-0.578728 -1.284158 927.242753
-0.219692 -0.385422 -378.421807
-0.000821 -0.001610 1.000000
-0.267673 -0.715539 264.615405
-0.032167 -0.219879 -93.393667
-0.000679 -0.001513 1.000000
-0.089188 -1.259888 981.384973
-0.060277 -0.703149 64.953500
-0.000145 -0.002287 1.000000
-0.443444 -1.343314 683.917334
-0.134468 -0.685823 -31.937108
-0.000370 -0.002204 1.000000
-0.541453 -0.781594 229.573621
-0.281207 -0.558880 -248.462768
-0.000865 -0.001390 1.000000
-0.586429 -1.015911 595.432181
-0.187231 -0.510265 5.422959
-0.000776 -0.001450 1.000000
-1.127810 -0.057210 -149.849753
-0.793452 0.195817 79.984350
-0.002110 -0.000084 1.000000
-0.181771 -1.281648 768.123673
-0.173177 -0.958158 -135.391472
-0.000473 -0.002355 1.000000
-0.153725 -1.321259 949.455026
-0.032090 -0.345924 24.715370
-0.000170 -0.001962 1.000000
-0.290257 -1.152222 1103.582107
-0.110718 -0.553649 -562.553141
-0.000537 -0.002074 1.000000
0.199569 -1.149724 556.416535
-0.028845 -0.847049 51.399725
0.000059 -0.002619 1.000000
0.450365 -1.409856 587.240479
0.133711 -0.780979 -791.087647
0.000322 -0.003003 1.000000
-0.293592 -0.806527 597.475377
-0.179408 -0.485888 -14.466767
-0.000689 -0.001709 1.000000
-0.325182 -0.630780 430.024591
-0.307089 -0.649710 94.514702
-0.000715 -0.001513 1.000000
0.330816 -2.044954 -154.458576
0.245807 -1.539313 -114.520951
0.000262 -0.003357 1.000000
-0.330611 -0.826695 652.164818
-0.349196 -0.668821 -181.558650
-0.000928 -0.001429 1.000000
-0.315607 -0.892398 434.264256
-0.245157 -0.747854 88.344051
-0.000580 -0.001917 1.000000
0.093849 -1.881270 1706.068663
0.097114 -0.533605 -193.664145
0.000179 -0.002592 1.000000
-0.140211 -1.079128 427.419050
0.064466 -0.512605 -356.938522
-0.000083 -0.002076 1.000000
-0.376145 -0.892297 855.936477
-0.110054 -0.292624 -27.422092
-0.000595 -0.001617 1.000000
0.886301 -2.789662 17.350243
0.120007 -1.616112 -82.602690
0.000820 -0.004358 1.000000
-0.219750 -1.198155 1536.378010
-0.036726 -0.446646 -242.045346
-0.000363 -0.002088 1.000000
-0.310337 -0.730813 263.138739
-0.142862 -0.298302 -225.243714
-0.000668 -0.001576 1.000000
0.437710 -1.138462 800.256007
0.047045 -1.279546 -170.706444
-0.000010 -0.002790 1.000000
0.005509 -1.286218 862.651681
-0.064981 -1.051415 77.146207
0.000015 -0.002539 1.000000
-0.119207 -0.934951 424.079337
-0.081132 -1.003066 -39.193978
-0.000344 -0.002369 1.000000
0.042504 -1.076375 459.520508
-0.142390 -0.945139 3.044009
-0.000162 -0.002241 1.000000
0.138175 -1.813909 570.668175
-0.018717 -1.712233 71.384936
0.000200 -0.003430 1.000000
-0.107190 -0.819116 -61.938825
-0.088976 -0.338632 -137.069745
-0.000395 -0.001838 1.000000
-0.047009 -0.991992 -1.044170
0.031485 -0.670592 46.029604
-0.000122 -0.002241 1.000000
0.352354 -1.592743 405.330817
0.062940 -0.799922 -99.242641
0.000399 -0.003016 1.000000
0.196946 -1.416169 163.051763
-0.063655 -0.767427 -210.742463
0.000124 -0.002965 1.000000
-0.374631 -1.080550 745.819050
-0.288854 -0.654321 32.840030
-0.000650 -0.001754 1.000000
1.133972 -2.731668 867.524835
0.530676 -1.711954 -1735.143548
0.001629 -0.005211 1.000000
0.111279 -2.110026 1021.449389
0.260963 -1.517709 -886.264454
0.001082 -0.004212 1.000000
-0.302746 -1.011078 341.115840
-0.300673 -0.541593 -106.969438
-0.000782 -0.001760 1.000000
-0.226244 -1.000471 626.678151
-0.151647 -0.854822 96.881068
-0.000383 -0.002333 1.000000
-0.878268 0.008875 1034.244366
-0.519281 0.128031 -160.159803
-0.002194 0.000048 1.000000
-0.063810 -0.811409 521.792887
-0.103367 -0.516561 -3.824612
-0.000204 -0.001962 1.000000
-0.354862 -0.461637 332.223030
-0.262450 -0.513811 -191.249582
-0.000878 -0.001315 1.000000
-0.070499 -0.535002 117.146453
-0.030037 -0.403936 47.566823
-0.000089 -0.001923 1.000000
-0.396402 -1.204761 554.370167
-0.196856 -0.650670 69.699040
-0.000616 -0.001909 1.000000
-0.301925 -1.388939 191.398706
-0.195118 -1.017190 119.951173
-0.000134 -0.002525 1.000000
-0.255621 -1.329495 782.450480
-0.000169 -0.990062 29.720293
-0.000392 -0.002112 1.000000
