0.139762 -1.665970 -74.521633
0.260917 -1.369676 54.932318
0.000156 -0.002817 1.000000
0.109446 -1.464979 1489.166898
0.051456 -1.197294 771.477854
0.000087 -0.003016 1.000000
0.764273 -2.059986 737.677834
1.110738 -2.437522 -564.009808
0.002311 -0.005022 1.000000
-6.728104 7.016693 -1449.732137
-3.135708 4.408297 6506.410576
-0.009946 0.012233 1.000000
-2.294357 2.234999 -752.878653
-1.806627 1.671576 1872.165239
-0.003965 0.003665 1.000000
1.552582 -4.649624 1986.598464
1.643641 -3.842154 -1415.642956
0.003574 -0.007984 1.000000
0.074032 -1.196954 -288.248765
0.049080 -0.807035 -536.585019
0.000026 -0.002515 1.000000
2.345644 -4.179409 1647.930716
2.328454 -4.299993 -1103.540939
0.003727 -0.008060 1.000000
0.540680 -2.224724 1361.044618
0.196647 -1.666757 -335.487966
0.000538 -0.003704 1.000000
-0.131228 -1.115051 453.048986
0.121238 -0.820600 -313.095469
-0.000009 -0.002254 1.000000
5.434274 -9.412485 1296.236844
2.055416 -8.571590 -2881.615072
0.010668 -0.017087 1.000000
0.030913 -1.428931 240.744037
0.006032 -0.925204 -243.227859
0.000079 -0.002580 1.000000
0.718948 -2.713445 902.179763
0.844075 -3.475208 -743.213760
0.002257 -0.006919 1.000000
0.480227 -2.293746 658.661054
0.396831 -2.146968 -189.469763
0.001059 -0.004186 1.000000
0.358042 -1.329124 1420.890113
0.640932 -2.318608 238.722486
0.001222 -0.003792 1.000000
-0.121772 -1.271452 744.465346
0.076412 -1.379353 -144.593316
-0.000073 -0.002397 1.000000
-0.177516 -0.955595 825.829424
0.056191 -0.804362 177.025913
0.000011 -0.001996 1.000000
0.128638 -1.396674 506.795958
0.113641 -1.148056 -309.531339
0.000168 -0.002407 1.000000
-0.280624 -1.108166 713.081613
0.006620 -0.987078 -298.528198
-0.000358 -0.002056 1.000000
0.358813 -1.936941 556.439599
0.096591 -1.470290 -120.529600
0.000179 -0.002985 1.000000
-0.019509 -1.188678 511.287989
0.012484 -1.001908 -90.216608
-0.000068 -0.002216 1.000000
-4.088543 5.349921 5709.235103
-2.845254 3.451639 7177.464683
-0.006579 0.007531 1.000000
1.682538 -2.865215 1401.094967
1.020378 -2.043133 -1554.327250
0.002090 -0.005352 1.000000
0.573782 -2.031575 1071.112904
0.397032 -1.436738 -126.770750
0.000883 -0.003293 1.000000
0.411266 -2.298408 1258.839943
1.204199 -2.379297 -551.261268
0.001794 -0.005067 1.000000
-0.112597 -1.397879 894.288560
0.049613 -1.493562 93.932884
0.000117 -0.002827 1.000000
-0.752333 -0.317259 1278.456617
-0.558361 -0.233317 176.002876
-0.001266 -0.000625 1.000000
-24.513957 29.642729 -8753.869234
-17.609650 28.938861 18089.361301
-0.044570 0.056989 1.000000
-0.072187 -1.841858 415.508439
0.096304 -1.512728 -231.196668
0.000025 -0.003027 1.000000
0.488270 -1.550901 932.585414
0.956375 -2.855511 -68.685392
0.001615 -0.004767 1.000000
-0.456783 -1.203729 1258.648945
-0.300283 -0.927365 -219.741054
-0.000549 -0.001989 1.000000
-0.076969 -1.003523 394.645994
-0.034288 -1.110177 -106.424935
-0.000109 -0.002425 1.000000
-0.278184 -1.123379 1204.953902
0.381575 -1.254759 19.633024
0.000386 -0.002826 1.000000
-0.022828 -0.811812 188.972241
-0.120188 -0.705088 -326.542172
-0.000307 -0.002036 1.000000
-0.172386 -1.250774 850.414081
-0.111038 -1.140184 -105.461210
-0.000216 -0.002181 1.000000
0.127691 -1.289765 896.584841
0.197254 -0.982183 -38.280937
0.000572 -0.002768 1.000000
-1.447113 0.462132 587.717103
-0.700158 0.188387 -220.212491
-0.002337 0.001023 1.000000
-1.865497 1.030138 -2807.376804
-1.309546 0.859064 1504.594011
-0.003387 0.002213 1.000000
0.594368 -1.903390 1283.923315
0.255733 -1.185443 -784.484458
0.000923 -0.003875 1.000000
-1.673999 0.518161 -283.455439
-1.266651 0.856175 1639.291995
-0.003345 0.002156 1.000000
-0.122570 -0.902545 1657.601934
-0.061931 -0.813235 216.169768
-0.000184 -0.002142 1.000000
0.005523 -1.285868 777.903959
0.095650 -1.201647 -294.246599
0.000096 -0.002720 1.000000
-2.733772 2.655248 -2233.500259
-2.916010 3.685005 910.530057
-0.007958 0.010599 1.000000
0.981141 -2.255372 1835.410542
0.931228 -1.834137 -3308.493393
0.002634 -0.005052 1.000000
-0.185660 -0.781101 806.245848
-0.173893 -0.518599 -637.846747
-0.000421 -0.001592 1.000000
0.472179 -3.222130 2076.998033
0.753098 -2.714552 -931.756483
0.001965 -0.007018 1.000000
-0.100033 -1.015854 1166.515453
0.454860 -1.993240 139.390171
0.000878 -0.003765 1.000000
0.277248 -1.658654 2191.858399
0.710701 -2.179812 779.024201
0.002109 -0.005715 1.000000
0.401445 -1.257404 1463.550448
0.475000 -1.893192 956.954894
0.001642 -0.005117 1.000000
-1.452686 0.723902 -1797.444964
-1.346170 0.890205 284.284481
-0.003768 0.002660 1.000000
0.078329 -1.010485 1353.683171
0.236850 -1.101233 231.663455
0.000675 -0.003289 1.000000
0.724788 -1.651981 2838.427366
1.312386 -2.857908 688.095755
0.003428 -0.007237 1.000000
0.118201 -1.158347 1749.990527
0.297806 -1.131865 -379.282794
0.000757 -0.003038 1.000000
-0.785959 -0.671435 1523.014367
-0.536161 -0.453459 989.361199
-0.001326 -0.000964 1.000000
-6.697344 4.957337 -5354.161834
-4.872434 5.261883 448.537509
-0.013140 0.015630 1.000000
-0.049198 -1.292903 1404.010473
-0.045499 -1.232103 231.624472
0.000008 -0.002882 1.000000
-0.613653 -0.428851 1406.017557
-0.367334 -0.260860 56.034358
-0.001094 -0.000900 1.000000
-0.499034 -0.464752 637.406189
-0.346462 -0.403053 23.249055
-0.000963 -0.001003 1.000000
-0.055501 -1.131393 1523.283453
-0.156229 -1.021665 -723.420325
0.000039 -0.002522 1.000000
0.077622 -0.858476 1503.989594
-0.096753 -1.277236 -376.569659
0.000009 -0.002619 1.000000
0.870024 -2.510304 -2123.948842
0.064243 -1.155242 -218.678767
0.001657 -0.004563 1.000000
-1.051399 -0.007859 502.187203
-1.095445 0.160798 -172.675644
-0.002489 0.000588 1.000000
-0.185830 -0.775150 386.653888
-0.126569 -0.342330 -106.739379
-0.000254 -0.001749 1.000000
0.103513 -1.197875 1497.805940
0.679985 -1.656264 494.883507
0.001459 -0.004018 1.000000
-0.097777 -0.925083 1212.142117
0.039279 -0.495306 -245.211965
0.000067 -0.002287 1.000000
-0.857460 0.229240 388.521238
-0.860352 -0.096007 -243.694743
-0.002203 0.000260 1.000000
0.219951 -1.756817 636.701759
0.245574 -1.410524 -685.849958
0.000854 -0.003195 1.000000
-0.710177 -0.349863 303.765161
-0.482760 -0.280043 -193.639227
-0.001250 -0.000770 1.000000
-0.868825 -0.070775 -353.788172
-0.389997 -0.300627 299.962033
-0.001421 -0.000582 1.000000
-0.475665 -0.352568 299.226858
-0.536688 -0.452472 -0.644270
-0.001178 -0.001049 1.000000
-0.466927 -0.668426 435.806344
-0.328090 -0.578851 139.544140
-0.000706 -0.001201 1.000000
-0.496523 -1.018278 1706.772342
-0.352121 -1.029975 99.975167
-0.000464 -0.001839 1.000000
-6.317967 8.014047 4726.454769
-4.807447 6.164899 2857.780554
-0.010212 0.012276 1.000000
-0.265901 -0.702797 -393.802351
-0.228901 -0.556908 -78.806858
-0.000656 -0.001548 1.000000
-0.218137 -1.106969 183.501756
-0.210717 -0.849390 -146.695250
-0.000413 -0.001981 1.000000
-1.588281 0.909454 -898.563620
-1.246444 0.454959 -780.858091
-0.003151 0.001800 1.000000
-5.876135 6.993053 -1629.912594
-4.546606 5.380410 4124.048534
-0.009036 0.009061 1.000000
0.258200 -1.860169 425.318939
0.077284 -1.085475 -719.008410
0.000332 -0.003254 1.000000
-0.541020 -0.511661 -1088.868331
-0.487909 -0.485735 726.384775
-0.001141 -0.000836 1.000000
0.196745 -1.427997 1017.234853
0.167631 -1.113149 98.397596
0.000302 -0.002449 1.000000
0.172145 -1.457811 -224.806716
0.201453 -1.262929 -446.437658
0.000454 -0.002857 1.000000
0.205572 -1.309300 779.710961
0.285250 -1.639242 -108.900233
0.000520 -0.003337 1.000000
1.555083 -3.508582 -278.181364
1.245062 -3.346504 -226.831430
0.002142 -0.005620 1.000000
-0.436799 -0.768881 -1464.048458
-0.279838 -0.761417 -0.197488
-0.000838 -0.001477 1.000000
0.559587 -2.077362 -552.370550
0.499414 -1.496230 -662.641348
0.000943 -0.003892 1.000000
-1.822546 1.962339 1711.113991
-1.391135 1.066857 761.465619
-0.003193 0.002187 1.000000
-1.166530 0.090127 837.481663
-0.992812 0.130619 1341.737900
-0.002401 0.000406 1.000000
-1.531660 0.602750 2265.485702
-1.016763 0.155956 455.983996
-0.002421 0.000439 1.000000
0.230056 -1.526024 677.560515
0.184920 -0.943178 -437.418442
0.000369 -0.002682 1.000000
-0.096031 -1.341757 -317.860334
-0.081750 -1.101173 185.797730
-0.000098 -0.002371 1.000000
52.773841 -52.507534 -83098.032750
39.382245 -40.822256 36983.684947
0.092888 -0.098028 1.000000
1.684733 -4.309259 -846.112720
1.501331 -3.114735 -2236.048291
0.002958 -0.006610 1.000000
0.440275 -2.050824 -146.623975
0.240034 -1.720536 445.708289
0.000617 -0.003531 1.000000
-2.235120 2.486975 1978.720047
-2.140536 2.535862 2548.398527
-0.005513 0.005849 1.000000
5.430718 -9.434818 -10510.180646
2.658416 -5.583592 -4854.056000
0.007852 -0.015149 1.000000
-0.638272 -0.647032 1142.537841
-0.553130 -0.497131 -581.547468
-0.001190 -0.001004 1.000000
1.919020 -4.767127 -115.175839
1.077177 -3.608335 -1207.088754
0.003189 -0.008241 1.000000
0.108554 -1.377683 -600.740492
0.269212 -1.407449 22.906669
0.000505 -0.002983 1.000000
-0.494997 -0.683902 -43.400706
-0.598368 -0.740176 271.107139
-0.001022 -0.001289 1.000000
2.013654 -3.938697 -1643.806223
0.628796 -2.141926 295.062354
0.002725 -0.006170 1.000000
-0.025756 -1.230232 -55.862688
-0.083252 -1.045998 19.248345
-0.000246 -0.002099 1.000000
-0.106089 -1.089576 762.360408
0.035409 -1.120811 -27.867955
-0.000086 -0.002170 1.000000
-0.242225 -0.638792 578.379130
-0.375213 -0.716020 134.766508
-0.000772 -0.001402 1.000000
0.834544 -2.019092 937.423882
0.890208 -1.862472 -412.998879
0.001550 -0.003759 1.000000
-2.017884 0.985674 4708.076375
-1.693747 1.180676 1104.997766
-0.003296 0.001669 1.000000
-0.320231 -1.055656 1813.190509
-0.158022 -0.944940 392.215332
-0.000356 -0.002143 1.000000
-1.452720 0.924898 1560.398712
-1.389682 0.601123 2100.689551
-0.003120 0.001854 1.000000
0.434522 -1.881526 -332.211003
0.479401 -2.248584 -356.199735
0.000878 -0.004031 1.000000
0.249466 -1.426001 221.214653
0.339563 -1.534589 -812.535760
0.000696 -0.003244 1.000000
0.957958 -2.948374 -2632.749657
0.681018 -2.380731 916.055108
0.001652 -0.004675 1.000000
0.167020 -1.360061 306.836636
0.221120 -1.093584 63.699941
0.000229 -0.002450 1.000000
-6.417953 5.120302 -3617.056634
-8.816751 10.455592 11393.145219
-0.017538 0.017853 1.000000
-0.158917 -0.895047 176.787324
-0.149369 -0.642521 65.738105
-0.000495 -0.001823 1.000000
-0.066656 -1.140635 1038.984997
-0.087001 -0.922377 -6.268148
0.000016 -0.002475 1.000000
1.437829 -3.458027 3644.748117
1.258517 -3.042360 -1273.183017
0.004318 -0.008590 1.000000
-0.064321 -1.532556 -400.876332
0.136700 -1.138245 318.712881
0.000164 -0.002769 1.000000
-0.273924 -0.904082 128.852968
-0.259552 -0.895522 327.888345
-0.000503 -0.001639 1.000000
0.298429 -1.686862 178.049427
0.070040 -1.554844 46.241757
0.000011 -0.002987 1.000000
-0.581682 -0.594866 -463.362488
-0.330464 -0.374404 805.041248
-0.001129 -0.000953 1.000000
0.876502 -3.070944 -462.620733
1.065435 -3.212838 -322.930589
0.002083 -0.005510 1.000000
-0.011799 -1.186726 483.973369
0.051855 -1.026641 -108.932452
-0.000224 -0.002110 1.000000
-0.284842 -0.880489 513.981109
-0.216262 -0.658487 105.583895
-0.000624 -0.001543 1.000000
-0.115160 -1.555184 13.923398
0.178093 -1.479244 -137.904857
0.000047 -0.002825 1.000000
-0.087533 -1.147352 528.098140
0.023849 -0.849532 -104.251305
-0.000159 -0.002093 1.000000
0.200771 -1.536624 548.197870
-0.068830 -1.383760 -29.321250
-0.000153 -0.002561 1.000000
0.163618 -1.749991 571.158349
0.281322 -1.603432 -213.711516
0.000442 -0.003307 1.000000
-0.460754 -0.335202 -2840.303071
-0.466768 -0.357290 -1009.373937
-0.001150 -0.000901 1.000000
-0.300819 -0.814108 878.854616
-0.414164 -0.840568 175.993394
-0.000813 -0.001472 1.000000
1.400193 -3.003068 859.699981
0.844021 -2.613981 -931.410354
0.001846 -0.005138 1.000000
0.194225 -1.742206 -692.873454
0.228201 -1.558870 -379.429221
0.000257 -0.003038 1.000000
0.558447 -2.021167 1250.660840
0.447082 -1.663998 -3.255078
0.000774 -0.003258 1.000000
1.432119 -4.376640 2276.775618
1.260898 -3.649103 -704.454455
0.003188 -0.008580 1.000000
0.123846 -1.560209 615.009376
-0.006922 -1.320270 -788.530130
-0.000016 -0.002557 1.000000
3.407772 -7.419217 4888.903320
2.992742 -5.203556 -964.861001
0.006609 -0.010663 1.000000
-0.349386 -0.816392 227.138294
-0.321964 -0.683571 -48.623710
-0.000875 -0.001380 1.000000
0.809303 -2.493021 -1199.621943
0.358007 -1.889479 383.204637
0.001103 -0.003960 1.000000
-0.040238 -1.371903 68.644924
-0.126980 -0.878257 361.599443
-0.000124 -0.002181 1.000000
-0.697006 -0.229093 544.503198
-0.556494 -0.290482 128.968540
-0.001237 -0.000646 1.000000
0.296876 -1.923592 1250.148221
0.618724 -1.303911 -315.426409
0.001055 -0.003393 1.000000
-0.555060 -0.617913 -77.925552
-0.371218 -0.303602 105.024666
-0.001089 -0.000951 1.000000
0.027872 -1.089619 429.257367
0.068102 -0.715887 -170.085686
-0.000084 -0.002065 1.000000
-6.282029 7.511449 8572.905093
-2.773176 4.533318 3407.208213
-0.011009 0.014833 1.000000
5.774701 -10.227685 12141.559289
3.585979 -8.674964 -5376.307030
0.010341 -0.019216 1.000000
-5.055832 6.372444 -2769.446964
-2.765542 2.247743 3330.748433
-0.007143 0.006883 1.000000
1.204839 -3.324570 3593.014141
0.645408 -2.071150 -3541.134094
0.001883 -0.005874 1.000000
1.022715 -3.539193 2057.699316
1.783278 -4.095658 -817.088701
0.003839 -0.008623 1.000000
-0.403063 -0.634766 459.928490
-0.257959 -0.583368 74.989124
-0.000786 -0.001342 1.000000
-0.336927 -1.322782 548.560275
-0.300528 -1.105020 4.656604
-0.000445 -0.002316 1.000000
-0.136279 -1.678377 957.951990
-0.115761 -1.089074 -239.038885
-0.000025 -0.002387 1.000000
0.465625 -2.196348 1077.531618
0.168015 -1.463046 -381.424533
0.000545 -0.003646 1.000000
-0.877314 -0.183121 996.319122
-0.390987 -0.288287 -240.770716
-0.001606 -0.000412 1.000000
0.188273 -1.981058 -1393.566983
0.302371 -1.688312 -72.955049
0.000677 -0.003972 1.000000
-1.027659 0.931220 -64.186823
-0.889977 0.468848 1084.300502
-0.002338 0.001484 1.000000
-0.998779 -0.068196 889.439699
-0.732505 -0.071799 -503.806678
-0.001735 -0.000125 1.000000
-1.986508 2.262025 2275.196449
-1.664926 1.388171 1896.962575
-0.004305 0.004076 1.000000
-2.621914 2.347391 2138.493184
-1.542444 1.540877 1447.167616
-0.004589 0.003869 1.000000
1.457935 -2.493023 -1477.052189
0.915147 -1.939624 1406.710957
0.002452 -0.005390 1.000000
-0.001691 -1.569693 1400.092011
-0.029841 -0.658563 -59.345977
0.000106 -0.002727 1.000000
-0.246130 -1.195419 838.397191
-0.057844 -1.013935 -210.604906
-0.000454 -0.002503 1.000000
0.212973 -1.556875 280.696024
0.076868 -1.544458 -13.933618
0.000043 -0.002829 1.000000
0.308113 -1.472253 1512.286769
0.408738 -1.505812 -214.272628
0.000640 -0.003145 1.000000
-3.628397 4.511079 -1830.000077
-2.953801 3.315689 1705.296358
-0.006064 0.006061 1.000000
-0.050230 -1.124940 -133.255665
0.202572 -1.245362 -127.971029
0.000147 -0.002794 1.000000
0.069106 -1.488646 1724.452790
0.070308 -1.396394 -1054.696405
0.000190 -0.003266 1.000000
2.164223 -4.608706 706.389158
1.325493 -3.492181 -566.508448
0.002435 -0.006378 1.000000
10.828966 -15.010272 -3730.415302
8.521989 -14.430592 -20051.448557
0.019339 -0.030660 1.000000
0.822261 -2.477812 1772.459594
0.537831 -2.039935 -687.733842
0.000988 -0.004547 1.000000
-0.695194 0.106240 -871.076674
-0.680395 0.108011 593.930066
-0.001779 0.000371 1.000000
-0.227036 -0.931678 347.751324
-0.153079 -0.601723 30.140198
-0.000493 -0.001600 1.000000
-0.371893 -0.944878 543.844007
-0.243245 -0.760451 -50.084380
-0.000720 -0.001764 1.000000
-0.274441 -0.890826 228.883576
-0.334466 -0.931190 -62.939223
-0.000736 -0.001818 1.000000
-0.334561 -0.795317 190.907604
-0.314097 -0.904752 232.518580
-0.000664 -0.001704 1.000000
-0.156431 -1.086744 348.090467
-0.150781 -1.211445 -13.388392
-0.000502 -0.002468 1.000000
0.708847 -2.383790 3552.176546
0.819145 -1.959188 593.998191
0.002350 -0.006065 1.000000
0.154018 -1.673638 -1168.995680
0.099042 -1.083425 -1257.582243
0.000222 -0.002968 1.000000
0.327209 -2.168035 544.795562
0.412077 -2.037052 -141.709322
0.000868 -0.003842 1.000000
-0.153804 -1.470459 328.701871
0.035179 -1.527083 158.233942
-0.000091 -0.002637 1.000000
0.417158 -1.747233 5.553365
0.204001 -1.240187 -725.398515
0.000784 -0.003966 1.000000
0.102767 -1.626484 1728.274053
0.113101 -1.219767 116.824481
0.000532 -0.003445 1.000000
-0.824275 -0.612604 1144.422693
-0.412812 -0.284422 112.100457
-0.001341 -0.000912 1.000000
0.024471 -1.790081 783.882534
0.181264 -1.713321 -2.603730
0.000178 -0.003292 1.000000
-0.561920 -1.014046 928.225565
-0.180420 -1.102602 106.754609
-0.000645 -0.002024 1.000000
-0.253741 -1.017558 510.059458
-0.028971 -0.984392 -94.868067
-0.000376 -0.002220 1.000000
-0.232991 -1.107406 1044.942330
-0.156874 -0.777158 131.994445
-0.000555 -0.001744 1.000000
21.931180 -37.459647 -24857.480529
17.610773 -30.083449 -20366.206802
0.044843 -0.067509 1.000000
0.306191 -1.921333 -218.807957
0.170246 -0.975079 -407.681797
0.000479 -0.003049 1.000000
-0.653913 -0.978420 1040.906587
-0.247685 -0.495040 218.776261
-0.000820 -0.001460 1.000000
0.160207 -1.502426 482.743838
0.148646 -1.173786 -381.872941
0.000399 -0.002892 1.000000
-0.424702 -1.056918 953.474660
-0.188037 -1.037774 207.432640
-0.000604 -0.001862 1.000000
-0.484626 -1.004816 865.800385
-0.047985 -0.647703 111.174938
-0.000477 -0.001677 1.000000
-0.050553 -1.036896 513.628070
-0.193018 -1.172900 -52.342497
-0.000167 -0.002621 1.000000
0.216668 -1.627328 175.050198
0.081459 -1.008303 -271.049900
0.000280 -0.002871 1.000000
-0.007309 -1.463558 -314.311787
-0.002866 -1.021705 -97.724563
0.000081 -0.002700 1.000000
-0.063867 -1.446436 497.069486
-0.053475 -0.771256 3.088456
-0.000192 -0.002248 1.000000
-0.521990 -0.877854 788.105644
-0.290327 -0.601301 -75.030410
-0.000763 -0.001662 1.000000
1.222214 -2.416344 -382.099578
0.478932 -1.779756 -626.347839
0.001642 -0.004827 1.000000
0.812332 -2.269778 642.430447
1.225039 -2.836866 -694.658092
0.002093 -0.005920 1.000000
-0.345590 -1.151512 689.358148
0.252139 -1.864257 82.409865
0.000045 -0.003404 1.000000
0.095647 -1.415436 827.847464
0.249436 -1.632324 -4.121255
0.000267 -0.003364 1.000000
20.639538 -27.839990 -3566.428288
11.498701 -19.518334 -8795.170975
0.032755 -0.043647 1.000000
0.242900 -1.521112 890.366854
0.663051 -1.638102 -241.440703
0.001474 -0.003983 1.000000
-0.183733 -1.902222 1007.174494
0.551033 -3.150946 -37.712925
0.000968 -0.005636 1.000000
0.396786 -1.586283 192.098177
0.041268 -1.030787 -232.075398
0.000357 -0.003119 1.000000
0.727530 -1.622875 259.079977
0.157284 -1.146325 68.330269
0.000598 -0.003299 1.000000
0.058772 -0.941793 316.819574
-0.096124 -0.754117 154.610849
-0.000168 -0.002114 1.000000
0.534218 -1.648318 431.356179
0.239344 -1.036792 -211.863183
0.000670 -0.003357 1.000000
0.957341 -1.759558 336.179689
0.317481 -0.868195 -97.257102
0.001030 -0.003437 1.000000
0.167123 -0.716079 270.569334
-0.160501 -0.286926 264.189990
-0.000415 -0.001403 1.000000
0.493983 -0.612933 169.259075
-0.097029 -0.031222 277.973331
-0.000174 -0.001214 1.000000
1.061104 0.095574 -76.409164
-0.067488 1.390345 -146.014683
-0.000137 0.000513 1.000000
0.476456 -1.293629 312.743566
0.434919 -1.270203 -202.585065
0.000626 -0.003297 1.000000
1.000000 -0.000000 0.000000
-0.000000 1.000000 0.000000
-0.000000 -0.000000 1.000000
1.002428 -0.014675 -57.896226
-0.008316 1.009917 -27.125006
0.000008 -0.000027 1.000000
1.213260 0.075735 -104.622925
0.041484 1.192526 -111.348971
0.000159 0.000142 1.000000
0.677358 -0.507111 78.315375
-0.063008 -0.051494 346.445285
-0.000126 -0.001202 1.000000
0.676346 -0.523031 72.005628
-0.075563 0.135990 274.250611
-0.000125 -0.001086 1.000000
0.631152 -0.686353 93.419860
-0.059996 0.074912 179.312561
-0.000132 -0.001350 1.000000
1.520507 0.060155 -233.951115
-0.037575 1.715710 -289.539778
0.000168 0.000583 1.000000
1.007543 0.100577 -100.412510
-0.028900 1.099448 -40.691500
-0.000037 0.000112 1.000000
0.710612 0.092261 -32.705569
-0.232779 0.890734 57.715343
-0.000459 0.000186 1.000000
0.852855 -0.325348 29.992437
-0.060261 0.272870 243.601772
0.000137 -0.000935 1.000000
5.014737 2.051875 -1478.630433
0.765854 6.208498 -1094.824689
0.001826 0.005208 1.000000
0.269715 -1.802760 573.124969
0.338674 -1.439910 -381.127920
0.000796 -0.003936 1.000000
1.586836 0.087622 -219.785687
0.158877 1.323812 -186.446859
0.000463 -0.000266 1.000000
4.125298 2.321010 -1698.434456
-0.202856 5.708411 -1277.802761
-0.000283 0.005071 1.000000
-0.897136 -0.112117 57.708666
-0.699496 -0.006169 314.982536
-0.001924 -0.000178 1.000000
-0.274979 -0.170621 12.916812
-0.563059 -0.107827 394.439996
-0.001292 -0.000561 1.000000
3.724270 -5.414429 -1928.603121
1.407244 -3.402867 -1948.496057
0.005487 -0.010494 1.000000
0.617841 -2.534569 1119.939554
1.069527 -3.193417 -184.206497
0.002335 -0.006239 1.000000
0.701214 -2.111309 834.796473
1.780409 -3.762585 -493.173296
0.002781 -0.006945 1.000000
-0.209063 -1.421086 888.905809
0.167569 -1.376981 101.785085
0.000212 -0.002823 1.000000
0.570766 -2.163028 1127.592556
0.923457 -2.533131 -27.248887
0.001689 -0.005067 1.000000
1.209843 -3.703048 1143.308649
1.384497 -4.360378 -214.393650
0.003036 -0.008157 1.000000
-1.229544 3.193460 -563.148643
-2.148921 5.259685 715.320944
-0.004752 0.008170 1.000000
0.375601 -1.944985 620.495514
0.440665 -1.831746 -522.274830
0.001104 -0.004578 1.000000
-0.000571 -1.682628 870.633082
0.663740 -1.460874 -441.858402
0.000966 -0.004001 1.000000
3.558179 -6.579781 3494.220668
2.062837 -5.302467 -1406.115122
0.007078 -0.014804 1.000000
0.070817 -1.483429 881.442038
0.068959 -1.023161 -318.247714
0.000172 -0.002826 1.000000
0.288580 -1.495693 805.902792
0.440245 -0.789814 -54.134346
0.000964 -0.002884 1.000000
0.037414 -1.393753 244.188648
0.023693 -1.130282 -4.752027
-0.000098 -0.002513 1.000000
-2.134915 1.656381 -333.144399
-1.890105 1.406959 2571.224040
-0.004922 0.003708 1.000000
-0.103897 -1.323172 757.043740
0.081295 -0.690061 -76.732575
0.000115 -0.002709 1.000000
-0.453537 -1.066712 685.502624
-0.042911 -0.835813 217.792962
-0.000284 -0.001972 1.000000
0.010697 -0.703299 228.276635
-0.157876 -0.477403 221.247513
-0.000518 -0.001413 1.000000
-0.082320 -0.537989 168.550133
-0.254812 -0.303143 228.562763
-0.000740 -0.001090 1.000000
0.122145 -0.622316 180.274526
-0.086376 -0.571499 238.270561
-0.000417 -0.001615 1.000000
0.166861 -1.498684 328.243835
0.089801 -1.587335 168.075483
0.000097 -0.003197 1.000000
0.077230 -0.476511 -23.038944
-0.214277 -0.542711 266.676414
-0.000638 -0.001390 1.000000
0.328836 -0.964772 -52.504531
0.102436 -1.128259 159.115839
-0.000009 -0.002426 1.000000
0.685320 -2.014631 274.944407
0.408950 -1.685527 12.403636
0.000746 -0.003795 1.000000
0.229794 -1.340297 -134.960921
0.137406 -1.343446 -13.954381
0.000239 -0.003119 1.000000
0.078963 -1.059021 615.354239
-0.003993 -1.297200 181.369445
-0.000094 -0.002442 1.000000
2.256790 -4.326722 835.890603
1.115868 -2.783278 -364.992844
0.003574 -0.007906 1.000000
1.491093 -4.018535 -1182.662397
1.094324 -3.552984 -565.151348
0.002183 -0.007122 1.000000
-0.583808 -0.123574 -301.695202
-0.751284 -0.029223 387.103050
-0.001662 -0.000239 1.000000
2.790043 -4.861392 339.148865
3.007193 -6.818489 -205.440396
0.004495 -0.010235 1.000000
0.374658 -1.435581 587.262738
1.050547 -2.541606 -166.688643
0.001709 -0.004658 1.000000
0.582416 -1.512200 -92.274132
0.902097 -2.048285 -67.075012
0.002536 -0.005019 1.000000
-0.615305 -0.849632 -101.964506
-0.395741 -0.519692 -513.645887
-0.000883 -0.001476 1.000000
-2.911748 4.247003 -3006.783125
-4.037975 6.127450 1297.927754
-0.010971 0.011609 1.000000
-0.052173 -1.576189 671.494351
0.013697 -0.918534 -320.242270
-0.000177 -0.002329 1.000000
0.312029 -1.857600 1339.143605
0.282405 -1.211755 73.846130
0.000493 -0.002796 1.000000
-5.708391 6.949215 -1027.647627
-3.450013 4.879700 1110.099747
-0.011980 0.013839 1.000000
-0.327454 -0.338043 132.351186
-0.383739 -0.103447 267.504573
-0.001136 -0.000672 1.000000
0.102143 -1.219814 1030.839860
0.333862 -1.808550 83.561262
0.000519 -0.002955 1.000000
0.279224 -1.458316 687.525866
0.841231 -2.411184 -113.186397
0.001328 -0.004344 1.000000
1.523221 -4.537299 -232.587381
1.082889 -3.339424 -177.625816
0.001955 -0.005953 1.000000
1.022127 -2.656756 -1723.249312
1.954531 -3.417168 -353.750385
0.003739 -0.006290 1.000000
1.383949 -4.194164 -636.020814
1.700617 -4.643888 -616.244416
0.002733 -0.007797 1.000000
-0.185956 -0.977232 474.508961
-0.163220 -0.523491 -99.087635
-0.000487 -0.001558 1.000000
2.588904 -5.075743 -414.898978
1.483069 -3.565997 -978.041958
0.003078 -0.007606 1.000000
-0.004029 -1.322543 1208.563513
0.027275 -1.036984 -1097.091839
-0.000202 -0.002288 1.000000
-2.771675 3.050547 1708.437516
-4.006467 5.214849 3330.056786
-0.008201 0.009458 1.000000
0.343886 -1.260667 537.521001
0.380294 -1.501989 43.237541
0.000604 -0.003265 1.000000
-0.249420 -0.785330 548.659357
-0.079903 -0.884652 -164.598047
-0.000394 -0.001970 1.000000
-79.355130 107.868741 48246.149863
-66.819115 98.489340 27153.262990
-0.135333 0.177639 1.000000
-15.045507 28.429795 -22052.789211
-14.096074 26.909280 3170.641796
-0.034243 0.051969 1.000000
0.241089 -1.382375 723.694849
0.235085 -1.033327 -149.445920
0.000599 -0.002893 1.000000
-0.479622 -1.084826 972.233126
-0.183104 -0.915925 156.668767
-0.000567 -0.001851 1.000000
0.050048 -1.366389 449.792024
0.041384 -0.840494 -220.744359
0.000057 -0.002282 1.000000
-0.014596 -1.381744 810.608782
-0.082870 -0.918370 -196.480097
0.000119 -0.002571 1.000000
-0.150028 -1.276153 1192.036990
-0.022962 -0.890669 54.827573
-0.000087 -0.002278 1.000000
4.226380 -8.343992 -1871.196591
3.344406 -6.985611 -2471.765595
0.006381 -0.012930 1.000000
-0.326942 -1.428602 998.988246
-0.077127 -0.983864 85.491508
-0.000256 -0.002071 1.000000
0.436135 -1.785824 833.948156
0.796720 -2.034306 -35.517045
0.001532 -0.004279 1.000000
