-0.028629 -1.118825 -943.333290
0.017661 -0.789396 3260.101408
-0.000167 -0.002498 1.000000
0.471817 -2.160722 3306.636264
0.978167 -1.972524 1441.358074
0.002052 -0.005034 1.000000
0.052936 -1.353067 -325.598439
-0.004655 -1.012929 94.045366
-0.000001 -0.002550 1.000000
-1.103668 -0.021100 1489.497649
-0.813786 -0.129433 84.469001
-0.001897 -0.000123 1.000000
-0.540735 -0.788057 503.046200
-0.439495 -0.465376 -523.730147
-0.000927 -0.001369 1.000000
0.405647 -1.814908 1454.894357
0.709861 -2.327305 -1074.609483
0.001462 -0.005244 1.000000
-0.714405 -0.360774 -570.215707
-0.512386 -0.164145 268.927635
-0.001509 -0.000763 1.000000
-0.258360 -0.754833 425.930854
-0.134306 -0.582814 -272.463196
-0.000611 -0.001738 1.000000
2.486602 -3.275878 9162.572376
1.876435 -2.107563 3707.927647
0.004370 -0.006626 1.000000
-0.324981 -1.067166 923.211000
-0.131515 -0.762259 -171.335746
-0.000517 -0.001807 1.000000
0.136463 -1.402171 -1916.691248
0.034726 -0.896513 -173.311404
0.000489 -0.002909 1.000000
-0.203929 -0.985622 -447.344547
-0.048532 -0.606370 159.417254
-0.000301 -0.001810 1.000000
-0.468663 -1.035440 1158.441102
-0.262457 -0.615538 -232.800118
-0.000690 -0.001607 1.000000
-0.003113 -1.005024 -348.742273
-0.141740 -0.842139 -605.321505
-0.000266 -0.001909 1.000000
0.233408 -1.472713 1095.589356
0.318774 -1.267756 -3.164193
0.000383 -0.003003 1.000000
0.559168 -1.796529 2101.574037
0.487949 -1.361551 -596.056747
0.001008 -0.003372 1.000000
-0.162251 -0.900990 728.257942
0.033635 -0.805827 -150.366547
-0.000195 -0.002098 1.000000
-0.083600 -1.171514 213.128847
0.007315 -0.921795 72.026288
0.000011 -0.002278 1.000000
-0.070003 -0.858747 624.300461
0.015203 -0.589848 -49.142881
-0.000219 -0.001815 1.000000
-0.571110 -1.056637 249.581920
-0.431794 -0.686551 -209.024940
-0.000853 -0.001635 1.000000
-0.043134 -0.818862 -2.176643
-0.068858 -0.811475 90.577612
-0.000208 -0.002011 1.000000
0.980154 -2.573370 841.256462
0.402605 -1.430422 -2392.307488
0.001594 -0.004275 1.000000
0.388922 -1.553188 1777.494142
0.408954 -0.890140 -164.570634
0.000903 -0.002901 1.000000
-0.273960 -0.966813 262.227387
-0.083155 -0.589719 22.470233
-0.000410 -0.001847 1.000000
1.010670 -2.317158 116.433964
0.665210 -1.700648 -1257.037165
0.002086 -0.004261 1.000000
0.345199 -1.370843 1180.070381
0.470357 -1.248774 -234.369434
0.000822 -0.003086 1.000000
0.021050 -1.244924 -1130.119731
-0.178879 -0.927713 1570.424192
-0.000137 -0.002658 1.000000
-0.350105 -0.641947 178.980470
-0.387252 -0.552336 173.881987
-0.000872 -0.001337 1.000000
-0.414885 -1.060399 559.762024
-0.195820 -0.906715 64.081823
-0.000507 -0.002049 1.000000
0.788400 -2.184476 1331.847176
0.640098 -1.702797 -125.441016
0.001469 -0.003922 1.000000
-0.419310 -0.876348 946.848448
-0.391180 -0.586182 -236.321454
-0.000803 -0.001599 1.000000
2.424813 -4.416217 861.934336
1.009225 -3.054255 -2071.622010
0.003553 -0.007369 1.000000
-0.312661 -0.852118 215.731020
-0.220981 -0.796428 -470.274986
-0.000491 -0.001989 1.000000
0.750490 -1.553997 1220.178567
0.541361 -1.363767 -751.870238
0.001456 -0.003517 1.000000
-0.345153 -0.945904 1221.669772
-0.201129 -0.659471 -464.607787
-0.000561 -0.001612 1.000000
0.213690 -1.637409 1474.757881
0.225226 -1.023141 263.819180
0.000517 -0.002463 1.000000
0.439305 -2.245425 1885.945262
0.505614 -1.793484 2.237869
0.001131 -0.004640 1.000000
0.638112 -1.739991 2265.536814
0.345135 -1.404027 792.153838
0.000869 -0.003274 1.000000
-0.413426 -0.949324 -785.440296
-0.230783 -0.550694 567.191458
-0.000702 -0.001728 1.000000
-2.198967 0.590201 4236.245511
-1.961524 1.473173 843.469977
-0.004370 0.002210 1.000000
2.603121 -4.535897 -9266.793037
2.416911 -3.521452 4132.969085
0.005793 -0.009809 1.000000
1.205084 -2.815030 207.055144
0.939538 -2.113399 -2929.716051
0.002687 -0.005919 1.000000
-0.508462 -0.578832 765.154625
-0.496086 -0.580803 2.105724
-0.001072 -0.001298 1.000000
-0.529635 -0.520817 2936.085808
-0.394427 -0.424828 1417.760703
-0.001041 -0.001125 1.000000
-0.549540 -0.236615 2478.716851
-0.548107 -0.331855 2466.629837
-0.001396 -0.000868 1.000000
-8.820304 9.081117 18185.586705
-8.333548 8.642471 15165.468972
-0.017214 0.018401 1.000000
0.262732 -1.728570 1168.464087
0.185485 -1.052209 -1.803344
0.000445 -0.002812 1.000000
0.145352 -1.664655 2437.067200
0.015317 -1.023611 901.144909
0.000003 -0.003081 1.000000
0.687040 -1.938099 1056.024022
0.871686 -1.989472 1879.095516
0.001589 -0.003863 1.000000
-0.402536 -0.793491 1621.875492
-0.214488 -0.724395 65.444021
-0.000691 -0.001579 1.000000
0.419386 -2.030506 1700.664035
0.391888 -1.438393 642.369040
0.000805 -0.003580 1.000000
-1.059997 -0.103546 901.874014
-0.900509 0.043162 -500.638938
-0.002051 -0.000118 1.000000
-1.099293 -0.202024 -567.034381
-0.753199 -0.179667 -215.914451
-0.001927 -0.000258 1.000000
-0.059047 -1.030424 1147.681634
-0.066259 -1.157001 -657.396849
-0.000232 -0.002598 1.000000
-0.756257 -0.598817 1175.999665
-0.505052 -0.503168 707.108069
-0.001271 -0.001135 1.000000
0.434437 -1.622357 -75.199742
0.368731 -1.310674 -503.587777
0.000677 -0.003210 1.000000
2.178194 -3.079913 1427.871153
1.350807 -1.486214 2278.200182
0.004001 -0.006047 1.000000
-0.454852 -0.782082 997.396444
-0.193946 -0.549722 -118.609684
-0.000779 -0.001789 1.000000
-0.249795 -0.931373 609.650891
-0.096361 -0.703675 -500.744216
-0.000520 -0.001861 1.000000
0.801524 -2.194931 1125.562180
0.749415 -2.381219 -473.655443
0.001741 -0.004662 1.000000
-1.333102 0.330051 378.008837
-0.738729 -0.008801 -722.698959
-0.002430 0.000203 1.000000
-1.171937 -0.120768 925.137076
-0.818758 0.044227 1675.744323
-0.002313 0.000267 1.000000
8.444628 -10.662256 -7349.342711
5.147025 -4.310285 5726.195178
0.015529 -0.019797 1.000000
0.542649 -1.614843 1810.481683
0.558084 -1.443454 -93.714193
0.001275 -0.003656 1.000000
2.430778 -3.613631 4714.840560
0.726281 -1.110831 -1879.904765
0.004386 -0.006144 1.000000
-0.444063 -1.115938 1716.948179
-0.294182 -0.909577 413.854732
-0.000537 -0.002085 1.000000
-1.410397 0.144560 -1329.962645
-1.347908 -0.133171 248.768573
-0.002361 -0.000040 1.000000
-0.023279 -1.092312 -660.689545
0.096960 -0.833352 -812.172959
-0.000148 -0.002152 1.000000
1.029201 -2.214739 -983.978368
0.369880 -1.384330 26.509618
0.001386 -0.004103 1.000000
1.301326 -2.699393 -2268.929024
1.592185 -3.096864 -1630.952214
0.003276 -0.005918 1.000000
0.760991 -1.883622 -750.020139
0.331802 -1.751151 -1016.852720
0.000760 -0.003440 1.000000
0.080691 -1.339002 1636.791008
0.067893 -0.994205 621.468642
0.000017 -0.002264 1.000000
4.748119 -4.592133 -7521.755758
2.922077 -3.371936 6453.492925
0.010539 -0.012892 1.000000
0.461248 -1.594354 939.084053
0.298219 -1.153168 -1832.235343
0.000454 -0.003082 1.000000
-0.541440 -0.715817 1802.708464
-0.457388 -0.408250 -77.134639
-0.001135 -0.001163 1.000000
0.137988 -1.604553 1794.485860
0.085688 -1.318988 785.973381
0.000316 -0.003030 1.000000
0.175936 -1.412808 -1995.119651
-0.010386 -0.732276 113.836429
0.000045 -0.002461 1.000000
0.158400 -2.155357 -407.997844
0.199395 -1.256832 489.697263
0.001148 -0.003894 1.000000
0.135443 -2.084697 -463.047458
0.396141 -1.526610 478.574362
0.000881 -0.003713 1.000000
-0.062917 -0.719914 102.387314
0.184499 -1.408027 -583.318539
0.000195 -0.002673 1.000000
-1.898909 1.028335 2117.000077
-1.862671 0.997541 -680.061432
-0.003625 0.001968 1.000000
4.496703 -8.978884 2008.682606
4.774369 -7.726058 -7041.355908
0.009799 -0.016767 1.000000
-2.222753 0.583078 5056.085501
-2.028390 1.095372 3010.524060
-0.004218 0.001703 1.000000
15.432093 -14.691698 22081.525227
11.353169 -9.603291 -13029.053995
0.027153 -0.027101 1.000000
-6.720164 9.002813 -5560.468288
-4.906745 3.341396 7325.420489
-0.014305 0.011999 1.000000
-5.383411 5.963875 11963.737563
-3.558461 3.722538 1013.723152
-0.013452 0.014226 1.000000
-0.406071 -0.662704 1583.854854
-0.284970 -0.655619 -222.758144
-0.000857 -0.001555 1.000000
0.253320 -1.576729 906.204947
0.128994 -1.149099 -53.022123
0.000377 -0.002661 1.000000
0.462125 -1.202805 -562.690987
0.278135 -0.976616 -566.746012
0.001038 -0.003158 1.000000
-3.047205 1.622914 5140.560375
-2.601428 2.246366 32.920562
-0.005397 0.004212 1.000000
-0.012248 -1.569416 1305.307908
0.344905 -1.505795 277.875424
0.000430 -0.003232 1.000000
0.138934 -1.624077 -262.729098
0.050355 -1.351184 896.270340
0.000305 -0.002864 1.000000
1.555168 -3.442576 -3113.841302
0.925967 -2.234601 151.836686
0.002100 -0.005644 1.000000
1.635959 -4.108132 -3007.301896
1.087000 -2.646333 -1707.538681
0.002961 -0.006799 1.000000
1.748606 -4.302789 4335.098586
0.918122 -1.933058 883.668352
0.002638 -0.006104 1.000000
3.709124 -7.130102 1206.354579
3.356173 -5.846141 -5285.974374
0.006950 -0.011243 1.000000
-5.428944 5.982694 -639.076413
-2.546708 2.798955 5224.620205
-0.007664 0.008970 1.000000
1.068936 -3.111779 367.822516
1.181617 -2.978612 -2163.100458
0.002403 -0.006372 1.000000
1.396163 -3.114310 640.190421
0.962386 -2.697061 -778.298081
0.001886 -0.005243 1.000000
0.292548 -1.602177 303.206295
0.092352 -1.554741 -141.175893
0.000481 -0.003128 1.000000
-0.201747 -1.518413 -287.682537
-0.002721 -1.242918 660.550140
-0.000214 -0.002661 1.000000
0.243747 -1.156065 -409.467885
0.132295 -1.373276 564.018975
0.000314 -0.002533 1.000000
-0.178624 -0.944228 809.135056
-0.067471 -0.954174 61.267054
-0.000265 -0.001934 1.000000
0.167553 -1.070109 332.812376
0.078474 -0.779367 -320.260434
0.000061 -0.002114 1.000000
-0.245425 -0.994307 32.372129
-0.285058 -1.108970 375.371055
-0.000487 -0.001872 1.000000
-0.787347 -0.642108 432.615052
-0.496344 -0.287687 923.919810
-0.001315 -0.000939 1.000000
-0.783124 -0.341600 -60.647234
-0.680715 -0.382333 662.843766
-0.001592 -0.000809 1.000000
-0.115605 -1.018150 238.066730
0.002485 -1.021795 -353.163735
-0.000154 -0.002212 1.000000
-0.615386 -0.669271 1575.333545
-0.384668 -0.566112 -86.070652
-0.001009 -0.001248 1.000000
1.139596 -2.284333 -391.710496
0.774099 -1.693490 -814.731578
0.001847 -0.004231 1.000000
-0.236925 -0.973905 -110.340770
-0.170947 -0.748780 -285.556832
-0.000400 -0.002039 1.000000
0.107480 -1.030392 475.443437
0.075306 -1.020731 -425.960989
0.000078 -0.002528 1.000000
0.182500 -1.516063 600.791749
0.097602 -1.322738 -290.364557
0.000457 -0.003229 1.000000
-0.364204 -1.014828 1192.063406
-0.228908 -0.805987 106.118847
-0.000577 -0.001894 1.000000
-0.895958 -0.143727 706.036619
-0.661419 -0.275848 -396.871643
-0.001652 -0.000458 1.000000
0.151754 -1.555006 596.726400
0.383018 -1.376341 -488.698811
0.000468 -0.003247 1.000000
-0.101436 -1.948780 -1079.821928
0.088975 -1.790568 -337.908883
0.000045 -0.003474 1.000000
0.216074 -2.206515 371.038408
0.256659 -1.721435 -430.193296
0.000493 -0.004003 1.000000
0.717816 -1.869034 -2080.483528
0.350498 -1.557490 2678.607545
0.000950 -0.003501 1.000000
0.647796 -2.267160 168.875722
0.262741 -1.572271 -730.878904
0.000858 -0.003806 1.000000
0.639509 -2.212294 -168.794905
0.484587 -1.744665 -1096.103010
0.001706 -0.004142 1.000000
0.223239 -2.424150 218.068497
0.307407 -1.882834 68.057008
0.000507 -0.003544 1.000000
0.474791 -2.087166 714.456691
0.307836 -1.578279 -405.063000
0.000740 -0.003283 1.000000
0.067342 -1.350594 -454.760293
0.147862 -1.208076 -391.388588
0.000288 -0.002524 1.000000
0.779535 -2.287652 -1062.295046
0.740893 -2.048111 -1125.450635
0.001501 -0.004449 1.000000
-0.542406 -0.895670 1157.671565
-0.359795 -0.632786 9.678140
-0.000835 -0.001519 1.000000
-0.189166 -0.832202 116.379221
-0.118526 -0.783354 -63.478046
-0.000232 -0.001798 1.000000
0.482678 -2.042791 907.482827
0.426179 -2.272799 -339.771075
0.001020 -0.003860 1.000000
-0.238148 -0.844423 1063.460609
-0.157692 -0.824416 207.943402
-0.000348 -0.001757 1.000000
-0.443556 -0.808125 243.085249
-0.306735 -0.709410 -208.145902
-0.000776 -0.001662 1.000000
0.420265 -1.748487 777.690357
0.509435 -2.109887 -263.766879
0.000820 -0.004123 1.000000
-0.342743 -1.177077 831.824594
-0.374224 -0.996842 -3.042683
-0.000429 -0.001996 1.000000
-0.244429 -1.257169 1189.838596
-0.241724 -1.063730 -279.371374
-0.000473 -0.002041 1.000000
-0.244874 -1.258405 124.714720
-0.182948 -1.240970 -345.162165
-0.000432 -0.002284 1.000000
-1.273145 -0.271136 -13.846517
-1.547512 -0.402304 -170.430587
-0.002571 -0.000351 1.000000
-1.348914 0.072765 -332.791258
-1.614426 0.288480 -329.201858
-0.003060 0.000594 1.000000
-0.022162 -1.384012 -214.434571
0.039263 -1.058740 400.818129
-0.000039 -0.002446 1.000000
-0.181776 -1.296382 464.749417
-0.235486 -1.461872 182.481910
-0.000362 -0.002483 1.000000
-0.347306 -0.687134 282.515657
-0.310226 -0.671297 -57.903317
-0.000701 -0.001624 1.000000
-3.622915 3.242173 10702.693636
-3.202672 3.098908 -18358.970680
-0.009581 0.008606 1.000000
-2.967251 2.154973 -2758.905617
-1.901900 1.560045 1872.051371
-0.006161 0.005000 1.000000
0.271890 -1.700775 2092.194488
0.111280 -1.275855 -265.174137
0.000553 -0.003252 1.000000
-0.101477 -1.593302 2063.971763
0.070759 -0.821222 196.624577
0.000080 -0.002581 1.000000
-2.032181 1.061537 -6.104988
-1.080660 0.453999 -1545.306140
-0.003234 0.001495 1.000000
-0.239842 -1.753646 690.189287
-0.080391 -0.942030 -459.570013
-0.000264 -0.002578 1.000000
-0.152413 -1.069436 1100.639144
-0.205169 -0.995060 213.350069
-0.000313 -0.002056 1.000000
-0.509388 -0.525652 1722.297246
-0.450454 -0.436639 -95.214145
-0.001081 -0.001130 1.000000
-0.110983 -1.131327 551.323093
0.063721 -0.842035 -428.948933
-0.000124 -0.002279 1.000000
-0.500865 -0.685309 -544.132019
-0.407761 -0.679376 209.426248
-0.000956 -0.001464 1.000000
-0.503321 -0.952064 -98.399649
-0.370631 -0.894205 267.148560
-0.000617 -0.001841 1.000000
4.357959 -6.266612 -10853.674760
2.305515 -3.464988 -3195.498686
0.008533 -0.011694 1.000000
-0.134294 -1.216345 151.904765
-0.158599 -0.698342 894.390802
-0.000478 -0.002277 1.000000
-0.202537 -1.399682 -478.684892
0.014499 -0.978560 639.211135
-0.000117 -0.002603 1.000000
-1.865708 0.765335 4467.621351
-1.180799 0.466403 2975.059503
-0.003173 0.001282 1.000000
-1.488299 0.464010 1911.344004
-1.109079 0.387170 -500.408182
-0.002941 0.000830 1.000000
-0.229350 -1.676142 1783.722141
-0.091268 -1.111857 66.753804
-0.000010 -0.003338 1.000000
0.146013 -1.604735 2645.365992
0.092262 -0.952310 229.435419
0.000318 -0.003081 1.000000
-3.963314 0.661707 -1772.463836
-1.833179 0.696348 -37.037418
-0.005955 0.002796 1.000000
1.362973 -2.978146 784.886075
0.447967 -1.609417 -970.232068
0.002259 -0.005175 1.000000
-0.079391 -0.786492 344.850616
-0.187948 -0.843256 164.947882
-0.000415 -0.001850 1.000000
0.062965 -1.566476 -293.979043
0.281521 -1.329635 20.597641
0.000627 -0.003006 1.000000
-0.961821 0.050527 477.951746
-0.681082 -0.125740 -312.758885
-0.002051 -0.000069 1.000000
0.125883 -1.602961 8.395002
0.019090 -1.287744 -453.109968
0.000235 -0.003132 1.000000
-3.326647 2.689498 1943.323247
-2.549218 1.958191 -1092.506429
-0.005398 0.004381 1.000000
-0.532443 -1.102244 422.053297
-0.384179 -0.713575 -43.882888
-0.000743 -0.001655 1.000000
-0.272180 -0.960927 398.777044
-0.135833 -0.978759 -24.055644
-0.000279 -0.002154 1.000000
-0.092867 -1.216484 221.075759
0.086312 -0.847092 -314.393245
0.000079 -0.002390 1.000000
-0.287627 -0.754011 -189.881453
-0.379757 -0.536077 260.588604
-0.000722 -0.001615 1.000000
-0.690291 -0.446699 1731.051473
-0.475151 -0.315601 1212.941225
-0.001502 -0.000841 1.000000
-525.870291 418.397523 315015.676638
-361.591293 427.195418 205835.441149
-1.105629 0.962634 1.000000
0.623684 -2.006384 -344.142364
0.436035 -2.174612 76.451458
0.000859 -0.004194 1.000000
0.380239 -2.220473 -119.288064
0.365434 -2.121155 216.044727
0.000500 -0.003770 1.000000
-0.131955 -1.108379 480.838973
-0.087212 -0.778609 123.248775
-0.000266 -0.002096 1.000000
-1.981912 0.792578 -933.804814
-1.588246 0.291468 242.854564
-0.003412 0.001406 1.000000
-0.464424 -0.476137 -110.003695
-0.497535 -0.372234 344.270393
-0.000998 -0.001206 1.000000
-0.414881 -0.797427 375.755367
-0.366396 -0.748410 171.086397
-0.000713 -0.001577 1.000000
-0.370635 -1.139512 557.181831
-0.272652 -0.802838 120.008499
-0.000542 -0.001810 1.000000
0.325590 -0.542351 237.830409
-0.036631 0.094573 66.499447
-0.000072 -0.001240 1.000000
-1.164745 -0.109759 82.819742
-1.015955 0.120798 469.642019
-0.002039 0.000090 1.000000
-0.669399 -0.302508 84.345557
-0.652372 -0.294351 350.942996
-0.001301 -0.000872 1.000000
2.214650 -3.493336 1321.086757
1.198361 -3.052597 -541.459253
0.003013 -0.006885 1.000000
-10.701878 12.900445 -5084.371177
-6.633676 7.817028 2933.894474
-0.016989 0.021325 1.000000
-0.064744 -1.106720 328.029234
-0.237467 -1.041467 -41.660238
-0.000296 -0.002270 1.000000
-0.023131 -1.310589 -339.580826
-0.097939 -1.154571 -99.236273
-0.000023 -0.002814 1.000000
-0.358214 -1.029072 -99.097690
-0.243125 -0.799058 225.787149
-0.000514 -0.001919 1.000000
0.095769 -0.709778 234.936138
-0.284951 -0.369382 373.197402
-0.000476 -0.001464 1.000000
-1.651761 0.210967 235.278925
-0.829074 -0.216377 401.775157
-0.002200 -0.000029 1.000000
1.345224 -1.520828 387.499620
0.360841 -0.608441 95.285786
0.001159 -0.002751 1.000000
3.453922 -4.319037 888.293674
1.404459 -2.101270 -357.148294
0.003849 -0.006783 1.000000
5.474276 -0.092070 -1571.742615
0.460425 4.302864 -521.582382
0.002943 0.001622 1.000000
0.483260 -0.072195 182.533461
-0.204011 0.708678 116.494483
-0.000363 -0.000252 1.000000
-2.510612 0.574212 236.813625
-1.207702 0.182979 481.460973
-0.003523 0.000979 1.000000
-3.421442 1.900764 -301.963313
-1.693975 0.533677 680.443135
-0.004651 0.002951 1.000000
-0.937990 -0.026853 151.057550
-0.790312 -0.081903 536.877169
-0.001691 -0.000392 1.000000
-1.058603 -0.003478 13.076915
-1.064139 0.206519 560.788625
-0.002205 0.000570 1.000000
-3.022771 1.379597 -1222.845275
-2.001288 0.486558 181.687921
-0.004648 0.002373 1.000000
-3.143622 1.252149 -704.126857
-1.970016 0.482938 360.250543
-0.005249 0.003299 1.000000
-0.125764 -0.801737 307.296311
-0.305510 -0.267599 216.604658
-0.000505 -0.001439 1.000000
1.000000 0.000000 0.000000
-0.000000 1.000000 0.000000
-0.000000 0.000000 1.000000
0.799145 -0.917347 196.825784
0.121234 -0.345223 332.750238
0.000206 -0.001805 1.000000
0.645842 -0.341219 255.783357
-0.059900 0.479911 127.793637
-0.000036 -0.000773 1.000000
0.500037 -0.191119 168.847377
-0.185583 0.754195 46.823847
-0.000237 -0.000500 1.000000
-1.909842 1.186628 -1394.830780
-1.187250 0.070985 789.231755
-0.003020 0.001088 1.000000
-0.501129 -0.751644 28.267145
-0.380195 -0.411202 422.916455
-0.000954 -0.001339 1.000000
-0.071636 -1.191524 1440.126390
-0.159977 -0.955137 -64.685858
-0.000135 -0.002679 1.000000
5.605597 -7.690984 3663.649885
3.335712 -2.602589 -3306.281132
0.009323 -0.014407 1.000000
-4.962369 3.770031 -4308.082554
-2.857605 1.953084 9133.257214
-0.008380 0.006336 1.000000
-0.162788 -1.328040 1608.259177
-0.163739 -0.777672 -113.904312
-0.000261 -0.002131 1.000000
27.921710 -41.898331 7390.021975
20.739388 -24.997617 -31556.154246
0.062256 -0.074316 1.000000
-0.126722 -1.501212 736.089424
0.102671 -1.016707 -235.692070
0.000144 -0.002866 1.000000
-0.243365 -0.799777 348.827818
-0.230640 -0.399874 168.921520
-0.000560 -0.001587 1.000000
-2.650787 3.154440 1512.090482
-2.324836 2.785638 1542.465447
-0.005797 0.005974 1.000000
2.476122 -6.940513 -1162.977302
1.477736 -6.214857 -1282.257766
0.005562 -0.011852 1.000000
3.718531 -10.760681 84.500080
2.193242 -9.018935 -1324.605529
0.009120 -0.017248 1.000000
6.798544 -11.951541 -13047.301195
5.550438 -7.588711 -2684.402901
0.015228 -0.022865 1.000000
-2.138119 3.395662 2618.689208
-2.381515 2.224159 1231.256484
-0.006669 0.005254 1.000000
0.519529 -1.882356 -2228.515627
0.405692 -1.113538 1110.609567
0.001527 -0.004490 1.000000
0.182357 -2.223263 680.399710
0.092754 -0.933101 -241.838581
0.000238 -0.003291 1.000000
-0.034042 -1.769948 343.495631
0.215950 -1.356104 -56.305037
0.000621 -0.003497 1.000000
0.097979 -2.836643 411.768463
0.179097 -2.302225 37.706573
0.000541 -0.004550 1.000000
-1.219940 0.712225 1446.194124
-1.110752 0.656110 883.120263
-0.003287 0.001329 1.000000
0.024576 -1.540296 563.772999
-0.013408 -1.045624 31.797535
-0.000022 -0.002585 1.000000
-1.366161 0.933911 -1124.163021
-1.343714 0.337763 634.164947
-0.003281 0.001263 1.000000
0.495863 -2.354133 -719.633375
0.345474 -2.023916 -289.343553
0.002660 -0.006275 1.000000
1.678666 -2.892764 -651.145313
1.029853 -2.004906 -1088.647987
0.005002 -0.007074 1.000000
-1.113662 0.515133 1929.712352
-1.069959 0.413129 552.257125
-0.002911 0.001263 1.000000
-1.205963 1.386425 2010.057622
-1.315682 0.397537 120.533027
-0.003385 0.002318 1.000000
1.090701 -1.140519 363.992950
0.230627 -0.529449 201.739677
0.000745 -0.002301 1.000000
0.067176 -1.207546 1047.914103
0.028231 -0.774516 -171.454424
-0.000033 -0.002044 1.000000
-0.114740 -1.227055 829.788441
0.092959 -0.938766 -54.268492
0.000106 -0.002510 1.000000
-6.358944 2.374579 -1651.309271
-4.075907 1.477323 1840.769899
-0.009372 0.006148 1.000000
3.135754 -2.712005 1654.761305
2.294261 -2.553747 -445.964324
0.005039 -0.006869 1.000000
-0.194386 -0.896511 836.277084
-0.161171 -0.877281 73.697816
-0.000383 -0.002023 1.000000
-0.004307 -1.303916 521.559726
0.077046 -1.049704 -77.064529
0.000061 -0.002491 1.000000
-0.494917 -0.667320 879.636766
-0.322532 -0.295154 -539.394019
-0.001111 -0.001190 1.000000
-0.994320 -0.531951 1767.599528
-0.567765 -0.205839 730.744614
-0.001692 -0.000438 1.000000
0.224847 -2.123465 -226.702338
0.270494 -1.308988 -637.907450
0.000582 -0.003588 1.000000
-0.310186 -0.707980 -196.713220
-0.294845 -0.500610 -19.946150
-0.000975 -0.001456 1.000000
0.999030 -2.620311 110.036400
0.413398 -1.078721 -621.472450
0.001431 -0.004201 1.000000
-1.049405 0.853195 -2459.773348
-0.686725 0.235583 98.866776
-0.002687 0.000612 1.000000
-0.160001 -0.633208 -537.248362
-0.189706 -0.512412 -174.162015
-0.000793 -0.001737 1.000000
-0.289037 -1.306715 515.184374
-0.017430 -0.728879 -189.031269
-0.000521 -0.002319 1.000000
-0.756717 -0.481476 1471.073362
-0.371781 -0.232232 221.644805
-0.001231 -0.000705 1.000000
-3.277952 5.014743 1385.492892
-3.124176 2.851346 3303.269161
-0.009153 0.008280 1.000000
-0.408253 -0.889939 889.319846
-0.236408 -0.589095 63.248879
-0.000674 -0.001498 1.000000
0.736218 -2.511305 -549.393916
1.110095 -2.169371 -908.304741
0.002390 -0.005774 1.000000
1.444675 -2.962443 -1331.531116
1.535729 -2.474213 -826.928355
0.004102 -0.006298 1.000000
-0.382887 -1.162533 839.582062
-0.152557 -1.158232 192.193833
-0.000213 -0.002307 1.000000
-0.020084 -1.057260 83.585908
0.107303 -1.343856 107.659574
0.000506 -0.003003 1.000000
-0.018024 -1.333914 322.533272
0.087809 -0.908974 -101.131858
0.000362 -0.002717 1.000000
0.204360 -1.058572 -33.540281
0.478639 -1.673240 -140.156022
0.001187 -0.003994 1.000000
0.025998 -1.565803 718.902784
0.391841 -1.502855 -193.340063
0.000711 -0.003241 1.000000
-0.005382 -1.182761 345.075980
0.080192 -1.087145 -57.917350
0.000348 -0.002671 1.000000
-0.266701 -0.741840 174.012229
-0.283182 -1.020123 -62.626115
-0.000495 -0.002111 1.000000
-0.038210 -1.306509 454.619471
0.036157 -1.651591 -129.582885
0.000114 -0.003125 1.000000
-7.038072 8.846516 3165.435579
-7.663636 8.399604 9335.509938
-0.014965 0.015684 1.000000
0.246249 -1.869951 -104.421158
0.246573 -1.804221 124.821519
0.000420 -0.003276 1.000000
-0.277126 -0.499641 288.390545
-0.388762 -0.646504 188.061274
-0.000871 -0.001355 1.000000
-1.249572 -0.038197 1342.332000
-0.552332 0.010417 464.395584
-0.002025 -0.000190 1.000000
0.308152 -2.058709 255.625333
0.056714 -0.810248 -362.288708
0.000244 -0.002994 1.000000
-0.575694 -1.044623 399.774494
-0.349543 -0.756030 -119.475970
-0.000859 -0.001693 1.000000
9.484782 -13.192325 -5568.564367
5.966560 -9.514989 -1984.892344
0.013588 -0.019852 1.000000
-0.317778 -0.939851 612.525402
-0.161688 -0.592216 -47.358734
-0.000618 -0.001758 1.000000
0.203341 -1.502515 461.646428
0.042021 -1.136965 -21.893653
0.000272 -0.002777 1.000000
0.063319 -1.465791 602.621229
-0.001914 -1.449184 161.618137
0.000060 -0.002636 1.000000
0.143097 -1.260290 287.391527
0.052923 -1.279425 56.528122
0.000141 -0.002562 1.000000
0.493466 -1.407572 -448.130257
0.359969 -1.954675 179.427472
0.000945 -0.003450 1.000000
0.090270 -0.907943 -198.741105
0.041757 -1.380223 330.379518
0.000183 -0.002571 1.000000
-5.574702 4.996978 8094.991201
-6.121318 7.020406 5373.915060
-0.010944 0.012982 1.000000
0.596453 -2.598132 -669.832269
0.483477 -1.198424 953.525760
0.001103 -0.003825 1.000000
-0.138684 -1.438328 581.980459
0.062296 -1.101301 -123.079991
0.000182 -0.002780 1.000000
-0.502085 -0.514440 599.488044
-0.316827 -0.339494 -34.961990
-0.000989 -0.001160 1.000000
0.087752 -1.463275 -150.960652
0.189626 -0.854663 -1765.711334
0.000647 -0.002812 1.000000
-0.108021 -1.143889 447.795769
-0.147683 -1.148407 126.270154
-0.000205 -0.002325 1.000000
-0.493274 -1.008175 464.317593
-0.285822 -0.688661 43.971171
-0.000716 -0.001683 1.000000
-0.299152 -0.642292 319.999430
-0.347088 -0.507467 344.661359
-0.000772 -0.001293 1.000000
0.056818 -1.236727 358.970180
-0.184597 -1.113928 -318.127994
-0.000131 -0.002276 1.000000
-0.132468 -0.766585 333.961392
-0.146273 -0.486381 79.938363
-0.000405 -0.001624 1.000000
-0.004205 -1.100848 501.150848
-0.028753 -0.887745 -37.575931
-0.000065 -0.002271 1.000000
-0.235439 -1.115486 31.368364
-0.023895 -0.807325 -246.128809
-0.000244 -0.002061 1.000000
0.240145 -1.329680 613.319717
0.163068 -0.866960 -348.946869
0.000384 -0.002433 1.000000
-0.462913 -0.473059 834.216531
-0.506456 -0.416478 -43.310917
-0.001272 -0.001038 1.000000
-0.555008 -0.729389 525.143439
-0.405798 -0.527226 -312.425823
-0.000790 -0.001365 1.000000
-0.866346 -0.008681 85.865378
-0.596205 -0.256186 350.910900
-0.001456 -0.000503 1.000000
-0.230426 -0.663333 290.248966
-0.254583 -0.639504 45.623651
-0.000537 -0.001583 1.000000
