0.181868 -0.975449 446.971131
-0.166767 -0.732604 144.145388
0.000016 -0.002531 1.000000
0.065196 -1.086488 248.331858
0.018012 -0.796796 -10.303519
0.000833 -0.003694 1.000000
-0.137085 -1.230354 399.884154
-0.086562 -0.762579 219.420115
0.000341 -0.002580 1.000000
0.159438 -0.886016 -62.264146
0.040701 -0.799912 113.038108
0.000450 -0.003179 1.000000
0.384016 -0.975668 57.327909
0.104397 -1.071173 -108.501571
0.000641 -0.003223 1.000000
0.438293 -1.644755 -60.451467
0.709216 -1.352370 -375.996103
0.002240 -0.005136 1.000000
0.112695 -0.912975 70.804466
0.007834 -0.656062 30.368021
0.001030 -0.003376 1.000000
0.063914 -0.814323 104.228685
0.121790 -0.781200 -39.228138
0.000905 -0.003122 1.000000
0.115006 -0.668829 12.932934
0.289135 -1.323612 -34.382762
0.001255 -0.003972 1.000000
-0.370559 -1.211181 838.361609
-0.179988 -0.917373 53.280882
-0.000430 -0.002080 1.000000
0.593066 -2.028336 522.017204
-0.022794 -1.117651 -218.329993
0.000839 -0.003597 1.000000
-0.023689 -1.121501 55.212005
-0.037093 -0.904488 61.752367
0.000525 -0.003178 1.000000
-0.209134 -1.314671 464.087502
-0.187334 -1.006875 -57.087105
0.000641 -0.003440 1.000000
1.935896 -2.972335 -952.200852
0.365006 -2.160902 -593.612438
0.002690 -0.006555 1.000000
0.124052 -0.675993 350.505401
-0.116718 -1.005874 161.169279
0.000473 -0.002797 1.000000
0.077148 -0.630215 218.039211
-0.106279 -0.826281 83.610389
0.000858 -0.003230 1.000000
0.097226 -0.497008 16.559583
-0.046620 -0.721041 38.336878
0.000402 -0.002734 1.000000
0.002919 -0.982413 266.175441
0.015607 -0.758627 -74.162365
0.000810 -0.003140 1.000000
-0.356977 -1.329724 488.387245
-0.254077 -0.948072 83.360499
-0.000309 -0.002291 1.000000
0.004150 -1.297162 261.683880
-0.022777 -0.925882 -35.561650
0.000192 -0.002954 1.000000
-0.192771 -1.179460 379.370073
-0.201779 -0.852900 221.283336
0.000031 -0.002456 1.000000
-0.996022 -0.670948 2410.316617
-0.612853 -0.249400 -521.946375
-0.001690 -0.000339 1.000000
-1.009688 -0.118399 1045.499723
-0.534156 0.008587 -415.540112
-0.001686 -0.000131 1.000000
0.205648 -1.064358 154.395269
0.056430 -1.057914 -35.585494
0.000760 -0.003468 1.000000
-0.377513 -0.973460 426.617277
-0.261873 -1.072968 186.764243
-0.000255 -0.002468 1.000000
-0.194895 -0.918597 476.569109
-0.155060 -0.844349 99.886335
-0.000224 -0.002182 1.000000
0.045581 -1.401999 173.224513
0.178145 -1.092834 -18.526700
0.000635 -0.003407 1.000000
0.102185 -0.584549 144.762863
-0.015702 -0.735964 115.037808
0.000476 -0.002411 1.000000
0.131847 -1.784707 232.250157
0.207084 -1.576145 34.507647
0.001748 -0.004926 1.000000
-0.087807 -0.295548 150.815079
-0.466201 -1.138618 460.524166
-0.000557 -0.001978 1.000000
-0.182596 -1.053229 310.923620
-0.116379 -0.914068 140.365015
-0.000272 -0.002447 1.000000
0.064307 -1.078829 74.940777
-0.239175 -0.865232 -89.021421
0.000210 -0.002880 1.000000
0.255607 -1.222153 98.612179
0.078526 -1.291027 -316.470236
0.001213 -0.004410 1.000000
-0.277932 -0.957920 479.334096
-0.467058 -1.127607 284.294550
-0.000490 -0.002335 1.000000
0.051625 -0.841352 177.472899
-0.194133 -1.183158 268.152173
0.000304 -0.002759 1.000000
-0.092461 -0.889692 372.272987
-0.189306 -1.091696 176.987054
-0.000118 -0.002510 1.000000
0.026590 -1.085481 -100.435044
0.191936 -1.086015 -87.553278
0.001162 -0.004124 1.000000
2.094629 -2.697713 -1740.859198
0.822929 -1.182649 -2749.104677
0.004995 -0.008818 1.000000
0.221834 -0.758241 -128.936258
0.256542 -0.597436 -99.114159
0.001214 -0.003662 1.000000
0.456492 -1.194842 -255.667341
0.382153 -1.270549 -202.158351
0.001359 -0.004474 1.000000
0.320621 -1.722285 -216.331840
0.357326 -1.450799 -520.990479
0.000989 -0.004469 1.000000
0.149095 -0.854289 98.373961
0.014133 -0.957145 66.473944
0.000167 -0.002565 1.000000
-0.154291 -0.656967 213.164688
-0.116623 -0.702346 84.799394
-0.000016 -0.002445 1.000000
0.157050 -0.743853 178.114966
-0.107639 -0.431252 -37.981886
0.000879 -0.002959 1.000000
-0.105059 -0.768028 286.426897
-0.040573 -0.353285 -60.214961
0.000622 -0.002647 1.000000
-0.030998 -0.820773 359.203234
-0.026802 -0.688870 -26.137684
0.000432 -0.002688 1.000000
0.404689 -1.450462 507.881129
0.439986 -1.836054 -408.150803
0.001863 -0.005597 1.000000
4.586438 -2.270692 -4220.099700
2.818190 -3.210737 -3218.675750
0.010435 -0.015559 1.000000
0.057357 -0.593661 457.034587
-0.067803 -1.252985 218.984461
0.000729 -0.004255 1.000000
0.123271 -0.630942 111.490504
0.084588 -0.751797 -153.660806
0.000648 -0.003233 1.000000
-0.036045 -0.564429 447.784149
-0.097577 -0.641300 143.363125
0.000110 -0.002700 1.000000
0.022915 -0.292674 313.732096
-0.066359 -0.716963 68.757744
-0.000015 -0.002643 1.000000
0.463297 -1.609839 108.685971
0.408642 -1.679857 -825.363465
0.001907 -0.005293 1.000000
0.120388 -1.220414 754.606448
-0.168389 -0.836905 -200.087866
0.000039 -0.002682 1.000000
0.234390 -1.582584 354.181482
0.248414 -1.282559 -289.470242
0.000793 -0.004055 1.000000
-0.050662 -0.806268 353.989459
0.010317 -0.828478 -69.839859
0.000508 -0.003216 1.000000
0.416221 -1.612105 505.123007
0.116126 -0.742706 -390.225464
0.000621 -0.003498 1.000000
-0.300669 -0.960580 844.146800
-0.132401 -0.470605 53.575756
-0.000515 -0.001816 1.000000
0.410506 -1.042139 328.552695
0.049161 -0.844197 -151.160671
0.000967 -0.003511 1.000000
0.068709 -0.804358 33.961944
-0.229914 -0.905390 25.340355
-0.000011 -0.002536 1.000000
-2.512693 1.764809 1522.254548
-1.222363 0.958007 2154.814301
-0.005996 0.005667 1.000000
0.227285 -0.840636 -177.206053
-0.048654 -0.954658 -432.139972
0.000095 -0.002972 1.000000
0.369962 -0.799748 -1.092129
0.130785 -0.288452 -74.268544
0.001718 -0.003465 1.000000
-0.022862 -0.747331 497.330355
-0.037741 -0.804845 -138.470604
0.000085 -0.002634 1.000000
1.441178 -1.970018 -878.650067
0.749534 -1.525587 -1357.857579
0.003155 -0.005865 1.000000
0.043290 -0.784706 522.324957
-0.033145 -0.995584 37.096503
0.000131 -0.003078 1.000000
0.137501 -1.071051 -26.663624
0.143786 -1.046069 -152.082189
0.001136 -0.004015 1.000000
-0.770931 0.221531 1533.620939
-0.663859 0.071974 113.702739
-0.001690 -0.000082 1.000000
0.531632 -1.979460 246.619386
0.071033 -1.398141 -425.249790
0.002715 -0.005848 1.000000
0.783755 -2.786316 446.864862
0.284149 -1.824746 -1547.395834
0.001751 -0.005822 1.000000
-0.178253 -0.947638 350.274145
-0.029801 -0.653027 -156.951414
0.000389 -0.002980 1.000000
0.072295 -0.960507 980.089904
-0.042095 -1.028407 -50.842172
-0.000148 -0.002529 1.000000
0.442006 -1.587182 -359.944761
0.373213 -1.109649 -49.969558
0.004350 -0.007877 1.000000
0.191994 -1.616730 839.958560
-0.077858 -0.452228 -248.439282
0.000120 -0.002610 1.000000
0.037209 -0.946128 287.741540
0.289927 -0.989984 -333.483328
0.001145 -0.004395 1.000000
0.124105 -0.948662 59.753095
0.152694 -1.071295 -164.098832
0.000992 -0.004033 1.000000
0.145388 -0.873844 -11.007602
0.002692 -0.438577 -23.080592
0.001384 -0.003772 1.000000
-0.151345 -0.463353 223.798069
-0.215680 -0.455821 74.141409
-0.000481 -0.001595 1.000000
-0.013032 -1.519942 129.053582
-0.039922 -1.269788 139.522276
-0.000040 -0.003007 1.000000
0.004242 -1.515799 132.040730
0.159102 -1.229009 -156.737635
0.000521 -0.003356 1.000000
-0.334016 -1.222812 449.673124
-0.130676 -0.896608 108.388156
-0.000037 -0.002423 1.000000
-0.172604 -0.945653 232.404540
-0.078967 -0.681061 31.790856
0.000054 -0.002436 1.000000
-0.043044 -1.605521 260.543562
-0.043743 -1.220195 -141.030695
0.000140 -0.003126 1.000000
0.197820 -1.427498 137.649372
0.105418 -1.249706 -212.838226
0.000314 -0.003399 1.000000
0.034156 -0.604143 160.094536
-0.027140 -0.236252 30.181859
0.000366 -0.002242 1.000000
-0.039703 -0.699975 196.667484
-0.086023 -0.373677 51.159697
-0.000001 -0.001980 1.000000
0.149761 -1.179020 -176.218466
0.188448 -0.922334 -118.139255
0.000503 -0.003154 1.000000
-0.191953 -1.387348 457.245543
-0.024288 -1.078468 -26.363635
-0.000120 -0.002623 1.000000
-0.082227 -0.500426 53.332795
-0.093402 -0.472283 54.403391
0.000039 -0.002231 1.000000
-0.208453 -2.116550 493.895080
-0.166809 -0.821649 85.266766
0.000019 -0.003164 1.000000
-0.274077 -1.616123 512.697557
0.029516 -0.968072 40.623249
0.000033 -0.002879 1.000000
0.033029 -1.748384 215.405448
0.031551 -1.079210 -83.422035
0.000466 -0.003469 1.000000
-0.058006 -1.749476 159.858923
0.014461 -0.905154 -20.250299
0.000332 -0.003476 1.000000
0.005496 -1.107139 77.833710
0.096802 -0.781577 2.705549
0.001786 -0.004511 1.000000
0.014696 -1.176057 164.359728
0.181693 -0.879461 -172.470652
0.001029 -0.003935 1.000000
-0.331549 -1.742040 392.921804
-0.001083 -1.685704 33.209218
0.000074 -0.003603 1.000000
0.684849 -2.829327 -201.736919
0.368647 -1.669996 -146.168334
0.001739 -0.005511 1.000000
-0.248900 -0.757770 260.501944
-0.256547 -0.653854 161.793777
-0.000431 -0.002046 1.000000
-0.010377 -1.968273 567.494203
0.009819 -1.036502 -116.345754
0.000413 -0.003396 1.000000
0.691497 -2.435162 -111.027008
0.270314 -1.169471 -340.556189
0.002520 -0.005875 1.000000
0.513071 -1.484693 -58.655319
-0.108559 -0.916196 -21.149973
0.000713 -0.003501 1.000000
0.349745 -1.216251 -84.894308
0.041542 -0.999808 -312.326808
0.000705 -0.003571 1.000000
0.234433 -1.310835 236.089571
0.365908 -1.004902 -319.770233
0.000969 -0.003596 1.000000
-0.240573 -0.880984 277.884122
-0.353431 -0.930164 264.948263
-0.000476 -0.002136 1.000000
0.396646 -2.682199 156.440197
0.333167 -2.145783 -166.636684
0.001639 -0.005779 1.000000
0.115833 -1.143700 110.946196
0.034370 -0.923532 -100.203526
0.000285 -0.003432 1.000000
0.209609 -1.701869 118.259100
-0.073305 -1.089866 78.937840
0.000290 -0.003522 1.000000
-0.214029 -1.154781 431.114240
-0.186909 -0.849430 43.425234
-0.000327 -0.002286 1.000000
-0.119867 -0.759781 206.051188
-0.192675 -0.703822 140.779783
-0.000214 -0.002244 1.000000
0.190451 -2.559953 132.706232
0.125436 -1.681934 -83.458735
0.000556 -0.004201 1.000000
1.647156 -2.904797 -1776.082517
0.577046 -1.926802 -323.049734
0.005682 -0.010179 1.000000
-0.029108 -0.897870 229.057504
-0.077986 -1.019759 -115.127195
0.000093 -0.002670 1.000000
-0.092963 -1.506710 148.155007
-0.075535 -1.081159 -46.396172
0.000159 -0.003090 1.000000
-0.133225 -1.167115 725.643929
-0.101733 -0.977512 124.857696
-0.000320 -0.002219 1.000000
-0.435601 -0.717733 795.164013
-0.109224 -0.607178 57.332797
-0.000747 -0.001784 1.000000
0.051688 -1.425976 62.162832
0.150835 -1.179955 -267.235538
0.000593 -0.003563 1.000000
0.225423 -1.770868 -96.806088
0.322296 -1.355110 -134.256452
0.001101 -0.003837 1.000000
-0.122781 -1.718024 458.933575
-0.072530 -1.211093 -44.700778
0.000403 -0.003317 1.000000
0.811092 -2.161978 -269.704868
0.277581 -2.052084 -425.233267
0.001213 -0.005607 1.000000
-0.198808 -1.522270 476.864086
-0.285009 -1.242779 192.746793
-0.000289 -0.002691 1.000000
0.584477 -2.083485 267.470048
0.264260 -1.933823 -254.302613
0.000947 -0.004496 1.000000
-0.050231 -1.983166 787.795179
0.062515 -1.134210 -13.326948
0.000199 -0.002833 1.000000
-0.057224 -1.605369 454.185390
-0.311350 -1.330009 192.858067
-0.000088 -0.002861 1.000000
-0.013953 -1.921292 317.884940
-0.044735 -1.148776 5.850445
0.000142 -0.003272 1.000000
0.327685 -1.715321 281.635139
-0.091745 -1.034347 -89.634025
0.000277 -0.003310 1.000000
0.602461 -1.468621 -9.565383
-0.073496 -1.492786 -37.923009
0.000657 -0.003672 1.000000
0.240567 -2.450460 363.698563
0.103411 -1.812229 -45.089414
0.001146 -0.004748 1.000000
-0.160936 -1.434570 556.403586
-0.131644 -1.480039 167.523151
0.000016 -0.003034 1.000000
-0.204240 -1.064276 551.003780
-0.165825 -0.802046 96.183960
-0.000221 -0.002193 1.000000
-0.171792 -1.320424 438.060352
-0.176211 -0.979387 124.769178
-0.000057 -0.002551 1.000000
-0.180599 -1.783385 382.223867
-0.109896 -1.732766 125.566650
0.000046 -0.003480 1.000000
0.793452 -2.581598 722.977427
0.329850 -2.315806 -541.129280
0.001266 -0.005202 1.000000
-0.008678 -1.184749 331.879504
-0.150082 -0.976967 157.613684
-0.000055 -0.002324 1.000000
-0.083466 -0.818454 210.558168
-0.233307 -1.028687 183.098871
-0.000296 -0.002389 1.000000
0.181755 -2.376623 520.203894
0.060758 -1.488615 -87.036357
0.000199 -0.003621 1.000000
0.093826 -1.681210 143.689621
-0.095089 -1.274846 36.536373
0.000618 -0.003963 1.000000
0.119462 -1.617946 230.885005
-0.022362 -0.901589 -17.226064
0.000465 -0.003169 1.000000
0.065207 -1.666356 74.511133
0.055134 -1.423030 -102.428151
0.000664 -0.003951 1.000000
0.343150 -2.055597 604.284311
0.269889 -0.898218 -210.722040
0.001172 -0.003490 1.000000
-0.233532 -0.892062 344.311202
-0.219669 -0.632017 17.288382
-0.000645 -0.001765 1.000000
0.544536 -2.132945 1038.052755
-0.032526 -0.510706 74.504426
0.000547 -0.002679 1.000000
0.225426 -1.779157 874.662535
-0.170243 -1.015602 -168.176903
0.000351 -0.003706 1.000000
0.161099 -1.737096 355.168437
0.044726 -0.897316 -149.616826
0.000238 -0.003216 1.000000
-3.704559 4.661512 -2081.060797
-2.429661 2.585588 1831.149671
-0.007277 0.007546 1.000000
0.128904 -1.757082 967.847130
-0.030166 -0.863451 56.007244
0.000054 -0.002914 1.000000
-0.015715 -0.844188 503.724401
-0.160647 -0.934567 123.226122
-0.000286 -0.002269 1.000000
0.089972 -0.894556 411.321670
0.020249 -0.884244 -186.926837
0.000185 -0.002750 1.000000
0.228132 -2.428586 839.692059
0.100554 -1.486047 -799.233658
0.001057 -0.004978 1.000000
0.106358 -1.147141 145.455953
-0.017173 -0.798006 20.871317
0.000175 -0.002660 1.000000
0.632178 -4.948633 -1572.631463
1.108683 -3.684903 -1381.426778
0.005184 -0.012035 1.000000
-0.055945 -1.317003 222.865880
-0.101082 -0.789315 21.957905
-0.000339 -0.002336 1.000000
0.163330 -1.249016 490.071015
-0.265451 -1.047314 196.998532
-0.000254 -0.002426 1.000000
-0.770605 -0.187252 -270.060975
-0.569070 -0.105255 347.316562
-0.002041 0.000008 1.000000
0.034650 -1.549008 -210.797728
0.049439 -1.043398 -1.761273
0.000136 -0.003087 1.000000
8.653211 -15.243732 4316.732848
2.787503 -6.448750 -2671.378011
0.012534 -0.021660 1.000000
0.465343 -2.247592 1031.942295
0.078317 -0.785080 37.955870
0.000518 -0.003166 1.000000
0.006862 -1.005439 -104.635922
0.114322 -0.878423 -264.808047
0.000018 -0.002668 1.000000
-0.494155 -0.461914 810.236813
-0.325618 -0.141036 324.160265
-0.000982 -0.001198 1.000000
0.226385 -1.704160 958.949098
0.743925 -2.258209 -3.083998
0.000998 -0.004211 1.000000
-1.895676 2.291251 1601.087329
-2.352349 0.984351 1735.841183
-0.007941 0.006413 1.000000
0.015634 -1.469809 519.330953
0.004025 -0.943357 35.903939
0.000149 -0.002726 1.000000
-0.136201 -1.051577 425.508985
-0.174680 -0.738690 15.577000
-0.000269 -0.002420 1.000000
0.245066 -1.505213 -93.381938
0.150720 -1.523188 210.575005
0.000814 -0.003832 1.000000
-0.143235 -0.663210 303.697612
-0.066589 -0.617693 48.947900
-0.000013 -0.002360 1.000000
-0.080402 -0.629521 263.295719
-0.156861 -0.729098 156.428645
-0.000152 -0.002015 1.000000
-0.156157 -0.723273 168.912846
-0.117246 -0.439047 59.998940
-0.000169 -0.002205 1.000000
-0.834506 -0.484322 1008.568553
-0.711440 0.017322 -8.540408
-0.001746 -0.000320 1.000000
-0.285375 -1.031199 246.080298
-0.264270 -1.101503 329.009491
-0.000252 -0.002519 1.000000
0.735319 -2.313225 -298.440571
0.393683 -1.891758 -399.000920
0.001920 -0.005699 1.000000
0.105687 -0.919756 109.261012
0.046527 -0.881503 100.707650
0.000151 -0.002598 1.000000
-0.140183 -2.115599 655.535472
-0.135223 -1.799579 230.391410
-0.000305 -0.003356 1.000000
0.411606 -2.101454 361.325085
0.296944 -1.742509 -83.813211
0.000817 -0.004038 1.000000
0.278057 -0.602090 -206.965600
0.084525 -1.124939 134.963035
0.000768 -0.003408 1.000000
1.614243 -1.235663 -2557.744962
1.911789 -2.151852 -1124.631583
0.005183 -0.008083 1.000000
-0.182159 -0.654706 197.861250
-0.126058 -0.676210 207.100035
-0.000219 -0.002101 1.000000
0.014999 -1.029870 143.223570
0.022018 -0.998407 -115.757798
0.000214 -0.002817 1.000000
0.296466 -1.997456 346.666199
0.185377 -1.389442 -134.434549
0.000389 -0.003625 1.000000
0.117370 -1.367009 172.774474
0.033846 -1.374414 132.890297
0.000466 -0.003333 1.000000
0.401009 -1.112931 -421.472782
0.731310 -1.296173 -375.649895
0.002068 -0.004422 1.000000
0.296789 -0.893279 -239.632751
0.255018 -1.097461 -40.712360
0.001401 -0.004251 1.000000
-0.056172 -0.559905 114.895500
-0.005993 -0.872578 122.929930
0.000821 -0.003335 1.000000
-0.136070 -0.781577 292.799804
-0.037269 -0.776200 21.082798
-0.000082 -0.002519 1.000000
-0.035686 -1.196937 333.413500
-0.080849 -1.200177 -1.313434
-0.000031 -0.002883 1.000000
0.822491 -2.078628 -258.961825
0.205968 -1.750671 -209.525953
0.001721 -0.005220 1.000000
-0.028413 -1.158473 -56.302808
0.016680 -0.797532 -112.145099
0.000272 -0.003075 1.000000
-0.062225 -0.890735 -57.996612
0.101767 -0.840330 -71.863648
0.000359 -0.002937 1.000000
-0.032942 -0.419722 33.076135
-0.027374 -0.598892 135.055091
0.000534 -0.002724 1.000000
-0.089068 -1.144130 275.590264
0.072745 -1.093298 -80.301165
0.000506 -0.003269 1.000000
-0.183325 -0.771936 324.081908
-0.099726 -0.668965 75.768123
-0.000101 -0.002276 1.000000
-5.601933 6.081371 6382.499958
-8.066310 13.463615 -3358.170094
-0.015396 0.019578 1.000000
1.640443 -2.961887 2012.226581
1.555569 -3.459022 -359.815887
0.003117 -0.006533 1.000000
-0.125695 -1.261673 89.939238
-0.088857 -1.167979 128.404596
-0.000198 -0.002686 1.000000
-0.073196 -1.231833 268.808031
-0.096508 -0.644670 -2.704505
-0.000131 -0.002416 1.000000
-0.092835 -1.366737 535.426543
-0.199157 -0.891345 156.485174
-0.000237 -0.002289 1.000000
-0.182481 -0.608803 122.126335
-0.430072 -1.009923 363.465734
-0.000702 -0.001804 1.000000
-0.361219 -1.533075 154.500621
0.053310 -1.787788 398.244226
0.000164 -0.003170 1.000000
-0.159503 -0.499475 81.096113
-0.324114 -0.615416 163.136815
-0.000832 -0.001417 1.000000
1.078358 -2.878395 1137.572842
0.359634 -2.053817 562.416195
0.000799 -0.003564 1.000000
0.357738 -1.500050 306.910915
0.148470 -2.060985 -693.279372
0.000843 -0.003927 1.000000
-0.114054 -0.855061 197.260098
-0.050172 -0.873755 174.946136
0.000477 -0.002756 1.000000
0.436809 -2.073151 1004.202154
0.953366 -2.571657 -94.448702
0.001751 -0.004509 1.000000
0.084238 -1.115814 1250.299674
0.200511 -1.813551 263.189235
0.000097 -0.002490 1.000000
0.834261 -2.884063 982.750059
0.173534 -0.518923 -141.790000
0.000915 -0.003463 1.000000
-1.261432 0.025965 -526.455045
-1.121972 -0.017259 559.196177
-0.002264 0.000237 1.000000
0.213782 -2.011134 832.413037
0.090100 -0.408807 -63.314310
0.000204 -0.002584 1.000000
0.881338 -2.664542 892.024614
0.235102 -0.928997 -140.648800
0.001064 -0.003752 1.000000
1.188132 -2.608506 695.684125
0.169048 -0.825291 -140.754880
0.001432 -0.003985 1.000000
2.359363 -4.260818 1244.197163
0.356795 -0.989913 -270.655734
0.002917 -0.005558 1.000000
0.625497 -2.131431 758.033135
0.115514 -0.376711 30.712616
0.000484 -0.002610 1.000000
0.722072 -2.325855 1106.635430
0.104663 -0.927855 79.039140
0.000801 -0.003071 1.000000
-0.403583 -0.872701 218.951861
-0.330494 -1.069213 416.264155
-0.000739 -0.001598 1.000000
0.245528 -1.421984 583.004875
0.063242 -0.980858 53.575285
0.000760 -0.002999 1.000000
0.140724 -1.844084 1176.592227
0.131397 -1.636874 127.724398
0.000445 -0.003223 1.000000
-0.094187 -1.053356 522.559527
0.094689 -1.678575 413.737141
0.000264 -0.002858 1.000000
0.174484 -1.904906 682.580976
-0.350030 -1.438768 473.433025
0.000013 -0.002883 1.000000
1.437568 -2.960149 807.855136
0.204018 -0.438293 -64.567415
0.001385 -0.003618 1.000000
-0.024404 -1.796569 648.513961
-0.020316 -0.907279 94.675916
-0.000141 -0.002457 1.000000
-0.040257 -1.162504 572.598586
-0.026699 -0.879876 49.557854
-0.000172 -0.002327 1.000000
5.631413 -8.067839 4000.341382
6.596241 -9.887795 -910.685911
0.011617 -0.016249 1.000000
7.556783 -16.471296 6953.652092
10.990601 -18.218301 3540.703600
0.019132 -0.024501 1.000000
1.666668 -2.813786 821.497248
0.342114 -0.665464 -82.348090
0.001951 -0.003701 1.000000
-0.651931 -1.334872 708.254148
-0.305078 -1.550747 580.135036
-0.000519 -0.002212 1.000000
0.380391 -2.021020 903.011826
0.176650 -1.078749 -200.868721
0.000930 -0.004100 1.000000
12.914957 -12.225942 2678.158775
2.885738 -2.243363 -1055.184035
0.013835 -0.014386 1.000000
0.676401 -1.156217 127.988925
0.147488 -0.803286 29.773192
0.001443 -0.003837 1.000000
0.147623 -1.540889 841.296506
-0.071719 -0.538625 70.451918
0.000115 -0.002584 1.000000
0.438909 -1.851606 767.476217
-0.048197 -0.638818 58.626325
0.000308 -0.002756 1.000000
0.036167 -0.990520 104.137630
-0.282249 -0.641883 30.724601
-0.000374 -0.002164 1.000000
0.484530 -0.916671 541.310354
0.122707 0.523643 -76.316323
0.000128 -0.000977 1.000000
0.606809 -0.130509 114.623508
-0.304572 1.407404 -26.468970
-0.000694 0.000534 1.000000
-0.066447 -1.289042 709.752606
0.013993 -0.585773 29.619931
0.000106 -0.002267 1.000000
0.051595 -2.821472 1311.024046
0.352994 -1.626002 -353.975695
0.001358 -0.004731 1.000000
1.305863 0.010332 162.911253
0.165401 2.676035 -518.009910
0.000072 0.001189 1.000000
0.508782 -0.249820 246.768787
-0.127312 1.149790 -92.532870
-0.000415 0.000110 1.000000
1.762083 -3.636849 1064.001664
0.204814 -0.784626 -55.042585
0.001770 -0.004344 1.000000
0.698806 -2.235401 946.117207
0.196503 -0.467077 -111.375428
0.000700 -0.002769 1.000000
-0.372344 -1.116431 722.510172
-0.200058 -0.370200 -82.428581
-0.000543 -0.001689 1.000000
0.199582 -1.695432 802.019443
0.018867 -0.616503 -58.070398
-0.000016 -0.002361 1.000000
-0.271536 -0.802109 255.227626
-0.119028 -0.834607 -74.396297
-0.000509 -0.001917 1.000000
0.190630 -2.088175 1165.533306
-0.009590 -0.878267 49.389125
0.000305 -0.002823 1.000000
0.361498 -2.450404 1046.686718
0.203375 -1.010293 -19.593467
0.000554 -0.003213 1.000000
0.499603 -1.857391 1076.321119
-0.043646 -0.521210 67.358273
0.000574 -0.002812 1.000000
0.319401 -1.085404 187.323269
-0.006676 -0.230780 -68.859270
0.000902 -0.003199 1.000000
1.448500 -0.376116 176.008469
0.201117 1.645970 -331.825190
0.000561 -0.000032 1.000000
3.008216 -1.140509 276.063945
0.974396 0.589030 -538.137820
0.002750 -0.002594 1.000000
-0.093622 -1.766867 683.458026
0.054715 -1.283996 44.944409
0.000171 -0.003158 1.000000
0.286576 -1.831317 617.480042
0.372218 -1.659337 -72.809504
0.000865 -0.004220 1.000000
0.721110 -1.150049 397.601831
0.523889 -1.227370 -111.270610
0.001188 -0.003659 1.000000
0.276770 -1.513779 604.105078
0.196935 -0.778339 -112.167843
0.000400 -0.002777 1.000000
1.319223 -2.130883 730.956390
0.430811 -0.872841 -104.225883
0.001617 -0.003822 1.000000
0.751271 -2.579083 1058.709509
0.383870 -2.084212 -162.308421
0.001639 -0.004800 1.000000
0.254174 -0.973758 416.655906
-0.071176 -1.191794 127.643561
0.000250 -0.002982 1.000000
1.099737 103.250127 -31190.266882
-9.063134 132.410582 -17521.969886
-0.068830 0.215652 1.000000
0.223735 -2.166611 444.783014
-0.213873 -1.720232 228.967690
0.000312 -0.003591 1.000000
0.700707 -1.511548 522.001025
0.359336 -0.937339 -354.948415
0.001287 -0.003852 1.000000
0.258850 -3.063792 795.280417
0.189910 -3.397892 203.956860
0.000806 -0.005686 1.000000
0.238742 -1.411697 421.468623
-0.273156 -1.519854 297.390713
0.000132 -0.003020 1.000000
0.263016 -1.351256 414.419536
-0.098119 -1.404703 145.253510
0.000159 -0.003037 1.000000
0.385943 -1.834838 894.904836
-0.012005 -0.559836 66.217610
0.000288 -0.002486 1.000000
2.154831 -4.682286 379.427186
0.896139 -2.384089 -1337.936415
0.003826 -0.008150 1.000000
2.296909 -3.847823 1244.027134
0.355441 -1.485085 -594.319560
0.003470 -0.006366 1.000000
-0.043704 -1.966221 444.181294
-0.021230 -1.319898 87.054988
0.000299 -0.003626 1.000000
1.526497 0.308104 -205.920091
0.266612 1.497261 -408.452954
0.000395 0.000117 1.000000
1.595316 1.687246 -418.035253
-0.424358 3.711569 -460.114495
-0.000986 0.004116 1.000000
0.095533 -1.362237 438.949807
0.230180 -1.876719 -11.837092
0.000591 -0.003851 1.000000
0.081009 -1.088364 496.519420
-0.041531 -1.441462 164.580606
-0.000044 -0.002951 1.000000
1.109094 -3.910348 373.394724
0.973392 -2.603975 -497.608168
0.002452 -0.006360 1.000000
-0.017137 -1.954170 365.283826
0.183240 -2.053885 -81.206822
0.000527 -0.004124 1.000000
-0.380387 -1.646683 456.729091
-0.392240 -1.473188 447.851409
-0.000650 -0.002411 1.000000
-0.002196 -1.057165 267.791507
0.025606 -0.574718 -106.547338
0.000096 -0.002564 1.000000
0.095077 -1.192310 258.126490
0.045712 -1.086256 -50.775111
0.000473 -0.002954 1.000000
-0.068956 -1.186498 136.126938
-0.031694 -0.873274 74.552182
0.000455 -0.002952 1.000000
-0.153778 -1.260735 -10.634743
-0.181880 -0.512105 90.585535
-0.000217 -0.002222 1.000000
1.000000 -0.000000 -0.000000
-0.000000 1.000000 0.000000
-0.000000 -0.000000 1.000000
-0.334637 -1.014114 487.923961
-0.229238 -0.842587 187.212505
-0.000319 -0.002023 1.000000
-0.022363 -1.055581 366.752658
-0.146556 -0.893292 116.776911
0.000027 -0.002420 1.000000
-0.028398 -0.722141 35.386396
0.065414 -0.840183 12.899555
0.000539 -0.003151 1.000000
0.043229 -1.304688 643.935481
-0.043879 -1.046556 116.468693
0.000087 -0.002706 1.000000
0.353190 -1.904151 332.415598
-0.045449 -1.207994 -52.473686
0.000715 -0.003572 1.000000
-0.122382 -0.827905 284.113267
-0.050678 -0.575767 52.387799
0.000122 -0.002289 1.000000
0.210872 -1.283494 327.407527
0.143959 -0.977388 -76.423039
0.000632 -0.002998 1.000000
0.623305 -1.012616 -661.006542
0.344115 -1.010152 -217.113560
0.002215 -0.004999 1.000000
0.105265 -1.801715 809.608751
-0.164914 -0.658727 167.127214
0.000154 -0.002232 1.000000
-0.129798 -1.126238 430.853581
-0.094024 -1.028941 123.135924
-0.000088 -0.002436 1.000000
1.073103 -0.672067 259.376640
0.179573 1.205833 -156.204716
0.000373 -0.000289 1.000000
