0.261327 -1.393743 374.215056
-0.033605 -0.753498 55.504176
-0.000022 -0.002507 1.000000
0.111484 -1.267939 342.903508
-0.105950 -0.669979 -22.380356
-0.000288 -0.002472 1.000000
0.118224 -1.014160 414.231280
0.092837 -0.542816 -71.603628
-0.000055 -0.002127 1.000000
0.578781 -1.887410 331.022827
0.392611 -1.024329 -366.096069
0.001153 -0.003804 1.000000
0.202091 -1.349111 414.992387
0.007309 -0.915849 -4.490949
0.000413 -0.003188 1.000000
0.261584 -1.358862 354.531887
-0.047286 -0.683224 140.910499
0.000148 -0.002897 1.000000
-0.021608 -1.280222 350.562052
0.038059 -0.947372 -17.470045
0.000117 -0.002901 1.000000
-1.840238 -6.950491 1641.360131
-0.325365 -11.530725 2097.678439
0.000523 -0.012454 1.000000
0.302411 -1.704634 496.620112
0.197990 -1.524734 15.373392
0.000486 -0.003812 1.000000
-0.299759 -1.899087 830.624693
0.139349 -1.940492 211.159437
0.000011 -0.003316 1.000000
-0.096301 -1.238918 597.519224
0.091124 -0.893785 -29.380886
-0.000129 -0.002484 1.000000
-0.072548 -1.080027 192.677259
-0.055880 -1.109424 81.081176
-0.000301 -0.002366 1.000000
-0.512766 -1.389126 606.096657
-0.081625 -1.682949 199.834200
-0.000346 -0.003171 1.000000
0.001239 -1.099702 231.719519
0.098191 -1.586216 97.919601
-0.000123 -0.002861 1.000000
0.190517 -1.041416 417.778304
0.398210 -1.690575 -10.532613
0.000350 -0.003381 1.000000
0.051298 -1.211484 340.606154
-0.127657 -0.993367 171.609510
-0.000219 -0.002477 1.000000
-0.004049 -1.191861 334.069472
-0.067018 -0.998808 124.727971
-0.000398 -0.002416 1.000000
0.011734 -0.752518 294.700726
-0.118386 -0.347076 100.325723
-0.000424 -0.001642 1.000000
0.014848 -0.760238 359.715731
-0.071363 -0.327980 86.535037
-0.000410 -0.001656 1.000000
0.156794 -1.614962 339.602521
0.158508 -0.858175 -80.171359
0.000234 -0.002928 1.000000
-0.043076 -1.406241 486.675818
0.073008 -0.929346 64.051983
0.000149 -0.002577 1.000000
-0.266196 -1.280702 462.149901
-0.197950 -1.216976 214.853676
-0.000366 -0.002056 1.000000
4.683290 -9.160707 2170.066919
4.196713 -9.249978 -3176.308702
0.008598 -0.015179 1.000000
0.518070 -0.468970 214.030727
-0.116209 0.569039 12.165081
-0.000069 -0.000903 1.000000
0.189555 -1.009242 371.741498
-0.117925 -0.658416 97.552673
-0.000054 -0.002257 1.000000
-0.113647 -1.756892 478.474217
-0.171149 -1.676204 193.740127
-0.000229 -0.003380 1.000000
0.122581 -1.684920 200.663554
0.220991 -1.287864 -56.279197
0.000138 -0.003252 1.000000
0.371184 -1.526537 291.963264
0.282856 -2.120503 142.364268
0.000520 -0.003768 1.000000
-0.017219 -1.141713 331.910825
-0.052089 -1.123145 129.193465
-0.000192 -0.002562 1.000000
0.256891 -1.156968 459.231193
0.621500 -2.675853 116.927674
0.000857 -0.004481 1.000000
0.169343 -1.528961 445.798190
0.207276 -1.142534 -124.150083
0.000161 -0.003112 1.000000
0.306157 -1.980916 463.599097
0.364141 -2.243976 -115.576117
0.000754 -0.004404 1.000000
-0.027536 -0.579262 309.949991
0.015833 -1.170986 70.384866
-0.000202 -0.002528 1.000000
0.439701 -1.478528 305.250812
-0.011520 -0.800888 -223.916792
0.000220 -0.003174 1.000000
0.291833 -1.293138 326.137572
0.121550 -1.278935 8.651523
0.000184 -0.002784 1.000000
-0.035515 -1.225366 587.431867
0.128273 -1.042814 -162.733178
0.000181 -0.002879 1.000000
0.083077 -1.268239 649.267130
-0.081264 -0.658764 5.934716
-0.000013 -0.002529 1.000000
-0.003774 -0.926396 138.818041
-0.031472 -0.736510 -67.890139
-0.000310 -0.002026 1.000000
0.069127 -1.557901 461.643900
0.356716 -1.007628 -612.111038
0.000663 -0.004007 1.000000
0.591805 -1.300374 766.969556
0.277885 -0.993401 -155.050314
0.000717 -0.003099 1.000000
-0.084523 -1.165108 1182.492566
0.525103 -1.802263 -323.019655
0.001119 -0.005116 1.000000
-0.084282 -1.020381 391.224135
-0.042041 -0.580142 -110.257065
-0.000107 -0.002334 1.000000
0.014208 -0.979903 633.282520
0.019845 -1.032538 54.904111
0.000198 -0.003150 1.000000
0.409637 -1.130914 707.523737
0.335011 -0.978313 -1249.340406
0.001191 -0.003835 1.000000
0.441750 -0.882979 351.040342
0.133686 -0.526400 -639.750975
0.000592 -0.002781 1.000000
0.545887 -1.325718 607.332293
0.127478 -0.923590 -213.674348
0.000172 -0.003170 1.000000
0.439871 -1.806526 2123.741107
0.322370 -1.392383 -306.606826
0.001876 -0.005642 1.000000
-0.337502 -0.841478 625.205119
-0.207490 -0.723950 -1.067915
-0.000404 -0.002187 1.000000
-0.088315 -0.938627 799.184365
-0.085009 -1.069906 86.658105
0.000063 -0.003052 1.000000
0.024039 -0.948946 621.728925
-0.001453 -0.718676 -30.105353
0.000092 -0.002653 1.000000
-0.128732 -0.654945 739.794860
0.066174 -1.192246 142.665404
0.000283 -0.003996 1.000000
0.100040 -0.826209 652.282683
0.030941 -0.928399 31.765596
0.000195 -0.003028 1.000000
-0.090842 -0.918582 359.552814
-0.007745 -0.771714 -156.114438
-0.000388 -0.002493 1.000000
0.481929 -1.532732 677.735112
0.344765 -1.560240 -158.001664
0.001022 -0.005299 1.000000
-0.063541 -1.104864 709.714775
0.102152 -1.041052 -266.600912
-0.000105 -0.002984 1.000000
1.195179 -2.667484 1201.794311
0.763289 -2.270488 -314.416828
0.002670 -0.007618 1.000000
0.068147 -1.170872 826.350491
0.099525 -0.724257 -351.929619
-0.000040 -0.002704 1.000000
1.382488 -2.982173 2201.199114
0.836129 -1.622966 -442.396093
0.002277 -0.005343 1.000000
0.167153 -1.340438 409.545703
0.082758 -1.147518 -318.216432
0.000069 -0.002987 1.000000
0.258394 -1.952354 707.691164
0.075217 -1.323736 -675.140410
0.000492 -0.003792 1.000000
0.062871 -0.918367 -52.543980
0.107661 -0.687283 -270.526906
0.000142 -0.002671 1.000000
-0.077075 -1.218066 649.197734
-0.131717 -0.816137 -297.341841
-0.000146 -0.002499 1.000000
0.085813 -0.845361 -42.276873
0.047094 -0.607177 -233.863578
-0.000057 -0.002477 1.000000
0.324565 -1.772429 853.083637
0.126419 -1.251482 -320.454286
0.000548 -0.003399 1.000000
0.158218 -1.523555 754.221213
0.092608 -0.818373 -180.795052
0.000086 -0.002760 1.000000
0.585171 -2.162815 1499.534683
0.286992 -1.558468 -632.745026
0.001340 -0.004423 1.000000
0.178826 -1.682573 403.400021
-0.076408 -1.083206 -151.087754
-0.000240 -0.002765 1.000000
0.294133 -1.767608 809.717677
0.701936 -1.959810 -733.361320
0.001258 -0.004822 1.000000
-0.155167 -1.604687 365.415388
0.206758 -1.846676 -121.639895
0.000599 -0.004252 1.000000
0.050463 -1.518927 406.645568
0.137648 -1.625045 -331.739023
0.000435 -0.003672 1.000000
-0.327651 -0.877486 526.531909
0.005247 -1.272490 -76.778617
-0.000234 -0.002596 1.000000
0.095179 -1.416788 759.928813
0.063408 -0.842958 -198.004823
0.000138 -0.002861 1.000000
-0.144910 -1.541399 278.663754
-0.263314 -0.955537 78.856004
-0.000428 -0.002291 1.000000
-0.508763 -1.146188 787.020558
-0.222638 -0.602250 -174.678965
-0.000681 -0.001998 1.000000
-0.038981 -1.345056 717.359411
-0.065990 -1.080963 -25.008490
-0.000037 -0.002944 1.000000
0.101929 -1.015809 461.091377
0.001447 -0.936908 -12.270109
-0.000066 -0.002685 1.000000
-0.200720 -0.573858 130.527253
-0.178024 -0.558772 28.573716
-0.000620 -0.001632 1.000000
0.245354 -1.490089 45.510121
0.252377 -1.267039 -175.017940
0.000535 -0.003300 1.000000
2.088450 -4.955707 -960.825161
1.605255 -3.734861 -1233.328124
0.003427 -0.009302 1.000000
0.260804 -1.388825 421.658524
0.402612 -1.592625 -282.297168
0.000662 -0.003524 1.000000
0.251502 -1.562330 285.009885
0.197103 -0.899772 -178.901782
0.000248 -0.002722 1.000000
0.343439 -1.813366 240.904361
0.000679 -1.629362 33.397102
0.000172 -0.003571 1.000000
0.086000 -1.414107 278.029389
-0.055618 -1.156120 19.492895
-0.000335 -0.002577 1.000000
0.664750 -2.174893 999.004201
0.224411 -1.304923 -116.864613
0.000762 -0.003590 1.000000
0.025191 -0.636403 212.502942
0.064238 -0.834414 -0.710046
0.000172 -0.002822 1.000000
-0.037751 -0.651437 149.424046
0.050467 -0.560832 -41.571070
0.000151 -0.002430 1.000000
0.697066 -2.443667 230.766620
0.006123 -1.583773 -432.461545
0.000388 -0.003927 1.000000
0.843685 -2.639242 18.510006
0.125608 -1.394043 -151.544429
0.001170 -0.004455 1.000000
-0.035151 -0.917082 -5.825572
0.526125 -1.300199 -532.361642
0.001173 -0.003975 1.000000
0.306564 -2.139257 319.960282
-0.045545 -1.039478 -153.425222
0.000132 -0.003127 1.000000
0.157680 -1.538247 101.925154
-0.068658 -1.149234 -212.539509
-0.000062 -0.003121 1.000000
0.295841 -1.770940 -352.471838
-0.020563 -0.956154 -242.530989
0.000063 -0.002906 1.000000
-0.075503 -1.634795 274.305942
0.052987 -0.907631 -134.281461
-0.000035 -0.002777 1.000000
0.318845 -1.569742 -314.735906
0.868986 -1.757765 -885.153289
0.001606 -0.005228 1.000000
-0.240312 -1.008020 323.288491
-0.091535 -0.453204 -135.124062
-0.000498 -0.002038 1.000000
-0.075251 -1.573097 713.177882
0.005340 -1.507630 -137.895498
-0.000045 -0.002966 1.000000
0.431678 -1.782111 230.664377
0.072536 -1.413789 -523.468752
0.000485 -0.004174 1.000000
0.335768 -1.613966 417.251294
0.321035 -1.581440 -388.560236
0.000603 -0.003876 1.000000
-0.424968 -1.263969 127.568811
-0.184002 -0.747088 -162.951391
-0.000784 -0.002195 1.000000
0.223395 -2.773191 298.174839
-0.015008 -1.357862 -242.460355
0.000347 -0.003988 1.000000
0.419752 -2.507418 161.058869
0.269380 -1.568334 -433.573688
0.000393 -0.004005 1.000000
1.180038 -2.970766 808.703019
1.196923 -3.375730 -368.969768
0.001904 -0.006271 1.000000
-0.075720 -1.045283 436.313367
-0.077971 -0.940128 -202.485820
-0.000269 -0.002343 1.000000
1.198190 -3.157594 -403.224882
0.595798 -2.015875 -647.411947
0.001644 -0.005473 1.000000
0.218742 -1.844855 133.680879
0.134300 -1.254480 -42.388910
0.000188 -0.003177 1.000000
0.263513 -1.373317 349.052549
-0.124285 -0.554104 4.387091
-0.000052 -0.002567 1.000000
-0.078100 -1.447694 358.692174
-0.082831 -0.959114 -25.841025
-0.000280 -0.002861 1.000000
1.299509 -4.067463 405.773859
0.748751 -2.753258 -226.056396
0.000986 -0.005182 1.000000
0.660606 -2.032200 523.232147
0.180953 -1.487444 -207.936667
0.000822 -0.004015 1.000000
0.120763 -1.647930 172.999257
-0.021945 -1.139204 186.144477
0.000044 -0.002670 1.000000
0.490709 -1.677223 185.019557
0.231049 -1.317697 13.018962
0.000378 -0.003094 1.000000
0.538155 -1.641276 247.836444
0.426955 -1.762021 -306.087546
0.000770 -0.003654 1.000000
0.177807 -1.716863 166.226445
0.251941 -1.141999 -287.295074
0.000641 -0.003458 1.000000
-0.139453 -1.109865 660.334751
-0.126556 -0.967736 22.535392
-0.000322 -0.002300 1.000000
0.066983 -1.750222 753.019957
0.142921 -1.187415 -121.785021
0.000306 -0.003126 1.000000
-0.215520 -1.335147 515.396883
-0.074804 -0.872142 -71.039960
-0.000447 -0.002315 1.000000
-0.127926 -2.654630 421.827187
-0.161915 -2.367298 -25.412953
-0.000300 -0.004063 1.000000
0.179684 -2.558118 576.990584
0.302349 -1.823932 -320.922893
0.000083 -0.003788 1.000000
0.442752 -1.892590 204.288550
-0.020582 -1.498404 -144.146446
0.000230 -0.003480 1.000000
1.613981 -4.848328 -160.690455
1.066801 -5.202117 -379.730621
0.001764 -0.009146 1.000000
0.096261 -2.064331 692.410702
0.166802 -1.088345 -157.213540
0.000143 -0.002955 1.000000
0.117072 -2.367510 813.872705
-0.001007 -1.554754 -79.537360
0.000208 -0.003371 1.000000
0.301793 -1.492554 608.134289
-0.058567 -1.163578 -45.395475
0.000096 -0.002945 1.000000
0.135836 -1.781335 844.568806
0.189277 -1.365288 -347.030043
0.000416 -0.003398 1.000000
0.046342 -1.556015 658.618355
-0.066418 -1.036760 31.002269
-0.000022 -0.002459 1.000000
0.123206 -1.237400 792.117788
0.075203 -0.785490 -3.124972
0.000017 -0.002195 1.000000
-0.125112 -1.178357 594.098007
-0.033635 -0.749435 19.369122
-0.000228 -0.002106 1.000000
0.311932 -1.884491 605.391674
0.033451 -1.261375 -221.286591
0.000414 -0.003433 1.000000
0.436870 -1.536845 351.802971
0.246122 -1.535885 -29.783242
0.000361 -0.003281 1.000000
0.180031 -1.241311 472.935465
0.022920 -1.184684 -56.481499
0.000092 -0.002718 1.000000
-0.160169 -1.408464 619.108369
0.038059 -0.946259 -4.826546
-0.000112 -0.002249 1.000000
0.017951 -1.252686 622.292066
0.141403 -1.017076 -98.846602
0.000030 -0.002452 1.000000
0.476223 -1.995742 1157.576176
0.367518 -1.642998 -462.017693
0.000538 -0.003951 1.000000
0.708188 -3.722154 1294.245882
0.380628 -2.199322 -268.268739
0.001210 -0.004994 1.000000
-0.120858 -1.843623 371.872940
-0.065208 -1.359806 -91.187860
-0.000159 -0.002846 1.000000
-0.232453 -1.432958 410.285472
-0.095732 -1.289147 -95.570314
-0.000249 -0.003034 1.000000
0.162022 -2.219143 224.919856
0.106654 -1.289101 -37.509317
0.000262 -0.003159 1.000000
-0.161728 -2.264769 428.430254
0.016572 -1.008555 -158.091000
-0.000054 -0.003198 1.000000
0.704314 -2.251370 628.864440
0.337215 -1.637811 -351.511684
0.000944 -0.004191 1.000000
-0.276084 -1.436607 479.982626
-0.146162 -0.800138 -30.531029
-0.000440 -0.002147 1.000000
-0.269479 -1.339848 999.508156
0.018979 -0.451952 -8.447779
-0.000293 -0.001912 1.000000
-0.308186 -2.153233 1118.106837
0.042014 -1.630683 -71.991568
0.000314 -0.004370 1.000000
0.155867 -1.748694 666.764872
0.108357 -1.023344 -219.089029
0.000215 -0.002944 1.000000
-0.370555 -1.104217 416.804845
-0.288210 -0.606838 -36.265847
-0.000763 -0.001634 1.000000
0.085438 -1.772591 1118.403266
0.090398 -1.015759 -17.460063
0.000129 -0.002768 1.000000
0.158840 -2.436574 1083.933141
1.053456 -3.872527 -356.369304
0.001993 -0.007228 1.000000
0.203052 -1.425206 508.017132
-0.123592 -1.520061 51.876955
0.000155 -0.003465 1.000000
0.179145 -2.297862 662.852547
0.347133 -1.716980 -281.955688
0.000678 -0.004254 1.000000
0.062867 -1.720902 147.823094
-0.018381 -1.359148 190.823768
0.000117 -0.002928 1.000000
-0.291952 -1.610010 531.701436
-0.197249 -1.077439 66.617347
-0.000336 -0.002363 1.000000
-3.208192 3.380995 -1894.607385
-1.157698 1.224352 1398.904003
-0.004570 0.004315 1.000000
-0.206150 -2.147396 1182.177754
-0.122008 -1.155886 -141.038594
-0.000120 -0.003142 1.000000
0.491112 -3.020194 869.567073
0.086149 -1.379560 -252.226570
0.000587 -0.004113 1.000000
0.527049 -3.895697 611.345320
0.513604 -2.113717 -552.602614
0.001053 -0.005710 1.000000
-0.418132 -1.596736 851.425175
-0.041715 -0.618771 -70.785330
-0.000414 -0.002223 1.000000
-0.068091 -1.662358 957.296589
0.044451 -0.994187 38.738439
-0.000054 -0.002852 1.000000
0.336848 -2.085079 864.815631
0.082942 -1.594853 -67.627306
0.000196 -0.003606 1.000000
0.409909 -2.406841 2469.922253
0.144917 -0.930235 371.838075
0.000581 -0.003346 1.000000
0.320546 -1.869695 967.782649
0.339228 -1.033128 -543.026403
0.000616 -0.003118 1.000000
-0.006313 -1.690300 626.099118
0.037224 -1.479329 28.875807
-0.000002 -0.003108 1.000000
0.188817 -1.244284 675.961516
0.262066 -0.835366 -108.358031
0.000464 -0.002625 1.000000
-0.048392 -1.309159 543.852891
-0.000075 -0.974918 -84.745179
-0.000014 -0.002983 1.000000
0.851671 -2.744252 463.098307
0.372679 -1.693986 -337.855523
0.001086 -0.004398 1.000000
-0.106467 -1.075841 414.460676
-0.098494 -0.896670 -156.245120
-0.000337 -0.002611 1.000000
0.051065 -1.337250 287.730353
0.160092 -1.728911 66.060040
0.000433 -0.003791 1.000000
0.123382 -0.899574 223.389733
0.088188 -1.167403 -14.311394
0.000040 -0.002992 1.000000
-0.097388 -1.066502 -263.296708
-0.359239 -1.284237 -261.209736
-0.000533 -0.002247 1.000000
-0.070011 -1.018490 441.072315
0.135312 -1.389758 -203.350851
0.000437 -0.003772 1.000000
0.032882 -1.191897 196.956592
0.021392 -0.783316 -31.348237
-0.000296 -0.002090 1.000000
0.045386 -1.804814 494.889903
-0.055272 -1.689109 54.839125
0.000086 -0.003439 1.000000
0.216796 -2.387269 524.809444
0.440015 -2.070535 -152.072237
0.000023 -0.003764 1.000000
0.377527 -2.173243 584.651162
0.285778 -1.549158 -166.711040
0.000387 -0.003568 1.000000
0.209553 -1.433548 29.456511
0.127975 -1.919587 9.270907
0.000583 -0.004048 1.000000
-0.003670 -0.878464 202.360422
0.063825 -0.676687 -224.920316
0.000171 -0.003157 1.000000
-0.121404 -0.974296 109.882866
-0.078661 -0.627405 -85.246824
-0.000169 -0.002475 1.000000
0.196282 -1.532801 243.675859
0.359973 -1.514782 -91.025221
0.000436 -0.003360 1.000000
0.144399 -1.519677 293.031213
0.078657 -1.406048 15.635830
0.000101 -0.003297 1.000000
0.203888 -1.567947 174.715057
0.240394 -1.401541 67.718220
0.000119 -0.002875 1.000000
-0.038101 -1.654596 9.544222
0.210314 -1.688216 -377.447915
0.000493 -0.004508 1.000000
0.652707 -2.220374 -284.204678
0.386933 -1.585590 -164.409126
0.001101 -0.004963 1.000000
0.312260 -1.769098 -31.028694
0.378346 -1.713556 -250.988998
0.000927 -0.004258 1.000000
0.072046 -1.023119 40.221073
0.050875 -1.334704 -42.282880
-0.000024 -0.003076 1.000000
0.439663 -1.677983 193.702795
0.373194 -1.985698 -24.065271
0.000570 -0.003950 1.000000
0.226680 -1.447760 367.827994
-0.176415 -0.815727 8.239004
-0.000005 -0.002417 1.000000
-0.073247 -2.299761 333.886205
0.055958 -0.984507 -99.644250
-0.000149 -0.002861 1.000000
-0.076098 -1.154021 38.170175
-0.012943 -0.821084 -67.346202
-0.000162 -0.002941 1.000000
0.134520 -1.798176 11.999487
0.353564 -1.872699 -55.018060
0.000300 -0.003906 1.000000
0.178057 -1.702783 50.249562
0.382449 -2.152912 -277.551930
0.000597 -0.004189 1.000000
0.124268 -1.058525 190.140833
0.153005 -0.947657 -144.418596
0.000068 -0.002861 1.000000
-6.427686 9.195039 953.893056
-5.198594 6.689868 2688.867336
-0.008922 0.010938 1.000000
-2.830407 3.303054 1932.172096
-2.031558 2.113852 1993.425500
-0.004598 0.004007 1.000000
0.070018 -0.862563 -51.915318
0.031193 -0.844328 -19.208591
-0.000174 -0.002496 1.000000
-0.133473 -1.523512 19.861388
-0.117308 -0.953659 61.651903
-0.000315 -0.002689 1.000000
0.303514 -3.378506 408.254190
0.039503 -1.641836 -83.557689
0.000485 -0.004832 1.000000
10.672956 -14.680652 -11037.116951
8.638783 -18.822111 -18580.189296
0.029140 -0.044181 1.000000
1.312574 -3.873488 -849.946745
1.005159 -3.614246 -265.009459
0.001861 -0.006907 1.000000
3.662366 -6.209606 2911.622235
4.105827 -6.347963 -2785.161884
0.009145 -0.014081 1.000000
-0.539475 -1.232744 1262.704780
-0.202780 -1.130615 411.351059
-0.000431 -0.002272 1.000000
-0.170180 -0.667539 319.016100
-0.186044 -0.980002 0.045249
-0.000435 -0.001973 1.000000
0.142237 -0.890181 14.501191
0.074058 -0.839754 40.990216
0.000042 -0.002383 1.000000
-0.008466 -1.138468 794.874065
0.249462 -2.016151 203.420269
0.000349 -0.003289 1.000000
0.242751 -1.871413 987.472485
0.020826 -2.103563 201.539597
0.000410 -0.003779 1.000000
0.129697 -2.418089 989.904248
0.213052 -1.199222 -125.401178
0.000104 -0.003377 1.000000
-1.032032 0.142716 1155.762089
-0.842697 -0.325950 1046.674368
-0.001856 0.000032 1.000000
-0.148173 -1.495550 793.150524
-0.048146 -1.119999 70.219625
-0.000334 -0.002672 1.000000
-0.269240 -2.099588 1018.023390
0.071986 -1.661909 78.836745
-0.000113 -0.003507 1.000000
0.067421 -1.971674 319.189790
-0.043725 -1.137073 -426.739990
0.000070 -0.003186 1.000000
-0.083472 -2.443049 950.502062
0.110225 -1.097861 -21.887456
-0.000104 -0.003151 1.000000
-0.001261 -2.133036 1007.522864
-0.107309 -1.279366 74.936962
0.000015 -0.003276 1.000000
0.426314 -2.288540 1329.544270
0.162198 -1.483914 81.827921
0.000459 -0.003705 1.000000
3.147051 -6.217607 137.528349
1.623823 -4.612530 -1435.458251
0.004141 -0.010031 1.000000
-0.295641 -1.524006 581.374449
0.064372 -1.129562 -185.778443
-0.000339 -0.002715 1.000000
-0.195281 -1.376750 1107.581470
0.002229 -1.447838 93.920738
-0.000253 -0.002704 1.000000
-0.177125 -1.650109 668.289650
-0.333823 -1.673777 5.165296
-0.000268 -0.002868 1.000000
-0.152528 -1.635205 841.642190
0.131420 -1.099868 -77.813320
0.000012 -0.002639 1.000000
0.754632 -3.003668 1071.963500
0.247444 -1.141398 -49.319068
0.000697 -0.004059 1.000000
3.702942 -8.381860 4146.602994
1.081182 -2.412004 -2180.764600
0.006412 -0.012593 1.000000
-0.340101 -1.359112 870.431632
-0.101361 -0.908811 67.950979
-0.000283 -0.002399 1.000000
0.052218 -2.526860 451.486774
0.221664 -2.669697 159.558574
0.001034 -0.004507 1.000000
0.348228 -2.776810 820.863381
0.432275 -2.797092 -418.408118
0.000734 -0.004103 1.000000
0.060207 -1.879667 1005.386779
-0.019188 -0.725793 98.802572
0.000082 -0.002675 1.000000
0.899389 -2.834013 949.742487
0.445074 -2.366058 -219.107543
0.001253 -0.004513 1.000000
-0.115478 -1.855920 423.600284
-0.006381 -1.627478 -196.536970
-0.000096 -0.003705 1.000000
0.360954 -1.509167 383.207754
0.096234 -1.051625 -236.198582
0.000385 -0.003043 1.000000
-0.125497 -0.813243 343.514491
0.034628 -0.501314 24.205795
-0.000287 -0.001937 1.000000
-0.255708 -1.512511 973.263886
-0.050073 -0.558571 12.124745
-0.000282 -0.002187 1.000000
-0.714573 -0.903141 1415.420737
-0.306217 -0.438781 63.933279
-0.000950 -0.001588 1.000000
-0.202174 -1.109273 617.693315
0.005245 -0.956948 -67.480445
-0.000057 -0.002510 1.000000
-0.147916 -1.389640 702.970443
-0.059240 -0.853370 -120.053100
0.000023 -0.002808 1.000000
0.133257 -1.592500 207.956140
-0.133956 -1.636895 -48.476917
-0.000033 -0.003554 1.000000
-0.121440 -1.877777 702.105063
0.041368 -1.480451 -111.347280
-0.000038 -0.003564 1.000000
0.095776 -2.222034 353.849122
0.090823 -1.036630 -262.183923
0.000458 -0.003385 1.000000
0.234249 -2.550883 760.838397
0.338184 -2.330985 -11.723423
0.000175 -0.004152 1.000000
-0.155087 -1.947378 595.763290
-0.006896 -1.370227 -0.894460
-0.000176 -0.002723 1.000000
-0.144273 -1.408863 900.372200
0.069335 -1.077891 60.570285
-0.000027 -0.002731 1.000000
0.577267 -2.781255 871.230056
0.089656 -1.292598 -362.444135
0.000716 -0.003877 1.000000
0.026494 -1.916433 908.366508
-0.052994 -0.613788 -192.176261
0.000340 -0.003257 1.000000
-0.449635 -1.502600 1028.981782
-0.051740 -1.122854 -36.096835
-0.000410 -0.002530 1.000000
-0.181612 -0.874409 376.986968
-0.156844 -1.055066 -28.930063
-0.000346 -0.002125 1.000000
-0.080380 -2.683787 936.498647
0.237769 -1.474397 -135.895462
0.000197 -0.003417 1.000000
-0.043312 -1.603897 1095.730592
-0.018930 -1.167203 43.246699
0.000018 -0.002780 1.000000
-0.178358 -1.864167 995.437155
0.048230 -0.924077 -65.172402
0.000215 -0.002940 1.000000
-0.216934 -1.290211 493.250583
-0.027858 -0.565218 21.542521
-0.000304 -0.002036 1.000000
-0.296155 -1.755463 758.401453
0.040405 -1.489044 38.750923
-0.000154 -0.002902 1.000000
0.204328 -1.797731 768.990828
0.176233 -0.970812 -48.487237
0.000324 -0.002676 1.000000
0.077523 -2.138754 542.228548
0.166547 -1.829847 -29.818984
0.000058 -0.003517 1.000000
0.120190 -2.078268 630.926667
0.545850 -2.639504 -266.019782
0.001085 -0.005212 1.000000
0.450413 -1.839239 318.218988
0.054860 -1.416184 -16.915336
0.000464 -0.003612 1.000000
-0.263806 -1.914730 637.389320
-0.178415 -1.594551 216.560498
-0.000201 -0.003017 1.000000
0.009531 -1.709680 673.110970
0.328306 -1.701852 -61.905120
0.000698 -0.004008 1.000000
0.139045 -1.894944 564.099211
0.101058 -1.692093 34.148037
0.000097 -0.003350 1.000000
-0.444943 -1.401069 801.300736
-0.094299 -1.198666 29.462433
-0.000538 -0.002413 1.000000
-0.201994 -1.378834 584.026118
0.235935 -1.599527 -0.436663
0.000168 -0.003203 1.000000
0.491823 -2.470519 196.895489
0.314936 -2.283767 -28.308288
0.000241 -0.004222 1.000000
0.019323 -1.065481 487.254946
0.130624 -1.967717 91.655380
0.000030 -0.003588 1.000000
-0.308481 -1.835630 759.108255
0.269200 -2.186073 3.540754
0.000177 -0.003838 1.000000
-0.064973 -1.198931 417.238459
0.019753 -1.577859 12.071910
-0.000082 -0.003043 1.000000
-0.060210 -1.587470 553.114356
0.030198 -1.865212 134.353599
-0.000063 -0.003231 1.000000
1.259541 -3.435710 1264.175400
0.429926 -1.903023 -151.303822
0.001509 -0.005090 1.000000
0.385499 -2.059738 344.846687
0.242861 -1.092378 -142.270074
0.000209 -0.002917 1.000000
-0.204121 -1.417792 698.631307
-0.004717 -0.494088 -45.849282
-0.000251 -0.002007 1.000000
0.232479 -2.210159 444.632576
0.117888 -1.520337 -5.275321
0.000243 -0.003642 1.000000
-0.065164 -1.616022 575.318727
0.040627 -1.028820 -2.614006
0.000021 -0.002782 1.000000
-0.200093 -2.021497 746.247002
0.147875 -1.300421 -49.747172
0.000087 -0.003123 1.000000
0.027098 -1.066826 619.373491
-0.117405 -1.404877 232.770158
-0.000172 -0.002547 1.000000
0.087852 -1.481391 730.466816
0.436199 -1.907788 -170.362988
0.000641 -0.003854 1.000000
0.534506 -1.831991 150.510698
0.280776 -2.158132 -28.202844
0.000529 -0.003976 1.000000
-0.288507 -1.939307 629.040225
-0.065638 -1.392507 161.938887
-0.000257 -0.002618 1.000000
0.354381 -2.580261 945.495985
0.517420 -2.125090 -35.197203
0.000797 -0.004059 1.000000
-0.044961 -1.229310 201.831120
-0.030580 -0.772301 -128.220391
-0.000231 -0.002405 1.000000
0.052393 -0.955498 399.794172
-0.019417 -0.620819 41.699776
-0.000051 -0.002081 1.000000
-0.304494 -0.468181 300.859927
-0.332575 -0.797586 190.244177
-0.000672 -0.001702 1.000000
0.145796 -2.231658 464.843885
0.238288 -1.356627 -104.717556
0.000394 -0.003510 1.000000
-0.490130 -1.597675 815.286126
-0.155554 -1.594278 124.830511
-0.000353 -0.002955 1.000000
1.000000 -0.000000 -0.000000
0.000000 1.000000 -0.000000
0.000000 -0.000000 1.000000
0.034902 -0.619535 160.487565
0.006050 -0.631304 52.368894
0.000085 -0.002130 1.000000
-0.043349 -2.671582 693.127246
0.594660 -3.115029 28.146302
0.000844 -0.005346 1.000000
0.449458 -2.749219 372.689465
0.590372 -1.891501 -273.546461
0.000640 -0.004074 1.000000
-0.003760 -0.582727 218.257724
-0.017008 -0.513963 53.948596
-0.000121 -0.001853 1.000000
0.529090 -2.423336 352.317365
0.341696 -1.740303 -39.453310
0.000404 -0.003547 1.000000
0.253279 -1.715273 586.576443
0.165135 -1.062704 -30.589701
0.000218 -0.002757 1.000000
0.154603 -1.603820 482.306207
0.294394 -1.602552 -157.723790
0.000423 -0.003795 1.000000
0.017704 -2.543271 634.393569
0.268731 -2.160755 69.945681
0.000097 -0.003736 1.000000
-0.158482 -1.187776 340.557222
-0.127589 -1.318761 153.770413
-0.000321 -0.002512 1.000000
-0.101646 -1.127234 721.258650
0.327077 -1.733247 -119.850915
0.000529 -0.003679 1.000000
