-5.994028 8.287522 -9848.253009
-8.290225 14.765172 -298.597253
-0.020068 0.028603 1.000000
-0.330327 -0.649425 685.178159
-0.405671 -0.905989 863.455351
-0.000907 -0.001971 1.000000
0.045317 -1.501747 -167.321062
-0.192303 -1.260706 156.134820
-0.000120 -0.002337 1.000000
-0.608170 -0.286286 1192.395817
-0.579304 -0.419341 552.770499
-0.001119 -0.000765 1.000000
-0.586225 -1.328147 368.457821
-0.534490 -1.355296 446.610690
-0.000844 -0.001970 1.000000
3.537777 -9.207068 6582.814312
0.921736 -4.773333 446.859301
0.006882 -0.017787 1.000000
-0.878015 -0.044586 1021.857810
-0.778985 -0.359746 214.362090
-0.001637 -0.000382 1.000000
-0.312422 -0.960593 653.273530
-0.442990 -1.102650 290.169429
-0.000647 -0.001916 1.000000
-0.531227 -0.996179 612.807473
-0.435452 -0.809972 1050.700876
-0.000863 -0.001797 1.000000
-0.153464 -1.342196 418.117420
-0.180278 -1.327205 284.806809
-0.000356 -0.002364 1.000000
1.013985 -2.240024 207.402280
0.637906 -1.791043 -835.808912
0.002214 -0.005226 1.000000
-0.360881 -1.603441 456.661727
-0.429908 -1.450664 523.818649
-0.000566 -0.002311 1.000000
0.174376 -1.064743 81.369986
-0.011624 -1.258378 -394.845222
0.000135 -0.002711 1.000000
-0.009497 -1.120911 644.717668
-0.095353 -1.094392 -74.458421
-0.000179 -0.002303 1.000000
0.074615 -1.042456 659.460392
0.056309 -1.043258 235.551239
0.000162 -0.002389 1.000000
1.312064 -4.012275 2302.874606
1.849885 -5.175183 -232.312247
0.003690 -0.009880 1.000000
-0.133335 -1.166537 795.006745
0.063147 -1.341333 161.204180
-0.000131 -0.002768 1.000000
-0.040710 -1.396157 16.149516
-0.011116 -1.416575 290.665955
-0.000054 -0.002780 1.000000
-0.653949 -1.250042 714.022177
-0.416460 -0.864449 280.984628
-0.000834 -0.001677 1.000000
-0.384055 -1.175523 170.593402
-0.403099 -1.208750 347.457181
-0.000768 -0.002058 1.000000
-0.672241 -2.779198 828.712341
1.163418 -4.660750 137.155491
0.001420 -0.006794 1.000000
-0.205817 -1.476672 457.905357
-0.241025 -0.952444 184.513624
-0.000555 -0.001941 1.000000
0.431415 -1.620968 -444.202042
0.385801 -1.619911 286.654593
0.000776 -0.003422 1.000000
0.358797 -1.859387 390.300317
0.129642 -1.769228 24.403460
0.000271 -0.003310 1.000000
-0.064533 -1.173608 582.729830
-0.016551 -1.598406 120.617502
-0.000145 -0.002912 1.000000
-0.448544 -0.695063 222.543786
-0.556266 -0.799665 379.660193
-0.000930 -0.001281 1.000000
-0.896516 -0.957311 273.980828
-0.589941 -0.602438 598.797125
-0.001295 -0.001372 1.000000
-0.178368 -0.764715 584.079068
-0.317758 -1.460385 421.676512
-0.000176 -0.002606 1.000000
-0.251217 -1.190143 994.320584
-0.272037 -1.084059 196.823559
-0.000401 -0.001970 1.000000
-0.052583 -0.973395 658.313039
-0.173260 -0.979687 398.488391
-0.000197 -0.002002 1.000000
-1.026691 -0.078552 1125.723231
-1.164458 0.269767 1022.616559
-0.002151 0.000172 1.000000
-0.266614 -0.715416 246.476921
-0.247842 -0.843714 138.526745
-0.000660 -0.001604 1.000000
-0.287254 -0.425964 507.444392
-0.216356 -0.821230 202.559860
-0.000701 -0.001560 1.000000
-0.346034 -1.277295 586.496316
-0.350869 -1.657600 159.595227
-0.000727 -0.002580 1.000000
-0.302223 -0.794859 720.713984
-0.398033 -0.812556 309.650291
-0.000649 -0.001505 1.000000
0.259706 -1.404580 915.048598
0.156803 -1.214237 162.802655
0.000242 -0.002812 1.000000
0.097919 -1.598713 952.535925
-0.034656 -1.309612 1065.242552
0.000055 -0.003429 1.000000
-0.394893 -0.749224 967.931745
-0.179206 -0.668490 112.729240
-0.000624 -0.001463 1.000000
-0.143773 -1.462791 1430.979786
0.053931 -0.896687 715.942943
-0.000191 -0.003108 1.000000
-0.226192 -0.389438 912.498493
-0.155655 -0.539044 548.077677
-0.000655 -0.001830 1.000000
0.000050 -0.835166 848.995532
-0.006220 -0.870736 95.504321
-0.000201 -0.002487 1.000000
-0.550466 -0.920400 393.866556
-0.496044 -0.806049 351.687187
-0.000803 -0.001557 1.000000
0.194788 -1.257006 951.505404
0.008041 -0.913230 862.646497
-0.000194 -0.002587 1.000000
0.128013 -1.098121 687.076975
-0.083731 -0.591655 -9.538163
0.000219 -0.002526 1.000000
-0.304469 -0.806721 -82.209190
-0.146435 -0.688942 100.742276
-0.000379 -0.001768 1.000000
-0.346863 -0.763117 739.907357
-0.317872 -0.561206 -272.997940
-0.000688 -0.001724 1.000000
-0.047232 -0.593968 910.560839
-0.032273 -1.003211 297.523489
-0.000261 -0.002286 1.000000
-0.010788 -0.873502 992.622120
-0.069249 -0.759250 440.974415
-0.000460 -0.001752 1.000000
0.008396 -1.046905 897.395594
-0.050980 -0.968737 402.532571
-0.000114 -0.002666 1.000000
-0.093417 -0.782389 1306.756816
-0.066980 -0.706268 355.150190
-0.000446 -0.001795 1.000000
0.156718 -1.107298 638.065536
0.112655 -1.233426 480.819741
0.000206 -0.003200 1.000000
-0.030105 -0.483872 563.553801
-0.155980 -0.647916 395.404423
-0.000544 -0.001949 1.000000
0.620265 -1.724021 1915.049052
0.382828 -1.479253 378.565493
0.000517 -0.003506 1.000000
9.704504 -34.680370 24392.154647
16.452058 -37.790246 11808.997776
0.047647 -0.107353 1.000000
-0.429865 -0.203948 998.661279
-0.476548 -0.291412 489.755557
-0.001196 -0.000992 1.000000
0.111195 -1.532394 1452.147671
0.081168 -1.251373 308.544722
0.000329 -0.003106 1.000000
-0.407487 -0.477133 61.327973
-0.405585 -0.456702 266.351179
-0.001047 -0.001235 1.000000
-0.151937 -1.133874 1024.908734
-0.143353 -0.635130 389.411489
-0.000314 -0.002003 1.000000
1.906047 -3.861797 4524.502761
2.217069 -4.746745 93.704547
0.004499 -0.010249 1.000000
0.667325 -1.983237 1980.735302
0.586746 -2.674251 1250.478682
0.001543 -0.005753 1.000000
-1.672760 1.954420 1949.007814
-0.896899 0.409083 -1889.447074
-0.003533 0.002449 1.000000
-0.138287 -0.442954 682.711225
-0.240854 -0.484397 95.478490
-0.000720 -0.001660 1.000000
-0.031367 -1.137519 356.476225
0.023979 -0.416125 -194.203313
-0.000316 -0.001825 1.000000
-0.354977 -0.448793 877.981137
-0.325528 -0.675375 513.572810
-0.000729 -0.001458 1.000000
-0.220143 -0.773251 909.032437
-0.117675 -0.410378 152.222636
-0.000471 -0.001656 1.000000
-0.101180 -0.702483 1152.074521
0.241903 -1.602428 703.691311
0.000471 -0.003595 1.000000
-1.402316 1.059167 907.514788
-1.428015 0.737349 1273.428805
-0.002980 0.001677 1.000000
0.112466 -1.605712 1366.040785
-0.006050 -1.111053 177.299572
-0.000054 -0.002638 1.000000
-0.268931 -1.190600 815.147790
-0.230870 -0.661791 -68.127362
-0.000538 -0.001824 1.000000
-0.273429 -0.642133 978.995522
-0.312391 -0.757269 518.418504
-0.000803 -0.001705 1.000000
6.021106 -12.184576 12939.004527
8.896045 -13.759918 -2189.956556
0.014882 -0.027804 1.000000
-3.658393 4.436817 -5185.490635
-5.027734 6.436429 -134.817202
-0.009629 0.012446 1.000000
0.498261 -2.085825 11.162364
0.357935 -1.623935 5.069764
0.000652 -0.003596 1.000000
-0.341988 -1.307474 777.195580
-0.170975 -0.591456 694.680903
-0.000604 -0.002343 1.000000
0.156469 -1.290922 1199.693404
0.076703 -1.110182 -94.784246
-0.000032 -0.002787 1.000000
-0.313247 -0.622408 260.388289
-0.205545 -0.846895 866.681456
-0.000607 -0.001792 1.000000
0.070781 -2.042391 673.348515
-0.074685 -1.551448 -362.540403
-0.000001 -0.003150 1.000000
-0.289758 -1.453750 389.846052
-0.492144 -1.300547 176.029495
-0.000606 -0.002269 1.000000
-0.352704 -1.050192 -448.932347
-0.427140 -0.868057 253.345133
-0.000639 -0.001847 1.000000
0.870617 -2.641528 2874.647326
0.584335 -2.238937 1302.441936
0.001146 -0.004383 1.000000
-0.617388 -1.118139 476.446442
-0.421615 -0.792313 265.813231
-0.000867 -0.001484 1.000000
-0.502701 -0.680681 832.709727
-0.525069 -1.095917 342.800346
-0.000962 -0.001654 1.000000
0.510422 -2.693439 -166.727030
0.130751 -2.577402 -30.916859
0.000461 -0.004437 1.000000
-1.271121 0.793849 -809.470518
-1.204646 0.848377 306.680230
-0.002776 0.001598 1.000000
0.182179 -2.168559 332.334440
-0.153486 -0.961092 -42.650783
0.000194 -0.002849 1.000000
-0.395015 -1.317933 818.937851
-0.293692 -0.837641 -44.974495
-0.000533 -0.001987 1.000000
-1.098243 0.085603 -419.156767
-0.883295 0.166439 400.501398
-0.001848 0.000356 1.000000
-2.013631 1.496872 1689.818558
-1.925027 1.994647 -967.758862
-0.004019 0.003034 1.000000
0.367175 -2.042002 240.144339
0.150363 -1.393854 -256.978232
0.000379 -0.003681 1.000000
-0.325401 -1.496215 174.841303
-0.275888 -1.030062 609.684531
-0.000557 -0.002376 1.000000
-0.327195 -0.789775 -339.209592
-0.267742 -0.694512 284.265233
-0.000546 -0.001557 1.000000
0.477764 -2.872522 -2407.943333
0.362036 -2.024472 1227.720090
0.001355 -0.005391 1.000000
-0.492661 -1.122522 344.816489
-0.303275 -0.595005 185.473344
-0.000824 -0.001467 1.000000
-0.523547 -1.318391 491.009904
-0.153744 -0.877066 -4.181720
-0.000589 -0.002017 1.000000
-0.821634 -0.682039 362.507143
-0.490655 -0.390489 130.818409
-0.001317 -0.000919 1.000000
-0.566518 -0.431061 357.275989
-0.551016 -0.465397 -201.906840
-0.001121 -0.001022 1.000000
0.158982 -1.836834 385.846067
-0.000952 -0.802065 -36.289066
0.000140 -0.002749 1.000000
-0.580437 -0.961197 -242.929257
-0.326638 -0.722112 -232.909392
-0.000797 -0.001676 1.000000
-3.428186 2.098529 -809.508617
-1.922063 1.020946 -547.050831
-0.004416 0.002873 1.000000
-0.280572 -1.298390 148.871683
-0.174420 -0.857787 561.828011
-0.000483 -0.002060 1.000000
-0.708029 -0.669648 15.270841
-0.521159 -0.471428 511.217654
-0.001199 -0.000998 1.000000
0.066127 -2.003066 2021.027912
0.172326 -1.936958 543.341399
0.000549 -0.003785 1.000000
0.071016 -1.902717 1281.812287
0.414666 -1.738871 926.635051
0.000526 -0.003282 1.000000
-0.610906 -0.450019 771.296683
-0.578984 -0.426159 237.313863
-0.001121 -0.000796 1.000000
-0.421727 -0.808930 185.862390
-0.511684 -0.606508 320.648590
-0.000964 -0.001156 1.000000
-0.476879 -1.142805 1677.775372
-0.470750 -0.925708 380.344568
-0.000861 -0.001944 1.000000
1.287476 -5.479705 -242.438575
1.094589 -4.110040 1235.445750
0.003015 -0.010398 1.000000
-0.615431 -0.615376 231.990004
-0.612595 -0.603863 310.390158
-0.001124 -0.000967 1.000000
-0.119421 -1.367252 719.418041
-0.132340 -1.388421 -110.380946
-0.000178 -0.002330 1.000000
-0.473008 -1.251086 -1094.214462
-0.301760 -0.652417 308.829326
-0.000738 -0.001744 1.000000
-0.413753 -1.187713 692.790541
-0.170263 -0.977131 124.095292
-0.000535 -0.001998 1.000000
-0.249633 -0.654045 627.943315
-0.384786 -1.003861 415.218406
-0.000742 -0.001766 1.000000
-1.045282 0.103345 267.647887
-0.856848 0.124531 -388.524820
-0.002113 0.000298 1.000000
-0.310571 -0.864444 578.865626
-0.223448 -0.769922 85.705400
-0.000605 -0.001794 1.000000
0.651759 -2.144272 2317.983781
0.895565 -2.104516 205.233966
0.001878 -0.005434 1.000000
-0.432003 -1.570906 368.545256
-0.321186 -1.420347 302.001998
-0.000560 -0.002520 1.000000
-0.506241 -0.898827 185.356328
-0.397470 -0.737874 266.439414
-0.000774 -0.001581 1.000000
0.298644 -1.971512 408.791352
0.293318 -1.645946 191.084253
0.000471 -0.002981 1.000000
0.049056 -2.845657 890.964379
0.345262 -1.616948 -585.225224
0.000568 -0.003736 1.000000
-0.025213 -1.937280 398.546779
0.011944 -1.856762 220.514283
-0.000065 -0.003172 1.000000
0.382119 -2.389040 116.654910
0.166260 -2.246387 221.799472
0.000353 -0.003987 1.000000
-0.400172 -1.481277 459.930803
-0.344344 -1.105261 338.293231
-0.000568 -0.002095 1.000000
-0.476743 -1.351456 759.543143
-0.341799 -1.206563 166.680027
-0.000657 -0.002255 1.000000
0.022209 -1.354046 255.402903
-0.072879 -1.289470 -127.923292
-0.000025 -0.002423 1.000000
-1.078741 -0.168556 1254.924950
-0.986787 0.029273 497.137086
-0.001833 0.000220 1.000000
-0.374510 -0.613285 924.518382
-0.314512 -0.933529 381.581437
-0.000532 -0.001592 1.000000
-0.426959 -1.395030 148.478338
-0.328964 -1.257909 489.098257
-0.000580 -0.002266 1.000000
6.905971 -15.180899 -3830.416968
6.201076 -14.182821 -4971.826084
0.011287 -0.025091 1.000000
0.224625 -2.638273 294.584000
0.494543 -2.395014 38.603767
0.000614 -0.004297 1.000000
-0.341552 -1.238975 320.832626
-0.205471 -1.095249 -189.520506
-0.000486 -0.002143 1.000000
0.007539 -1.444584 641.689335
0.024418 -1.312299 34.065935
0.000159 -0.002656 1.000000
0.565249 -2.194024 3.813692
0.509412 -2.558932 -36.953514
0.001025 -0.004517 1.000000
-0.201172 -1.909750 640.588959
-0.152949 -2.094744 315.591426
-0.000108 -0.003350 1.000000
-2.048265 2.865178 -1494.907594
-2.876612 4.329083 3170.122989
-0.005967 0.008554 1.000000
-0.532665 -1.748219 169.940202
-0.406999 -1.081665 155.858981
-0.000810 -0.002259 1.000000
-0.615098 -1.123318 476.662189
-0.296173 -0.625717 227.512243
-0.000794 -0.001524 1.000000
0.362936 -3.208701 -212.904657
0.321394 -2.200027 396.824968
0.000506 -0.004292 1.000000
-0.214439 -1.891831 278.829853
-0.097609 -1.327388 721.008763
-0.000169 -0.002668 1.000000
-20.753558 30.186377 22640.698347
-13.293956 20.201931 8763.544041
-0.037356 0.054695 1.000000
0.281690 -2.187184 -758.727019
0.121562 -1.200213 -995.700313
0.000585 -0.003654 1.000000
-0.908246 0.079713 963.673031
-0.612877 -0.040726 21.924666
-0.001696 -0.000195 1.000000
-0.308772 -0.796684 620.436332
-0.236423 -0.619308 133.075516
-0.000628 -0.002005 1.000000
-0.941364 -0.047429 1070.426998
-0.772768 -0.243904 538.684891
-0.001713 -0.000439 1.000000
0.023898 -1.546665 -412.920302
0.122049 -1.386137 559.680667
0.000392 -0.003246 1.000000
-0.325316 -1.352602 482.652022
-0.104017 -0.855115 -67.986733
0.000157 -0.002929 1.000000
-1.916948 2.160954 2072.433472
-3.838793 6.342281 2793.360192
-0.007260 0.011102 1.000000
-1.927397 0.722676 2548.519174
-2.596432 1.957932 2471.536536
-0.005258 0.004981 1.000000
-0.309318 -2.211768 426.030882
-0.149054 -1.867875 386.696862
0.000078 -0.003578 1.000000
-0.297713 -2.604020 -761.736543
0.291816 -2.097473 707.247741
0.000566 -0.003801 1.000000
-3.823834 3.946721 4433.795997
-4.071436 2.904895 1752.311845
-0.007052 0.009170 1.000000
-0.822265 -0.179388 1395.500696
-0.560672 -0.186648 913.572769
-0.001511 -0.000249 1.000000
0.013216 -1.501038 469.326122
0.066234 -1.526500 1249.767639
0.000270 -0.003491 1.000000
-0.835753 -0.479393 448.105449
-0.593988 -0.363081 769.749458
-0.001382 -0.000892 1.000000
-0.282172 -2.002229 414.869365
-0.242532 -0.898839 583.894022
-0.000684 -0.002654 1.000000
-1.449247 -0.213558 -220.350327
-1.182102 0.322087 1105.122452
-0.002741 0.000395 1.000000
-0.234069 -1.132801 630.833257
-0.027558 -0.539503 53.629063
-0.000403 -0.002071 1.000000
0.987593 -2.873127 206.760814
1.290892 -2.739027 -1904.095914
0.001713 -0.007093 1.000000
-0.981001 0.364620 1501.196120
-1.057630 0.623021 409.081885
-0.003395 0.002457 1.000000
-0.228441 -2.764809 457.725026
-0.303122 -2.437480 294.662950
0.000011 -0.005152 1.000000
0.111547 -1.626739 343.929451
0.083336 -1.656311 94.788679
0.000510 -0.003473 1.000000
-0.165659 -1.066021 983.746338
-0.247037 -1.137826 59.154509
-0.000513 -0.002153 1.000000
-0.127674 -1.171111 502.478900
-0.151810 -1.136087 -10.575989
-0.000370 -0.002419 1.000000
0.794286 -2.623579 1223.118200
0.628887 -2.090755 -981.903956
0.001679 -0.005199 1.000000
-0.526936 -0.424857 756.940650
-0.539529 -0.507251 757.973797
-0.001115 -0.000834 1.000000
0.565801 -3.297903 570.738903
1.056604 -4.530161 -478.390806
0.002031 -0.007626 1.000000
0.243688 -1.269547 -373.038943
0.178289 -1.973746 1706.224399
0.000445 -0.003372 1.000000
-0.002368 -0.759605 417.527793
-0.092808 -1.216632 194.370645
-0.000134 -0.002426 1.000000
-1.227858 1.557243 925.801043
-0.932058 1.095807 -842.946693
-0.003401 0.004058 1.000000
-0.789379 -0.025124 -34.784965
-0.583258 -0.157786 99.082913
-0.001674 -0.000073 1.000000
-0.820188 -0.130037 598.000414
-0.533152 -0.263494 783.364960
-0.001618 -0.000452 1.000000
0.206505 -3.767755 543.653245
0.325028 -3.588088 488.722685
0.000625 -0.005855 1.000000
0.187360 -2.352704 -151.347581
0.185098 -2.637941 201.023979
0.000453 -0.004720 1.000000
0.169226 -1.724668 720.336048
0.349732 -2.074002 -154.294022
0.000568 -0.004015 1.000000
0.219620 -1.574991 878.207641
0.215438 -1.425199 675.707029
0.000777 -0.004719 1.000000
-0.767618 -0.505035 1116.586746
-0.586097 -0.184193 561.973043
-0.001280 -0.000704 1.000000
0.148688 -1.506145 581.340502
-0.039567 -1.415911 75.033610
-0.000018 -0.002752 1.000000
-0.121634 -0.883920 0.320986
-0.622185 -1.477287 181.265323
-0.000788 -0.002262 1.000000
-0.372536 -0.960935 742.263345
-0.252980 -0.760634 27.217661
-0.000531 -0.001800 1.000000
1.037959 -3.354656 -783.606574
0.658973 -2.028178 952.676665
0.001647 -0.005686 1.000000
-0.720100 -0.784846 237.615818
-0.596133 -0.685916 707.133140
-0.001141 -0.001356 1.000000
0.283542 -1.967834 579.593830
0.220104 -2.083780 -277.591640
0.000254 -0.003672 1.000000
-0.233859 -1.096790 1294.506146
-0.335408 -1.520921 59.792212
-0.000472 -0.002681 1.000000
-0.009112 -0.995639 683.364499
-0.154632 -1.212427 300.034368
-0.000336 -0.002274 1.000000
-0.637153 -0.738049 286.734216
-0.554109 -0.803077 329.618100
-0.001063 -0.001400 1.000000
0.113501 -2.017232 -92.735649
0.161569 -1.247887 -147.486790
0.000261 -0.003239 1.000000
-0.181233 -1.492347 309.137323
-0.029285 -1.217902 148.557977
-0.000159 -0.002649 1.000000
-0.006641 -1.368055 86.699514
0.090144 -1.193577 -56.207485
-0.000159 -0.002669 1.000000
1.868553 -3.013606 1329.220342
0.831321 -3.305371 -1272.910822
0.001962 -0.006691 1.000000
0.021987 -1.297503 669.556350
0.012830 -1.541557 26.115471
0.000526 -0.003647 1.000000
-0.371308 -1.218469 97.046654
-0.374558 -1.139139 91.823601
-0.000667 -0.001946 1.000000
-0.223545 -0.904792 416.617513
-0.266394 -1.133108 -66.887990
-0.000722 -0.002056 1.000000
-8.253541 11.751758 14192.582613
-7.104773 11.930872 2062.383135
-0.014789 0.022366 1.000000
0.062702 -2.195056 232.467210
-0.077572 -1.363665 1323.728007
0.000033 -0.002967 1.000000
-0.486735 -1.709870 311.335317
-0.393492 -1.180728 155.228711
-0.000719 -0.002499 1.000000
-0.777302 -0.641935 -830.655676
-0.534176 -0.540909 -983.337517
-0.001282 -0.000965 1.000000
1.544880 -3.819297 -878.741124
0.431306 -2.626379 1463.919034
0.001561 -0.006254 1.000000
-0.096597 -1.188379 905.777415
-0.284612 -1.487833 -85.372901
-0.000343 -0.002723 1.000000
-0.451229 -0.949464 713.806572
-0.277992 -0.971806 167.053920
-0.000669 -0.001886 1.000000
-0.740198 -0.285523 1010.184824
-0.759148 -0.319401 11.538911
-0.001685 -0.000727 1.000000
-0.182121 -1.953641 597.188145
-0.167322 -1.755337 483.777015
-0.000115 -0.002821 1.000000
0.469757 -2.208941 1250.325834
0.347769 -1.851319 -96.787652
0.001419 -0.004405 1.000000
0.009406 -1.139075 660.220823
-0.244466 -1.381114 270.308907
-0.000268 -0.002445 1.000000
-2.937408 3.336126 -1099.284656
-2.180598 2.395710 -1499.247325
-0.004733 0.004779 1.000000
-0.387003 -0.896870 -15.382621
-0.430786 -0.889240 708.219549
-0.000788 -0.001636 1.000000
-0.148237 -1.142829 737.359616
-0.141978 -1.122337 -349.700699
-0.000522 -0.002460 1.000000
0.270163 -2.825358 89.093968
0.610246 -2.196476 -920.153832
0.000481 -0.004782 1.000000
-0.371530 -1.192918 41.593047
-0.409375 -1.019589 580.246069
-0.000787 -0.002170 1.000000
-2.356658 1.113569 -136.682197
-2.205413 1.424377 86.806786
-0.003788 0.002475 1.000000
-105.302433 148.262600 -47094.262461
-90.006979 120.402895 -30188.552854
-0.187996 0.283951 1.000000
-1.751447 4.134125 -2420.047974
-4.907530 6.927993 1489.053594
-0.009596 0.012831 1.000000
1.781583 -3.501076 -2089.567248
0.520517 -2.454376 -629.064733
0.002261 -0.005828 1.000000
1.484085 -2.832386 1313.063588
2.037979 -3.447069 -378.461611
0.003761 -0.007030 1.000000
0.753878 -3.702683 1694.815169
2.338453 -5.860103 -289.877986
0.004004 -0.009856 1.000000
0.205429 0.940783 -153.651172
-0.942358 2.341604 274.903068
-0.001824 0.002571 1.000000
-19.326640 42.824618 -4036.414315
-22.493223 47.640173 12858.052968
-0.039330 0.077922 1.000000
0.038197 -2.401475 25.946905
-0.102952 -1.590399 460.022980
-0.000067 -0.003456 1.000000
-0.120198 -1.329693 -69.833826
-0.264560 -0.756604 576.365381
-0.000570 -0.002358 1.000000
0.712780 -0.401803 92.159846
-0.057039 0.434984 152.728870
-0.000096 -0.000640 1.000000
0.070944 0.031240 69.977718
-0.594717 0.614932 364.294495
-0.001131 0.000266 1.000000
0.114359 0.716075 -187.952355
-0.833240 1.693469 353.856581
-0.001727 0.001899 1.000000
-0.343100 -0.470504 46.618164
-0.708359 -0.306231 571.449354
-0.001190 -0.000814 1.000000
-0.798215 0.654566 -456.868011
-1.515818 1.150430 663.800584
-0.002965 0.001995 1.000000
-0.190650 -1.113144 982.008968
-0.167493 -1.059715 1071.184014
-0.000289 -0.002237 1.000000
0.155189 -0.566599 175.429467
-0.278280 -0.223363 343.214855
-0.000549 -0.001239 1.000000
0.685697 -0.046660 90.412608
-0.144783 0.786557 127.273722
-0.000235 -0.000109 1.000000
-0.254862 -0.784359 295.825938
-0.324123 -0.885746 811.706319
-0.000817 -0.001907 1.000000
-0.098985 -1.000503 390.045482
-0.321292 -1.268801 712.169910
-0.000537 -0.002708 1.000000
1.152772 -4.339456 12.267667
0.827499 -3.944695 -277.218201
0.001932 -0.006959 1.000000
0.234343 -1.513163 362.823958
0.014357 -1.618711 -181.901235
0.000217 -0.003499 1.000000
0.465694 -2.220214 1658.559951
0.353781 -2.233701 -898.233558
0.000888 -0.004411 1.000000
0.032894 -1.758529 820.760317
0.087653 -1.643359 -205.915004
-0.000062 -0.003394 1.000000
-0.619083 -0.618814 619.668340
-0.766348 -0.235080 49.088258
-0.001511 -0.000443 1.000000
-0.419324 -1.182401 319.839924
-0.257238 -1.427073 329.042876
-0.000426 -0.002435 1.000000
-0.183817 -0.641253 28.499112
-0.399058 -0.766163 266.430618
-0.000683 -0.001460 1.000000
37.202135 -53.268257 8972.065897
18.803354 -26.462743 -48.232741
0.041423 -0.060727 1.000000
-1.757473 2.125984 -100.528339
-1.413232 0.242803 897.428264
-0.002994 0.002235 1.000000
-2.130027 2.378093 -284.855107
-1.519581 0.351537 741.519386
-0.003091 0.002451 1.000000
1.643211 -3.627636 1792.837764
0.571767 -2.220835 919.426787
0.002048 -0.005744 1.000000
0.595169 -0.375064 190.179998
-0.177690 0.332240 297.444311
-0.000037 -0.000857 1.000000
-1.582788 1.677830 272.563349
-1.550879 1.214366 2937.566379
-0.002882 0.002293 1.000000
4.442949 -5.713614 774.120010
2.148033 -3.798142 472.631955
0.004102 -0.007440 1.000000
0.702229 -0.612086 132.295711
-0.108880 0.142965 330.560345
-0.000161 -0.001018 1.000000
1.000000 0.000000 -0.000000
-0.000000 1.000000 -0.000000
-0.000000 0.000000 1.000000
-0.177660 -1.720392 659.082078
-0.236685 -1.913337 276.261747
-0.000265 -0.002984 1.000000
-0.310861 -1.232064 262.407012
-0.187097 -1.394316 249.456477
-0.000266 -0.002420 1.000000
-0.164841 -1.117900 226.540900
-0.308204 -1.122724 271.112122
-0.000483 -0.002216 1.000000
-1.141895 0.862309 -91.564584
-0.950856 0.429332 864.001132
-0.002080 0.000706 1.000000
0.165194 -0.864739 452.375766
-0.188199 -1.450165 378.965451
-0.000158 -0.002683 1.000000
-9.374167 13.707449 -2669.234700
-6.775788 14.404059 3228.811938
-0.015061 0.028842 1.000000
0.034635 -0.946268 446.232021
-0.166241 -1.285962 310.240558
-0.000358 -0.002514 1.000000
0.259053 -1.501661 113.120307
-0.165822 -1.654317 124.242924
-0.000026 -0.003081 1.000000
0.250480 -0.930839 533.782588
0.008862 -1.610376 399.385729
0.000036 -0.002901 1.000000
0.175152 -1.101082 344.908437
-0.241596 -1.390593 203.156379
-0.000232 -0.002634 1.000000
0.351208 -2.260644 91.492725
0.111521 -2.125192 98.666363
0.000143 -0.003511 1.000000
0.391500 -0.758299 991.257468
-0.008165 -1.289652 354.018880
-0.000044 -0.002809 1.000000
-0.044302 -1.522425 593.402798
-0.210688 -1.828276 463.136709
-0.000248 -0.002736 1.000000
0.653802 -1.563220 1267.364955
1.588524 -4.397462 -9.104663
0.002201 -0.006984 1.000000
0.062238 -0.958766 689.112363
-0.275483 -1.566974 306.524736
-0.000352 -0.002583 1.000000
-0.237848 -0.372152 30.842792
-0.474174 -0.277873 423.838040
-0.001231 -0.000823 1.000000
0.313898 -0.091168 184.831189
-0.139487 0.717091 30.136673
-0.000381 -0.000570 1.000000
-0.290894 -0.791495 247.724344
-0.280272 -0.601775 228.744828
-0.000607 -0.001732 1.000000
-0.379894 -1.014956 348.705830
-0.351414 -0.822479 199.565654
-0.000732 -0.001792 1.000000
-0.381150 -1.677249 709.816524
-0.134295 -1.163733 11.679310
-0.000263 -0.002798 1.000000
-0.127664 -1.633122 442.555497
-0.217371 -1.163824 213.878038
-0.000262 -0.002401 1.000000
-0.084248 -0.864530 620.418841
-0.115800 -1.045831 442.741309
-0.000217 -0.001960 1.000000
-0.053286 -0.712089 485.541400
-0.296716 -1.518066 466.422886
-0.000380 -0.002439 1.000000
-0.012555 -1.365634 102.573438
0.087022 -1.472892 436.188463
0.000114 -0.002632 1.000000
-0.786525 -0.291316 -703.730722
-0.779703 -0.290517 436.965603
-0.001492 -0.000540 1.000000
-0.677380 -1.052143 554.199152
-0.586507 -0.838950 318.912844
-0.001075 -0.001467 1.000000
-1.573449 0.845892 1977.627391
-1.259474 1.182699 202.066079
-0.002863 0.001628 1.000000
-0.360251 -1.258356 1325.690294
-0.424966 -1.302198 316.275412
-0.000515 -0.002120 1.000000
1.994910 -3.952155 -227.657604
1.108629 -3.415359 -2000.586277
0.002423 -0.007781 1.000000
0.683045 -2.025707 263.529696
0.586111 -1.080519 -370.767510
0.001219 -0.003782 1.000000
-0.311700 -0.779009 122.205237
-0.397199 -1.113318 449.143330
-0.000660 -0.001898 1.000000
-0.231165 -0.834454 429.771021
-0.330214 -0.839037 56.192961
-0.000722 -0.001686 1.000000
0.451811 -2.232582 996.338469
0.375050 -1.920048 -322.618862
0.001330 -0.004705 1.000000
0.086781 -1.615190 1685.100539
-0.127571 -1.522274 725.022737
-0.000047 -0.002615 1.000000
-0.485339 -1.002132 388.568521
-0.388429 -0.845124 264.262360
-0.000790 -0.001618 1.000000
-0.089029 -1.031838 261.258326
-0.232243 -1.122907 375.087762
-0.000276 -0.002093 1.000000
-0.483309 -1.066916 178.275027
-0.419791 -0.954239 353.434718
-0.000764 -0.001694 1.000000
-0.464677 -0.926707 274.978397
-0.419207 -0.947919 227.944982
-0.000875 -0.001609 1.000000
-2.126178 2.400426 -2471.643078
-2.796778 2.766480 1364.604764
-0.005614 0.005587 1.000000
-0.193625 -1.726913 842.527264
0.066051 -1.248996 293.082676
-0.000014 -0.002201 1.000000
0.054570 -1.627805 720.744210
0.017615 -1.612456 209.536271
0.000134 -0.002997 1.000000
-0.273818 -0.704123 512.833523
-0.507212 -1.112700 464.048427
-0.000709 -0.001774 1.000000
