-0.208099 -1.095615 386.597809
-0.200353 -0.780015 -201.216782
-0.000473 -0.002183 1.000000
0.017731 -0.961109 814.040078
0.027230 -0.727274 59.900057
-0.000027 -0.002280 1.000000
-0.378536 -1.250850 161.272568
-0.229832 -0.542565 -83.844725
-0.000468 -0.002012 1.000000
0.941568 -3.427634 398.787469
0.410668 -1.762226 -641.233308
0.000803 -0.004755 1.000000
-0.073671 -1.238862 186.629349
-0.141839 -1.130998 -107.022851
-0.000404 -0.002617 1.000000
-4.072757 4.759300 5418.371580
-3.306043 6.233038 3287.651642
-0.008245 0.012137 1.000000
8.597311 -16.560040 -2914.919096
6.797489 -13.246327 -3515.062344
0.010522 -0.023003 1.000000
0.018908 -0.681173 428.012410
-0.303461 -1.253531 23.172547
-0.000342 -0.002806 1.000000
-0.177777 -0.748200 271.566957
-0.257402 -1.138321 50.116673
-0.000597 -0.002313 1.000000
-0.016656 -2.183868 377.532902
0.172016 -1.844822 -615.310698
0.000646 -0.004332 1.000000
0.089967 -1.725112 175.344322
0.034951 -0.904123 -415.405665
-0.000345 -0.002786 1.000000
0.023188 -1.716310 -68.542985
-0.091365 -1.263471 -174.044237
-0.000242 -0.002887 1.000000
-0.235563 -0.964549 1180.008222
-0.065719 -0.822693 -506.969998
-0.000111 -0.002903 1.000000
-0.356530 -0.826163 554.705340
-0.420543 -0.659553 -391.736702
-0.000846 -0.001774 1.000000
-0.099586 -1.197076 481.929193
0.038593 -1.413984 -85.450949
-0.000055 -0.002576 1.000000
-0.023232 -1.068717 594.557374
0.103158 -0.910550 -226.969516
-0.000263 -0.002372 1.000000
2.254455 -4.391415 1333.120507
2.625886 -5.033710 -1652.221168
0.004563 -0.009573 1.000000
-0.417155 -1.209116 285.902853
-0.310446 -1.208485 19.537378
-0.000843 -0.002220 1.000000
-3.413227 4.318184 -3264.767455
-1.702637 2.527829 1318.330629
-0.005015 0.005921 1.000000
0.404613 -2.934936 166.131783
0.484964 -1.947111 -548.589367
0.001352 -0.005078 1.000000
0.213482 -2.097588 217.619134
0.006342 -1.967768 -23.072248
0.000131 -0.003536 1.000000
1.501417 -7.085673 -672.815957
1.145629 -4.634750 -387.151804
0.002841 -0.010210 1.000000
-0.826251 -0.201112 1394.895404
-0.712345 -0.030713 720.637459
-0.001466 -0.000355 1.000000
0.671847 -3.464179 502.067231
0.680105 -2.741955 -922.895167
0.001607 -0.006179 1.000000
-0.437513 -0.864051 769.607433
-0.220390 -0.965608 -460.438615
-0.000789 -0.002068 1.000000
-0.361511 -1.129917 894.753767
-0.324398 -1.172632 219.856360
-0.000723 -0.002281 1.000000
35.602881 -42.139518 -52666.547448
56.644720 -73.594938 -57144.727926
0.106987 -0.161405 1.000000
0.239556 -1.958078 371.233956
0.143510 -2.275106 171.492723
0.000084 -0.003531 1.000000
0.366381 -2.589202 219.530431
0.414078 -2.282879 -389.150633
0.000787 -0.004597 1.000000
0.119970 -1.382546 710.664713
0.663819 -2.653981 74.333129
0.000741 -0.004444 1.000000
-0.225808 -1.147614 -139.915444
-0.302649 -1.093979 -218.859069
-0.000618 -0.002373 1.000000
-0.288554 -0.721430 27.255108
-0.137146 -0.482072 -94.509815
-0.000834 -0.001753 1.000000
-1.068673 1.982700 -1595.310862
-2.214907 3.364956 1060.853002
-0.004515 0.006780 1.000000
-0.097085 -1.101877 145.434790
-0.214390 -1.094009 -78.266872
-0.000444 -0.002390 1.000000
0.065537 -1.357658 403.279656
-0.096766 -2.024193 193.361328
-0.000332 -0.002987 1.000000
0.277477 -1.185712 483.454817
0.176333 -1.098627 -178.319181
0.000313 -0.003076 1.000000
-0.020082 -1.238444 93.964793
-0.199553 -1.248158 -165.337359
-0.000820 -0.002599 1.000000
-1.070068 0.637744 -932.428038
-0.759735 0.441239 1025.681213
-0.002232 0.000674 1.000000
-0.325670 -0.374423 64.651036
-0.212554 -0.271541 -20.348237
-0.001060 -0.001222 1.000000
-0.084142 -0.875430 371.616289
-0.016416 -0.810703 -385.026550
-0.000311 -0.002312 1.000000
-0.045631 -1.090180 139.812593
-0.091405 -0.950707 -237.434387
-0.000308 -0.002810 1.000000
-3.141337 3.149905 2119.666344
-2.797980 1.371241 3607.864696
-0.005846 0.006188 1.000000
0.036127 -1.254364 -39.934252
0.112060 -0.875061 -345.747803
-0.000167 -0.002770 1.000000
2.239193 -4.642424 1857.218496
0.861798 -2.839036 -293.222088
0.003748 -0.008973 1.000000
-0.211276 -0.679050 -129.379431
-0.192518 -0.482798 -361.521258
-0.000757 -0.001528 1.000000
-0.131343 -1.030390 -132.260457
-0.124632 -0.812091 -304.075512
-0.000295 -0.002447 1.000000
-0.360036 -0.625501 126.673953
-0.264713 -0.631234 -284.490922
-0.000796 -0.001462 1.000000
-0.229414 -0.953561 773.617562
-0.178698 -0.671918 -162.457424
-0.000602 -0.001901 1.000000
-0.767811 -0.551070 1427.682659
-0.676537 -0.415515 57.813634
-0.001394 -0.000960 1.000000
0.866389 -2.455728 393.855113
0.646456 -2.034924 -982.056401
0.001533 -0.005077 1.000000
-0.302971 -0.585665 830.828789
-0.257126 -0.502717 189.728577
-0.000840 -0.001960 1.000000
-0.368921 -0.609104 694.905763
-0.340308 -0.387014 -242.812257
-0.000982 -0.001531 1.000000
1.317759 -3.619257 -138.228600
0.864730 -2.837973 -1997.395161
0.002417 -0.007149 1.000000
-0.285227 -0.917373 447.566759
-0.172919 -0.844891 -301.088391
-0.000751 -0.002222 1.000000
0.688631 -1.912166 2315.603119
0.708915 -2.232607 -299.109166
0.001191 -0.004736 1.000000
-0.009744 -2.273579 -96.055707
0.019934 -1.704283 -169.720960
-0.000134 -0.003476 1.000000
-15.827872 26.483995 14935.227739
-14.921936 21.898655 9250.994961
-0.038984 0.058617 1.000000
2.938875 -5.564520 -958.129835
2.898833 -5.562138 -863.680791
0.005457 -0.011025 1.000000
-0.141909 -1.359462 695.816556
0.047691 -1.364113 -518.658820
-0.000058 -0.003211 1.000000
-0.260979 -0.871753 934.455715
-0.199365 -0.945055 90.952586
-0.000457 -0.002347 1.000000
0.447288 -3.095620 192.972057
0.707571 -1.986396 -302.993875
0.001108 -0.004795 1.000000
-2.837053 6.115256 6374.102114
-4.357268 4.188681 2494.064814
-0.010100 0.012538 1.000000
0.493695 -1.911754 254.786156
0.723967 -1.872018 -273.347439
0.001633 -0.004839 1.000000
0.639296 -2.959717 -1135.392417
2.266978 -4.574645 -1071.720209
0.004432 -0.009063 1.000000
3.732636 -8.593716 -487.821488
4.457339 -8.434921 -2665.796807
0.008934 -0.019102 1.000000
0.319858 -2.351900 398.706389
1.040373 -2.624635 -537.883056
0.001447 -0.005584 1.000000
0.959356 -4.288026 176.396919
1.093317 -3.778579 -859.598079
0.001715 -0.007334 1.000000
0.459768 -2.641274 -68.946708
0.640382 -2.212254 -679.817732
0.001324 -0.005236 1.000000
0.063913 -1.982361 371.449551
0.305802 -1.374129 -226.386199
0.000710 -0.004078 1.000000
-0.015661 -1.201024 2.767732
0.082452 -1.359045 -746.219186
0.000247 -0.003593 1.000000
-0.475044 -3.385892 877.865295
0.272830 -3.435279 -73.610832
0.000456 -0.005952 1.000000
-0.064260 -0.903158 632.563574
-0.001222 -1.054070 65.712235
-0.000206 -0.002377 1.000000
-0.093267 -1.590602 226.012365
0.059894 -1.437224 -64.433627
0.000276 -0.003526 1.000000
-0.385578 -0.884686 -620.375529
-0.175137 -0.711848 10.068913
-0.000707 -0.001914 1.000000
0.299187 -1.922225 705.814875
0.383824 -2.145294 -1031.913120
0.000209 -0.004293 1.000000
-0.636876 -0.271125 167.945836
-0.663681 -0.197398 -62.070932
-0.001575 -0.000713 1.000000
0.124220 -2.250725 709.257630
0.281557 -1.771296 -78.574600
0.000642 -0.004032 1.000000
0.479998 -1.837731 731.171814
0.272607 -0.767283 11.172753
0.000642 -0.002819 1.000000
-13.936603 18.894668 -5180.562154
-19.247652 32.243670 7678.991066
-0.039476 0.066510 1.000000
-0.010652 -2.384956 656.977692
0.394323 -2.716567 35.613570
0.000691 -0.004752 1.000000
0.188509 -2.049627 522.669616
0.252864 -1.731015 54.305966
0.000496 -0.003551 1.000000
0.147761 -2.124070 606.721548
0.199642 -1.858237 112.344218
0.000454 -0.003752 1.000000
0.111463 -2.082166 637.664736
0.177744 -1.747918 92.540678
0.000310 -0.003294 1.000000
3.651802 -5.601397 1562.858506
2.266589 -3.729105 -589.006167
0.005492 -0.010928 1.000000
0.937941 1.854289 -229.350836
-0.417103 2.601858 -161.370425
-0.001004 0.002328 1.000000
0.150864 0.173487 286.826495
-0.339501 0.995979 28.372823
-0.000864 0.000182 1.000000
-3.175500 1.926844 -44.304404
-2.172033 1.432221 751.340392
-0.004819 0.003567 1.000000
12.321004 -9.368758 -53.703723
5.962500 -4.981821 -323.274858
0.012691 -0.015870 1.000000
0.459302 0.264461 171.140522
-0.238079 1.094872 0.809816
-0.000679 0.000311 1.000000
2.008228 -4.918994 1436.682541
3.046917 -5.260190 -213.088729
0.005090 -0.009424 1.000000
1.210851 -2.353441 799.178455
1.179106 -2.162332 35.205002
0.002116 -0.004674 1.000000
4.946074 21.238080 -5898.275218
-3.873419 27.083434 0.958010
-0.008353 0.037059 1.000000
1.018089 1.189465 -178.357934
-0.185565 2.187655 197.953284
-0.000405 0.001869 1.000000
0.859198 0.194076 68.322158
-0.094224 1.112954 -12.660120
-0.000219 0.000181 1.000000
1.000000 0.000000 -0.000000
-0.000000 1.000000 -0.000000
-0.000000 0.000000 1.000000
0.794660 -0.931995 124.135736
0.018884 -0.379042 394.180925
0.000032 -0.001707 1.000000
0.784447 0.037803 101.610918
-0.060858 1.022977 1.083985
-0.000201 0.000118 1.000000
0.488404 -0.180434 205.784210
-0.141565 0.482838 273.188036
-0.000272 -0.000337 1.000000
0.680334 -0.455550 220.200529
0.041917 0.303462 241.186883
0.000012 -0.000821 1.000000
-0.095107 -1.357928 592.230709
-0.100437 -1.157631 247.615671
-0.000098 -0.002457 1.000000
-0.104407 -1.691220 458.081567
-0.014622 -1.864318 243.934600
-0.000108 -0.003173 1.000000
-0.280460 -1.790844 649.568646
0.029342 -2.024415 101.979452
-0.000044 -0.003498 1.000000
1.396697 -4.077562 534.628207
1.986255 -4.954888 -741.642044
0.002982 -0.008151 1.000000
-0.319255 -1.185360 438.092985
-0.177384 -1.045825 108.718548
-0.000511 -0.002072 1.000000
-0.097344 -1.556407 127.934995
-0.037214 -1.279972 54.512274
-0.000414 -0.002630 1.000000
4.105448 -6.438322 2421.572754
3.792394 -8.692503 -3333.038768
0.008318 -0.019889 1.000000
-0.061266 -1.311269 -1089.890735
-0.079613 -1.095898 -189.466088
-0.000254 -0.002966 1.000000
0.227050 -1.853763 521.601708
0.364227 -2.119026 0.776524
0.000522 -0.003691 1.000000
0.035387 -1.662765 441.333242
0.004621 -1.501136 0.846361
-0.000222 -0.002812 1.000000
0.980370 -4.362175 1079.500264
1.190120 -3.471814 9.326931
0.002292 -0.007101 1.000000
-0.171014 -4.886795 927.832256
0.806118 -4.398623 -285.052218
0.001259 -0.008123 1.000000
0.329332 -2.012510 748.579069
0.393103 -1.894844 -36.553489
0.000878 -0.004143 1.000000
0.077444 -2.329928 694.302983
0.185023 -1.697427 42.265080
0.000479 -0.004158 1.000000
-0.233712 -1.017216 608.006699
-0.067418 -0.811139 -298.598063
-0.000514 -0.002244 1.000000
0.646091 -2.541020 372.870091
0.654282 -2.283320 -1068.354898
0.001407 -0.005357 1.000000
1.205319 0.257461 -70.246616
0.028925 1.361440 74.738684
0.000207 0.000346 1.000000
0.866445 -1.633412 367.509494
0.351258 -0.950649 226.830383
0.000511 -0.002637 1.000000
-1.639030 -3.593151 1244.515458
-0.423477 -5.644909 635.660905
-0.000560 -0.007349 1.000000
1.395372 5.604697 -1338.850401
-1.698079 10.530833 209.631290
-0.003293 0.013189 1.000000
-0.147639 -2.577897 840.126905
0.270973 -2.691025 190.180904
0.000728 -0.005005 1.000000
0.056083 -1.464443 453.404973
0.164374 -1.567480 -5.286692
0.000030 -0.003268 1.000000
0.039628 -1.380444 470.874914
0.083853 -1.590265 170.297268
0.000140 -0.003249 1.000000
0.001264 -3.274498 708.140053
0.208350 -3.806177 129.239589
0.000715 -0.006519 1.000000
0.566256 -3.409840 427.665597
0.916794 -3.564664 -293.037074
0.001294 -0.006149 1.000000
0.055704 -2.284668 117.942561
0.098146 -1.826873 -224.047600
-0.000148 -0.003751 1.000000
0.741369 -2.846865 790.831135
0.912001 -4.002511 -529.699803
0.002051 -0.007412 1.000000
0.022241 -1.960727 441.030385
0.248306 -1.789084 -58.085469
0.000143 -0.003506 1.000000
0.079141 -1.649507 279.668150
0.173228 -1.649259 -21.481269
0.000273 -0.003326 1.000000
3.010254 -6.752754 -1480.159594
2.467160 -6.816455 -1328.263234
0.004822 -0.012995 1.000000
0.794813 -2.925481 -81.327001
0.770187 -2.837292 -226.343000
0.001849 -0.006096 1.000000
0.119134 -1.823324 342.716976
0.312447 -1.952111 -391.061560
0.000052 -0.003741 1.000000
0.467892 -2.009554 -189.336445
0.546789 -2.060552 -471.279812
0.001241 -0.004726 1.000000
0.450563 -2.958822 1364.102181
1.481834 -3.807068 -872.564763
0.001798 -0.006437 1.000000
-0.059835 -1.528626 166.954988
-0.063201 -1.544707 -24.786002
-0.000240 -0.003257 1.000000
0.225771 -1.725619 267.823792
-0.069443 -1.152674 236.648727
-0.000094 -0.002717 1.000000
0.194832 -1.512741 408.935171
-0.057758 -1.439976 220.513421
-0.000106 -0.002861 1.000000
-0.284244 -4.283889 983.779160
0.325642 -5.267363 362.520886
0.000667 -0.007734 1.000000
0.851181 -2.478840 422.058874
0.369129 -2.073816 124.336515
0.000921 -0.004473 1.000000
-0.294401 -1.124571 429.778503
-0.097048 -0.769477 -86.814954
-0.000540 -0.002079 1.000000
0.001127 -1.717640 503.465672
0.198699 -1.382324 -385.398523
0.000216 -0.003490 1.000000
-0.080915 -1.449188 1018.857522
-0.102959 -1.085635 -158.172796
-0.000338 -0.003018 1.000000
-0.120819 -1.735591 390.143160
-0.080846 -1.872216 -69.701693
0.000197 -0.004114 1.000000
0.047568 -1.563837 178.733492
0.060710 -1.029551 -377.120079
-0.000031 -0.003344 1.000000
1.038137 -3.153073 229.312907
0.538983 -1.726898 -807.547221
0.001043 -0.005087 1.000000
-0.627514 -0.718777 1441.647668
-0.377337 -0.417084 58.839029
-0.001073 -0.001217 1.000000
1.265510 -2.987205 1404.186222
2.199586 -5.018448 -1839.819672
0.004920 -0.010399 1.000000
0.151765 -1.124343 501.746496
0.123665 -1.253811 -331.936291
0.000113 -0.003226 1.000000
-0.055872 -2.087149 336.410869
0.238646 -1.753270 -427.895946
0.000336 -0.003604 1.000000
-0.108976 -2.440586 -609.687705
2.723543 -5.728163 -2188.590470
0.003313 -0.009037 1.000000
-0.083381 -1.287653 -27.237763
-0.156876 -0.662395 -43.742630
-0.000602 -0.002102 1.000000
-0.620739 -1.693141 -228.127651
-0.245190 -0.697805 -465.551211
-0.000745 -0.002422 1.000000
-1.532137 0.250023 -82.752048
-0.845241 0.348830 928.695292
-0.002749 0.000594 1.000000
-0.582714 -0.548814 16.596534
-0.321173 -0.243387 413.096204
-0.001201 -0.001360 1.000000
0.408285 -3.015315 1443.384676
0.011810 -1.318070 1222.565720
0.000143 -0.004066 1.000000
0.331840 -1.968716 1268.790672
0.254214 -1.616036 -455.701233
0.000478 -0.003965 1.000000
-0.282465 -2.065075 917.166502
0.067795 -2.355365 165.204624
0.000560 -0.004897 1.000000
0.254778 -1.685266 514.560146
-0.029859 -1.284234 -69.108026
0.000337 -0.003763 1.000000
-0.974343 -0.395572 1391.390992
-0.532603 -0.094189 107.596062
-0.001663 -0.000173 1.000000
-0.716253 -0.975451 893.595958
-0.311959 -0.598706 -30.287748
-0.000914 -0.001449 1.000000
0.152182 -2.256000 323.614244
0.110621 -1.994345 168.862311
0.000091 -0.003728 1.000000
4.613580 -11.137745 -2483.518455
5.165409 -9.289745 -2602.793056
0.008890 -0.018600 1.000000
0.316569 -2.589051 591.720461
0.318542 -2.053167 -104.356480
0.000718 -0.005021 1.000000
0.285107 -2.422724 388.367324
0.208944 -2.050933 -42.332069
0.000340 -0.004298 1.000000
-0.023104 -1.172498 181.328440
-0.132190 -1.030265 -356.013910
-0.000291 -0.002743 1.000000
0.335497 -1.816088 202.106357
0.052337 -1.738287 -49.518205
0.000547 -0.003839 1.000000
0.217147 -2.157988 171.382919
0.307471 -2.054933 -287.843971
0.000597 -0.004656 1.000000
-0.215876 -0.947058 362.985695
-0.207583 -1.739759 116.472936
-0.000191 -0.003022 1.000000
-0.333802 -1.106298 1288.296762
-0.353778 -0.995339 -370.357423
-0.000549 -0.002437 1.000000
0.450690 -2.594697 1060.473909
0.635072 -2.477384 -230.207069
0.001107 -0.005395 1.000000
0.341239 -2.413877 755.314370
0.680700 -1.803897 -459.874630
0.001198 -0.004574 1.000000
-0.400770 -1.161751 711.075606
-0.361373 -1.141132 154.141260
-0.000591 -0.002091 1.000000
0.303868 -2.076547 218.895098
0.280018 -2.411429 -482.882383
0.000372 -0.004289 1.000000
0.806802 -3.731197 56.147051
0.865790 -4.355205 -1370.725422
0.003419 -0.010499 1.000000
-0.887565 0.412216 1888.004047
-1.497405 1.223892 -1637.495929
-0.002844 0.001600 1.000000
0.063825 -1.389017 -821.721783
0.165996 -1.453426 31.033603
0.000597 -0.004498 1.000000
0.174222 -2.586000 493.145952
0.770898 -3.827287 -108.175903
0.001226 -0.006079 1.000000
-0.174803 -1.689909 422.343904
0.051619 -1.190250 -144.823027
-0.000343 -0.002844 1.000000
0.055584 -0.779750 22.091476
-0.037137 -0.858938 -257.977260
-0.000288 -0.002502 1.000000
1.008688 -2.714822 3898.473514
0.675853 -2.957436 338.011339
0.002455 -0.006762 1.000000
-0.642100 -0.289230 -641.370720
-0.547950 -0.285920 451.468813
-0.001296 -0.000940 1.000000
0.671910 -1.987696 77.214606
0.645265 -2.681794 -1925.293747
0.001124 -0.004921 1.000000
-0.532175 -0.789391 771.504539
-0.435394 -0.608495 88.484624
-0.001049 -0.001338 1.000000
0.488953 -2.469183 965.610420
0.916087 -2.928300 -504.644056
0.001558 -0.005636 1.000000
0.394582 -2.362287 417.930627
0.122175 -1.564653 133.714400
0.000215 -0.003836 1.000000
-0.141134 -2.495174 637.720119
-0.049065 -2.003044 59.464587
-0.000328 -0.003957 1.000000
-0.043753 -1.295719 355.000485
0.382517 -2.277709 -313.905823
0.000885 -0.004548 1.000000
-0.088066 -1.050424 -52.780829
-0.040553 -0.833677 72.000338
-0.000515 -0.002474 1.000000
0.168187 -1.958821 -420.110429
0.236200 -1.709747 -1643.492532
0.000480 -0.003892 1.000000
-0.330177 -1.548913 628.062836
-0.016151 -1.533214 -57.455245
-0.000643 -0.002604 1.000000
0.263058 -1.523978 623.270207
0.300079 -2.372302 -649.768954
0.001275 -0.005603 1.000000
0.485944 -2.817620 296.930201
0.142159 -1.636753 -325.547427
0.000849 -0.004257 1.000000
0.030417 -0.769690 292.048462
-0.283832 -1.026818 17.070556
-0.000588 -0.002218 1.000000
-0.186054 -1.752860 400.408001
0.036457 -1.241992 -190.605664
-0.000215 -0.003080 1.000000
1.425116 -4.608096 -268.565532
0.940729 -3.111530 -553.942133
0.002298 -0.007464 1.000000
-7.841797 9.670711 -34.407308
-10.173962 12.847447 12337.397698
-0.019996 0.027293 1.000000
-0.216636 -0.876205 1154.439847
-0.267512 -0.998487 449.754460
-0.000523 -0.001928 1.000000
1.026627 -2.672021 2233.829324
0.653256 -2.570751 -492.014392
0.001028 -0.005077 1.000000
0.486677 -2.357252 1257.762397
0.849566 -2.150051 -558.344517
0.001068 -0.004700 1.000000
12.825370 -20.026235 593.524590
8.586306 -14.793532 -9704.779559
0.023830 -0.039095 1.000000
0.070408 -1.840836 61.305355
0.039304 -2.105121 151.214097
-0.000113 -0.003650 1.000000
0.380256 -2.105184 -658.757607
0.505547 -2.173735 -158.354440
0.000470 -0.004118 1.000000
0.150440 -2.108722 707.900285
0.198299 -1.382502 -535.152914
0.000283 -0.003597 1.000000
-0.451560 -1.697674 1067.506391
0.016700 -0.982766 -6.888916
-0.000274 -0.002559 1.000000
-0.660346 -0.688005 1157.679993
-0.358211 -0.559221 46.241594
-0.001049 -0.001474 1.000000
-0.026541 -2.012504 1126.334240
0.423255 -1.979830 20.908594
0.000292 -0.003706 1.000000
-0.355060 -1.675758 1033.900864
-0.099634 -0.894284 -32.711174
-0.000401 -0.002418 1.000000
-0.797934 -0.607711 1017.526026
-0.350053 -0.310671 -58.080337
-0.001030 -0.001066 1.000000
-1.735043 0.923982 1988.984245
-1.066110 0.099414 1238.687598
-0.002869 0.001357 1.000000
-0.540416 -1.299159 716.737591
-0.190528 -0.796521 -192.915861
-0.000686 -0.002065 1.000000
1.059996 -3.031940 -823.414936
0.329435 -1.643384 -1269.647669
0.001648 -0.005443 1.000000
-0.071814 -0.882693 319.140023
-0.239565 -0.893600 -15.617424
-0.000486 -0.002123 1.000000
0.237181 -1.635140 385.978560
0.462434 -1.864519 -561.560018
0.000703 -0.003899 1.000000
-0.051438 -1.262158 1551.985354
-0.000796 -0.902017 745.364321
-0.000092 -0.002644 1.000000
0.999280 -2.701487 2489.233734
2.845184 -5.617781 -962.764812
0.004098 -0.008977 1.000000
-0.719904 -0.998498 1093.261370
-0.179404 -1.129772 84.790649
-0.001026 -0.001717 1.000000
-0.836696 -0.761154 1154.173086
-0.227848 -0.508993 102.741503
-0.001070 -0.001442 1.000000
-6.437042 9.161561 -3103.065180
-4.848910 7.018214 -8692.784456
-0.014600 0.021286 1.000000
2.009290 -3.933969 903.121297
0.796522 -2.280740 -930.109927
0.003443 -0.007488 1.000000
2.878920 -4.716358 1445.200118
2.776092 -4.866068 -1449.119186
0.004548 -0.009506 1.000000
-1.974636 1.908467 528.117095
-1.863832 1.509332 1735.003763
-0.003540 0.002710 1.000000
-0.075233 -1.732820 890.246891
0.051760 -1.098710 -145.073618
-0.000256 -0.002496 1.000000
-1.092165 0.532323 453.104106
-0.948318 0.609054 1404.637998
-0.002002 0.001025 1.000000
-0.435221 -1.948812 769.500187
0.120255 -1.144723 -599.636599
-0.000275 -0.002996 1.000000
5.996651 -9.175756 8229.173759
4.685483 -8.130021 -6006.780277
0.012667 -0.021094 1.000000
-0.015398 -1.174073 361.164041
-0.093759 -0.551277 -85.237707
-0.000370 -0.002271 1.000000
-0.076460 -1.488302 1683.601899
-0.007299 -1.246030 -513.996361
-0.000238 -0.003019 1.000000
-0.275075 -1.518459 1099.116534
-0.095062 -0.908309 -95.078848
-0.000660 -0.002145 1.000000
-1.399519 0.187382 357.501120
-0.614535 -0.073682 -255.365750
-0.001990 0.000016 1.000000
-0.823247 -0.839759 727.217763
-0.515387 -0.557259 40.991341
-0.001295 -0.001113 1.000000
-0.459417 -1.409446 807.559004
-0.029545 -1.509486 -14.956379
-0.000277 -0.003332 1.000000
-0.429008 -1.653174 816.472626
-0.334367 -1.046195 -224.127760
-0.000688 -0.002488 1.000000
-0.654065 -1.199391 904.349913
-0.405019 -0.757472 -43.091658
-0.001040 -0.001666 1.000000
-0.723175 -0.983764 790.169187
-0.312343 -0.437893 -170.810882
-0.001035 -0.001492 1.000000
-0.551859 -1.058161 1008.966042
-0.206062 -0.595833 -5.437551
-0.000708 -0.001854 1.000000
-0.476387 -1.435373 1076.751291
0.190285 -1.185947 37.029936
-0.000038 -0.003063 1.000000
-0.630246 -0.904587 746.131490
-0.209185 -0.300937 -495.666465
-0.000973 -0.001467 1.000000
-0.087418 -1.716449 1157.766993
0.011771 -0.923924 20.917643
-0.000095 -0.002595 1.000000
-0.558487 -0.810513 969.946976
-0.314687 -0.656064 222.923945
-0.000812 -0.001862 1.000000
-2.637984 4.278935 -1801.537737
-2.483846 3.279117 2883.583017
-0.005918 0.008242 1.000000
0.124337 -1.503225 -1540.767642
0.291338 -1.064838 -944.176538
0.000186 -0.003366 1.000000
-0.184620 -1.626750 1141.663460
-0.137858 -0.791664 -325.113707
-0.000309 -0.002433 1.000000
-0.823514 -1.048492 1182.000076
-0.213616 -0.436904 -198.823840
-0.001176 -0.001332 1.000000
-0.461590 -1.246750 475.986239
-0.191489 -0.685621 -50.644340
-0.000773 -0.001969 1.000000
-0.212131 -1.517242 588.302737
-0.097613 -1.059700 -127.133868
-0.000354 -0.002464 1.000000
-0.057990 -1.944577 1208.687154
-0.074848 -1.176130 51.605300
0.000080 -0.002756 1.000000
-0.148050 -1.249204 931.454561
0.199915 -2.164053 42.726955
0.000260 -0.004021 1.000000
0.103412 -1.868056 409.668747
0.283767 -1.499836 -104.192552
0.000258 -0.003162 1.000000
-0.319779 -1.357826 716.006018
0.154658 -2.224394 80.838826
-0.000090 -0.003681 1.000000
-0.146893 -1.330925 475.579472
0.022446 -1.223924 -165.118883
-0.000317 -0.002705 1.000000
0.309115 -1.576241 63.583258
0.309422 -1.278518 -377.338889
0.000851 -0.003728 1.000000
0.205077 -2.084116 136.151594
0.589718 -2.087777 -336.039205
0.000243 -0.003546 1.000000
-4.217523 8.670819 -7882.802304
-10.107400 20.193001 1434.948249
-0.017707 0.030143 1.000000
-0.011792 -2.047108 1002.298407
0.218737 -1.396774 -553.721028
-0.000057 -0.003773 1.000000
0.426457 -3.147830 2.515530
0.619528 -2.743409 -78.089345
0.000748 -0.004819 1.000000
-0.192381 -1.199618 908.373936
-0.054737 -1.594697 -257.602032
-0.000652 -0.003000 1.000000
0.038985 -1.384378 430.873547
0.090807 -1.930173 -40.410529
-0.000188 -0.003109 1.000000
0.316870 -2.149716 1156.401264
0.714344 -3.011601 -332.853604
0.000936 -0.005096 1.000000
1.844438 -5.332296 606.430817
1.401788 -5.558703 -788.753813
0.002744 -0.009506 1.000000
0.225787 -2.253377 1922.264016
0.257346 -1.618246 -39.025794
0.001232 -0.005410 1.000000
0.162958 -1.759344 342.625909
0.238014 -1.057077 -1154.757402
0.000298 -0.003314 1.000000
-0.446724 -1.062570 623.648780
-0.106112 -0.607933 -30.068186
-0.000456 -0.002064 1.000000
0.571176 -2.336699 174.893404
0.431815 -1.711461 -682.474888
0.000783 -0.004834 1.000000
-0.086144 -1.494715 1103.066932
0.162945 -1.786546 -73.567240
0.000341 -0.004005 1.000000
-1.823896 0.998060 2542.823581
-1.113376 0.557976 -147.766657
-0.002840 0.000995 1.000000
-0.182052 -1.187974 674.720657
-0.288213 -1.216849 1.261895
-0.000508 -0.002370 1.000000
-0.177287 -0.989014 702.501862
0.114886 -1.964088 45.995404
-0.000058 -0.003267 1.000000
-0.298053 -0.689033 -83.639724
-0.255526 -1.030110 -465.552028
-0.000800 -0.002307 1.000000
3.865145 -6.830557 -425.158581
3.453309 -8.107691 -2243.608638
0.005933 -0.012879 1.000000
0.259388 -2.184209 287.927519
-0.102259 -2.079081 -13.071879
-0.000336 -0.003567 1.000000
-0.270606 -0.879270 486.966763
-0.216825 -0.599017 -379.664267
-0.000851 -0.001788 1.000000
-0.972317 -1.091996 671.182625
-0.417607 -1.067433 -30.596725
-0.001007 -0.002199 1.000000
0.619434 -1.953123 653.973146
0.743514 -2.226841 -148.078262
0.001269 -0.004726 1.000000
-0.026751 -1.416950 502.237886
-0.030722 -0.732457 43.213616
-0.000277 -0.002410 1.000000
0.523257 -2.605167 195.207528
0.772581 -3.672387 -627.421424
0.000887 -0.006100 1.000000
0.156866 -1.926819 580.186187
-0.014679 -1.565123 -297.554284
0.000171 -0.003355 1.000000
-0.472469 -0.995626 280.278807
-0.365346 -0.706032 105.447781
-0.000761 -0.001586 1.000000
-0.252996 -1.322108 321.102620
-0.127664 -1.412353 -65.156091
-0.000410 -0.002767 1.000000
1.463657 -4.399413 -636.832741
1.226612 -2.849289 -437.956074
0.003705 -0.007496 1.000000
0.327801 -3.584732 -880.016520
0.538557 -2.464802 -505.998858
0.000967 -0.005209 1.000000
0.595057 -2.345588 310.580599
0.337294 -1.639443 -278.441514
0.000704 -0.003871 1.000000
0.172139 -2.223398 32.549730
0.161033 -1.750713 -1474.042492
0.000405 -0.003814 1.000000
-0.015570 -1.372346 91.537876
-0.006036 -1.263032 -357.280039
-0.000014 -0.003209 1.000000
-0.537836 -1.282073 693.490381
-0.101876 -0.898928 -97.425531
-0.000706 -0.002093 1.000000
0.029474 -1.202763 17.206926
0.044836 -1.248608 -325.010644
-0.000208 -0.002682 1.000000
-0.378186 -1.232247 956.595505
0.152241 -1.344072 -398.058899
-0.000169 -0.002952 1.000000
