0.159938 -1.162206 667.254971
0.028474 -0.996399 -149.177357
0.000203 -0.002824 1.000000
-0.382608 -1.263428 1152.978747
-0.220373 -0.658388 42.469430
-0.000602 -0.001809 1.000000
0.382966 -2.137171 859.137020
0.012473 -1.146570 -128.654157
0.000571 -0.003471 1.000000
-0.332624 -1.162437 851.702806
-0.248154 -0.852554 5.597546
-0.000540 -0.002171 1.000000
1.299327 -4.175193 -862.017507
1.846460 -5.109248 -1579.504540
0.003924 -0.010243 1.000000
-0.600197 -0.991485 1474.862447
-0.343254 -0.534342 -95.915896
-0.000893 -0.001352 1.000000
-0.334711 -1.134950 443.860315
-0.259229 -0.497022 -1643.868101
-0.000736 -0.001774 1.000000
0.112766 -1.553402 978.901370
0.101670 -0.988454 -419.170870
0.000427 -0.002952 1.000000
-0.162063 -1.651964 1443.795240
-0.165413 -1.285593 -659.291203
-0.000195 -0.003063 1.000000
0.559109 -2.185860 2098.788471
0.347445 -1.105626 -413.758648
0.000974 -0.003857 1.000000
-0.662481 -0.971736 1278.199110
-0.236491 -0.506032 -62.378010
-0.000949 -0.001544 1.000000
0.012605 -1.845754 10.530788
0.047727 -0.978400 -730.468376
0.000040 -0.003076 1.000000
-0.831054 -0.102476 732.898588
-0.538371 -0.019866 2324.936894
-0.001913 -0.000032 1.000000
-0.033591 -1.331797 3006.918400
-0.213813 -1.237315 656.688028
-0.000200 -0.002789 1.000000
-3.671154 3.025068 -2267.980046
-1.851581 1.995650 1953.712957
-0.005764 0.005366 1.000000
-0.454264 -1.219893 835.779571
-0.197418 -0.627343 -31.073699
-0.000565 -0.001835 1.000000
-2.234343 1.977724 1618.638611
-1.674290 1.151663 3260.604867
-0.005043 0.003783 1.000000
-0.479316 -1.222854 437.078914
-0.380298 -0.948261 -9.687810
-0.000567 -0.002112 1.000000
-0.330050 -1.192914 -209.990668
-0.148003 -0.795985 -753.032894
-0.000412 -0.002204 1.000000
-0.269603 -0.959515 770.975201
-0.222396 -0.595728 1.131414
-0.000576 -0.001743 1.000000
1.252105 -3.220771 299.743811
0.829344 -2.561941 -689.486332
0.001749 -0.005719 1.000000
-0.718201 -0.607010 1094.790543
-0.328083 -0.251426 -27.155892
-0.001134 -0.001072 1.000000
-0.573720 -0.745489 1201.073285
-0.301992 -0.549093 -86.863073
-0.001045 -0.001617 1.000000
-0.427688 -0.829075 1145.124109
-0.317456 -0.632904 11.682987
-0.000968 -0.001565 1.000000
-0.418335 -0.465530 794.874555
-0.364835 -0.544520 -488.142253
-0.001121 -0.001221 1.000000
-0.506466 -0.717906 799.263827
-0.492131 -0.541480 35.263325
-0.001009 -0.001289 1.000000
-0.057739 -1.519880 529.441390
-0.119312 -1.614174 -197.662472
-0.000137 -0.003211 1.000000
-0.179928 -1.334671 1231.525079
-0.065807 -0.857278 -39.032134
-0.000217 -0.002623 1.000000
-0.948490 -0.067002 1556.421487
-0.625467 -0.183701 511.411396
-0.001735 -0.000472 1.000000
0.048651 -1.225505 94.775819
-0.060723 -1.087114 64.871512
-0.000151 -0.002646 1.000000
-0.241665 -1.200870 560.880107
-0.143067 -1.034449 113.092787
-0.000494 -0.002442 1.000000
-0.360111 -1.014644 55.650839
-0.232038 -0.792316 -966.337546
-0.000678 -0.002038 1.000000
-0.168057 -0.950162 795.448816
-0.134074 -0.764908 -171.460632
-0.000309 -0.002380 1.000000
0.752389 -2.544986 3457.128906
0.235952 -2.096899 -2986.148546
0.001235 -0.005312 1.000000
-0.503524 -0.825584 809.748744
-0.345453 -0.491029 -177.887639
-0.000977 -0.001507 1.000000
-0.561340 -0.995784 872.325384
-0.356740 -0.573250 -158.722553
-0.000909 -0.001776 1.000000
-0.491090 -0.949536 955.639249
-0.257545 -0.533082 -223.869360
-0.000763 -0.001503 1.000000
-0.924507 -0.478388 1600.245390
-0.243032 -0.092354 -378.807854
-0.001490 -0.000628 1.000000
0.176297 -1.695472 1407.073826
0.220939 -1.157706 -451.224343
0.000271 -0.003206 1.000000
-0.392824 -1.062477 915.724275
-0.126983 -0.606751 -129.026394
-0.000699 -0.001993 1.000000
-0.002461 -1.317341 645.706642
-0.004952 -1.050174 -409.989003
-0.000055 -0.002849 1.000000
-0.430963 -0.938185 777.647671
-0.153556 -0.706517 -31.781207
-0.000478 -0.002072 1.000000
-0.435965 -1.118606 629.007173
-0.098482 -0.658994 -129.798381
-0.000514 -0.002031 1.000000
-0.175752 -1.960217 -283.681303
0.074722 -1.170772 873.810777
0.000298 -0.003254 1.000000
-0.265075 -1.037467 726.609685
-0.268227 -0.536879 -224.300391
-0.000491 -0.001907 1.000000
-0.364418 -1.120035 587.689883
-0.102365 -0.889942 -152.097955
-0.000491 -0.002155 1.000000
-0.082953 -1.212540 907.033611
-0.062663 -0.957101 -128.775378
-0.000300 -0.002435 1.000000
-0.327535 -1.066584 1119.847724
-0.160400 -0.610067 -261.711209
-0.000526 -0.001845 1.000000
-0.432203 -1.339480 615.188906
-0.257452 -0.965503 116.292756
-0.000610 -0.002217 1.000000
-0.601311 -0.530920 2.399250
-0.496334 -0.366387 -153.721103
-0.001195 -0.000951 1.000000
0.008530 -1.916315 1309.647841
-0.026425 -1.291951 0.507896
0.000033 -0.003328 1.000000
-0.434865 -1.384292 1270.126894
-0.086662 -0.876831 207.073028
-0.000410 -0.002144 1.000000
-0.188396 -1.372794 871.342163
-0.085651 -0.721877 -153.546866
-0.000168 -0.002286 1.000000
-0.161858 -1.414414 313.243941
-0.202513 -1.267270 -137.908170
-0.000308 -0.002543 1.000000
-0.435002 -1.152111 998.676109
-0.165681 -1.052380 -156.787328
-0.000631 -0.002312 1.000000
-0.476768 -1.057116 1156.673586
-0.294000 -0.651604 131.015741
-0.000724 -0.001695 1.000000
0.166955 -1.350558 575.030545
-0.010761 -0.872424 -283.093055
0.000168 -0.003317 1.000000
-0.613358 -0.508470 -170.983940
-0.349037 -0.411778 -321.370852
-0.001281 -0.000862 1.000000
0.028362 -1.662160 1269.177372
-0.140251 -1.122517 -25.818023
-0.000262 -0.002730 1.000000
57.548203 -83.948409 -8545.525167
35.860435 -61.100213 -81789.772743
0.093686 -0.130071 1.000000
0.309596 -1.049711 -703.625298
-0.066934 -1.015675 785.375251
0.000422 -0.002937 1.000000
0.761708 -3.864045 -1826.638722
0.917485 -2.864095 -1500.048692
0.002180 -0.006442 1.000000
-0.079691 -0.761381 -432.152524
-0.141442 -0.845882 219.322013
-0.000296 -0.002171 1.000000
0.027969 -1.242142 387.002838
-0.124303 -1.091903 -537.052460
-0.000230 -0.002752 1.000000
0.170464 -1.527029 181.924588
0.134132 -0.949945 -441.237304
0.000611 -0.003537 1.000000
-0.497394 -0.413412 1452.686157
-0.465003 -0.386726 -51.201174
-0.001090 -0.001104 1.000000
-0.099246 -0.749831 -368.120282
-0.102170 -0.826932 -46.623867
-0.000345 -0.002087 1.000000
-0.314951 -0.860113 -12.375880
-0.211627 -0.693255 -18.395108
-0.000766 -0.001717 1.000000
-0.000543 -0.891637 -82.619073
-0.012529 -0.628625 -376.054769
0.000047 -0.002523 1.000000
-0.233860 -1.067793 -45.887040
-0.212570 -0.932546 71.333911
-0.000618 -0.002125 1.000000
0.118862 -1.283881 36.802626
0.152638 -1.134838 -426.452982
0.000042 -0.002760 1.000000
-0.396155 -0.774512 114.558966
-0.352233 -0.694542 246.686194
-0.000755 -0.001504 1.000000
-0.336406 -1.030261 144.654763
-0.253342 -0.770183 -149.269423
-0.000564 -0.001999 1.000000
-0.096617 -0.968326 380.031052
-0.178546 -0.730244 -216.113915
-0.000367 -0.002036 1.000000
-0.491745 -0.308283 677.086273
-0.434685 -0.471922 107.879187
-0.001165 -0.000801 1.000000
0.080842 -2.558264 2100.916516
0.702653 -1.955878 -571.654365
0.001242 -0.004820 1.000000
-0.184682 -0.809042 -261.569539
-0.150459 -0.525462 40.809713
-0.000538 -0.001897 1.000000
-0.312972 -0.975319 56.433826
-0.190882 -0.616063 -208.603866
-0.000617 -0.001828 1.000000
-0.355193 -0.867423 697.186135
-0.275466 -0.626450 -106.683648
-0.000740 -0.001727 1.000000
-0.093259 -2.182799 -784.136094
-0.045290 -1.670419 89.632604
0.000123 -0.003739 1.000000
0.087690 -1.581891 452.393755
0.120623 -1.037060 -1195.218425
0.000309 -0.003014 1.000000
-0.397036 -1.201811 612.022812
-0.191765 -0.657371 -104.144919
-0.000621 -0.001908 1.000000
0.261178 -1.614562 825.863106
0.018893 -1.588607 -1069.156661
0.000489 -0.003736 1.000000
0.061634 -1.801404 466.320166
0.066443 -1.260898 -411.640717
0.000312 -0.003155 1.000000
-0.626910 -0.119246 1212.603360
-0.466426 -0.355890 211.713591
-0.001402 -0.000506 1.000000
-0.156049 -2.087005 133.821758
-0.136505 -1.102137 231.830340
-0.000148 -0.003129 1.000000
-0.522447 -0.055147 -1163.339559
-0.615294 -0.193005 404.843410
-0.001508 -0.000614 1.000000
-0.429127 -0.885027 679.874772
-0.260798 -0.830196 -179.867841
-0.000638 -0.001689 1.000000
-0.437743 -0.987567 -214.611102
-0.290506 -0.740866 262.758317
-0.000617 -0.001646 1.000000
-0.485706 -0.873999 1054.306971
-0.459502 -0.799233 130.950823
-0.000975 -0.001738 1.000000
0.205430 -1.842272 351.102564
0.073230 -1.525837 -117.627570
0.000178 -0.003309 1.000000
-1.593854 0.459717 498.629396
-0.919002 0.231463 -4007.624372
-0.002445 0.000804 1.000000
-11.201925 14.731389 69.370314
-5.206522 12.187426 9434.753697
-0.021923 0.032880 1.000000
-0.395610 -1.118822 -64.525561
-0.288360 -0.863079 509.068871
-0.000515 -0.002114 1.000000
-0.698749 -0.849232 792.308424
-0.301894 -0.431984 -163.712371
-0.000930 -0.001375 1.000000
0.283160 -2.005579 1576.414224
0.175049 -1.640584 -231.126837
0.000793 -0.003676 1.000000
-0.682018 -0.877319 1879.817476
-0.369134 -0.478268 -1379.351081
-0.000975 -0.001314 1.000000
0.179148 -1.459514 -78.968455
0.031441 -1.141164 -76.427320
0.000069 -0.002954 1.000000
-40.943079 57.416219 -4701.266975
-29.432027 42.328358 60866.455349
-0.074156 0.115702 1.000000
-0.139484 -0.791515 -1197.841262
-0.195696 -1.112597 -181.977155
-0.000463 -0.002149 1.000000
-0.317225 -0.512355 -47.906365
-0.366250 -0.771886 83.875183
-0.000794 -0.001526 1.000000
-0.107619 -1.852139 -205.029008
-0.112651 -1.453257 97.202945
0.000022 -0.003104 1.000000
-0.035669 -1.391890 426.765505
-0.100013 -1.044980 -45.937089
-0.000194 -0.002495 1.000000
-0.251369 -0.854741 210.077644
-0.243509 -0.846789 156.240203
-0.000483 -0.001898 1.000000
-0.271457 -0.783610 -206.881380
-0.299216 -0.792782 -70.608165
-0.000610 -0.001704 1.000000
-0.281301 -1.194587 516.674271
-0.299288 -0.799100 -120.409197
-0.000453 -0.002108 1.000000
-7.087152 11.146113 5420.656740
-6.944547 11.768859 7491.383416
-0.017959 0.028951 1.000000
0.069048 -1.306478 -45.475521
0.117236 -1.378027 -820.890921
0.000401 -0.003088 1.000000
-0.870121 0.048662 1608.837914
-0.654383 -0.115985 -145.963666
-0.001557 -0.000243 1.000000
-0.252328 -0.740559 -152.977360
-0.255049 -0.759945 441.436975
-0.000551 -0.001762 1.000000
0.319118 -1.067040 -147.599637
0.175829 -0.935770 -298.284830
0.000548 -0.002973 1.000000
0.224086 -1.209953 -608.623308
0.011581 -1.248021 167.650974
0.000008 -0.003030 1.000000
-0.131992 -0.486834 -89.882020
-0.137572 -0.448652 62.642174
-0.000682 -0.001700 1.000000
-0.253576 -1.221624 857.049712
-0.230000 -1.021342 75.549653
-0.000392 -0.002303 1.000000
-0.472209 -0.581738 -277.445045
-0.364822 -0.373970 199.637246
-0.001063 -0.001167 1.000000
-0.304878 -0.651480 -175.801587
-0.342789 -0.592395 339.185916
-0.000759 -0.001687 1.000000
-0.389562 -0.448895 -331.840937
-0.573066 -0.644731 658.773219
-0.001035 -0.001183 1.000000
-0.460786 -0.758053 1306.197242
-0.390225 -0.616852 254.628017
-0.000854 -0.001537 1.000000
-1.413933 0.760073 1344.981299
-1.120298 0.801135 1303.491326
-0.002984 0.002165 1.000000
-0.121430 -0.857828 -133.693036
-0.207085 -0.921639 204.059456
-0.000267 -0.002352 1.000000
0.173495 -2.265373 2523.168830
0.089969 -1.497736 176.315914
0.000995 -0.004444 1.000000
-0.599655 -1.139941 1412.873837
-0.376281 -0.775581 249.211358
-0.000876 -0.001661 1.000000
0.844241 -2.205335 -489.518732
0.616897 -2.018608 -1052.622226
0.002079 -0.005424 1.000000
-0.571235 -0.527886 938.755850
-0.574688 -0.471592 -121.377129
-0.001083 -0.001106 1.000000
-0.118932 -1.051551 482.407602
-0.302293 -0.979359 -48.508901
-0.000700 -0.002181 1.000000
-0.225184 -0.985624 777.397940
-0.206372 -0.762729 -237.760828
-0.000525 -0.001896 1.000000
-0.126306 -1.359957 2761.553886
-0.092032 -1.087586 105.044458
-0.000043 -0.002499 1.000000
-0.455221 -0.771747 1499.630364
-0.427492 -0.608868 -9.403632
-0.000891 -0.001336 1.000000
0.066277 -1.960652 433.684136
0.016998 -1.853474 -220.640692
0.000088 -0.003649 1.000000
-0.225606 -1.107533 248.894636
-0.151754 -1.065587 -39.925481
-0.000403 -0.002321 1.000000
0.460952 -2.424712 2036.236354
0.760075 -1.562310 -1118.653808
0.001452 -0.004105 1.000000
-0.258913 -1.280313 888.009010
-0.255668 -0.771601 160.445864
-0.000577 -0.001966 1.000000
-1.304771 0.273540 6406.354418
-0.980822 0.509677 1147.468776
-0.002634 0.001071 1.000000
-0.327833 -0.762416 807.634590
-0.206490 -0.599864 -21.566473
-0.000685 -0.001742 1.000000
-0.630103 -0.405580 618.443797
-0.651369 -0.389054 -361.366740
-0.001299 -0.000851 1.000000
-1.034023 0.430652 1467.537872
-0.927112 0.211235 640.878018
-0.002032 0.000833 1.000000
-0.181444 -0.889375 -350.095520
-0.118675 -1.141805 -249.222367
-0.000412 -0.002532 1.000000
-0.577314 -0.678339 448.881258
-0.481247 -0.539993 1109.673137
-0.001002 -0.001105 1.000000
-0.068135 -1.387238 1022.687435
-0.073135 -0.772188 -312.230618
-0.000314 -0.002253 1.000000
-0.183502 -1.391772 1403.277214
-0.107157 -0.767298 382.149015
-0.000513 -0.002419 1.000000
-0.315346 -0.823925 1432.575511
-0.234081 -0.567825 539.937025
-0.000694 -0.001706 1.000000
-0.428497 -0.654763 2452.289674
-0.269031 -0.431112 -661.097956
-0.000887 -0.001503 1.000000
-0.285393 -1.841366 776.092561
0.042340 -1.042323 -529.396069
0.000363 -0.003016 1.000000
-0.107229 -1.515666 1127.854395
-0.166068 -0.727473 -362.113624
-0.000455 -0.002309 1.000000
0.037463 -1.544437 1279.265480
-0.016186 -0.726658 169.219778
-0.000119 -0.002218 1.000000
0.331984 -1.867986 823.240594
0.239893 -1.346202 -357.508440
0.000251 -0.003093 1.000000
0.304961 -1.225345 270.089658
-0.096990 -1.032734 -301.727857
0.000280 -0.003064 1.000000
0.408935 -2.183158 -904.612815
0.165524 -1.579449 -621.320325
0.000240 -0.003855 1.000000
-0.294491 -0.687526 274.443486
-0.318190 -0.660790 29.048169
-0.000819 -0.001622 1.000000
-0.333105 -1.348760 392.094917
-0.263425 -1.049937 67.697454
-0.000555 -0.002257 1.000000
-0.277374 -1.060616 152.253322
-0.244373 -0.861572 -42.929766
-0.000593 -0.002062 1.000000
-0.395995 -1.227382 339.196821
-0.262903 -0.924157 -126.572239
-0.000518 -0.002376 1.000000
0.198518 -1.519625 77.984425
0.120942 -0.902708 -491.909056
0.000256 -0.003058 1.000000
0.481753 -1.988548 739.735528
0.147186 -1.263003 -357.388858
0.000678 -0.003566 1.000000
-0.196165 -1.167031 341.487591
-0.073604 -0.786604 -160.445510
-0.000297 -0.002357 1.000000
-0.409740 -1.405763 1523.906506
-0.252638 -0.630372 419.828714
-0.000461 -0.001847 1.000000
0.875997 -2.101678 1009.503059
0.387543 -1.320804 -763.629954
0.001082 -0.004237 1.000000
-0.183305 -1.515663 1577.419850
-0.191510 -1.031248 812.610214
-0.000241 -0.002292 1.000000
0.035073 -1.936797 1123.579800
0.022617 -0.913437 -24.072117
-0.000057 -0.002443 1.000000
-0.191423 -0.736685 -490.822513
-0.324816 -1.013197 51.200273
-0.000577 -0.001991 1.000000
-0.273478 -1.156636 699.674296
-0.158263 -0.663334 149.176963
-0.000466 -0.001894 1.000000
-0.280149 -0.999755 833.845008
-0.153123 -0.444630 -21.582749
-0.000474 -0.001761 1.000000
-0.089029 -0.690158 -140.081032
-0.150915 -0.671618 294.548862
-0.000240 -0.001975 1.000000
-0.235726 -1.107371 632.406343
-0.358237 -0.948703 224.087909
-0.000483 -0.002299 1.000000
-0.597825 -0.387358 701.886930
-0.562279 -0.494865 137.538505
-0.001350 -0.001116 1.000000
-0.545095 -0.677258 789.201124
-0.318109 -0.491175 58.789450
-0.000940 -0.001322 1.000000
-0.639243 -0.555903 927.189312
-0.306591 -0.257080 174.312072
-0.001167 -0.001145 1.000000
-0.490543 -0.854936 664.811797
-0.331138 -0.791062 127.674629
-0.000770 -0.001764 1.000000
-0.230222 -0.872925 359.949085
-0.155915 -0.562669 48.312506
-0.000511 -0.001767 1.000000
-0.525632 -0.765569 -84.031215
-0.287753 -0.610347 365.435419
-0.000784 -0.001662 1.000000
17.988066 -37.403277 12527.440967
16.672536 -26.971703 -17670.661662
0.042956 -0.065963 1.000000
-2.877635 2.960203 1344.550790
-2.496559 2.815321 1663.487287
-0.005419 0.004857 1.000000
-0.649087 -0.988405 1279.515124
-0.250465 -0.583493 -37.225568
-0.000925 -0.001628 1.000000
-0.322580 -1.119942 894.909753
-0.169206 -0.977490 116.809077
-0.000469 -0.002178 1.000000
-0.124231 -1.196308 633.595309
-0.197684 -0.723542 151.303529
-0.000376 -0.002015 1.000000
-0.444144 -0.969209 737.089044
-0.212897 -0.771502 -49.081091
-0.000716 -0.001937 1.000000
-0.506208 -0.870444 705.805047
-0.423809 -0.673265 236.804995
-0.000896 -0.001564 1.000000
-0.186322 -1.164068 -29.135769
-0.148709 -0.902211 -743.993832
-0.000245 -0.002850 1.000000
-0.234988 -1.361443 682.784440
-0.108322 -1.169123 -221.368608
-0.000193 -0.002740 1.000000
-0.313848 -1.213942 686.481447
-0.191860 -0.894995 174.717321
-0.000322 -0.002227 1.000000
-0.111220 -1.311439 609.942967
-0.144538 -0.995293 125.167634
-0.000148 -0.002606 1.000000
-0.317713 -1.168465 565.529556
-0.217552 -0.886513 86.323120
-0.000599 -0.002117 1.000000
0.440928 -2.090040 -713.260035
0.438473 -1.593155 -279.316718
0.000952 -0.004013 1.000000
-0.384888 -0.666050 -456.316482
-0.344690 -0.517089 153.664218
-0.000904 -0.001465 1.000000
-0.246608 -0.694038 -239.958099
-0.391370 -0.722845 496.516904
-0.000787 -0.001724 1.000000
0.003671 -1.577111 666.266051
-0.037330 -1.535576 109.598962
-0.000068 -0.003116 1.000000
-0.245840 -1.068412 628.953991
-0.147714 -0.613489 66.995419
-0.000113 -0.002144 1.000000
-0.410432 -1.171035 689.392549
-0.210557 -0.942192 67.627458
-0.000649 -0.002164 1.000000
-0.284035 -1.093469 648.437880
-0.184404 -0.597521 82.447032
-0.000482 -0.001841 1.000000
-0.410951 -0.797539 822.523088
-0.134485 -0.390648 124.150128
-0.000603 -0.001526 1.000000
0.321256 -1.915234 1748.450271
0.373776 -1.573967 -1429.841382
0.000586 -0.003991 1.000000
-0.351060 -0.785629 433.214082
-0.196014 -0.789514 199.722755
-0.000428 -0.001954 1.000000
-2.347153 -3.986916 1699.321661
-0.073190 -5.915951 806.047372
0.000201 -0.007952 1.000000
-1.113405 -1.570834 839.664690
-0.467696 -1.910259 468.492353
-0.000660 -0.003002 1.000000
0.640406 0.384165 -33.377638
-0.265592 1.527511 -45.412210
-0.000671 0.000856 1.000000
1.033566 0.201780 -84.492014
-0.108927 1.515879 -82.092103
-0.000305 0.000629 1.000000
0.550729 0.249868 30.145507
-0.306741 1.154683 58.191626
-0.000685 0.000544 1.000000
-22.010004 -13.511958 10822.317864
-1.889526 -25.854912 7801.788354
-0.001440 -0.034667 1.000000
-0.991437 -0.467731 -291.823887
-0.536966 -0.291358 50.814651
-0.001477 -0.001169 1.000000
-0.046023 -1.553743 910.405052
0.048368 -1.128508 82.365917
0.000290 -0.002767 1.000000
-0.492711 -0.800015 208.072091
-0.200266 -0.673715 193.925003
-0.000654 -0.001758 1.000000
-1.628407 -0.379980 435.653394
-0.507122 -0.451283 250.392994
-0.001724 -0.000938 1.000000
1.000000 0.000000 0.000000
0.000000 1.000000 0.000000
-0.000000 -0.000000 1.000000
1.113970 0.062335 -18.939272
0.034672 1.162867 -90.303215
0.000071 0.000111 1.000000
1.992472 0.231189 -258.440170
0.400595 1.844681 -318.419418
0.000760 0.000567 1.000000
1.762852 0.258704 -187.375256
0.267631 1.729573 -286.193335
0.000499 0.000575 1.000000
2.492197 0.345531 -330.577174
0.569172 2.241294 -475.519416
0.001345 0.000482 1.000000
0.635450 0.191537 179.792853
-0.131872 1.213362 -51.828864
-0.000261 0.000180 1.000000
1.109068 1.244377 -112.854158
-0.123537 2.778290 -305.335442
-0.000366 0.002034 1.000000
-0.930481 -0.941393 460.123874
-0.394965 -0.627747 331.982107
-0.001137 -0.001404 1.000000
-1.238684 -0.920319 667.536444
-0.523064 -0.937738 446.475221
-0.001199 -0.001849 1.000000
-0.278943 -1.937386 922.128030
-0.157855 -1.204221 134.400903
-0.000216 -0.002802 1.000000
-0.365186 -0.924715 189.128018
-0.105622 -0.583560 -61.677041
-0.000700 -0.001844 1.000000
-0.355897 -1.401269 221.541025
-0.245154 -0.873388 -101.900524
-0.000579 -0.002265 1.000000
-0.188080 -2.242807 701.765968
0.103252 -1.935949 66.449655
0.000220 -0.003872 1.000000
-0.281706 -1.928067 566.863551
-0.015309 -1.806067 130.320925
-0.000189 -0.003570 1.000000
-0.512082 -1.952308 669.101358
-0.073055 -1.770259 273.148734
-0.000070 -0.003479 1.000000
-0.612146 -1.359696 796.035546
-0.053055 -0.601036 -22.727895
-0.000454 -0.002048 1.000000
-0.435785 -1.258353 129.870373
-0.228667 -0.920122 223.872014
-0.000467 -0.002426 1.000000
-0.571810 -1.393762 -113.080844
-0.281608 -1.147639 737.797386
-0.000521 -0.002473 1.000000
-0.357391 -2.435317 655.266399
-0.144097 -2.232457 297.144808
-0.000129 -0.004045 1.000000
-1.418604 -0.020388 -74.333560
-0.747377 -0.087610 184.072553
-0.002107 0.000008 1.000000
-0.376027 -1.474792 638.353046
-0.131753 -1.223383 135.507661
-0.000205 -0.002825 1.000000
-0.261073 -1.555187 306.468786
-0.195115 -1.218523 182.713469
-0.000363 -0.002952 1.000000
0.653103 -2.256029 -631.063311
0.254464 -1.189509 952.262385
0.001807 -0.004438 1.000000
-0.266863 -1.162133 606.981688
-0.075600 -0.360812 -12.854748
-0.000424 -0.001840 1.000000
-0.239346 -1.523062 533.601320
-0.112794 -1.278915 132.208271
-0.000249 -0.002667 1.000000
-0.077845 -1.663704 579.170903
0.164255 -1.554777 -179.711353
0.000497 -0.003672 1.000000
0.324082 -0.737454 379.900152
0.067308 -0.219988 113.515231
0.000102 -0.001602 1.000000
-0.298182 -0.440008 268.690131
-0.291477 -0.193672 238.815994
-0.000819 -0.000931 1.000000
-0.217578 -1.100214 437.560604
-0.129884 -0.822613 142.288171
-0.000325 -0.002210 1.000000
-0.369944 -1.444344 676.634972
-0.050122 -1.259794 168.412101
-0.000232 -0.002894 1.000000
-1.177131 -1.260625 587.518106
-0.527649 -0.927891 379.682134
-0.001449 -0.001832 1.000000
-2.054069 1.640218 -1016.474038
-1.646203 1.062981 792.876054
-0.004666 0.002997 1.000000
-0.166233 -1.134284 343.274443
-0.184642 -0.764870 0.074890
-0.000547 -0.002185 1.000000
0.071245 -1.208813 485.756720
-0.079353 -0.831888 -227.734343
-0.000307 -0.002555 1.000000
0.257711 -1.762296 747.319730
0.027257 -0.806431 -177.895725
0.000137 -0.002738 1.000000
0.107790 -1.629432 542.786060
0.170120 -1.196487 -306.323626
0.000281 -0.003253 1.000000
-0.441007 -0.991146 784.011446
-0.050887 -0.302171 -259.557793
-0.000647 -0.001725 1.000000
-0.310217 -0.622599 521.370211
-0.221380 -0.330274 -11.564969
-0.000793 -0.001387 1.000000
-0.051117 -1.283909 120.661954
-0.187595 -1.164261 76.630018
-0.000438 -0.002631 1.000000
0.021697 -1.566517 573.325806
-0.015815 -0.724182 -283.216476
-0.000152 -0.002592 1.000000
-0.802066 0.026541 -1371.429397
-0.456925 -0.001635 -28.821388
-0.001886 -0.000058 1.000000
-0.068034 -1.125237 428.996515
-0.149913 -0.692091 -42.717173
-0.000159 -0.002321 1.000000
-0.123568 -1.212588 605.682906
0.008865 -0.662796 -29.787413
-0.000003 -0.002371 1.000000
-0.351293 -1.640644 548.447131
-0.262534 -1.295596 180.813579
-0.000352 -0.002777 1.000000
-20.522794 25.767010 13945.098504
-15.981588 21.919269 22517.176519
-0.047338 0.062994 1.000000
0.059155 -1.297660 818.893110
-0.059438 -1.120512 47.252644
-0.000078 -0.002745 1.000000
0.739778 -1.902130 -135.237341
0.529828 -1.650993 -465.243706
0.001392 -0.004226 1.000000
0.028930 -1.394355 48.665618
0.063987 -0.940557 -474.191615
0.000281 -0.003207 1.000000
-0.043459 -1.262360 591.015901
-0.139909 -1.002356 18.643033
-0.000147 -0.002662 1.000000
-0.373274 -1.384011 388.848920
-0.273850 -1.463894 36.251177
-0.000562 -0.002731 1.000000
-0.374856 -0.801538 129.789605
-0.244499 -0.469234 9.649414
-0.000803 -0.001675 1.000000
0.154179 -1.277366 545.129920
0.003071 -1.264645 -473.621374
0.000180 -0.003187 1.000000
-0.320543 -1.057096 442.343604
-0.267720 -0.984143 89.144030
-0.000585 -0.002101 1.000000
-0.237720 -1.280748 239.999767
-0.131866 -1.187145 265.218847
-0.000300 -0.002433 1.000000
0.137495 -1.532471 270.556611
0.149150 -1.290255 83.273551
0.000435 -0.002946 1.000000
0.050338 -1.258605 331.798030
-0.127270 -1.145738 203.901123
-0.000166 -0.002499 1.000000
-0.277491 -1.210067 1219.702146
-0.174032 -0.687092 373.746198
-0.000393 -0.002056 1.000000
-0.401274 -0.998427 956.837738
-0.153283 -0.363205 142.836606
-0.000622 -0.001413 1.000000
0.029564 -1.676324 1718.621179
0.065856 -0.784616 284.517045
0.000164 -0.002764 1.000000
-1.750748 1.161111 2425.788562
-1.042685 0.798887 770.714709
-0.003046 0.001899 1.000000
-0.404816 -0.959886 377.416458
-0.180444 -0.576062 -66.419154
-0.000619 -0.001739 1.000000
-0.133096 -1.734189 603.600835
-0.064590 -0.927446 -28.977574
-0.000062 -0.002981 1.000000
3.927106 -9.538326 13157.894089
4.236599 -9.155289 -4136.448504
0.008200 -0.016754 1.000000
-1.145179 0.647154 -794.002024
-0.923539 0.483591 677.390011
-0.002365 0.001308 1.000000
-0.179100 -1.243247 -8.716211
-0.165898 -1.152686 338.653145
-0.000376 -0.002533 1.000000
-0.171113 -1.002876 -319.612780
-0.127009 -1.135543 55.918406
-0.000364 -0.002231 1.000000
0.321989 -2.686827 208.256910
0.188934 -2.519221 9.354232
0.000167 -0.004617 1.000000
-0.272283 -1.862074 -597.847072
-0.089690 -0.559582 -188.390715
-0.000013 -0.002416 1.000000
-0.471248 -1.204568 1194.858383
-0.220325 -0.610400 240.691118
-0.000656 -0.001605 1.000000
-0.215516 -1.182843 -402.374386
-0.249043 -0.825449 -454.121542
-0.000594 -0.002090 1.000000
-0.498925 -0.690843 -253.560919
-0.309506 -0.559190 310.582818
-0.000895 -0.001561 1.000000
-0.337131 -1.483736 391.646601
-0.265089 -1.414010 185.866740
-0.000490 -0.002894 1.000000
-0.443488 -1.174545 100.139346
-0.195250 -0.741664 -454.426395
-0.000597 -0.001983 1.000000
-0.294777 -1.406889 476.845426
-0.071002 -1.116696 -103.925905
-0.000199 -0.002712 1.000000
0.091273 -2.161042 436.129057
0.038824 -1.557522 -828.192169
0.000162 -0.003565 1.000000
-0.458341 -1.072837 476.626479
-0.184733 -0.967381 174.465993
-0.000484 -0.002387 1.000000
-0.272881 -1.231937 848.777165
-0.174496 -0.976677 59.709333
-0.000409 -0.002539 1.000000
-0.225553 -1.473392 817.507309
-0.061190 -1.011628 -444.815130
-0.000076 -0.003012 1.000000
-0.045452 -1.221364 878.736398
-0.168573 -0.596335 45.707614
-0.000361 -0.002057 1.000000
-0.435209 -1.651798 857.311399
-0.074862 -1.348172 -158.776484
-0.000276 -0.003012 1.000000
-0.120862 -0.907925 288.463429
-0.160704 -0.816422 182.819583
-0.000362 -0.002031 1.000000
0.035863 -1.513141 520.473963
-0.032685 -1.073020 -34.835860
-0.000023 -0.002900 1.000000
-1.001256 -0.880416 458.561251
-0.674367 -0.808086 414.754697
-0.001415 -0.001427 1.000000
