0.316267 -1.205238 456.681014
0.226079 -0.769124 -161.632049
0.000186 -0.002658 1.000000
-1.126345 -0.054197 66.131117
-0.651071 0.051494 249.313175
-0.001875 -0.000097 1.000000
0.366369 -0.970681 289.800495
-0.013086 -0.287497 141.942166
-0.000129 -0.001761 1.000000
0.365651 -0.931594 258.807788
-0.078508 -0.268723 227.611974
-0.000271 -0.001642 1.000000
0.485085 -0.937095 226.628932
0.040878 -0.503328 226.499686
-0.000047 -0.001927 1.000000
-0.021244 -0.755637 306.982414
-0.144537 -0.520919 169.211718
-0.000531 -0.001641 1.000000
0.782648 -0.459225 143.256037
0.093385 0.701890 -12.924794
0.000182 -0.000750 1.000000
0.698798 -1.352931 454.143367
0.278180 -0.482639 -135.817353
0.000736 -0.002756 1.000000
-0.221831 -0.798401 324.210758
-0.125458 -0.422192 -26.937516
-0.000597 -0.001575 1.000000
-0.245749 -1.146882 780.624115
0.013028 -0.922985 -199.107095
-0.000235 -0.002329 1.000000
-0.037286 -1.082292 419.727277
-0.092321 -0.751134 7.289216
-0.000112 -0.002486 1.000000
0.914665 -0.645584 12.024876
0.170412 0.356746 -154.928977
0.000538 -0.001713 1.000000
-0.007358 -0.874089 401.430699
0.000953 -0.531645 -149.095838
-0.000202 -0.002025 1.000000
-0.065165 -0.825199 474.880091
-0.033785 -0.689902 -96.835512
-0.000236 -0.002052 1.000000
0.174426 -1.185839 803.006617
0.213211 -1.183658 -129.510915
0.000385 -0.002729 1.000000
-0.123625 -0.948564 365.733270
-0.056624 -0.918744 -66.966138
-0.000442 -0.002182 1.000000
0.027700 -0.854488 291.041616
-0.099426 -0.704756 82.973272
-0.000385 -0.001933 1.000000
0.344929 -1.481611 467.019027
0.140480 -0.973829 -121.460800
0.000191 -0.002524 1.000000
0.145446 -1.371142 600.179224
-0.024784 -1.029960 -209.442851
-0.000156 -0.002434 1.000000
-0.077130 -1.153606 380.302089
-0.048043 -0.742266 53.666914
-0.000396 -0.002046 1.000000
0.217036 -0.919367 307.446835
-0.018462 -0.508494 132.222147
-0.000119 -0.001903 1.000000
-0.642867 -1.123403 511.167746
-0.355242 -1.476684 387.625130
-0.000990 -0.002263 1.000000
-0.892279 -0.736991 451.096936
-0.512461 -1.022277 327.324647
-0.001269 -0.001697 1.000000
-0.165759 -0.997707 337.686975
-0.072809 -0.826389 73.514914
-0.000461 -0.002108 1.000000
-0.116279 -1.076228 664.347159
-0.024397 -1.034888 -148.712729
-0.000225 -0.002385 1.000000
-0.521295 -1.209433 738.038953
-0.160398 -1.052902 72.035412
-0.000564 -0.002103 1.000000
0.709966 -0.439609 178.509928
0.019952 0.366016 239.228307
-0.000020 -0.000818 1.000000
1.000000 0.000000 -0.000000
0.000000 1.000000 0.000000
0.000000 -0.000000 1.000000
0.064502 -0.757351 336.736480
-0.070494 -0.349737 155.574252
-0.000372 -0.001520 1.000000
0.101987 -0.962711 713.231323
-0.018463 -1.234745 17.982036
-0.000210 -0.002569 1.000000
0.152733 -1.921584 617.671944
0.186087 -1.571522 -214.524583
0.000174 -0.003340 1.000000
-0.037750 -1.031926 514.549638
-0.035576 -0.833064 -46.223861
-0.000229 -0.002281 1.000000
-0.365325 -0.801978 546.909156
-0.085092 -0.637454 -203.726140
-0.000618 -0.001833 1.000000
-0.048164 -0.743783 351.514331
0.101185 -0.856833 -124.820384
-0.000042 -0.002087 1.000000
-0.597850 -0.660320 84.150649
-0.333427 -0.518114 -33.196119
-0.001135 -0.001337 1.000000
0.466680 -1.594981 1289.297119
0.364438 -1.669216 -936.147308
0.000913 -0.003807 1.000000
0.175214 -1.586829 1116.671010
0.303595 -1.640077 -823.740780
0.000368 -0.003324 1.000000
-0.205984 -0.956772 251.572833
-0.098861 -0.675015 -215.219354
-0.000546 -0.001927 1.000000
-0.478857 -1.018469 280.546920
-0.413859 -0.700784 -52.977568
-0.001039 -0.001762 1.000000
-0.292999 -0.693320 231.557968
-0.210082 -0.558061 -82.875314
-0.000786 -0.001570 1.000000
0.031480 -1.042977 766.925837
0.043706 -0.872279 -216.775533
-0.000145 -0.002491 1.000000
0.696258 -1.716603 330.810233
0.431299 -1.318757 -534.080234
0.000812 -0.003402 1.000000
-0.120978 -0.752506 689.235584
-0.076681 -0.666305 -141.201715
-0.000410 -0.002191 1.000000
-0.055262 -1.059753 324.641470
0.035820 -0.888756 -234.564302
-0.000217 -0.002352 1.000000
-0.841237 0.098229 249.344749
-0.638587 -0.048697 -490.357258
-0.002093 -0.000422 1.000000
0.415581 -1.768304 559.261493
0.282053 -1.016468 -815.065744
0.000548 -0.003219 1.000000
-0.594462 -0.629484 20.457411
-0.442534 -0.612274 -112.623378
-0.001165 -0.001370 1.000000
-0.423985 -0.953287 502.025991
-0.405194 -0.853338 8.898785
-0.000867 -0.001790 1.000000
-0.487866 -0.753651 1249.520642
-0.356822 -0.574381 19.037632
-0.000940 -0.001532 1.000000
-0.353804 -0.665513 323.449725
-0.256302 -0.441066 -32.282813
-0.000826 -0.001351 1.000000
-1.289736 0.384794 -675.739588
-1.045825 0.466076 -185.849538
-0.002800 0.001049 1.000000
-1.219596 -0.316189 -723.301461
-0.755767 -0.102569 -337.488275
-0.001824 -0.000344 1.000000
-0.295721 -1.141408 333.251535
-0.109011 -0.961211 -219.509607
-0.000525 -0.002332 1.000000
-0.344471 -0.409110 95.250051
-0.255562 -0.300948 -245.299875
-0.000922 -0.001261 1.000000
0.110428 -1.105773 165.306862
0.075315 -0.933480 -132.514661
-0.000102 -0.002282 1.000000
-0.165870 -1.102156 17.378557
-0.104707 -0.908830 -369.028910
-0.000328 -0.002242 1.000000
-0.175598 -0.613812 538.757372
-0.130209 -0.333944 -360.079471
-0.000614 -0.001363 1.000000
0.041811 -0.920677 340.936095
0.117738 -0.804135 -617.924395
-0.000118 -0.002512 1.000000
-0.189964 -0.701316 124.655298
-0.174043 -0.718898 -106.662056
-0.000642 -0.001952 1.000000
-0.188049 -0.942898 794.987961
0.061716 -1.173423 -27.115478
-0.000250 -0.002627 1.000000
-2.835956 2.759350 -5231.633950
-2.515015 3.401344 1147.683786
-0.006895 0.005447 1.000000
-0.863873 -0.168293 -304.673384
-1.017171 0.274499 -525.632282
-0.002377 0.000345 1.000000
-0.100953 -0.651875 -415.093022
-0.088776 -0.413355 -235.614765
-0.000630 -0.001580 1.000000
-1.183003 -0.245624 -29.235943
-0.792841 -0.121874 -321.958423
-0.002018 -0.000483 1.000000
-3.002587 2.519920 7225.662015
-1.516014 1.544731 -1763.045859
-0.006793 0.005057 1.000000
-0.233886 -0.660398 266.958178
-0.185113 -0.452629 -25.429201
-0.000599 -0.001496 1.000000
-0.272414 -0.950559 147.902121
-0.234483 -0.761930 91.050051
-0.000881 -0.001630 1.000000
1.601485 -3.187801 -1918.654746
1.175387 -2.039592 -163.368190
0.003054 -0.006019 1.000000
0.088403 -1.020826 -756.552461
0.076709 -0.616592 -358.919753
0.000001 -0.002435 1.000000
-0.892955 -0.183066 1170.525272
-0.908207 -0.068072 43.030624
-0.002006 -0.000391 1.000000
0.058062 -1.361434 84.046517
0.103953 -1.101950 56.655324
-0.000023 -0.002474 1.000000
-0.308591 -0.655306 272.691329
-0.341149 -0.555049 16.627474
-0.000943 -0.001497 1.000000
0.390437 -1.299467 -557.184987
0.382525 -1.150172 25.249763
0.000536 -0.003046 1.000000
0.021446 -1.263201 1582.829085
-0.018639 -0.895623 -1101.402912
-0.000257 -0.002347 1.000000
-0.251129 -0.988366 405.589219
-0.010746 -0.844507 -101.159652
-0.000517 -0.002296 1.000000
-0.304377 -0.533569 505.111893
-0.370963 -0.678378 -81.540929
-0.000851 -0.001583 1.000000
-0.520531 -0.595368 -166.648884
-0.394909 -0.342322 57.293418
-0.001175 -0.001241 1.000000
-0.253286 -0.529360 -190.407413
-0.240214 -0.499357 121.527764
-0.000765 -0.001464 1.000000
-0.817382 -0.454781 456.782937
-0.662994 -0.383203 -170.445465
-0.001561 -0.001049 1.000000
0.107575 -1.473435 681.159445
0.271304 -1.091875 -265.871597
0.000258 -0.002636 1.000000
0.031045 -1.270240 99.606599
-0.091092 -1.052178 -137.089065
-0.000277 -0.002551 1.000000
-0.201236 -0.734452 496.929150
-0.213720 -0.753506 87.362514
-0.000541 -0.001731 1.000000
0.038493 -1.261177 505.521611
-0.072610 -1.120245 61.347553
-0.000255 -0.002334 1.000000
-0.543127 -0.639329 955.257417
-0.478587 -0.546925 -196.807286
-0.001296 -0.001399 1.000000
-0.282566 -0.887985 -1066.643609
-0.173911 -0.376357 -485.407037
-0.000904 -0.001627 1.000000
-0.187115 -0.645672 251.915941
-0.062017 -0.383760 -115.932668
-0.000754 -0.001446 1.000000
-0.905892 -0.066778 -321.355560
-0.983642 0.044428 146.739846
-0.002161 0.000007 1.000000
-0.320788 -1.197761 -254.402475
-0.245295 -1.132707 5.098512
-0.000850 -0.002078 1.000000
-0.112787 -0.888976 223.365490
-0.098936 -0.710446 31.439916
-0.000485 -0.001849 1.000000
-0.012083 -1.287668 174.049565
-0.021547 -0.987934 -201.906300
-0.000361 -0.002373 1.000000
0.050351 -1.412689 382.626086
0.097834 -1.160814 -138.750558
-0.000195 -0.002462 1.000000
-0.462927 -0.865328 542.317493
-0.469745 -0.710797 102.065793
-0.001067 -0.001497 1.000000
0.381945 -2.879050 -8.026541
0.199432 -1.868015 -233.115624
0.000170 -0.003848 1.000000
-0.486988 -1.080472 654.789842
-0.168684 -0.390824 -73.513077
-0.000697 -0.001613 1.000000
-0.392225 -0.656657 86.421374
-0.135426 -0.372315 28.859765
-0.001058 -0.001297 1.000000
-0.158371 -1.082492 859.540025
-0.015847 -1.168234 -46.567534
-0.000358 -0.002356 1.000000
-0.315406 -1.040678 253.474248
-0.165622 -0.776511 -175.846632
-0.000612 -0.002039 1.000000
0.199093 -1.273218 -7.177845
0.046049 -0.863545 -156.193149
0.000040 -0.002483 1.000000
-1.479750 0.768225 2415.945867
-0.949169 0.598465 -488.397188
-0.002460 0.000950 1.000000
-0.539633 -0.985668 336.607886
-0.430909 -0.651877 -41.093985
-0.001006 -0.001737 1.000000
-0.140775 -0.925309 126.875630
-0.284397 -0.817029 95.349828
-0.000713 -0.001661 1.000000
-0.233986 -1.411119 150.263290
-0.105477 -1.320340 66.481294
-0.000422 -0.002452 1.000000
0.141257 -0.969381 340.022076
0.211558 -1.259275 -121.321008
0.000222 -0.002497 1.000000
-0.600954 -0.530618 707.336432
-0.553825 -0.448228 -221.277801
-0.001329 -0.000983 1.000000
-0.810892 0.061599 931.835366
-0.831652 -0.293049 -76.480339
-0.002029 -0.000567 1.000000
-4.628273 3.870310 -4173.084166
-4.503986 4.850535 183.385689
-0.009543 0.009913 1.000000
-2.079644 1.738279 984.873450
-1.673220 1.389380 -1224.440679
-0.004146 0.002718 1.000000
0.084055 -1.377083 426.879328
-0.142005 -0.960493 -40.800467
-0.000134 -0.002250 1.000000
-0.273612 -0.853500 356.696632
-0.188724 -0.730890 -237.172091
-0.000646 -0.001949 1.000000
0.887147 -2.981427 429.166096
0.754372 -2.311098 -476.238690
0.001409 -0.004726 1.000000
0.055470 -1.431932 -42.758798
0.064761 -0.863106 -73.085758
0.000037 -0.002620 1.000000
-0.059481 -1.301298 -6.544720
0.046651 -1.088097 -9.013266
-0.000125 -0.002532 1.000000
-0.101287 -1.294575 -47.577488
-0.106045 -1.133289 71.728839
-0.000204 -0.002579 1.000000
-0.435934 -0.504782 1068.736192
-0.206684 -0.452069 -104.697882
-0.000928 -0.001403 1.000000
-0.163436 -0.914857 446.546873
-0.043246 -0.670945 -49.555474
-0.000413 -0.001976 1.000000
1.138458 -2.368348 -1407.417381
1.056129 -2.754002 342.983568
0.002006 -0.004922 1.000000
-0.095857 -1.332181 -103.923610
0.050313 -1.307268 459.490452
-0.000155 -0.002610 1.000000
-0.237759 -1.145989 386.096595
-0.203243 -0.967996 -80.467159
-0.000451 -0.002070 1.000000
-0.137139 -1.504903 528.637477
-0.020590 -1.151124 -195.709016
-0.000308 -0.002683 1.000000
0.209761 -1.569151 969.461474
0.136460 -1.226542 -82.114402
-0.000294 -0.002651 1.000000
-0.123395 -1.236803 220.553581
0.010639 -0.928201 6.802588
-0.000492 -0.002120 1.000000
0.144491 -1.627169 453.476540
0.027643 -1.418550 -166.315560
-0.000130 -0.002600 1.000000
0.393530 -1.927322 1339.363039
0.313635 -1.552856 -175.009768
0.000377 -0.003150 1.000000
-0.277384 -1.571685 376.378834
-0.152017 -1.091173 72.010166
-0.000519 -0.002348 1.000000
-0.135756 -0.979117 -123.778395
-0.104882 -1.076864 39.341781
-0.000437 -0.002123 1.000000
0.380929 -1.231821 1245.625951
0.560297 -1.748251 -816.458392
0.000891 -0.004018 1.000000
0.158191 -1.639524 -41.210800
0.075902 -1.115849 -266.740416
0.000275 -0.002977 1.000000
-0.605517 -0.617083 167.866641
-0.492534 -0.485931 173.360755
-0.001217 -0.001080 1.000000
-0.131239 -1.453094 278.979250
-0.059567 -1.658686 -69.709400
-0.000445 -0.002936 1.000000
0.041623 -1.091326 623.769899
-0.004232 -1.295662 -106.321492
-0.000163 -0.002642 1.000000
-0.333352 -1.319634 638.157568
-0.033716 -1.062433 50.266747
-0.000247 -0.002092 1.000000
0.362089 -1.823553 37.358009
0.297887 -1.543138 -311.361444
0.000450 -0.003296 1.000000
-0.258900 -1.581424 223.385990
-0.162407 -0.976084 -523.041645
-0.000714 -0.002222 1.000000
-0.410004 -1.319838 238.905878
-0.068309 -1.110940 -92.143447
-0.000520 -0.002261 1.000000
-0.903423 -0.366104 756.146622
-0.816445 -0.240204 -186.527020
-0.001929 -0.000734 1.000000
-0.692420 -0.037259 422.196819
-0.803323 -0.258087 -470.023665
-0.001766 -0.000522 1.000000
0.635755 -2.679017 -423.903936
0.433223 -1.913549 -344.929424
0.001154 -0.004390 1.000000
-0.373412 -0.787621 313.619819
-0.131251 -0.519673 -87.778684
-0.000736 -0.001624 1.000000
-0.359274 -0.737384 596.116717
-0.177113 -0.601476 -161.368496
-0.000721 -0.001578 1.000000
-0.216098 -1.033839 33.540237
-0.194572 -0.676277 -334.241198
-0.000410 -0.001991 1.000000
-0.215542 -1.440907 819.019598
0.148763 -1.212133 -417.928093
0.000159 -0.002741 1.000000
-0.513824 -1.157759 275.390093
0.027971 -1.101975 -306.250444
-0.000497 -0.002625 1.000000
-0.824930 -0.615118 433.093276
-0.319818 -0.466681 -229.541217
-0.001225 -0.001433 1.000000
-0.745489 -0.939564 -22.085043
-0.318283 -0.518960 32.359503
-0.001130 -0.001505 1.000000
-0.577378 -1.029430 1001.873266
-0.256535 -0.493883 18.570006
-0.000744 -0.001503 1.000000
-0.644011 -0.806375 839.723922
-0.439267 -0.645722 -187.434144
-0.001023 -0.001370 1.000000
-0.151741 -0.729461 539.365950
-0.199552 -0.590047 -263.771820
-0.000708 -0.001655 1.000000
0.191454 -1.737308 600.005486
0.104087 -1.042664 -173.147022
0.000109 -0.002722 1.000000
1.923158 -4.422233 -1929.528953
1.615872 -3.426440 1907.950041
0.003039 -0.006182 1.000000
-0.507371 -0.791183 157.593663
-0.438802 -0.710463 86.271775
-0.001076 -0.001436 1.000000
-0.623171 -1.223084 409.494689
-0.350820 -0.645110 -118.222351
-0.000901 -0.001689 1.000000
-0.434283 -0.773131 1400.342442
-0.162687 -0.640471 -139.751392
-0.000756 -0.001618 1.000000
-0.725087 -0.464095 9.826700
-0.648536 -0.328666 -95.056580
-0.001603 -0.000888 1.000000
-1.438944 0.517267 4513.998067
-0.793488 0.491664 -40.408886
-0.002598 0.000789 1.000000
-0.466285 -1.158172 821.089801
-0.241786 -0.669351 -269.390493
-0.000714 -0.001925 1.000000
-0.201966 -1.721565 1267.533862
0.096035 -0.861058 -29.346933
0.000052 -0.002850 1.000000
-0.456399 -0.870845 550.752983
-0.374943 -0.978096 90.638520
-0.000772 -0.002000 1.000000
-1.129313 0.094924 1804.585220
-0.757144 0.126225 -731.001420
-0.002231 0.000152 1.000000
0.439514 -1.820435 93.440294
0.427168 -1.529137 -906.005153
0.001145 -0.003692 1.000000
-0.531292 -0.998231 431.676397
-0.290207 -0.923155 22.153559
-0.000797 -0.001892 1.000000
-0.206771 -0.831858 511.636895
-0.100403 -0.859939 1.792236
-0.000376 -0.001920 1.000000
0.374881 -1.765898 -88.704839
0.411014 -1.408528 -425.994582
0.000927 -0.003786 1.000000
-0.126436 -1.031061 298.977224
0.014775 -0.744525 -150.675039
-0.000274 -0.002143 1.000000
0.365859 -1.278592 320.671726
-0.029013 -0.549059 163.336352
-0.000124 -0.002115 1.000000
-0.113072 -0.992133 407.145112
-0.117322 -0.744910 170.601260
-0.000370 -0.001918 1.000000
0.054892 -0.705347 335.678627
-0.129718 -0.338914 188.841248
-0.000373 -0.001464 1.000000
-0.884274 -1.569986 580.237115
-0.147261 -2.212144 324.353240
-0.000669 -0.003164 1.000000
-1.022665 0.114581 -124.257626
-0.742998 -0.094703 183.039234
-0.002198 -0.000025 1.000000
-0.560799 -0.892263 390.817196
-0.298816 -0.472276 -443.384422
-0.000883 -0.001530 1.000000
-0.012818 -0.972048 506.883175
-0.021873 -0.561522 -167.774979
-0.000194 -0.001970 1.000000
-1.344978 0.555192 1507.722348
-1.138268 0.561438 -155.902322
-0.002444 0.000626 1.000000
-0.073792 -1.254136 358.658990
0.095181 -1.392483 112.756572
-0.000087 -0.002546 1.000000
1.253895 -0.003344 -73.390421
0.116953 1.228246 -150.307371
0.000336 -0.000233 1.000000
0.498753 -0.628244 200.239290
0.116541 -0.108486 140.119094
0.000017 -0.001573 1.000000
-0.170272 -0.634934 -6.572455
-0.288867 -0.403215 78.989635
-0.000971 -0.001272 1.000000
-0.174532 -0.997609 252.418967
-0.260566 -0.775812 92.449175
-0.000599 -0.001785 1.000000
-0.371698 -0.884568 335.417321
-0.318348 -0.621416 245.623233
-0.000800 -0.001544 1.000000
-0.302449 -0.740659 273.783309
-0.232823 -0.504072 127.249973
-0.000719 -0.001531 1.000000
-0.113635 -0.935938 349.237754
-0.110009 -0.646429 17.077993
-0.000388 -0.002078 1.000000
-0.028983 -0.804274 -229.021502
-0.087709 -0.575029 -50.376724
-0.000677 -0.001677 1.000000
-0.410518 -1.004475 189.782558
-0.301053 -1.090878 59.334366
-0.000747 -0.002055 1.000000
-0.199327 -0.721137 179.699088
-0.175188 -0.607599 129.723458
-0.000707 -0.001603 1.000000
-0.243849 -0.818865 516.538418
-0.296776 -0.939863 -48.982334
-0.000683 -0.002068 1.000000
-0.522715 -0.843303 176.051583
-0.210465 -0.576208 -35.354082
-0.000985 -0.001448 1.000000
-0.449796 -0.841465 480.475189
-0.238119 -0.424658 -254.743453
-0.000934 -0.001502 1.000000
-1.494706 0.037079 -461.619317
-0.752172 0.025399 716.472154
-0.002470 0.000005 1.000000
-0.113487 -0.871333 246.311202
-0.134224 -0.810077 -78.217588
-0.000414 -0.002148 1.000000
0.159643 -1.335556 323.240932
0.163203 -0.924972 -135.614176
-0.000054 -0.002327 1.000000
-0.410958 -0.794005 311.265036
-0.077631 -0.579187 -132.109731
-0.000704 -0.001712 1.000000
-1.232639 -0.723180 239.621427
-0.659761 -0.817523 433.872027
-0.001641 -0.001126 1.000000
-0.086668 -1.958005 690.597606
0.048812 -1.414715 -462.088411
0.000179 -0.003072 1.000000
-0.120951 -0.920412 125.858384
-0.173030 -0.566361 -150.419510
-0.000529 -0.002027 1.000000
0.037905 -1.425337 -1663.572570
-0.153373 -0.859169 218.984352
-0.000208 -0.002482 1.000000
0.763615 -2.863625 -3027.100926
0.746293 -2.393198 -3009.718114
0.001801 -0.005480 1.000000
1.002529 -1.957242 -823.050375
1.123332 -2.222205 -438.034039
0.003446 -0.005865 1.000000
-1.048397 0.111317 127.885949
-0.629985 -0.068476 1240.468516
-0.002401 0.000401 1.000000
1.730392 -2.890630 2192.043717
1.271810 -3.018903 -440.905382
0.003032 -0.006830 1.000000
0.778879 -3.679785 -1.814596
0.860523 -3.073160 -1569.247331
0.002466 -0.006906 1.000000
-0.401872 -0.400466 -851.080409
-0.297827 -0.405559 332.178735
-0.001076 -0.001122 1.000000
-1.079178 0.462073 -821.845930
-0.673133 0.217349 650.974112
-0.002227 0.000404 1.000000
-0.291546 -0.887753 -451.654707
-0.182866 -0.943192 94.166569
-0.000500 -0.001927 1.000000
0.653367 -2.324850 320.804395
0.530820 -1.813842 -305.818911
0.000892 -0.004001 1.000000
-0.121671 -1.535581 1049.090679
0.026730 -0.893501 -179.994567
-0.000015 -0.002655 1.000000
0.064761 -1.961547 239.237319
0.227376 -1.556767 -520.228208
0.000503 -0.003683 1.000000
-0.406668 -1.072173 1024.663214
-0.063486 -0.878992 75.496669
-0.000514 -0.002016 1.000000
-0.492444 -1.027033 1022.492585
-0.006410 -0.755506 -9.479979
-0.000454 -0.002129 1.000000
0.028120 -2.258155 156.380016
0.475549 -1.835637 -177.101545
0.000314 -0.003371 1.000000
0.030728 -1.789407 763.123560
0.425212 -2.004397 -889.129185
0.000509 -0.003915 1.000000
-0.807255 -1.051781 1302.352483
-0.246887 -0.651896 -99.711549
-0.001250 -0.001352 1.000000
-0.410637 -0.967464 950.218991
-0.288884 -0.823556 -57.159553
-0.000814 -0.001785 1.000000
0.273454 -1.906201 699.381921
0.207667 -1.475330 -167.320073
0.000812 -0.003487 1.000000
-0.424390 -1.173697 1238.956608
-0.267261 -0.778899 -406.511545
-0.000647 -0.002214 1.000000
0.405416 -1.558248 280.704746
0.072933 -1.192940 -459.832607
0.000986 -0.004024 1.000000
-36.395431 57.886893 -11405.765946
-16.839797 36.015101 35014.013341
-0.069261 0.109093 1.000000
-0.499667 -1.037304 1341.734200
-0.274141 -0.826444 -117.945619
-0.000910 -0.001758 1.000000
-0.635876 -0.948942 1010.490829
-0.114945 -0.381661 -76.298447
-0.000950 -0.001259 1.000000
1.071168 -2.713360 -493.939703
0.615765 -1.579801 -1483.094028
0.002103 -0.005167 1.000000
-0.415608 -1.152278 320.894817
-0.012109 -0.606575 -236.132279
-0.000446 -0.001883 1.000000
0.076464 -1.516909 239.775270
-0.060350 -1.571149 -47.117902
-0.000203 -0.002766 1.000000
-0.099254 -1.526862 344.621558
-0.091738 -1.423352 -208.654295
-0.000245 -0.002611 1.000000
-0.487324 -1.078995 956.974453
-0.069779 -0.807378 -149.138967
-0.000441 -0.002267 1.000000
5.582999 -8.944090 2459.453376
3.529562 -6.266863 -2316.631437
0.008403 -0.012929 1.000000
-0.805374 -0.658120 1135.600073
-0.087109 -0.680442 -582.976759
-0.001115 -0.001949 1.000000
1.208113 -2.258607 -3482.832838
0.560714 -1.250136 -1641.367362
0.003045 -0.005996 1.000000
-0.841839 -0.227277 -78.227708
-0.300510 -0.130366 -169.080875
-0.001601 -0.000569 1.000000
-0.655068 -1.005044 1375.685543
-0.131368 -0.533207 -184.323089
-0.000707 -0.001736 1.000000
2.039461 -4.401232 5731.389891
1.535306 -3.363819 721.208949
0.003040 -0.006951 1.000000
-0.038084 -1.468707 225.172649
0.254673 -1.433895 -348.891261
0.000202 -0.003260 1.000000
-0.136497 -1.049563 809.377756
0.052313 -1.643880 -18.392866
-0.000260 -0.002902 1.000000
-0.716671 -0.347462 590.210522
-0.448335 -0.449727 -266.950786
-0.001363 -0.000928 1.000000
0.318870 -2.293764 1959.972333
0.489518 -1.985616 -774.253630
0.000961 -0.004036 1.000000
0.257311 -1.267224 576.763028
0.083577 -1.204620 -66.654965
0.000143 -0.002722 1.000000
-0.342205 -0.921928 844.726934
-0.181013 -0.988508 88.835336
-0.000611 -0.002042 1.000000
-0.190705 -1.339853 756.061960
0.163972 -1.023461 -129.616560
-0.000224 -0.002402 1.000000
-0.453941 -1.230507 1114.516546
-0.016008 -1.054708 80.009740
-0.000446 -0.002270 1.000000
-0.552329 -0.881011 1059.370008
-0.152259 -0.463692 -125.986774
-0.000836 -0.001537 1.000000
5.130935 -6.812980 -7768.149306
3.248476 -6.454134 -3033.773684
0.013717 -0.020662 1.000000
9.413801 -13.238606 -7094.986904
8.685085 -15.125470 -5285.509079
0.020476 -0.029493 1.000000
-2.273043 1.508303 -60.295778
-1.277137 0.617700 1526.462921
-0.004013 0.002441 1.000000
0.153933 -2.090910 1454.983848
0.466622 -1.483000 -878.361048
0.000436 -0.003384 1.000000
-0.840950 -0.444781 1057.005237
-0.474382 -0.229275 -146.679754
-0.001445 -0.000700 1.000000
-0.620350 -1.202100 621.080867
-0.202627 -0.646796 -144.583732
-0.000779 -0.001845 1.000000
-0.776969 -0.691684 264.719575
-0.228628 -0.285302 -1.481146
-0.001176 -0.001105 1.000000
-0.102308 -1.801258 760.625090
0.006775 -1.611608 69.315165
-0.000116 -0.002863 1.000000
-0.043388 -1.424389 332.109348
-0.003824 -1.211099 -120.830953
0.000142 -0.002819 1.000000
-0.155523 -1.159701 512.887719
0.046358 -1.238696 34.174213
-0.000304 -0.002408 1.000000
0.009674 -1.114253 383.621497
0.187337 -1.046282 -24.027311
0.000087 -0.002253 1.000000
-0.329148 -0.997483 355.085408
-0.168937 -0.961533 -74.268109
-0.000452 -0.002072 1.000000
-0.304992 -0.842800 463.657644
-0.186202 -0.677897 106.707550
-0.000486 -0.001708 1.000000
0.111830 -1.396357 205.442757
0.251703 -1.141570 -139.972989
0.000553 -0.003111 1.000000
-0.250655 -1.041843 451.992357
0.162158 -1.380084 -4.599399
-0.000093 -0.002679 1.000000
-0.032080 -0.847549 636.888089
-0.031776 -1.263207 106.860302
-0.000223 -0.002556 1.000000
-0.476270 -1.051393 638.552420
-0.165779 -0.927063 -165.773871
-0.000709 -0.002134 1.000000
0.225813 -1.709283 327.068369
0.305144 -1.715777 -106.589002
0.000277 -0.003200 1.000000
0.154075 -1.316958 325.596939
0.113558 -1.191595 -38.252189
0.000102 -0.002684 1.000000
-0.160525 -1.203492 347.044607
-0.065655 -1.387637 202.001699
-0.000299 -0.002371 1.000000
-0.189597 -1.004093 362.539240
-0.099028 -1.205765 132.577510
-0.000418 -0.002255 1.000000
-0.036290 -0.912158 215.951254
0.016536 -1.177754 -47.786606
-0.000262 -0.002375 1.000000
-0.508506 -0.960632 1052.053331
-0.198567 -0.426339 9.297646
-0.000664 -0.001600 1.000000
-0.667924 -0.521849 861.577776
-0.288537 -0.170636 -98.375716
-0.001204 -0.001067 1.000000
-0.445016 -0.815373 617.912044
-0.162475 -0.485470 -67.117651
-0.000763 -0.001593 1.000000
0.216852 -1.768564 803.599413
0.155393 -1.182773 3.124225
0.000089 -0.002588 1.000000
-0.270931 -0.735828 583.753253
-0.148267 -0.570945 -173.559949
-0.000646 -0.001787 1.000000
-0.284303 -1.705004 690.112668
0.070875 -1.026092 33.553773
-0.000171 -0.002590 1.000000
-0.361746 -1.065342 447.297457
-0.156444 -1.139571 222.198018
-0.000430 -0.002097 1.000000
0.098504 -1.091523 433.824645
0.133911 -1.647314 54.121030
0.000161 -0.002841 1.000000
-0.082024 -1.257894 330.475893
0.106751 -1.710037 67.134868
-0.000156 -0.002730 1.000000
0.219284 -2.358126 -91.375108
0.242761 -2.103772 35.619004
0.000166 -0.003933 1.000000
-0.355352 -1.473785 496.186200
-0.220455 -1.736136 -145.793015
-0.000696 -0.002869 1.000000
0.139914 -1.504434 -232.957630
0.032081 -0.608753 41.647871
0.000055 -0.002493 1.000000
-0.188643 -1.100800 377.797983
-0.156008 -1.025304 173.762265
-0.000528 -0.002304 1.000000
0.098290 -1.496217 67.397441
0.117259 -1.104555 -168.561240
0.000272 -0.002820 1.000000
-0.514352 -0.611646 386.960478
-0.299772 -0.334893 -131.036387
-0.001019 -0.001179 1.000000
-0.049574 -1.352831 371.603740
0.113808 -1.258305 83.444597
0.000170 -0.002714 1.000000
-0.735247 -0.410793 -53.259546
-0.362822 -0.331087 -80.874586
-0.001591 -0.000853 1.000000
-0.153883 -0.696064 376.499512
-0.024298 -0.984003 5.744159
-0.000313 -0.002068 1.000000
-0.313025 -1.063973 280.191782
-0.289736 -0.825811 89.658968
-0.000732 -0.001792 1.000000
-0.620807 -0.548139 634.800153
-0.444116 -0.439212 -151.876802
-0.001303 -0.001029 1.000000
-0.144621 -1.179002 250.417816
-0.059815 -1.261511 141.165285
-0.000416 -0.002420 1.000000
-0.102837 -1.196645 437.728860
-0.101465 -0.943300 -137.378051
-0.000342 -0.002111 1.000000
0.155361 -1.466918 487.510882
0.237347 -1.247251 -156.546816
0.000225 -0.002928 1.000000
-0.522032 -0.370280 222.524076
-0.482824 -0.406416 -124.401966
-0.001269 -0.001074 1.000000
0.110769 -2.228857 459.244844
0.316773 -2.171733 -103.629322
0.000701 -0.004178 1.000000
0.047589 -1.296985 326.951472
0.056111 -1.234633 72.138029
-0.000235 -0.002351 1.000000
-0.387267 -1.117682 655.903866
-0.281741 -0.856043 9.170976
-0.000918 -0.001765 1.000000
