-0.036895 -1.350576 888.346984
0.003112 -0.762709 -91.103516
0.000058 -0.002559 1.000000
-0.316115 -1.357323 711.279069
-0.106306 -0.681510 -153.604922
-0.000334 -0.002254 1.000000
-0.322728 -1.016539 266.951494
-0.175651 -0.687748 -121.920812
-0.000378 -0.001936 1.000000
-0.083035 -0.914132 163.873525
-0.032562 -0.755542 -119.856110
-0.000131 -0.002283 1.000000
-0.039355 -1.343174 126.180322
-0.093331 -1.548193 21.125954
0.000125 -0.003399 1.000000
-0.065958 -0.948986 358.171631
-0.102252 -1.008916 -216.431757
-0.000237 -0.002679 1.000000
0.042719 -1.107312 42.804011
0.172102 -0.804434 -297.678878
0.000754 -0.003776 1.000000
0.508719 -1.526867 -323.414890
0.249335 -0.815086 -408.931367
0.001560 -0.004417 1.000000
-0.261003 -1.101697 285.140539
-0.123664 -0.743301 -140.532287
-0.000153 -0.002537 1.000000
-0.327746 -1.469964 1131.725573
-0.091379 -0.697141 -301.005039
-0.000309 -0.002332 1.000000
0.168860 -1.734099 810.989540
0.003303 -0.735086 -450.458480
0.000500 -0.003192 1.000000
10.061916 -14.879975 -12517.257458
8.812736 -14.964244 -4597.602012
0.027745 -0.039606 1.000000
0.343649 -2.522301 634.979996
0.205489 -1.416556 -640.656743
0.001112 -0.004383 1.000000
-0.159957 -1.535237 396.382415
-0.253084 -1.218476 -72.415167
0.000011 -0.002946 1.000000
-0.373082 -0.874248 708.989953
-0.354543 -0.808995 223.908878
-0.000631 -0.001726 1.000000
-0.141882 -1.284202 564.696010
-0.026047 -0.680907 -96.605323
-0.000032 -0.002401 1.000000
-0.070843 -1.027394 509.519850
0.074185 -0.615645 -224.887580
-0.000031 -0.002487 1.000000
-0.096149 -1.408486 479.703270
-0.015587 -1.387946 -38.742453
-0.000121 -0.003112 1.000000
0.035163 -1.306662 145.478135
-0.113876 -0.879932 -414.563699
-0.000106 -0.002668 1.000000
0.131347 -1.009535 240.324999
0.060176 -0.611332 -196.325079
0.000195 -0.002536 1.000000
0.375049 -1.199224 -241.083580
0.223584 -0.995818 -96.210299
0.000753 -0.003421 1.000000
-0.750882 -0.446122 1167.757260
-0.509123 -0.341844 102.418500
-0.001380 -0.000985 1.000000
-1.754050 0.768260 1158.718345
-1.009092 0.618337 -317.861946
-0.002725 0.000727 1.000000
0.000169 -1.086416 238.720102
0.118369 -0.791004 -84.377110
0.000332 -0.002790 1.000000
-0.151614 -1.731775 650.277862
-0.063959 -1.038779 -80.055702
-0.000013 -0.002884 1.000000
0.325616 -2.147986 487.859164
-0.012270 -1.831239 -232.258576
0.000684 -0.004003 1.000000
0.042270 -0.893867 77.536169
-0.035362 -1.004630 -61.065940
-0.000154 -0.002574 1.000000
-0.059366 -0.859566 63.061303
0.004431 -0.681115 110.780561
-0.000114 -0.002199 1.000000
0.039054 -1.273767 305.077175
0.028500 -0.889848 -56.406285
-0.000006 -0.002729 1.000000
-0.241043 -1.421380 173.501172
-0.106503 -1.074609 -9.334275
-0.000072 -0.002552 1.000000
-0.339383 -1.025512 539.416518
-0.249902 -0.718823 -128.320877
-0.000604 -0.001917 1.000000
1.089101 -3.314254 -302.254018
0.639394 -2.384960 -2154.395043
0.002053 -0.005701 1.000000
0.725146 -1.946889 -231.322533
0.462044 -1.551943 -798.258674
0.001832 -0.005497 1.000000
0.197688 -1.373434 -2.903013
0.083479 -1.306253 -516.998184
0.000979 -0.003982 1.000000
-0.312131 -0.877507 483.968275
-0.180717 -0.764084 21.597971
-0.000468 -0.001814 1.000000
0.012440 -1.627418 355.997589
0.001778 -1.068877 -334.215075
0.000266 -0.003346 1.000000
0.077960 -1.395320 893.355363
-0.016626 -1.078767 -113.448725
0.000149 -0.002880 1.000000
-0.256652 -1.026758 285.275224
-0.081947 -0.699127 -70.298186
-0.000404 -0.002240 1.000000
4.663472 -3.473222 -3913.074961
2.308192 -3.344739 -2981.166078
0.008021 -0.014710 1.000000
0.825729 -1.671895 30.806257
0.362242 -1.601298 -988.002716
0.001672 -0.004786 1.000000
-0.195107 -0.764354 453.300107
-0.121353 -0.585684 -13.641077
-0.000394 -0.001811 1.000000
0.408854 -1.337903 239.084548
0.299120 -1.028565 -614.386280
0.000718 -0.003563 1.000000
0.215817 -1.244043 411.327346
-0.130723 -1.050151 -23.487522
0.000025 -0.002961 1.000000
0.083945 -1.041481 301.606511
0.035589 -0.876021 -88.177405
0.000228 -0.002500 1.000000
0.747747 -1.655055 -73.663430
0.329493 -0.954468 -943.225267
0.001550 -0.003892 1.000000
-0.280867 -1.098163 475.922484
-0.176342 -0.849030 -2.906944
-0.000316 -0.002251 1.000000
0.189674 -1.979326 385.083654
0.067706 -1.583000 -101.693883
0.000231 -0.003676 1.000000
15.497854 -21.701877 -12628.627488
6.166089 -15.672596 -10085.127677
0.036106 -0.060666 1.000000
-0.337113 -1.103005 789.588119
-0.240099 -0.924328 -138.171516
-0.000452 -0.002268 1.000000
0.224225 -0.910527 -44.767491
-0.059182 -0.783496 -343.640074
0.000325 -0.002998 1.000000
-0.392057 -0.928485 740.520539
-0.131639 -0.491409 12.609979
-0.000433 -0.001724 1.000000
-0.376654 -1.344206 681.840664
-0.114538 -0.846833 -55.496079
-0.000124 -0.002520 1.000000
-0.345194 -0.723386 570.448650
-0.168763 -0.689921 -88.058621
-0.000455 -0.002092 1.000000
-0.278065 -0.632937 374.558500
-0.407475 -0.798781 115.220669
-0.000810 -0.001631 1.000000
0.451690 -1.670557 -8.229104
0.206263 -1.499755 -432.943706
0.000618 -0.004053 1.000000
-0.259910 -1.559802 527.804938
-0.047619 -0.768489 -81.822240
-0.000106 -0.002609 1.000000
-0.040309 -1.225274 568.016387
-0.001272 -0.584650 -308.885704
0.000081 -0.002729 1.000000
-0.004982 -1.618203 877.370618
0.093662 -0.857771 -171.478738
0.000246 -0.002819 1.000000
0.184547 -1.234440 131.134307
0.068065 -1.135384 -844.292580
0.000230 -0.003019 1.000000
0.278334 -1.865187 812.390687
0.070118 -1.684600 -373.783057
0.000575 -0.003842 1.000000
-0.027059 -1.466643 24.378431
0.160140 -0.934233 -445.558129
0.000448 -0.003183 1.000000
-0.261118 -1.181391 -110.415662
-0.174418 -1.070513 90.492822
-0.000375 -0.002577 1.000000
0.082720 -1.579977 25.061648
-0.035809 -0.949373 -167.875442
0.000576 -0.003431 1.000000
-0.106304 -1.682524 1112.486065
0.024761 -1.110557 -128.111695
-0.000047 -0.003033 1.000000
-0.090185 -1.111853 594.257310
0.061521 -0.302457 -469.763998
-0.000232 -0.002440 1.000000
1.352058 -3.607848 190.451605
1.212084 -2.750112 -1452.485356
0.003431 -0.008641 1.000000
0.035039 -1.487415 130.823777
0.048998 -1.064335 -164.083497
0.000442 -0.003447 1.000000
-0.119538 -0.862676 -26.164912
-0.120057 -0.745324 -75.859176
-0.000315 -0.002109 1.000000
0.535146 -2.819696 -1992.799105
0.349651 -1.216515 -537.135900
0.002160 -0.006033 1.000000
-3.015899 1.764105 2795.572917
-2.701715 2.327045 2068.249220
-0.006947 0.005654 1.000000
0.369380 -2.610512 -109.016976
0.556761 -1.690058 -491.306843
0.001505 -0.005025 1.000000
-0.389614 -1.497931 327.113614
-0.214397 -1.205541 -26.779372
-0.000425 -0.002592 1.000000
0.372021 -0.924472 -795.624960
0.146650 -0.740384 -306.258442
0.000511 -0.003669 1.000000
0.012121 -1.491228 734.946546
0.153630 -0.971861 -741.802327
0.000364 -0.003076 1.000000
0.111957 -1.852067 346.263278
0.206825 -1.711805 -223.481135
0.000555 -0.004099 1.000000
-0.054143 -1.273654 231.355292
-0.021189 -1.065039 -266.354718
0.000205 -0.003105 1.000000
0.029874 -1.092443 -79.016510
0.013722 -0.816002 42.811584
0.000060 -0.002465 1.000000
0.609249 -1.103387 -299.422848
0.307346 -0.858683 -418.128294
0.001217 -0.003527 1.000000
0.341756 -2.450593 -440.447748
0.568016 -1.521580 -517.335319
0.001535 -0.004851 1.000000
1.328635 -2.548671 -582.397750
0.828842 -1.867243 -1068.218918
0.003279 -0.007351 1.000000
0.067914 -1.309592 192.626492
0.040419 -0.762458 -20.488287
0.000157 -0.002479 1.000000
0.546329 -2.417136 57.952491
0.509488 -1.542558 -454.311876
0.001553 -0.004878 1.000000
0.289368 -2.354537 -37.696224
0.286136 -1.736119 -450.319118
0.000803 -0.004553 1.000000
0.028380 -1.522829 -203.502990
0.060960 -1.034938 -321.279477
0.000228 -0.003306 1.000000
0.028168 -0.644885 129.944868
0.000809 -0.218106 -16.655017
-0.000027 -0.002086 1.000000
1.851450 -3.254422 -1060.276236
1.207910 -0.736538 -1420.749050
0.003936 -0.007947 1.000000
-0.168557 -1.040046 665.736596
-0.093097 -0.673850 -189.908851
-0.000310 -0.001945 1.000000
-0.035896 -0.991183 -92.422309
0.039470 -0.861831 -174.289324
0.000031 -0.002418 1.000000
-0.196364 -0.664163 155.261382
-0.032323 -0.414287 -6.446909
-0.000249 -0.001978 1.000000
0.941024 -2.863487 -248.968838
0.731061 -1.785474 -940.839471
0.001713 -0.004995 1.000000
-0.547831 -2.169658 566.164304
-0.193181 -1.283096 191.341498
-0.000427 -0.002977 1.000000
0.526531 -2.874101 -683.833250
0.614858 -2.077319 -516.505285
0.001229 -0.005123 1.000000
-0.213450 -2.133156 96.804545
0.037884 -1.386552 89.344119
0.000136 -0.003547 1.000000
0.227835 -1.496940 -1115.169416
0.244017 -0.953589 -270.573933
0.000905 -0.003846 1.000000
-0.135420 -1.215678 98.563236
-0.072576 -0.607300 -39.566345
-0.000161 -0.002675 1.000000
1.232483 -2.462368 -296.864730
0.722391 -1.525326 -1567.475554
0.002476 -0.005786 1.000000
-0.046657 -1.271981 -69.955111
0.032536 -0.853759 -330.265049
0.000074 -0.002800 1.000000
0.028359 -1.571588 255.822210
0.058999 -1.040218 -262.786487
0.000186 -0.002960 1.000000
0.493506 -1.737488 4.816965
0.222287 -1.238214 -641.395260
0.000704 -0.003992 1.000000
-0.124650 -1.091639 140.348424
-0.192478 -0.856838 74.891937
-0.000433 -0.002173 1.000000
0.311725 -2.261988 52.484489
0.327939 -1.834326 -353.292393
0.001120 -0.004518 1.000000
0.029947 -1.728163 306.892136
0.076096 -1.387719 -192.526479
0.000204 -0.003501 1.000000
0.198236 -1.561441 527.902577
0.483174 -1.964128 -426.901486
0.001140 -0.004206 1.000000
-0.298162 -1.553447 489.729065
-0.040103 -1.089760 -177.000887
-0.000055 -0.002858 1.000000
-0.250900 -1.640885 329.327851
-0.211054 -1.573264 187.323073
-0.000212 -0.003035 1.000000
0.078845 -1.383038 397.922462
0.024500 -1.294248 -88.284040
0.000235 -0.003331 1.000000
-0.331872 -1.514340 418.539633
-0.263935 -0.841186 14.315622
-0.000534 -0.002386 1.000000
0.177697 -1.817476 457.553006
-0.127549 -1.515837 26.377462
0.000024 -0.003266 1.000000
-0.252180 -1.509478 722.427373
0.046011 -1.069718 -76.322086
0.000042 -0.002674 1.000000
-0.193749 -1.264009 -38.630224
-0.039806 -0.935486 118.805458
-0.000001 -0.002415 1.000000
-0.054834 -1.025225 108.079046
-0.047050 -0.598447 -11.055452
-0.000008 -0.002449 1.000000
0.431330 -1.671072 -270.850956
0.159996 -1.214063 -442.380881
0.000650 -0.003626 1.000000
0.539191 -1.587077 -465.061602
0.324058 -1.512839 -479.458457
0.001962 -0.005098 1.000000
-0.225176 -1.534038 1024.234303
-0.031748 -0.928768 23.962538
-0.000183 -0.002521 1.000000
0.028821 -1.312552 107.368992
0.125461 -0.826634 -77.954840
0.000485 -0.002969 1.000000
-0.201675 -0.692444 -121.740443
-0.176991 -0.559405 -40.717899
-0.000576 -0.001816 1.000000
0.647891 -2.972700 346.749841
0.557318 -2.451614 -565.643291
0.001280 -0.005187 1.000000
0.041111 -2.110195 679.076400
-0.020516 -1.021617 -496.419713
0.000082 -0.003135 1.000000
0.703546 -2.828222 618.466140
0.082633 -1.611563 -678.184185
0.000856 -0.004474 1.000000
0.157378 -2.540325 173.939251
0.048797 -0.960311 -609.893946
0.000635 -0.004030 1.000000
-0.328130 -1.435381 475.323242
-0.142801 -0.938998 42.416972
-0.000376 -0.002428 1.000000
-0.103108 -1.892908 414.645392
-0.145462 -1.184427 -171.266967
-0.000202 -0.002915 1.000000
3.512226 -4.254625 -2805.612252
2.088120 -2.622031 -2168.185266
0.008002 -0.013150 1.000000
0.294363 -2.516864 -460.640856
0.216090 -1.726042 -168.350950
0.000912 -0.004220 1.000000
0.084107 -1.511687 722.207142
-0.040526 -1.221290 -143.993725
0.000137 -0.003092 1.000000
1.755150 -3.600225 14.156163
1.056629 -2.034750 -1572.079022
0.004160 -0.007200 1.000000
-0.136182 -1.567641 350.100568
0.053353 -1.161391 -157.513028
0.000228 -0.003215 1.000000
-0.025003 -1.384664 647.758653
-0.077778 -1.218049 -121.362064
-0.000043 -0.002976 1.000000
0.076184 -1.222189 488.047483
-0.086386 -1.204995 -33.418870
0.000147 -0.002799 1.000000
0.065195 -1.066174 181.418268
0.069820 -0.924299 -400.185991
0.000331 -0.003048 1.000000
-0.040304 -1.813148 574.046290
0.120295 -1.688610 -167.070258
0.000407 -0.003627 1.000000
0.291177 -2.140196 822.771606
0.163941 -1.516283 -536.901958
0.000656 -0.003947 1.000000
-0.301002 -1.633686 472.199134
-0.149389 -1.068972 79.033968
-0.000395 -0.002503 1.000000
0.106190 -1.782365 507.666365
0.029341 -1.384622 -334.669210
0.000184 -0.003140 1.000000
0.020619 -1.502078 817.272720
-0.042864 -1.118457 -195.381261
0.000045 -0.002805 1.000000
-0.081701 -1.688971 901.994238
0.073903 -0.786099 -552.423506
0.000106 -0.003099 1.000000
-0.212248 -1.352236 291.959075
-0.030583 -1.194618 62.604593
-0.000001 -0.002872 1.000000
0.079620 -1.199474 231.667126
0.006288 -1.139918 -176.978722
0.000164 -0.003049 1.000000
0.053014 -1.179991 1017.232987
-0.105861 -0.641014 -170.770718
-0.000078 -0.002645 1.000000
0.300529 -1.510947 1043.034990
0.058595 -0.779301 -528.027068
0.000252 -0.002704 1.000000
0.318404 -2.270307 1319.083289
0.140030 -0.769465 -186.438628
0.000443 -0.003091 1.000000
-0.123817 -1.469062 1167.075314
0.007400 -0.591607 -155.762692
0.000054 -0.002567 1.000000
-0.062763 -1.365082 504.611758
0.080490 -0.693818 -311.058681
0.000135 -0.002837 1.000000
-0.114837 -1.150192 31.495040
-0.150584 -0.789486 -334.014180
-0.000059 -0.002676 1.000000
0.002036 -1.498058 1170.134319
-0.045538 -0.593928 -80.449475
-0.000014 -0.002316 1.000000
0.351985 -1.520414 883.004404
-0.003258 -1.434110 -102.313641
0.000389 -0.003220 1.000000
-0.056883 -1.133763 457.218933
-0.134692 -0.676985 -127.331411
-0.000157 -0.002216 1.000000
0.207627 -2.017275 1147.055848
0.037483 -1.305870 -274.453761
0.000219 -0.003512 1.000000
0.230098 -1.180957 145.238874
0.214930 -1.050023 -147.409151
0.000500 -0.003004 1.000000
41.206786 -46.222521 -9569.384938
35.584773 -35.317106 -56388.499178
0.092028 -0.106698 1.000000
-0.964497 -0.183074 1940.545690
-0.678772 -0.165773 773.574864
-0.001919 -0.000197 1.000000
-0.329386 -1.138596 1224.819653
-0.217523 -0.765423 -311.358266
-0.000548 -0.002129 1.000000
-0.245202 -1.089035 1261.700319
-0.249241 -0.991620 162.495705
-0.000433 -0.002700 1.000000
-0.493180 -1.263696 286.482639
-0.150452 -0.501318 5.093688
-0.000572 -0.001960 1.000000
1.013752 -2.993968 1880.439994
0.444991 -1.192800 -1141.737389
0.002039 -0.005501 1.000000
-0.103204 -1.690543 1226.196844
-0.082633 -0.465124 60.171024
-0.000130 -0.002049 1.000000
0.777158 -2.486128 4307.013807
0.431505 -1.459241 -3216.440394
0.001101 -0.004287 1.000000
0.682588 -2.290861 2210.719981
0.235258 -1.116075 -73.349253
0.001174 -0.004402 1.000000
0.044789 -1.777794 1391.855402
0.186458 -1.032600 38.364632
0.000287 -0.002941 1.000000
0.299499 -1.607879 506.164724
0.369729 -1.704335 -164.993398
0.000832 -0.003830 1.000000
0.116535 -0.886974 468.708555
0.013464 -0.821567 21.681386
0.000021 -0.002436 1.000000
0.064252 -1.466695 93.130159
0.190165 -0.519779 -394.226783
0.000751 -0.003686 1.000000
0.184725 -1.736475 -78.941983
-0.000113 -0.959476 -243.633904
0.000122 -0.003070 1.000000
0.051208 -0.776563 169.616100
-0.046382 -0.765902 65.870521
0.000003 -0.002483 1.000000
0.189409 -0.738055 13.897091
-0.000135 -0.879741 61.048190
0.000130 -0.002630 1.000000
0.083655 -0.729055 -211.381747
0.018327 -1.153634 -29.765732
0.000093 -0.002943 1.000000
-2.671987 1.304987 2597.639509
-1.243999 1.651131 -958.820360
-0.004469 0.003150 1.000000
0.145314 -1.211870 -273.438260
0.142496 -0.881865 -54.106978
0.000885 -0.003466 1.000000
-0.116469 -1.268211 419.352741
-0.068255 -0.858578 -102.866596
-0.000204 -0.002967 1.000000
-0.301648 -1.571389 62.348051
-0.149777 -0.838282 -111.054230
-0.000440 -0.002743 1.000000
0.159690 -1.979670 410.020150
0.138560 -1.691381 -228.882139
0.000454 -0.004016 1.000000
-0.100339 -2.179221 742.160271
-0.056729 -1.488203 -80.158119
0.000081 -0.003484 1.000000
0.216503 -0.922278 -229.006795
0.320405 -1.056867 -203.127093
0.001067 -0.003496 1.000000
-0.077445 -0.483717 57.426040
-0.164269 -0.702841 13.589417
-0.000336 -0.001955 1.000000
1.625881 -2.144964 -1288.829698
0.774094 -1.906240 -327.588004
0.003156 -0.006634 1.000000
-0.004780 -0.845765 184.423809
-0.122331 -0.834453 -4.470473
-0.000092 -0.002483 1.000000
0.327406 -1.136106 90.682672
0.051418 -0.993780 75.429119
0.000412 -0.003161 1.000000
0.265467 -0.921902 -154.378448
0.108451 -0.838037 -192.608267
0.000656 -0.003115 1.000000
-0.013815 -0.794168 55.801518
-0.046848 -0.761712 -27.503980
0.000081 -0.002442 1.000000
0.220646 -0.666912 -94.831418
0.095523 -0.683271 34.677409
0.000476 -0.003005 1.000000
-0.028913 -0.963252 164.741879
-0.048827 -0.986339 -23.892249
-0.000118 -0.002786 1.000000
-0.066901 -0.881365 258.992679
-0.011633 -0.711921 50.093759
0.000090 -0.002395 1.000000
-0.308614 -1.040882 248.422135
-0.254781 -0.663797 -16.316845
-0.000633 -0.002073 1.000000
-0.128961 -1.831608 312.708210
0.073193 -1.150873 -83.721567
0.000171 -0.003439 1.000000
0.354601 -0.847785 268.544501
-0.082886 -0.806253 -96.128341
-0.000097 -0.002721 1.000000
0.548398 -1.649272 -504.158712
0.396108 -1.373679 -1364.231205
0.001064 -0.003874 1.000000
0.048134 -0.464138 -111.997698
-0.006052 -0.539109 -35.977759
0.000098 -0.002439 1.000000
0.024375 -1.391552 430.610686
0.288100 -1.505052 -186.640385
0.000458 -0.003470 1.000000
-0.003118 -0.944804 509.914843
0.104675 -1.456105 62.033112
0.000307 -0.003184 1.000000
0.767854 -2.493671 -1090.303360
0.340497 -1.855986 402.817686
0.000927 -0.004364 1.000000
25.285879 -38.489606 40452.492588
24.650029 -41.495645 -17076.306625
0.058915 -0.083291 1.000000
-0.330941 -0.678955 154.546314
-0.167834 -0.553317 70.452084
-0.000647 -0.001677 1.000000
-0.043212 -1.375223 81.078811
-0.071391 -0.621376 -156.366116
-0.000034 -0.002640 1.000000
0.099477 -1.307456 512.644391
-0.034275 -0.934821 -46.480402
0.000000 -0.002608 1.000000
-0.306339 0.027577 -192.720361
-0.710602 0.075297 475.741398
-0.001568 -0.000118 1.000000
-0.325795 -0.098818 -46.831286
-0.582203 -0.062811 395.558085
-0.001374 -0.000417 1.000000
-0.495278 0.118281 -23.387317
-0.757233 0.067675 463.923675
-0.001693 0.000039 1.000000
-2.620121 1.068441 -149.854186
-1.295231 0.521569 683.050288
-0.003820 0.001974 1.000000
0.075395 -1.258820 376.464438
0.029850 -1.456455 -668.341349
0.000337 -0.003028 1.000000
-0.104017 -0.795131 -75.727415
-0.088912 -0.769667 17.891269
-0.000210 -0.002328 1.000000
-0.739167 -0.698421 1315.544226
-0.375483 -0.267922 453.210085
-0.001261 -0.001019 1.000000
7.058012 -10.358238 4946.268358
3.502297 -7.118084 -685.602678
0.012695 -0.017413 1.000000
1.558998 -2.461427 768.851496
0.670301 -0.093620 -370.997233
0.001531 -0.003312 1.000000
-2.324828 0.102041 468.147786
-1.139148 -0.083805 609.204404
-0.002674 0.000338 1.000000
1.102377 -2.124712 712.875151
0.549917 0.032667 -296.260966
0.000872 -0.002597 1.000000
12.193890 -9.452111 999.819423
5.046987 -0.122366 -2596.700203
0.012636 -0.013521 1.000000
-168.382072 162.062706 -63900.220879
-101.691255 114.091329 42466.615044
-0.256818 0.335935 1.000000
0.540932 -2.413797 1004.378796
0.123639 -0.703292 -43.399388
0.000682 -0.003202 1.000000
0.484577 -2.234098 1068.327519
0.136104 -0.826843 -199.733582
0.000705 -0.003327 1.000000
0.255260 -2.655191 1645.719710
0.466633 -1.251278 -110.496681
0.001090 -0.003777 1.000000
-5.433921 2.241610 -282.620285
-2.337399 1.784683 1776.133367
-0.006843 0.005211 1.000000
0.025534 -1.272114 620.318623
0.093752 -0.782928 -191.986571
0.000319 -0.002649 1.000000
0.018105 -1.482281 1026.628939
0.042136 -1.134836 69.445977
0.000054 -0.002369 1.000000
1.749345 -3.037340 2717.651879
1.250581 -3.246646 -2463.997452
0.003155 -0.006215 1.000000
-0.181113 -1.776962 925.515341
-0.022446 -0.663808 23.938325
-0.000218 -0.002259 1.000000
0.078985 -1.699522 813.583189
-0.058025 -0.639716 -146.775523
0.000035 -0.002339 1.000000
-0.296396 -1.462157 807.499315
-0.137039 -0.639798 20.005630
-0.000253 -0.002104 1.000000
-0.337150 -1.214093 822.405871
-0.053531 -0.574460 -217.789805
-0.000390 -0.001937 1.000000
-1.341903 0.526673 -942.730049
-1.048708 0.727293 277.105301
-0.002916 0.001010 1.000000
0.361455 -1.607353 1663.707628
0.501578 -2.009267 0.776480
0.000748 -0.003840 1.000000
-0.212734 -1.753972 1011.292026
-0.043621 -0.585906 37.387391
-0.000121 -0.002229 1.000000
-0.270627 -1.145125 1028.742783
-0.173501 -1.055452 334.022864
-0.000385 -0.001989 1.000000
4.596313 -10.472611 4647.693196
4.332263 -2.860098 -3428.954132
0.012249 -0.016784 1.000000
0.281524 -1.983161 1158.471280
0.118347 -0.810369 -156.224117
0.000431 -0.002953 1.000000
0.033058 -1.067860 405.452619
0.052291 -0.413150 16.007155
0.000228 -0.002307 1.000000
0.484457 -2.658843 1438.792847
0.161157 -0.926804 -301.283868
0.000792 -0.003570 1.000000
0.530662 -2.234761 1348.029723
0.263558 -0.738834 -589.567060
0.000975 -0.003641 1.000000
-0.245440 -1.180385 313.835364
-0.149905 -0.665431 -24.391463
-0.000468 -0.001967 1.000000
1.729363 0.168121 -194.976477
0.184515 1.683931 -181.281669
0.000509 0.000509 1.000000
1.000000 -0.000000 -0.000000
0.000000 1.000000 0.000000
0.000000 -0.000000 1.000000
0.064621 0.049715 5.875148
-0.540514 0.788706 286.908560
-0.001215 0.000524 1.000000
0.267272 0.114758 23.579286
-0.321520 1.165019 74.550303
-0.000952 0.000663 1.000000
3.156696 1.434762 -959.831893
0.679283 3.334153 -816.702151
0.001269 0.001514 1.000000
2.864067 -0.755103 114.141152
1.119819 1.034009 -658.219622
0.002884 -0.001887 1.000000
0.257391 -1.921104 911.382601
0.005816 -0.662018 -46.304397
0.000148 -0.002604 1.000000
0.884992 -3.100325 1355.341302
0.173250 -0.855932 -316.053896
0.001175 -0.003757 1.000000
-0.225190 -0.956236 724.097967
-0.126714 -0.549978 38.442389
-0.000611 -0.001686 1.000000
-0.285894 -1.302188 868.635371
-0.137970 -0.538142 -143.197557
-0.000431 -0.001856 1.000000
0.668216 -2.140873 167.305219
0.547410 -1.781198 -555.517416
0.002042 -0.004405 1.000000
-0.233304 -1.156567 693.860237
-0.128894 -0.646310 -88.625091
-0.000391 -0.002080 1.000000
0.788723 -3.071870 902.153324
0.239919 -1.167446 -264.099486
0.001013 -0.003955 1.000000
0.131392 -1.767513 1046.837966
0.045693 -0.453920 -10.746737
0.000192 -0.002366 1.000000
0.095629 -1.346216 250.317690
0.007581 -0.344371 -123.820850
0.000153 -0.002649 1.000000
0.371843 -1.401208 712.285535
0.299651 -0.654388 -108.256916
0.000609 -0.002758 1.000000
0.562898 -1.661476 896.207396
0.490027 -0.510074 -236.298297
0.001212 -0.002883 1.000000
0.934832 -3.135016 1131.710065
1.066628 -2.119675 -867.679923
0.002832 -0.005839 1.000000
0.265921 -1.138083 198.103554
0.231175 -0.989702 -304.475393
0.000719 -0.003292 1.000000
0.885553 -1.676282 375.251803
0.619116 -1.120654 -466.423505
0.001837 -0.004212 1.000000
0.604391 -2.273936 838.010758
0.584967 -1.157242 -493.793018
0.001673 -0.004178 1.000000
8.049804 -17.640980 4293.045796
6.083572 -10.866123 -9286.508931
0.021028 -0.033935 1.000000
0.828830 -3.007693 790.529858
0.882033 -2.649622 -885.539663
0.002223 -0.006771 1.000000
0.549783 -1.488584 602.112338
0.666633 -1.983013 -132.185892
0.001479 -0.004368 1.000000
2.799640 -4.722129 1142.229112
1.357174 -1.712841 -1591.346202
0.004470 -0.007983 1.000000
1.385196 -2.967014 -161.078452
1.155470 -2.692392 -1587.834471
0.002584 -0.006649 1.000000
1.748788 -3.691147 1488.947443
2.010696 -3.737052 -1344.671720
0.004873 -0.008989 1.000000
0.279678 -2.414306 658.405707
0.313748 -1.796583 -206.755376
0.000639 -0.004115 1.000000
3.356231 -7.770600 -639.248338
3.015525 -6.355078 -1991.929592
0.005755 -0.014252 1.000000
1.078089 -3.460853 553.204883
0.361348 -2.361740 -497.996671
0.001451 -0.006041 1.000000
0.124850 -1.905393 1126.739190
-0.003593 -0.582269 64.686998
0.000101 -0.002396 1.000000
0.320238 -1.397141 644.524422
-0.004443 -0.857017 -139.411172
0.000286 -0.002968 1.000000
0.204280 -1.807451 1001.371177
0.029597 -0.559090 -68.978645
0.000403 -0.002556 1.000000
0.147301 -1.526943 1049.888033
-0.025731 -0.700701 -92.697892
0.000090 -0.002636 1.000000
0.336210 -1.315774 565.251387
0.154134 -0.584664 -141.642142
0.000464 -0.002807 1.000000
0.697892 -2.190065 862.272468
0.350256 -1.164142 -282.064960
0.001251 -0.004138 1.000000
0.135574 -1.755860 824.128742
-0.005211 -1.401062 -130.456129
0.000133 -0.003241 1.000000
0.335681 -2.590371 400.303046
0.329247 -2.491752 -619.433932
0.000995 -0.005698 1.000000
0.906137 -2.500597 627.552724
1.142885 -2.594571 -709.974168
0.001943 -0.005534 1.000000
0.099965 -1.807360 229.340166
0.181445 -1.988381 -272.331042
0.000389 -0.004062 1.000000
0.106001 -2.294309 834.560262
0.228645 -2.659473 57.867231
0.000221 -0.004858 1.000000
0.049943 -1.293431 233.151058
-0.067438 -0.399479 -139.126356
0.000095 -0.002675 1.000000
0.131206 -1.567670 420.352197
-0.016731 -0.872947 -150.568397
-0.000001 -0.002940 1.000000
0.160063 -1.567125 -91.508526
0.132577 -0.991179 -17.631042
0.000409 -0.003060 1.000000
-0.418327 -1.586842 409.669213
-0.157535 -0.660220 -60.555832
-0.000576 -0.002281 1.000000
0.445187 -0.919412 474.761662
0.313148 -0.312327 -81.905447
0.000452 -0.002099 1.000000
0.786621 -2.952689 -773.431731
0.140888 -2.010122 -385.237308
0.001547 -0.006042 1.000000
-0.016252 -1.394573 358.826759
-0.105202 -1.337173 58.402982
-0.000137 -0.003051 1.000000
0.149872 -1.606426 202.096778
0.068812 -0.838464 -198.545037
0.000327 -0.002978 1.000000
4.098031 -5.029061 2279.448718
2.581477 -3.901056 -855.566438
0.006586 -0.010937 1.000000
0.715511 -2.149543 215.238933
0.466441 -1.698111 -404.392104
0.001639 -0.004860 1.000000
0.045137 -1.503413 93.578982
0.065174 -1.024496 -272.166880
0.000270 -0.003042 1.000000
0.466680 -1.740947 714.225151
0.289066 -1.614877 -278.673144
0.000703 -0.003940 1.000000
0.333785 -1.432282 -6.002272
0.113848 -1.145491 -308.849762
0.000418 -0.003485 1.000000
-0.221346 -1.470469 566.233951
-0.189752 -1.202824 119.164460
-0.000325 -0.002612 1.000000
0.131612 -1.528875 140.804758
0.107447 -1.301093 -148.350990
0.000153 -0.003092 1.000000
1.428888 0.285787 -308.590652
0.491068 1.364247 -356.752765
0.000439 -0.000293 1.000000
