1.587353 -1.022011 -17.723912
0.284210 0.689422 -139.990200
0.000742 -0.001545 1.000000
0.037544 -0.254668 61.581216
-0.403234 0.329814 192.817209
-0.001105 -0.000285 1.000000
0.133542 -0.617730 225.400786
-0.052286 -0.153481 50.230759
-0.000306 -0.001521 1.000000
0.004457 -1.057089 250.878667
0.023360 -0.657823 -43.495865
-0.000051 -0.002458 1.000000
0.309173 -0.891532 157.586413
-0.199679 -0.516990 191.855787
-0.000238 -0.001887 1.000000
0.724191 -0.829377 68.758267
-0.236191 -0.019657 199.098573
0.000070 -0.001627 1.000000
0.169607 -0.410655 90.773889
-0.179429 0.004607 69.054875
-0.000481 -0.001143 1.000000
-0.003011 -0.519976 115.948688
-0.218429 -0.327581 157.614420
-0.000609 -0.001447 1.000000
0.582709 -1.069440 359.042469
-0.023041 -0.144322 33.725664
0.000362 -0.002001 1.000000
-0.465786 -1.349014 774.463902
0.108643 -1.556187 298.846743
-0.000153 -0.002645 1.000000
-0.652446 -0.963324 620.307518
0.034892 -1.119472 174.495305
-0.000402 -0.002265 1.000000
-0.281707 -0.743406 230.971671
-0.020394 -0.853795 92.404790
-0.000320 -0.002143 1.000000
-0.361376 -0.728321 264.692690
-0.300731 -0.730534 250.910851
-0.000880 -0.001481 1.000000
-0.291924 -0.827818 294.085037
-0.225132 -0.648313 105.716080
-0.000744 -0.001669 1.000000
0.072676 -1.043911 385.447519
-0.069628 -0.572154 38.101716
-0.000089 -0.002324 1.000000
1.000000 -0.000000 -0.000000
0.000000 1.000000 -0.000000
0.000000 0.000000 1.000000
1.514802 -0.104742 -119.249680
0.224559 1.259417 -159.039195
0.000656 -0.000180 1.000000
0.695594 -0.085966 77.691534
-0.108039 1.009426 -15.579722
-0.000228 0.000043 1.000000
0.454947 0.199335 120.647936
-0.203809 1.225168 -53.281250
-0.000572 0.000450 1.000000
2.876423 1.510512 -844.547695
0.274314 3.529651 -540.313475
0.001208 0.001660 1.000000
-1.537506 -3.208275 1106.582383
-0.013866 -4.409850 747.062427
-0.000746 -0.005544 1.000000
-1.422437 0.841699 -656.000340
-1.388366 1.544400 586.598129
-0.004048 0.003453 1.000000
-0.582565 -0.687353 385.294387
-0.306100 -0.612172 -93.767004
-0.000875 -0.001234 1.000000
1.148015 0.422563 -212.752966
-0.094386 1.443195 -55.604315
-0.000155 0.000784 1.000000
0.100710 -1.266060 380.035961
0.104958 -1.193504 24.631963
0.000068 -0.002919 1.000000
-0.033295 -1.323985 469.508611
-0.086866 -1.230235 105.623732
-0.000144 -0.002754 1.000000
-0.003977 -0.795210 199.494785
0.057925 -0.727009 54.845422
-0.000166 -0.002171 1.000000
0.279531 -1.389382 373.422535
0.334141 -1.145477 -194.627538
0.000567 -0.003151 1.000000
-0.223335 -1.103272 259.215911
-0.165189 -0.949024 174.166221
-0.000509 -0.002414 1.000000
0.151204 -1.424744 452.803851
0.074261 -1.044631 -170.551305
0.000344 -0.003175 1.000000
-0.076482 -1.216462 443.455792
-0.091343 -0.847863 44.876733
-0.000261 -0.002232 1.000000
-0.292642 -1.142124 431.810521
-0.163152 -0.826325 -100.672835
-0.000655 -0.001975 1.000000
-0.290760 -0.658149 172.170942
-0.183451 -0.519207 -53.674024
-0.000895 -0.001635 1.000000
-0.149165 -1.129610 356.255590
-0.038015 -0.874455 -189.267159
-0.000286 -0.002746 1.000000
0.290731 -1.495557 335.530386
0.315785 -1.226978 -160.643203
0.000369 -0.003091 1.000000
-0.124637 -1.181450 458.080828
0.012235 -0.616879 -137.337333
-0.000315 -0.002074 1.000000
-0.298531 -1.001440 446.019549
-0.308702 -0.885313 86.972225
-0.000717 -0.001982 1.000000
0.006855 -1.182346 310.068120
0.113525 -0.973073 -235.643337
-0.000239 -0.002493 1.000000
-0.371989 -1.009574 366.431853
-0.197497 -0.961899 -20.158489
-0.000553 -0.002398 1.000000
0.524402 -2.050766 674.238988
0.035469 -0.848108 -114.621208
0.000328 -0.002983 1.000000
0.111921 -1.398645 545.490164
0.160332 -0.933233 -327.602794
0.000407 -0.003270 1.000000
-0.347222 -0.755072 630.733878
-0.138268 -0.437968 -115.901120
-0.000305 -0.001957 1.000000
-0.261902 -0.901667 608.404739
-0.185164 -0.759721 11.588230
-0.000367 -0.002411 1.000000
-0.209522 -0.853878 327.177941
-0.038270 -0.700705 -140.421520
-0.000544 -0.001946 1.000000
-0.059952 -0.729178 143.256553
0.011560 -0.925912 -69.565264
0.000084 -0.002779 1.000000
-0.018674 -0.978254 450.245993
-0.063660 -0.800490 -26.305474
-0.000242 -0.002424 1.000000
-0.365294 -1.002090 422.012867
-0.271016 -0.836672 0.148011
-0.000554 -0.002263 1.000000
-0.061908 -0.796865 470.199305
-0.158314 -0.734045 19.737231
-0.000350 -0.002472 1.000000
-0.282302 -1.029920 701.442765
-0.317629 -0.709449 83.626494
-0.000547 -0.002123 1.000000
-0.006918 -1.076737 394.404194
0.031399 -0.879663 -145.808762
0.000050 -0.002861 1.000000
-0.235334 -0.844570 637.917244
-0.203171 -0.576715 116.714248
-0.000564 -0.002003 1.000000
-0.172682 -0.936502 571.806088
-0.218541 -0.602631 46.192707
-0.000428 -0.002172 1.000000
-0.159130 -0.802274 438.952048
-0.109579 -0.693229 -83.342518
-0.000562 -0.002380 1.000000
-0.435214 -0.625363 586.421872
-0.257323 -0.701867 -385.768387
-0.000740 -0.001850 1.000000
-0.081633 -1.151899 562.738116
-0.017575 -0.817510 -224.253277
-0.000064 -0.002584 1.000000
-0.101040 -0.891537 506.475035
-0.179670 -0.621501 -9.020467
-0.000392 -0.002192 1.000000
-0.177191 -1.080733 616.647169
-0.059620 -0.398064 -334.755269
-0.000386 -0.002298 1.000000
-0.260178 -1.590570 312.787461
0.004454 -1.202600 -219.562175
-0.000102 -0.003119 1.000000
0.886311 -2.085844 144.691980
0.569053 -1.570312 -992.402511
0.000967 -0.004078 1.000000
-0.067947 -0.811238 239.053560
0.055081 -0.912065 -291.922507
-0.000290 -0.002376 1.000000
-0.194935 -0.826015 -990.895091
-0.093440 -0.491152 -617.713311
-0.000464 -0.002045 1.000000
-0.422231 -0.388268 14.923663
-0.419053 -0.288602 -291.324750
-0.001108 -0.001154 1.000000
-0.051010 -0.715709 31.890947
-0.052233 -0.377101 -32.951470
-0.000542 -0.001819 1.000000
0.068320 -1.947470 1266.691761
0.364432 -1.786179 -332.201089
0.000750 -0.004337 1.000000
0.088612 -1.192619 180.359574
0.005702 -0.536625 -527.501912
-0.000267 -0.002341 1.000000
-0.142366 -0.904555 879.727343
-0.222464 -0.853904 -38.399289
-0.000749 -0.002170 1.000000
-0.074885 -0.961679 264.908170
-0.103704 -0.759415 -32.477722
-0.000476 -0.002175 1.000000
0.004940 -0.922343 -261.725174
0.055577 -0.834050 20.997464
0.000200 -0.002728 1.000000
-0.013614 -1.216004 151.397794
0.151465 -0.613403 -253.229757
0.000886 -0.003407 1.000000
-0.517553 -1.033643 383.452483
-0.283899 -0.709249 -152.801751
-0.000882 -0.001992 1.000000
-0.201542 -0.999929 403.356826
-0.178428 -0.766484 -195.802602
-0.000448 -0.002151 1.000000
0.069718 -1.490309 347.473087
-0.139195 -1.205465 -124.022612
-0.000357 -0.002869 1.000000
0.183110 -1.125809 -260.748408
0.067281 -0.836081 -111.275075
0.000015 -0.002994 1.000000
-0.132850 -1.594635 515.221191
0.101215 -1.318359 -223.940327
-0.000028 -0.003057 1.000000
0.027055 -1.608884 527.860234
0.036965 -1.168791 -38.843107
-0.000066 -0.003031 1.000000
0.040181 -1.249528 471.592970
-0.110527 -0.863838 2.568721
-0.000194 -0.002496 1.000000
-0.117210 -0.840648 -85.735483
0.016470 -0.672406 108.266296
-0.000199 -0.002188 1.000000
-0.248669 -0.830103 2.017171
-0.117580 -0.414532 3.179156
-0.000601 -0.001785 1.000000
0.246743 -2.480475 -108.763404
0.297570 -1.643311 -620.522672
0.000654 -0.004298 1.000000
-2.430516 1.157406 -1484.726403
-1.484812 0.722352 1097.988425
-0.004104 0.001929 1.000000
-0.260102 -0.814607 121.761174
-0.175094 -0.607412 -33.686222
-0.000653 -0.001718 1.000000
-0.072093 -1.363241 404.335507
0.004057 -0.996341 -209.871868
0.000022 -0.002874 1.000000
-0.041084 -1.751852 492.636656
0.195311 -1.390512 -387.714413
-0.000011 -0.003250 1.000000
0.026355 -1.691556 337.801154
0.060983 -0.966569 -571.736092
0.000332 -0.003319 1.000000
-0.258824 -0.507769 75.689847
-0.049219 -0.523355 -62.073498
-0.000700 -0.001791 1.000000
-0.095637 -1.254737 110.865877
0.085146 -0.523595 -64.385423
-0.000231 -0.002477 1.000000
-0.096401 -1.084012 89.897275
-0.128978 -0.820327 -213.967183
-0.000323 -0.002251 1.000000
-0.060121 -2.365658 235.373782
0.387604 -1.856539 -312.636387
0.000252 -0.003796 1.000000
-0.105132 -0.360917 37.596218
-0.108689 -0.330091 -8.591752
-0.000610 -0.001540 1.000000
0.080717 -1.553551 505.414057
-0.073154 -0.875242 -179.555202
-0.000144 -0.002594 1.000000
-0.183729 -1.336392 442.016588
-0.177234 -0.843171 -19.651941
-0.000304 -0.002409 1.000000
-0.312889 -1.132789 -366.814640
-0.178239 -0.943637 -128.163614
-0.000271 -0.002885 1.000000
-0.276932 -1.228165 398.775038
-0.015951 -0.741370 -107.599172
-0.000411 -0.002277 1.000000
-0.051693 -0.809974 -24.975353
0.090640 -0.621337 -208.944627
0.000512 -0.003067 1.000000
-0.289408 -0.787633 82.005488
-0.120142 -0.378633 -30.364391
-0.000739 -0.001752 1.000000
-0.267865 -0.954546 256.454525
-0.247387 -0.682103 -255.757729
-0.000562 -0.001731 1.000000
0.977786 -3.271176 -512.758671
0.313137 -1.458098 -869.490785
0.001271 -0.005261 1.000000
-0.096828 -1.722948 455.551841
-0.024584 -0.926210 -140.052919
-0.000243 -0.002520 1.000000
-0.302189 -1.321325 532.707135
-0.090028 -0.906591 -326.585441
-0.000703 -0.002318 1.000000
-0.464636 -0.875797 413.276781
-0.288901 -0.604882 11.219674
-0.000842 -0.001633 1.000000
-0.217374 -1.121698 61.593850
-0.072278 -1.012074 -5.659106
-0.000254 -0.002294 1.000000
-0.230387 -0.922893 277.897000
-0.211609 -0.766509 -184.887796
-0.000706 -0.001974 1.000000
-0.356423 -1.286057 209.500519
-0.183895 -1.082645 -39.463968
-0.000588 -0.002648 1.000000
-0.248850 -1.289014 395.884070
-0.114210 -0.974037 -77.037270
-0.000452 -0.002434 1.000000
-0.135705 -0.979679 248.346467
-0.188584 -0.878472 -22.079949
-0.000507 -0.002068 1.000000
0.040392 -1.381621 359.939393
-0.121878 -1.117559 48.923685
-0.000370 -0.002565 1.000000
-0.074733 -1.479756 418.410251
-0.040931 -1.109013 13.154032
-0.000190 -0.002787 1.000000
-0.444524 -1.507443 757.843066
-0.316357 -0.979116 -60.761877
-0.000766 -0.002401 1.000000
-0.404126 -0.778262 382.491873
-0.265655 -0.599582 -107.487380
-0.000657 -0.001668 1.000000
-0.046102 -1.249916 5.670151
-0.038683 -0.993362 -173.937035
-0.000416 -0.002434 1.000000
-0.245750 -0.702688 -49.729156
-0.229673 -0.352550 43.895986
-0.000820 -0.001509 1.000000
-0.364466 -0.706223 95.914368
-0.260606 -0.672933 -166.736869
-0.000740 -0.001769 1.000000
-0.202250 -1.087162 663.376222
-0.191690 -0.670588 -197.571486
-0.000625 -0.002148 1.000000
-0.061809 -1.243851 779.451368
-0.059087 -0.576412 -28.599637
-0.000204 -0.002262 1.000000
-0.134870 -0.946476 474.192841
-0.131206 -0.908525 61.840671
-0.000564 -0.002422 1.000000
-0.067943 -1.487928 212.366463
-0.039960 -0.862512 -126.765445
-0.000272 -0.002469 1.000000
-0.610624 -1.058194 672.345746
-0.392055 -0.906751 67.158789
-0.000873 -0.001821 1.000000
-0.103676 -1.424331 445.538970
-0.100035 -0.823344 -151.607357
-0.000343 -0.002427 1.000000
-0.007009 -1.320331 413.209022
-0.103855 -0.808620 -203.446353
-0.000402 -0.002416 1.000000
-0.189358 -1.731921 364.680573
-0.120462 -0.879720 -132.932278
-0.000502 -0.002591 1.000000
-0.237666 -0.926767 462.743442
-0.102250 -0.630359 -212.212342
-0.000703 -0.001817 1.000000
0.145938 -2.106277 833.639752
-0.014771 -1.202282 -234.254679
0.000025 -0.003287 1.000000
-0.313178 -1.325824 523.478025
-0.033603 -0.684462 -295.744850
-0.000244 -0.002377 1.000000
-0.061883 -1.629469 734.460404
0.056527 -1.263736 -224.405681
0.000106 -0.003137 1.000000
-0.206820 -1.456932 951.775121
-0.003106 -0.773497 9.767079
-0.000068 -0.002272 1.000000
0.157533 -1.530755 913.908780
0.044204 -1.176614 -191.366596
0.000086 -0.002768 1.000000
-0.070425 -1.350663 325.154906
-0.137735 -0.861661 -51.723847
-0.000506 -0.002400 1.000000
-0.194470 -1.289632 659.444804
0.051502 -1.154081 -180.941127
-0.000384 -0.002820 1.000000
-0.066138 -1.179528 445.401192
-0.187407 -1.025301 -49.436827
-0.000473 -0.002451 1.000000
0.149618 -1.415951 504.133648
-0.152567 -1.156686 -82.173548
-0.000291 -0.002895 1.000000
-0.126486 -1.233474 354.262718
-0.107045 -0.900828 -118.103403
-0.000415 -0.002365 1.000000
-0.242318 -1.068328 679.797394
-0.066635 -0.805698 -326.974708
-0.000563 -0.002154 1.000000
0.417268 -2.360745 59.466935
0.282757 -1.786383 -267.776498
0.000198 -0.003800 1.000000
-0.133644 -1.376113 528.233542
-0.070874 -0.818469 -447.430703
-0.000490 -0.002280 1.000000
0.072126 -1.399018 140.288130
-0.124691 -1.222790 -292.800891
-0.000339 -0.002990 1.000000
-0.625774 -0.747063 365.350367
-0.550684 -0.570754 -63.342498
-0.001236 -0.001541 1.000000
0.123286 -1.375306 571.203716
-0.114362 -0.938004 -30.862216
-0.000029 -0.002703 1.000000
0.025759 -1.540163 114.520688
-0.116781 -0.957772 -266.173467
-0.000156 -0.003034 1.000000
-0.089614 -1.386845 315.102460
-0.072701 -0.647669 -280.282822
-0.000258 -0.002536 1.000000
0.453822 -2.004027 -314.433305
0.267672 -1.058960 -603.193539
0.000875 -0.004142 1.000000
-0.235574 -1.613713 1158.214365
0.018817 -0.514488 -75.931469
-0.000328 -0.002217 1.000000
-0.752579 -0.820519 59.510780
-0.386182 -0.271209 -150.547603
-0.001363 -0.001320 1.000000
-0.112079 -1.484050 551.585835
-0.124766 -0.764510 -247.265690
-0.000343 -0.002552 1.000000
-0.198822 -1.232984 321.515151
0.064608 -0.906671 -148.082751
-0.000027 -0.002522 1.000000
0.037475 -1.930209 1171.074244
0.376462 -0.862409 -342.360909
0.000590 -0.002916 1.000000
0.134780 -1.592696 740.295436
0.194737 -1.021566 -195.731360
0.000158 -0.002806 1.000000
-0.306585 -1.099740 678.779958
-0.136803 -0.833009 -119.965152
-0.000206 -0.002602 1.000000
-0.397681 -0.976373 259.107637
-0.204562 -0.442885 -196.419456
-0.000784 -0.001680 1.000000
-0.300028 -0.773756 200.651026
-0.245422 -0.467872 -5.785907
-0.000701 -0.001529 1.000000
-0.200703 -1.055528 257.629427
-0.159049 -0.780122 -316.236817
-0.000551 -0.002058 1.000000
4.105400 -8.765279 1505.994224
2.219419 -4.607368 -2872.929663
0.007028 -0.012872 1.000000
0.047795 -1.871604 144.746734
0.196219 -1.172342 -405.661765
0.000729 -0.003628 1.000000
-0.245691 -1.635862 860.061741
-0.058088 -0.935133 -37.964482
-0.000492 -0.002419 1.000000
-0.229678 -1.298498 757.080399
-0.133722 -0.576065 -252.246943
-0.000455 -0.002294 1.000000
-0.277766 -1.985305 620.433217
0.255281 -1.174527 -333.490391
0.000067 -0.003448 1.000000
-0.807921 -0.993091 1105.658404
-0.190000 -0.363790 73.626637
-0.000970 -0.001516 1.000000
-0.285374 -1.441674 971.939657
-0.195587 -0.952895 59.393087
-0.000228 -0.002711 1.000000
-0.151886 -1.451036 1237.030923
-0.080605 -0.570478 176.532517
-0.000121 -0.002359 1.000000
0.038566 -1.545302 970.437434
0.007679 -0.630175 -23.862625
-0.000151 -0.002203 1.000000
-0.152045 -1.660282 731.841720
-0.159055 -1.589241 58.972238
-0.000206 -0.003221 1.000000
-0.100792 -1.096894 500.433736
-0.032857 -0.854267 -132.918354
-0.000054 -0.002550 1.000000
-0.111291 -1.383689 539.721743
0.034445 -0.533864 -476.472351
-0.000265 -0.002502 1.000000
0.176056 -2.243050 -687.591789
0.097972 -1.096615 112.864803
0.000351 -0.003928 1.000000
-0.048960 -0.672043 209.701334
-0.142529 -0.416102 48.750446
-0.000466 -0.001795 1.000000
-0.230683 -1.149408 283.567907
-0.162118 -1.153069 202.996676
-0.000507 -0.002263 1.000000
0.005323 -0.692689 236.485826
0.054259 -0.715135 27.114290
-0.000149 -0.002136 1.000000
-2.553833 2.294458 -1965.010846
-1.570246 1.512947 1748.026147
-0.005286 0.004601 1.000000
0.017977 -0.826396 187.746881
-0.170360 -0.673348 24.360650
-0.000409 -0.002009 1.000000
-0.189633 -1.117464 130.893643
-0.074839 -0.509207 -370.978194
-0.000268 -0.002460 1.000000
0.150877 -2.103637 67.973028
0.023767 -0.965667 -161.070975
0.000076 -0.002974 1.000000
-0.382757 -0.864169 524.224924
-0.324549 -0.798211 10.972681
-0.000680 -0.002078 1.000000
-0.193685 -1.520558 386.842418
-0.087968 -1.163071 -58.017463
-0.000398 -0.002834 1.000000
-0.070672 -0.471142 29.718973
-0.080222 -0.574593 20.931095
-0.000413 -0.001930 1.000000
-0.028557 -0.610337 24.892939
-0.051590 -0.559657 42.594918
-0.000355 -0.001885 1.000000
0.146019 -0.918352 43.726806
0.003679 -0.966178 -73.694749
-0.000204 -0.002606 1.000000
-0.008079 -1.188616 256.902531
-0.007568 -1.200655 110.528522
-0.000289 -0.002435 1.000000
-0.144059 -1.224249 246.234508
-0.207806 -1.158276 115.731508
-0.000597 -0.002499 1.000000
0.046218 -0.484186 -109.480267
-0.010317 -0.495793 -82.490766
-0.000274 -0.002170 1.000000
-0.065781 -0.691649 59.265405
-0.246294 -0.613303 49.718163
-0.000662 -0.001782 1.000000
-0.105217 -0.743427 -9.553117
-0.099131 -0.475729 54.454286
-0.000618 -0.001837 1.000000
0.392946 -1.317498 62.233926
0.153407 -0.775703 -95.986862
0.000239 -0.002673 1.000000
0.020050 -1.093984 204.623003
-0.098550 -0.740187 23.228632
-0.000220 -0.002276 1.000000
0.032438 -1.278995 -111.803019
0.025242 -0.895428 -282.845641
-0.000012 -0.003098 1.000000
-0.054092 -1.322248 389.006642
-0.214280 -0.559143 -90.721249
-0.000424 -0.002148 1.000000
-0.326894 -1.065112 404.047855
-0.178739 -0.735289 -175.408731
-0.000524 -0.002180 1.000000
0.479405 -1.723909 -510.080217
0.148071 -1.176030 -18.395970
0.000277 -0.003454 1.000000
0.062866 -1.008330 55.564524
0.043965 -0.748004 5.859014
-0.000225 -0.002422 1.000000
-0.069023 -1.304914 212.542363
-0.102192 -0.909191 -120.084452
-0.000353 -0.002569 1.000000
-0.083095 -0.904952 209.164746
-0.067089 -0.706907 -115.939631
-0.000289 -0.002458 1.000000
-0.108732 -1.064385 -489.139923
-0.378045 -0.932139 1052.750921
-0.000457 -0.002333 1.000000
-0.687080 -0.334355 1268.134778
-0.533847 -0.430655 839.602167
-0.001301 -0.000848 1.000000
0.177523 -1.687863 -205.549706
0.360104 -1.224246 -332.718027
0.000679 -0.004096 1.000000
0.275337 -1.267768 -150.109968
0.079398 -0.783801 -145.707951
0.000203 -0.003042 1.000000
-0.140941 -1.184922 346.859350
-0.136813 -0.741641 -100.893373
-0.000490 -0.002225 1.000000
-0.532296 -0.113569 413.315277
-0.649151 -0.509298 -673.520233
-0.001445 -0.000763 1.000000
0.625973 -1.867601 -625.286867
-0.041246 -1.590490 189.204544
0.000318 -0.003446 1.000000
-1.623526 1.809070 -150.923147
-1.651071 0.978370 3518.005695
-0.004477 0.003874 1.000000
-0.638555 -0.731388 1490.905680
-0.454649 -0.508991 315.130633
-0.001120 -0.001095 1.000000
-6.503584 7.087006 1094.844145
-4.735995 4.962518 6742.027981
-0.013864 0.015364 1.000000
0.020104 -0.653035 -16.246654
-0.171363 -0.650311 80.729217
-0.000494 -0.001781 1.000000
-0.403713 -0.599256 935.449662
-0.387294 -0.432892 2.349490
-0.000964 -0.001223 1.000000
0.347302 -2.601800 933.505120
0.329779 -1.917769 -723.726144
0.001033 -0.004316 1.000000
-0.247028 -1.691090 1089.747651
-0.049098 -0.611732 -89.310964
-0.000359 -0.002253 1.000000
0.160432 -2.340370 2668.113255
-0.114818 -1.475740 350.148099
0.000385 -0.003517 1.000000
-0.277698 -1.741502 1032.210582
0.049682 -0.753057 -79.250244
-0.000172 -0.002376 1.000000
-0.079037 -1.631405 1035.005726
-0.073557 -0.799936 -20.713701
-0.000170 -0.002498 1.000000
0.581263 -2.123680 2115.549188
0.226128 -1.510374 -1125.659729
0.000862 -0.003785 1.000000
-0.396060 -1.558680 946.289727
-0.034897 -0.457456 -29.477756
-0.000421 -0.001929 1.000000
0.020187 -2.116222 1089.405727
0.127999 -1.120772 -17.759932
0.000169 -0.003042 1.000000
-0.443242 -1.181506 1162.998106
-0.108466 -0.553762 74.897604
-0.000611 -0.001711 1.000000
-1.394198 0.451486 2469.894120
-1.115470 0.278010 1967.923756
-0.002937 0.001416 1.000000
-0.014179 -1.171895 433.292124
0.014350 -0.596120 -145.189774
-0.000294 -0.002141 1.000000
-0.661635 -0.425281 1192.830203
-0.448553 -0.331677 850.457859
-0.001501 -0.001008 1.000000
6.144959 -8.169494 4295.648747
2.885784 -5.870711 -3275.719045
0.009916 -0.014938 1.000000
0.028941 -2.235844 999.554369
0.167535 -1.295779 -132.876401
0.000127 -0.003322 1.000000
-0.048309 -1.781112 961.548909
0.023982 -0.697669 -19.421366
-0.000018 -0.002448 1.000000
-0.345112 -1.540043 1068.149582
-0.052572 -0.381979 -99.500013
-0.000377 -0.001906 1.000000
-0.175216 -1.142093 737.655516
-0.330918 -0.761362 107.925325
-0.000524 -0.002101 1.000000
-2.038146 0.917421 1566.453511
-1.502111 0.679087 2701.175793
-0.004436 0.002715 1.000000
-0.556865 -0.977331 781.712213
-0.444195 -0.732285 1123.244574
-0.000918 -0.001371 1.000000
-0.125684 -1.629072 1049.389313
0.022556 -0.696523 -233.240531
-0.000045 -0.002444 1.000000
0.026603 -1.163704 1192.824037
-0.307907 -1.129117 405.988395
-0.000365 -0.002302 1.000000
12.265006 -18.600571 -3079.481663
6.384131 -11.163134 -10960.050135
0.020821 -0.033595 1.000000
-0.666223 -0.535471 1048.787207
-0.270004 -0.322413 50.994571
-0.001260 -0.000929 1.000000
-0.201287 -0.449398 263.639641
-0.059212 -0.208382 34.809572
-0.000417 -0.001536 1.000000
-0.143290 -1.704463 981.953712
0.192414 -0.828413 -46.292149
0.000217 -0.002635 1.000000
-0.295600 -1.239924 846.271665
-0.141466 -0.427021 30.897046
-0.000456 -0.001741 1.000000
-0.154894 -1.356493 511.132619
-0.071179 -0.792267 -78.486931
-0.000129 -0.002320 1.000000
-0.323539 -1.476692 898.096912
-0.027437 -1.008262 -150.929225
-0.000257 -0.002827 1.000000
-0.240962 -1.446674 667.454647
-0.032476 -1.170978 -40.121079
-0.000005 -0.002954 1.000000
0.213391 -2.347847 775.209676
0.210104 -1.733952 -208.695322
0.000524 -0.004301 1.000000
0.197027 -2.053452 610.479298
0.396447 -1.533711 -300.561429
0.000547 -0.003842 1.000000
0.213378 -1.766855 650.947004
0.164118 -1.357075 -163.316545
0.000281 -0.003238 1.000000
-0.042575 -1.635819 800.347752
-0.017422 -0.813837 -57.706699
-0.000112 -0.002551 1.000000
-0.208184 -1.814250 954.488110
0.045570 -0.562810 -49.190971
-0.000255 -0.002243 1.000000
-0.322854 -1.536773 1042.457284
-0.001696 -0.450830 -66.638590
-0.000341 -0.001965 1.000000
0.543995 -2.018021 1401.407851
0.087006 -1.098267 -207.880739
0.000750 -0.003642 1.000000
-0.320997 -1.449271 1140.644625
-0.101099 -0.587122 67.642049
-0.000326 -0.002092 1.000000
-0.028045 -0.818968 -265.887535
-0.184076 -0.774309 503.010670
-0.000221 -0.001963 1.000000
-0.575548 -1.017028 1038.005518
-0.177759 -0.578873 9.179101
-0.000861 -0.001613 1.000000
-0.271571 -1.268012 991.589761
-0.053013 -0.607054 0.706049
-0.000306 -0.002025 1.000000
-0.148883 -1.424403 1240.646792
-0.042001 -0.413221 49.610320
-0.000226 -0.002168 1.000000
-0.297275 -0.769286 297.895688
-0.044991 -0.275777 -106.577199
-0.000760 -0.001565 1.000000
-0.163520 -1.701492 828.087846
-0.002431 -1.037652 47.592888
-0.000000 -0.002723 1.000000
-0.136793 -1.492559 813.431233
0.238630 -1.567421 -20.388832
0.000738 -0.003869 1.000000
-0.021972 -1.241762 692.046428
0.206428 -0.604288 -191.557711
0.000117 -0.002397 1.000000
-0.085480 -1.264313 454.338015
0.055154 -1.195945 -110.425845
-0.000085 -0.002853 1.000000
0.444071 -1.631654 161.474994
0.444055 -1.438424 -374.238172
0.001176 -0.003994 1.000000
-0.269033 -1.437687 726.259422
-0.046979 -0.814395 -109.449530
-0.000116 -0.002683 1.000000
0.015438 -1.599880 774.403943
0.298132 -0.934852 -287.124263
0.000094 -0.002977 1.000000
0.406020 -2.196211 180.827457
0.766316 -2.083370 -567.710143
0.000988 -0.005036 1.000000
-0.201885 -1.404565 809.059521
0.084884 -1.232897 -18.300588
-0.000197 -0.002718 1.000000
-0.319073 -1.379806 920.771107
-0.084896 -0.589035 -192.449033
-0.000381 -0.002369 1.000000
0.127058 -1.804801 213.383619
0.219398 -1.246639 -253.113545
0.000121 -0.003335 1.000000
-0.352139 -1.720406 814.910883
-0.097582 -1.330618 -9.703451
-0.000274 -0.002830 1.000000
-0.134602 -1.692825 613.597226
-0.008023 -1.423598 -38.627267
-0.000123 -0.002999 1.000000
-0.171491 -1.181098 659.587766
-0.110569 -0.761285 44.713129
-0.000339 -0.002107 1.000000
-0.435442 -1.573605 763.589221
-0.122870 -1.183434 21.298383
-0.000512 -0.002752 1.000000
0.290621 -2.099588 1161.745899
0.087558 -0.568183 41.767354
0.000554 -0.002710 1.000000
-0.341670 -0.784967 523.358444
-0.083411 -0.364577 -331.726670
-0.000639 -0.001614 1.000000
-0.220304 -1.290753 893.634377
-0.033363 -0.363824 -40.261315
-0.000232 -0.001884 1.000000
0.372555 -2.586799 962.921323
0.124829 -1.017804 -258.905408
0.000453 -0.003415 1.000000
-0.191587 -1.326515 831.126112
-0.031295 -0.564158 -115.933301
-0.000358 -0.002231 1.000000
0.080369 -2.004391 622.065488
0.088332 -0.867966 -183.085284
-0.000011 -0.003099 1.000000
-0.055966 -1.136166 291.870133
-0.072253 -1.251808 -77.370304
-0.000449 -0.002624 1.000000
0.555361 -2.732856 1320.135969
0.357039 -1.948117 -451.582238
0.000844 -0.005081 1.000000
-0.318561 -1.395213 442.512432
-0.120282 -1.356272 -65.479926
-0.000349 -0.002805 1.000000
0.580347 -3.137283 971.410951
0.594550 -2.590320 -705.516468
0.001064 -0.005195 1.000000
0.000161 -1.672344 582.008423
0.093467 -1.642324 71.763720
0.000081 -0.003418 1.000000
-0.139100 -1.034816 253.498380
-0.124870 -0.316735 -204.883823
-0.000365 -0.002056 1.000000
-0.020052 -1.183836 262.414568
-0.056616 -1.053197 26.549383
-0.000381 -0.002592 1.000000
0.188416 -1.333606 -113.401734
0.083251 -0.829750 -39.548064
-0.000004 -0.002574 1.000000
-0.269454 -1.583092 531.158683
-0.030991 -0.777605 -180.776150
-0.000264 -0.002717 1.000000
-0.414490 -1.308491 959.974714
-0.184602 -0.545460 42.164849
-0.000630 -0.001748 1.000000
-0.183511 -1.039824 278.985366
-0.143557 -0.964344 170.519926
-0.000660 -0.002197 1.000000
-0.038219 -1.038965 114.622295
-0.067009 -0.813318 3.364919
-0.000436 -0.002426 1.000000
0.130960 -0.893984 245.227763
-0.045925 -0.402094 18.335831
-0.000039 -0.002003 1.000000
-0.341572 -1.315629 857.468505
-0.148886 -0.775164 -49.675418
-0.000560 -0.002230 1.000000
0.261284 -1.409237 269.382228
0.009394 -0.814037 -128.922086
-0.000178 -0.002588 1.000000
-0.097852 -1.061482 303.912162
-0.064318 -0.615104 -117.996447
-0.000297 -0.002145 1.000000
0.310675 -1.733107 708.697137
0.139282 -1.321122 -342.614416
0.000456 -0.003510 1.000000
-0.108301 -0.902635 328.600616
-0.028720 -0.828589 -107.038340
-0.000265 -0.002595 1.000000
-0.476070 -1.395885 736.258143
-0.168835 -0.668791 -58.528689
-0.000657 -0.002100 1.000000
0.210667 -1.324402 125.314576
0.022238 -0.883964 -17.464783
-0.000242 -0.002344 1.000000
-0.035201 -1.531924 203.271752
0.147073 -1.211373 -262.979024
0.000110 -0.003190 1.000000
