-0.124592 -0.974686 498.541156
-0.145330 -0.431458 -11.074457
-0.000483 -0.001684 1.000000
0.002228 -1.699950 266.892592
-0.072312 -1.046987 69.745696
0.000036 -0.002930 1.000000
-0.026557 -0.689047 141.416106
-0.063248 -0.366899 76.131039
-0.000396 -0.001508 1.000000
-0.190194 -0.778033 120.706041
-0.272565 -0.560394 172.354889
-0.000581 -0.001795 1.000000
-0.063222 -0.787950 26.383389
-0.081387 -0.771854 71.193587
-0.000379 -0.001992 1.000000
0.054375 -0.983216 212.701184
0.020459 -0.719368 37.172083
0.000142 -0.002376 1.000000
-0.140171 -1.051446 24.742178
-0.112842 -0.826665 -258.053680
-0.000163 -0.002469 1.000000
-0.116949 -0.753356 -247.183283
-0.011586 -0.574580 6.638767
-0.000416 -0.001883 1.000000
-0.257934 -0.933946 336.703146
-0.155322 -0.608130 -108.116514
-0.000235 -0.001932 1.000000
0.216274 -1.550910 771.421775
0.140300 -0.812340 -751.095071
0.000219 -0.002689 1.000000
-0.026780 -1.018465 417.868410
-0.064743 -0.423303 -180.077168
-0.000115 -0.002037 1.000000
0.036041 -1.061730 27.813890
0.057073 -0.861838 -242.605229
0.000396 -0.002845 1.000000
-0.025765 -0.713915 333.327818
-0.050771 -0.389508 -219.595131
-0.000415 -0.001620 1.000000
-0.198182 -1.064345 309.361265
-0.023093 -0.478548 -278.856695
-0.000102 -0.002107 1.000000
-0.719761 -0.115534 -114.294775
-0.634013 -0.171119 261.549212
-0.001723 -0.000240 1.000000
-0.244822 -1.013816 596.392379
-0.081402 -0.694233 92.382474
-0.000415 -0.001824 1.000000
0.008099 -0.760464 168.570783
-0.020284 -0.375433 12.484722
-0.000373 -0.001685 1.000000
-0.054948 -1.018636 426.431169
0.040209 -0.733677 -117.784197
-0.000122 -0.002115 1.000000
-0.005610 -1.041656 282.067952
-0.007134 -0.582146 -229.667083
-0.000224 -0.002079 1.000000
-0.206734 -0.901314 310.097714
-0.163559 -0.679146 101.479849
-0.000715 -0.001675 1.000000
-0.044716 -0.629461 189.512766
-0.103215 -0.471991 -38.755821
-0.000500 -0.001667 1.000000
3.455295 -5.288115 -3015.970653
2.366754 -4.597291 -130.455554
0.005943 -0.009282 1.000000
-0.004040 -1.175058 -997.627539
0.041875 -0.762658 389.081658
-0.000166 -0.001904 1.000000
-0.220678 -0.791829 218.780214
-0.129946 -0.575623 106.980915
-0.000665 -0.001527 1.000000
-0.021555 -0.968043 295.415988
-0.058164 -0.559564 -128.243054
-0.000354 -0.001942 1.000000
0.507683 -1.706436 -192.834999
0.292837 -1.260674 -503.808975
0.000346 -0.002909 1.000000
0.052033 -0.808994 162.701971
-0.034750 -0.843206 42.873292
-0.000144 -0.002039 1.000000
-0.291848 -0.488476 -164.587673
-0.239849 -0.373766 -81.828025
-0.000956 -0.001154 1.000000
-0.047581 -1.030704 246.362841
0.004664 -0.795796 -96.687943
0.000012 -0.002478 1.000000
-0.236496 -0.575730 178.518532
-0.266010 -0.577575 97.693376
-0.000774 -0.001466 1.000000
-0.105402 -0.871766 451.232948
-0.140638 -0.725425 -41.018019
-0.000352 -0.001908 1.000000
-0.041648 -0.696092 161.292848
-0.152783 -0.391096 -229.250137
-0.000525 -0.001787 1.000000
-0.071041 -0.578276 200.704128
-0.028089 -0.495123 -156.070069
-0.000335 -0.001965 1.000000
-0.056647 -0.986129 270.825606
-0.242641 -0.620608 -77.560712
-0.000495 -0.002004 1.000000
-0.074130 -0.452472 -212.432876
-0.043126 -0.530925 22.258213
-0.000420 -0.001639 1.000000
-0.113375 -0.369004 80.325745
-0.099373 -0.166363 -56.173232
-0.000715 -0.001234 1.000000
-0.114412 -0.529684 136.671380
-0.069120 -0.437697 64.048687
-0.000388 -0.001631 1.000000
-0.063843 -0.795332 -122.124375
0.012103 -0.390840 -292.398905
-0.000041 -0.001888 1.000000
-0.187177 -0.841253 -129.139871
-0.117620 -0.456099 -343.929116
-0.000610 -0.001793 1.000000
-0.046386 -0.781727 255.975789
0.117826 -0.626633 -252.738495
-0.000063 -0.002316 1.000000
-0.076554 -1.412901 -273.739151
-0.017371 -0.623516 -68.164176
-0.000013 -0.002995 1.000000
0.012108 -0.739663 19.712408
0.016366 -0.635548 -169.109509
-0.000393 -0.001936 1.000000
0.205039 -1.231904 20.472515
-0.030349 -0.756418 -85.938762
0.000156 -0.002573 1.000000
-0.169088 -0.681025 -45.091616
-0.059017 -0.460971 -138.422523
-0.000266 -0.001899 1.000000
-0.156327 -0.397148 -137.966060
-0.043551 -0.313493 -85.743996
-0.000692 -0.001415 1.000000
-0.105080 -0.942200 584.704339
-0.025662 -0.539224 -43.061542
0.000006 -0.002117 1.000000
-0.026519 -0.868250 439.026077
-0.053576 -0.594633 -64.940985
-0.000418 -0.002016 1.000000
-0.172692 -0.665909 276.778954
0.027628 -0.541098 -135.548565
-0.000243 -0.001919 1.000000
0.843266 -1.695135 -1002.880188
0.916452 -1.423915 -107.168052
0.002447 -0.004539 1.000000
-0.066756 -0.771771 137.348859
0.031219 -0.450901 -60.255652
-0.000278 -0.001884 1.000000
-0.253058 -0.845796 634.103437
-0.137527 -0.405642 -14.136225
-0.000536 -0.001522 1.000000
-0.527090 -0.360121 1573.923735
-0.539129 -0.172610 130.174391
-0.001377 -0.000449 1.000000
0.532237 -1.011828 -277.147448
0.394442 -0.960082 -332.619495
0.001325 -0.003429 1.000000
-0.097919 -0.332514 244.002646
-0.245613 -0.423700 111.661355
-0.000634 -0.001339 1.000000
-0.031435 -1.221377 329.589780
0.138879 -0.479549 -60.325993
0.000222 -0.002200 1.000000
-0.553258 -0.206890 1006.861223
-0.520616 -0.192170 505.642898
-0.001611 -0.000442 1.000000
-0.283233 -0.457338 657.584036
-0.154960 -0.123001 -160.144188
-0.001101 -0.001013 1.000000
-0.091880 -0.686338 589.891120
-0.204288 -0.515684 102.475601
-0.000658 -0.001702 1.000000
0.204343 -1.130633 230.549208
0.263476 -0.774716 -105.768657
0.000571 -0.002644 1.000000
0.637356 -1.980454 237.480154
0.557218 -1.340962 -136.919336
0.001063 -0.003505 1.000000
0.233748 -0.865261 -292.832876
0.021322 -0.554163 -212.086633
0.000071 -0.002554 1.000000
0.329017 -1.826299 572.138909
0.380263 -1.277847 -29.771660
0.000526 -0.003032 1.000000
1.265123 -2.848660 -583.142154
0.473421 -1.336198 -15.693904
0.002499 -0.005519 1.000000
0.207142 -1.065206 433.865485
0.050697 -0.892219 -49.690733
-0.000043 -0.002276 1.000000
-6.851136 7.607402 3397.477520
-3.856471 3.448021 3058.725655
-0.014476 0.014754 1.000000
-0.052474 -1.016470 743.960803
-0.047704 -0.657755 -74.352863
-0.000359 -0.002158 1.000000
-0.163584 -1.017917 819.581979
-0.161158 -0.717876 -45.457471
-0.000533 -0.001859 1.000000
-0.085952 -1.153999 403.905671
-0.020729 -0.668236 4.867969
-0.000375 -0.002045 1.000000
-0.127859 -0.996458 -6.433113
-0.117444 -0.456221 46.984518
-0.000491 -0.001880 1.000000
0.318265 -1.672841 490.615846
0.178489 -1.004894 44.694482
0.000233 -0.002659 1.000000
-0.082761 -1.080856 396.409168
0.003161 -0.568160 10.130815
-0.000207 -0.001983 1.000000
-0.033801 -1.361088 517.584051
-0.001058 -0.932125 16.953680
0.000059 -0.002632 1.000000
-0.060677 -0.344142 34.961318
-0.060784 -0.219112 4.968449
-0.000536 -0.001446 1.000000
-0.405755 -0.608390 405.162265
-0.243975 -0.392262 -191.428370
-0.000891 -0.001406 1.000000
-0.058547 -0.914933 299.317669
-0.046943 -0.707039 -95.975181
-0.000490 -0.001968 1.000000
-0.716170 -0.369401 -3.731687
-0.498301 -0.123721 183.357679
-0.001360 -0.000601 1.000000
-0.127974 -0.234623 29.937651
-0.127129 -0.177181 65.769831
-0.000632 -0.001156 1.000000
-0.011754 -0.979081 256.930930
0.059477 -0.520825 74.277229
0.000066 -0.002164 1.000000
0.059769 -2.042987 668.531955
0.269521 -1.464827 -2.477783
0.000382 -0.003431 1.000000
-0.131044 -0.873445 429.432768
-0.019386 -0.562927 37.164864
-0.000227 -0.001876 1.000000
-0.037133 -1.017116 584.120925
0.008825 -0.377023 29.604789
-0.000195 -0.001711 1.000000
-0.130161 -1.125181 557.271110
-0.035081 -0.567564 93.937674
-0.000285 -0.001924 1.000000
0.107962 -1.641672 663.622492
0.120802 -1.063470 66.805700
0.000199 -0.002798 1.000000
0.481568 0.628586 18.844764
-0.321554 1.614604 -66.120184
-0.000766 0.001004 1.000000
-0.123880 -0.453232 30.477875
-0.088073 -0.303885 151.388883
-0.000401 -0.001516 1.000000
0.085023 0.443377 -249.992641
-0.317049 0.222480 87.881677
-0.001405 0.000059 1.000000
1.286311 0.052732 -33.702317
0.121017 1.234838 -124.921038
0.000364 -0.000028 1.000000
1.000000 -0.000000 -0.000000
0.000000 1.000000 -0.000000
0.000000 -0.000000 1.000000
-0.039617 0.532004 -71.350932
-0.326109 0.494200 -14.817977
-0.001443 0.000475 1.000000
0.135590 -0.875337 457.282863
0.004641 -0.239191 114.344067
-0.000118 -0.001524 1.000000
0.495300 -0.772351 388.020223
0.121977 -0.070537 84.396766
0.000233 -0.001428 1.000000
0.266978 -0.317901 275.362004
-0.071262 0.294992 72.332287
-0.000292 -0.000630 1.000000
0.746520 0.163462 66.785609
-0.009827 0.752541 32.890876
-0.000052 -0.000006 1.000000
0.560437 4.028791 -1479.401820
-1.053148 3.518022 -682.044262
-0.004913 0.007507 1.000000
-0.664248 0.487594 -141.219592
-0.444277 0.516933 104.638233
-0.002195 0.001147 1.000000
0.684316 -0.133683 97.525924
-0.064553 0.839947 5.009190
-0.000166 -0.000196 1.000000
-0.498621 0.161121 119.930738
-0.401344 0.411575 26.067702
-0.001654 0.000381 1.000000
0.188860 0.213906 144.726876
-0.283131 0.855729 23.533137
-0.000911 0.000530 1.000000
1.294370 0.600564 -131.999580
-0.130570 1.952700 -169.901833
-0.000168 0.001426 1.000000
-3.344411 -3.411906 1576.837816
-0.659536 -3.995710 771.110554
-0.002167 -0.005866 1.000000
0.426867 -0.575874 319.050506
0.078047 0.019832 94.988742
0.000131 -0.001215 1.000000
0.098499 -1.053906 528.521409
0.195979 -0.667739 -51.958177
0.000255 -0.002190 1.000000
-0.116092 -0.921181 591.907710
-0.019681 -0.541157 91.317303
-0.000251 -0.001675 1.000000
-0.114252 -1.029270 455.819356
-0.135892 -0.581494 146.650380
-0.000321 -0.001822 1.000000
0.057850 -1.086669 397.261632
0.018294 -0.723975 86.723508
-0.000124 -0.001993 1.000000
-0.176769 -0.780625 435.585682
-0.059003 -0.878747 88.496586
-0.000292 -0.001993 1.000000
-0.127511 -0.949017 198.197393
-0.107383 -0.820032 164.183580
-0.000493 -0.001903 1.000000
-0.044119 -0.942884 451.100802
-0.070816 -0.550613 80.280250
-0.000224 -0.001840 1.000000
-0.009030 -1.859170 649.933079
0.282353 -1.530177 37.707490
0.000504 -0.003526 1.000000
-0.189435 -1.053689 530.961214
-0.076065 -0.485451 139.335241
-0.000374 -0.001797 1.000000
0.050409 -1.627820 549.203094
0.150485 -0.940064 -167.136605
0.000129 -0.002941 1.000000
-0.067528 -0.995693 366.464337
-0.011266 -0.753883 -34.051432
-0.000284 -0.002136 1.000000
0.214336 -1.972832 635.709843
0.223489 -1.281916 -5.081578
0.000627 -0.003839 1.000000
-0.520850 -0.324335 693.985075
-0.295887 -0.214735 -172.305873
-0.001044 -0.000734 1.000000
-0.129271 -1.096486 278.462596
-0.020768 -0.473842 -205.684680
-0.000355 -0.001897 1.000000
2.062228 -15.066176 4215.658364
6.419542 -17.439489 -649.907733
0.016565 -0.038400 1.000000
-1.065483 -18.898849 5239.074731
7.419584 -24.082092 314.022158
0.012898 -0.038284 1.000000
0.065964 -1.225771 357.317708
0.039625 -0.769536 0.456436
-0.000127 -0.002350 1.000000
0.042919 -1.203252 422.729675
0.003422 -0.637857 31.528580
-0.000028 -0.002299 1.000000
0.260970 -1.182266 387.790727
0.147434 -0.597560 -69.413947
0.000044 -0.002198 1.000000
0.156874 -1.245962 412.364746
0.153294 -0.767471 -28.854341
0.000334 -0.002531 1.000000
0.046708 -1.228616 501.525852
0.078218 -0.694084 -21.637572
-0.000009 -0.002193 1.000000
0.014562 -1.188420 394.785008
-0.018293 -0.712089 2.928931
-0.000131 -0.002094 1.000000
0.144329 -1.272570 287.432024
0.000358 -0.646789 -64.515645
-0.000049 -0.002280 1.000000
0.045970 -1.326706 508.833501
-0.001035 -0.785716 32.081950
-0.000089 -0.002355 1.000000
-0.145783 -0.943081 554.943825
-0.051760 -0.616197 -143.143894
-0.000505 -0.001796 1.000000
0.009511 -0.940435 284.458614
-0.048215 -0.636069 92.415286
-0.000124 -0.002086 1.000000
0.057404 -1.158911 523.003252
-0.030220 -1.094392 103.773789
-0.000101 -0.002409 1.000000
0.126278 -0.864787 342.613182
0.081399 -0.480655 -53.980297
0.000007 -0.001865 1.000000
0.453136 -1.377429 -25.351686
0.172451 -1.045810 51.949601
0.000490 -0.002806 1.000000
0.014114 -1.216567 218.296334
-0.068450 -0.971795 14.787983
-0.000261 -0.002252 1.000000
-0.249571 -0.748595 268.163648
-0.149380 -0.550577 -48.648916
-0.000620 -0.001754 1.000000
-0.265077 -0.683617 421.779619
-0.192386 -0.466455 51.716150
-0.000554 -0.001472 1.000000
-0.083674 -0.937530 300.156203
-0.171581 -0.872928 22.584499
-0.000405 -0.002089 1.000000
0.044563 -0.799609 383.820579
-0.012917 -0.555622 103.488821
-0.000086 -0.001875 1.000000
0.039120 -1.158977 510.474168
0.165633 -0.905863 3.441182
0.000148 -0.002565 1.000000
0.065522 -0.849559 395.659903
-0.025019 -0.391138 130.119595
-0.000155 -0.001693 1.000000
0.191972 -1.094584 364.787167
0.083368 -0.634598 64.303427
0.000073 -0.002202 1.000000
4.117662 -4.669632 4407.191822
2.920898 -4.401056 -1763.676587
0.008227 -0.011340 1.000000
-0.206964 -0.560019 155.571229
-0.107479 -0.431080 -250.865522
-0.000430 -0.001822 1.000000
-0.015412 -1.678821 1005.398126
-0.005870 -0.300476 13.664360
-0.000029 -0.002040 1.000000
-0.159131 -0.766891 266.145885
-0.078189 -0.394075 -157.279469
-0.000458 -0.001709 1.000000
-0.078027 -1.046882 585.118338
0.104696 -1.028400 -54.182139
0.000148 -0.002641 1.000000
-0.117075 -1.040425 566.362799
-0.128719 -0.535245 -50.861474
-0.000373 -0.001734 1.000000
-0.200545 -1.036061 923.882824
-0.032282 -0.516455 154.900617
-0.000334 -0.001796 1.000000
0.722526 -1.811395 499.861632
0.619250 -1.123122 -1082.982889
0.001292 -0.003963 1.000000
-0.226747 -0.682101 333.850566
-0.092754 -0.461102 -7.760199
-0.000534 -0.001601 1.000000
0.064750 -1.307045 161.147501
-0.011246 -0.763994 -147.264614
-0.000267 -0.002419 1.000000
0.138547 -0.809286 -86.497256
0.038542 -0.864531 -84.518835
-0.000059 -0.002300 1.000000
-0.143984 -0.695401 22.430061
-0.072328 -0.633321 -38.847879
-0.000348 -0.001839 1.000000
0.109198 -0.841194 157.281379
-0.072458 -0.651435 -105.995053
-0.000232 -0.001942 1.000000
-0.294194 -1.195519 942.275680
-0.087548 -0.574966 -240.137467
-0.000281 -0.001855 1.000000
-0.204574 -0.650336 350.531012
-0.067055 -0.481786 -53.999930
-0.000377 -0.001659 1.000000
-0.140477 -1.362721 272.184859
-0.158813 -0.947150 88.352457
-0.000147 -0.002377 1.000000
0.242219 -1.437368 549.946548
-0.152185 -1.064310 57.722723
-0.000101 -0.002528 1.000000
-0.583129 -1.209951 1317.189090
-0.125797 -0.357887 15.762088
-0.000518 -0.001736 1.000000
0.051347 -1.556383 843.704959
0.039861 -0.845739 -255.306850
-0.000086 -0.002440 1.000000
-0.418524 -0.665530 2907.576544
-0.286707 -0.436186 694.222661
-0.000935 -0.001237 1.000000
-0.884333 -0.588155 1382.061571
-0.277490 0.066835 -43.853512
-0.001328 -0.000505 1.000000
0.284306 -1.487947 412.538933
0.275189 -1.085583 -216.243101
0.000331 -0.002883 1.000000
0.165682 -1.241144 643.689841
0.129724 -0.930815 -108.595159
0.000056 -0.002463 1.000000
0.269542 -1.394410 547.347731
0.108588 -0.710559 -321.970686
0.000187 -0.002775 1.000000
-0.014650 -1.162512 454.423094
-0.000114 -0.529296 22.854542
-0.000081 -0.002204 1.000000
-0.173994 -1.088368 -61.864015
0.020387 -0.925126 -591.434852
-0.000225 -0.002530 1.000000
-0.143197 -0.630326 29.055659
-0.126770 -0.374696 13.987811
-0.000554 -0.001559 1.000000
0.059226 -0.914782 55.539554
0.104013 -0.721190 -9.493478
-0.000032 -0.002266 1.000000
0.078336 -0.608356 -298.661408
-0.015938 -0.828542 452.909331
-0.000120 -0.001952 1.000000
0.011607 -0.780103 -166.388101
0.046045 -0.783902 17.422225
0.000164 -0.002348 1.000000
0.004811 -1.392028 359.667562
0.017752 -0.602391 -224.190694
-0.000001 -0.002432 1.000000
-0.404387 -0.862871 351.068806
-0.231538 -0.467528 48.393904
-0.000678 -0.001506 1.000000
-0.232635 -0.923603 362.301779
-0.034912 -0.781863 2.191198
-0.000306 -0.002063 1.000000
-0.133756 -1.118630 520.448857
-0.079559 -0.835301 113.147946
-0.000259 -0.002088 1.000000
-0.124095 -0.533579 21.120930
-0.076343 -0.481259 -41.475108
-0.000343 -0.001767 1.000000
-0.003394 -0.837560 -267.897112
0.034213 -0.750775 -234.397013
-0.000018 -0.002470 1.000000
-0.045249 -0.386830 6.235269
-0.117159 -0.355298 97.786611
-0.000589 -0.001416 1.000000
-0.238606 -0.832083 274.265375
-0.214573 -0.619538 135.720510
-0.000554 -0.001601 1.000000
-0.242318 -1.179777 716.247657
-0.241103 -0.943806 57.785321
-0.001092 -0.001348 1.000000
0.128525 -0.740784 14.006986
0.040666 -0.541682 -16.735672
-0.000187 -0.001807 1.000000
0.105298 -0.661412 -210.601839
-0.091506 -0.723324 238.722411
-0.000219 -0.001992 1.000000
-0.118324 -0.783373 118.228142
-0.117418 -0.512236 23.608516
-0.000415 -0.001770 1.000000
-0.084197 -0.911311 -298.907901
-0.220387 -0.798829 417.097676
-0.000222 -0.002140 1.000000
-0.114499 -0.776413 105.281416
-0.125342 -0.720889 191.151644
-0.000275 -0.001953 1.000000
-0.287756 -0.643562 478.571612
-0.396241 -0.366251 -65.664701
-0.000881 -0.001300 1.000000
0.078780 -1.324997 155.927405
-0.119391 -0.697881 -49.886482
-0.000285 -0.002427 1.000000
-0.078076 -1.558740 504.416720
-0.000612 -0.793698 47.418953
-0.000137 -0.002605 1.000000
0.196357 -1.127477 -700.502661
0.101367 -0.947491 278.854141
0.000415 -0.002784 1.000000
0.117885 -0.897606 -203.373177
0.112379 -1.199110 -162.356901
0.000675 -0.003568 1.000000
-0.113219 -1.031952 -61.159324
-0.056748 -0.681236 47.337499
-0.000288 -0.002158 1.000000
-0.172391 -1.098267 521.013893
-0.095167 -0.718151 -243.007960
-0.000309 -0.002058 1.000000
-0.449060 -0.020048 -525.837915
-0.769180 -0.074097 1324.335258
-0.001413 -0.000447 1.000000
-0.389650 -0.607112 969.086019
-0.289652 -0.350272 264.309954
-0.000677 -0.001108 1.000000
-0.590107 -0.178871 4544.056656
-0.461677 -0.166480 -382.418644
-0.001618 -0.000499 1.000000
-0.025515 -0.763301 -205.467544
-0.151217 -0.439606 85.471126
-0.000639 -0.001638 1.000000
-0.355015 -1.166915 492.501643
0.031838 -0.674757 -335.255851
-0.000447 -0.002090 1.000000
-0.037964 -0.956425 745.801808
-0.080714 -0.689279 1008.926345
-0.000292 -0.001833 1.000000
-0.245136 -0.409755 -400.968126
-0.211867 -0.813812 720.236309
-0.000501 -0.001671 1.000000
-0.498082 -0.865670 1272.897332
-0.331201 -0.773554 706.725544
-0.000725 -0.001461 1.000000
0.215695 -1.766458 1783.543990
0.269866 -1.127952 658.045616
0.000463 -0.002446 1.000000
0.875180 -1.739827 -265.384423
0.577457 -1.825223 -429.414560
0.001262 -0.003679 1.000000
-0.211124 -0.498608 -282.772520
-0.226107 -0.425820 58.547810
-0.000726 -0.001338 1.000000
0.058077 -0.908835 288.864542
-0.027953 -1.103464 1316.423281
0.000041 -0.001878 1.000000
0.641825 -1.788350 542.091188
0.502518 -1.372058 1141.183624
0.000892 -0.002860 1.000000
-0.563659 -1.115665 965.621240
-0.082439 -0.348004 33.344293
-0.000672 -0.001400 1.000000
-4.262026 4.193697 -970.321889
-2.769289 2.693202 4555.201495
-0.006296 0.006137 1.000000
-0.509643 -1.087707 927.694429
-0.075298 -0.639108 33.050693
-0.000621 -0.001736 1.000000
-0.408642 -1.281474 1068.997748
0.016415 -0.492040 -28.480403
-0.000488 -0.001766 1.000000
-0.558015 -0.833528 1177.913159
-0.206446 -0.340580 -161.854925
-0.000852 -0.001141 1.000000
0.577871 -2.247457 815.070888
0.009325 -0.963641 -89.622693
0.000525 -0.003218 1.000000
-0.407882 -1.208044 949.429412
-0.026396 -0.460600 87.512647
-0.000472 -0.001711 1.000000
-0.274013 -1.281839 1106.094729
-0.022948 -0.573732 8.221910
-0.000312 -0.001918 1.000000
-0.296995 -0.750690 131.644142
-0.284525 -0.789316 1039.793240
-0.000601 -0.001457 1.000000
-0.195987 -0.850175 180.578274
-0.198478 -0.432363 -375.157468
-0.000382 -0.001847 1.000000
-2.236976 1.832070 1513.392073
-2.011741 1.531051 -1166.649919
-0.004324 0.002812 1.000000
0.096746 -1.336194 -299.197171
-0.038496 -0.856132 94.345694
0.000072 -0.002302 1.000000
-0.917396 -0.384563 1312.103173
-0.335742 0.080164 -24.217849
-0.001357 -0.000506 1.000000
-0.053447 -1.305007 691.482887
-0.022943 -0.696348 -258.873839
-0.000098 -0.002156 1.000000
-0.717542 -0.715011 1554.175026
-0.432415 -0.078169 -76.218079
-0.001236 -0.000844 1.000000
-3.037548 2.383969 3745.649088
-1.259412 1.181925 4034.980578
-0.004823 0.003731 1.000000
-0.697703 -0.389472 194.354596
-0.566547 -0.245831 1414.614130
-0.001303 -0.000677 1.000000
-0.278822 -1.009360 928.948995
-0.274550 -0.836692 792.226024
-0.000472 -0.001522 1.000000
-0.745234 -0.436846 1029.034768
-0.380560 -0.139902 114.618183
-0.001487 -0.000538 1.000000
-0.948493 -0.265229 943.402724
-0.778798 -0.215140 2745.909669
-0.001576 -0.000276 1.000000
-0.764966 -0.783634 1013.801269
-0.201459 -0.356442 -62.901461
-0.001082 -0.001230 1.000000
-5.575983 5.980973 4144.913839
-3.979833 4.011009 12894.364223
-0.010482 0.010294 1.000000
0.178037 -1.139287 -31.794811
0.111859 -0.529390 -128.032322
0.000416 -0.002751 1.000000
-0.542932 -0.790469 928.455560
-0.112263 -0.291447 -23.220794
-0.000683 -0.001242 1.000000
-0.520434 -0.911299 1026.289222
-0.138006 -0.406885 -96.845515
-0.000625 -0.001348 1.000000
-0.198946 -0.847850 213.786429
0.082881 -0.576966 -358.264427
-0.000149 -0.002139 1.000000
-0.154431 -1.260863 955.928807
-0.048534 -0.603287 28.661295
-0.000372 -0.001972 1.000000
-0.305922 -0.562343 453.216581
-0.237377 -0.637149 77.300147
-0.000720 -0.001502 1.000000
-0.538854 -0.902911 822.953495
-0.179401 -0.490909 -69.864264
-0.000789 -0.001482 1.000000
-0.191364 -0.919452 226.685903
-0.134139 -0.697999 -162.009903
-0.000361 -0.002038 1.000000
-0.442948 -0.777800 776.567007
-0.179141 -0.291229 13.907479
-0.000693 -0.001279 1.000000
-0.452188 -1.191449 852.158065
-0.141216 -0.518549 75.957476
-0.000533 -0.001684 1.000000
-0.454375 -1.171951 975.112455
0.018888 -0.550049 -1.650843
-0.000569 -0.001616 1.000000
-0.322832 -1.116402 1215.363884
-0.073032 -0.475211 -150.080915
-0.000481 -0.001819 1.000000
-0.146883 -0.915515 678.375938
-0.106610 -0.551185 -157.980181
-0.000465 -0.001749 1.000000
-0.203375 -1.307842 942.409500
-0.228111 -0.578423 33.282633
-0.000373 -0.001799 1.000000
-0.224918 -0.678566 -673.078340
-0.191226 -0.547115 40.510146
-0.000654 -0.001382 1.000000
-0.128862 -0.993540 776.213257
-0.103766 -0.444145 -3.716557
-0.000327 -0.001598 1.000000
-0.370959 -1.370830 917.776177
-0.075189 -0.728886 -66.856233
-0.000604 -0.001929 1.000000
0.574964 -1.836699 103.038322
0.289058 -0.811957 -442.218469
0.000592 -0.002932 1.000000
-0.501169 -0.705232 245.402424
-0.163249 -0.265480 9.114612
-0.000902 -0.001283 1.000000
-0.263609 -1.138302 926.366606
-0.028336 -0.672011 84.674870
-0.000281 -0.001832 1.000000
0.234595 -1.308562 1003.365138
0.065778 -1.092517 -30.635120
0.000206 -0.002612 1.000000
-0.315809 -0.671610 585.368075
-0.204681 -0.465535 -5.352227
-0.000669 -0.001418 1.000000
-0.109206 -1.120659 815.669145
0.008401 -0.442075 20.832479
-0.000224 -0.001708 1.000000
-0.114812 -1.306376 939.675340
0.175277 -1.030480 -221.504952
0.000107 -0.002397 1.000000
-0.122930 -0.836018 505.828389
-0.046882 -0.324510 -9.570530
-0.000364 -0.001674 1.000000
-0.038988 -1.030103 549.140176
0.164112 -1.222654 -123.102217
0.000059 -0.003077 1.000000
-0.121755 -1.014030 324.874502
0.143641 -0.782105 -220.443324
-0.000215 -0.002244 1.000000
-0.103936 -0.717504 376.019165
-0.077862 -0.688129 95.939566
-0.000246 -0.001808 1.000000
-0.360982 -1.115693 727.059223
-0.056560 -0.458550 -27.909651
-0.000454 -0.001802 1.000000
-0.254188 -0.826530 596.176980
-0.112021 -0.579344 -78.949015
-0.000667 -0.001828 1.000000
-0.225584 -0.609599 487.912627
-0.122980 -0.958080 82.460805
-0.000517 -0.002079 1.000000
0.065560 -1.340829 543.968452
0.076342 -0.945428 -79.704970
-0.000072 -0.002246 1.000000
-0.178658 -1.161262 597.434929
0.091939 -0.838258 -66.949273
-0.000150 -0.002244 1.000000
0.138632 -1.173339 989.309300
0.068036 -1.310246 26.060677
-0.000031 -0.002700 1.000000
-0.378256 -1.090656 1148.399591
0.027178 -0.493561 -139.383364
-0.000398 -0.001801 1.000000
-0.060217 -1.123787 510.673840
0.100002 -0.375816 -282.861542
0.000105 -0.002091 1.000000
-0.820988 -0.562435 931.518021
-0.174420 -0.187202 -87.980702
-0.001048 -0.000956 1.000000
0.543104 -1.632023 106.901414
0.503411 -1.098112 -214.777676
0.000616 -0.003125 1.000000
-0.168989 -0.944482 516.714332
-0.110373 -0.730170 5.963310
-0.000503 -0.001921 1.000000
-0.359777 -0.862184 610.421102
-0.098268 -0.347295 -15.734721
-0.000551 -0.001436 1.000000
-0.299156 -1.049223 583.645326
-0.095725 -0.709438 46.954961
-0.000439 -0.001887 1.000000
-0.112234 -1.119214 602.036967
0.104558 -0.746463 -40.162396
-0.000198 -0.002137 1.000000
-0.047729 -1.255352 533.951729
0.067823 -1.032224 -45.283603
-0.000215 -0.002325 1.000000
-0.239782 -1.087187 523.380752
-0.018900 -0.909750 34.353412
-0.000369 -0.002077 1.000000
0.334002 -1.783414 428.239911
0.059970 -1.364676 55.636387
0.000339 -0.003073 1.000000
-0.068313 -0.909019 76.472584
0.075412 -0.344774 -93.750046
-0.000072 -0.002001 1.000000
-0.111523 -1.001137 403.666377
-0.086907 -0.522020 -121.913954
-0.000324 -0.001930 1.000000
-0.006156 -0.888601 381.946250
-0.077532 -0.402484 10.818290
-0.000245 -0.001812 1.000000
1.183001 -2.966805 755.550949
0.570716 -1.302931 -333.737810
0.002031 -0.005383 1.000000
-0.054780 -1.224823 729.166681
-0.043829 -0.759160 90.258549
-0.000180 -0.002000 1.000000
-0.157443 -0.740695 80.234085
-0.107199 -0.448187 -119.109579
-0.000484 -0.001762 1.000000
0.077795 -1.508158 131.065613
0.331637 -1.213229 -263.300618
0.000415 -0.003107 1.000000
0.118034 -1.138884 202.885337
0.159218 -0.873450 -135.529944
-0.000037 -0.002415 1.000000
-0.246577 -1.290395 846.842886
0.079242 -0.718095 -96.978941
-0.000219 -0.002226 1.000000
-0.144651 -0.719302 479.003321
0.070237 -0.684894 -52.605421
0.000065 -0.002227 1.000000
-0.110350 -0.998471 277.572794
-0.013907 -0.767327 70.451868
-0.000402 -0.001969 1.000000
0.258408 -1.286370 302.141988
0.263932 -1.076024 -305.087395
0.000311 -0.002688 1.000000
-0.417584 -0.584636 353.593699
-0.254247 -0.463645 -9.375676
-0.000881 -0.001362 1.000000
-0.192754 -0.948192 492.212828
-0.028500 -0.615326 -20.534129
-0.000163 -0.001862 1.000000
-0.253321 -0.774308 357.825398
-0.227482 -0.716366 49.728981
-0.000670 -0.001716 1.000000
-0.277430 -1.223059 977.786883
0.049796 -0.488150 -38.423105
-0.000097 -0.001904 1.000000
