-0.079478 -1.024259 708.542552
-0.168692 -0.892053 181.005236
-0.000168 -0.002354 1.000000
-0.010524 -1.358802 314.399679
0.021967 -0.916542 -94.446143
0.000151 -0.002943 1.000000
0.066515 -0.941979 246.226259
-0.121386 -0.687507 213.331498
-0.000097 -0.001885 1.000000
0.053551 -1.939525 116.771983
-0.075117 -1.387869 89.125284
0.000157 -0.003700 1.000000
-0.030686 -0.686875 426.601358
-0.087459 -1.055085 -50.348407
-0.000316 -0.002320 1.000000
-0.071343 -1.709769 334.460881
-0.239484 -1.296896 68.122577
-0.000339 -0.002947 1.000000
-0.082998 -0.977466 177.475815
-0.056027 -0.744572 -9.335127
-0.000100 -0.002341 1.000000
-0.254710 -1.163453 422.338214
-0.243129 -1.851380 297.304850
-0.000381 -0.002910 1.000000
-0.146130 -1.299974 80.238742
-0.165202 -0.875186 -128.467416
-0.000206 -0.002736 1.000000
-0.193113 -1.756294 774.826178
-0.057210 -1.585051 110.597528
-0.000199 -0.002827 1.000000
0.008005 -1.567012 527.619040
0.011924 -1.123586 -47.640013
0.000004 -0.002729 1.000000
-0.136371 -1.272556 180.414540
-0.040077 -1.109104 59.050569
-0.000052 -0.002694 1.000000
-0.397674 -1.104838 488.180885
-0.433365 -1.327531 304.170587
-0.000603 -0.002267 1.000000
0.006019 -1.059016 372.792648
-0.319838 -0.970133 58.620786
-0.000265 -0.002268 1.000000
-0.035172 -0.570018 442.774532
-0.183485 -1.156623 282.668879
-0.000331 -0.002175 1.000000
-0.002825 -0.960035 382.281994
0.135338 -1.599828 -15.402352
0.000333 -0.003513 1.000000
-0.049999 -0.841924 347.041012
-0.039692 -1.164367 -5.510954
-0.000114 -0.002726 1.000000
-0.152454 -1.799490 382.354352
-0.047222 -1.365510 27.434909
-0.000224 -0.002844 1.000000
-0.091782 -1.782170 254.934348
-0.062946 -1.641030 68.568602
-0.000189 -0.003247 1.000000
-0.113784 -1.505434 271.124059
-0.031259 -1.301661 -19.266789
-0.000190 -0.003008 1.000000
-0.079201 -1.279311 292.528848
-0.056057 -0.972081 108.833773
-0.000155 -0.002328 1.000000
-0.591837 -1.435566 506.472019
-0.417751 -0.974121 292.546125
-0.000779 -0.001793 1.000000
-0.486830 -1.087272 480.713567
-0.417396 -1.110789 184.718192
-0.000802 -0.001772 1.000000
0.186005 -2.098895 193.579828
0.180499 -2.095798 106.945518
0.000217 -0.003928 1.000000
-0.094017 -1.087337 339.168148
-0.051501 -1.646625 78.195573
-0.000335 -0.002899 1.000000
-0.252344 -1.622086 452.143294
-0.130145 -1.568907 19.718951
-0.000307 -0.002971 1.000000
-0.167722 -1.415784 188.682906
-0.227672 -0.876783 237.226797
-0.000422 -0.002358 1.000000
-0.121400 -0.612849 325.731655
-0.307240 -1.281999 285.530276
-0.000447 -0.002263 1.000000
-0.057493 -1.065947 323.158794
-0.062088 -0.971654 103.137713
-0.000177 -0.002287 1.000000
-0.045644 -0.590481 286.063627
-0.256102 -1.806015 351.012697
-0.000326 -0.002944 1.000000
0.033687 -1.076938 18.237263
0.066165 -1.002124 30.635295
0.000117 -0.002899 1.000000
-0.146742 -1.436477 643.370555
0.014336 -1.700237 -151.588542
0.000230 -0.003356 1.000000
0.035360 -0.754382 370.949266
-0.172796 -1.712219 86.938068
-0.000150 -0.003326 1.000000
-0.121960 -1.063471 420.123049
-0.208413 -1.843589 265.924378
-0.000174 -0.003102 1.000000
-0.082845 -1.041976 373.599416
-0.232767 -1.821897 354.210367
-0.000306 -0.002795 1.000000
0.049491 -1.037125 231.800903
0.042018 -0.958671 -165.684348
0.000105 -0.002565 1.000000
-0.202652 -0.833467 132.229425
-0.031446 -0.712870 -46.084735
-0.000201 -0.002650 1.000000
-0.686867 -0.200153 -462.955233
-0.469503 -0.170433 -279.136509
-0.001496 -0.000480 1.000000
-0.034510 -0.916448 -86.538907
-0.079309 -0.621919 -178.997235
-0.000208 -0.002746 1.000000
0.233486 -0.653221 329.253789
0.072340 -0.988625 -28.097027
0.000005 -0.002719 1.000000
0.150893 -0.640100 267.372414
0.047770 -0.489546 -324.986208
-0.000048 -0.002619 1.000000
-0.223139 -0.943176 394.063030
-0.176300 -0.754931 -104.504268
-0.000235 -0.002191 1.000000
-0.051619 -0.632799 323.539503
0.018530 -1.135083 60.410946
-0.000078 -0.003479 1.000000
0.068395 -0.620174 327.490002
0.039894 -0.890820 -57.643287
0.000103 -0.002468 1.000000
0.297742 -0.855315 67.615498
0.084207 -0.501083 -278.690325
0.000756 -0.002530 1.000000
-0.076980 -0.881729 868.374066
0.000674 -0.747368 -142.820930
-0.000086 -0.002440 1.000000
0.099389 -0.379960 337.914170
0.064092 -0.837891 -31.682158
-0.000160 -0.002703 1.000000
0.134012 -0.662077 1000.524405
-0.060698 -1.299913 -33.050969
0.000460 -0.004324 1.000000
-0.016351 -0.472601 429.918470
-0.086226 -1.007068 204.990299
-0.000280 -0.003050 1.000000
-0.224304 -0.565914 828.054091
0.069399 -0.846601 121.999875
-0.000149 -0.003034 1.000000
-0.116078 -0.501170 582.427773
-0.069817 -0.756437 213.642761
-0.000381 -0.002465 1.000000
-0.052134 -0.467763 514.851251
0.015245 -0.738444 116.139148
-0.000065 -0.002792 1.000000
-0.005812 -0.655399 253.625426
-0.119187 -0.702528 -48.604695
-0.000198 -0.002176 1.000000
-0.114433 -1.153188 412.782473
0.241865 -1.198728 -372.880928
0.000408 -0.003328 1.000000
-0.088204 -0.753516 272.047778
-0.020004 -0.834486 -124.843827
-0.000156 -0.002464 1.000000
-0.176896 -0.684837 669.502656
-0.172027 -0.810956 124.020209
-0.000429 -0.002480 1.000000
0.659983 -1.882001 922.506785
0.218962 -1.104764 -564.704140
0.001164 -0.004317 1.000000
3.918320 -4.876808 1200.511455
2.485186 -3.089620 -3379.768662
0.007139 -0.011864 1.000000
0.395185 -0.789496 317.889043
0.378642 -1.631230 -349.771999
0.000773 -0.004195 1.000000
0.009039 -0.885091 647.813246
0.039434 -1.099106 -139.217279
-0.000141 -0.002852 1.000000
-0.132676 -0.665869 -15.074010
-0.128682 -0.593696 -370.109653
-0.000358 -0.002116 1.000000
-0.039685 -1.031112 261.670576
-0.087283 -1.217291 4.347959
-0.000208 -0.002817 1.000000
0.110658 -0.887873 17.462238
-0.016145 -0.897276 -274.051886
0.000633 -0.003368 1.000000
-0.238115 -0.628087 688.926074
0.124110 -1.019514 -43.003094
0.000096 -0.002842 1.000000
0.135324 -0.475071 1145.413975
-0.117565 -0.599519 171.545753
0.000120 -0.002730 1.000000
-0.151357 -0.526796 937.837217
-0.089400 -1.152619 114.251457
-0.000287 -0.003177 1.000000
-0.084862 -1.693730 358.990876
-0.099579 -1.163605 83.121039
0.000247 -0.003096 1.000000
-0.144911 -0.549198 107.887524
-0.138943 -1.113183 -65.754584
-0.000220 -0.002784 1.000000
0.002879 -1.123614 200.006056
-0.045712 -0.941478 -31.753833
-0.000233 -0.002336 1.000000
0.127423 -1.255203 169.205129
0.082827 -1.466144 -162.517980
0.000231 -0.003834 1.000000
0.026334 -0.853625 334.219072
-0.164900 -1.019976 -80.829511
-0.000170 -0.002519 1.000000
-0.413902 -0.667623 548.808742
-0.259891 -0.655865 -298.088367
-0.000692 -0.001826 1.000000
-0.109069 -1.591057 232.186383
-0.128135 -0.977310 111.173468
0.000009 -0.002610 1.000000
-1.086907 0.062571 1367.322660
-0.446515 0.018952 757.853502
-0.002189 0.000141 1.000000
0.017238 -0.697555 570.030420
-0.048921 -0.798620 -48.098061
-0.000128 -0.002703 1.000000
-0.086453 -0.790460 858.574203
-0.257139 -0.887090 -39.695829
-0.000479 -0.002563 1.000000
-0.103706 -0.591112 307.365689
-0.216222 -0.677503 79.892094
-0.000323 -0.001760 1.000000
0.158765 -0.957894 11.278684
0.005155 -0.869848 16.331915
0.000138 -0.002513 1.000000
0.155790 -2.223049 -73.722220
0.110456 -2.012591 -38.855035
0.000589 -0.004240 1.000000
0.290378 -1.533438 77.465096
0.070339 -1.473861 -65.731695
0.000276 -0.003440 1.000000
-0.375821 -1.358808 659.105240
-0.137189 -0.971760 43.900510
-0.000359 -0.002241 1.000000
-0.099589 -1.066743 352.711810
-0.151864 -1.359882 148.593297
0.000012 -0.002896 1.000000
0.344972 -1.581919 -157.803378
-0.120311 -1.691367 111.549844
0.000399 -0.003693 1.000000
-0.346225 -0.722561 357.751445
-0.266416 -0.909864 100.776522
-0.000487 -0.002237 1.000000
-0.003685 -0.600514 119.775681
-0.055221 -0.362135 53.640847
-0.000007 -0.001893 1.000000
0.030279 -1.311565 213.484133
-0.086240 -0.782811 125.844777
0.000015 -0.002506 1.000000
-0.099686 -2.213045 519.716119
0.175929 -1.766562 -190.783595
0.000705 -0.004320 1.000000
-0.208906 -1.543171 440.423831
-0.213114 -1.133296 92.367703
-0.000407 -0.002505 1.000000
0.048064 -1.101017 -58.216600
-0.089715 -0.770556 84.171448
0.000020 -0.002628 1.000000
-0.277079 -1.532663 -125.105697
-0.100241 -0.742251 -59.756886
-0.000169 -0.002546 1.000000
-0.256511 -1.779230 232.176444
0.089773 -1.381585 -105.526781
0.000148 -0.003649 1.000000
-0.110169 -1.829904 121.026742
-0.079562 -1.023319 -54.156858
0.000136 -0.003334 1.000000
-0.575612 -0.976677 458.692900
-0.295158 -0.612396 78.467803
-0.000664 -0.001837 1.000000
-0.109732 -0.952755 175.174002
-0.157012 -0.566010 62.072917
-0.000063 -0.002238 1.000000
0.226118 -1.358507 -2.961233
-0.174023 -1.077444 -38.916930
0.000218 -0.003493 1.000000
0.903583 -2.126279 94.145458
0.441794 -2.547413 -457.969508
0.001454 -0.005046 1.000000
-0.135408 -1.556279 205.352583
-0.142112 -1.079587 101.456455
-0.000137 -0.002709 1.000000
-0.355137 -1.022108 613.616595
-0.201719 -0.698751 -141.949720
-0.000532 -0.002085 1.000000
-0.538872 -1.770843 461.988972
-0.110275 -0.828147 -48.033500
-0.000467 -0.002578 1.000000
-0.447918 -1.640961 469.254490
-0.020579 -1.112125 -75.532759
-0.000191 -0.003248 1.000000
-0.052271 -4.477868 271.664739
0.201813 -2.800078 91.175181
0.000309 -0.005555 1.000000
0.214550 -1.049715 294.916685
0.003955 -1.335469 -235.763259
0.000054 -0.003145 1.000000
0.337249 -1.816511 1236.748090
0.641319 -1.807067 -1192.104023
0.002304 -0.005874 1.000000
-0.330297 -1.103750 501.457138
-0.155700 -0.894377 43.900080
-0.000342 -0.002222 1.000000
-0.168221 -2.684352 427.526365
-0.123599 -1.951297 355.890214
0.000125 -0.003654 1.000000
-0.045145 -0.923391 146.089581
-0.033586 -0.903454 -225.082627
-0.000013 -0.002957 1.000000
-0.122472 -1.299709 146.463975
-0.069603 -0.982973 103.837589
-0.000178 -0.002986 1.000000
-0.096488 -1.913423 443.387687
0.030569 -1.600029 90.176882
0.000178 -0.003235 1.000000
-0.152836 -1.003141 420.451608
-0.193549 -1.389245 24.288198
-0.000352 -0.002562 1.000000
0.248889 -2.776869 -365.822031
0.145700 -1.697796 13.972258
0.000778 -0.004601 1.000000
-0.058082 -1.156287 166.092040
-0.093480 -1.206063 83.663176
0.000141 -0.002930 1.000000
0.027088 -0.771623 235.119594
0.101842 -1.459322 12.305145
0.000497 -0.003348 1.000000
-0.041419 -2.226626 411.774943
-0.040914 -1.877372 232.408816
0.000145 -0.003791 1.000000
-0.049402 -1.026306 691.478286
-0.001069 -0.913409 48.755804
-0.000125 -0.002474 1.000000
-0.218682 -0.591363 997.895093
-0.183366 -0.690934 80.205163
-0.000445 -0.002059 1.000000
0.100096 -1.254587 -21.343697
0.020393 -1.073756 73.128286
0.000209 -0.003066 1.000000
0.050536 -3.001754 391.927352
0.050192 -2.152329 150.716507
0.000237 -0.004180 1.000000
-0.178206 -1.869641 471.086100
-0.088309 -1.351593 124.937037
-0.000042 -0.002858 1.000000
-0.202051 -1.942069 505.796074
0.073739 -1.649185 -105.828147
-0.000056 -0.003574 1.000000
-0.196388 -1.547395 589.834104
-0.182657 -1.367793 131.302784
-0.000342 -0.002607 1.000000
-0.203616 -1.409683 346.277113
-0.013856 -1.067276 -30.591859
-0.000027 -0.002837 1.000000
-0.259668 -1.755978 501.898950
-0.179636 -1.133844 98.516311
-0.000301 -0.002452 1.000000
0.018944 -2.068962 478.846765
0.093717 -2.587640 -180.990401
0.000347 -0.005173 1.000000
0.116334 -2.304324 201.348882
0.081489 -1.831868 -36.611627
0.000563 -0.003989 1.000000
-0.127717 -2.533832 786.407955
-0.100678 -1.971140 267.547047
0.000173 -0.003496 1.000000
-0.035706 -0.564889 384.070848
-0.368087 -1.273930 439.593459
-0.000541 -0.002055 1.000000
-0.323345 -2.299837 555.110246
-0.057346 -1.384414 59.447408
-0.000037 -0.003216 1.000000
-0.461388 -1.535272 806.803214
-0.228101 -1.066155 82.319156
-0.000391 -0.002429 1.000000
-0.079937 -1.643061 344.202138
-0.142574 -1.357709 128.336395
-0.000266 -0.002687 1.000000
-0.168049 -2.216005 508.755850
-0.001119 -1.666331 207.513277
-0.000012 -0.003184 1.000000
-0.383068 -1.623617 531.595682
-0.253959 -1.550553 176.686269
-0.000299 -0.002709 1.000000
0.226609 -1.435327 456.167533
0.057270 -2.421781 130.118152
0.000551 -0.003999 1.000000
-0.426335 -1.329533 561.913355
-0.324273 -1.382184 308.323105
-0.000470 -0.002295 1.000000
-0.018349 -1.986202 300.158320
-0.039753 -2.145697 3.542832
0.000156 -0.003862 1.000000
-0.418381 -1.919368 215.278429
-0.201917 -1.470373 56.068463
-0.000330 -0.003086 1.000000
0.093854 -1.160002 189.865730
-0.071620 -1.312003 -94.063455
0.000211 -0.003117 1.000000
-0.269939 -1.520146 268.348723
-0.026477 -0.784800 131.560914
-0.000087 -0.002529 1.000000
-0.098110 -1.343083 105.044779
0.030312 -0.888163 24.326041
0.000043 -0.002766 1.000000
-0.192725 -1.554421 356.755761
-0.057558 -0.799272 21.606977
0.000031 -0.002585 1.000000
0.192290 -1.640375 523.404182
-0.007248 -0.934089 -167.695375
-0.000018 -0.002431 1.000000
0.360053 -2.025041 1077.364127
-0.055115 -0.959811 129.793207
0.000529 -0.003071 1.000000
-0.231355 -1.398648 563.833157
-0.175813 -1.519431 150.966225
-0.000171 -0.003277 1.000000
-0.390914 -0.967041 564.446343
-0.241744 -0.587898 -101.666032
-0.000553 -0.002011 1.000000
-0.669558 -0.939493 182.275043
-0.305901 -0.556430 -474.044974
-0.001085 -0.001507 1.000000
0.087154 -1.552937 955.724396
-0.047836 -0.922874 46.609106
0.000060 -0.002857 1.000000
0.497103 -1.432199 649.107261
0.002066 -1.614101 26.699470
0.000450 -0.003367 1.000000
0.136904 -0.914223 578.569911
-0.106628 -1.606677 120.426396
0.000019 -0.003189 1.000000
0.244095 -2.603175 414.428047
0.170740 -2.592902 5.020779
0.000442 -0.004816 1.000000
0.055199 -1.179791 -15.124515
-0.084136 -1.165653 174.758781
0.000069 -0.002890 1.000000
0.211832 -1.535151 -8.398737
0.109520 -1.566737 -91.787736
0.000161 -0.003264 1.000000
-0.007240 -1.755045 -261.489647
0.015568 -1.074886 -26.066542
-0.000003 -0.003257 1.000000
-0.310494 -1.376474 871.484459
0.093563 -0.930001 -184.827133
-0.000029 -0.002949 1.000000
-0.099562 -1.767767 57.037166
-0.000116 -0.852699 43.878449
-0.000067 -0.002698 1.000000
-0.078495 -2.247334 341.162057
0.086389 -0.814919 -108.820753
0.000059 -0.003229 1.000000
-0.077534 -2.545951 342.873925
0.092587 -1.016426 -178.876265
0.000028 -0.003621 1.000000
0.375251 -2.599821 1148.830502
0.192991 -1.644476 12.787268
0.000634 -0.004101 1.000000
-0.531063 -0.464724 -515.948887
-0.303006 -0.290720 168.032495
-0.000995 -0.001073 1.000000
-0.172203 -1.083056 1050.668899
-0.081066 -0.409500 317.008688
-0.000320 -0.001989 1.000000
-0.248248 -1.723130 936.397691
-0.013220 -0.979357 42.884790
-0.000095 -0.002704 1.000000
-0.073030 -1.864204 565.015970
0.073966 -1.741315 -32.850892
0.000205 -0.003546 1.000000
0.133381 -1.056816 393.525179
0.038176 -0.781659 63.964513
0.000203 -0.002374 1.000000
-0.400488 -0.862164 644.617563
-0.178615 -0.674183 25.262073
-0.000313 -0.002001 1.000000
-0.208380 -1.472728 349.609872
-0.119824 -1.117255 180.048239
-0.000012 -0.002772 1.000000
-0.158532 -0.744167 250.104823
-0.196552 -0.691021 -46.713545
-0.000506 -0.002247 1.000000
0.085731 -0.977314 199.046977
0.031648 -1.106843 66.239076
0.000076 -0.002583 1.000000
0.223481 -1.316891 4.098421
0.076743 -1.343582 8.380246
0.000137 -0.003325 1.000000
2.692971 -5.773208 -4149.797779
4.568472 -9.958973 -9271.864991
0.008342 -0.015966 1.000000
-0.108977 -0.771725 119.441520
-0.232811 -0.774118 73.832224
-0.000622 -0.002113 1.000000
-0.046319 -0.798776 322.597842
-0.152572 -0.944431 69.238415
-0.000263 -0.002872 1.000000
0.365059 -1.474166 54.122272
0.379549 -1.471370 -231.617079
0.000647 -0.003521 1.000000
-0.018372 -3.224023 563.234166
-0.092629 -2.806845 334.286321
-0.000052 -0.004941 1.000000
0.129109 -2.565399 617.425550
0.258223 -2.528547 -127.515083
0.000709 -0.004822 1.000000
0.042769 -0.844817 183.184240
0.048447 -1.458984 215.537654
0.000250 -0.002963 1.000000
-0.401548 -0.134198 -91.033654
-0.406615 -0.246769 -345.140927
-0.001385 -0.001100 1.000000
0.085692 -1.241100 99.070188
0.032896 -0.881298 64.417207
0.000230 -0.002949 1.000000
-0.067207 -1.542143 248.829437
-0.263536 -1.709546 319.566892
-0.000445 -0.002970 1.000000
0.153597 -1.882085 347.815571
-0.248229 -1.659011 177.835520
-0.000282 -0.003194 1.000000
-0.178124 -0.756538 265.415242
-0.161007 -0.702186 167.431480
-0.000156 -0.002078 1.000000
0.604649 -3.025117 1134.610015
1.899223 -3.354389 -1489.115919
0.003845 -0.008971 1.000000
-0.096121 -0.595031 -20.988670
-0.070603 -0.512253 39.819167
-0.000427 -0.002042 1.000000
-0.167970 -1.438423 319.912024
-0.052879 -1.878948 122.546157
0.000007 -0.003640 1.000000
-0.021963 -1.419102 257.517565
0.053296 -1.784988 126.395045
0.000048 -0.003552 1.000000
-0.093911 -0.727094 361.675322
-0.171097 -1.242934 277.866691
-0.000239 -0.002517 1.000000
-0.369142 -1.737991 490.365905
0.005906 -1.797599 156.983593
0.000194 -0.003862 1.000000
-0.174919 -1.779103 338.361090
-0.068983 -0.953333 -146.752218
-0.000051 -0.002995 1.000000
-0.222362 -1.038989 231.731184
-0.100658 -0.672300 -142.051580
-0.000469 -0.002228 1.000000
-0.014029 -1.013200 90.909882
-0.147122 -1.304907 139.763809
-0.000208 -0.002876 1.000000
-0.579129 -2.300728 626.572320
0.301111 -3.347041 291.705457
0.000812 -0.005876 1.000000
0.236993 -1.075145 336.960187
0.192564 -0.767846 -47.195666
0.000204 -0.002628 1.000000
-0.339592 -1.050229 66.890718
-0.304873 -1.441343 593.689507
-0.000558 -0.002141 1.000000
0.574905 -2.158470 1369.771766
0.535753 -2.291342 -53.525881
0.001261 -0.004483 1.000000
-0.097985 -0.798827 291.166818
-0.098183 -0.837128 156.850050
-0.000230 -0.002409 1.000000
-0.129811 -1.864472 447.030430
0.032634 -1.641233 150.138628
-0.000029 -0.003331 1.000000
0.078484 -2.036665 529.644367
-0.012867 -1.084390 57.971849
-0.000069 -0.003014 1.000000
-0.419447 -1.025238 296.863970
-0.190094 -0.865337 187.097946
-0.000661 -0.002068 1.000000
-0.493814 -0.489566 115.939150
-0.412934 -0.374700 270.147713
-0.001038 -0.001197 1.000000
3.340256 -3.307810 325.232499
2.066879 -4.345219 -222.900974
0.004511 -0.009019 1.000000
2.315958 -4.476537 1266.040264
1.428497 -4.805734 112.294641
0.003682 -0.008404 1.000000
-0.308983 -0.941262 285.808516
-0.146408 -1.223259 325.397286
-0.000349 -0.002304 1.000000
-0.226615 -2.068290 528.387651
-0.160808 -1.963188 435.906801
-0.000239 -0.003107 1.000000
0.009447 -0.895686 371.374728
-0.099428 -1.474107 396.508228
0.000054 -0.002606 1.000000
0.131004 -2.316129 1043.682204
0.023368 -2.578032 553.748235
0.000673 -0.004136 1.000000
0.148420 -2.702643 1073.674849
0.089162 -1.335675 -136.609256
0.000449 -0.004128 1.000000
-1.982948 -0.128686 70.950664
-1.143281 0.408013 507.242397
-0.002736 0.000682 1.000000
0.082154 -2.068999 970.725140
-0.008788 -0.823486 -16.173792
0.000127 -0.002999 1.000000
0.411216 -2.127817 960.445518
0.095072 -0.959056 -90.069447
0.000485 -0.003427 1.000000
-0.219883 -1.752081 254.578948
0.019884 -1.135474 -56.191279
-0.000263 -0.002859 1.000000
0.100830 -2.233645 1010.255652
0.026884 -0.946971 -51.279184
0.000148 -0.003111 1.000000
-0.176883 -1.675824 945.899835
0.065291 -0.853686 19.274726
-0.000165 -0.002674 1.000000
0.145029 -1.593889 1016.006635
0.104806 -1.746024 93.848862
0.000284 -0.003475 1.000000
-0.209741 -0.913891 492.140947
-0.264636 -1.252254 152.119031
-0.000490 -0.001965 1.000000
0.146712 -1.727182 517.832084
0.033232 -1.758754 -13.091748
0.000368 -0.003688 1.000000
0.059077 -1.334738 1115.715407
-0.046449 -1.397494 176.015071
-0.000092 -0.002820 1.000000
-0.406275 -1.095587 887.839902
-0.417368 -1.038025 198.206950
-0.000750 -0.001785 1.000000
-0.100503 -1.432279 610.397792
-0.329179 -1.485522 381.922912
-0.000423 -0.002517 1.000000
0.082689 -1.975382 934.872957
0.065273 -0.667374 -47.132015
0.000115 -0.002653 1.000000
-0.359596 -1.060556 778.796972
-0.059310 -0.261074 -129.312941
-0.000594 -0.001741 1.000000
0.139523 -1.261782 587.434565
-0.096104 -1.168868 73.675390
-0.000054 -0.002733 1.000000
-0.301139 -1.740752 518.164709
-0.035047 -1.777500 72.611480
-0.000092 -0.002849 1.000000
-0.470477 -1.727827 504.977545
-0.217558 -1.548308 362.416483
-0.000430 -0.002258 1.000000
-0.140429 -1.737018 834.477828
-0.073769 -0.887101 -63.867989
-0.000118 -0.002599 1.000000
-0.242388 -1.289856 671.556812
-0.107565 -1.585770 145.206954
-0.000197 -0.002444 1.000000
3.825214 -8.140371 2380.225227
2.675250 -5.722984 -1420.381885
0.008169 -0.016462 1.000000
-0.023278 -1.099688 497.283479
-0.205695 -0.815050 89.238469
-0.000375 -0.001988 1.000000
-0.013502 -0.626727 294.588205
-0.011878 -0.514286 45.699934
-0.000105 -0.002035 1.000000
0.067044 -1.718228 902.448385
0.127413 -1.229247 126.711160
0.000363 -0.003971 1.000000
0.127410 -1.636407 797.648415
0.009487 -1.212786 75.026208
0.000081 -0.003377 1.000000
0.143277 -0.829272 220.938105
-0.126448 -0.632594 28.812675
-0.000261 -0.002404 1.000000
1.138516 -2.786146 1086.155805
0.921728 -1.972126 -264.688217
0.002078 -0.005499 1.000000
1.579504 -4.440324 1607.763199
2.091713 -5.117771 -568.322661
0.004273 -0.010933 1.000000
3.008898 -0.457127 -175.409754
0.249536 1.701597 -131.220600
0.001628 -0.000562 1.000000
0.873373 -0.335955 118.653996
-0.111232 0.678167 42.976861
0.000132 -0.000840 1.000000
-0.198941 -1.729097 841.505298
-0.234866 -1.686202 233.682575
0.000011 -0.003373 1.000000
-0.050049 -2.993019 807.764485
0.091807 -3.333703 212.404404
0.000484 -0.005356 1.000000
0.175768 -1.574618 803.594504
-0.034517 -1.560984 142.749695
-0.000017 -0.003395 1.000000
0.317374 -2.146168 989.911619
-0.018041 -0.737644 -6.405802
0.000270 -0.002854 1.000000
0.618052 -2.347434 881.371644
0.125932 -0.949399 -209.540293
0.000681 -0.003590 1.000000
-0.205881 -1.590038 852.576349
0.014799 -0.621403 -25.268484
-0.000216 -0.002428 1.000000
0.078350 -2.254655 722.360068
0.279415 -1.972987 25.990536
0.000703 -0.003809 1.000000
-0.068532 -1.895019 838.873315
-0.087607 -0.795501 24.756839
-0.000146 -0.002359 1.000000
0.417126 -2.895348 902.500726
0.147924 -1.142835 -156.054339
0.000400 -0.003748 1.000000
0.067078 -0.929417 603.524615
-0.103757 -0.822809 103.939789
-0.000206 -0.002488 1.000000
-0.243755 -1.045779 438.398750
-0.088882 -0.611447 16.365418
-0.000230 -0.002074 1.000000
-0.085253 -1.683875 617.900407
-0.240196 -1.483509 273.901583
-0.000190 -0.002705 1.000000
0.225340 -2.107240 775.309607
0.070755 -1.513512 94.478841
0.000378 -0.003321 1.000000
0.088825 -1.477300 442.459929
-0.102747 -1.065432 179.267944
0.000011 -0.002409 1.000000
0.016477 -1.312627 424.913058
0.025893 -1.751473 136.541020
0.000156 -0.003373 1.000000
-0.104334 -1.035732 480.580349
0.008312 -2.220323 249.967457
0.000038 -0.003774 1.000000
0.411258 -1.923809 595.874291
0.113219 -1.365524 -124.211060
0.000556 -0.003504 1.000000
-0.006021 -1.054806 670.205958
0.059886 -1.118509 112.563976
0.000211 -0.002724 1.000000
-0.112621 -2.124178 752.576470
0.135205 -1.893696 58.976848
0.000153 -0.003570 1.000000
-0.173076 -0.823969 527.274791
0.238183 -2.566605 73.081423
0.000202 -0.004518 1.000000
0.042537 -1.425463 463.508970
-0.075045 -2.104743 239.381316
0.000150 -0.003747 1.000000
0.226158 -2.858357 617.074562
0.340030 -2.668991 203.565218
0.000455 -0.004318 1.000000
0.103883 -0.917438 411.037209
0.063883 -1.281912 -0.265072
0.000012 -0.003084 1.000000
-0.244500 -1.702057 684.531909
-0.289173 -1.983289 583.527911
-0.000376 -0.002803 1.000000
0.116667 -0.941160 280.747376
-0.113819 -2.013928 415.171996
-0.000061 -0.003120 1.000000
0.030673 -1.170897 440.209045
-0.018579 -2.090112 188.656504
0.000014 -0.003518 1.000000
-0.123985 -1.584453 999.112893
-0.083934 -0.539288 91.002582
-0.000177 -0.002405 1.000000
0.255226 -1.780728 821.757309
-0.053763 -0.866765 -41.956042
0.000496 -0.003050 1.000000
0.466718 -3.548443 784.435929
0.383833 -2.487636 -130.992674
0.000833 -0.004900 1.000000
-0.196924 -2.111811 689.313034
-0.119815 -1.534958 156.829891
-0.000343 -0.003097 1.000000
0.188213 -1.801304 536.101339
-0.015884 -1.090776 63.770665
0.000168 -0.002902 1.000000
-0.006476 -2.382028 606.685402
-0.012450 -1.443726 145.189803
0.000059 -0.003170 1.000000
0.051360 -0.841041 343.295704
-0.168557 -2.327290 385.498915
-0.000149 -0.003558 1.000000
-0.023223 -0.871106 427.914243
-0.154115 -2.587659 425.077986
-0.000150 -0.003974 1.000000
-0.119863 -1.583728 690.913253
-0.088960 -1.191118 69.026688
-0.000350 -0.002394 1.000000
-0.004862 -2.988389 381.980532
-0.064564 -2.590115 273.317898
0.000234 -0.004317 1.000000
-0.656876 -1.957199 808.079315
-0.434026 -1.621607 438.005526
-0.000605 -0.002616 1.000000
0.084897 -2.051798 257.161136
0.023852 -0.939864 -67.776292
-0.000065 -0.002978 1.000000
-0.088366 -1.411393 317.795687
-0.123621 -1.310831 127.108675
-0.000284 -0.002643 1.000000
0.487912 -1.349224 -84.501486
0.351263 -2.171070 -127.684650
0.000977 -0.004687 1.000000
-0.132816 -1.833730 636.995320
-0.086919 -0.760334 -66.957098
-0.000119 -0.002461 1.000000
0.026890 -1.602721 596.808896
-0.079513 -0.933313 115.727206
0.000033 -0.002476 1.000000
-0.140705 -1.206206 291.355125
-0.146080 -1.441608 105.762182
-0.000372 -0.002699 1.000000
-0.107156 -1.135643 443.751087
-0.097501 -1.335616 238.547189
-0.000124 -0.002537 1.000000
0.122847 -1.716988 182.381471
-0.068736 -1.777905 -104.620511
0.000570 -0.004195 1.000000
1.000000 -0.000000 0.000000
0.000000 1.000000 -0.000000
0.000000 -0.000000 1.000000
-0.104085 -1.785032 438.304888
-0.107348 -1.762347 182.866093
-0.000151 -0.003135 1.000000
-0.286969 -2.031453 548.398114
-0.146573 -1.618587 289.204019
0.000074 -0.003141 1.000000
-0.170845 -1.271057 672.438642
-0.075321 -1.128964 8.992477
-0.000198 -0.002474 1.000000
-0.032098 -0.992678 103.929685
-0.193803 -0.805243 -176.018218
-0.000223 -0.002526 1.000000
-0.300439 -1.653272 647.088966
-0.227189 -1.139210 219.915865
-0.000399 -0.002258 1.000000
0.021044 -1.389061 388.627650
-0.015881 -1.666596 249.336387
-0.000054 -0.002923 1.000000
0.323597 0.425517 -108.602112
-0.803209 3.041594 43.347122
-0.001744 0.002837 1.000000
