0.467276 -2.179088 352.205087
0.278605 -1.302143 -337.913744
0.001146 -0.004043 1.000000
0.084616 -1.520511 342.134633
0.032466 -1.010298 -180.830864
0.000356 -0.003218 1.000000
0.009809 -0.883578 87.506353
-0.140199 -0.662836 63.716789
0.000049 -0.002482 1.000000
0.415955 -1.843534 -62.194620
0.248988 -1.419972 -318.362566
0.000885 -0.004212 1.000000
0.629134 -1.895909 -275.956793
0.472828 -2.069684 -104.310784
0.001519 -0.005224 1.000000
0.440579 -2.175103 256.029282
0.307258 -1.517311 -349.165414
0.001999 -0.005428 1.000000
0.059563 -1.007687 35.231910
0.068054 -1.106931 -121.448322
0.000370 -0.003211 1.000000
0.092115 -1.139822 95.534026
0.051783 -1.147392 -84.445586
0.000109 -0.002942 1.000000
0.178534 -1.288081 -312.516059
0.374833 -1.447749 -334.372101
0.001190 -0.004531 1.000000
0.575210 -2.299975 902.597524
0.035078 -0.630182 -87.799588
0.000688 -0.003154 1.000000
0.349461 -1.950673 606.571353
0.010337 -0.995123 -417.477810
0.000646 -0.003491 1.000000
0.046658 -0.899263 -85.876300
-0.060468 -0.835708 -44.928195
-0.000005 -0.002697 1.000000
0.249883 -1.110499 92.088643
0.091143 -0.681258 -290.528406
0.001489 -0.003927 1.000000
0.211231 -1.484194 522.101062
0.129762 -1.164045 -692.526265
0.000332 -0.003205 1.000000
0.289402 -1.902755 994.993278
0.303694 -2.005415 -22.284042
0.000962 -0.004494 1.000000
0.191659 -1.537128 115.302237
0.032632 -1.259590 -83.358681
0.000512 -0.003457 1.000000
0.213660 -1.765101 362.540315
0.168029 -1.219455 -188.272242
0.000686 -0.003727 1.000000
0.371664 -1.812337 152.745844
0.393058 -1.618538 -371.328639
0.001197 -0.004627 1.000000
0.000215 -0.960096 225.756591
-0.094937 -0.800106 -54.086612
0.000206 -0.002708 1.000000
0.201177 -1.004453 218.543718
0.049947 -0.625350 -31.617429
0.000473 -0.002728 1.000000
0.042301 -0.870963 201.348323
0.004211 -0.729667 -34.820764
0.000265 -0.002570 1.000000
0.055315 -1.425254 -153.496174
-0.182199 -0.772439 -48.504903
-0.000101 -0.002407 1.000000
0.940908 -2.069973 1590.304926
0.596784 -1.922799 1251.089023
0.001242 -0.003961 1.000000
0.025884 -1.420171 311.834766
0.196575 -1.434875 -214.863927
0.000184 -0.003197 1.000000
0.197339 -1.157194 331.192474
-0.152363 -0.955327 -11.838676
0.000214 -0.003130 1.000000
0.362274 -1.694676 521.925561
-0.047929 -1.165833 -66.698221
0.000258 -0.003030 1.000000
0.212203 -1.483851 181.111095
0.192409 -1.372117 -56.335805
0.001303 -0.004297 1.000000
0.058327 -1.233032 -278.852710
0.460933 -1.502526 -286.276044
0.000755 -0.003716 1.000000
0.042256 -1.011373 123.076363
0.086276 -0.711837 -14.694818
0.000627 -0.003030 1.000000
0.106701 -1.012112 499.690516
-0.022958 -1.096421 8.837349
-0.000038 -0.002391 1.000000
-0.179045 -0.902145 617.422286
0.102493 -1.155052 -244.837157
0.000125 -0.002912 1.000000
0.066807 -1.212103 140.898179
-0.060042 -0.729759 -147.182910
0.000090 -0.002801 1.000000
0.104001 -1.282382 490.014840
0.065930 -0.576307 -369.543729
0.000749 -0.003322 1.000000
0.021820 -1.328967 501.137727
0.163894 -1.564304 -190.155218
0.000501 -0.003702 1.000000
-0.031820 -0.979215 278.436171
-0.244908 -0.982207 148.861555
-0.000144 -0.002354 1.000000
-0.311328 -0.679729 574.552908
-0.041779 -0.424547 -174.088439
-0.000424 -0.001827 1.000000
0.357219 -1.533416 102.189641
0.110197 -1.035500 -247.876308
0.001269 -0.004268 1.000000
0.031880 -0.798854 138.302835
-0.053340 -0.581926 -19.808250
0.000130 -0.002352 1.000000
0.922719 -1.898824 -454.070089
0.528364 -1.117840 -441.381460
0.003117 -0.006138 1.000000
0.512407 -1.418377 65.078359
0.319130 -1.052296 -480.143639
0.000818 -0.003688 1.000000
0.138736 -0.993861 247.384817
0.293915 -1.173273 -481.530745
0.000927 -0.003967 1.000000
1.108920 -2.429539 -407.132563
1.023694 -2.086047 -1421.361252
0.004464 -0.007733 1.000000
0.321930 -1.270714 127.215471
0.160226 -0.839907 -229.579438
0.000945 -0.003453 1.000000
-0.137353 -0.840153 157.304274
-0.218538 -0.595826 -226.337781
-0.000223 -0.002139 1.000000
0.158295 -0.817763 53.135669
0.050628 -0.477024 -118.396080
0.000713 -0.002883 1.000000
0.070337 -1.622141 414.837343
-0.026729 -1.027981 -144.499322
-0.000002 -0.002838 1.000000
-0.060765 -0.690531 284.637589
-0.027420 -0.582897 -49.198659
0.000029 -0.002283 1.000000
0.685458 -2.454133 37.873822
0.060164 -1.202036 -848.944420
0.001140 -0.004285 1.000000
0.669291 -1.822405 293.612924
0.229557 -1.094155 -407.269762
0.000925 -0.003638 1.000000
0.578246 -1.974308 27.586129
0.197346 -1.259952 -282.501941
0.000461 -0.003739 1.000000
0.460687 -1.427525 548.949069
0.135192 -0.824352 -168.012882
0.000735 -0.003367 1.000000
0.147492 -1.348829 844.400176
0.042993 -1.493346 -153.900389
-0.000086 -0.003765 1.000000
0.739667 -2.212615 -8.084831
0.193419 -0.975440 -392.828438
0.001216 -0.004232 1.000000
0.216808 -1.513439 452.925866
0.238324 -1.394387 -169.208745
0.000338 -0.003197 1.000000
0.159145 -1.531447 267.811392
0.019517 -0.902726 -285.372853
0.000615 -0.003282 1.000000
0.355633 -1.682800 593.653896
0.081705 -0.817935 -63.591433
0.000071 -0.002424 1.000000
0.385378 -2.006198 463.824457
0.137419 -0.852783 -332.533284
0.000518 -0.003315 1.000000
0.202289 -1.637125 410.245369
0.314367 -1.360077 -380.746218
0.000697 -0.003743 1.000000
0.211365 -1.659263 134.640120
0.125210 -0.998726 -115.155444
0.000530 -0.003440 1.000000
0.027560 -1.381453 513.027733
0.025804 -0.973463 -86.670876
-0.000046 -0.002577 1.000000
0.283045 -1.622557 -43.475955
0.155338 -0.958851 -45.222589
0.000384 -0.003201 1.000000
-0.133542 -0.920452 248.300339
0.059373 -0.729900 32.798134
0.000142 -0.002382 1.000000
0.187153 -0.712705 107.214384
0.035995 -0.334589 -55.642741
0.001041 -0.003156 1.000000
1.254276 -2.725728 474.692330
0.586357 -1.756656 -653.467403
0.001776 -0.005223 1.000000
1.726949 -3.395725 527.236803
0.371661 -0.977916 -596.325145
0.001906 -0.004611 1.000000
-0.094084 -0.961550 219.872223
-0.056463 -0.896417 -83.734446
-0.000223 -0.002398 1.000000
0.054092 -1.371583 99.387014
0.041656 -1.212417 -14.739747
-0.000018 -0.002901 1.000000
0.029421 -1.183090 314.187423
0.056736 -0.755474 -87.878500
0.000302 -0.002715 1.000000
0.313442 -1.465274 118.995362
0.063693 -0.733088 -190.801309
0.000360 -0.003010 1.000000
0.218793 -1.294987 327.274512
-0.134403 -0.426964 -25.418501
0.000356 -0.002634 1.000000
0.325229 -1.610730 338.020310
0.264641 -1.053980 -146.711515
0.000398 -0.002965 1.000000
0.144979 -1.330409 532.356640
0.012803 -1.043011 -43.327961
-0.000012 -0.002652 1.000000
0.298812 -1.605499 -479.770397
0.135973 -1.281999 -220.645714
0.000500 -0.003543 1.000000
0.137991 -1.228202 616.444762
-0.168983 -0.526458 -165.179291
0.000068 -0.002481 1.000000
0.012296 -1.105905 609.627328
-0.019005 -0.748368 -94.146231
-0.000060 -0.002289 1.000000
0.488553 -1.546196 410.873175
-0.123361 -0.713324 -35.731056
0.000862 -0.003400 1.000000
0.502043 -2.125012 -458.395646
0.464087 -1.570469 -187.937067
0.001975 -0.004842 1.000000
0.128867 -1.264889 107.297210
0.032711 -0.882737 119.148636
0.000394 -0.002739 1.000000
0.217423 -2.052664 584.886921
0.003496 -1.018168 -140.395391
0.000375 -0.003276 1.000000
0.701213 -2.621068 325.260725
0.296737 -1.595752 -122.212695
0.000976 -0.004365 1.000000
0.461213 -2.589820 788.645168
-0.057080 -1.058470 -79.968184
0.000478 -0.003616 1.000000
0.593385 -2.258696 664.886893
0.094112 -1.255506 -71.639608
0.000816 -0.003764 1.000000
0.124047 -1.452441 579.460802
-0.113828 -0.779803 76.373021
0.000064 -0.002370 1.000000
0.039649 -1.246895 548.265320
-0.020335 -0.750692 -56.594147
0.000236 -0.002636 1.000000
0.239076 -1.286236 10.253283
0.107184 -0.790288 19.650960
0.000539 -0.003260 1.000000
0.009583 -0.982047 182.792554
0.131291 -0.532282 -42.259015
0.000794 -0.002863 1.000000
-0.195626 -1.498476 541.593849
-0.179888 -1.029646 136.623677
-0.000310 -0.002475 1.000000
0.411429 -2.016961 449.787558
0.199157 -1.571184 30.748409
0.000561 -0.003730 1.000000
0.054886 -1.012927 110.054409
0.100157 -0.733938 52.149234
0.000292 -0.002709 1.000000
0.043213 -1.535684 604.480448
0.006151 -0.803585 -43.796735
0.000192 -0.002605 1.000000
0.167420 -1.943264 503.306509
-0.080335 -1.027144 -132.215638
0.000155 -0.003137 1.000000
0.143246 -1.624445 434.461626
0.166361 -1.212956 57.666939
0.000469 -0.003128 1.000000
-0.520745 -1.941108 560.128556
-0.190913 -1.466684 280.230462
-0.000317 -0.002989 1.000000
0.105808 -0.920896 10.277057
0.339616 -1.305774 35.062913
0.000728 -0.003327 1.000000
0.008737 -1.552659 442.802919
0.111182 -1.161902 -17.256072
0.000339 -0.003227 1.000000
0.298876 -1.482883 527.407414
0.028569 -1.077660 33.221602
0.000550 -0.003366 1.000000
0.385971 -3.548051 936.046582
1.023960 -3.676108 -41.665709
0.002496 -0.007227 1.000000
0.205973 -0.799968 417.672860
0.013143 -0.170393 8.498750
-0.000152 -0.001516 1.000000
-0.038288 -1.866903 586.874879
0.076116 -1.932309 149.194728
0.000234 -0.003614 1.000000
-0.069595 -1.775216 361.841979
-0.175156 -1.201209 96.726070
-0.000032 -0.003100 1.000000
0.394082 -1.927142 497.205327
0.001306 -1.089993 55.477132
0.000345 -0.003059 1.000000
0.322141 -1.769259 328.269023
0.129764 -1.574435 37.206744
0.000112 -0.003184 1.000000
0.376234 -1.788616 490.231171
0.087874 -1.523713 22.779338
0.000211 -0.003152 1.000000
0.060373 -1.958050 536.898884
0.099000 -1.167507 -114.591815
0.000313 -0.003312 1.000000
0.497253 -2.147782 508.468331
0.069556 -1.385587 -62.984651
0.000649 -0.003699 1.000000
0.078843 -1.282444 405.847716
0.021908 -0.972801 -138.328356
0.000642 -0.003493 1.000000
0.405144 -1.667792 160.520201
-0.080432 -0.566267 -228.491011
0.000755 -0.003353 1.000000
0.117588 -1.571484 537.548374
-0.051033 -1.263096 45.403224
0.000091 -0.003032 1.000000
0.058138 -1.501235 533.146805
0.018922 -1.007858 -74.434586
0.000054 -0.002713 1.000000
-0.281803 -1.250797 443.532571
-0.089266 -0.932059 177.379350
0.000189 -0.002801 1.000000
0.048848 -1.764642 398.562388
-0.026268 -1.163408 -127.082884
0.000207 -0.003376 1.000000
0.339560 -2.200430 521.934291
0.392403 -1.777984 -258.786463
0.000878 -0.004138 1.000000
0.350739 -2.165029 301.334945
-0.071953 -1.232304 26.194094
0.000159 -0.003422 1.000000
0.860724 -2.313610 301.938889
0.168122 -1.344369 -484.503903
0.000820 -0.003848 1.000000
0.467856 -1.933924 367.184637
0.094558 -0.920215 -130.826818
0.000571 -0.003413 1.000000
0.113875 -1.381391 430.364956
0.368492 -1.011534 -108.842450
0.000693 -0.003073 1.000000
0.042147 -2.585158 590.462165
0.228022 -2.660308 144.366160
0.000297 -0.004387 1.000000
2.082493 0.525444 -379.019932
0.202312 2.143661 -339.836862
0.000587 0.000780 1.000000
1.332316 0.288529 -158.837990
-0.006965 1.630807 -173.976818
0.000053 0.000434 1.000000
1.426414 0.929528 -369.194321
-0.336291 2.133424 -127.092390
-0.000428 0.001504 1.000000
1.122283 0.034137 -21.655841
0.066364 1.237325 -95.114560
0.000053 0.000164 1.000000
1.000000 -0.000000 -0.000000
0.000000 1.000000 0.000000
0.000000 0.000000 1.000000
0.800207 0.173314 24.121329
-0.320002 1.113822 57.341056
-0.000389 0.000394 1.000000
0.619214 0.109836 93.791351
-0.146017 1.188847 -35.946035
-0.000406 0.000281 1.000000
0.534104 -0.130562 168.227288
-0.177764 0.862287 58.447559
-0.000289 -0.000172 1.000000
0.474243 -0.033647 147.423278
-0.339135 0.907043 107.963574
-0.000477 0.000073 1.000000
0.594653 -0.270741 173.458990
-0.142037 0.580220 141.466426
-0.000206 -0.000287 1.000000
0.727530 -0.037970 93.496097
-0.123044 0.941787 129.848294
-0.000179 0.000140 1.000000
-0.020379 -0.838933 385.552542
-0.281168 -0.378430 259.399376
-0.000531 -0.001272 1.000000
0.062997 -1.494121 498.526029
-0.045758 -1.070525 151.818936
0.000047 -0.002614 1.000000
0.681480 1.022774 -177.726532
-0.480288 2.626601 -85.221621
-0.001174 0.002251 1.000000
-0.327891 -1.226227 495.974639
-0.263785 -1.047207 217.528326
-0.000346 -0.002415 1.000000
-0.744123 -2.995441 971.516123
0.220477 -3.967573 415.153155
0.000361 -0.005570 1.000000
-0.252403 -1.595883 581.704642
-0.155263 -1.159297 189.910877
-0.000117 -0.002671 1.000000
-2.501927 -2.654392 1164.709109
-0.935892 -3.166019 756.146333
-0.001695 -0.004261 1.000000
2.950440 0.761482 -390.231499
-0.322970 4.010886 -154.516128
0.000400 0.003124 1.000000
-0.152589 -1.208225 577.565267
-0.147647 -0.680768 147.336990
-0.000031 -0.002160 1.000000
-0.195886 -2.293722 651.031291
0.184768 -2.041144 207.056631
0.000331 -0.003971 1.000000
0.124750 -1.467744 458.851313
-0.132337 -0.550351 140.530117
-0.000128 -0.002240 1.000000
0.137428 -1.020256 318.476480
-0.175198 -0.318389 48.284112
-0.000336 -0.001602 1.000000
-0.599745 -1.799037 859.398715
-0.083384 -1.182386 152.935902
-0.000274 -0.002749 1.000000
-0.317888 -1.257284 529.734889
0.037389 -0.987864 44.816393
-0.000190 -0.002568 1.000000
0.946764 -2.416264 758.547026
0.249969 -0.899381 -77.308628
0.001715 -0.004277 1.000000
0.430938 -2.224880 775.828324
0.009978 -0.739480 -101.716179
0.000600 -0.003229 1.000000
-0.149952 -1.299058 809.278721
-0.049849 -0.549458 16.833974
0.000038 -0.002130 1.000000
-0.143026 -0.830723 452.212367
0.070901 -0.845507 -172.656141
0.000126 -0.002626 1.000000
0.453722 -1.367681 678.433654
0.156983 -0.670246 -303.054960
0.000722 -0.003053 1.000000
-0.189030 -1.530592 460.792583
-0.024847 -1.316256 -148.913565
0.000154 -0.003328 1.000000
-0.319596 -0.943821 219.304141
-0.224033 -0.828180 183.531714
-0.000531 -0.001842 1.000000
-0.105359 -1.376597 212.005905
-0.166783 -0.968342 -100.547848
-0.000345 -0.002438 1.000000
0.352353 -2.477048 744.628749
0.170303 -1.326779 -176.877684
0.000319 -0.003295 1.000000
1.178495 -3.846047 1347.987974
0.287493 -2.324652 -481.725636
0.001940 -0.006511 1.000000
0.825251 -2.902551 963.876112
0.378370 -1.781148 -155.801517
0.001117 -0.004491 1.000000
0.009363 -1.532658 568.660135
0.119747 -0.898094 -264.854538
0.000586 -0.003333 1.000000
0.355915 -1.891771 793.185436
0.002147 -1.009158 -67.634179
0.000283 -0.003303 1.000000
-0.981520 -1.454535 888.752859
0.057165 -1.622911 285.054651
-0.000236 -0.003391 1.000000
-0.220163 -1.339315 475.051097
-0.130896 -1.238036 272.445972
-0.000229 -0.002625 1.000000
0.314378 -2.093920 1258.484511
-0.110185 -0.521690 -126.850774
0.000409 -0.002849 1.000000
0.654084 -2.441009 1252.883437
0.470717 -1.410894 -210.888679
0.000638 -0.003521 1.000000
-0.201416 -1.280230 468.551701
-0.348291 -1.077186 275.475077
-0.000537 -0.002072 1.000000
0.140641 -1.197170 544.943554
-0.140876 -0.545587 101.011863
0.000013 -0.002070 1.000000
-0.219294 -4.516252 1200.143390
0.417063 -3.599609 160.325519
0.001502 -0.008387 1.000000
0.016044 -1.519446 455.525708
-0.006441 -0.853078 -9.018117
-0.000083 -0.002491 1.000000
0.009910 -1.040557 403.087572
-0.032080 -1.157767 -8.491413
0.000246 -0.003185 1.000000
0.240359 -1.276878 -3.477812
0.308093 -1.465097 -172.354078
0.001151 -0.004087 1.000000
0.110847 -0.898149 138.323682
0.074869 -0.887024 -78.099996
0.000630 -0.003147 1.000000
-2.143528 1.027287 3549.934715
-3.844134 3.590723 -2851.150815
-0.007726 0.006132 1.000000
0.140510 -1.125306 -175.992524
0.022978 -1.054414 20.603415
0.000512 -0.003410 1.000000
-0.058810 -1.252444 203.357707
0.011469 -1.103199 81.123665
0.000059 -0.002853 1.000000
-0.092684 -1.573004 330.395429
0.304004 -1.514293 -356.417178
0.000421 -0.003614 1.000000
0.103569 -1.726601 622.959233
-0.140468 -1.479528 184.503773
0.000038 -0.003142 1.000000
0.032300 -1.382590 510.883099
-0.149144 -1.332064 193.648323
0.000185 -0.003075 1.000000
-0.018667 -0.806286 31.310963
0.034730 -1.320604 33.376636
0.000140 -0.002988 1.000000
0.543054 -1.545483 -196.110866
0.487071 -1.657988 -214.616966
0.001141 -0.004173 1.000000
0.127856 -0.825741 -18.168379
0.223735 -0.912176 -69.480010
0.000578 -0.003142 1.000000
0.027436 -0.857540 97.711617
-0.059960 -0.756704 99.801662
0.000104 -0.002424 1.000000
-0.043241 -1.710026 336.895089
0.136249 -1.835985 -93.291240
0.000214 -0.003449 1.000000
0.013773 -0.769335 124.409911
-0.009633 -0.729690 15.549814
0.000807 -0.003403 1.000000
-0.083454 -1.153000 10.973294
0.055307 -1.168235 5.909062
-0.000030 -0.002778 1.000000
0.096046 -0.765843 30.746353
0.106356 -0.943006 1.547242
0.000299 -0.002996 1.000000
-0.185220 -0.908647 107.735002
-0.050488 -0.881581 7.791953
0.000244 -0.003070 1.000000
0.316264 -1.961225 -79.415292
0.324649 -1.935385 -35.158074
0.001165 -0.004652 1.000000
0.065024 -1.215751 220.530359
-0.010737 -1.025361 -328.649312
0.000158 -0.002925 1.000000
0.541116 -1.040138 322.945026
-0.233685 0.227390 93.184454
-0.000221 -0.001064 1.000000
0.318035 -1.753321 498.153308
-0.069213 -0.446801 -57.585817
0.000122 -0.002506 1.000000
0.794842 -3.358870 -534.641859
1.279692 -2.945621 -716.515988
0.004150 -0.009542 1.000000
0.059247 -0.721626 27.818338
0.190755 -0.788091 -8.006317
0.000909 -0.003220 1.000000
0.060716 -1.463108 -32.307846
0.145366 -1.493955 23.241712
0.000248 -0.003442 1.000000
-0.028387 -1.531394 135.875924
-0.097060 -1.266158 -3.401101
-0.000015 -0.002747 1.000000
0.024603 -0.937991 -845.196986
0.892406 -2.394022 822.981461
0.001415 -0.004506 1.000000
-0.286429 -1.007106 355.812436
-0.296409 -0.988072 -508.991552
-0.000681 -0.001770 1.000000
-0.183042 -0.616263 -87.133296
-0.131546 -0.460756 21.000223
-0.000643 -0.001564 1.000000
0.341413 -1.797149 -388.227650
0.193317 -1.420761 -113.564769
0.000886 -0.004361 1.000000
-0.078513 -0.729379 -74.817671
-0.174566 -0.567521 83.180010
-0.000518 -0.001822 1.000000
-0.502201 -0.848876 -48.706564
-0.293737 -0.552077 305.095929
-0.000893 -0.001417 1.000000
1.184913 -2.377524 -4810.859951
1.696058 -4.346143 2225.533726
0.003247 -0.007720 1.000000
-0.167919 -0.904915 863.452006
-0.145409 -0.990703 120.813651
-0.000346 -0.001869 1.000000
-0.121096 -1.164756 889.213865
-0.158999 -0.779594 -348.714869
-0.000598 -0.001870 1.000000
0.857918 -2.127654 -1233.524418
0.684953 -1.619821 512.653086
0.001460 -0.003890 1.000000
-0.139563 -1.190093 158.799362
-0.275529 -0.992749 172.690281
-0.000486 -0.002329 1.000000
-0.023465 -1.061831 139.399187
-0.187612 -1.158783 1094.154984
-0.000290 -0.002111 1.000000
-0.228944 -1.155353 1251.489113
-0.196980 -0.864142 -163.330382
-0.000539 -0.001861 1.000000
0.342251 -2.364697 982.475998
0.084570 -1.294103 43.197528
0.000367 -0.003617 1.000000
-0.144106 -1.440562 1258.523559
-0.084691 -1.343373 305.207465
-0.000335 -0.002824 1.000000
-0.019144 -1.491884 902.161021
-0.066256 -0.432206 91.824154
-0.000097 -0.001967 1.000000
0.317950 -2.039311 942.998779
-0.099041 -1.254224 82.649927
0.000192 -0.003295 1.000000
0.594939 -2.407393 1189.046754
0.056576 -1.421099 -217.770332
0.001037 -0.003985 1.000000
0.803646 -2.471926 825.367060
0.037131 -0.569005 -82.909926
0.000802 -0.003191 1.000000
-0.436205 -1.174418 964.362365
-0.219149 -0.522350 73.561648
-0.000597 -0.001652 1.000000
0.100953 -2.035445 1606.154531
0.032362 -1.510319 -269.595649
0.000146 -0.003842 1.000000
2.298841 -4.359503 -3137.043047
2.516503 -5.051256 4847.242709
0.004840 -0.009389 1.000000
0.150666 -1.899544 374.389661
0.206771 -1.304443 -260.099666
0.000375 -0.003480 1.000000
0.919670 -2.711968 7953.499655
0.551183 -2.033928 554.629373
0.001209 -0.004398 1.000000
0.442204 -1.415909 -1492.659677
0.927627 -2.373315 387.398379
0.001771 -0.004558 1.000000
-0.073894 -1.636932 1003.204157
-0.082300 -0.764497 78.748674
-0.000066 -0.002534 1.000000
0.627507 -2.688496 1168.321137
0.214033 -0.929381 -131.747729
0.000724 -0.003544 1.000000
2.167531 -4.850750 1013.069512
0.965717 -1.977075 -1981.509288
0.003514 -0.007261 1.000000
0.479823 -2.103149 369.226044
0.257199 -1.071528 -168.108681
0.001322 -0.004000 1.000000
-0.441983 -0.630140 367.857515
-0.220521 -0.558004 -277.547171
-0.000833 -0.001401 1.000000
1.410363 -3.432115 2011.478501
1.371953 -3.465826 4432.551900
0.002758 -0.006016 1.000000
1.612692 -3.595149 1079.178620
0.613779 -1.382033 -113.549908
0.001769 -0.004256 1.000000
-1.164591 -0.056870 2339.431148
-0.865297 0.108259 512.145426
-0.001786 0.000161 1.000000
0.257185 -2.783550 273.555829
0.268808 -1.903399 -928.899972
0.001167 -0.004840 1.000000
2.165285 -4.013279 -719.632688
1.217206 -2.119548 -1237.349142
0.003601 -0.007262 1.000000
0.028581 -0.673096 244.128703
0.019479 -0.293669 48.890047
0.000108 -0.001918 1.000000
-0.854781 -0.773964 1027.194505
-0.021863 -0.620680 17.059107
-0.000925 -0.001396 1.000000
0.913665 -2.968182 881.392791
0.335403 -1.233935 -142.893458
0.000677 -0.003472 1.000000
-0.448616 -0.803909 667.798918
-0.334774 -0.492459 1.863419
-0.000730 -0.001525 1.000000
-0.181533 -1.295400 809.513533
-0.032652 -0.822673 63.288610
-0.000173 -0.002395 1.000000
-0.148756 -1.271995 557.299996
-0.112105 -0.727854 -67.672845
0.000080 -0.002552 1.000000
-0.114658 -1.304250 910.721150
-0.181770 -0.851212 -60.711043
-0.000104 -0.002413 1.000000
0.134153 -2.138948 845.499760
-0.028071 -1.183949 -91.643395
0.000241 -0.003333 1.000000
0.728377 -2.395402 817.589886
0.046095 -0.951586 47.738234
0.000724 -0.003456 1.000000
-0.041208 -1.467334 660.872149
-0.039859 -1.092905 -61.000866
-0.000229 -0.002486 1.000000
0.070893 -2.095655 853.025802
0.002907 -1.607578 20.985200
-0.000054 -0.003558 1.000000
0.772399 -2.451500 909.044048
0.179139 -0.665827 -286.722102
0.000903 -0.003566 1.000000
0.175707 -1.597735 717.594392
-0.002912 -0.984152 -83.766649
0.000155 -0.002731 1.000000
-0.121239 -1.533900 891.255182
-0.017099 -0.739311 113.009868
-0.000209 -0.002092 1.000000
1.736273 -3.186794 21.630019
1.245621 -2.815846 -781.291006
0.002856 -0.005733 1.000000
0.128292 -1.664824 799.023021
-0.047471 -0.767549 -33.207480
0.000304 -0.002872 1.000000
0.112172 -2.224401 984.616894
0.057681 -1.137044 19.297658
0.000279 -0.003002 1.000000
1.184700 -3.195625 895.456531
0.242287 -0.837315 -120.417961
0.001352 -0.004023 1.000000
0.029499 -1.308642 308.988286
-0.007941 -0.629290 -2.526991
0.000195 -0.002811 1.000000
0.400830 -1.917627 907.524763
0.128660 -1.327118 -50.259940
0.000134 -0.002974 1.000000
0.057856 -1.716758 874.831164
-0.214519 -1.300533 183.875029
-0.000007 -0.002829 1.000000
0.003937 -1.475011 606.808791
-0.124702 -1.085557 -130.926012
-0.000009 -0.002536 1.000000
-0.242090 -1.530767 668.645599
0.074528 -1.448296 -209.311785
0.000062 -0.003173 1.000000
0.124090 -1.390398 330.781363
-0.045367 -0.931670 1.447075
0.000557 -0.003194 1.000000
-0.499294 -0.768882 790.561106
-0.321029 -0.756876 5.324271
-0.000760 -0.001843 1.000000
0.347301 -1.630099 321.961429
0.042422 -1.086709 -173.971473
0.000483 -0.003311 1.000000
0.110011 -1.576112 505.828919
-0.030125 -1.147010 -79.586740
0.000559 -0.003552 1.000000
0.145326 -1.248213 749.883336
-0.029411 -1.141845 38.757325
-0.000021 -0.002685 1.000000
-0.240584 -1.310509 686.135691
0.030634 -1.093763 -58.730126
-0.000215 -0.002772 1.000000
-0.007188 -1.264932 598.383848
-0.080686 -0.975995 53.682345
0.000029 -0.002526 1.000000
-0.166552 -0.911374 594.067128
-0.254484 -0.937186 243.647545
-0.000306 -0.002208 1.000000
0.802000 -2.431542 324.315298
0.339629 -2.000949 -366.303846
0.001364 -0.004775 1.000000
-0.396402 -0.921688 771.352093
-0.277075 -0.762981 220.428684
-0.000572 -0.001845 1.000000
-0.330526 -1.065153 738.964551
-0.241218 -0.775923 8.691647
-0.000589 -0.002116 1.000000
0.325494 -2.223556 1118.906303
0.098289 -0.754136 81.518312
0.000299 -0.002775 1.000000
-0.079213 -1.480397 291.806194
0.082508 -0.547089 -322.692148
0.000223 -0.002758 1.000000
0.124649 -1.646396 641.564152
-0.111029 -1.100044 72.442668
0.000009 -0.002891 1.000000
-0.154031 -1.304581 408.656236
-0.171405 -0.724814 117.106609
-0.000400 -0.002167 1.000000
0.076052 -1.356280 619.682278
-0.004908 -0.826379 -65.805805
-0.000051 -0.002519 1.000000
0.089738 -1.785295 704.896690
-0.094046 -0.665151 -247.001874
0.000344 -0.002971 1.000000
0.126538 -1.342061 557.381902
-0.062987 -1.109630 152.096201
0.000014 -0.002502 1.000000
0.438583 -1.888803 628.010265
-0.018345 -1.123556 61.160174
0.000290 -0.002961 1.000000
0.276805 -1.868779 711.870829
-0.013736 -0.889628 66.208793
0.000374 -0.002742 1.000000
0.317181 -1.598147 425.785998
-0.081439 -1.394396 25.990359
0.000215 -0.003280 1.000000
0.734258 -2.896245 743.303649
0.389507 -2.284881 80.010132
0.001012 -0.004413 1.000000
0.257837 -1.389408 253.390234
-0.024529 -0.413858 -83.948531
0.000395 -0.002632 1.000000
0.193488 -1.113096 161.287644
0.203688 -0.868986 -29.866091
0.000987 -0.003263 1.000000
0.177567 -1.445550 500.821316
0.074908 -0.823055 -217.689217
0.000485 -0.002888 1.000000
0.067748 -1.831291 544.929436
-0.020933 -0.888000 -46.629953
0.000002 -0.002906 1.000000
0.555659 -2.309349 514.414115
0.447104 -1.949789 -300.148224
0.000995 -0.004333 1.000000
-0.120318 -1.341614 381.309103
-0.036163 -0.859409 -131.982770
0.000131 -0.002745 1.000000
0.259343 -1.526070 -73.061932
0.169227 -1.339255 -148.984368
0.000719 -0.003744 1.000000
-0.025833 -1.299932 224.593127
-0.104197 -1.303505 -26.354512
0.000177 -0.003187 1.000000
-0.095247 -1.325090 464.327983
-0.001259 -1.124120 -159.286557
0.000097 -0.002928 1.000000
0.105266 -1.120872 96.729452
0.100710 -1.286934 -70.223113
0.000485 -0.003439 1.000000
0.264614 -1.390820 428.125110
-0.268533 -0.689681 -153.416333
0.000252 -0.002907 1.000000
0.210621 -1.625846 752.932405
0.130861 -1.146187 -416.343106
0.000394 -0.003332 1.000000
0.066432 -1.290709 -57.641576
-0.029272 -1.019957 150.883808
0.000106 -0.002806 1.000000
0.862144 -2.527606 404.754803
0.174415 -1.390733 -112.697773
0.000802 -0.003958 1.000000
0.319785 -1.430719 50.595044
0.314570 -1.511293 -250.387142
0.001050 -0.003808 1.000000
0.491404 -2.518193 351.317438
0.401860 -2.109350 -772.311443
0.001438 -0.005044 1.000000
