0.150159 -1.195277 332.584563
-0.070182 -0.559002 50.753678
-0.000216 -0.002206 1.000000
0.079104 -0.829136 237.569838
-0.235416 -0.225295 142.289259
-0.000615 -0.001395 1.000000
0.212468 -0.922507 375.621427
0.186276 -0.991457 46.486472
0.000243 -0.002612 1.000000
0.027745 -1.398302 243.429836
0.072404 -0.892583 -54.381011
0.000070 -0.002807 1.000000
0.037934 -1.718006 410.416335
-0.049608 -1.446808 213.175972
-0.000057 -0.003206 1.000000
0.468292 -0.990559 275.412847
-0.124201 -0.095607 170.702268
0.000061 -0.001987 1.000000
0.435888 -0.252741 81.553700
-0.093199 0.547555 -48.308457
-0.000248 -0.001090 1.000000
1.244933 1.219607 -315.933187
-0.335499 3.815244 -494.694063
-0.000827 0.002728 1.000000
-5.996452 11.607082 -2837.530206
-6.708333 12.163691 2510.466810
-0.016099 0.024012 1.000000
-0.047071 -1.657936 816.872102
0.448607 -1.901001 -9.691428
0.000544 -0.003719 1.000000
0.101818 -1.548259 541.784122
0.199645 -0.966137 -78.386003
0.000299 -0.002852 1.000000
-0.078095 -1.116070 186.467885
0.184536 -1.095404 -12.718903
-0.000117 -0.002579 1.000000
-0.510980 -1.094170 432.170230
-0.247130 -1.124956 166.975696
-0.000893 -0.002134 1.000000
-0.172961 -0.822878 399.010021
-0.300672 -1.461400 196.506754
-0.000523 -0.002599 1.000000
0.375246 -1.260846 662.414453
0.251440 -1.868854 38.191722
0.000651 -0.003980 1.000000
0.400431 -0.364178 180.409615
-0.095527 0.337831 94.185848
-0.000358 -0.000811 1.000000
0.804968 -0.263420 88.391610
-0.036513 0.911074 -11.495798
-0.000155 -0.000286 1.000000
0.147046 -0.559761 260.945546
-0.106601 -0.045735 121.380374
-0.000319 -0.001325 1.000000
-0.152690 -0.651979 289.860099
-0.243395 -0.485971 131.164768
-0.000597 -0.001654 1.000000
-0.396631 -1.094219 328.878713
-0.224518 -0.674317 202.068271
-0.000673 -0.002003 1.000000
-0.729008 -1.150500 437.052965
-0.289895 -1.025807 249.951037
-0.000893 -0.002124 1.000000
-0.003227 -2.091557 583.898188
0.116049 -1.632986 261.823031
-0.000014 -0.002785 1.000000
1027.410853 -1466.037322 221691.072600
872.427993 -1304.682452 -614571.805972
1.887239 -2.589291 1.000000
1.000000 0.000000 0.000000
0.000000 1.000000 -0.000000
-0.000000 0.000000 1.000000
0.290935 -2.097502 610.284157
0.570020 -3.188209 5.288963
0.001287 -0.006023 1.000000
0.745830 -2.247952 494.417152
0.528465 -2.864805 -47.234889
0.001480 -0.005730 1.000000
-0.063735 -1.238534 364.016665
-0.099058 -0.947406 59.675837
-0.000121 -0.002729 1.000000
-0.130531 -0.852742 300.488964
-0.097822 -1.180496 90.245845
-0.000275 -0.002410 1.000000
2.493354 1.202099 -422.654884
0.324804 3.712188 -476.674022
0.000891 0.002023 1.000000
0.134581 -0.926239 428.252021
0.314457 -2.059591 20.873389
0.000488 -0.003690 1.000000
0.341827 -2.235139 549.693956
0.325270 -1.695456 -228.234131
0.000869 -0.004440 1.000000
0.607078 -2.154599 408.593363
0.641930 -2.628692 -589.320691
0.001423 -0.005210 1.000000
0.350159 -0.847013 257.073925
0.365362 -1.960012 -352.110230
0.000766 -0.004123 1.000000
-0.027301 -0.786196 437.036706
-0.114656 -0.769480 -12.857345
-0.000142 -0.002418 1.000000
0.131501 -1.292968 369.112261
0.237358 -1.947848 57.397188
0.000321 -0.003489 1.000000
-0.015768 -1.593472 546.610999
0.135289 -1.370468 -253.706661
0.000190 -0.003244 1.000000
-0.129853 -1.000579 688.383490
-0.063879 -0.718842 -195.355459
-0.000140 -0.002471 1.000000
0.945270 -2.497051 127.280303
0.881384 -1.935089 -547.886780
0.001280 -0.004070 1.000000
-0.304374 -0.902102 731.853517
-0.149785 -0.640197 -199.203539
-0.000547 -0.002168 1.000000
0.020082 -0.882137 939.686173
0.158659 -0.858344 -121.458529
0.000113 -0.002781 1.000000
-0.123271 -1.046956 916.707864
0.051340 -0.798103 -121.834006
0.000028 -0.002646 1.000000
-0.547344 -0.863556 875.908872
-0.334494 -0.617523 32.338472
-0.000774 -0.001861 1.000000
-0.305726 -0.604295 567.246302
-0.266430 -0.758609 255.932115
-0.000790 -0.002263 1.000000
-0.059728 -0.670756 159.201945
-0.138087 -0.521409 -150.304458
0.000091 -0.002161 1.000000
-0.840578 -0.335715 1375.038675
-0.404204 -0.235952 100.132473
-0.001699 -0.000614 1.000000
0.166607 -1.342620 879.711682
0.051549 -1.064656 -157.823494
0.000077 -0.003136 1.000000
0.153566 -0.728955 722.263554
0.147263 -0.873117 -109.745542
0.000395 -0.003169 1.000000
-0.355648 -0.766572 706.693879
-0.296975 -0.719594 210.605600
-0.000754 -0.001912 1.000000
-0.368985 -0.497034 614.210738
-0.315309 -0.809681 250.597373
-0.000898 -0.002086 1.000000
-0.720906 -0.397998 794.122787
-0.507174 -0.535523 151.144853
-0.001251 -0.001505 1.000000
-0.072346 -0.694638 653.351588
-0.083203 -0.853994 195.641010
-0.000145 -0.002901 1.000000
-0.178172 -0.712573 688.512449
-0.120044 -0.813350 159.106731
-0.000350 -0.002529 1.000000
-0.180706 -1.159404 752.485113
-0.110658 -0.660150 70.380926
-0.000278 -0.002170 1.000000
1.116852 -3.021432 565.915717
0.740820 -2.039682 -794.905318
0.001908 -0.006319 1.000000
-0.283646 -1.070472 847.012015
-0.214729 -0.844445 -365.598746
-0.000515 -0.002397 1.000000
-0.661849 -0.493226 847.214483
-0.375847 -0.485476 127.744435
-0.000878 -0.001519 1.000000
0.163186 -1.512331 680.857800
0.151154 -0.923018 -386.876322
0.000357 -0.003213 1.000000
0.027020 -1.567501 678.843315
-0.037997 -1.267700 -99.523352
0.000126 -0.003024 1.000000
0.013184 -1.459567 465.563494
-0.045747 -1.103016 -481.092227
-0.000045 -0.002836 1.000000
-2.330646 2.985821 -848.736629
-2.572187 2.218042 2291.796783
-0.005408 0.005185 1.000000
0.063380 -1.075852 -33.478097
-0.118141 -0.987093 -366.188519
-0.000028 -0.002911 1.000000
0.192640 -1.860519 580.302457
0.239975 -1.218647 -240.328824
0.000469 -0.003370 1.000000
-0.254550 -0.471697 151.550014
-0.171639 -0.391536 -0.669440
-0.000648 -0.001507 1.000000
0.173132 -1.826957 664.118393
0.175588 -1.444922 -371.556276
0.000257 -0.003357 1.000000
1.248301 -3.389297 1057.332981
0.880212 -2.783579 -684.233075
0.002579 -0.006896 1.000000
0.030066 -1.471259 1236.078220
0.016949 -1.443936 -73.337514
0.000174 -0.003117 1.000000
0.429261 -2.509924 109.199566
0.240159 -1.647472 -311.783523
0.000315 -0.003664 1.000000
0.457758 -1.943641 520.824950
0.436278 -1.527736 -551.848116
0.000886 -0.003964 1.000000
0.090697 -1.935844 47.526834
0.041698 -0.812613 -389.461540
0.000335 -0.003297 1.000000
0.109879 -1.825592 1046.666192
0.094447 -1.108934 -526.207258
0.000403 -0.003422 1.000000
-0.060408 -1.069011 382.120046
0.142824 -1.122238 -110.838410
0.000118 -0.002625 1.000000
0.681305 -2.532637 702.749241
0.483006 -1.586708 -366.293466
0.001107 -0.004035 1.000000
-0.562551 -1.113896 158.908029
-0.305488 -0.923141 274.821432
-0.000800 -0.002030 1.000000
0.403027 -1.902717 796.424506
0.254200 -0.947834 -467.988306
0.000729 -0.003696 1.000000
-0.308380 -0.840532 720.715982
-0.270975 -0.797335 101.692077
-0.000589 -0.002340 1.000000
0.045150 -1.022122 639.349841
0.025331 -1.053271 47.487987
0.000109 -0.002996 1.000000
0.061149 -0.647955 206.749319
0.051070 -0.991753 -257.602064
0.000039 -0.002571 1.000000
0.138646 -1.388904 -279.456177
0.111681 -1.199409 -61.544029
0.000423 -0.003237 1.000000
0.501800 -2.926494 876.535641
0.449089 -1.901620 -312.259553
0.000821 -0.004287 1.000000
-0.104960 -0.945421 86.354715
-0.065370 -1.254986 -19.055271
-0.000308 -0.002405 1.000000
0.038419 -1.492140 140.956842
0.198380 -1.332423 -125.452140
0.000057 -0.002819 1.000000
-0.028244 -1.502102 498.627387
0.083808 -1.804152 132.496572
0.000110 -0.003360 1.000000
0.313287 -1.550644 600.397069
0.345150 -1.802969 -353.656283
0.000596 -0.003864 1.000000
0.162234 -1.842552 983.842743
0.057945 -1.241908 -245.277521
0.000245 -0.003240 1.000000
0.458166 -1.574982 -76.169080
0.275905 -1.064919 -357.785645
0.001089 -0.003993 1.000000
0.320415 -1.403193 -131.238477
0.387425 -1.207126 -52.468082
0.000986 -0.003788 1.000000
0.193635 -1.693238 233.777035
-0.075189 -1.213907 -127.307562
-0.000055 -0.002980 1.000000
0.093057 -1.670174 541.178863
0.079855 -1.113188 -313.131113
0.000211 -0.003128 1.000000
-0.089152 -0.850940 -12.303752
-0.100739 -0.729254 17.141127
-0.000124 -0.002241 1.000000
0.309167 -2.621447 354.334747
0.031213 -1.444061 -137.636708
0.000106 -0.003593 1.000000
1.187859 -3.676801 316.933717
0.636550 -2.109410 -466.039757
0.001647 -0.005794 1.000000
1.152169 -2.837803 305.239571
0.571239 -2.241340 -355.441615
0.001777 -0.005227 1.000000
0.070224 -1.962334 198.721286
0.234900 -1.320331 -267.097184
0.000356 -0.003400 1.000000
-0.151860 -0.811537 103.314886
-0.234958 -0.510061 -11.214611
-0.000443 -0.001909 1.000000
0.084079 -1.108600 156.550622
-0.004323 -0.797373 -87.988043
-0.000030 -0.002687 1.000000
0.301497 -2.221222 1141.568530
0.278141 -2.097807 -223.484027
0.000654 -0.004311 1.000000
3.882485 -5.600894 -1787.517152
2.024183 -4.501258 -2839.861284
0.006388 -0.011729 1.000000
1.634889 -3.244546 -661.964112
0.878532 -1.953086 -1006.840515
0.002304 -0.005731 1.000000
0.398958 -1.979020 558.829792
0.357727 -1.121581 -402.146464
0.000898 -0.003473 1.000000
0.125622 -1.381130 -25.219621
0.020690 -0.983385 128.903389
0.000046 -0.002552 1.000000
1.131300 -3.972791 90.191334
0.373494 -2.060469 -66.796390
0.000999 -0.004738 1.000000
0.756118 -2.355035 335.841004
0.637598 -2.735229 -364.446071
0.001381 -0.005260 1.000000
0.047862 -1.415753 513.377720
-0.196448 -0.866462 -26.638764
-0.000335 -0.002229 1.000000
-0.253057 -2.207067 786.182865
0.330204 -1.998001 -272.328839
0.000201 -0.004192 1.000000
0.546114 -3.111287 356.452293
0.167056 -1.821063 99.157692
0.000506 -0.003912 1.000000
0.750436 -2.299435 644.676458
0.300280 -1.116944 -329.593679
0.000847 -0.003917 1.000000
0.551412 -2.535047 628.563113
0.361489 -1.483434 -294.721273
0.000964 -0.004765 1.000000
0.529992 -3.463276 440.805494
0.195743 -2.386497 -55.675168
0.000420 -0.004537 1.000000
-0.134086 -1.133277 646.066442
0.010193 -0.944630 -9.746386
-0.000359 -0.002356 1.000000
1.322266 -2.815126 -730.057168
0.521831 -2.361970 -351.768856
0.001512 -0.005796 1.000000
0.211622 -1.155347 102.765454
0.141009 -1.325846 68.882100
0.000050 -0.002646 1.000000
0.411784 -1.739719 459.815606
0.594622 -2.684176 -36.294794
0.000840 -0.004517 1.000000
0.335807 -2.964846 451.000092
0.220881 -2.305780 -64.883216
0.000627 -0.005002 1.000000
-0.441223 -0.957022 900.607365
-0.335813 -0.686989 202.052102
-0.000716 -0.001923 1.000000
0.146786 -1.307350 571.509671
0.090999 -1.030773 -51.781652
0.000026 -0.002531 1.000000
-0.063211 -1.722592 492.286403
-0.054455 -1.105384 -274.938986
-0.000220 -0.002776 1.000000
0.713687 -2.619710 -483.181473
0.143450 -2.324338 -177.259549
0.000464 -0.004412 1.000000
0.705166 -3.389603 823.372830
0.239462 -1.916113 -340.365205
0.000800 -0.004518 1.000000
0.561702 -2.646798 579.538374
0.719598 -1.942589 -481.332833
0.001274 -0.004408 1.000000
0.129376 -1.397005 509.115744
0.080053 -1.766615 53.255926
0.000117 -0.003496 1.000000
0.016631 -2.158195 498.130673
0.047686 -1.404988 -72.512000
0.000172 -0.003489 1.000000
-0.173804 -1.499087 634.351130
-0.120458 -0.812349 -3.114872
-0.000256 -0.002241 1.000000
0.642664 -1.910461 336.301705
0.589797 -2.064379 -256.900976
0.000928 -0.004439 1.000000
-0.013545 -1.895055 540.039856
-0.066212 -1.535059 -70.878469
0.000003 -0.003102 1.000000
0.277744 -2.097851 545.919599
0.159838 -1.486358 -42.995466
0.000313 -0.003155 1.000000
0.206675 -1.187827 763.985061
0.233563 -1.348784 141.583215
0.000268 -0.002689 1.000000
2.564242 -5.336139 2104.517586
1.734701 -3.508123 -1365.597090
0.003888 -0.008496 1.000000
0.639738 -2.640465 1062.666994
0.616785 -2.105845 -302.928562
0.001255 -0.004532 1.000000
0.462312 -2.157983 528.592715
0.269247 -1.644234 -110.022292
0.000434 -0.003415 1.000000
0.992578 -2.105054 323.228260
0.762086 -2.148321 -166.854261
0.001249 -0.004227 1.000000
-0.054626 -1.550882 532.163752
-0.068894 -1.091398 83.175801
-0.000064 -0.002308 1.000000
-0.284710 -1.284913 700.905528
-0.091714 -1.188299 -2.875968
-0.000204 -0.002605 1.000000
0.053353 -1.427027 531.081582
-0.023428 -1.566296 -65.734221
-0.000040 -0.003141 1.000000
0.161155 -2.113592 1062.321991
0.221817 -1.924079 -268.336128
0.000495 -0.004364 1.000000
-0.187392 -1.462282 218.156234
-0.294080 -0.862556 -173.963137
-0.000546 -0.002344 1.000000
0.191227 -2.175527 273.191348
0.104355 -1.415632 -311.041946
0.000493 -0.003786 1.000000
0.160461 -2.315855 254.494199
0.105329 -1.543319 -48.094496
0.000237 -0.003467 1.000000
0.656374 -2.853391 318.414399
0.410842 -1.659922 -320.373084
0.001063 -0.004440 1.000000
0.204426 -1.813417 864.413540
0.128882 -1.018989 -76.489169
0.000400 -0.003034 1.000000
0.413421 -2.473911 214.291868
0.337413 -1.211731 -656.356754
0.000887 -0.003784 1.000000
0.481004 -2.469986 1236.642762
0.234777 -1.150481 -170.704189
0.000733 -0.003711 1.000000
-0.219439 -1.684258 510.691282
-0.171434 -1.296584 58.447361
-0.000484 -0.002916 1.000000
-0.254150 -1.347118 884.672173
-0.309517 -0.802943 141.854339
-0.000600 -0.002159 1.000000
-0.156779 -1.874457 564.083688
-0.066526 -0.834594 -195.909147
-0.000051 -0.002566 1.000000
-0.004063 -1.807022 1117.491989
-0.006085 -0.752214 82.587399
0.000078 -0.002361 1.000000
0.272842 -1.751135 768.268490
-0.018441 -1.434049 -101.799575
0.000144 -0.003366 1.000000
-0.198475 -0.553641 857.589332
-0.342098 -1.073095 245.135820
-0.000793 -0.002148 1.000000
-0.024712 -1.730840 709.772903
-0.008005 -1.422539 -48.686832
-0.000134 -0.003163 1.000000
-0.058125 -1.707252 217.304439
-0.040656 -0.945564 -16.152979
-0.000064 -0.002686 1.000000
-0.196214 -1.512122 823.793410
-0.091990 -1.402037 -160.915431
-0.000089 -0.002878 1.000000
-0.686867 -0.964556 162.607911
-0.408367 -0.518109 -107.578673
-0.001162 -0.001454 1.000000
0.242545 -2.426939 994.592930
0.112042 -1.205941 -330.281707
0.000591 -0.004013 1.000000
1.127031 -4.611655 -163.340192
0.339331 -1.919243 -230.711015
0.001280 -0.005784 1.000000
-0.127613 -2.062352 1271.293198
0.099470 -0.750190 -297.281496
0.000070 -0.003182 1.000000
-0.009038 -2.074648 614.948467
0.164162 -0.835577 -228.843563
0.000391 -0.003193 1.000000
-0.351684 -1.558402 1046.172485
-0.108157 -0.675085 124.130231
-0.000332 -0.002388 1.000000
-0.191476 -1.647776 1311.918621
-0.098028 -1.138823 -149.066109
-0.000276 -0.002759 1.000000
-0.419325 -1.262999 1132.077031
-0.184557 -0.395894 299.287383
-0.000630 -0.001930 1.000000
-0.307788 -1.387315 1009.183980
-0.100616 -0.869946 -38.396437
-0.000355 -0.002406 1.000000
0.142348 -1.815439 546.451154
0.037412 -1.223025 56.151456
0.000115 -0.002899 1.000000
0.274557 -0.904922 408.152954
0.174784 -0.889594 -7.260253
0.000300 -0.002418 1.000000
0.231713 -1.810681 957.690712
0.346031 -2.343800 -33.714593
0.000903 -0.004954 1.000000
0.181282 -1.566739 524.639541
0.126764 -1.312275 25.783836
0.000444 -0.003157 1.000000
0.570428 -2.213111 353.423484
0.430827 -1.533256 -242.222964
0.001015 -0.004446 1.000000
-0.081082 -1.606415 518.473250
0.128392 -1.360344 4.515650
0.000311 -0.003325 1.000000
0.300141 -1.634103 272.744063
0.398243 -1.597589 -3.807376
0.000517 -0.003708 1.000000
-2.133136 1.216466 5886.020868
-2.356206 3.192333 4421.735021
-0.004969 0.004592 1.000000
-0.121001 -0.739159 264.120121
-0.138870 -0.550425 -40.076466
-0.000290 -0.002172 1.000000
-0.212437 -1.297300 532.001797
-0.205268 -1.034900 -29.278337
-0.000575 -0.002405 1.000000
1.038156 -2.882122 -159.808813
0.829402 -2.894778 24.912272
0.001525 -0.005707 1.000000
-0.150875 -1.476232 283.817182
-0.121333 -1.120076 -1.493204
-0.000435 -0.002576 1.000000
0.042623 -1.841215 390.248023
0.060738 -1.288325 -150.889126
-0.000079 -0.003157 1.000000
-0.138854 -0.937508 241.015475
0.004812 -1.181004 93.111336
0.000009 -0.002778 1.000000
0.170705 -1.055487 212.671016
0.306505 -1.112165 -256.975153
0.000516 -0.003583 1.000000
0.131043 -0.838766 -394.891579
0.274079 -0.834819 -165.500993
0.000448 -0.003058 1.000000
0.707721 -3.227532 223.099986
0.627244 -3.030720 20.490390
0.001126 -0.005772 1.000000
0.176244 -1.827450 347.418246
0.200714 -1.494718 -17.643437
0.000198 -0.003369 1.000000
0.009983 -1.244216 224.224944
-0.011249 -1.097905 61.603330
-0.000001 -0.002690 1.000000
0.015471 -1.181088 -13.064966
0.136493 -1.269017 -393.869688
0.000282 -0.003659 1.000000
-0.177178 -0.760974 157.883151
-0.087876 -0.560461 -63.061446
-0.000342 -0.002256 1.000000
0.123530 -1.631189 148.338367
0.061341 -1.356670 -3.938502
0.000231 -0.003150 1.000000
0.543804 -1.758215 -260.758036
0.506902 -1.728665 -216.075134
0.001088 -0.004233 1.000000
0.139931 -1.412576 374.787549
0.031553 -1.776052 101.245718
-0.000046 -0.003309 1.000000
0.599852 -2.556969 541.284905
0.207165 -1.626392 -242.015092
0.000803 -0.004135 1.000000
0.314773 -1.771379 379.660976
0.060695 -0.978057 -74.253049
0.000111 -0.002848 1.000000
-0.089288 -1.065391 -59.388922
0.277707 -1.165136 -110.572670
0.000134 -0.003115 1.000000
-0.026498 -0.839492 -113.800175
0.082944 -0.884141 -33.632679
-0.000044 -0.002817 1.000000
-0.087959 -1.003146 356.917374
0.031609 -0.716007 -221.275045
-0.000049 -0.002445 1.000000
0.025675 -1.201508 280.680752
-0.120591 -0.724457 -161.015071
-0.000295 -0.002411 1.000000
0.755492 -2.274191 -953.144106
0.523893 -2.901353 351.237446
0.001056 -0.004558 1.000000
0.281204 -2.373270 370.594485
0.293124 -2.111444 228.874834
0.000412 -0.003416 1.000000
-0.012959 -0.890284 14.794862
0.043557 -1.169358 -177.048459
0.000351 -0.003269 1.000000
0.355078 -1.421262 195.226207
0.293604 -1.269308 -532.513599
0.000594 -0.003467 1.000000
0.070675 -0.936534 94.104740
-0.056277 -0.784164 -164.328041
-0.000334 -0.002368 1.000000
0.305293 -2.056882 948.189000
0.022216 -1.991570 -1373.055198
0.000322 -0.004045 1.000000
-0.765941 0.544346 -936.664638
-0.777607 -0.077630 -228.498115
-0.002100 0.000385 1.000000
-0.722626 0.052989 -937.988328
-0.786640 -0.125125 49.742264
-0.001909 -0.000174 1.000000
1.483230 -2.532784 985.859152
1.624431 -3.797662 -1229.647342
0.003040 -0.007333 1.000000
-0.175545 -1.460807 191.047976
-0.114953 -1.534224 294.836779
-0.000257 -0.002688 1.000000
-0.083870 -1.163430 60.872217
-0.013369 -1.070246 -23.380290
-0.000269 -0.002620 1.000000
-0.169972 -0.971059 618.687550
-0.082764 -1.163298 -6.673674
-0.000342 -0.002092 1.000000
0.441263 -2.138359 1088.815758
0.510612 -1.622980 -187.654756
0.000930 -0.003586 1.000000
-0.051782 -2.153644 1108.599878
0.096761 -1.186300 -72.594843
0.000112 -0.003481 1.000000
1.357980 -4.328825 830.922894
0.980659 -3.526551 -1056.248634
0.001765 -0.006506 1.000000
-0.093397 -1.959396 1056.912201
0.176139 -1.194088 84.299499
0.000098 -0.003001 1.000000
-0.153935 -1.859640 1009.434535
0.116273 -1.268570 89.236211
-0.000031 -0.003095 1.000000
0.296375 -2.180272 959.763142
0.535774 -2.255621 -221.519015
0.000617 -0.004210 1.000000
0.142661 -2.105252 722.039232
0.013916 -1.234167 -143.307350
0.000062 -0.003289 1.000000
-0.150080 -1.559188 854.732841
0.060594 -1.242437 110.193070
-0.000138 -0.002751 1.000000
0.273742 -2.151748 1480.355908
0.116334 -1.925002 -128.879153
0.000528 -0.003825 1.000000
0.403744 -1.663929 998.265048
0.559792 -2.303158 -281.479815
0.000637 -0.003835 1.000000
-0.399021 -1.483626 489.672470
-0.102361 -1.216399 -117.617770
-0.000381 -0.002685 1.000000
-0.421598 -0.856661 1097.578904
-0.339995 -0.562936 -27.717051
-0.000870 -0.001675 1.000000
0.208304 -2.640135 240.591446
0.459886 -2.527419 -353.750885
0.000831 -0.004449 1.000000
0.169496 -1.866546 855.591735
0.159783 -1.255639 -54.822424
0.000179 -0.002818 1.000000
0.940026 -3.586316 1729.117390
0.433544 -0.868747 -341.278387
0.001500 -0.004691 1.000000
-0.543844 -0.776669 545.801772
-0.240015 -0.333359 -360.278546
-0.001080 -0.001250 1.000000
-0.471724 -1.111762 840.819050
-0.168193 -0.890455 -24.300556
-0.000560 -0.002482 1.000000
0.292457 -1.701845 7.514763
0.429196 -1.690547 -151.670083
0.000642 -0.003338 1.000000
-0.433930 -1.331648 273.414476
-0.390292 -1.181124 213.857129
-0.000798 -0.001799 1.000000
1.674876 -3.992709 1064.474144
0.724744 -1.951312 -423.416119
0.001983 -0.005526 1.000000
-0.277683 -1.790826 1320.223009
0.094974 -1.674304 56.835582
0.000015 -0.003021 1.000000
-0.074147 -1.181590 82.421775
-0.038509 -1.160000 -77.681700
-0.000303 -0.002648 1.000000
-0.156791 -1.290541 736.335814
0.038679 -0.762722 -40.578182
-0.000154 -0.002257 1.000000
0.066853 -1.292976 212.509719
0.061937 -0.807142 16.120117
0.000186 -0.002631 1.000000
0.847639 -3.106650 1408.282812
0.503822 -1.291308 -299.071062
0.001255 -0.004538 1.000000
-0.120519 -1.211628 733.256277
-0.185920 -0.752363 28.486682
-0.000304 -0.002350 1.000000
0.161677 -1.622035 -731.235986
0.092140 -0.878280 -29.942710
0.000270 -0.003268 1.000000
0.007721 -1.518885 690.119731
0.002628 -1.557595 83.719798
-0.000141 -0.003174 1.000000
0.862967 -2.630907 -215.648710
0.584450 -2.232957 -393.325963
0.001672 -0.005976 1.000000
-0.181050 -0.844878 1095.197304
-0.234349 -0.624675 -221.711838
-0.000610 -0.001917 1.000000
0.679923 -1.826387 -157.242636
0.461555 -1.500961 -291.166300
0.000702 -0.003769 1.000000
0.566663 -2.184603 401.399240
0.544483 -1.766319 -194.432371
0.001234 -0.004083 1.000000
0.086854 -1.706356 519.145646
-0.004794 -1.163763 -72.965112
-0.000174 -0.002717 1.000000
0.172708 -1.829990 798.788435
0.061097 -0.947286 -26.224171
-0.000014 -0.002715 1.000000
0.282585 -2.209187 807.022798
0.111400 -1.013817 -249.664995
0.000351 -0.003312 1.000000
-0.776455 -0.755210 1149.963442
-0.182821 -0.132039 -7.169502
-0.001204 -0.001129 1.000000
-0.074160 -2.086450 1168.393522
-0.036864 -0.904603 30.360868
-0.000034 -0.002692 1.000000
0.823981 -2.838310 329.609295
0.839272 -2.850553 -872.617654
0.001360 -0.005178 1.000000
0.695193 -2.648893 454.929368
0.292399 -1.496978 -240.951327
0.000857 -0.003643 1.000000
-0.109650 -1.640714 912.721433
0.095129 -1.172729 -80.860512
0.000045 -0.002845 1.000000
-0.053370 -2.223528 1001.594299
0.182955 -1.294105 -86.328870
0.000173 -0.003136 1.000000
-0.103585 -1.368449 522.683114
0.038048 -0.671166 22.425758
-0.000176 -0.002034 1.000000
0.284119 -2.304610 589.370936
0.258862 -1.915613 95.646304
0.000319 -0.003447 1.000000
0.113375 -1.881300 644.623133
0.207739 -1.643571 16.222015
0.000145 -0.002986 1.000000
0.399605 -2.342025 507.638475
0.230098 -1.956607 120.585659
0.000438 -0.003655 1.000000
-0.067019 -2.124125 471.533388
-0.022781 -1.748718 99.559560
-0.000096 -0.003201 1.000000
0.051547 -1.253775 512.896351
0.158276 -1.294866 13.081582
0.000178 -0.002899 1.000000
0.115256 -1.716811 596.216598
0.076056 -1.150063 -61.841447
0.000138 -0.002712 1.000000
-0.207886 -1.141440 597.624763
-0.060017 -0.777474 -10.170199
-0.000253 -0.002235 1.000000
0.094637 -1.442039 302.485129
0.146963 -1.293400 -42.466706
0.000304 -0.003060 1.000000
-0.166796 -0.978427 209.727001
-0.167750 -0.948673 -2.241676
-0.000543 -0.002184 1.000000
-0.044089 -1.354068 559.912259
0.054427 -1.118309 29.748232
-0.000272 -0.002456 1.000000
-0.124797 -1.655588 391.119511
-0.044531 -1.448954 190.146416
-0.000186 -0.002826 1.000000
0.040274 -1.212166 642.309730
0.051744 -1.655998 112.046646
0.000036 -0.003338 1.000000
0.170523 -1.779232 366.908608
-0.019895 -1.901291 222.705977
0.000037 -0.003294 1.000000
0.121786 -1.415240 314.176964
0.323763 -2.642247 154.392902
0.000490 -0.004234 1.000000
0.214775 -1.531707 407.380487
0.009709 -2.059156 -0.025902
-0.000017 -0.003827 1.000000
-0.118814 -1.758726 1033.091287
-0.095989 -0.924842 30.125965
-0.000238 -0.002470 1.000000
-0.377878 -1.181313 768.152277
-0.058440 -0.576477 -84.294795
-0.000470 -0.001926 1.000000
0.015891 -1.651242 622.175755
0.022059 -0.806700 -50.547194
-0.000007 -0.002501 1.000000
0.362352 -1.753008 522.714190
0.162706 -1.090112 -116.470780
0.000177 -0.002871 1.000000
-0.066733 -1.528366 491.677837
-0.101956 -1.087300 -9.590345
-0.000344 -0.002634 1.000000
-0.024827 -1.718246 615.362976
0.014396 -0.962392 -36.675361
-0.000136 -0.002577 1.000000
0.861503 -2.492762 992.893295
0.956663 -3.970316 -366.120860
0.001617 -0.006771 1.000000
0.274189 -1.403774 574.679101
0.279252 -1.835123 -85.480211
0.000408 -0.003549 1.000000
1.240119 -3.885726 723.427152
1.309149 -3.905736 -537.001961
0.002515 -0.007001 1.000000
1.177545 -5.031080 134.226334
1.009051 -3.796507 -406.229907
0.002056 -0.006978 1.000000
0.439875 -2.469088 776.274377
0.338734 -1.907375 72.281451
0.000413 -0.003534 1.000000
0.126477 -1.525790 255.806917
0.249411 -0.779673 -263.419048
0.000384 -0.002970 1.000000
-0.079459 -2.310823 602.182932
0.455134 -2.385088 -18.361521
0.000506 -0.004409 1.000000
0.053617 -0.720807 228.914680
-0.077817 -0.974806 97.389966
0.000108 -0.002465 1.000000
0.114168 -1.578068 587.267575
-0.007242 -0.651170 -63.157392
0.000051 -0.002505 1.000000
0.306023 -2.251754 521.630191
0.254885 -1.590902 -288.983879
0.000405 -0.003757 1.000000
2.705779 3.094887 -606.720626
-0.187914 8.178738 -832.495000
0.000275 0.007473 1.000000
0.001816 -0.946563 246.675831
0.234141 -1.331215 -84.634868
0.000310 -0.002992 1.000000
0.046938 -1.811418 477.073417
0.146603 -1.736391 43.524129
0.000219 -0.003505 1.000000
0.294836 -1.563269 217.913391
0.200568 -1.223814 13.634473
0.000404 -0.002861 1.000000
0.358845 -1.232125 253.659646
0.217732 -1.265599 62.247548
0.000481 -0.002951 1.000000
0.114053 -0.945352 283.030952
0.069757 -0.577477 -52.784896
-0.000049 -0.002027 1.000000
0.882341 -2.843192 650.105175
0.464281 -2.327700 -142.680703
0.001174 -0.004801 1.000000
0.414642 -1.408048 386.282755
0.148507 -1.200877 -38.376521
0.000279 -0.002853 1.000000
0.478154 -2.273788 528.253619
0.249499 -1.631907 -164.434745
0.000492 -0.003683 1.000000
-0.074941 -0.994787 187.835949
0.013270 -1.147781 79.565587
-0.000195 -0.002443 1.000000
-0.016479 -0.667317 402.760813
-0.151425 -0.919370 -12.018632
-0.000258 -0.002334 1.000000
