-0.513746 1.326592 744.263596
-1.478442 -0.023499 938.544369
-0.003985 0.001870 1.000000
0.532327 -2.579502 -137.938979
0.737883 -1.317163 -451.182173
0.001740 -0.005486 1.000000
-4.868347 9.395315 8252.801855
-9.063217 4.566575 6056.796263
-0.026592 0.027549 1.000000
-0.070039 -0.763387 -61.674244
-0.101552 -0.538599 106.230121
-0.000575 -0.002024 1.000000
-0.153915 -0.075848 279.304861
-0.488121 -0.197409 184.816489
-0.001228 -0.000809 1.000000
-0.169171 -1.328303 243.882216
0.469143 -0.578660 -42.882629
0.000351 -0.002695 1.000000
0.135625 -1.353899 -74.300514
0.279522 -1.161608 -107.510647
0.000696 -0.003564 1.000000
0.211886 -1.798145 102.523812
0.306636 -1.326356 -144.260909
0.000815 -0.004165 1.000000
0.395970 -1.797077 -516.563380
0.432966 -1.073670 -255.088747
0.000962 -0.003604 1.000000
-0.663716 -0.926435 1140.304747
-0.189347 -0.208101 20.632841
-0.000918 -0.001066 1.000000
-0.218570 -0.772765 476.641055
-0.063797 -0.548283 -209.244146
-0.000522 -0.001893 1.000000
-0.134931 -0.633230 -199.338652
-0.144628 -0.562483 22.898842
-0.000773 -0.001844 1.000000
-0.338096 -1.844314 547.536076
-0.358059 -1.422372 239.695784
-0.000160 -0.002809 1.000000
0.635242 -2.596824 14.568315
0.591395 -2.317803 -712.143447
0.001187 -0.004613 1.000000
-0.172843 -1.077971 594.828238
-0.258584 -0.739880 -177.230597
-0.000707 -0.002147 1.000000
1.531364 -5.361065 -286.800235
1.429030 -4.588963 -640.343005
0.004313 -0.010558 1.000000
0.119179 -1.617217 231.796331
0.387509 -1.167142 -219.875400
0.000828 -0.003773 1.000000
2.428149 -5.265608 -1595.376586
2.680370 -4.104339 -1192.408051
0.007062 -0.012230 1.000000
1.164383 -3.763669 -311.995449
0.922213 -2.205863 -514.093404
0.002669 -0.006132 1.000000
0.458280 -3.817194 76.686799
0.698577 -2.098579 -104.220664
0.002050 -0.005860 1.000000
-0.070914 -1.125707 240.587934
0.193706 -1.159627 95.455960
0.000463 -0.002946 1.000000
-0.608307 -0.934625 502.291350
-0.431698 -0.671529 13.487301
-0.000908 -0.001363 1.000000
-0.327338 -0.958616 54.339926
-0.518515 -0.756246 -124.745489
-0.000827 -0.001607 1.000000
-0.185810 -1.073617 446.177565
0.048603 -0.493373 -44.630882
-0.000205 -0.002080 1.000000
0.078291 -1.126525 68.812558
0.251200 -1.006803 -316.856551
-0.000075 -0.002895 1.000000
-0.169338 -0.569870 195.876423
-0.145183 -0.476153 -34.407005
-0.000842 -0.001686 1.000000
-0.121147 -0.803762 -168.662538
-0.134929 -0.706110 -37.388078
-0.000386 -0.002099 1.000000
-0.137586 -0.742549 -129.041886
-0.147258 -0.555032 84.929700
-0.000642 -0.001927 1.000000
-0.193229 -1.603640 291.264282
0.570250 -0.645140 -373.478786
0.000943 -0.003507 1.000000
0.355617 -1.626891 291.844616
0.573742 -1.683616 -493.444001
0.000857 -0.004218 1.000000
-0.269896 -0.993204 311.542432
-0.162885 -0.755848 -90.552881
-0.000585 -0.002057 1.000000
-0.214981 -0.984000 297.605983
0.009843 -0.467840 -209.437002
-0.000263 -0.002122 1.000000
-0.030899 -1.997681 -647.169701
-0.058140 -1.559667 -221.505705
0.000204 -0.003923 1.000000
-0.152537 -0.686702 320.737315
-0.243174 -0.769165 -99.716571
-0.000849 -0.002048 1.000000
0.511675 -1.624974 223.304606
0.090642 -1.677984 -370.779155
0.000492 -0.003824 1.000000
0.308814 -1.835195 342.667987
0.340929 -0.969078 -536.984381
0.000664 -0.003311 1.000000
-0.054639 -1.045379 611.617483
-0.006526 -0.745083 -69.887380
-0.000211 -0.002244 1.000000
-0.125150 -0.588694 177.737719
-0.176344 -0.633516 150.769964
-0.000588 -0.001677 1.000000
-0.037988 -0.741079 210.493340
-0.025737 -0.488236 -29.563822
-0.000551 -0.001796 1.000000
6.893772 -2.942646 -407.780075
1.556388 0.469314 -659.669279
0.006181 -0.005974 1.000000
-0.154758 -0.706392 368.378145
-0.108995 -0.146696 38.409764
-0.000651 -0.001338 1.000000
0.547715 -0.508152 127.421672
0.009353 0.295238 -7.146855
-0.000138 -0.001312 1.000000
0.485013 -0.742873 160.559065
0.035463 -0.166330 84.323991
-0.000171 -0.001725 1.000000
0.037982 -0.767216 184.697732
-0.152758 -0.685287 157.486656
-0.000378 -0.001968 1.000000
-3.857370 -7.337285 2613.374494
-0.185979 -10.107882 2137.719970
-0.000066 -0.011323 1.000000
0.208815 -0.492767 171.853641
-0.135652 0.025578 144.133470
-0.000600 -0.001103 1.000000
0.560348 -0.205874 35.774932
-0.046246 0.706682 -2.739757
-0.000394 -0.000614 1.000000
1.142618 -0.221206 -24.964620
0.076802 0.892752 35.259529
0.000256 -0.000421 1.000000
0.848537 -0.392653 61.632280
0.005984 0.350597 157.037650
0.000041 -0.000911 1.000000
1.000000 -0.000000 0.000000
0.000000 1.000000 -0.000000
0.000000 -0.000000 1.000000
0.839118 -0.541510 96.745423
0.052555 0.172867 160.696045
0.000115 -0.001183 1.000000
1.087541 -0.658496 92.379346
0.159715 0.306934 86.049857
0.000407 -0.001235 1.000000
1.338906 0.652268 -212.450813
0.123023 1.636814 -171.686285
0.000295 0.000441 1.000000
-0.098389 -0.743734 261.408903
-0.315969 -0.308797 221.129632
-0.000788 -0.001450 1.000000
0.776026 -0.079108 45.443594
-0.073690 0.860694 74.113913
-0.000275 -0.000054 1.000000
0.196458 -0.264012 148.144743
-0.157897 0.069275 193.836429
-0.000579 -0.000883 1.000000
-0.055973 -0.285205 202.280230
-0.142468 0.173295 19.646435
-0.001001 -0.000534 1.000000
-0.348812 -1.004621 369.173149
-0.331339 -0.876760 195.900138
-0.000836 -0.001939 1.000000
-0.115631 -0.648164 214.126489
-0.269717 -0.245334 135.897633
-0.000764 -0.001406 1.000000
-0.255483 -0.713818 232.797703
-0.388198 -0.505462 237.352308
-0.000879 -0.001502 1.000000
-0.280341 -0.243177 228.200762
-0.144256 -0.060883 51.079537
-0.001032 -0.000738 1.000000
-0.253521 -0.997972 395.360034
-0.168407 -0.665918 -49.962914
-0.000437 -0.002032 1.000000
-0.293259 -0.450153 222.284435
-0.191959 -0.423908 26.207681
-0.000791 -0.001323 1.000000
-0.135724 -0.653669 228.107919
-0.367924 -0.487055 257.624387
-0.000718 -0.001416 1.000000
-0.144439 -0.604664 231.204545
-0.119290 -0.258662 -7.260628
-0.000677 -0.001435 1.000000
-0.190073 -0.806149 330.928945
-0.243742 -0.822316 184.309031
-0.000629 -0.001910 1.000000
-0.150591 -0.996605 331.569283
-0.139694 -0.798880 134.115923
-0.000464 -0.002016 1.000000
-0.111565 -0.687898 202.287453
-0.184597 -0.562503 41.374774
-0.000506 -0.001974 1.000000
-0.139913 -0.901196 101.707473
-0.166862 -0.655681 -115.095502
-0.000396 -0.002358 1.000000
0.270119 -1.427114 348.126699
0.089904 -0.955416 -414.795476
0.000304 -0.003170 1.000000
0.002399 -1.106151 399.606926
-0.157620 -1.041966 -10.566735
-0.000465 -0.002326 1.000000
-0.118927 -0.650719 215.219541
-0.120578 -0.456966 43.509889
-0.000691 -0.001614 1.000000
-0.253726 -0.340533 28.213133
-0.203619 -0.394563 95.468938
-0.000986 -0.001143 1.000000
-0.222743 -0.790708 575.232210
-0.190740 -0.379646 -49.995280
-0.000644 -0.001635 1.000000
0.875253 -0.049358 21.548891
0.036950 0.792196 1.097812
-0.000071 -0.000192 1.000000
0.224555 -1.401203 369.055032
-0.020922 -1.030332 121.198818
-0.000057 -0.002584 1.000000
-0.054237 -0.486699 -50.082884
-0.150536 -0.478168 -82.807937
-0.000580 -0.001715 1.000000
-0.142421 -0.397432 123.323779
-0.082010 -0.231574 21.745069
-0.000590 -0.001422 1.000000
-0.403902 -1.193556 544.520162
-0.103049 -0.567361 -163.998306
-0.000534 -0.001980 1.000000
0.133994 -1.544438 378.652588
-0.058966 -1.222115 -163.038235
-0.000086 -0.003030 1.000000
-0.022063 -1.007034 366.809864
0.009621 -0.694320 -216.418751
-0.000255 -0.002315 1.000000
-0.021431 -0.977525 236.281275
-0.273903 -1.002621 61.159331
-0.000536 -0.002469 1.000000
-0.201785 -1.301495 292.864188
-0.144888 -0.890624 -39.897666
-0.000476 -0.002439 1.000000
0.272924 -1.921167 678.452323
0.291836 -1.454266 -400.684636
0.000453 -0.003634 1.000000
-0.264656 -0.747354 100.574295
-0.167937 -0.340567 17.133887
-0.000742 -0.001773 1.000000
-0.144714 -0.741333 -50.883295
-0.014194 -0.594853 -298.637931
-0.000185 -0.002261 1.000000
-0.158567 -1.042042 568.158652
-0.270343 -1.167560 7.490120
-0.000342 -0.002693 1.000000
-0.366719 -0.726970 261.916227
-0.328392 -0.594198 41.004729
-0.000942 -0.001779 1.000000
-0.036150 -0.778697 -182.064176
-0.086408 -0.487307 24.481358
-0.000236 -0.002102 1.000000
-0.413752 -0.814141 549.746581
-0.307017 -0.927668 -77.289531
-0.000879 -0.002065 1.000000
0.048635 -0.918155 244.191673
-0.150664 -1.206484 51.841495
-0.000394 -0.002734 1.000000
-0.162238 -0.793231 431.620446
-0.322052 -0.819902 85.358551
-0.000666 -0.002008 1.000000
-0.308139 -0.445616 336.137054
-0.275674 -0.507843 -75.475256
-0.001033 -0.001593 1.000000
-0.273086 -0.395465 11.496053
-0.136419 -0.273467 -103.433144
-0.000729 -0.001443 1.000000
-0.098867 -0.656440 226.627531
-0.096081 -0.443343 -45.922583
-0.000732 -0.001762 1.000000
0.685496 -2.396399 151.954895
0.296086 -1.625428 -549.820906
0.000606 -0.004149 1.000000
-0.015351 -1.136180 266.018404
0.024382 -0.602215 -230.264825
-0.000126 -0.002249 1.000000
-0.186412 -0.858590 103.153783
-0.172339 -0.646488 -34.016276
-0.000522 -0.001820 1.000000
0.041201 -0.948179 409.908145
-0.090507 -0.651691 -75.477030
-0.000311 -0.002231 1.000000
-0.507700 -0.422008 566.578016
-0.579796 -0.681559 96.912689
-0.001292 -0.001396 1.000000
-0.025075 -0.847282 331.168857
-0.081261 -0.944277 -71.916223
-0.000390 -0.002525 1.000000
-0.148080 -0.993444 257.790295
-0.130174 -0.796656 -27.019188
-0.000453 -0.002115 1.000000
-0.064400 -0.930355 380.066303
-0.147052 -0.884161 3.407506
-0.000410 -0.002110 1.000000
0.812204 -2.168402 755.073026
0.689431 -1.261540 -600.003121
0.001058 -0.003672 1.000000
-0.037447 -1.799578 447.618415
-0.027388 -1.531231 81.093192
-0.000108 -0.003006 1.000000
-0.100220 -0.622429 231.081452
-0.116967 -0.551752 61.248168
-0.000674 -0.001739 1.000000
-0.033964 -1.048965 154.451557
-0.007281 -0.901055 -16.076133
-0.000446 -0.002512 1.000000
0.014769 -0.971721 167.706055
-0.091459 -0.812297 -26.670084
-0.000345 -0.002267 1.000000
-0.050904 -1.318000 379.750321
-0.005404 -1.086365 -69.396943
-0.000346 -0.002677 1.000000
-0.311090 -1.013025 370.252514
0.000253 -0.811883 11.285325
-0.000448 -0.002092 1.000000
0.058679 -1.317970 89.273537
-0.106661 -0.767423 -199.934303
-0.000117 -0.002662 1.000000
-0.016787 -1.333809 639.217357
-0.512919 -1.330454 -265.606179
-0.000441 -0.002606 1.000000
-0.267618 -0.696484 446.767648
-0.131873 -0.569180 -29.091107
-0.000650 -0.001919 1.000000
0.617813 -0.970116 284.488613
0.029450 -0.196817 59.013798
0.000114 -0.001850 1.000000
0.526229 -1.769921 344.411988
0.062341 -1.645386 -165.422113
0.000641 -0.004276 1.000000
-0.301068 -0.541340 126.984559
-0.215594 -0.584846 -55.133254
-0.000844 -0.001768 1.000000
-0.296982 -0.962100 -192.388982
-0.327949 -0.958390 104.229933
-0.000613 -0.001974 1.000000
0.130654 -1.852341 349.966890
0.006379 -1.069245 -451.572207
0.000085 -0.003118 1.000000
-0.036041 -1.444473 458.042124
-0.066899 -0.998361 -167.310267
-0.000309 -0.002678 1.000000
-0.287695 -0.749098 220.492190
-0.318179 -0.709526 -156.934801
-0.000858 -0.001842 1.000000
-0.004929 -1.355661 354.031236
-0.014077 -0.984042 -176.218292
-0.000259 -0.002836 1.000000
-0.199853 -0.911622 396.847184
-0.167754 -0.682634 -321.096980
-0.000661 -0.001966 1.000000
0.130544 -1.029198 640.958250
-0.189651 -1.302006 79.441152
-0.000462 -0.002447 1.000000
-0.171961 -0.932672 438.550369
-0.165295 -0.855843 -112.985204
-0.000549 -0.002102 1.000000
-0.517685 -1.275398 833.554284
-0.123153 -0.702199 -77.127673
-0.000646 -0.001999 1.000000
0.160638 -1.670619 627.832548
0.253084 -1.587073 -255.315364
0.000286 -0.003738 1.000000
0.028700 -1.446010 817.828629
-0.096923 -1.302228 -196.941357
0.000094 -0.003147 1.000000
-0.147743 -0.859418 583.769226
-0.087378 -0.844238 -98.467236
-0.000612 -0.002258 1.000000
0.028614 -1.023359 317.638024
0.055369 -1.002259 -50.048118
-0.000239 -0.002422 1.000000
-0.043158 -1.148339 412.086984
-0.270899 -1.061446 -134.570525
-0.000560 -0.002484 1.000000
0.016135 -0.885009 292.649490
0.046135 -0.974913 -125.029542
-0.000123 -0.002430 1.000000
0.501280 -2.148969 729.668002
0.325039 -1.454560 -1053.742734
0.000664 -0.003976 1.000000
0.208240 -1.417454 -10.062566
0.157373 -1.026067 -548.736804
0.000264 -0.003124 1.000000
-0.150404 -0.997754 707.196952
-0.103242 -0.649592 -342.909072
-0.000297 -0.002023 1.000000
-0.268014 -1.205502 544.471717
-0.002345 -0.879954 -214.361254
-0.000470 -0.002357 1.000000
-0.111767 -0.946448 451.895574
0.029642 -0.788629 -227.168217
-0.000400 -0.002405 1.000000
-0.403730 -0.830649 660.347571
-0.368110 -0.760932 -11.017553
-0.000833 -0.001701 1.000000
-0.339687 -0.884396 496.895644
-0.136409 -0.763260 -127.930324
-0.000600 -0.002086 1.000000
0.240080 -0.774760 610.312659
-0.030920 -0.623112 -449.917335
-0.000110 -0.002605 1.000000
0.435967 -2.182765 -75.012070
0.270586 -0.966174 -1178.412138
0.000406 -0.003523 1.000000
-0.539170 -1.098049 1261.607504
-0.103797 -0.574318 84.541590
-0.000623 -0.002002 1.000000
-0.492635 -0.826768 238.549831
-0.186277 -0.385323 -66.093378
-0.000910 -0.001600 1.000000
-0.096591 -1.229080 421.017225
-0.093224 -0.610269 -270.262860
-0.000302 -0.002113 1.000000
-0.719748 -1.068253 1265.678660
-0.161316 -0.239590 -192.170413
-0.000913 -0.001289 1.000000
-0.580529 -1.415513 1139.358764
-0.164223 -0.549019 -98.011242
-0.000657 -0.001830 1.000000
-0.109473 -1.676449 790.735343
-0.147050 -1.265383 -227.539996
-0.000232 -0.002769 1.000000
-0.135949 -1.195726 591.837697
0.052777 -0.797178 -205.937856
-0.000326 -0.002360 1.000000
-0.145485 -1.529927 626.484090
-0.103322 -0.948943 -122.504528
-0.000241 -0.002589 1.000000
-0.378657 -0.913750 186.110598
-0.196963 -0.769234 55.168315
-0.000637 -0.001839 1.000000
0.544511 -2.384993 682.463813
0.755851 -1.904083 -1085.676074
0.000787 -0.004469 1.000000
0.008809 -1.524184 373.023635
0.218050 -0.985205 -1023.948627
0.000355 -0.002959 1.000000
-1.330463 0.079194 1699.042347
-0.709494 0.610268 561.276369
-0.002444 0.001104 1.000000
-0.276213 -1.241843 68.401509
-0.210374 -0.572818 -238.819346
-0.000563 -0.002102 1.000000
-0.920850 -0.156613 1855.525904
-0.379163 0.134061 -152.090454
-0.001847 -0.000302 1.000000
-0.512350 -1.203480 1074.106111
-0.199748 -0.607706 -183.080987
-0.000688 -0.001990 1.000000
-0.773828 -1.170690 1106.547583
-0.177341 -0.340609 9.338342
-0.000852 -0.001430 1.000000
-0.128654 -1.335447 1099.721653
-0.087890 -0.862903 -229.239218
-0.000053 -0.002660 1.000000
-0.722983 -1.201120 1179.668021
-0.262415 -0.480923 69.533965
-0.000840 -0.001523 1.000000
-0.530219 -0.575859 793.966801
-0.544537 -0.547860 176.722609
-0.001280 -0.001147 1.000000
-0.202977 -0.904027 350.590626
-0.221039 -0.767071 -49.136294
-0.000576 -0.001961 1.000000
0.121482 -1.346750 679.302296
0.025729 -1.100180 -134.317118
0.000254 -0.003078 1.000000
-0.169391 -0.893030 581.128188
-0.097741 -0.604010 -183.330327
-0.000438 -0.002132 1.000000
0.094911 -1.471245 164.389905
0.098886 -0.813879 -107.386173
0.000157 -0.002931 1.000000
-0.111744 -0.431334 77.185376
-0.045737 -0.333877 12.662491
-0.000686 -0.001766 1.000000
-0.319744 -0.360119 269.001843
-0.188415 -0.348520 6.327597
-0.000870 -0.001218 1.000000
-0.148018 -0.596110 175.824715
-0.110856 -0.671844 39.696687
-0.000589 -0.001861 1.000000
-0.126325 -0.880041 -37.212719
-0.424761 -0.981494 713.354306
-0.000618 -0.001821 1.000000
-0.284488 -0.436353 -26.591502
-0.219464 -0.380787 76.490230
-0.000889 -0.001503 1.000000
-0.093660 -0.628584 99.203780
-0.236040 -0.625289 104.007597
-0.000735 -0.001726 1.000000
0.048121 -1.238038 428.617142
0.006415 -0.831644 -104.730028
-0.000206 -0.002570 1.000000
0.500031 -2.124144 930.789532
0.436862 -1.478447 -278.706558
0.000928 -0.003722 1.000000
-0.460871 -0.778255 665.783301
-0.271564 -0.523145 -170.774192
-0.001084 -0.001507 1.000000
-0.012488 -0.602331 -117.565554
-0.217252 -0.764831 67.940793
-0.000510 -0.002059 1.000000
-0.122133 -0.766625 -135.761388
-0.223025 -0.832377 40.530537
-0.000606 -0.002024 1.000000
-0.379297 -0.606109 119.425067
-0.340368 -0.540644 155.269401
-0.000847 -0.001759 1.000000
0.020859 -0.557418 43.775508
-0.166647 -0.555672 147.112031
-0.000694 -0.001802 1.000000
-0.304818 -1.064968 294.792076
-0.172988 -0.591478 38.141427
-0.000657 -0.001970 1.000000
0.060959 -0.430585 -127.758346
-0.037742 -0.632410 19.615575
-0.000430 -0.001949 1.000000
0.600696 -2.047927 -1658.657246
0.665702 -1.597769 -181.272281
0.001463 -0.004662 1.000000
0.043082 -0.599873 -76.690279
-0.122960 -0.436395 3.235374
-0.000383 -0.002058 1.000000
0.084106 -1.251646 -195.054220
0.069937 -1.161466 -243.743261
-0.000145 -0.002864 1.000000
0.066507 -0.705655 285.017545
-0.118462 -0.619058 56.771269
-0.000225 -0.001960 1.000000
-0.081646 -0.771401 558.777298
-0.189146 -0.621189 -263.425021
-0.000675 -0.001864 1.000000
1.151777 -2.698377 762.835782
0.465361 -1.330657 -1141.759131
0.001564 -0.004822 1.000000
-0.117072 -1.563188 275.263284
0.005697 -1.237611 -90.513234
0.000227 -0.003493 1.000000
-0.365548 -0.349956 -59.505396
-0.444769 -0.425791 202.121350
-0.001078 -0.001050 1.000000
-0.024467 -0.538383 11.718148
-0.109645 -0.691437 -18.074841
-0.000406 -0.002111 1.000000
0.006379 -0.994420 253.134688
-0.174340 -1.097695 -11.368881
-0.000286 -0.002511 1.000000
-0.174390 -1.574691 104.031765
0.097729 -0.746963 -264.932821
-0.000199 -0.002616 1.000000
-0.717386 0.212611 -115.847960
-0.570067 -0.546165 752.000475
-0.001613 -0.000392 1.000000
-1.210389 0.057917 851.432339
-0.950491 0.238761 1253.431835
-0.002227 0.000585 1.000000
1.833659 -3.321603 -2087.858596
1.972367 -2.689399 -3046.406071
0.004423 -0.008852 1.000000
-0.114337 -0.465068 -74.735799
-0.258694 -0.454231 62.027611
-0.000755 -0.001566 1.000000
-0.028643 -1.176145 27.873799
-0.033891 -0.616841 -145.108021
-0.000354 -0.002246 1.000000
-0.966874 0.118863 1742.189106
-0.839840 -0.268285 488.334947
-0.001896 0.000197 1.000000
-0.231463 -0.379929 -219.608387
-0.550748 -0.711370 678.346257
-0.000986 -0.001349 1.000000
-1.495353 0.614912 -862.764104
-1.329401 0.507785 1635.686718
-0.003120 0.001958 1.000000
-0.333406 -0.833617 1194.452271
-0.200648 -0.740708 1396.234297
-0.000492 -0.001857 1.000000
-1.100876 0.186938 2945.485233
-1.294221 0.674124 1138.448799
-0.002828 0.001610 1.000000
0.637646 -2.464812 -1055.216260
0.895004 -1.867956 -318.445284
0.001605 -0.005627 1.000000
-0.503924 -0.813660 1466.049593
-0.421356 -0.769897 1328.734950
-0.000792 -0.001532 1.000000
-0.921691 -0.266796 325.471616
-0.693356 -0.392616 994.120908
-0.001621 -0.000475 1.000000
-0.805346 -1.270569 1009.405408
-0.333371 -0.537670 21.293073
-0.000906 -0.001539 1.000000
-1.494137 -0.022708 2446.243426
-1.181252 0.098932 489.791030
-0.002616 0.000485 1.000000
-0.647170 -1.102152 943.724675
-0.148871 -0.499583 49.675138
-0.000757 -0.001517 1.000000
-0.516443 -1.244144 1049.580431
-0.150140 -0.462407 88.766556
-0.000642 -0.001665 1.000000
0.863581 -2.290462 2434.261157
0.330787 -1.331862 -527.024095
0.000513 -0.003640 1.000000
-0.564972 -1.188881 911.619824
-0.093709 -0.466158 -121.831230
-0.000679 -0.001782 1.000000
-0.332335 -0.977767 918.609465
-0.254012 -0.729649 106.295828
-0.000627 -0.002042 1.000000
-0.692148 -1.269434 1844.027163
-0.140298 -0.702449 72.917323
-0.000750 -0.001942 1.000000
-1.314838 -0.148811 2691.120419
-0.975011 -0.170880 187.784743
-0.002112 0.000235 1.000000
-0.106653 -1.632422 391.264729
-0.032458 -1.071304 -159.182830
-0.000322 -0.002555 1.000000
-1.919208 0.780701 -1418.877850
-1.073414 0.186921 1499.985729
-0.002858 0.000823 1.000000
-6.222671 6.266354 -22959.805886
-5.152830 7.162617 1323.410826
-0.010793 0.013275 1.000000
-0.415117 -1.240926 1129.717039
-0.079202 -0.434670 94.516965
-0.000502 -0.001802 1.000000
-0.428564 -1.626080 1123.822714
0.016215 -0.638960 -194.738252
-0.000345 -0.002354 1.000000
-0.783828 -0.578585 1372.441620
-0.377213 -0.199154 119.974172
-0.001533 -0.000771 1.000000
0.124039 -0.774426 158.246774
-0.336406 -0.698431 -77.045537
-0.000551 -0.001896 1.000000
-1.680332 0.736303 -594.067775
-1.251391 0.720103 3750.493065
-0.003094 0.001317 1.000000
-0.796999 -0.648953 1080.044447
-0.697085 -0.494967 959.228169
-0.001425 -0.000737 1.000000
-0.302477 -1.569032 1301.304045
-0.101018 -0.692024 -158.225849
-0.000296 -0.002439 1.000000
-1.317527 0.650528 2158.392371
-1.334762 0.314176 247.735518
-0.002574 0.001020 1.000000
-0.360089 -1.141370 936.336904
-0.164910 -0.395232 -670.408119
-0.000739 -0.001825 1.000000
0.135423 -1.878366 1294.030729
-0.181253 -1.017073 -495.193341
0.000294 -0.002946 1.000000
0.056938 -1.117787 145.957356
-0.047867 -0.645541 1.837924
-0.000403 -0.002269 1.000000
-0.247102 -2.364096 1461.242205
0.167848 -0.724130 -175.429420
0.000184 -0.003072 1.000000
-0.184308 -2.207925 1671.754189
0.163852 -0.807483 -136.809353
0.000307 -0.003103 1.000000
0.017740 -0.641591 660.126110
-0.341711 -1.080947 285.340157
-0.000414 -0.002046 1.000000
-0.548785 -1.410928 1043.601344
-0.138379 -0.581830 34.200248
-0.000568 -0.001850 1.000000
-0.644019 -0.724825 830.904730
-0.137895 -0.139121 -102.478554
-0.001026 -0.001226 1.000000
-0.546769 -1.084517 1087.675691
-0.180073 -0.541735 62.347743
-0.000580 -0.001637 1.000000
-0.451292 -0.579431 432.055197
-0.248097 -0.435730 -132.849083
-0.000956 -0.001484 1.000000
0.079703 -1.566487 442.336640
0.065434 -1.119377 -341.672328
0.000213 -0.002949 1.000000
-0.180783 -1.638281 537.350077
0.158808 -0.993352 -429.196093
0.000424 -0.002911 1.000000
-0.732729 -0.930586 1009.171731
-0.103827 -0.147140 -23.291725
-0.000882 -0.001219 1.000000
0.092683 -1.904564 1230.597606
0.211645 -0.943704 -129.379329
0.000436 -0.003026 1.000000
0.694919 -2.160486 1315.518782
0.443515 -0.909195 -329.423889
0.000868 -0.003675 1.000000
-0.279075 -1.211886 1718.224803
0.045583 -0.773517 -373.383114
-0.000054 -0.002433 1.000000
-0.610736 -1.284202 156.281377
-0.214635 -0.624702 486.326927
-0.000732 -0.001797 1.000000
-0.383981 -1.314765 1645.709340
-0.126844 -0.680447 -21.727785
-0.000325 -0.002664 1.000000
-0.388474 -1.372998 1142.963291
-0.123524 -0.630012 86.515858
-0.000492 -0.002088 1.000000
-0.421780 -1.317366 1357.891762
-0.103433 -0.595692 -30.451805
-0.000661 -0.002041 1.000000
-0.060504 -1.109396 242.008712
-0.145211 -0.506318 -137.638712
-0.000369 -0.002186 1.000000
-0.415637 -0.918938 1014.137319
-0.337978 -0.857769 127.303075
-0.000748 -0.001925 1.000000
-0.317546 -1.632681 996.044515
0.010703 -0.950065 27.630933
-0.000293 -0.002287 1.000000
-0.243371 -1.239568 606.011435
0.032641 -0.538866 -233.582247
-0.000298 -0.002161 1.000000
-0.054592 -1.448555 669.800726
0.067553 -0.990102 -247.533638
-0.000125 -0.002506 1.000000
-0.369721 -1.018735 382.503866
-0.184124 -0.864259 -2.211310
-0.000580 -0.001993 1.000000
-0.191026 -1.395257 520.432752
0.022630 -1.001217 -65.284269
-0.000109 -0.002492 1.000000
0.019697 -1.401712 496.366222
0.055500 -0.629718 -162.289562
-0.000018 -0.002457 1.000000
-0.219364 -0.900133 406.731695
-0.096939 -0.569141 -34.429504
-0.000544 -0.001817 1.000000
-0.253798 -0.928005 393.702856
-0.012898 -0.629528 -63.581113
-0.000523 -0.001965 1.000000
-0.315129 -1.475596 576.050246
-0.132348 -0.833033 -85.900046
-0.000404 -0.002547 1.000000
-0.058214 -1.228064 575.780121
0.070998 -1.234919 -180.542013
-0.000064 -0.003093 1.000000
0.197494 -1.574930 893.710645
0.250963 -1.428205 -59.481322
0.000241 -0.003364 1.000000
-0.327213 -1.171318 554.676197
-0.251180 -1.221560 48.640463
-0.000532 -0.002586 1.000000
-0.145376 -1.445102 539.101883
-0.201110 -1.142048 54.384509
-0.000406 -0.002593 1.000000
-0.285998 -1.035173 468.880107
-0.400860 -1.036966 129.605189
-0.000765 -0.002121 1.000000
-0.461383 -1.311544 935.248802
-0.106788 -0.499381 -135.240542
-0.000686 -0.001762 1.000000
0.256327 -2.020872 1015.065362
0.391622 -0.997909 -585.635395
0.000368 -0.003718 1.000000
-0.421318 -1.160210 764.940982
-0.014860 -0.204618 -128.882710
-0.000617 -0.001543 1.000000
-0.408634 -1.466619 804.422758
-0.211982 -0.817116 -153.914182
-0.000331 -0.002438 1.000000
-0.036958 -1.422890 727.298058
-0.027347 -0.823483 -161.325993
0.000088 -0.002817 1.000000
-0.325331 -1.504732 489.613567
-0.054682 -0.736838 -203.734412
-0.000143 -0.002688 1.000000
-0.320157 -1.268476 450.626317
-0.173684 -1.157905 1.927093
-0.000624 -0.002254 1.000000
0.006646 -1.721801 353.344053
0.127839 -1.203791 -329.773960
-0.000173 -0.003435 1.000000
-0.316177 -0.920995 221.007854
-0.223403 -0.816831 -17.942425
-0.000731 -0.001910 1.000000
-0.835344 -0.608851 988.500746
-0.449844 -0.203491 68.537929
-0.001352 -0.000784 1.000000
-0.332196 -1.176102 594.023560
-0.137174 -0.953709 79.891567
-0.000529 -0.002242 1.000000
-0.418577 -0.609846 427.400382
-0.299254 -0.354793 -88.338798
-0.000999 -0.001449 1.000000
-0.395370 -0.394583 95.790693
-0.265070 -0.278814 56.636110
-0.001066 -0.001019 1.000000
0.336070 -1.305314 162.846498
-0.052422 -1.084337 92.280311
-0.000032 -0.002641 1.000000
-0.330291 -1.553784 481.334683
-0.120691 -0.728941 -115.524359
-0.000483 -0.002221 1.000000
-0.564388 -1.076697 987.581697
-0.054380 -0.468496 -37.915857
-0.000649 -0.001643 1.000000
0.030177 -2.349072 358.619328
-0.077167 -1.967686 110.300381
0.000089 -0.003968 1.000000
-0.100546 -1.180358 -45.291451
0.075415 -0.855021 -120.152214
-0.000218 -0.002639 1.000000
-0.199240 -1.035766 141.078133
-0.040541 -0.642944 -156.276649
-0.000486 -0.002076 1.000000
-0.287247 -1.036757 800.804371
-0.139207 -0.643755 -53.637325
-0.000675 -0.002167 1.000000
0.258813 -1.095144 61.301914
-0.015074 -0.932059 -175.644343
0.000005 -0.002755 1.000000
0.239356 -1.354638 221.003872
0.042751 -0.977500 -118.451097
-0.000010 -0.002838 1.000000
-0.073001 -0.976010 393.845184
-0.075714 -0.606796 -42.229695
-0.000384 -0.001955 1.000000
-0.064477 -0.749091 289.023213
-0.187358 -0.928930 56.447492
-0.000545 -0.002187 1.000000
0.080615 -1.266629 629.761518
0.055317 -0.923739 -202.814913
0.000107 -0.002813 1.000000
0.268140 -1.321687 36.556533
0.092100 -0.856338 -113.988046
0.000044 -0.002594 1.000000
-0.398796 -1.116815 864.755731
0.060651 -0.356605 -219.612411
-0.000357 -0.001921 1.000000
