-0.158223 -0.978336 417.186769
-0.072386 -0.554745 -110.256375
-0.000278 -0.002278 1.000000
0.145632 -1.108044 133.025533
0.053447 -0.595155 -152.521054
0.000628 -0.003287 1.000000
-0.145147 -0.819419 180.723260
-0.048552 -0.438247 16.274678
-0.000325 -0.001893 1.000000
0.053668 -1.111709 95.710907
0.113939 -1.117364 70.222045
0.000636 -0.003212 1.000000
-0.042942 -0.647060 148.900094
0.120810 -0.732294 48.405383
0.000577 -0.002796 1.000000
-0.048262 -0.877316 160.091903
0.040353 -0.663076 49.749957
-0.000008 -0.002441 1.000000
-0.030535 -0.610692 126.209134
-0.091836 -0.506660 69.365540
-0.000285 -0.001948 1.000000
-0.134032 -0.652398 135.846720
-0.015223 -0.560543 -3.254076
-0.000132 -0.002250 1.000000
0.082011 -1.095221 -53.730574
0.083239 -0.764429 -178.937900
0.000235 -0.002932 1.000000
-0.154028 -1.740511 979.875163
-0.059790 -1.271366 20.887985
0.000014 -0.003264 1.000000
-0.237373 -0.910758 531.083330
-0.111093 -0.480853 -25.168726
-0.000468 -0.001847 1.000000
0.018805 -1.019465 39.553911
-0.044510 -0.926893 52.233267
0.000054 -0.003049 1.000000
-0.263469 -1.118963 680.604889
-0.122055 -0.385360 -62.335468
-0.000308 -0.001898 1.000000
-0.128869 -1.146977 454.146880
0.056973 -0.623922 -148.115175
-0.000042 -0.002271 1.000000
-0.114423 -0.897912 450.940026
-0.110040 -0.741951 -47.187900
-0.000322 -0.002130 1.000000
-0.029730 -0.688967 83.412920
-0.090412 -0.601793 7.045767
-0.000283 -0.002384 1.000000
-0.035801 -0.484117 137.789365
-0.002149 -0.448245 9.078940
0.000227 -0.002450 1.000000
0.006785 -0.378180 61.193758
0.031523 -0.361040 26.574251
0.000499 -0.002562 1.000000
-0.046333 -1.035944 253.704653
-0.029248 -0.871814 32.643279
-0.000010 -0.002579 1.000000
-0.290536 -0.725268 256.448807
-0.086782 -0.279976 9.771187
-0.000367 -0.001928 1.000000
0.203218 -1.214908 115.377489
0.205100 -0.893605 -80.593090
0.000947 -0.003306 1.000000
4.380328 -6.762393 -12.761241
2.872594 -4.516578 -5164.815665
0.008250 -0.012393 1.000000
-0.724456 -0.381493 1215.615368
-0.442892 -0.218754 81.633779
-0.001220 -0.000672 1.000000
-0.034584 -0.844657 270.356941
0.014900 -0.787122 -3.713713
-0.000035 -0.002601 1.000000
0.063808 -1.092220 199.265186
-0.138729 -0.933831 22.599696
-0.000192 -0.002571 1.000000
0.281670 -1.524632 455.790397
0.030634 -0.641764 -106.389874
0.000339 -0.002672 1.000000
0.210907 -0.954961 -24.714256
0.195341 -1.030900 85.917708
0.000743 -0.003219 1.000000
-0.048393 -0.221108 89.445587
0.001398 -0.368133 127.675046
-0.000073 -0.001693 1.000000
-0.195889 -0.674974 196.044570
-0.070502 -0.408999 8.631366
-0.000103 -0.002043 1.000000
0.077232 -0.940877 231.549636
0.010759 -0.693681 -74.775824
0.000060 -0.002367 1.000000
0.468780 -1.760222 152.125875
0.190088 -1.488016 -140.361922
0.000643 -0.003984 1.000000
0.456619 -1.011150 -95.666794
0.198810 -0.414418 -194.748336
0.001130 -0.003215 1.000000
0.609640 -1.658849 -43.730790
0.490479 -1.740899 -325.112272
0.001242 -0.004817 1.000000
-0.043913 -0.726519 254.783115
-0.127157 -0.491903 -66.359137
-0.000204 -0.002166 1.000000
0.114349 -0.974726 124.674454
0.078017 -0.710034 1.493956
0.000381 -0.002557 1.000000
0.213441 -1.147058 182.712335
-0.040280 -0.686130 -51.939771
0.000052 -0.002512 1.000000
0.056078 -0.739205 47.329377
0.154352 -0.655692 -128.491402
0.000304 -0.002600 1.000000
0.238032 -0.997314 3.911965
0.095434 -0.599211 -19.293734
0.000376 -0.002783 1.000000
0.449476 -1.353631 -64.872552
0.028998 -0.692745 -176.125361
0.000889 -0.003578 1.000000
0.140251 -0.765127 30.517749
0.172412 -0.797935 -191.109959
0.000437 -0.003251 1.000000
0.073825 -1.049973 239.276721
-0.001536 -0.375141 -187.500765
0.000102 -0.002255 1.000000
-0.063957 -1.023081 146.785573
0.127925 -0.535625 -210.164266
0.000256 -0.002530 1.000000
-0.251518 -0.804159 487.739534
0.000714 -0.341747 -125.838765
-0.000070 -0.002095 1.000000
-0.097101 -0.298335 93.607025
-0.107440 -0.188903 18.532083
-0.000323 -0.001775 1.000000
0.153325 -0.597033 72.109116
0.052650 -0.262610 -63.330546
0.000468 -0.002461 1.000000
0.139471 -1.078757 291.692803
0.066801 -0.577059 -226.982955
0.000574 -0.002944 1.000000
-0.119094 -0.811074 308.537406
-0.107845 -0.583863 -30.017412
-0.000198 -0.002235 1.000000
0.318273 -1.348654 255.703914
0.099915 -0.930058 -211.630126
0.000186 -0.003013 1.000000
0.232344 -0.981574 284.490489
0.184178 -0.480719 -184.395143
0.000457 -0.002475 1.000000
0.167078 -1.174995 286.727251
0.030361 -0.786164 -175.802590
0.000004 -0.002807 1.000000
0.426627 -1.522292 479.155735
0.258925 -1.059688 -272.687928
0.000824 -0.003958 1.000000
0.442260 -1.404052 447.414631
0.217679 -0.956608 -265.641521
0.000524 -0.003741 1.000000
0.174447 -0.988089 127.564254
0.034575 -0.446100 -150.061446
0.000502 -0.002614 1.000000
0.113149 -0.875201 141.538687
-0.049178 -0.535023 -175.290847
0.000473 -0.002773 1.000000
-0.289622 -1.065998 372.991057
-0.273434 -0.649547 86.396324
-0.000315 -0.002266 1.000000
-0.133533 -1.100022 386.087291
0.152881 -1.007880 -178.385667
0.000323 -0.003413 1.000000
-0.017909 -0.967373 337.092462
-0.066364 -0.346819 -106.213539
0.000166 -0.002459 1.000000
0.027083 -1.250012 311.940877
-0.043136 -0.761597 -280.299291
0.000208 -0.003018 1.000000
-0.224633 -0.869423 347.095901
-0.127694 -0.415777 34.415570
-0.000294 -0.001813 1.000000
-0.215108 -1.476088 460.191345
0.010300 -0.982034 -74.836178
-0.000023 -0.002998 1.000000
-0.075565 -0.436466 71.231632
-0.098302 -0.332675 27.626505
-0.000082 -0.002083 1.000000
-0.036196 -0.703208 150.480473
-0.107074 -0.504210 79.939897
-0.000182 -0.001934 1.000000
0.006341 -0.338307 89.240194
-0.052126 -0.152464 22.323737
0.000067 -0.001991 1.000000
0.178011 -1.649087 469.257053
-0.150612 -1.085505 29.799791
0.000165 -0.003215 1.000000
-0.048541 -0.462655 95.707866
-0.006979 -0.242585 -60.821812
-0.000339 -0.001782 1.000000
-0.101350 -0.776066 442.341793
-0.081702 -0.322193 -31.266848
-0.000439 -0.001648 1.000000
0.138903 -1.208198 508.053485
0.049172 -0.637278 -85.743759
0.000110 -0.002553 1.000000
0.288116 -1.181427 -13.520045
0.070912 -0.670879 -17.032509
0.000280 -0.002600 1.000000
-0.052254 -0.800902 239.206959
-0.245586 -0.657918 -52.191140
-0.000245 -0.002498 1.000000
0.178721 -1.264656 246.316013
-0.143746 -0.980170 -188.145273
-0.000058 -0.002973 1.000000
0.073322 -0.897127 290.081079
-0.052728 -0.474517 -97.264970
-0.000092 -0.002168 1.000000
0.259703 -1.146834 382.663735
-0.031021 -0.632029 -101.666570
0.000055 -0.002562 1.000000
-0.003314 -0.733208 -149.890116
0.001680 -0.433966 -75.054301
-0.000002 -0.002337 1.000000
-0.028850 -1.460994 729.470991
-0.039652 -0.994505 32.640770
-0.000185 -0.002530 1.000000
0.100400 -0.979667 359.823318
-0.018338 -0.694191 -81.231460
-0.000010 -0.002463 1.000000
0.377498 -1.181229 425.589305
-0.003435 -0.981224 29.310897
0.000190 -0.002976 1.000000
-0.003518 -0.410470 114.709291
-0.010127 -0.305723 76.784496
0.000147 -0.002020 1.000000
0.155700 -0.916498 26.788918
0.118987 -0.583395 -8.012155
0.000418 -0.002808 1.000000
-0.297207 -1.071830 385.324287
-0.339444 -0.837458 189.048399
-0.000452 -0.002205 1.000000
-0.073568 -1.157165 401.528256
-0.172088 -0.508028 86.906181
-0.000332 -0.001891 1.000000
-0.138459 -1.093643 487.328872
-0.128881 -0.565708 -49.125672
-0.000291 -0.002144 1.000000
-0.118602 -0.973911 364.717603
-0.164325 -0.542716 -23.927277
-0.000380 -0.001923 1.000000
-0.084900 -0.973331 291.502625
-0.179662 -0.508059 15.672745
-0.000333 -0.002013 1.000000
0.072472 -1.447655 200.790445
-0.133725 -1.292636 -110.464215
0.000149 -0.003242 1.000000
-0.084568 -0.718404 137.236391
-0.024920 -0.324942 -21.823583
-0.000001 -0.002214 1.000000
-0.164188 -0.432799 191.184525
-0.025658 -0.215608 21.093249
-0.000204 -0.001793 1.000000
-0.077962 -1.387478 120.757133
-0.213568 -0.882452 120.388949
-0.000214 -0.002673 1.000000
0.276886 -1.487683 423.564264
0.160620 -1.236425 -199.174435
0.000427 -0.003507 1.000000
-0.010601 -0.936316 99.704158
0.034243 -0.441536 -0.218747
0.000078 -0.002517 1.000000
0.853694 -2.139541 516.296945
0.020325 -0.663763 -152.389023
0.000795 -0.003373 1.000000
0.651576 -2.280288 229.731886
0.186801 -1.479426 -95.973088
0.000369 -0.003773 1.000000
-0.033933 -1.382951 379.068600
-0.101370 -0.661617 -39.055886
-0.000183 -0.002305 1.000000
0.039901 -1.900334 489.567890
-0.036614 -0.994282 -9.414697
0.000076 -0.002900 1.000000
-0.065809 -0.838887 294.253172
0.015646 -0.392882 -73.675038
0.000145 -0.002422 1.000000
-0.000750 -1.122611 205.127033
-0.061366 -0.472235 -26.725823
0.000027 -0.002665 1.000000
-0.108174 -1.218761 604.834786
-0.286467 -0.822726 77.040202
-0.000338 -0.002326 1.000000
0.015880 -0.743823 88.414648
-0.137666 -0.316118 28.540731
-0.000343 -0.001938 1.000000
0.178644 -1.496639 540.422574
0.054248 -0.840875 -285.380836
0.000329 -0.002995 1.000000
0.259109 -1.250818 246.697772
-0.008293 -0.827303 -116.813135
-0.000016 -0.002869 1.000000
0.333205 -1.871671 272.776210
-0.119322 -1.106177 -0.366643
0.000207 -0.003263 1.000000
0.105295 -1.500638 384.243725
-0.031069 -0.852957 -53.815520
0.000111 -0.002739 1.000000
0.149202 -1.383333 367.374141
-0.071448 -0.769667 -79.918651
0.000340 -0.002928 1.000000
0.078922 -1.280869 608.269894
-0.012768 -0.433748 -22.984324
0.000061 -0.002071 1.000000
0.240542 -1.594312 463.937799
-0.096866 -0.738076 -98.429597
0.000161 -0.002748 1.000000
0.632366 -2.155778 388.666568
0.042134 -1.031656 -64.202949
0.000901 -0.003657 1.000000
-0.112598 -0.646761 238.079991
-0.099427 -0.590147 41.894942
-0.000376 -0.002119 1.000000
0.366753 -0.900297 -233.575161
0.573688 -1.295009 -172.515931
0.001802 -0.004342 1.000000
0.098860 -1.482328 494.687834
-0.044088 -0.714235 -70.025744
0.000126 -0.002697 1.000000
0.202575 -1.442535 248.621639
-0.096244 -1.056906 -56.614523
0.000003 -0.003149 1.000000
0.107187 -1.113925 229.362092
0.025979 -0.701823 -18.586572
0.000102 -0.002541 1.000000
-0.180820 -1.083188 266.142065
-0.078348 -0.618229 -35.828677
-0.000335 -0.002223 1.000000
-0.120991 -0.651921 149.065535
-0.188931 -0.505132 75.724647
-0.000387 -0.001756 1.000000
-0.113093 -0.796991 262.486107
-0.154446 -0.437927 -29.734508
-0.000557 -0.001718 1.000000
-0.129692 -1.153002 511.843410
-0.136781 -0.711977 55.795014
-0.000387 -0.002371 1.000000
-0.101539 -0.752195 252.432474
-0.175951 -0.433903 61.389201
-0.000506 -0.001724 1.000000
0.217147 -1.053359 127.471905
-0.074679 -0.774279 55.383981
-0.000081 -0.002405 1.000000
0.231525 -1.490952 398.737961
-0.110858 -0.861991 39.615515
0.000047 -0.002519 1.000000
0.625250 -2.226206 492.398114
0.032037 -0.955237 -61.702248
0.000345 -0.003109 1.000000
0.353611 -1.497954 491.774525
-0.033728 -0.461724 -127.423653
0.000246 -0.002495 1.000000
0.381136 -0.998514 184.286536
-0.091661 -0.539869 -7.997809
-0.000003 -0.002265 1.000000
-0.013902 -1.067886 401.922158
-0.134646 -0.381538 62.288369
-0.000285 -0.001911 1.000000
-0.050200 -1.764257 561.536560
-0.200126 -1.020295 229.269148
-0.000086 -0.002575 1.000000
0.881228 -3.024847 655.044960
0.194635 -1.645050 -73.606760
0.001024 -0.004431 1.000000
1.578097 -2.291959 448.871142
0.137941 -0.054975 -117.291147
0.001290 -0.003004 1.000000
0.337195 -1.357933 355.929083
0.080218 -0.888343 50.937078
0.000174 -0.002554 1.000000
-0.252514 -1.550201 631.194680
-0.159208 -0.896989 206.131027
-0.000223 -0.002258 1.000000
0.204601 -0.666263 241.845514
-0.084512 -0.084566 51.206897
-0.000059 -0.001556 1.000000
-0.040081 -1.481259 535.440208
-0.151742 -0.935593 186.000845
-0.000105 -0.002391 1.000000
1.740510 0.447634 -421.171651
0.117895 1.597976 -155.741896
0.000462 0.000229 1.000000
1.468848 -0.086520 -138.290664
0.150345 1.178537 -134.494478
0.000410 -0.000267 1.000000
0.276956 -0.860555 268.632252
-0.141882 -0.187025 76.764326
-0.000105 -0.001789 1.000000
0.035809 -1.561924 577.172234
-0.061926 -0.958795 159.009606
0.000056 -0.002669 1.000000
-0.049705 -0.795742 278.718906
-0.162670 -0.540784 144.611218
-0.000310 -0.001787 1.000000
0.275982 -1.210780 330.693391
-0.052424 -0.797031 133.278646
0.000062 -0.002284 1.000000
0.400278 -2.402534 512.844083
0.285476 -1.341992 -155.024652
0.000875 -0.004013 1.000000
0.128653 -2.008992 694.879473
0.035470 -1.150474 69.074357
0.000289 -0.002934 1.000000
0.128257 -1.407986 395.496440
-0.029182 -0.634018 -20.507481
-0.000071 -0.002319 1.000000
0.081023 -1.540701 397.812373
0.016830 -0.882879 0.487249
0.000178 -0.002748 1.000000
0.215718 -0.521285 151.779334
-0.210370 -0.035238 172.477949
-0.000666 -0.000847 1.000000
0.193816 -1.581829 725.616762
0.019667 -0.650239 -63.113049
0.000252 -0.002758 1.000000
0.426677 -2.251137 1064.027711
0.071427 -0.612754 34.771106
0.000417 -0.002740 1.000000
-0.086228 -1.216684 421.474101
-0.184048 -0.515578 6.413963
-0.000411 -0.002046 1.000000
-0.449435 -0.919665 237.761077
-0.271668 -0.662677 141.216609
-0.000642 -0.001946 1.000000
0.201799 -1.346482 516.586871
-0.060157 -0.501727 -18.570252
-0.000008 -0.002215 1.000000
-0.406997 -1.196096 927.254853
-0.121364 -0.318294 11.927386
-0.000481 -0.001571 1.000000
0.448231 -1.279603 401.299337
-0.061670 -0.370956 76.430516
0.000240 -0.002288 1.000000
0.159409 -0.519496 148.102356
-0.259909 -0.017640 146.148369
-0.000522 -0.001231 1.000000
-0.847781 -1.651687 635.338497
-0.105403 -2.106587 424.610113
-0.000623 -0.003053 1.000000
-2.590642 1.950521 -900.757269
-2.371982 0.578537 1420.235554
-0.006437 0.004444 1.000000
-2.185328 2.336362 -1184.126912
-1.772146 0.120378 1328.780724
-0.005151 0.003079 1.000000
-1.309332 0.706755 -280.071739
-1.119993 -0.011815 738.576039
-0.002735 0.000611 1.000000
0.737760 -3.080998 1453.755140
0.345662 -1.129672 -351.738483
0.001084 -0.003964 1.000000
-0.018265 -1.614121 233.221327
-0.050215 -0.730858 -215.877862
0.000004 -0.002736 1.000000
-0.365691 -1.216403 792.185987
-0.223774 -0.813085 -13.415511
-0.000470 -0.002309 1.000000
0.108434 -1.674880 726.066836
-0.061871 -0.939525 47.725239
-0.000223 -0.002537 1.000000
0.193122 -2.188271 1069.972931
-0.023443 -0.591784 59.098794
0.000262 -0.002570 1.000000
-0.071592 -1.469581 844.280434
0.055619 -0.627528 -147.900190
0.000007 -0.002531 1.000000
1.219978 -2.986115 1252.841866
0.433759 -0.926420 -223.646319
0.001467 -0.003985 1.000000
-0.802404 -0.695387 347.206259
-0.379613 -0.646068 231.725597
-0.001367 -0.001028 1.000000
1.000000 0.000000 -0.000000
0.000000 1.000000 -0.000000
0.000000 0.000000 1.000000
1.190219 0.032966 -80.500713
0.032815 1.171896 -76.384374
0.000147 0.000118 1.000000
0.792886 -1.813594 493.936857
0.149341 -0.551772 -80.884071
0.000620 -0.002782 1.000000
-0.152414 -1.084455 484.945116
-0.106732 -0.414209 -37.868560
-0.000357 -0.001873 1.000000
0.007070 -0.714754 136.760919
0.055217 -0.666158 36.007031
0.000344 -0.002910 1.000000
0.008509 -0.714152 119.391593
0.144906 -0.648868 -10.988101
0.000791 -0.003123 1.000000
-0.084604 -1.000175 160.024013
-0.033373 -0.905951 141.172811
0.000063 -0.002695 1.000000
-0.145091 -1.974996 -6.254187
-0.104128 -1.536702 673.502372
0.000019 -0.003068 1.000000
-0.066868 -0.478185 60.121057
-0.085932 -0.541991 163.145569
-0.000347 -0.001877 1.000000
-0.254496 -0.609838 233.848936
-0.134391 -0.376186 42.908548
-0.000654 -0.001509 1.000000
-0.120195 -0.702423 178.707641
-0.249816 -0.440066 10.646446
-0.000441 -0.001808 1.000000
0.884696 -0.281585 126.120893
-0.048604 1.023197 16.177796
-0.000052 0.000012 1.000000
1.009811 -0.225594 111.726006
0.028033 1.186504 -41.961772
0.000174 0.000037 1.000000
0.003315 -0.399419 -19.546719
0.031143 -0.639090 98.455237
0.000218 -0.002305 1.000000
-0.006842 -0.453981 -0.358915
0.182599 -0.773533 20.043323
0.000568 -0.002679 1.000000
0.021174 -0.199695 26.471748
-0.041629 -0.357455 162.559196
0.000155 -0.002031 1.000000
0.015729 -0.555197 60.236684
-0.034930 -0.439303 81.341330
-0.000031 -0.002014 1.000000
-0.000161 -0.837056 224.203010
-0.129013 -0.580837 132.682972
0.000048 -0.002377 1.000000
0.332694 -1.252021 -175.562561
0.266499 -0.926559 -2.072622
0.001310 -0.003990 1.000000
-0.035359 -0.647355 -16.079395
0.130986 -0.873069 79.980201
0.000125 -0.002693 1.000000
0.074849 -0.761538 -97.939797
0.237024 -1.069241 -3.071683
0.000857 -0.003565 1.000000
0.136112 -0.498802 -75.261977
0.162248 -0.521431 -20.795435
0.000754 -0.002974 1.000000
-0.048638 -0.763169 112.202015
0.009503 -0.545514 -6.623171
0.000139 -0.002647 1.000000
-0.071007 -1.420376 -16.648440
-0.131135 -0.905734 50.237610
-0.000129 -0.002824 1.000000
0.201981 -0.970948 306.931379
-0.088975 -0.332347 -22.841639
0.000161 -0.002127 1.000000
-0.109665 -0.816014 249.362739
-0.128780 -0.396408 47.996430
-0.000274 -0.001950 1.000000
-0.121538 -0.955892 -0.591931
0.054648 -0.963873 56.542592
0.000064 -0.002983 1.000000
0.007116 -0.422004 2.024835
0.125507 -0.548001 9.422765
0.000537 -0.002720 1.000000
0.020050 -0.554576 -49.229290
-0.022437 -0.552075 60.670664
0.000268 -0.002606 1.000000
0.176309 -0.751082 -135.188307
0.069676 -0.722831 -146.679339
0.000851 -0.003441 1.000000
0.348389 -1.230807 -578.287782
0.258231 -1.766599 787.299435
0.000701 -0.003761 1.000000
1.488643 -3.432785 -783.724127
0.315991 -1.683637 117.057571
0.001524 -0.004598 1.000000
0.104833 -1.170498 78.224209
-0.001665 -0.797026 -49.912384
0.000299 -0.002974 1.000000
0.023914 -0.404121 35.068424
-0.036082 -0.527572 34.838917
0.000184 -0.002540 1.000000
0.251467 -2.034899 351.480099
0.079660 -1.355035 -145.913824
0.000606 -0.003852 1.000000
-2.777891 2.741045 1790.413937
-1.580186 1.627192 -668.304314
-0.004383 0.004114 1.000000
0.177447 -1.000131 -428.593710
0.219603 -1.588377 863.028079
0.000071 -0.002664 1.000000
0.104741 -1.492363 1446.798119
0.028174 -1.176468 1534.649208
0.000099 -0.002397 1.000000
-0.238868 -1.447472 1319.281954
-0.239922 -0.976185 587.546122
-0.000364 -0.001781 1.000000
-0.175211 -0.802119 136.185095
-0.011232 -0.743499 -8.582398
-0.000284 -0.001857 1.000000
-0.208878 -0.502691 -9.740280
0.017081 -0.815185 196.103916
0.000120 -0.002405 1.000000
0.567265 -1.332311 418.309401
0.469874 -1.846998 1260.950248
0.000791 -0.002797 1.000000
0.441902 -1.609675 524.477677
0.446721 -1.815126 1282.592499
0.000640 -0.002927 1.000000
0.374806 -2.328414 1042.569817
0.015642 -0.575853 -12.154168
0.000332 -0.002804 1.000000
0.346726 -2.304808 1885.939639
0.042397 -1.441594 426.663625
0.000170 -0.003342 1.000000
0.319368 -2.110303 949.254147
0.045631 -0.648505 52.559168
0.000219 -0.002667 1.000000
0.452548 -2.221220 1061.473174
0.071082 -0.626347 57.878787
0.000491 -0.002782 1.000000
0.229978 -2.119572 1378.619770
0.246783 -1.034271 -569.536761
0.000455 -0.003437 1.000000
0.567805 -2.291698 947.920169
0.086912 -0.764833 -83.127899
0.000671 -0.003315 1.000000
0.337648 -2.077199 980.457917
0.046573 -0.556131 119.620040
0.000327 -0.002500 1.000000
-0.019119 -1.601338 1065.871330
-0.042915 -0.919496 116.098815
-0.000112 -0.002690 1.000000
0.037229 -1.207931 696.199754
0.050974 -1.480061 947.319295
0.000192 -0.002093 1.000000
0.111145 -1.592810 254.883452
0.068056 -0.954057 -137.614736
0.000455 -0.003059 1.000000
-0.249133 -1.533784 1490.613473
-0.153019 -1.109307 640.677611
-0.000412 -0.002230 1.000000
0.049717 -1.272460 -597.347514
0.119768 -1.525249 121.913031
0.000080 -0.002641 1.000000
0.736606 -2.592075 838.446774
0.110816 -1.286160 145.571613
0.000656 -0.003498 1.000000
0.753888 -2.508921 922.205446
0.070202 -0.663098 -15.169189
0.000803 -0.003421 1.000000
0.242397 -2.182382 1599.377931
0.145518 -0.989271 -42.916670
0.000606 -0.003396 1.000000
0.609270 -1.499768 -3238.071976
0.255609 -0.591004 1852.939893
0.001925 -0.004640 1.000000
0.309880 -1.873769 1847.412796
0.421527 -1.934287 -372.326243
0.000398 -0.003329 1.000000
-0.077464 -1.416376 917.921637
-0.067197 -1.527161 865.032000
0.000004 -0.002384 1.000000
0.171546 -1.767721 940.665198
-0.008998 -0.465670 125.855475
0.000192 -0.002144 1.000000
0.142614 -1.477931 1578.287349
0.109411 -1.345919 681.676209
0.000210 -0.002749 1.000000
-0.363215 -1.330445 868.143757
-0.182403 -0.439000 26.312648
-0.000475 -0.001915 1.000000
-0.056510 -1.410175 917.726524
-0.158543 -0.499777 -121.195796
-0.000338 -0.001943 1.000000
0.073497 -0.848413 261.422020
-0.001804 -0.295495 32.585449
0.000066 -0.002172 1.000000
0.010820 -1.914983 986.497273
0.019194 -0.482242 37.524634
0.000028 -0.002329 1.000000
0.377667 -2.244260 1009.950227
0.068116 -0.996786 49.917209
0.000465 -0.003276 1.000000
0.026339 -1.070664 155.958110
0.060840 -0.845079 -122.357836
0.000444 -0.003067 1.000000
-0.137361 -1.602931 928.992594
-0.068840 -0.324757 53.365723
-0.000168 -0.001961 1.000000
0.165265 -1.772731 772.710412
-0.029252 -1.297158 -117.880098
0.000299 -0.003685 1.000000
-0.014852 -1.732515 1013.020725
-0.005301 -0.680217 -62.893804
0.000077 -0.002544 1.000000
-0.044299 -1.760206 512.966042
0.018743 -1.326935 -78.597708
0.000258 -0.003615 1.000000
-0.232734 -1.696527 954.378581
-0.092538 -0.737841 22.800844
-0.000043 -0.002481 1.000000
-0.116488 -1.445558 680.875335
-0.210533 -0.892411 96.740548
-0.000212 -0.002457 1.000000
-0.062261 -1.823663 969.280560
-0.045967 -0.458424 57.060113
-0.000065 -0.002224 1.000000
0.075713 -2.056099 933.514688
0.032066 -1.142596 14.129244
0.000155 -0.003554 1.000000
0.172408 -1.700898 1099.868529
-0.011100 -0.468628 -49.190722
0.000229 -0.002534 1.000000
0.107266 -1.992845 1026.219394
-0.058970 -1.264466 147.019692
0.000120 -0.003140 1.000000
2.487052 -3.310739 -2745.191074
1.824953 -3.042245 1192.553772
0.005053 -0.007567 1.000000
0.010390 -1.538014 882.322518
-0.038653 -0.551310 -104.380897
-0.000102 -0.002388 1.000000
-0.086343 -1.625946 991.948726
-0.067061 -0.748068 178.249882
-0.000037 -0.002476 1.000000
0.694728 -2.138234 1020.428524
0.036937 -0.323252 -87.261230
0.000875 -0.002816 1.000000
0.140788 -1.352623 276.952070
0.069538 -0.400370 -179.755791
0.000539 -0.002961 1.000000
-0.034889 -1.255099 801.530669
-0.042691 -0.603222 96.383498
-0.000209 -0.002002 1.000000
0.177235 -1.746638 860.805400
-0.030522 -0.336080 42.822791
0.000124 -0.002072 1.000000
-0.123763 -1.132714 643.954182
-0.110411 -0.589800 54.774939
-0.000168 -0.002043 1.000000
0.034315 -1.197497 518.226340
-0.079863 -0.637741 -47.338547
-0.000087 -0.002351 1.000000
-0.239869 -1.109440 564.590325
-0.359700 -0.915141 164.564413
-0.000475 -0.002381 1.000000
-0.121458 -1.093396 650.716426
-0.213877 -0.619313 227.439315
-0.000317 -0.001823 1.000000
-0.171531 -1.102997 632.397466
-0.109007 -0.694130 64.012040
-0.000199 -0.002281 1.000000
-0.094487 -1.019686 456.283911
-0.193463 -0.883954 111.103704
-0.000278 -0.002541 1.000000
0.066856 -1.109202 482.305517
-0.092923 -0.514805 54.194079
0.000134 -0.002417 1.000000
0.263449 -1.639884 631.921091
0.021688 -0.925574 -22.761812
0.000221 -0.003028 1.000000
0.033097 -1.265921 684.967399
-0.045291 -0.467519 -2.472120
-0.000015 -0.002151 1.000000
0.028092 -1.140578 495.601429
-0.133041 -0.739049 71.735855
-0.000236 -0.002406 1.000000
0.527847 -2.172247 508.109616
0.249575 -1.449346 -11.056197
0.000814 -0.003624 1.000000
0.210296 -1.655698 398.749939
-0.079979 -1.127180 5.138550
-0.000136 -0.002915 1.000000
0.295987 -1.444060 550.952410
0.034033 -0.951945 -42.289402
0.000186 -0.002875 1.000000
-4.763212 4.517024 -155.959251
-2.072735 1.059744 1916.704787
-0.006313 0.005351 1.000000
-0.066080 -0.925036 359.499971
0.010468 -0.340314 -156.542526
-0.000131 -0.002222 1.000000
-0.149369 -1.217555 880.090758
-0.029877 -0.343037 -78.330059
-0.000233 -0.002041 1.000000
1.455359 -0.350189 -1.215503
-0.067319 0.940868 -50.895412
0.000600 -0.000398 1.000000
0.181662 -1.403503 443.336437
0.035053 -0.830505 -91.899592
-0.000014 -0.002885 1.000000
-0.135665 -1.053537 540.407205
-0.070765 -0.377993 -62.884217
-0.000335 -0.002086 1.000000
0.074627 -0.843030 373.826618
-0.173157 -0.240045 162.592298
-0.000286 -0.001528 1.000000
0.214882 -0.330239 200.947928
-0.175019 0.303985 105.567382
-0.000400 -0.000798 1.000000
0.080509 -1.010439 454.761973
-0.129343 -0.470191 142.292437
-0.000189 -0.001826 1.000000
2.764728 -5.549968 1889.548098
1.816205 -3.331075 -756.469420
0.005099 -0.009107 1.000000
0.311489 -1.891830 748.729359
0.071513 -1.159572 52.822353
0.000440 -0.003208 1.000000
0.129880 -1.173843 332.670041
0.016040 -0.722325 47.800474
0.000334 -0.002794 1.000000
-0.021696 -0.556627 134.007935
0.042894 -0.510791 51.850501
0.000264 -0.002335 1.000000
-0.092949 -0.520377 170.687899
-0.127875 -0.449907 162.535881
-0.000343 -0.001663 1.000000
0.033198 -1.282560 303.519984
-0.031487 -0.572158 -49.124157
0.000017 -0.002536 1.000000
0.130945 -2.010809 898.492397
-0.043832 -0.970176 39.661034
0.000090 -0.002778 1.000000
-0.119040 -0.933704 437.025356
-0.122503 -0.422755 10.761268
-0.000294 -0.001891 1.000000
-0.197280 -1.745757 533.567267
-0.002239 -1.359723 -42.480910
0.000074 -0.003496 1.000000
0.101926 -0.901521 48.407669
0.128225 -1.194504 -43.613723
0.000403 -0.003275 1.000000
-0.112837 -1.540882 750.347281
-0.241365 -1.074320 13.280968
-0.000234 -0.002900 1.000000
-0.100765 -0.584678 156.317912
-0.136053 -0.537749 134.685941
-0.000168 -0.001941 1.000000
0.161620 -0.984699 157.894674
0.014516 -0.668234 -121.354540
0.000118 -0.002580 1.000000
-0.106725 -1.031575 384.531586
-0.138793 -0.656799 83.429175
-0.000323 -0.002002 1.000000
0.029109 -0.703357 66.722755
-0.069360 -0.445088 56.889855
-0.000037 -0.002181 1.000000
0.159116 -1.992006 606.673633
-0.024195 -1.337947 123.901061
0.000195 -0.003161 1.000000
-0.040122 -1.027273 148.306304
-0.086691 -0.994914 145.570871
0.000164 -0.002703 1.000000
-0.107718 -1.815209 712.919173
0.111098 -1.121117 -229.072592
0.000165 -0.003267 1.000000
