0.164760 -1.989348 712.466887
0.147105 -0.929919 -238.463679
0.000557 -0.003537 1.000000
-0.103947 -1.885354 462.309177
0.149229 -1.706882 -112.798016
0.000555 -0.004313 1.000000
1.089936 -3.656620 25.199315
0.742179 -2.477694 -589.189778
0.002970 -0.007190 1.000000
-0.258775 -0.959595 286.119939
-0.104097 -1.061019 93.411398
-0.000093 -0.002845 1.000000
0.138122 -1.250814 104.037793
0.169587 -1.411559 -14.077593
0.000410 -0.003380 1.000000
2.198504 -3.948999 -1143.485175
1.673359 -5.257021 -1195.962006
0.004989 -0.012806 1.000000
0.176488 -0.730678 -238.585703
0.250441 -0.644535 -336.924373
0.000640 -0.003391 1.000000
-0.110984 -0.927607 90.026330
-0.079660 -0.947788 -63.041112
-0.000049 -0.002975 1.000000
-0.090521 -1.161256 106.218091
0.094209 -1.283515 -43.236679
0.000165 -0.003333 1.000000
0.538356 -2.760820 1285.022479
0.239790 -2.405825 -284.113131
0.001216 -0.005150 1.000000
0.215596 -1.743583 598.206070
0.051881 -1.307060 -332.092982
0.000436 -0.003526 1.000000
-0.042398 -0.903589 -28.655771
-0.104846 -0.775550 45.111683
-0.000115 -0.002588 1.000000
0.060546 -2.115180 783.967654
-0.013868 -1.486425 -88.565039
0.000482 -0.003896 1.000000
0.508425 -1.103212 47.099056
0.251930 -0.797232 -513.694639
0.000865 -0.003379 1.000000
0.260233 -1.260648 587.502635
0.099506 -1.177975 -116.226656
0.000430 -0.003161 1.000000
0.008625 -1.787079 249.607664
0.198236 -1.747670 2.455674
0.000665 -0.004243 1.000000
0.061281 -1.433317 154.573574
0.119234 -0.992359 -155.647485
0.000435 -0.003234 1.000000
0.590785 -2.237632 248.617231
0.120269 -1.758331 -96.704604
0.000462 -0.003907 1.000000
-0.063029 -0.862468 175.387247
0.090641 -0.630409 -81.719663
0.000712 -0.003139 1.000000
-0.211344 -1.291290 314.111371
-0.071982 -1.223584 -48.971505
-0.000127 -0.003070 1.000000
-0.065463 -0.987219 242.399857
0.128528 -0.803393 -26.210682
0.000238 -0.002606 1.000000
0.031336 -2.196639 -272.707967
0.092664 -1.340419 24.625431
0.000062 -0.003107 1.000000
-0.385225 -0.919270 1936.202794
-0.292622 -0.872204 -81.639011
-0.000535 -0.001855 1.000000
0.094503 -1.548006 63.566194
0.038135 -1.640336 -86.875864
0.000456 -0.004138 1.000000
0.488677 -2.167810 -176.369157
0.556776 -1.953050 -628.208268
0.002712 -0.007056 1.000000
0.007602 -1.227360 107.011190
0.174243 -0.959977 -116.831464
0.000357 -0.003018 1.000000
0.215106 -1.049973 -78.526199
0.135792 -1.198085 -90.165280
0.000356 -0.003307 1.000000
-0.055364 -0.784198 144.476724
-0.093425 -0.914034 126.177162
-0.000151 -0.002461 1.000000
0.271361 -1.140762 106.186389
0.016042 -1.857635 76.611713
0.000373 -0.004065 1.000000
0.296231 -1.068087 -166.601461
0.449801 -1.868508 -229.967197
0.001207 -0.004571 1.000000
0.250819 -1.450366 46.402406
0.209636 -1.201603 -3.746759
0.000601 -0.003367 1.000000
0.799379 -2.240451 -123.527135
0.325872 -1.811916 -806.357300
0.001420 -0.004825 1.000000
0.432099 -1.842585 55.994425
0.297352 -1.624423 -311.781050
0.001395 -0.004746 1.000000
0.822550 -1.333796 540.504111
1.670456 -2.849169 -1650.540895
0.003766 -0.008234 1.000000
0.145731 -1.677003 32.408003
-0.030823 -1.383101 -175.022966
0.000423 -0.003636 1.000000
0.541405 -1.762741 -203.749382
0.278369 -0.951946 -483.675571
0.001031 -0.004514 1.000000
0.093688 -1.276722 290.595042
0.156194 -1.050980 -475.219651
0.000386 -0.003259 1.000000
0.226214 -1.316928 -65.392962
0.278118 -1.355746 -314.470151
0.000390 -0.003602 1.000000
0.141234 -1.677103 3.844252
0.196475 -1.747741 -110.104622
0.000455 -0.004037 1.000000
0.446517 -1.438706 -428.493637
0.425804 -1.371459 -425.491495
0.001120 -0.004361 1.000000
-0.223512 -0.955350 332.228490
-0.157514 -0.975350 33.382088
-0.000254 -0.002452 1.000000
-0.158064 -1.208994 324.499667
-0.031958 -0.818627 -78.224364
0.000080 -0.002802 1.000000
-0.154249 -1.025137 172.941479
-0.116023 -1.224984 -70.661663
0.000185 -0.003886 1.000000
-0.101878 -1.093680 63.540958
-0.110429 -0.772306 -121.351683
-0.000041 -0.002543 1.000000
-0.063893 -0.907099 7.779126
-0.039338 -0.590500 -170.334418
0.000183 -0.003247 1.000000
2.796746 -5.081776 -457.354329
1.236589 -3.111726 -1841.999333
0.004607 -0.010649 1.000000
-0.181628 -0.842614 448.840501
-0.083165 -0.792185 -52.312324
-0.000148 -0.002532 1.000000
0.151915 -0.951899 10.823003
0.063467 -0.751795 -131.374855
0.000235 -0.002995 1.000000
0.137903 -1.435839 538.793801
0.170141 -1.392502 -114.134702
0.000682 -0.003819 1.000000
-0.075861 -0.853329 308.516241
0.068482 -1.196018 -13.235493
-0.000030 -0.002890 1.000000
0.174225 -1.072747 502.380029
0.163248 -1.226468 -155.794675
0.000450 -0.003778 1.000000
0.014363 -1.128342 412.632147
0.077934 -0.861628 -96.477873
0.000086 -0.002820 1.000000
-0.124973 -1.305066 319.652848
0.008845 -1.092397 -162.984950
0.000031 -0.003050 1.000000
0.397991 -1.977346 229.306638
0.434368 -0.953999 -824.760636
0.002071 -0.005462 1.000000
-0.244072 -2.331778 487.181335
0.068636 -1.946269 -32.243943
0.000265 -0.004201 1.000000
0.036566 -1.610104 214.329724
0.135952 -1.612092 -78.363262
0.000232 -0.003880 1.000000
0.348362 -2.145235 508.673453
0.119441 -1.217670 -602.519529
0.001103 -0.004892 1.000000
-0.018945 -1.216430 853.883356
-0.089611 -0.685090 6.124864
-0.000151 -0.002241 1.000000
0.086076 -2.178609 420.649975
0.332121 -1.019392 -588.399619
0.000771 -0.003893 1.000000
8.365251 -17.494057 -449.171102
8.857180 -10.572207 -9728.385152
0.023075 -0.037469 1.000000
2.451238 -2.573514 -2385.859398
1.032085 -1.178397 -1099.003028
0.004857 -0.008875 1.000000
-0.048239 -1.167212 362.908190
0.003285 -0.863729 -33.868117
-0.000003 -0.002660 1.000000
-0.030810 -0.505814 99.362725
-0.078236 -0.508377 51.808766
0.000030 -0.002104 1.000000
0.477158 -1.713245 137.188274
0.233306 -1.775536 -258.808270
0.001250 -0.004741 1.000000
0.150336 -1.172014 215.911212
0.021388 -0.647667 -147.473020
0.000453 -0.003045 1.000000
0.038714 -1.416356 404.749823
-0.030734 -1.168529 -469.998778
0.000188 -0.003302 1.000000
0.510715 -2.556901 143.483867
0.302964 -1.639232 -495.832309
0.001089 -0.005327 1.000000
0.404805 -2.811125 275.466959
0.665144 -1.634217 -768.704110
0.001508 -0.005082 1.000000
0.018438 -1.610350 86.045499
-0.063696 -0.994597 -171.967875
0.000238 -0.003697 1.000000
0.089493 -2.235407 448.662170
0.315371 -1.330387 -437.955461
0.000502 -0.004032 1.000000
0.291764 -2.026635 88.032477
0.216334 -1.873038 -352.733521
0.001067 -0.004842 1.000000
0.209699 -1.276523 -3.164192
0.103711 -1.444268 -103.824228
0.000641 -0.003735 1.000000
0.033528 -1.130294 -49.704550
-0.048814 -0.796437 108.535750
0.000042 -0.002924 1.000000
0.636558 -2.002146 941.078495
0.202785 -1.391536 -336.027756
0.000837 -0.004242 1.000000
-0.226589 -1.164269 160.366494
-0.137819 -1.157459 -3.037146
0.000156 -0.003560 1.000000
0.021452 -0.773212 126.431570
-0.040458 -1.185813 8.191715
0.000030 -0.002942 1.000000
0.145602 -0.963149 -114.363011
-0.073915 -0.593197 133.578625
0.000094 -0.002565 1.000000
0.177364 -1.054679 -1.594104
0.102849 -0.530905 -42.796159
0.000339 -0.002768 1.000000
0.437380 -1.560556 -115.879956
0.051562 -1.152222 -135.937261
0.000371 -0.003361 1.000000
0.181444 -1.665546 207.730678
-0.021134 -1.492565 -108.977267
0.000287 -0.003746 1.000000
0.827163 -3.599902 -114.553775
0.523457 -2.270124 -410.855506
0.001453 -0.006284 1.000000
0.045807 -1.100737 193.512794
-0.028609 -0.837498 5.624957
-0.000125 -0.002410 1.000000
-0.077643 -1.400523 81.707100
0.015289 -1.217476 33.476506
-0.000012 -0.003212 1.000000
-0.075801 -1.121007 -85.881995
-0.126744 -1.156570 116.256211
-0.000005 -0.003065 1.000000
0.484516 -1.841384 29.689920
0.024310 -0.560741 -147.653147
0.001556 -0.004717 1.000000
0.094474 -0.669919 127.400256
0.023101 -0.362525 -17.395056
0.000188 -0.002217 1.000000
0.035681 -1.210741 77.055831
-0.100725 -1.293320 138.118052
-0.000107 -0.002929 1.000000
0.084806 -1.378218 209.239776
-0.018188 -1.428432 39.911455
0.000208 -0.003219 1.000000
-0.011708 -0.906066 -176.967711
0.025247 -0.825740 -113.661287
0.000709 -0.003260 1.000000
0.017145 -0.736736 34.943977
0.018562 -0.635350 4.126625
-0.000154 -0.002318 1.000000
0.109575 -0.969540 28.862585
-0.028493 -0.911803 71.508224
-0.000100 -0.002630 1.000000
0.343228 -1.994310 277.626497
0.238433 -1.585616 -386.160626
0.000766 -0.004399 1.000000
-0.160084 -1.186447 213.184807
-0.161278 -0.854008 87.292048
-0.000236 -0.002496 1.000000
0.031400 -0.689753 -13.944990
0.013487 -0.582243 58.207425
0.000092 -0.002442 1.000000
0.410873 -1.181179 -218.711644
0.489869 -0.861872 -320.422644
0.002511 -0.005149 1.000000
0.813268 -2.086338 -142.404324
0.444905 -1.958786 -330.105394
0.001256 -0.005052 1.000000
0.693341 -2.182777 -897.337696
0.232562 -1.360658 -481.918095
0.001514 -0.005361 1.000000
-0.041832 -1.204107 151.231555
-0.017215 -1.215393 32.519097
-0.000030 -0.003037 1.000000
0.092387 -1.500997 310.594986
-0.019884 -1.304080 -302.317611
0.000259 -0.003380 1.000000
-0.031843 -1.577062 197.753201
0.106025 -1.121601 -109.187443
0.000186 -0.003260 1.000000
0.262177 -2.273669 26.458169
0.258357 -1.989988 -35.568502
0.000288 -0.004441 1.000000
0.349750 -1.926906 -33.274235
0.224739 -1.530214 -398.709455
0.000487 -0.004165 1.000000
0.202295 -2.019978 75.883922
0.352879 -1.945659 -229.727548
0.000769 -0.004611 1.000000
0.290320 -1.807456 -60.834039
0.071651 -1.945941 -141.525967
0.000646 -0.004689 1.000000
0.050336 -1.600685 163.398001
0.070547 -2.019462 21.986757
0.000036 -0.003993 1.000000
0.131005 -1.750464 140.895890
0.166670 -1.373992 -305.181344
0.000638 -0.004329 1.000000
1.711998 -3.674955 -518.479874
1.221560 -2.397469 -985.935221
0.003529 -0.008105 1.000000
0.344110 -2.824419 189.850756
0.465198 -2.799954 -250.372842
0.000799 -0.005377 1.000000
0.078770 -2.592160 548.506031
0.701030 -3.477386 -494.653061
0.001161 -0.006594 1.000000
0.054907 -1.916129 -120.459408
0.057456 -1.738477 -41.397619
0.000424 -0.004039 1.000000
0.006304 -2.315801 98.243381
0.017361 -1.443703 -39.192968
0.000315 -0.004277 1.000000
-0.103150 -1.886807 51.412028
-0.218293 -1.793107 117.736642
0.000053 -0.003788 1.000000
0.135103 -1.599988 -102.408545
0.203237 -1.084346 -279.322319
0.000309 -0.003475 1.000000
0.001450 -1.656116 560.066355
0.031798 -1.765362 11.611817
0.000365 -0.003871 1.000000
0.064088 -0.893455 -36.024241
-0.015112 -0.883740 103.883439
0.000213 -0.002779 1.000000
0.583199 -2.300628 -615.932442
0.169525 -1.565724 -101.689539
0.001640 -0.005887 1.000000
2.646578 -6.382080 -1216.724995
2.161282 -4.867613 -1733.083798
0.004158 -0.011085 1.000000
0.010243 -1.615023 230.118560
0.172346 -1.354609 -292.812222
0.000216 -0.003699 1.000000
0.466295 -2.061733 330.211672
0.495103 -1.132277 -487.820513
0.001403 -0.004368 1.000000
0.003480 -1.110535 365.885628
0.178296 -1.457944 -94.561949
0.000220 -0.003278 1.000000
0.005204 -2.450291 506.086902
0.249245 -1.949165 -256.538614
0.001358 -0.005425 1.000000
0.105146 -1.843808 425.159051
0.210182 -1.326185 -35.758019
0.000284 -0.003186 1.000000
-0.057620 -1.046905 214.480539
-0.012217 -0.845556 -164.708890
-0.000125 -0.002561 1.000000
1.196767 -2.852259 137.173801
0.644104 -2.174161 -909.922486
0.002162 -0.006479 1.000000
1.142048 -3.427000 326.448761
0.422533 -2.638021 -726.097345
0.001746 -0.006741 1.000000
0.103577 -1.841932 686.439770
0.075399 -1.309385 -245.307462
0.000370 -0.003472 1.000000
0.292005 -1.867733 506.952970
0.229695 -1.792851 -343.563956
0.000509 -0.004405 1.000000
0.519956 -2.173324 353.857992
0.645267 -2.340305 -453.787630
0.001166 -0.005300 1.000000
0.502307 -2.037068 225.602123
0.414317 -2.304595 -292.104964
0.000908 -0.005313 1.000000
-0.102034 -1.052501 373.545556
0.079436 -1.336305 -113.846797
0.000179 -0.003277 1.000000
-0.041596 -1.391036 641.420670
-0.016064 -1.091945 -202.348346
0.000174 -0.003103 1.000000
-0.246529 -1.627321 875.512405
-0.013611 -0.965282 -73.276874
0.000070 -0.002688 1.000000
0.561568 -1.743134 316.895019
0.573417 -2.066152 -461.752076
0.001481 -0.004565 1.000000
0.221796 -2.218935 290.164322
0.269429 -1.852961 -61.761370
0.000489 -0.003885 1.000000
-0.332426 -1.527240 233.639531
-0.349786 -1.210717 193.123550
-0.000520 -0.002768 1.000000
1.014888 -3.162325 -335.566111
0.427087 -2.492541 -335.945554
0.001907 -0.006355 1.000000
0.032629 -1.023967 309.128303
0.058836 -1.053173 57.032412
0.000086 -0.002555 1.000000
0.220545 -1.901602 85.117250
0.199306 -1.883203 -199.995088
0.000386 -0.004453 1.000000
0.153769 -2.043912 673.399719
0.019443 -1.153978 -30.067546
0.000181 -0.003230 1.000000
0.486456 -2.309224 678.779060
0.196997 -1.251244 -661.711071
0.000927 -0.003917 1.000000
-0.064784 -1.664817 1072.859135
-0.031008 -0.616280 29.865109
-0.000127 -0.002396 1.000000
0.289821 -2.518072 831.960346
0.252391 -1.223788 -259.064451
0.001238 -0.004616 1.000000
-0.008341 -1.658225 535.765060
0.140136 -0.948441 -239.308400
0.000650 -0.003221 1.000000
0.835816 -1.643110 -223.979813
0.494383 -1.547338 -377.278732
0.001392 -0.004748 1.000000
0.105536 -1.766074 1078.702308
0.011002 -1.022207 -42.804101
0.000150 -0.003006 1.000000
0.616328 -2.601368 222.741008
0.598494 -2.520483 -211.737601
0.001091 -0.005178 1.000000
-0.062507 -1.396604 381.953582
-0.273649 -1.236683 -5.166937
0.000019 -0.002916 1.000000
7.906412 -18.482051 -896.911759
6.153358 -15.200753 -4895.779479
0.016684 -0.034962 1.000000
0.806085 -3.034114 456.950201
0.676910 -2.438779 -708.020931
0.001416 -0.005823 1.000000
0.007669 -1.975695 233.641000
0.461814 -1.424961 -375.798958
0.000707 -0.003719 1.000000
0.074354 -1.248263 169.825497
-0.133648 -0.958297 -78.263071
-0.000429 -0.002457 1.000000
0.154723 -2.395024 999.928174
0.073755 -1.010095 -266.912619
0.000310 -0.003379 1.000000
0.392495 -1.684858 260.761899
0.013328 -0.947242 -284.410702
0.000555 -0.003286 1.000000
0.047874 -1.506103 663.561537
-0.085491 -0.764976 -177.118728
-0.000130 -0.002941 1.000000
0.745673 -2.898364 759.607968
0.090216 -1.461818 -321.781154
0.000834 -0.004974 1.000000
0.450325 -2.630002 1045.711244
0.118736 -0.943474 -63.009155
0.000607 -0.003729 1.000000
-0.145654 -1.448449 349.243332
-0.040986 -0.708533 -269.332418
-0.000319 -0.002638 1.000000
2.717671 -5.847519 838.113026
0.979739 -3.094299 -1124.830276
0.003234 -0.008367 1.000000
-0.713824 -0.245602 1002.354892
-0.520389 -0.239195 131.999567
-0.001610 -0.000589 1.000000
0.397133 -1.559913 505.263361
0.247880 -1.100761 -150.324405
0.000313 -0.002977 1.000000
0.350196 -1.410939 296.234195
0.185783 -1.447276 -45.517935
0.000531 -0.003471 1.000000
-0.080941 -1.367618 355.449494
0.142851 -0.917915 -237.645818
0.000019 -0.003212 1.000000
0.101989 -0.979374 154.482553
-0.024569 -0.873894 199.676035
0.000016 -0.002309 1.000000
-0.081316 -0.746416 129.304398
-0.038219 -0.745174 75.261409
-0.000096 -0.002449 1.000000
0.123695 -1.355602 144.737750
0.139907 -1.159473 -55.220995
0.000551 -0.003410 1.000000
-0.025988 -0.831740 86.619116
-0.032141 -1.263761 51.356376
0.000260 -0.003467 1.000000
1.514961 -3.063415 -3111.156903
1.366129 -3.313185 -572.984804
0.003260 -0.007216 1.000000
0.248379 -1.124662 -273.164123
0.231660 -1.054301 -178.422740
0.000937 -0.003562 1.000000
-0.218005 -0.847671 129.232884
-0.161803 -0.688232 -29.347345
-0.000558 -0.002093 1.000000
-0.071547 -1.028127 53.261246
-0.209439 -0.808420 84.332695
-0.000337 -0.002349 1.000000
0.018919 -2.251529 467.329195
0.367596 -1.761328 -298.725863
0.000541 -0.004467 1.000000
0.362300 -2.650360 348.812303
0.309236 -2.821797 56.632686
0.001043 -0.005357 1.000000
-0.082259 -0.645172 95.968214
-0.109841 -1.073070 170.197216
-0.000216 -0.002609 1.000000
0.032871 -0.996038 -367.495695
0.105893 -1.217985 -118.832911
0.000687 -0.003779 1.000000
0.367790 -1.402916 -409.800689
0.282671 -1.053180 -53.634386
0.001392 -0.004283 1.000000
0.038452 -1.205850 34.012570
0.026798 -0.909535 -52.584500
0.000524 -0.003328 1.000000
-0.145708 -1.734548 400.064699
0.063834 -1.649496 -19.204569
0.000256 -0.003691 1.000000
0.161669 -1.367339 2.588105
0.154914 -1.159552 19.921705
0.000396 -0.003186 1.000000
-0.023385 -1.098596 9.069268
0.155789 -1.212178 -70.916814
0.000109 -0.003012 1.000000
0.198547 -0.923924 -146.606355
0.159449 -0.898171 -29.075185
0.000548 -0.003462 1.000000
-0.076850 -0.927710 80.862308
0.258379 -1.161551 -119.854689
0.000616 -0.003715 1.000000
-0.102396 -0.737281 176.157250
0.136935 -0.980640 31.987247
0.000163 -0.003066 1.000000
-0.079740 -1.081832 37.200878
0.047605 -1.140804 -28.961188
0.000122 -0.002989 1.000000
-0.354494 -1.576007 382.591444
0.001196 -1.029003 -112.826598
0.000071 -0.003089 1.000000
0.218382 -2.207773 85.504517
0.141508 -1.236594 -145.169014
0.000338 -0.003667 1.000000
-0.151562 -1.082226 -37.885634
-0.178360 -0.993403 128.217528
-0.000305 -0.002572 1.000000
0.512729 -0.897370 -366.932440
0.385734 -1.347825 -23.650519
0.001504 -0.004357 1.000000
-0.065662 -1.315099 135.670972
0.168883 -1.513254 -111.916619
0.000554 -0.003805 1.000000
-0.032752 -0.963368 365.353883
0.041430 -1.072493 -47.081798
0.000288 -0.003278 1.000000
-1.222530 -0.301397 1118.564078
-0.534398 0.329294 -99.352846
-0.001944 0.000098 1.000000
-0.250882 -1.103450 968.202406
-0.102002 -1.019855 -137.874506
-0.000389 -0.002060 1.000000
0.293606 -0.911840 -320.752889
0.521885 -1.455296 -285.384500
0.001633 -0.004625 1.000000
0.415796 -1.653311 -591.186069
0.619047 -1.462741 -534.450152
0.002129 -0.005876 1.000000
0.142038 -1.272785 225.917735
0.029494 -0.980956 -104.489344
0.000509 -0.003654 1.000000
0.548966 -2.331217 -1255.887653
0.494351 -2.556626 -415.758126
0.001113 -0.004861 1.000000
-0.001809 -1.283575 -1650.971277
0.164918 -1.881965 112.798409
0.000820 -0.003974 1.000000
-0.102705 -1.178518 746.269925
-0.196109 -1.045903 90.674297
-0.000290 -0.002326 1.000000
-0.554107 -1.295417 1341.076213
-0.259334 -0.905075 766.176718
-0.000889 -0.001920 1.000000
-0.403502 -0.716563 695.985537
-0.261591 -0.887894 -13.153762
-0.000808 -0.001629 1.000000
-3.684650 1.417964 4353.425498
-4.132827 2.772527 1512.619102
-0.011639 0.010151 1.000000
-0.657463 -0.614651 957.040429
-0.367916 -0.630700 -300.714294
-0.001038 -0.001181 1.000000
0.313561 -1.631111 528.626542
0.274013 -1.382526 -282.999017
0.000458 -0.002900 1.000000
-0.067528 -1.952498 1004.705496
-0.053304 -0.569048 13.563143
-0.000080 -0.002556 1.000000
0.346167 -2.804433 1151.979818
0.306426 -1.765024 -436.957130
0.000658 -0.004264 1.000000
0.181091 -2.589323 1035.165727
-0.134504 -1.193713 99.731534
0.000386 -0.003771 1.000000
-0.131350 -1.777069 923.977602
-0.052461 -0.624141 34.766165
-0.000278 -0.002418 1.000000
2.275306 -4.806919 1262.687930
1.434248 -3.210235 -1269.708775
0.003581 -0.008627 1.000000
0.598867 -2.606919 994.705892
0.060917 -0.512253 -93.059661
0.000726 -0.003203 1.000000
0.198416 -2.163566 817.021410
0.013349 -0.993028 32.904902
0.000171 -0.002986 1.000000
-0.014923 -2.017933 1239.283593
-0.064854 -1.245484 228.544445
0.000050 -0.003138 1.000000
0.073962 -1.075945 317.026919
-0.098165 -1.503764 2319.543805
0.000179 -0.002655 1.000000
-0.137199 -1.866533 790.406158
0.025332 -1.836172 174.810739
0.000376 -0.003796 1.000000
1.109057 -3.200460 2050.962219
1.233732 -4.664674 740.442338
0.002896 -0.007308 1.000000
-0.894130 0.727607 -406.569453
-0.833527 0.998545 -36.597314
-0.002537 0.000723 1.000000
1.069544 -3.186822 1097.734568
0.595088 -1.045589 -126.238668
0.001842 -0.004677 1.000000
0.718857 -2.719942 969.536931
0.133839 -0.099482 -47.707334
0.000832 -0.002969 1.000000
0.220116 -2.023351 990.676635
0.181034 -0.964390 -99.426180
0.000762 -0.003739 1.000000
0.162440 -1.705124 1026.767058
0.124991 -1.162893 -78.573363
0.000796 -0.003911 1.000000
-0.821543 0.082453 -427.575055
-0.704090 0.199971 318.461628
-0.002142 0.000256 1.000000
-2.703689 2.506448 -930.721511
-2.270212 2.852591 -549.032925
-0.005476 0.003977 1.000000
1.586388 -3.564630 1087.536168
0.432092 -0.468356 -139.835555
0.002131 -0.004289 1.000000
-1.702213 1.763209 -2555.658135
-2.789484 3.088097 515.947859
-0.004939 0.004857 1.000000
0.837041 -3.478436 2369.059506
0.279526 -1.595040 -584.550369
0.001504 -0.005754 1.000000
0.146286 -1.290176 462.848109
-0.017366 -0.623703 41.835537
-0.000045 -0.002282 1.000000
0.017283 -0.680406 293.652065
-0.002037 -0.278349 65.198863
-0.000041 -0.002020 1.000000
1.406911 -2.519216 707.624410
0.316418 0.150369 -113.208284
0.001091 -0.002746 1.000000
2.148192 -3.766570 1145.485101
0.839302 -1.000320 -187.319561
0.002702 -0.005041 1.000000
-0.247218 -0.947020 295.099503
-0.157464 -0.661911 -255.390085
-0.000246 -0.002427 1.000000
0.715112 -2.057328 915.115093
0.336171 -0.961271 -90.878589
0.001012 -0.003489 1.000000
0.346227 -1.583231 865.820833
0.412342 -1.200701 -209.078414
0.000982 -0.003762 1.000000
-0.090735 -1.353148 842.274930
0.067722 -0.776919 -88.974524
0.000127 -0.002668 1.000000
0.136960 -1.012948 483.084688
0.004847 -1.057593 -73.186231
0.000114 -0.003131 1.000000
-1.172623 -4.179881 1779.202447
-0.009737 -7.693094 946.177389
0.001279 -0.010690 1.000000
0.368054 -2.068929 944.036132
0.358867 -1.400183 -84.073403
0.001157 -0.003937 1.000000
5.556507 -6.362356 962.902694
1.516665 -0.386196 -418.798743
0.005295 -0.006478 1.000000
1.224285 -3.256185 1069.508998
0.476625 -0.937804 -66.209892
0.001496 -0.004041 1.000000
1.896885 -4.023465 1247.680473
1.025930 -2.038148 -215.515923
0.002786 -0.006568 1.000000
1.888915 -5.396170 1931.759590
1.429385 -3.201358 -509.423427
0.003520 -0.009018 1.000000
-7.076505 4.916502 241.583447
-3.363557 4.751429 857.968613
-0.009904 0.010581 1.000000
0.684738 -2.628283 775.287353
0.194675 -1.505385 -299.921034
0.000829 -0.004622 1.000000
0.824554 -2.836546 880.967033
0.200850 -1.123684 -2.678317
0.000833 -0.003830 1.000000
0.127394 -1.819477 940.526282
0.025809 -0.536467 35.757829
0.000173 -0.002492 1.000000
0.257064 -1.421974 277.491798
0.063545 -0.674645 -215.893377
0.000720 -0.003639 1.000000
0.311679 -0.303192 249.229798
-0.187385 0.708216 54.598136
-0.000553 -0.000198 1.000000
0.625633 -0.424520 263.034576
-0.131808 1.080808 -33.379746
-0.000352 0.000052 1.000000
0.794694 -0.132512 123.388058
-0.047178 0.958114 2.995554
-0.000150 -0.000081 1.000000
1.000000 -0.000000 -0.000000
-0.000000 1.000000 -0.000000
-0.000000 -0.000000 1.000000
1.263615 -0.099626 -39.115581
0.196980 1.061826 -41.293767
0.000391 -0.000268 1.000000
2.204473 0.889285 -491.337798
0.287379 2.576156 -356.586482
0.000708 0.001346 1.000000
1.656522 1.488759 -558.535405
-0.051618 2.424322 -333.384335
-0.000272 0.002211 1.000000
162.856855 105.480441 -48649.958911
39.272991 161.094832 -39026.809153
0.113785 0.117412 1.000000
2.147287 0.835164 -531.273686
0.472591 2.107286 -338.328568
0.000835 0.000321 1.000000
1.105675 0.434480 -65.844414
-0.162445 1.433209 -72.716929
-0.000330 0.001108 1.000000
0.536616 -2.427551 815.359578
0.260810 -1.202659 -195.223035
0.000850 -0.003966 1.000000
-0.056153 -1.565897 499.706165
-0.075294 -1.396097 36.237304
0.000036 -0.003259 1.000000
0.116421 -1.694990 487.910302
0.172510 -1.914814 -7.387307
0.000225 -0.004060 1.000000
-0.160499 -1.975464 502.253494
-0.044445 -1.809234 -13.543371
0.000193 -0.004045 1.000000
0.457842 -2.406583 49.855006
0.490710 -3.181705 -112.983569
0.000864 -0.005845 1.000000
0.936398 -3.559919 1611.922222
0.349134 -1.434930 -117.639376
0.001412 -0.004486 1.000000
3.274701 -4.936886 981.511393
0.270590 -1.989875 -514.735272
0.004943 -0.008340 1.000000
-0.018314 -1.750620 824.650682
-0.159065 -0.963609 84.983151
-0.000067 -0.002704 1.000000
-0.159309 -1.069185 193.514826
-0.175715 -0.805847 -31.862564
-0.000488 -0.002224 1.000000
0.813643 -0.799330 294.650819
0.062049 0.009874 -14.842502
0.000409 -0.001752 1.000000
-0.104977 2.136946 -342.797169
-0.804319 4.016798 -43.480940
-0.002614 0.005437 1.000000
0.622223 -2.500468 52.587371
0.600020 -2.769013 -278.636992
0.001314 -0.005535 1.000000
0.393757 -1.925144 762.499783
0.273446 -2.506021 -117.721646
0.000945 -0.005175 1.000000
0.024761 -1.299391 222.177394
-0.132228 -1.850456 108.198272
-0.000437 -0.003106 1.000000
1.591554 -5.802638 -539.244768
1.711373 -4.835770 -321.962568
0.003237 -0.009450 1.000000
0.223527 -2.709533 277.610234
0.084730 -2.318653 7.320252
0.000162 -0.004691 1.000000
0.010216 -1.032927 232.321079
0.028650 -0.533110 -107.276940
-0.000040 -0.002472 1.000000
0.075844 -1.493513 128.056341
0.018877 -1.277801 -33.056990
0.000207 -0.003403 1.000000
0.206701 -1.487228 -77.731447
0.087940 -1.354485 49.959052
0.000228 -0.003418 1.000000
0.381740 -2.027669 352.249684
0.022439 -1.400608 -206.881164
0.000133 -0.003719 1.000000
-0.018174 -3.886599 1422.108274
0.785488 -5.465047 209.788375
0.002132 -0.009157 1.000000
0.269075 -2.125088 -132.395045
0.301621 -1.572166 -169.022370
0.001851 -0.005049 1.000000
0.882614 -3.077129 -532.482159
0.684487 -2.849980 -124.606096
0.002241 -0.007382 1.000000
0.103493 -1.068204 112.556214
0.181057 -1.124059 -121.660233
0.000385 -0.003049 1.000000
0.204155 -1.827311 788.066855
0.152626 -1.529576 29.110522
0.000645 -0.003626 1.000000
0.216792 -1.421347 171.005216
0.253216 -1.802424 5.481349
0.000723 -0.003992 1.000000
0.427384 -1.640378 28.798656
0.200738 -1.411146 -88.326648
0.000373 -0.003732 1.000000
-0.327725 -1.087925 736.570877
-0.246355 -1.226015 154.811615
-0.000399 -0.002539 1.000000
0.055741 -0.876925 44.722418
-0.010011 -0.747129 -30.239771
0.000185 -0.002690 1.000000
0.097087 -1.574912 418.601265
0.066276 -1.457136 -157.945374
0.000025 -0.003527 1.000000
-0.109368 -1.008801 296.024656
0.183536 -0.931659 -38.533080
0.000369 -0.003000 1.000000
0.488464 -1.672810 645.924834
0.194518 -0.828848 18.104507
0.000677 -0.002851 1.000000
