0.222454 -1.318633 -388.837329
0.082734 -0.921514 -260.533061
0.000236 -0.003033 1.000000
-0.308138 -1.185368 841.846205
-0.337586 -1.216970 173.708472
-0.000567 -0.002424 1.000000
-0.711422 -0.463121 672.697741
-0.512577 -0.390973 12.624541
-0.001405 -0.001035 1.000000
-0.242516 -1.019122 623.785354
-0.253461 -0.996474 -58.529410
-0.000660 -0.002136 1.000000
-0.190332 -1.280790 703.029181
0.003275 -1.044373 -178.917054
-0.000294 -0.002673 1.000000
-0.259740 -0.981665 1117.937561
-0.255305 -0.938298 -47.369559
-0.000721 -0.002160 1.000000
-0.072983 -1.134022 399.125132
-0.049828 -0.736624 -283.989690
-0.000463 -0.002303 1.000000
-0.320064 -1.264935 569.099998
-0.152484 -0.826865 -346.799002
-0.000529 -0.002537 1.000000
0.120393 -1.978379 1061.866834
-0.005367 -1.511145 -323.345924
0.000287 -0.003692 1.000000
-0.384719 -1.067215 987.930034
-0.077536 -0.487364 -203.628755
-0.000653 -0.001698 1.000000
-0.162691 -0.907938 493.331047
-0.132923 -0.791096 -128.054383
-0.000558 -0.002339 1.000000
-0.312824 -1.076903 -104.467648
-0.241388 -0.593710 -218.176498
-0.000731 -0.001910 1.000000
-0.504093 -1.030151 1069.338684
-0.227178 -0.567072 -9.314461
-0.000840 -0.001636 1.000000
-0.660840 -0.608469 1120.796196
-0.375904 -0.299466 -532.563575
-0.001229 -0.001227 1.000000
-0.309870 -1.213690 1302.024023
-0.156009 -0.844712 -13.361501
-0.000537 -0.002137 1.000000
-0.564616 -0.747191 464.893148
-0.357552 -0.524251 -56.255608
-0.001036 -0.001248 1.000000
-0.154605 -1.167820 384.566892
-0.115428 -0.676031 -70.200369
-0.000506 -0.002191 1.000000
-0.437852 -0.950124 573.598783
-0.370304 -0.619999 -223.597571
-0.000943 -0.001568 1.000000
-0.706372 -0.547749 410.454357
-0.599087 -0.533770 -346.258139
-0.001419 -0.001122 1.000000
-0.113156 -1.754218 549.786878
-0.332645 -1.353893 170.116815
-0.000383 -0.002807 1.000000
-0.157351 -0.968852 193.147895
-0.227696 -0.773491 -15.108169
-0.000477 -0.002197 1.000000
-0.736585 -0.217296 1532.341216
-0.525045 -0.252070 155.227361
-0.001556 -0.000831 1.000000
-1.387237 0.255915 2059.163970
-0.719476 0.220939 -332.212245
-0.002302 0.000654 1.000000
-0.032530 -1.091520 565.219618
-0.016737 -0.761414 -546.719576
-0.000240 -0.002341 1.000000
-0.502793 -0.938158 413.096045
-0.253857 -0.762220 -193.937999
-0.000797 -0.001864 1.000000
-0.423261 -1.180941 981.382500
-0.257411 -1.264769 -8.900897
-0.000638 -0.002451 1.000000
-0.244286 -1.150868 291.841035
-0.241647 -1.094761 -112.465057
-0.000577 -0.002351 1.000000
-0.396491 -0.451862 235.157509
-0.353646 -0.308382 -100.652272
-0.001149 -0.001139 1.000000
-0.065541 -1.295422 318.026228
-0.183492 -0.966424 33.621107
-0.000413 -0.002408 1.000000
-0.033904 -1.746050 232.069536
0.067646 -1.550093 8.364360
0.000104 -0.003093 1.000000
-0.318112 -1.250035 475.267818
-0.156002 -0.930171 -39.755618
-0.000568 -0.002233 1.000000
0.119535 -2.055951 1639.694561
0.158334 -1.425061 -418.205494
0.000310 -0.003658 1.000000
-0.384756 -1.194013 1013.504555
-0.263999 -0.802717 -167.793204
-0.000698 -0.002230 1.000000
-0.274330 -0.900713 428.755378
-0.225349 -0.736681 88.686863
-0.000480 -0.001808 1.000000
0.011016 -1.823360 678.283504
-0.087233 -1.131294 -404.547377
-0.000142 -0.002855 1.000000
-0.226648 -1.387067 1026.021274
-0.229915 -1.057100 -84.088513
-0.000432 -0.002417 1.000000
-0.229289 -1.513953 786.039419
-0.161054 -0.990764 75.677594
-0.000308 -0.002520 1.000000
1.835861 -4.987901 3414.494341
0.652458 -2.153123 -6307.576754
0.002323 -0.007666 1.000000
-0.031930 -1.370161 630.290248
-0.087541 -1.500332 -16.394998
-0.000222 -0.002996 1.000000
-0.032113 -1.641370 904.487571
-0.046220 -1.282603 -94.327346
-0.000171 -0.003088 1.000000
-0.338952 -1.199284 972.001163
-0.308493 -0.958710 -146.285847
-0.000578 -0.002193 1.000000
0.254852 -1.767377 492.873837
-0.000739 -1.400326 -258.309576
0.000283 -0.003402 1.000000
-0.240702 -0.710873 377.580282
-0.427558 -0.866193 136.093576
-0.000783 -0.001803 1.000000
-0.975916 -0.028798 -926.027213
-0.649187 0.169771 1450.128637
-0.002119 0.000372 1.000000
-0.337888 -0.782373 627.599792
-0.204201 -0.403787 -129.023580
-0.000693 -0.001591 1.000000
-0.099102 -1.080719 766.254167
-0.031590 -0.756604 -164.846993
-0.000308 -0.002266 1.000000
-0.134295 -1.214860 -41.743487
-0.153700 -1.049642 -527.130911
-0.000267 -0.002474 1.000000
-0.730126 -0.561645 163.113553
-0.487670 -0.508175 -260.780095
-0.001280 -0.001243 1.000000
-0.262939 -0.599738 762.080155
-0.206817 -0.789269 21.345188
-0.000590 -0.001944 1.000000
0.358516 -2.052536 2161.298821
0.775758 -1.930762 -455.951243
0.001678 -0.005474 1.000000
-0.432007 -0.945787 807.339611
-0.288117 -0.665339 154.190527
-0.000792 -0.001689 1.000000
-0.214083 -1.164517 885.697965
-0.194484 -0.940706 91.674658
-0.000533 -0.002235 1.000000
-0.544784 -0.780116 665.338626
-0.326995 -0.604288 -506.870207
-0.000933 -0.001637 1.000000
0.748320 -2.730367 -856.717211
1.235600 -2.871132 -2526.300355
0.003520 -0.007400 1.000000
0.571453 -2.664815 2023.091531
0.551194 -1.883108 112.141054
0.000844 -0.004754 1.000000
0.089375 -1.726707 1093.154004
0.179244 -1.407965 29.121845
0.000160 -0.003207 1.000000
1.465836 -4.108048 -1415.418389
0.828693 -2.280092 -1521.063744
0.003422 -0.007070 1.000000
-0.326531 -1.444741 827.549443
-0.117761 -0.757217 -164.200561
-0.000306 -0.002196 1.000000
0.041851 -2.671734 141.961694
0.485437 -2.132505 -988.126326
0.001131 -0.004747 1.000000
0.675348 -2.616142 -477.338366
0.838782 -2.122103 -1853.641042
0.001494 -0.004936 1.000000
-0.007090 -2.534342 -476.642005
0.037483 -1.470862 89.652355
0.000397 -0.004366 1.000000
-0.364230 -1.567174 472.849586
-0.038259 -1.163304 -733.851637
-0.000291 -0.002786 1.000000
-0.330590 -0.897457 -344.439005
-0.171932 -0.407722 -218.756041
-0.000778 -0.001786 1.000000
-11.918396 9.327479 26740.699477
-7.033764 10.172676 19768.241665
-0.019205 0.022963 1.000000
-0.164448 -1.203265 474.355962
-0.024385 -0.505407 -435.246770
-0.000258 -0.002294 1.000000
0.097497 -1.033399 479.107471
0.076719 -1.119383 -332.111880
0.000119 -0.002875 1.000000
-0.149948 -0.381877 100.473405
-0.232734 -0.473585 129.582521
-0.000769 -0.001386 1.000000
-0.164831 -1.585134 -1316.109675
-0.031733 -0.991595 -1220.783519
-0.000156 -0.002623 1.000000
0.822816 -2.308300 -2505.417619
0.413803 -1.141576 192.682197
0.001862 -0.004622 1.000000
0.852215 -3.062279 -753.719343
0.802882 -2.495477 -769.671608
0.001833 -0.005750 1.000000
-0.321529 -1.001415 976.302829
-0.274979 -0.786253 -593.843165
-0.000812 -0.001870 1.000000
0.035899 -1.370251 118.885357
-0.122726 -1.139449 105.209960
-0.000031 -0.002787 1.000000
-0.006977 -1.379577 -352.957377
-0.082388 -1.015673 232.375718
-0.000183 -0.002660 1.000000
-0.202159 -1.256149 570.931764
-0.244238 -0.908691 -455.675288
-0.000430 -0.002269 1.000000
-0.569507 -0.883509 572.909981
-0.258551 -0.525953 -234.000564
-0.000805 -0.001587 1.000000
-0.108750 -1.237054 748.804718
0.022759 -1.064583 -98.232016
-0.000120 -0.002561 1.000000
-0.265109 -0.922123 91.706256
-0.090477 -0.681273 -1.755250
-0.000308 -0.002080 1.000000
-0.269237 -0.825179 -803.507764
-0.252759 -0.623410 -576.097263
-0.000674 -0.001819 1.000000
0.124107 -2.270871 -68.722550
0.039279 -1.637690 -135.221584
0.000364 -0.003756 1.000000
-0.366248 -0.735615 -192.114644
-0.360713 -0.640024 498.390595
-0.000849 -0.001540 1.000000
0.092998 -1.503691 -1682.586270
-0.149559 -1.150624 1441.594984
0.000014 -0.002901 1.000000
-0.212356 -1.358207 -162.692427
-0.176120 -0.961997 -21.489050
-0.000336 -0.002344 1.000000
-0.410541 -0.768944 -62.292853
-0.341979 -0.648389 166.073501
-0.000813 -0.001529 1.000000
-0.419336 -1.507217 1167.800066
-0.345945 -1.103358 -442.723776
-0.000557 -0.002560 1.000000
-0.371160 -0.304944 316.545026
-0.182227 -0.165805 -171.168488
-0.000973 -0.000901 1.000000
0.189276 -1.888689 -585.293799
0.172637 -1.097994 380.448943
0.000522 -0.003439 1.000000
-0.471677 -0.518707 -349.985465
-0.463722 -0.467611 36.571489
-0.001099 -0.001090 1.000000
0.542202 -2.273297 1857.481203
0.500390 -1.785068 -708.758051
0.000793 -0.003968 1.000000
1.298195 -2.880425 -2763.903989
0.973060 -1.897705 -827.791105
0.002464 -0.005911 1.000000
-0.516420 -0.923940 178.031748
-0.559584 -0.785076 -64.046912
-0.001012 -0.001567 1.000000
-0.141538 -1.868790 695.279133
-0.114157 -1.375299 -90.249008
-0.000241 -0.002921 1.000000
0.173656 -1.994893 1422.844619
0.219563 -1.176316 -109.242269
0.000368 -0.003101 1.000000
-0.444462 -1.035619 515.577205
-0.293268 -0.701852 -26.750875
-0.000792 -0.001823 1.000000
-0.017655 -1.157550 -1088.976031
-0.166826 -0.829798 179.812772
-0.000362 -0.002284 1.000000
-0.150317 -1.793845 289.016363
0.098744 -0.867364 -505.114232
-0.000088 -0.002912 1.000000
-0.315081 -1.232540 940.989379
-0.148765 -1.064003 -580.386557
-0.000339 -0.002414 1.000000
-4.559500 5.479286 -12629.136461
-2.374503 2.751670 3203.142224
-0.007509 0.008647 1.000000
0.057815 -1.653696 1093.322785
0.038557 -1.288547 -98.570778
0.000134 -0.002924 1.000000
-0.071576 -1.699996 1254.971462
0.165937 -1.387642 -986.747373
0.000082 -0.003205 1.000000
-0.441600 -0.865474 572.229834
-0.395325 -0.773645 -67.952664
-0.000873 -0.001702 1.000000
-0.396530 -1.179450 625.053639
-0.362885 -0.870111 -137.202800
-0.000796 -0.001972 1.000000
-0.024316 -1.403908 479.225096
0.008761 -1.533310 -841.545305
0.000063 -0.003077 1.000000
-0.371309 -0.749211 559.485584
-0.301339 -0.852029 -8.774622
-0.000744 -0.001870 1.000000
-0.200953 -0.752856 423.865405
-0.290908 -0.756135 145.830724
-0.000766 -0.001659 1.000000
-0.561412 -1.060711 432.467033
-0.300450 -0.937519 -38.359166
-0.000821 -0.001869 1.000000
2.553990 -4.529020 -126.569717
1.766938 -3.466904 -2891.683173
0.004096 -0.008236 1.000000
-0.246446 -1.333833 652.686748
0.028355 -1.032557 -169.661793
-0.000362 -0.002534 1.000000
-0.631764 -0.583207 548.394946
-0.489637 -0.416682 -103.936965
-0.001198 -0.001105 1.000000
-0.504777 -1.101311 1040.034472
-0.455643 -1.079825 -269.709277
-0.000921 -0.002094 1.000000
-0.371067 -1.214040 -497.957535
-0.214967 -0.799166 72.497158
-0.000585 -0.002108 1.000000
-0.021572 -1.163770 -328.574002
-0.156698 -0.745801 -308.175183
-0.000196 -0.002382 1.000000
-0.349816 -0.583806 83.892204
-0.410584 -0.640920 -40.516681
-0.000910 -0.001517 1.000000
-0.218784 -1.358979 255.238876
-0.164981 -0.821474 83.957067
-0.000360 -0.002448 1.000000
-0.373747 -1.773792 1171.175612
0.184178 -1.536182 -237.498799
0.000085 -0.003489 1.000000
-0.465008 -0.763874 1023.742395
-0.319393 -0.505493 -422.524107
-0.001060 -0.001451 1.000000
-0.277500 -1.171417 -420.240757
-0.274150 -0.871320 -514.667051
-0.000431 -0.002278 1.000000
0.039145 -1.866165 -1206.915197
0.242057 -1.780798 -384.501932
0.000439 -0.003481 1.000000
-0.408925 -1.318288 685.143881
-0.048875 -0.722109 -283.752710
-0.000422 -0.002328 1.000000
-0.709013 -0.661406 305.506065
-0.428878 -0.264116 -156.614651
-0.001349 -0.001019 1.000000
-0.550307 -0.679580 460.558452
-0.484329 -0.483176 -166.718307
-0.001201 -0.001259 1.000000
-0.308654 -0.919637 290.449315
-0.235584 -0.683415 -118.009843
-0.000681 -0.001831 1.000000
-1.121913 0.153944 282.391170
-0.901000 0.176422 -287.013078
-0.002054 -0.000169 1.000000
-0.250888 -1.407774 260.600537
-0.096566 -1.082179 -223.775124
-0.000258 -0.002698 1.000000
0.240062 -2.339352 -875.039172
0.595960 -1.835462 -1313.672207
0.000879 -0.004426 1.000000
-0.057287 -1.963417 -436.820465
0.124638 -1.496141 -414.620407
0.000345 -0.003776 1.000000
-1.193150 -0.050164 1813.813201
-0.856166 0.248464 900.753589
-0.002658 0.000802 1.000000
-0.367513 -0.868445 852.601769
-0.243851 -0.711688 56.585648
-0.000635 -0.001728 1.000000
-0.667920 -0.691098 121.985425
-0.417545 -0.537678 -451.631028
-0.001141 -0.001370 1.000000
-0.305792 -0.762765 576.414753
-0.335365 -0.846488 48.328567
-0.000819 -0.001733 1.000000
-0.470862 -1.055486 500.319300
-0.240602 -0.618047 43.049888
-0.000653 -0.001672 1.000000
0.986586 -2.878275 2448.416277
0.828161 -1.723062 -228.639297
0.001630 -0.004474 1.000000
0.099467 -1.656367 666.065711
0.140582 -1.439860 -1039.886906
0.000459 -0.003652 1.000000
-0.911221 -0.153933 2529.150080
-0.692024 -0.087075 762.304115
-0.001709 -0.000462 1.000000
-0.196834 -1.329022 1134.229979
0.063669 -1.317140 -285.734303
0.000007 -0.002979 1.000000
-0.483959 -0.731801 -333.127665
-0.324942 -0.747775 -195.253932
-0.000850 -0.001635 1.000000
-0.382266 -0.643321 -535.249868
-0.469930 -0.655901 652.764895
-0.000879 -0.001307 1.000000
0.083126 -1.759473 -277.342576
0.103563 -1.338112 -494.246110
0.000167 -0.003263 1.000000
-0.340179 -0.934612 90.405190
-0.154773 -0.764897 -200.245156
-0.000523 -0.001960 1.000000
-0.589923 -0.568724 -221.932828
-0.347000 -0.357088 -676.029962
-0.001214 -0.001051 1.000000
-0.522022 -1.102752 1406.413332
-0.274487 -0.496928 205.688052
-0.000772 -0.001616 1.000000
-0.432630 -0.734616 1662.630425
-0.242063 -0.373706 278.555125
-0.000884 -0.001572 1.000000
-0.886693 -0.586063 853.175643
-0.342292 -0.404670 939.311501
-0.001386 -0.001007 1.000000
-0.092743 -1.022078 577.115771
-0.028265 -0.681422 -270.780176
-0.000388 -0.002274 1.000000
-0.527602 -1.296887 1532.453833
-0.252238 -0.688853 -108.146171
-0.000539 -0.002152 1.000000
-0.249887 -1.503492 1488.147630
-0.015629 -0.890476 223.891043
-0.000145 -0.002579 1.000000
-0.332408 -1.478890 853.677818
-0.265487 -1.121643 -25.300558
-0.000610 -0.002349 1.000000
0.141991 -1.604654 672.625747
0.233969 -1.451128 -666.190532
0.000413 -0.003628 1.000000
-0.130278 -1.487951 318.624048
-0.135116 -1.091778 -596.771294
0.000122 -0.003337 1.000000
-0.042733 -1.620620 -0.598852
0.123661 -1.463319 -152.564529
0.000260 -0.003150 1.000000
-0.272308 -1.404418 -826.549823
-0.108504 -1.031598 4.964156
-0.000358 -0.002437 1.000000
-0.339252 -1.439694 503.152773
-0.154387 -1.084848 -26.768693
-0.000502 -0.002657 1.000000
-0.329776 -1.121138 83.328656
-0.171840 -0.739869 -69.021610
-0.000574 -0.002195 1.000000
0.129657 -1.392801 500.861972
0.190904 -1.057033 -229.448698
0.000521 -0.003191 1.000000
-0.162390 -1.374901 292.482547
-0.116086 -1.043909 -115.292482
-0.000463 -0.002496 1.000000
-0.245757 -1.490745 93.014403
-0.058583 -1.007770 -150.770437
-0.000331 -0.002737 1.000000
0.533715 -2.472349 1529.722567
0.298920 -1.096910 556.727439
0.000622 -0.003775 1.000000
0.360064 -1.384056 1529.490103
0.261722 -1.324562 -805.867678
0.000521 -0.003320 1.000000
-0.269202 -1.474637 1551.791567
-0.139027 -0.770640 263.181738
-0.000390 -0.002161 1.000000
0.609059 -2.230167 859.756649
0.184366 -0.968305 -659.293988
0.000652 -0.003462 1.000000
-0.285963 -0.798281 1191.757295
-0.335771 -0.725219 -183.845764
-0.000751 -0.001603 1.000000
0.269093 -1.340586 480.034544
-0.023855 -1.139274 -105.818760
0.000135 -0.002876 1.000000
-0.442443 -0.814631 841.239839
-0.188958 -0.378338 -50.816551
-0.000796 -0.001607 1.000000
-0.298904 -0.874253 221.167584
-0.245583 -0.625619 -147.523541
-0.000670 -0.001772 1.000000
-0.331055 -1.011873 523.101298
-0.384061 -0.963535 161.497946
-0.000781 -0.002051 1.000000
-0.267375 -1.175090 569.166063
-0.173371 -0.988682 -21.669076
-0.000585 -0.002358 1.000000
-0.275723 -0.437747 506.117932
-0.310674 -0.550562 -351.004009
-0.001019 -0.001608 1.000000
-0.802002 -0.127711 1080.273495
-0.322965 -0.100089 51.276251
-0.001324 -0.000454 1.000000
-0.338406 -1.004077 371.166280
-0.382632 -1.226404 279.412784
-0.000711 -0.002232 1.000000
-0.695966 -0.118975 7.419035
-0.412871 -0.111352 5.637315
-0.001501 -0.000233 1.000000
-0.022523 -2.272528 -326.183025
0.025695 -1.229312 318.761119
0.000040 -0.003549 1.000000
-0.290342 -0.756349 1468.602593
-0.378456 -0.762686 292.983997
-0.000858 -0.001604 1.000000
-0.436027 -0.895949 930.631373
-0.271815 -0.691767 -74.114631
-0.000723 -0.001847 1.000000
-0.037960 -0.792251 270.550185
-0.072680 -0.602777 -61.943706
-0.000355 -0.001998 1.000000
-0.343042 -1.069521 479.720397
-0.295493 -0.875763 -38.426265
-0.000631 -0.002028 1.000000
-0.254474 -1.128074 517.636338
-0.227845 -1.120837 175.056320
-0.000487 -0.002275 1.000000
-0.352228 -1.051174 389.670248
-0.262960 -0.774104 94.977497
-0.000598 -0.001946 1.000000
-0.199593 -1.350958 571.320367
-0.254893 -1.171981 214.182538
-0.000456 -0.002460 1.000000
-0.397473 -0.756993 156.389725
-0.098751 -0.554291 -199.933995
-0.000690 -0.001949 1.000000
-0.305349 -1.204428 641.753841
-0.241931 -1.061135 15.948083
-0.000452 -0.002302 1.000000
-0.736340 -1.658308 876.254426
-0.004695 -2.096825 157.345544
-0.000093 -0.003830 1.000000
-0.209791 -1.445405 569.062337
0.122706 -1.392009 -55.156367
0.000050 -0.003312 1.000000
-0.237448 -1.023782 402.756256
-0.138713 -0.836461 110.839507
-0.000377 -0.002162 1.000000
-0.500934 -0.743460 523.557086
-0.334820 -0.541051 -102.202707
-0.001002 -0.001592 1.000000
0.863296 -2.250314 -774.908905
0.622391 -2.139131 -531.686296
0.001958 -0.006110 1.000000
-0.561361 -0.685008 692.730587
-0.405908 -0.396082 -98.664541
-0.001273 -0.001266 1.000000
-0.541426 -1.869623 794.628039
-0.084755 -2.184276 134.389014
-0.000021 -0.003818 1.000000
1.306430 0.370199 -223.761473
-0.059628 1.910123 -137.771817
-0.000030 0.000832 1.000000
-0.144412 -1.629740 549.341932
0.257903 -1.565746 18.558622
0.000256 -0.003769 1.000000
-0.007367 -1.900505 661.989444
0.345979 -2.103326 110.614602
0.000468 -0.004321 1.000000
4.377223 -5.756373 2912.512164
2.455386 -4.863043 -758.862749
0.007480 -0.014461 1.000000
-1.752364 2.857233 -3075.182419
-2.235094 3.102882 1017.659073
-0.005726 0.007042 1.000000
0.596418 0.086282 11.642327
-0.210900 0.897957 80.112382
-0.000430 0.000092 1.000000
0.946886 0.150544 -15.869392
-0.082748 1.142618 -5.598982
-0.000126 0.000172 1.000000
1.000000 0.000000 0.000000
0.000000 1.000000 0.000000
0.000000 -0.000000 1.000000
1.438101 0.274945 -178.709817
0.071971 1.572938 -148.372517
0.000346 0.000292 1.000000
2.297522 0.777112 -443.651806
0.576860 2.756182 -545.571864
0.001063 0.000805 1.000000
-198.526754 -304.514947 117039.136131
-27.981559 -420.432933 66832.419618
-0.001306 -0.461527 1.000000
-1.303000 -1.334162 903.852203
-0.407208 -1.350475 497.733265
-0.001075 -0.002316 1.000000
-1.186555 -0.479916 360.412255
-0.402341 -0.397444 272.120251
-0.001447 -0.001059 1.000000
-7.789114 -5.525469 3301.046513
-1.663343 -11.711132 2203.921001
-0.002671 -0.013376 1.000000
-1.395960 -1.547481 939.324616
-0.293221 -1.304286 456.529730
-0.000819 -0.002624 1.000000
-0.049603 -2.477259 1761.702559
0.375992 -1.691562 -29.867108
0.001063 -0.004460 1.000000
-1.511353 -2.039368 970.548257
-0.682995 -2.349711 568.416805
-0.001136 -0.003189 1.000000
-0.717831 -1.860958 790.684975
-0.316500 -1.699954 337.930375
-0.000446 -0.002948 1.000000
-0.564842 -1.288305 716.432144
-0.179835 -1.007315 169.910022
-0.000543 -0.002176 1.000000
-0.896471 -1.474763 788.635402
-0.370105 -1.351883 316.248878
-0.000742 -0.002416 1.000000
-0.541236 -1.483465 748.627898
-0.211286 -1.072598 161.957936
-0.000464 -0.002353 1.000000
-0.692284 -1.759243 853.769707
-0.267369 -1.417287 238.391949
-0.000535 -0.002568 1.000000
-0.399307 -1.535458 780.632068
-0.018724 -1.104648 73.966609
-0.000235 -0.002491 1.000000
-0.298891 -1.272262 398.803068
-0.076507 -0.664131 -233.645907
-0.000303 -0.002267 1.000000
-0.581757 -1.315197 392.698266
-0.214851 -0.937044 -123.393230
-0.000571 -0.002374 1.000000
0.463313 -2.095661 377.421284
0.142832 -1.539568 -359.013505
0.000281 -0.003817 1.000000
0.094172 -1.449470 41.701726
0.062047 -1.087863 -699.808265
0.000062 -0.003155 1.000000
-0.700688 -0.142837 4358.710609
-0.372501 -0.084386 -1219.183491
-0.001603 -0.000520 1.000000
-0.271189 -1.164433 449.261098
-0.214777 -0.799119 70.936096
-0.000501 -0.002078 1.000000
-0.199390 -1.515713 654.471230
0.076344 -0.807583 -221.142675
-0.000162 -0.002623 1.000000
-0.035185 -2.045541 510.414829
-0.058091 -1.652734 114.180631
0.000119 -0.003620 1.000000
0.042862 -2.789453 2002.891895
0.140711 -1.258747 -161.223520
0.001038 -0.004294 1.000000
-0.238454 -1.552705 -1205.477790
-0.104605 -1.087245 -2.372989
-0.000371 -0.002775 1.000000
0.986000 -3.536779 1985.591849
0.553360 -2.097442 -2955.526930
0.001662 -0.005976 1.000000
-0.294253 -1.010854 599.669397
-0.072837 -0.536520 22.374298
-0.000445 -0.001787 1.000000
-2.288163 1.383974 -6390.461998
-1.216216 1.292155 514.712565
-0.003732 0.002782 1.000000
-0.417706 -1.695048 682.055319
-0.032905 -1.607908 88.603080
-0.000122 -0.003320 1.000000
0.307078 -2.092898 4.817069
0.195369 -1.394671 -287.420863
0.000245 -0.003823 1.000000
15.004462 -26.522811 -21453.050878
8.248143 -12.963409 1359.151574
0.026630 -0.041508 1.000000
-0.210755 -1.212418 742.912736
-0.052071 -0.513590 -13.433269
-0.000272 -0.002001 1.000000
-0.089170 -1.004701 487.963409
-0.234768 -0.991154 128.492658
-0.000565 -0.002279 1.000000
-7.146897 -4.939499 2624.368861
-2.063892 -9.256061 2140.330101
-0.004741 -0.009659 1.000000
-0.172739 -1.158132 511.308301
-0.138944 -0.927012 44.426825
-0.000303 -0.002396 1.000000
-0.308885 -1.896888 669.698234
-0.072983 -1.594859 -165.587491
0.000091 -0.003596 1.000000
-0.754242 -2.040658 902.146708
-0.011989 -1.863944 213.643179
-0.000242 -0.003849 1.000000
0.145462 -2.496554 1016.879405
0.670938 -2.314987 -68.686457
0.001494 -0.005651 1.000000
-0.201659 -1.210609 517.841530
-0.185343 -0.884200 -69.462536
-0.000402 -0.002300 1.000000
-0.132827 -1.219708 735.787593
-0.079149 -1.006889 -160.013895
-0.000184 -0.002679 1.000000
-0.226378 -0.915549 522.715239
-0.250816 -0.644878 -44.590289
-0.000703 -0.001664 1.000000
0.227356 -1.871179 620.036606
0.220913 -0.971906 -543.420646
0.000598 -0.003462 1.000000
-0.387186 -1.103891 836.460050
-0.146594 -0.456518 3.777242
-0.000697 -0.001673 1.000000
-0.138036 -1.183792 341.407381
-0.069385 -0.718911 -65.383628
-0.000218 -0.002323 1.000000
-0.107458 -1.224431 1231.288976
-0.050397 -0.823014 -92.578086
-0.000274 -0.002325 1.000000
0.470985 -2.671214 1031.231928
0.252837 -2.140673 -644.903288
0.001373 -0.005469 1.000000
-0.300707 -1.396739 532.293872
-0.335859 -1.291848 65.188986
-0.000636 -0.002435 1.000000
-0.398959 -1.261552 1068.801723
-0.046949 -0.450118 -53.011197
-0.000598 -0.001774 1.000000
0.026962 -1.344810 1101.785210
-0.060732 -0.590752 -168.025817
-0.000189 -0.002342 1.000000
-0.005179 -1.347619 520.798331
0.019601 -0.841918 -241.474678
0.000051 -0.002605 1.000000
-0.021935 -1.148179 572.051647
0.037636 -0.763444 -162.936163
-0.000160 -0.002498 1.000000
-0.131584 -1.586781 360.569648
-0.002233 -1.226015 -191.471673
-0.000075 -0.003130 1.000000
0.107705 -1.492415 435.172859
-0.127538 -1.291226 -375.064572
-0.000410 -0.002787 1.000000
0.073384 -1.176959 90.921275
0.061674 -1.120184 -63.598482
0.000062 -0.002844 1.000000
-2.637476 4.254536 3468.449289
-2.170541 3.984075 1522.255974
-0.005932 0.007153 1.000000
-0.167094 -0.701156 351.024158
-0.123032 -0.562309 -82.825858
-0.000596 -0.001869 1.000000
0.262590 -1.366771 44.143265
0.318492 -1.202371 -221.491995
0.000691 -0.003459 1.000000
-0.093413 -0.917136 489.186264
-0.220085 -1.142267 197.054506
-0.000521 -0.002326 1.000000
-0.138747 -0.679394 387.338173
-0.167070 -0.599935 6.813666
-0.000675 -0.001756 1.000000
-0.086128 -0.998275 236.935458
-0.083812 -1.006927 -121.289648
-0.000406 -0.002550 1.000000
0.060266 -1.647967 212.612261
0.314814 -1.512395 -149.637827
0.000514 -0.003528 1.000000
-0.195871 -1.386484 318.390443
-0.053071 -1.414549 73.287734
-0.000175 -0.002930 1.000000
-0.006138 -0.757278 487.413939
-0.124401 -0.944802 -282.443633
-0.000479 -0.002193 1.000000
-0.187327 -0.564785 -51.812711
-0.292361 -0.810675 250.573878
-0.000630 -0.001753 1.000000
-0.473501 -1.292593 1216.312543
-0.217492 -0.516110 263.644245
-0.000624 -0.001823 1.000000
-0.727504 -0.542885 958.160159
-0.130257 -0.111137 -108.402747
-0.001091 -0.000913 1.000000
-0.255366 -1.196758 1220.387719
-0.018726 -0.756699 170.299196
-0.000379 -0.002332 1.000000
-0.474145 -1.288988 852.368172
-0.214188 -0.695439 -23.068644
-0.000671 -0.001968 1.000000
-0.273508 -0.777708 354.441409
-0.175188 -0.466358 -14.024930
-0.000710 -0.001532 1.000000
-0.248641 -1.274926 918.455291
-0.183583 -0.795921 -113.301688
-0.000514 -0.002332 1.000000
-0.224317 -1.332177 821.431351
-0.066661 -1.212745 -573.225551
-0.000409 -0.002631 1.000000
-0.018931 -1.120929 2588.388235
-0.165158 -1.183051 645.785865
-0.000280 -0.002552 1.000000
-0.861972 -0.589465 -1105.349873
-0.747294 -0.560174 417.618244
-0.001695 -0.001341 1.000000
-0.397383 -0.829215 196.302727
-0.423003 -0.874175 -225.907139
-0.000995 -0.002007 1.000000
0.159847 -2.060234 -139.728059
0.195153 -2.094939 5.494226
0.000267 -0.003898 1.000000
0.179995 -1.443653 -262.374729
0.017663 -0.879664 -888.765792
-0.000167 -0.003055 1.000000
-0.662725 -1.102789 549.634679
-0.384641 -0.690344 -60.503637
-0.000964 -0.001706 1.000000
-0.251807 -1.105847 33.765802
-0.087550 -0.692623 -141.314704
-0.000525 -0.002079 1.000000
-0.213939 -1.523530 440.590756
-0.286034 -1.211372 77.754710
-0.000365 -0.002809 1.000000
-0.225469 -1.220226 367.090180
-0.083133 -1.251282 96.975277
-0.000394 -0.002681 1.000000
-0.354814 -1.286008 705.710864
-0.161264 -0.728492 -71.282269
-0.000517 -0.001881 1.000000
-0.746696 -0.883636 476.512120
-0.293114 -0.749583 220.859580
-0.000845 -0.001887 1.000000
0.401494 -1.971977 486.825566
0.177388 -1.272052 -441.494426
0.000340 -0.003431 1.000000
0.149359 -0.924736 359.770462
0.031343 -0.683066 26.704443
0.000040 -0.002356 1.000000
-0.619350 -1.103039 639.877996
-0.256261 -0.637540 -53.971357
-0.000770 -0.001738 1.000000
-0.518257 -0.923549 319.362043
-0.252493 -0.572378 -24.689664
-0.000826 -0.001610 1.000000
-0.353590 -1.190616 1108.576757
-0.108834 -0.678520 35.710436
-0.000454 -0.002232 1.000000
-0.406793 -1.093170 674.695945
-0.141989 -0.561868 -225.097338
-0.000594 -0.001805 1.000000
-0.370359 -0.668360 521.616631
-0.255426 -0.491627 91.784570
-0.000722 -0.001331 1.000000
0.011537 -1.087017 305.245880
-0.118681 -0.787841 68.735957
-0.000196 -0.002228 1.000000
0.115164 -1.149053 421.462693
-0.030525 -1.068480 -116.600215
-0.000142 -0.002514 1.000000
