0.115371 -1.708517 359.043691
0.043296 -0.891690 -178.050988
0.000357 -0.003141 1.000000
-0.094876 -1.452204 487.022387
-0.054976 -0.447579 -217.297700
-0.000001 -0.002598 1.000000
0.226008 -1.222951 86.852477
0.210783 -1.133042 -85.493744
0.000565 -0.003300 1.000000
0.163566 -1.070181 -63.476204
0.199572 -0.841656 -35.997393
0.000672 -0.003136 1.000000
-0.273515 -0.775901 11.676044
-0.108405 -0.663833 197.612637
-0.000382 -0.002188 1.000000
-0.204293 -0.844988 175.334696
-0.135797 -0.654948 35.501752
-0.000420 -0.002185 1.000000
-0.024429 -0.675834 54.140335
-0.028658 -0.461266 -39.154073
-0.000118 -0.002237 1.000000
-0.153336 -0.911640 286.658764
-0.044458 -0.647053 -112.117518
-0.000247 -0.002356 1.000000
-0.211262 -1.254491 235.575037
-0.173748 -0.985916 -26.512148
-0.000428 -0.002507 1.000000
-0.361940 -1.243768 1002.654914
-0.084058 -0.533117 -230.897012
-0.000445 -0.002072 1.000000
-0.139390 -1.094702 525.176390
-0.001062 -0.484723 -187.722431
-0.000228 -0.002187 1.000000
-0.055972 -0.678117 -10.939386
-0.121324 -0.624372 -3.468903
-0.000387 -0.002247 1.000000
-0.059400 -1.110295 353.328827
-0.180870 -0.818737 32.076788
-0.000296 -0.002220 1.000000
0.179797 -1.265086 292.123134
0.095357 -0.582425 -171.360811
0.000184 -0.002502 1.000000
0.123042 -1.320617 120.097365
0.018998 -0.970510 38.761278
0.000031 -0.002800 1.000000
0.187660 -1.155536 138.195236
-0.039460 -0.705383 -7.023957
0.000312 -0.002719 1.000000
-0.136521 -1.009515 207.839971
-0.101184 -0.766713 -25.434233
-0.000252 -0.002440 1.000000
-0.016695 -0.765190 71.812104
-0.060568 -0.672988 -59.371969
0.000091 -0.002616 1.000000
0.236793 -1.211088 -238.617714
0.219930 -0.909191 154.194055
0.000336 -0.002753 1.000000
0.098825 -1.239140 233.321981
-0.123222 -0.957234 -133.049516
-0.000002 -0.002597 1.000000
0.217686 -1.233470 25.978025
-0.009168 -1.077630 -126.892482
0.000291 -0.003156 1.000000
-0.606798 -0.855399 782.992495
-0.480445 -0.973020 -196.612441
-0.000993 -0.001488 1.000000
-2.134609 1.481007 -2684.820309
-2.131271 2.737833 4279.339074
-0.005346 0.004882 1.000000
-0.160007 -1.221874 292.293726
-0.040181 -1.049605 -40.339528
-0.000329 -0.002698 1.000000
1.633389 -4.536283 -415.658189
1.800878 -3.318389 -1187.475774
0.004738 -0.009252 1.000000
0.326342 -1.636633 392.537604
0.076999 -1.323819 -82.135233
0.000275 -0.003499 1.000000
0.000403 -0.767194 66.036891
-0.021724 -0.763502 134.120015
0.000036 -0.002431 1.000000
0.124247 -0.634692 -101.225507
-0.035989 -0.728596 59.657969
0.000314 -0.002679 1.000000
0.036831 -0.861308 62.177867
-0.039931 -0.720903 -5.969673
0.000420 -0.002837 1.000000
0.058491 -1.130046 308.382380
-0.053205 -1.240240 38.495639
-0.000104 -0.002613 1.000000
-0.338476 -0.917354 874.933062
-0.234766 -0.493813 -20.716355
-0.000689 -0.001715 1.000000
1.264457 -2.767401 -299.909929
0.865363 -1.787532 -756.747887
0.002929 -0.006534 1.000000
0.671285 -2.155395 -146.125849
0.577164 -1.419977 -449.531627
0.002414 -0.005388 1.000000
-0.056202 -1.192810 706.044348
-0.127426 -0.629308 41.982242
-0.000357 -0.002041 1.000000
0.006844 -0.767180 80.704422
-0.048630 -0.950211 -57.987009
-0.000092 -0.002414 1.000000
1.264125 -3.462076 -222.528674
1.498617 -2.855288 -1189.107110
0.004268 -0.008986 1.000000
-0.066178 -1.213365 375.612116
-0.050129 -1.014802 18.021003
-0.000177 -0.002507 1.000000
0.798905 -2.324645 -23.114825
1.099502 -2.378121 -443.305941
0.002201 -0.005929 1.000000
0.007589 -1.099432 203.341277
0.133464 -0.652818 -161.588713
0.000220 -0.002653 1.000000
-0.095379 -0.651102 127.725956
-0.030984 -0.334249 16.254513
-0.000189 -0.001882 1.000000
-0.047390 -0.825704 365.250430
0.032045 -0.621636 -143.045293
-0.000158 -0.002245 1.000000
0.042621 -1.026649 233.446207
0.119702 -0.766986 -107.606188
0.000294 -0.002645 1.000000
-0.025357 -1.103280 103.172805
-0.007023 -0.779983 -105.533214
-0.000158 -0.002484 1.000000
-0.004778 -1.134901 221.734336
0.094196 -0.986067 9.714643
0.000141 -0.002921 1.000000
0.231440 -1.969611 494.015378
0.557050 -1.817439 -114.016507
0.000996 -0.004074 1.000000
-0.011429 -0.910438 350.365942
-0.063622 -0.292631 44.115650
-0.000222 -0.002019 1.000000
-0.051967 -0.960158 459.056365
0.015525 -0.393278 -31.791952
-0.000100 -0.002119 1.000000
0.218048 -0.977192 248.913447
-0.015217 -0.659398 89.999568
-0.000193 -0.002052 1.000000
0.003610 -0.949933 325.423883
-0.197393 -0.570838 171.902323
-0.000308 -0.001887 1.000000
0.048689 -0.818241 207.756759
-0.090415 -0.588773 86.593300
-0.000362 -0.002002 1.000000
-0.116984 -0.991786 167.885651
-0.145029 -0.547495 3.549120
-0.000432 -0.002130 1.000000
0.275833 -1.313739 325.044615
-0.020878 -0.654282 -27.827309
-0.000054 -0.002368 1.000000
0.045112 -1.597023 359.725131
0.055017 -1.092216 39.878687
0.000115 -0.002894 1.000000
0.639940 -1.109133 341.281969
0.168454 -0.233016 8.851774
0.000422 -0.002371 1.000000
1.951982 0.366269 -281.843102
0.345155 1.844202 -264.046336
0.000907 0.000016 1.000000
4.268727 0.396591 -629.291598
1.062798 3.585043 -584.210373
0.002413 0.001432 1.000000
2.002451 2.480549 -993.519897
-0.492043 4.898051 -891.033755
-0.001168 0.003851 1.000000
2.632951 -0.127400 -477.231753
0.444588 2.354506 -618.460786
0.001196 -0.000108 1.000000
0.978677 -0.321231 21.754897
-0.036601 0.900616 -22.164488
0.000061 -0.000773 1.000000
0.880144 -0.295976 46.728603
-0.186275 1.010451 65.139687
-0.000177 -0.000446 1.000000
0.654771 0.629916 -205.629981
-0.269709 1.456317 -264.110063
-0.000979 0.000452 1.000000
0.444397 -0.586947 200.769589
-0.090135 0.271883 71.775505
-0.000237 -0.001253 1.000000
0.221068 0.064147 68.463397
-0.209614 0.668398 -55.050917
-0.000955 -0.000199 1.000000
0.998273 -0.216153 35.062138
0.033309 0.769378 29.293382
0.000148 -0.000618 1.000000
1.367355 0.611551 -202.981636
-0.196293 2.369815 -461.137271
-0.000280 0.001315 1.000000
1.000000 0.000000 -0.000000
-0.000000 1.000000 0.000000
-0.000000 -0.000000 1.000000
0.770910 -0.123311 130.784959
-0.066033 0.851012 68.374777
-0.000112 -0.000224 1.000000
0.126081 -0.282736 125.511847
-0.460590 0.319907 250.358325
-0.000984 -0.000392 1.000000
0.167863 0.001559 36.843405
-0.130178 0.516270 -60.415984
-0.000853 -0.000394 1.000000
-0.250901 -0.503951 175.573159
-0.518376 -0.119922 309.386329
-0.001115 -0.000893 1.000000
0.645166 0.156871 69.088649
-0.277619 1.577249 -25.723621
-0.000602 0.000754 1.000000
0.359437 -0.199161 180.538999
-0.200551 0.611898 139.402607
-0.000532 -0.000283 1.000000
-0.205665 -0.585647 124.924567
-0.149735 -0.761887 180.504855
-0.000664 -0.001795 1.000000
-0.299595 -1.289890 847.763554
-0.179267 -0.653743 95.614335
-0.000525 -0.001934 1.000000
-0.185704 -1.218413 325.152372
-0.067771 -1.169758 136.143329
-0.000297 -0.002633 1.000000
-0.050163 -1.383438 475.868145
0.088718 -0.869894 -89.221956
0.000023 -0.002506 1.000000
0.067333 -0.437472 211.925435
0.001435 -0.291079 11.468987
-0.000158 -0.001705 1.000000
0.036146 -0.508504 178.073976
0.099674 -0.440897 -87.391970
0.000115 -0.002117 1.000000
0.069474 -1.044065 227.529877
-0.057143 -0.466759 -67.519780
-0.000252 -0.002158 1.000000
0.145781 -1.070281 431.124964
0.224910 -1.118412 37.784144
0.000260 -0.002723 1.000000
0.105434 -0.762336 337.815276
0.025486 -0.470587 12.782319
-0.000171 -0.001875 1.000000
0.048269 -0.975929 380.467169
0.168954 -0.853778 -51.214071
0.000127 -0.002625 1.000000
0.406007 -2.092733 683.729103
0.599165 -2.230138 -114.483265
0.000970 -0.004670 1.000000
-0.025647 -1.366107 619.263417
-0.007617 -0.586429 -146.885285
-0.000055 -0.002607 1.000000
-0.169614 -0.811918 256.698526
0.030384 -0.440223 -81.694287
-0.000138 -0.002216 1.000000
0.089667 -0.550528 100.283929
0.055782 -0.352839 -94.612452
0.000442 -0.002490 1.000000
-0.109216 -1.351547 583.624825
-0.101208 -1.002429 3.080858
-0.000157 -0.002539 1.000000
0.149904 -1.166890 326.697588
-0.073786 -0.817274 -70.323941
0.000030 -0.002683 1.000000
0.001870 -0.436846 35.582974
-0.127365 -0.393210 31.136168
-0.000160 -0.001939 1.000000
0.057411 -1.070247 512.589842
-0.007615 -0.838452 14.392002
-0.000139 -0.002445 1.000000
-0.047516 -1.660469 654.683678
-0.000250 -1.243468 12.642537
0.000054 -0.002944 1.000000
-0.001155 -1.009183 472.735702
-0.053176 -0.901780 0.877647
-0.000061 -0.002473 1.000000
0.179291 -1.253926 367.477663
-0.202418 -1.282658 161.139095
-0.000250 -0.002871 1.000000
-0.070972 -0.735692 150.322684
-0.044276 -0.587528 -119.888558
-0.000133 -0.002317 1.000000
-0.076247 -0.537327 279.438858
0.052123 -0.380727 -78.602323
0.000185 -0.002442 1.000000
2.275995 -4.191302 -986.749609
1.361237 -2.330021 -1691.357848
0.003837 -0.007752 1.000000
0.091617 -0.856065 242.618858
-0.000165 -0.525926 -87.053715
0.000341 -0.002537 1.000000
0.300794 -1.115078 278.431110
0.068685 -1.286121 -66.172886
0.000409 -0.003350 1.000000
-0.307046 -0.756532 464.861515
-0.263932 -0.781348 21.589376
-0.000724 -0.001967 1.000000
-0.133998 -0.993242 413.213694
-0.145356 -0.944300 47.969066
-0.000193 -0.002526 1.000000
-0.019381 -0.994491 273.129363
-0.150807 -0.775261 62.841133
-0.000283 -0.002410 1.000000
-2.086610 -4.700314 1710.561733
0.825900 -8.395335 633.162247
0.001465 -0.011317 1.000000
0.356023 -0.260782 180.474215
-0.137649 0.492922 85.189297
-0.000304 -0.000630 1.000000
0.043134 -1.329649 581.581080
0.179885 -1.106265 -0.376339
0.000217 -0.002718 1.000000
-0.167045 -0.998181 442.731728
-0.022663 -0.670476 44.057448
-0.000229 -0.002105 1.000000
-0.014500 -0.844999 321.346205
-0.019491 -0.580426 3.459355
-0.000443 -0.002169 1.000000
0.137191 -1.335790 193.259410
0.028609 -1.007560 -18.588363
-0.000196 -0.002791 1.000000
0.312551 -1.486661 441.055111
0.009402 -0.767002 -41.321009
0.000267 -0.002775 1.000000
-0.088725 -1.068749 516.070212
-0.032567 -0.678943 19.969768
-0.000271 -0.002035 1.000000
0.175753 -1.056913 196.541206
0.299952 -1.371031 -56.111196
0.000770 -0.003511 1.000000
0.140100 -1.053014 236.419425
-0.094122 -1.258510 151.723043
-0.000037 -0.003074 1.000000
0.559357 -2.005069 571.119053
0.727577 -2.180944 -104.470197
0.001470 -0.004938 1.000000
0.339504 -1.130986 202.897418
0.066285 -0.694140 -150.275295
0.000226 -0.002872 1.000000
-0.021615 -2.109824 681.967744
0.227502 -1.943093 94.892934
0.000410 -0.004144 1.000000
0.997802 0.313696 -67.001010
-0.127499 1.227022 -49.851516
-0.000178 0.000418 1.000000
0.161969 -1.305388 111.890294
0.283893 -1.061493 24.283769
0.001052 -0.003512 1.000000
0.890998 -3.005322 26.705678
0.411183 -2.484624 -84.815602
0.001036 -0.005046 1.000000
1.301221 -3.147942 620.716517
0.300183 -1.400691 -469.608211
0.001207 -0.004727 1.000000
-0.013213 -1.265860 593.716846
0.004731 -0.965802 -45.383836
0.000016 -0.002867 1.000000
0.399074 -2.185292 494.748709
0.010674 -1.323761 -116.779309
-0.000057 -0.003553 1.000000
0.241697 -1.741323 399.131769
0.065663 -0.989126 -125.893939
-0.000065 -0.002829 1.000000
1.027485 -2.888717 436.628201
0.522507 -1.491383 -348.769182
0.001189 -0.004197 1.000000
0.238401 -1.454770 567.053737
0.162446 -1.019509 -293.436017
0.000154 -0.002850 1.000000
1.078741 -2.586380 456.327260
0.310285 -1.377551 -432.479474
0.000999 -0.004350 1.000000
0.471370 -1.766538 621.909796
0.183412 -0.880395 -289.219824
0.000659 -0.003371 1.000000
-0.252164 -1.728725 836.715610
-0.081322 -0.811746 -188.036141
-0.000002 -0.002798 1.000000
0.091746 -1.394797 635.145935
0.091785 -1.157292 -125.816227
0.000022 -0.002967 1.000000
1.833723 -3.930255 235.788088
1.083539 -2.386851 -1580.389425
0.002411 -0.006695 1.000000
0.576374 -2.009464 446.907580
0.113605 -1.315726 -44.143639
0.000461 -0.003406 1.000000
0.242866 -1.871228 550.226856
0.054303 -1.617375 -165.522304
0.000330 -0.003896 1.000000
0.011840 -1.252980 263.049664
-0.088820 -0.433181 -233.951348
0.000083 -0.002478 1.000000
-0.046005 -1.263741 462.971298
-0.073174 -0.813386 -81.664001
-0.000111 -0.002524 1.000000
1.265674 -3.209238 30.189798
1.287853 -2.439864 -932.941400
0.003166 -0.006645 1.000000
0.104358 -1.952196 729.999906
0.113995 -1.020186 -243.210067
0.000191 -0.002830 1.000000
-0.225098 -1.320504 487.903108
-0.151138 -0.971046 43.245853
-0.000266 -0.002510 1.000000
0.121409 -1.449018 261.001222
0.004288 -1.262336 40.951519
0.000043 -0.002980 1.000000
0.058560 -1.567138 528.257029
-0.062155 -0.995178 79.789225
-0.000116 -0.002649 1.000000
-0.016124 -1.149036 401.566696
-0.130199 -1.553652 233.293796
-0.000200 -0.002912 1.000000
-0.576522 -0.153944 -133.281464
-0.354178 -0.329935 144.181922
-0.001316 -0.001078 1.000000
21.509009 -29.215660 1692.592273
8.070720 -13.595426 -17807.592464
0.038716 -0.052075 1.000000
-0.064292 -1.779545 1084.325021
0.006753 -0.604954 7.424527
-0.000187 -0.002519 1.000000
2.377317 -3.822989 1362.197100
0.440721 -1.184798 -562.467544
0.002681 -0.006120 1.000000
0.880167 -1.966541 -421.503567
0.003190 -0.745954 -440.360893
0.001225 -0.004223 1.000000
-10.839361 11.212130 5960.208153
-5.018794 6.106945 9473.134620
-0.017133 0.019341 1.000000
-0.164774 -1.457690 1061.036398
-0.087318 -0.522421 9.907652
-0.000319 -0.001838 1.000000
0.582210 -1.756367 753.056695
0.384859 -1.359034 -489.387351
0.001300 -0.004188 1.000000
-0.220542 -1.065467 500.773243
0.028897 -0.635854 -369.142373
0.000053 -0.002656 1.000000
-0.192852 -1.273365 702.170111
0.084668 -0.781553 -155.800147
-0.000076 -0.002625 1.000000
0.491514 -1.603746 291.966513
0.336933 -0.919240 -330.033866
0.000847 -0.003314 1.000000
0.303804 -1.732297 -302.856523
0.395056 -1.236828 -475.115093
0.000926 -0.003941 1.000000
-0.110785 -1.780068 850.849074
0.132636 -0.961064 -423.996689
0.000634 -0.003408 1.000000
0.164882 -2.426941 1664.795088
0.268206 -0.974545 -314.841065
0.000696 -0.004058 1.000000
0.032913 -1.597427 1330.485586
-0.024624 -0.794070 52.027828
0.000089 -0.002722 1.000000
0.212624 -2.125240 1198.663440
0.136872 -0.698068 -219.295718
0.000439 -0.002991 1.000000
-0.070107 -1.798711 1083.576592
-0.036752 -0.842920 -4.063777
-0.000100 -0.002804 1.000000
0.239818 -2.048850 1058.918903
0.054105 -0.581827 29.223738
0.000264 -0.002682 1.000000
-0.006295 -1.082867 776.797984
-0.051431 -0.724463 -103.394052
-0.000070 -0.002422 1.000000
0.305235 -2.097867 1309.107256
0.050647 -0.770204 113.382364
0.000414 -0.003543 1.000000
-0.272168 -1.103577 1199.336118
-0.360491 -0.637103 37.368313
-0.000691 -0.001730 1.000000
0.063710 -1.313720 627.487602
-0.072451 -0.752240 -18.849716
-0.000161 -0.002329 1.000000
0.073765 -1.262466 504.522241
-0.055240 -1.499204 108.429176
0.000009 -0.003083 1.000000
0.729967 -1.547430 628.635532
0.196237 -0.605300 -236.195886
0.000682 -0.003092 1.000000
0.295774 -1.289307 330.237057
0.056556 -0.548708 -47.738911
0.000273 -0.002715 1.000000
-0.166039 -0.505909 111.438263
-0.120849 -0.452824 105.048941
-0.000210 -0.001931 1.000000
0.150896 -1.023918 -179.040246
0.014347 -1.160816 -74.512848
0.000228 -0.003037 1.000000
0.070267 -0.851030 103.072289
-0.034238 -0.779257 -153.804016
0.000066 -0.002653 1.000000
0.131135 -1.147146 -1520.889304
0.574053 -2.038565 1263.401596
0.000507 -0.003281 1.000000
-0.076799 -0.900677 96.046213
0.031589 -0.813833 -88.144120
0.000200 -0.002831 1.000000
-0.198611 2.154592 -370.251420
-1.336752 3.050064 346.546340
-0.003066 0.005090 1.000000
0.076541 -2.043243 589.777813
0.176522 -2.183573 192.693247
0.000396 -0.004420 1.000000
0.451133 -1.868962 413.445975
0.123944 -1.576650 -232.907773
0.000376 -0.003478 1.000000
0.160494 -2.080182 607.045466
-0.129336 -1.161143 20.294276
0.000048 -0.003074 1.000000
-0.038659 -0.418314 24.000334
0.047118 -0.584619 35.420546
-0.000044 -0.002322 1.000000
-0.125557 -0.791857 112.482489
-0.092163 -0.988718 164.497769
-0.000308 -0.002184 1.000000
0.044146 -0.738795 29.893039
0.089501 -0.878654 70.610760
0.000300 -0.002719 1.000000
-0.124854 -0.837156 184.191841
-0.182216 -0.938056 166.705315
-0.000408 -0.002226 1.000000
0.125169 -1.190740 90.893976
0.112017 -1.091630 -16.943967
0.000168 -0.002851 1.000000
-0.133897 -0.912473 49.186234
-0.029866 -0.669646 -62.411893
-0.000236 -0.002400 1.000000
0.057852 -0.600131 -74.901226
0.055150 -0.901441 145.670269
0.000023 -0.002555 1.000000
-0.005204 -0.365557 -53.649447
-0.091021 -0.397710 106.777945
-0.000082 -0.002029 1.000000
0.025428 -1.292953 43.397334
0.057738 -1.054209 57.136551
0.000086 -0.003094 1.000000
-0.100283 -1.447550 178.342783
-0.123372 -1.375942 143.649740
-0.000098 -0.003216 1.000000
0.422406 -1.577754 598.203920
0.398707 -1.230191 -122.830016
0.000865 -0.003785 1.000000
0.156505 -1.668184 448.373845
-0.078855 -0.929624 -198.958247
0.000202 -0.003241 1.000000
0.362708 -1.771377 454.570982
0.088858 -1.241408 -62.942400
0.000254 -0.003443 1.000000
0.292202 -1.413144 -228.611412
0.056505 -1.333650 51.709299
0.000871 -0.003976 1.000000
0.012904 -0.654994 37.712086
0.008965 -0.883670 92.543251
-0.000003 -0.002774 1.000000
0.485201 -2.173192 -65.068905
0.677565 -2.127190 -134.927866
0.001224 -0.004539 1.000000
-0.068493 -1.187840 15.378129
0.043226 -0.852359 -57.321709
-0.000045 -0.002720 1.000000
0.375003 -0.997325 -421.949815
0.232581 -1.663667 747.110055
0.000593 -0.003202 1.000000
-0.069348 -1.792305 -2123.572700
0.170638 -1.516627 1055.610966
0.000530 -0.003000 1.000000
0.042954 -1.216867 33.059855
0.010565 -0.875140 -202.726895
0.000104 -0.002708 1.000000
0.021415 -0.598895 71.894428
-0.013929 -0.413335 56.725636
-0.000092 -0.002091 1.000000
-0.088183 -1.636175 422.791391
-0.167282 -1.428433 28.364641
-0.000297 -0.003103 1.000000
24.679266 -40.748857 -23341.148580
15.792041 -34.769399 2276.289443
0.042974 -0.068487 1.000000
0.856728 -0.907282 -896.585140
0.815284 -2.094510 1589.170250
0.001593 -0.003814 1.000000
-0.935242 -0.105165 946.006414
-0.725780 -0.176958 -152.497450
-0.001597 -0.000408 1.000000
0.830574 -3.015062 2060.587012
0.309039 -1.898500 1415.075359
0.001125 -0.003836 1.000000
-1.615948 0.718789 3300.771708
-2.097972 1.583124 -1370.301134
-0.004340 0.002679 1.000000
0.413009 -1.512885 -357.801451
0.570464 -1.509693 -214.437229
0.001261 -0.004026 1.000000
-0.126967 -1.145294 510.892766
-0.229387 -0.995440 1254.047286
-0.000323 -0.002115 1.000000
0.384089 -1.818687 761.577555
0.398836 -1.788305 1913.936118
0.001061 -0.003677 1.000000
0.147499 -2.125260 965.290141
-0.020451 -0.681804 63.055871
0.000114 -0.002801 1.000000
-0.767874 -0.320888 454.860951
-0.790873 -0.434044 1062.898331
-0.001377 -0.000716 1.000000
-0.061812 -1.938243 1063.809782
0.013641 -0.914857 57.707818
-0.000102 -0.002732 1.000000
-0.295417 -1.655004 1038.392574
-0.051243 -0.790536 79.358751
-0.000312 -0.002361 1.000000
0.774328 -2.494102 1471.530867
-0.069040 -1.057542 -424.699427
0.000383 -0.003555 1.000000
0.101385 -2.401068 1018.389385
-0.002406 -0.943949 -46.250646
0.000211 -0.003244 1.000000
-0.426345 -1.343852 989.368524
-0.149391 -0.815029 112.109178
-0.000520 -0.002084 1.000000
-0.006061 -1.622716 1129.377512
0.077460 -1.281161 -103.014962
0.000016 -0.003212 1.000000
-0.003203 -1.565538 535.544425
0.056346 -1.316567 927.972355
0.000020 -0.002638 1.000000
-0.268661 -0.862347 304.853727
-0.062008 -0.454279 -119.817919
-0.000316 -0.002101 1.000000
0.167572 -1.483774 1650.728624
0.255584 -1.324463 648.617298
0.000175 -0.003210 1.000000
4.249786 -4.896954 -4396.262293
3.187209 -5.085611 5638.137951
0.008693 -0.012255 1.000000
0.125364 -2.183211 1061.159053
-0.023743 -0.939689 -15.527388
0.000079 -0.003045 1.000000
-0.098374 -1.483979 1020.186930
-0.125493 -0.468365 -9.938967
-0.000309 -0.002081 1.000000
-0.332253 -1.345190 1224.811316
0.018013 -0.459574 -217.463384
-0.000434 -0.002034 1.000000
0.268696 -0.767253 28.399350
0.142602 -0.761112 -13.388757
0.000822 -0.002887 1.000000
-1.186102 -0.338211 166.807859
-1.021941 -0.047778 -1617.446083
-0.002294 0.000233 1.000000
-0.483124 -1.334020 886.372595
-0.359897 -1.023699 924.674787
-0.000597 -0.001792 1.000000
-0.297134 -1.453234 1122.765520
-0.116500 -0.493895 113.833638
-0.000392 -0.001890 1.000000
0.743634 -2.499514 998.343402
0.485585 -1.900930 1883.544312
0.000996 -0.003958 1.000000
0.163444 -1.161772 970.803705
0.006666 -1.018682 51.519078
0.000140 -0.002776 1.000000
12.484759 -26.733421 -20165.155564
12.128941 -18.607892 -17897.725259
0.029420 -0.038544 1.000000
-0.088956 -0.805404 312.743140
-0.050727 -0.407812 39.842136
-0.000322 -0.001911 1.000000
0.101989 -1.882662 946.490657
-0.095760 -0.488423 70.006191
0.000014 -0.002371 1.000000
0.125894 -2.073732 1075.409566
-0.073892 -0.648456 -62.578007
0.000240 -0.002768 1.000000
0.111938 -1.412532 264.184582
0.112802 -0.930779 -400.310240
0.000320 -0.003099 1.000000
0.001501 -1.689622 984.962954
0.004227 -0.584495 5.060858
-0.000020 -0.002246 1.000000
-0.061369 -1.894267 979.391008
-0.017110 -1.050348 -162.008583
-0.000106 -0.003166 1.000000
-0.044514 -1.687761 936.055969
-0.085590 -0.642178 -33.177673
-0.000147 -0.002499 1.000000
-0.183826 -1.367742 534.510130
-0.073777 -1.842494 157.141377
-0.000205 -0.003656 1.000000
0.359305 -2.421159 899.937986
0.058787 -1.727718 -4.196275
0.000359 -0.004064 1.000000
-0.331342 -1.441560 925.264547
-0.287155 -0.898809 46.995118
-0.000516 -0.002518 1.000000
0.412164 -2.257666 1070.698701
0.053964 -0.489057 -30.604753
0.000500 -0.002855 1.000000
1.054976 -3.283262 1673.674433
0.312956 -0.603557 -333.149516
0.001607 -0.004312 1.000000
-0.549049 -1.349669 -14.177491
-0.214242 -0.483447 -184.350697
-0.000723 -0.001741 1.000000
0.111675 -1.536425 1018.550914
-0.136371 -0.913671 98.916092
0.000030 -0.002650 1.000000
-0.364624 -0.698547 -13.218718
-0.207515 -0.558621 841.804961
-0.000659 -0.001541 1.000000
-0.123546 -1.510744 815.105443
-0.129367 -0.524670 0.242867
-0.000312 -0.002103 1.000000
-0.252401 -1.270228 942.222052
-0.192309 -0.539642 -27.698841
-0.000538 -0.002084 1.000000
1.111872 -3.166935 1289.623050
0.235278 -0.922827 -215.092997
0.001169 -0.003794 1.000000
-0.186794 -0.827001 343.240440
-0.100917 -0.230484 -33.906160
-0.000355 -0.001982 1.000000
-0.194225 -1.469076 880.156229
-0.092981 -0.502793 49.942447
-0.000260 -0.001888 1.000000
-0.106898 -1.744323 1020.493663
-0.103781 -0.934426 -187.976605
-0.000103 -0.002661 1.000000
0.060403 -1.490604 579.600771
0.031619 -0.970596 -181.778914
0.000108 -0.003008 1.000000
-0.096835 -1.392747 479.626704
0.105646 -1.011970 -292.868697
0.000312 -0.002938 1.000000
-0.450389 -1.141670 311.841732
-0.178193 -1.090115 85.654967
-0.000516 -0.002357 1.000000
0.053797 -1.570214 725.584952
0.083466 -1.300448 -170.663564
0.000254 -0.003260 1.000000
0.307680 -1.971076 803.360344
0.160861 -1.194432 -173.171747
0.000453 -0.003495 1.000000
-0.069832 -1.512573 782.528956
0.002354 -0.882411 -38.184690
0.000045 -0.002829 1.000000
0.939570 -2.349627 831.899798
0.839840 -2.051143 -328.416783
0.001801 -0.005276 1.000000
-0.378301 -1.156472 741.480710
-0.084614 -0.489584 -126.796236
-0.000668 -0.001914 1.000000
0.497548 -1.877768 516.920142
0.121509 -0.845238 -224.569753
0.000640 -0.003266 1.000000
-0.047387 -1.288819 310.821773
-0.026071 -0.718726 -89.187784
0.000021 -0.002713 1.000000
0.196949 -1.424950 396.028267
0.033727 -1.300478 99.968271
0.000080 -0.002852 1.000000
0.447270 -1.565874 663.477778
0.140093 -1.020250 -180.980952
0.000501 -0.003336 1.000000
0.074704 -1.391873 421.635806
-0.004212 -0.836032 -25.471080
0.000001 -0.002527 1.000000
0.030280 -1.963336 1164.680585
-0.065847 -0.673063 -449.520542
-0.000160 -0.002475 1.000000
-0.182771 -1.071711 624.203596
-0.026807 -0.288120 -148.383909
-0.000191 -0.002017 1.000000
-0.174518 -1.330926 895.720449
-0.061431 -0.290673 -52.551276
-0.000205 -0.002024 1.000000
0.266786 -2.500036 650.858305
0.064443 -1.139123 -284.731702
0.000309 -0.003795 1.000000
-0.002142 -1.721554 1020.926558
0.073291 -0.608717 -74.767003
0.000385 -0.003261 1.000000
-0.077359 -1.617613 938.117602
-0.035615 -0.523252 -121.271433
-0.000116 -0.002495 1.000000
0.351406 -2.055501 367.167561
0.023944 -1.407233 -91.265024
0.000317 -0.003510 1.000000
0.270576 -1.592307 346.201351
-0.116481 -0.928638 -139.813807
0.000115 -0.003043 1.000000
0.282155 -1.342099 360.499112
0.025602 -1.507913 19.049971
-0.000054 -0.003177 1.000000
0.174041 -1.975656 360.221715
0.127503 -1.716226 -66.072522
0.000101 -0.003581 1.000000
0.074123 -1.736006 290.789069
0.015261 -1.670107 -178.685381
0.000170 -0.003726 1.000000
0.347189 -1.251518 105.193258
0.104491 -0.530373 -250.506201
0.000336 -0.002627 1.000000
0.130404 -0.927845 126.657089
0.124503 -1.137604 -61.801086
0.000173 -0.002908 1.000000
0.040637 -0.980841 330.771427
0.096533 -0.701886 -81.678391
0.000210 -0.002758 1.000000
0.156217 -1.143411 353.041354
-0.057752 -0.526850 -39.302166
0.000056 -0.002622 1.000000
-0.007412 -1.686683 894.851107
0.132856 -0.546372 -173.781720
0.000227 -0.002478 1.000000
0.162500 -1.304481 223.247870
-0.089254 -0.923953 53.604175
0.000015 -0.002645 1.000000
0.060790 -1.592260 209.660596
0.096454 -1.067811 -89.881764
0.000187 -0.003123 1.000000
0.010316 -0.963294 -45.878135
0.039316 -0.557138 82.387981
-0.000091 -0.002384 1.000000
0.266476 -1.922389 318.128394
0.152338 -1.160229 -531.647311
0.000583 -0.003746 1.000000
-0.032920 -0.985451 99.873439
0.052429 -1.133464 40.502356
0.000111 -0.002807 1.000000
0.129873 -1.316012 156.988069
0.114192 -1.206775 -139.460795
0.000118 -0.003014 1.000000
0.117708 -1.107536 191.753807
-0.076114 -0.784272 -62.547289
0.000154 -0.002817 1.000000
0.061310 -1.273190 171.477346
-0.033157 -0.897699 -47.292007
-0.000000 -0.002882 1.000000
0.460250 -1.838420 698.486740
0.108776 -0.752598 -143.005209
0.000479 -0.003108 1.000000
0.093962 -0.953671 63.117577
0.002855 -0.943224 41.574505
0.000200 -0.002603 1.000000
0.074392 -1.998250 860.098448
0.025603 -0.803418 -166.092061
0.000098 -0.002882 1.000000
