1.189560 -3.136024 -2348.659810
1.180736 -2.581782 -1001.334870
0.002332 -0.006137 1.000000
-1.362821 0.450271 -959.574793
-1.059857 0.372560 672.863392
-0.002498 0.000663 1.000000
-0.235791 -0.722366 29.200075
-0.140099 -0.657006 -77.597812
-0.000497 -0.001694 1.000000
3.705026 -6.866571 -2840.489495
1.531780 -4.079884 -3392.131398
0.006028 -0.012238 1.000000
0.673377 -2.395356 -502.354177
0.276460 -1.601222 -1983.160481
0.001271 -0.004510 1.000000
0.305034 -2.183304 -1300.899415
-0.048650 -1.384477 522.944100
0.000198 -0.003621 1.000000
0.485220 -2.528320 -2641.966784
0.436149 -1.412393 2567.529587
0.001211 -0.004682 1.000000
0.354479 -1.818439 1626.516176
0.577225 -2.195237 -664.036140
0.000766 -0.004355 1.000000
0.418220 -1.939468 -1335.971052
0.216114 -1.425649 -1234.939970
0.000328 -0.003490 1.000000
35.173227 -48.272094 20245.096669
23.240714 -41.166959 -31010.231914
0.062363 -0.100399 1.000000
0.417721 -1.770021 1659.227272
0.274896 -1.268203 -928.001425
0.000731 -0.003855 1.000000
0.389539 -1.945184 79.146755
0.194443 -1.411912 -740.613221
0.001052 -0.004308 1.000000
-0.394238 -0.994446 507.281235
-0.131841 -0.589034 -882.710741
-0.000612 -0.001826 1.000000
4.428576 -7.458486 -586.836827
2.225987 -5.125632 -4623.005611
0.007097 -0.012710 1.000000
-0.611228 -0.490960 -158.576493
-0.487858 -0.299337 -935.898620
-0.001214 -0.000931 1.000000
-0.509519 -0.475497 -310.245345
-0.430702 -0.275019 144.270663
-0.001152 -0.000876 1.000000
1.484048 -3.687442 -1060.730299
0.877158 -2.690554 -2162.865162
0.002623 -0.007153 1.000000
0.633024 -2.224895 764.772074
0.500585 -1.947354 -867.069711
0.001211 -0.004577 1.000000
0.023812 -1.308431 633.453112
-0.050363 -1.310561 -178.889313
-0.000106 -0.002953 1.000000
-0.543637 -0.375180 517.325957
-0.366084 -0.548561 -431.705241
-0.001040 -0.001145 1.000000
0.448604 -1.672080 -26.948346
0.295489 -1.374069 -137.544028
0.000736 -0.003369 1.000000
9.957167 -15.619515 -9462.455363
4.064728 -6.939354 8807.741414
0.013769 -0.022957 1.000000
-0.829777 -0.140313 -837.255441
-0.634011 -0.145144 -35.121726
-0.001537 -0.000405 1.000000
0.042923 -1.577010 440.773352
0.010822 -1.125693 -383.648070
0.000276 -0.003212 1.000000
0.128219 -1.701242 2268.755492
0.119643 -1.281779 -697.525100
0.000087 -0.002873 1.000000
3.634225 -6.894236 -6540.073232
2.234526 -5.540117 2981.238229
0.005518 -0.012784 1.000000
-1.045683 0.550796 1790.884346
-0.973528 0.447082 -1032.659306
-0.002579 0.000885 1.000000
0.209120 -1.189569 -109.339900
0.103842 -1.329509 -798.154760
0.000479 -0.003217 1.000000
-0.651962 -0.298791 -1030.276665
-0.486095 -0.219855 130.735865
-0.001321 -0.000616 1.000000
-0.668603 0.101770 -117.623911
-0.724264 0.023785 159.268213
-0.001701 0.000119 1.000000
-0.152205 -1.007538 235.121823
-0.230384 -0.526102 -40.276341
-0.000547 -0.001775 1.000000
0.096039 -1.417923 803.534574
0.038127 -1.482314 -935.927578
0.000358 -0.003426 1.000000
-0.227609 -0.903910 801.800206
-0.006731 -1.178980 -204.857227
0.000091 -0.002787 1.000000
-0.048593 -1.273841 959.865509
-0.094685 -0.917713 -816.215751
-0.000150 -0.002410 1.000000
0.233499 -1.607787 390.401334
0.126461 -1.208922 -532.685272
0.000338 -0.002986 1.000000
0.354950 -1.872318 898.904754
0.432364 -1.257748 -596.193174
0.000887 -0.003574 1.000000
-0.110711 -1.065374 -397.673145
-0.053845 -0.821198 -382.071551
-0.000036 -0.002479 1.000000
-0.086255 -1.014047 175.725677
-0.108611 -0.744701 -533.763168
-0.000460 -0.001892 1.000000
1.248827 -3.398975 -188.141059
0.389378 -1.634367 -938.153847
0.001782 -0.005303 1.000000
-1.267389 0.707669 -991.942814
-0.726871 0.254014 603.722015
-0.002252 0.000860 1.000000
0.879191 -2.520682 1829.900663
0.402885 -1.141655 -873.917008
0.001399 -0.004346 1.000000
-0.884003 -0.058892 -575.451554
-0.461068 -0.275441 523.620382
-0.001608 -0.000569 1.000000
0.076162 -1.318484 907.200529
0.162391 -1.200930 -804.114931
0.000199 -0.002914 1.000000
-0.150041 -0.862051 521.971210
-0.144529 -0.513427 -267.137510
-0.000526 -0.001651 1.000000
0.573715 -1.970365 -1092.868858
0.350722 -1.303846 -548.818890
0.001063 -0.004008 1.000000
-0.226797 -0.879672 333.753841
-0.358548 -0.644501 -21.651722
-0.000725 -0.001631 1.000000
-0.339095 -0.463603 649.449300
-0.344837 -0.554313 -119.081685
-0.000904 -0.001302 1.000000
0.084830 -1.767019 2256.905665
-0.037782 -1.343034 -63.142489
0.000117 -0.003194 1.000000
-0.252008 -1.355063 616.315681
-0.153265 -0.975684 -433.323374
-0.000434 -0.002362 1.000000
-0.660803 -0.259180 2093.132622
-0.523581 -0.158975 50.800411
-0.001492 -0.000527 1.000000
2.471716 -5.615230 2435.434968
1.193776 -3.960345 -5253.490328
0.003091 -0.009532 1.000000
0.684987 -2.779073 1159.397474
0.567468 -2.313645 -1002.509906
0.001484 -0.005410 1.000000
-0.468069 -0.559575 538.238705
-0.298092 -0.466058 -87.353933
-0.000848 -0.001138 1.000000
-0.279780 -1.249342 673.422238
-0.148203 -1.107219 -234.692407
-0.000353 -0.002486 1.000000
-11.800805 15.840292 -41488.896861
-6.938086 10.327862 10259.295735
-0.017574 0.025355 1.000000
0.811337 -2.595604 789.374891
0.484323 -1.617493 -813.656400
0.001162 -0.004231 1.000000
0.115018 -1.186848 369.753858
-0.012879 -0.869752 -139.266979
-0.000039 -0.002603 1.000000
-0.033450 -0.804845 152.638077
-0.037414 -0.709622 -480.544975
-0.000233 -0.002304 1.000000
0.083052 -1.218053 1180.938895
0.178769 -1.306028 -541.289785
0.000197 -0.003015 1.000000
1.823325 -3.617882 1533.164221
1.416435 -3.129605 -935.297579
0.002979 -0.007011 1.000000
-0.285351 -0.403157 31.167903
-0.234575 -0.144315 -122.285017
-0.000993 -0.001079 1.000000
-0.057324 -0.694643 -167.684505
-0.066975 -0.817986 14.047702
-0.000293 -0.001973 1.000000
-0.274829 -0.974909 -198.214450
-0.162085 -0.803112 -436.516588
-0.000625 -0.002038 1.000000
11.143039 -16.443208 10003.304090
9.409901 -11.264976 -6447.149920
0.019601 -0.027912 1.000000
0.737765 -2.469407 1895.525941
0.288641 -1.307948 -643.786457
0.001344 -0.004245 1.000000
-0.187789 -1.276571 127.123649
-0.192384 -1.311395 -221.798738
-0.000241 -0.002783 1.000000
-0.410324 -0.705179 789.147152
-0.313849 -0.493709 -340.680321
-0.000776 -0.001485 1.000000
-0.875873 -0.052266 -360.051450
-0.710911 -0.122565 763.029237
-0.001752 -0.000254 1.000000
-0.377062 -0.805418 860.923169
-0.324604 -0.397875 -405.234045
-0.001114 -0.001266 1.000000
-0.855431 0.053834 -637.572142
-0.795556 -0.047744 920.117624
-0.001757 0.000164 1.000000
-0.300603 -1.343155 1198.268777
-0.087718 -1.265067 -228.871242
-0.000183 -0.002875 1.000000
-0.024391 -1.272007 858.489578
-0.047751 -1.028053 -73.739245
-0.000316 -0.002148 1.000000
0.607368 -1.805816 818.822685
0.373938 -1.356304 -747.757262
0.000966 -0.003877 1.000000
-0.441170 -0.723205 -356.799102
-0.227614 -0.517597 -99.798863
-0.000943 -0.001474 1.000000
-0.505877 -0.520856 -472.591380
-0.387216 -0.549574 389.351843
-0.000950 -0.001144 1.000000
-0.580647 -0.632458 -3.672904
-0.401851 -0.583611 -260.215901
-0.001215 -0.001235 1.000000
-0.052678 -1.621449 -995.443632
-0.146058 -1.087538 -456.180255
-0.000122 -0.002623 1.000000
7.627742 -12.376977 -1086.306125
3.135806 -5.010785 -11751.203708
0.012823 -0.022333 1.000000
-0.348673 -0.988233 284.333333
-0.220311 -0.600370 -95.379929
-0.000352 -0.002241 1.000000
-0.276828 -1.052822 923.632224
-0.260436 -0.816415 -104.279254
-0.000375 -0.002153 1.000000
-0.295005 -1.243681 1078.546141
-0.202707 -0.732103 -271.327314
-0.000563 -0.001898 1.000000
0.596577 -2.301606 771.270235
0.272952 -1.378699 -167.910977
0.000814 -0.003684 1.000000
0.565444 -2.259172 589.828434
0.677165 -2.330077 -959.001842
0.002005 -0.005704 1.000000
-0.244734 -1.162090 517.651226
-0.079315 -1.136451 -214.072573
-0.000220 -0.002333 1.000000
7.305029 -12.607355 -3925.247306
4.118587 -8.088512 -4655.253888
0.018003 -0.030022 1.000000
1.566740 -3.406747 533.023380
2.003377 -3.726145 -3032.886899
0.005804 -0.010737 1.000000
0.022343 -1.497474 915.096934
0.009099 -1.777979 -194.886852
0.000114 -0.003465 1.000000
0.365988 -2.692915 858.182669
0.444934 -2.635742 -1134.082863
0.001090 -0.005191 1.000000
-0.335003 -0.494632 637.728827
-0.115744 -0.674835 -664.263985
-0.000607 -0.001689 1.000000
-0.031698 -1.526537 879.680119
0.089762 -1.500957 -39.623605
0.000257 -0.003205 1.000000
0.018210 -1.025239 22.126796
0.211006 -1.375980 -99.924537
0.000446 -0.003029 1.000000
-0.335680 -1.228972 -294.066432
-0.295081 -0.855990 100.622405
-0.000512 -0.002232 1.000000
-0.431059 -0.852805 -119.162242
-0.363879 -0.728301 183.448518
-0.000779 -0.001575 1.000000
-0.311966 -1.235968 662.502791
-0.108392 -0.787780 -269.702902
-0.000352 -0.002115 1.000000
0.270777 -1.694038 2414.231793
0.168520 -0.952992 -487.493045
0.000361 -0.003034 1.000000
-0.812167 -0.538474 1385.982188
-0.641677 -0.450728 55.400541
-0.001305 -0.000858 1.000000
-0.627630 -0.553302 1609.927968
-0.358716 -0.352501 -295.938354
-0.001076 -0.000917 1.000000
2.945541 -5.416619 4286.616184
1.917532 -2.266712 -3574.400506
0.004742 -0.008882 1.000000
-0.128182 -1.123144 342.864807
-0.127565 -0.741578 -144.192617
-0.000259 -0.002051 1.000000
-1.236391 -0.101913 -372.772499
-1.008421 -0.166624 19.837319
-0.001965 -0.000261 1.000000
-0.350784 -1.114639 633.505208
-0.173496 -0.850469 -1.079699
-0.000501 -0.001929 1.000000
0.284872 -1.499576 692.491013
-0.009643 -1.083669 -157.132076
0.000046 -0.002658 1.000000
0.676585 -2.689037 771.414836
0.642234 -2.205451 -698.642738
0.001496 -0.005040 1.000000
1.561569 -3.709970 2629.905771
1.424674 -3.561850 -1114.461130
0.003082 -0.007703 1.000000
-0.163287 -1.648227 328.672838
-0.041943 -1.398787 -283.766391
-0.000128 -0.002701 1.000000
0.085756 -1.365945 909.367627
0.117910 -1.632561 -243.007555
0.000152 -0.003226 1.000000
1.198286 -3.678719 3511.310211
1.349888 -3.755944 -3412.482121
0.003187 -0.008315 1.000000
0.058416 -1.221184 -162.850165
0.050008 -1.222139 -211.879739
0.000152 -0.002610 1.000000
-2.115154 2.054004 2531.334597
-2.170627 2.309061 766.760630
-0.004299 0.004479 1.000000
-0.303181 -1.291364 520.340087
-0.160728 -0.827525 -36.763107
-0.000210 -0.002223 1.000000
-0.136536 -1.117797 86.692067
-0.065605 -1.007676 -132.599132
-0.000253 -0.002177 1.000000
0.282900 -1.576772 -821.104666
0.236403 -1.141043 -475.857294
0.000834 -0.003662 1.000000
-0.056877 -1.205666 567.114415
-0.042660 -0.638339 -222.191715
-0.000097 -0.002276 1.000000
-0.836339 -0.229203 2323.586422
-0.528629 -0.158640 -21.458228
-0.001462 -0.000428 1.000000
-0.555653 -0.764982 1114.040646
-0.375191 -0.472841 48.147954
-0.000917 -0.001442 1.000000
0.941746 -2.823943 788.954535
0.593213 -2.078423 -707.119296
0.001493 -0.005474 1.000000
0.081490 -1.430860 439.663283
0.195472 -1.495805 2.823063
0.000267 -0.002882 1.000000
0.129435 -1.703789 -115.845088
0.002615 -0.988071 -388.619576
0.000320 -0.003104 1.000000
0.330159 -2.210666 -161.008021
0.346586 -1.362462 -257.303838
0.001530 -0.004840 1.000000
-0.068594 -1.551199 729.209194
-0.017588 -1.083293 -290.667173
0.000037 -0.002708 1.000000
-0.107317 -1.315503 498.476465
0.007357 -0.822698 -26.898924
0.000140 -0.002475 1.000000
-0.137880 -1.222491 505.841593
-0.078121 -0.766093 -69.340110
-0.000141 -0.002137 1.000000
0.000538 -1.719099 307.874442
0.023583 -1.135849 0.623078
0.000126 -0.002663 1.000000
0.808002 -2.145407 338.157292
0.218398 -1.328469 26.433531
0.000752 -0.003454 1.000000
0.444409 -1.496773 405.510259
0.126271 -0.909652 38.765271
0.000166 -0.002508 1.000000
0.185535 -1.490645 296.547479
-0.019681 -0.998618 77.655600
-0.000126 -0.002458 1.000000
0.114059 -1.873711 319.169655
-0.036992 -1.214775 62.002709
0.000209 -0.003045 1.000000
-0.147886 -1.274689 284.742955
-0.106924 -1.134132 50.933946
-0.000254 -0.002401 1.000000
-0.451645 -0.460120 74.819339
-0.563821 -0.497680 297.405121
-0.001218 -0.001000 1.000000
-0.366034 -0.432814 37.972674
-0.456858 -0.378697 256.216735
-0.001232 -0.000858 1.000000
1.622528 -0.907354 66.191697
0.396181 0.386731 52.088548
0.000772 -0.001364 1.000000
0.772097 -1.078333 271.745284
0.239492 -0.181515 53.289146
0.000308 -0.001901 1.000000
2.196013 -0.163917 -235.870792
0.176727 1.417988 2.254799
0.000929 -0.000276 1.000000
0.912534 -1.784725 310.077710
0.171981 -0.972255 158.139484
0.000571 -0.002791 1.000000
1.674354 -3.965454 333.552335
0.879437 -2.754656 -599.358369
0.002342 -0.006232 1.000000
-0.170866 -1.049364 779.180154
-0.242554 -1.032092 -625.184424
-0.000362 -0.002047 1.000000
-0.940171 -0.074103 120.790117
-0.894921 -0.053366 790.716883
-0.002108 0.000386 1.000000
0.013735 -1.474497 1285.631207
0.114465 -1.362720 -346.706723
0.000251 -0.003336 1.000000
-0.501120 -0.165337 -188.165460
-0.436700 -0.179814 222.651017
-0.001491 -0.000522 1.000000
0.169306 -1.378180 445.160409
-0.115052 -0.538335 -33.387460
-0.000087 -0.002257 1.000000
-0.046755 -2.561506 766.237518
0.176433 -1.955967 170.041133
0.000354 -0.003998 1.000000
-28.821676 44.288236 -12272.092000
-14.093149 20.455506 10349.815418
-0.040777 0.056791 1.000000
-3.123773 3.030999 -1047.040985
-1.729913 1.331225 966.191083
-0.004829 0.004203 1.000000
1.514372 -2.107417 310.491140
0.431107 -0.627712 -24.246872
0.001276 -0.003502 1.000000
1.422080 -0.936790 93.060215
0.129064 0.288151 -111.921789
0.000659 -0.001594 1.000000
0.802966 -0.314788 90.554032
-0.045599 0.550431 245.761045
-0.000069 -0.000517 1.000000
0.733794 -0.382265 115.028692
-0.003513 0.441713 214.249610
-0.000123 -0.000665 1.000000
1.000000 0.000000 -0.000000
0.000000 1.000000 -0.000000
0.000000 -0.000000 1.000000
0.588102 -0.508528 237.267605
-0.346563 0.346033 369.914566
-0.000199 -0.000684 1.000000
0.277905 -0.676960 227.674383
-0.230265 -0.086500 324.301624
-0.000416 -0.001163 1.000000
0.281440 -0.993734 295.977951
-0.044867 -0.382935 169.993584
-0.000161 -0.001918 1.000000
-0.676959 -0.515494 295.951904
-0.424174 -0.372385 76.595225
-0.001159 -0.001080 1.000000
0.272913 -1.206209 375.455816
0.030539 -0.765227 -51.082920
0.000070 -0.002628 1.000000
-0.258232 -0.967914 307.157042
-0.116568 -0.461220 -43.733919
-0.000525 -0.001875 1.000000
-0.157571 -1.273405 -14.532367
-0.160402 -0.547711 -176.704669
-0.000405 -0.002076 1.000000
-0.415186 -1.181141 1135.880569
-0.105483 -0.539300 -21.530496
-0.000663 -0.001623 1.000000
0.168244 -2.179906 754.480550
0.128294 -1.196566 -594.471911
0.000282 -0.003504 1.000000
1.023426 -0.700127 13.822081
0.096970 0.586448 -48.790723
0.000281 -0.001296 1.000000
0.767070 0.041981 -119.507175
-0.125587 1.057521 -111.841145
-0.000600 0.000327 1.000000
0.080851 -0.864549 252.968517
-0.240293 -0.538326 271.305197
-0.000539 -0.001360 1.000000
0.187902 -1.393378 349.701770
-0.044753 -1.055016 248.015999
-0.000055 -0.002436 1.000000
0.311044 -1.370349 710.289772
0.054539 -0.646787 -344.183561
0.000268 -0.002507 1.000000
-0.148432 -1.114124 536.538354
-0.027932 -0.712206 -42.136178
-0.000071 -0.002145 1.000000
-6.058138 6.781627 -14185.748689
-3.925887 5.136248 977.844201
-0.011155 0.013672 1.000000
1.454691 -3.670954 -728.935274
1.651274 -4.434177 -1707.533476
0.003498 -0.009131 1.000000
0.143287 -1.474335 -24.344060
0.104963 -1.378161 -358.359067
0.000409 -0.003275 1.000000
-2.973545 2.395946 -1488.478435
-2.077514 1.287848 3984.897181
-0.004884 0.004226 1.000000
-0.004282 -1.259422 1528.169418
0.165134 -1.383272 -224.165293
0.000308 -0.003534 1.000000
-0.071396 -1.259134 956.869021
-0.017790 -0.807930 -204.655340
-0.000091 -0.002377 1.000000
-0.247718 -0.999433 224.610878
-0.115954 -0.791793 -135.995869
-0.000358 -0.002143 1.000000
0.114999 -0.948680 339.049555
-0.145480 -0.683710 333.836517
-0.000310 -0.001656 1.000000
-0.130228 -1.241295 338.182943
-0.242351 -1.143756 335.026077
-0.000511 -0.002217 1.000000
0.204837 -1.404965 80.597228
0.007325 -1.495259 -385.497692
0.000386 -0.003332 1.000000
1.156368 -3.476271 4496.384425
0.709180 -2.585231 -2740.891253
0.002184 -0.007050 1.000000
15.445222 -30.351787 -21247.717329
11.780872 -24.829009 -8829.093191
0.034263 -0.057401 1.000000
0.333610 -1.978128 -142.339702
0.060246 -1.596515 -319.863373
0.000383 -0.003472 1.000000
0.089349 -1.968120 -345.436855
0.053809 -1.395600 -43.337499
0.000175 -0.003262 1.000000
4.079274 -7.842058 -806.441882
2.563228 -4.209000 -2491.572746
0.008030 -0.014405 1.000000
-0.632898 -0.512556 1114.011239
-0.473508 -0.323307 1060.866812
-0.001216 -0.000930 1.000000
0.366504 -2.212605 -541.210816
0.163431 -1.533051 -159.478328
0.000722 -0.004343 1.000000
-0.587243 -0.544161 -59.181258
-0.423226 -0.265800 609.429487
-0.001223 -0.000775 1.000000
-0.001719 -1.033742 -478.411978
0.192175 -1.203879 -186.576899
0.000453 -0.003162 1.000000
3.087865 -4.110387 -731.255971
2.360110 -4.593908 -4484.889232
0.006747 -0.012001 1.000000
3.224315 -7.291654 -341.728161
1.240603 -3.070072 -3884.449285
0.004682 -0.010716 1.000000
-0.602372 -1.562058 -86.316656
-0.223366 -0.868091 124.842797
-0.000654 -0.002345 1.000000
-0.422002 -0.497413 -1117.372815
-0.447009 -0.357092 187.254258
-0.001142 -0.001046 1.000000
0.000919 -1.223020 -26.949481
0.219724 -1.112604 -429.735356
0.000344 -0.003323 1.000000
2.397953 -3.917457 -2490.344849
1.174610 -3.246809 -322.979674
0.003941 -0.007519 1.000000
-7.419160 8.702967 8343.220601
-6.860850 9.517144 5647.115760
-0.015056 0.016988 1.000000
0.002790 -1.025051 107.251250
-0.146472 -0.992844 -472.468292
-0.000228 -0.002377 1.000000
-0.113019 -0.963129 515.781489
-0.241714 -0.961078 -252.168187
-0.000324 -0.002444 1.000000
0.110925 -1.192949 -695.689552
0.017209 -0.741250 -319.026808
0.000281 -0.002903 1.000000
-1.013859 0.535630 -670.693330
-0.820227 0.360879 1506.052645
-0.002505 0.000972 1.000000
-0.423810 -0.700976 -488.724587
-0.379897 -0.532799 345.429489
-0.000929 -0.001277 1.000000
0.605939 -3.571457 -1881.107247
0.702080 -2.339853 -2608.359811
0.002266 -0.006688 1.000000
-0.567382 -0.419502 -438.549388
-0.505341 -0.450943 1029.558553
-0.001230 -0.001036 1.000000
1.032649 -2.332826 507.771843
0.734214 -1.491678 -1038.294297
0.001672 -0.004756 1.000000
0.368644 -1.895651 888.169049
0.238605 -1.043932 -545.022531
0.000630 -0.003102 1.000000
0.314199 -1.597860 -396.939937
0.253565 -1.185056 -438.049423
0.000707 -0.003414 1.000000
-0.452700 -0.829573 198.908054
-0.220999 -0.811133 -87.434268
-0.000769 -0.001614 1.000000
-1.111344 0.517819 1415.754438
-1.188353 0.650525 1542.592273
-0.002602 0.000778 1.000000
3.814158 -5.344559 1266.950981
1.967251 -3.891624 -5593.217698
0.006295 -0.010189 1.000000
0.739131 -3.060517 1511.122058
0.350852 -1.549641 -959.924673
0.000936 -0.004215 1.000000
1.040378 -3.156604 860.858367
0.674105 -2.196405 -1138.134527
0.001566 -0.005352 1.000000
0.164298 -1.967745 1978.346946
0.085181 -1.196880 -483.320305
0.000259 -0.003011 1.000000
-0.838484 -0.612338 1969.352325
-0.424850 -0.307206 942.225269
-0.001130 -0.000760 1.000000
-30.784924 32.091644 1883.997397
-12.715216 17.378099 27691.174822
-0.041505 0.053489 1.000000
1.634726 -3.627645 444.536642
0.828893 -2.178611 -970.382314
0.002263 -0.005812 1.000000
1.439079 -4.050174 1403.301046
0.147889 -2.096387 -809.031181
0.001481 -0.005910 1.000000
-0.405997 -0.713832 -2214.274034
-0.239409 -0.605393 42.652746
-0.000804 -0.001679 1.000000
-0.257166 -1.129804 1843.124561
-0.144380 -0.513715 198.153586
-0.000457 -0.001899 1.000000
44.259419 -52.893158 27064.842462
18.839016 -28.117396 -58463.688840
0.063189 -0.094648 1.000000
1.074819 -2.789867 928.837209
0.661092 -2.558167 -2099.724664
0.002158 -0.005755 1.000000
-1.361857 0.101563 1622.011631
-0.853798 0.362809 1280.478908
-0.002078 0.000928 1.000000
-1.040529 -0.280658 2496.498921
-0.691913 -0.004050 132.679162
-0.001512 -0.000138 1.000000
2.369777 -4.912419 1758.054359
0.462759 -1.319590 -178.042797
0.002719 -0.005735 1.000000
-2.649778 2.142690 -1228.697746
-1.271236 0.959612 1995.825616
-0.004241 0.003171 1.000000
0.615437 -1.833225 1161.524317
0.289367 -1.105941 -630.840248
0.001193 -0.004124 1.000000
-2.332300 2.249458 -835.609947
-2.903224 3.044104 2535.823034
-0.005789 0.006405 1.000000
-0.729807 -0.668649 1456.783128
-0.410266 -0.592554 285.373312
-0.000983 -0.001490 1.000000
0.454585 -2.043751 837.422453
0.260018 -1.216540 -1287.020105
0.001270 -0.004424 1.000000
-0.281345 -1.162886 6.696771
-0.140052 -0.751960 -452.731461
-0.000527 -0.002282 1.000000
2.772861 -6.167947 -2357.218176
1.201945 -3.278958 -3982.111965
0.006378 -0.012417 1.000000
-0.717479 -0.467227 1910.742473
-0.400035 -0.205173 -63.524473
-0.001275 -0.000940 1.000000
-0.625985 -0.708619 1132.248702
-0.251509 -0.334934 -140.604390
-0.000933 -0.001301 1.000000
-0.070466 -1.743884 1456.314069
-0.065838 -1.006299 -109.620810
-0.000056 -0.002803 1.000000
3.403683 -6.297036 3814.540108
1.976734 -4.746970 -1785.276584
0.005359 -0.013393 1.000000
-0.599384 -0.587359 1502.033000
-0.424027 -0.303552 1808.142442
-0.001349 -0.000902 1.000000
0.114872 -1.379122 519.994466
0.109709 -1.046155 -500.005166
0.000145 -0.002742 1.000000
-15.709675 24.036122 -6795.644667
-11.095417 20.704819 15671.801308
-0.030875 0.049779 1.000000
3.440487 -5.938003 -2227.862405
2.713321 -4.423535 -3859.846710
0.007375 -0.011205 1.000000
0.143567 -1.462211 320.647912
0.036570 -1.268730 -490.644682
0.000077 -0.002876 1.000000
0.719105 -2.248822 1244.410948
0.249361 -0.925679 -314.396792
0.001091 -0.003653 1.000000
1.677845 -3.401456 -857.356321
1.269042 -2.602579 -2137.936208
0.002547 -0.005997 1.000000
-0.981328 -0.442908 1240.381808
-0.418347 -0.317964 218.513185
-0.001148 -0.000843 1.000000
-0.671468 -0.889369 1061.588632
-0.224679 -0.639330 156.914203
-0.000826 -0.001639 1.000000
-1.313380 0.051693 1305.416828
-0.570042 -0.205915 342.615017
-0.001605 -0.000132 1.000000
-0.744115 -0.582487 1170.265722
-0.329098 -0.437069 268.660737
-0.000889 -0.001228 1.000000
-1.196046 0.000289 1518.463642
-0.412657 -0.118496 39.949454
-0.001743 -0.000394 1.000000
-0.037052 -1.702261 345.473590
-0.066033 -0.829760 -341.944947
0.000009 -0.002960 1.000000
-1.000764 -0.626361 1242.014635
-0.609633 -0.502963 419.729342
-0.001168 -0.001305 1.000000
-57.964021 68.234666 9987.065217
-13.920590 22.840907 19484.658346
-0.062873 0.094632 1.000000
27.827958 -33.518750 -96881.820124
12.979536 -27.383265 -6962.003658
0.045232 -0.073195 1.000000
0.181787 -1.523777 1074.100059
0.203533 -1.244447 -817.319006
0.000818 -0.003683 1.000000
-1.292086 0.051363 1955.788949
-0.727030 0.238921 840.455079
-0.002136 0.000447 1.000000
-0.645436 -0.652208 1255.250238
-0.453169 -0.554641 336.321357
-0.001038 -0.001236 1.000000
-0.262372 -1.203318 1038.607933
-0.120683 -0.838396 11.279624
-0.000170 -0.002172 1.000000
-0.634515 -0.758804 1921.935408
-0.415338 -0.486254 265.431486
-0.000987 -0.001165 1.000000
-0.742681 -0.681610 1775.331791
-0.562696 -0.365441 -268.852943
-0.001377 -0.000959 1.000000
-1.152274 -0.009912 1482.359184
-0.640004 -0.044445 491.924940
-0.002322 0.000610 1.000000
0.156443 -1.320375 4.876127
0.233694 -0.987892 -293.681105
0.000633 -0.003188 1.000000
-0.569094 -0.419351 1059.432267
-0.285492 -0.719340 -6.111916
-0.000702 -0.001542 1.000000
-0.219725 -1.196468 938.713671
-0.139416 -0.778247 21.729635
-0.000164 -0.002251 1.000000
0.351121 -1.721157 485.580147
0.259473 -1.494240 -349.138477
0.000460 -0.003800 1.000000
-0.010397 -1.355866 1316.249504
0.178116 -1.441277 68.973461
0.000102 -0.003084 1.000000
-96.660112 189.237704 12775.717067
-101.258700 235.505290 80171.955679
-0.186891 0.398546 1.000000
-0.450557 -0.559039 246.867100
-0.484042 -0.632449 -218.003717
-0.001073 -0.001285 1.000000
-0.289565 -1.177718 484.047312
-0.131137 -1.086416 81.643902
-0.000422 -0.002244 1.000000
0.540082 -2.415974 4707.458505
0.245147 -1.226327 -1337.395300
0.001147 -0.004671 1.000000
-0.218019 -0.905512 -55.229724
-0.098254 -0.390876 -319.503072
-0.000342 -0.001816 1.000000
-2.086105 1.627080 1037.067357
-0.927043 0.564603 1373.936102
-0.003009 0.002112 1.000000
0.185841 -1.354579 250.412110
-0.084815 -0.665027 140.279324
-0.000207 -0.002203 1.000000
-1.860266 0.644903 2322.541052
-0.815327 0.406028 675.223252
-0.003308 0.001535 1.000000
40.130393 -54.705585 -14838.968834
18.358615 -26.732509 -42908.501287
0.077175 -0.109082 1.000000
0.282009 -1.764609 739.700882
0.200583 -1.861014 117.628144
0.000347 -0.003434 1.000000
0.094109 -1.065693 437.141871
-0.022813 -0.901507 101.477236
-0.000069 -0.002363 1.000000
0.098096 -1.228489 701.320025
-0.026002 -1.121509 116.684596
0.000034 -0.002538 1.000000
-0.156200 -0.925801 380.538869
-0.225131 -0.965795 191.985250
-0.000404 -0.001966 1.000000
0.290183 -1.720021 873.259965
0.200286 -1.703011 173.430010
0.000430 -0.003411 1.000000
0.332606 -1.122360 111.599485
-0.119440 -0.457393 180.848531
0.000066 -0.002160 1.000000
-0.002743 -1.366510 650.950492
-0.149281 -1.014987 -135.205259
-0.000195 -0.002353 1.000000
393.647915 -732.095322 -680843.694296
447.893960 -509.158654 -330507.673495
1.236350 -1.713465 1.000000
0.894823 -2.647432 -1895.872316
0.878229 -1.713103 -544.320236
0.001892 -0.004731 1.000000
-1.521615 0.236363 470.573263
-1.273151 0.263922 1629.054872
-0.002977 0.000734 1.000000
0.684199 -2.134560 417.966663
0.389890 -1.223011 -376.888201
0.001110 -0.003510 1.000000
3.696925 -8.073052 4100.195886
3.010305 -6.390239 -2866.575699
0.006946 -0.013962 1.000000
0.278067 -1.896582 -211.185146
-0.001401 -1.343833 -702.543839
0.000179 -0.003257 1.000000
0.622542 -2.192609 538.317405
0.347985 -1.533055 -727.023800
0.001239 -0.004213 1.000000
21.764707 -32.411431 7018.068001
11.612621 -23.659854 -21041.579469
0.037034 -0.063638 1.000000
0.562353 -2.277376 2816.428199
0.611725 -2.422592 -999.061045
0.001980 -0.005602 1.000000
0.664624 -2.782029 53.720110
0.479599 -1.982159 -1148.810080
0.001018 -0.004871 1.000000
-1.976024 1.924173 -2178.619529
-1.561298 1.885328 2279.209128
-0.004687 0.004798 1.000000
-2.336171 2.092172 2091.878486
-1.716427 1.596243 2398.328191
-0.003801 0.003414 1.000000
-0.703740 -0.571937 -161.091589
-0.529081 -0.444064 159.945201
-0.001186 -0.000878 1.000000
1.025887 -3.873057 -4635.925562
1.379725 -3.285731 -1160.637392
0.003376 -0.008704 1.000000
