-0.134909 4.972333 1812.053673
-3.365735 4.082674 1011.787489
-0.008901 0.012096 1.000000
-0.502595 0.011662 744.023027
-0.604777 0.095402 -81.711413
-0.001950 0.000231 1.000000
-0.353591 -0.434682 942.630538
-0.452272 -0.319308 -374.578856
-0.001124 -0.001110 1.000000
-0.506505 -0.605645 -5.735058
-0.500209 -0.339262 -17.725189
-0.001219 -0.001030 1.000000
0.074779 -3.661749 -454.653135
3.024987 -4.028506 666.128958
0.004922 -0.008706 1.000000
-0.563805 0.000196 654.910853
-0.883690 0.211925 124.351299
-0.001988 0.000061 1.000000
-0.370122 -0.833962 455.689774
-0.186430 -0.433669 -284.003898
-0.000638 -0.001648 1.000000
-1.209059 4.095288 3609.821265
-4.651939 3.416607 3442.221335
-0.010889 0.012541 1.000000
-0.477710 -0.598623 233.595385
-0.401474 -0.460727 -151.632542
-0.001028 -0.001181 1.000000
-2.398955 8.263911 1704.784331
-3.789647 7.711434 3521.342545
-0.015526 0.021471 1.000000
0.363553 -2.064864 303.216853
0.322178 -1.348429 -740.448861
0.001201 -0.004356 1.000000
0.101613 -1.250822 203.875080
0.027375 -0.860929 -498.850178
-0.000056 -0.002560 1.000000
-0.054839 -1.517148 502.282896
-0.082511 -1.158044 -134.514731
-0.000158 -0.002626 1.000000
0.016574 -2.285705 818.279427
0.273617 -1.685095 -239.798087
0.000413 -0.003879 1.000000
-1.979060 1.129046 -713.734429
-1.591410 0.653091 566.239931
-0.003320 0.001610 1.000000
0.465962 -4.042558 304.766471
1.129388 -3.939649 -1911.526187
0.003235 -0.008137 1.000000
1.304727 -2.638091 -2112.538427
1.112844 -2.521186 95.898320
0.003738 -0.006965 1.000000
0.250208 -1.213936 -347.876569
0.078702 -1.251387 -67.790740
0.000395 -0.002950 1.000000
0.107112 -2.263624 -152.459840
0.180709 -1.546135 -484.573272
0.000692 -0.003581 1.000000
-22.271048 42.663460 66564.231776
-28.361017 33.106237 16144.676542
-0.069288 0.089278 1.000000
1.350987 -3.812206 -703.120563
2.416022 -4.745094 -1380.664748
0.004780 -0.009724 1.000000
-0.537534 -1.100562 -54.231632
-0.366326 -0.792805 -163.370204
-0.000839 -0.001740 1.000000
0.003202 -1.580585 568.945839
-0.019523 -1.183185 -835.977099
0.000316 -0.003436 1.000000
-0.200388 -0.897780 1018.760532
-0.124225 -0.805025 -559.020285
-0.000367 -0.002011 1.000000
0.165109 -1.479689 404.930531
0.106605 -1.793653 -353.116889
0.000070 -0.003300 1.000000
0.564544 -2.669892 754.761016
0.925597 -2.432545 -519.373321
0.001335 -0.004896 1.000000
-1.080273 0.031687 -382.188115
-1.050974 -0.043931 -28.151138
-0.002210 0.000242 1.000000
1.839029 -3.669809 1192.762661
1.155712 -2.827505 -2039.093627
0.002889 -0.007239 1.000000
-1.734315 2.147293 5755.705057
-1.488003 2.776499 -537.239948
-0.004675 0.004891 1.000000
-1.572054 0.763579 -374.542547
-1.399723 0.491074 467.468114
-0.002953 0.001358 1.000000
-1.077741 -0.144832 23.191559
-0.834403 -0.129849 56.987359
-0.001872 -0.000428 1.000000
-252.572731 536.861218 -93499.750043
-272.727847 467.416882 151424.986306
-0.526958 0.976278 1.000000
5.752529 -6.358430 363.091388
3.586765 -4.058098 -2068.271593
0.008600 -0.013038 1.000000
-1.531822 0.550032 179.137311
-1.092503 0.400484 432.952247
-0.002395 0.000727 1.000000
-2.589868 1.869452 -1235.728311
-2.253214 1.269082 1072.990060
-0.004523 0.003122 1.000000
0.836323 -0.301374 40.904648
0.092919 0.655527 -53.261006
0.000078 -0.000770 1.000000
-2.061624 0.927216 189.844959
-1.257270 0.483325 409.864223
-0.003011 0.001184 1.000000
1.699680 0.081679 -264.435769
0.270546 1.454866 -160.057213
0.000631 -0.000085 1.000000
2.384988 -0.919543 -294.585217
0.806589 0.457268 -30.115955
0.001606 -0.002000 1.000000
1.590734 -1.377646 -50.810238
0.442532 -0.365400 171.159704
0.000901 -0.002630 1.000000
0.766130 -0.602181 81.455709
0.116372 0.148277 160.264395
-0.000039 -0.001034 1.000000
0.719241 -0.760830 80.272449
-0.003455 -0.023567 257.280140
-0.000033 -0.001328 1.000000
0.421983 -0.504311 49.563246
-0.138819 -0.262282 319.778198
-0.000400 -0.001328 1.000000
1.000000 -0.000000 -0.000000
-0.000000 1.000000 0.000000
-0.000000 0.000000 1.000000
0.731683 -0.333656 88.663000
-0.040241 0.770696 45.570260
-0.000071 -0.000426 1.000000
-1.078257 0.544455 -230.067221
-1.237292 0.237829 459.820173
-0.002584 0.000568 1.000000
-0.397850 -0.023949 -54.401145
-0.739151 0.035782 428.678548
-0.001556 -0.000115 1.000000
-0.147640 -0.708458 305.493468
-0.235746 -0.731849 175.009258
-0.000656 -0.001726 1.000000
0.118357 -1.148709 338.617298
-0.155477 -0.870274 182.052979
-0.000302 -0.002180 1.000000
0.743527 -2.058495 442.210136
0.195541 -1.360749 -17.281375
0.000482 -0.003456 1.000000
-1.227333 0.410188 -151.809517
-0.950480 0.092049 434.827910
-0.002285 0.000340 1.000000
1.124019 -1.780391 317.563986
0.375610 -0.951530 143.803765
0.001053 -0.003117 1.000000
1.064534 -2.360475 485.358850
0.461515 -1.540701 -157.001670
0.001121 -0.004154 1.000000
-0.429230 -0.256871 31.179709
-0.484007 -0.282545 225.342951
-0.001240 -0.000879 1.000000
0.140013 -1.720222 255.489218
0.202881 -1.081660 -524.948515
0.000243 -0.002929 1.000000
-0.572601 -0.542534 119.688763
-0.440032 -0.415742 -267.716022
-0.001137 -0.001176 1.000000
1.055981 -2.028477 510.269916
0.348595 -0.570624 -203.316251
0.001388 -0.003745 1.000000
0.198892 -1.252886 362.890804
0.173593 -1.012233 -119.249317
0.000323 -0.003237 1.000000
-1.329297 0.524182 -181.757502
-1.195092 0.357916 461.788437
-0.002727 0.000903 1.000000
-6.392387 6.011992 -3058.973830
-5.392615 4.648866 6769.468433
-0.010593 0.011104 1.000000
0.042197 -1.022506 345.060857
-0.089349 -0.548368 -61.132466
-0.000239 -0.002174 1.000000
-0.442372 -0.719717 1216.347638
-0.449393 -0.636565 -8.156733
-0.001051 -0.001845 1.000000
0.381363 -1.223790 254.003251
0.094525 -0.736204 -292.803092
0.000228 -0.002923 1.000000
0.922013 -2.271436 1007.188927
0.979406 -1.553819 -371.330583
0.001821 -0.004660 1.000000
0.573280 -1.623870 503.661255
0.263455 -0.741513 -417.831290
0.000929 -0.003492 1.000000
0.078371 -1.289562 590.906808
0.166098 -1.167998 -166.282852
0.000117 -0.003109 1.000000
-0.138314 -1.237723 554.709419
-0.122252 -1.103536 -146.874585
-0.000374 -0.002309 1.000000
-0.883726 -0.294535 1819.606488
-0.759817 -0.075255 759.731487
-0.001893 -0.000456 1.000000
1.078344 -2.555309 889.056357
0.690453 -1.915501 -600.785985
0.001660 -0.005269 1.000000
-1.251763 -0.471279 -3030.769480
-0.915451 -0.056329 3033.117600
-0.002181 -0.000283 1.000000
-0.112370 -1.464829 589.509770
-0.044609 -1.105204 -199.092160
-0.000216 -0.002622 1.000000
-0.889453 -0.715980 1053.815879
-0.617259 -0.601496 202.937409
-0.001249 -0.001291 1.000000
-0.326378 -1.117069 201.802753
-0.202495 -0.717158 -299.773243
-0.000595 -0.002194 1.000000
-2.232148 1.453180 -204.786668
-1.550479 0.708927 603.148065
-0.003565 0.002132 1.000000
0.678078 -1.880911 553.459250
0.345471 -1.241193 -56.702016
0.000539 -0.003391 1.000000
0.277814 -0.684994 103.878699
-0.150862 -0.518084 306.784697
-0.000348 -0.001550 1.000000
0.390442 -1.544613 529.539925
-0.020760 -0.787760 -2272.211798
0.000288 -0.003691 1.000000
-3.218162 3.143098 204.223132
-1.918528 1.493177 2653.992630
-0.004619 0.004403 1.000000
-0.674784 -0.746301 1058.786283
-0.620303 -0.465769 -33.049765
-0.001318 -0.001293 1.000000
-0.162212 -1.120914 853.762542
-0.063486 -0.708508 -94.582715
-0.000343 -0.002002 1.000000
0.940636 -2.594591 758.304390
0.285846 -1.477140 -873.008795
0.000897 -0.004218 1.000000
-0.416916 -1.074039 1057.520959
-0.212832 -0.827759 117.001852
-0.000535 -0.001822 1.000000
-0.906414 -0.638228 993.565230
-0.742645 -0.486409 214.845226
-0.001384 -0.001073 1.000000
-0.879091 -0.815565 1174.353238
-0.452675 -0.709258 178.008988
-0.001230 -0.001438 1.000000
-0.110447 -0.923298 -5.296885
-0.065818 -0.532165 -71.074713
-0.000564 -0.002024 1.000000
-0.027034 -1.265836 1451.321484
-0.002216 -0.680917 -386.775858
-0.000143 -0.002618 1.000000
-1.101196 -0.910584 1428.803482
-0.695275 -0.157525 -374.626603
-0.001524 -0.001099 1.000000
-0.845379 0.211112 -1179.715004
-0.905194 0.036885 -350.820149
-0.001842 -0.000163 1.000000
-0.396213 -0.525821 76.075453
-0.234079 -0.386102 -124.673747
-0.000909 -0.001415 1.000000
-1.045049 -0.435339 1124.611448
-0.694429 -0.242410 -6.173888
-0.001569 -0.000622 1.000000
-0.453477 -1.040540 744.878809
-0.359090 -1.007703 145.369692
-0.000657 -0.002270 1.000000
-0.625527 -1.064457 673.786691
-0.260941 -0.691814 45.352737
-0.000763 -0.001756 1.000000
-0.481720 -1.329035 863.120127
-0.377949 -0.863310 58.928864
-0.000760 -0.002043 1.000000
-0.940068 0.145865 704.998118
-0.647927 0.050533 -666.728542
-0.001816 -0.000204 1.000000
-2.845282 2.997108 679.433803
-1.917605 1.886025 2240.832531
-0.004240 0.004891 1.000000
-0.437044 -0.908475 1301.404042
-0.405865 -0.619490 -212.584847
-0.000965 -0.001729 1.000000
0.277452 -1.931401 -541.084727
0.252387 -1.239985 -1545.734953
0.000579 -0.003329 1.000000
0.167759 -2.455141 -1603.419693
0.321738 -1.443464 -663.001746
0.000753 -0.004050 1.000000
-0.270452 -1.243958 1054.285956
-0.056737 -0.957892 -714.332237
-0.000203 -0.002262 1.000000
-0.797898 -0.457657 1258.321346
-0.648890 -0.521648 307.205161
-0.001310 -0.000910 1.000000
-0.647783 -0.923493 986.033192
-0.571281 -0.759644 -40.400656
-0.000986 -0.001693 1.000000
-0.450890 -1.012744 1106.567101
-0.269785 -0.875308 47.118891
-0.000810 -0.002227 1.000000
-0.813772 -0.510439 1540.015994
-0.649606 -0.255085 252.859423
-0.001381 -0.000776 1.000000
26.275886 -33.912779 18486.863684
22.301860 -24.744583 -21122.675896
0.042795 -0.055997 1.000000
0.160426 -1.459392 646.714061
0.171284 -1.333969 -69.144428
0.000427 -0.003197 1.000000
-0.705929 -0.809482 375.640814
-0.556005 -0.670842 -7.397354
-0.001133 -0.001354 1.000000
-0.724850 -0.387397 729.674327
-0.535227 -0.384873 -150.140982
-0.001309 -0.001019 1.000000
-1.047393 -0.327230 1034.650379
-0.628728 -0.236254 -2.162133
-0.001472 -0.000679 1.000000
-0.433045 -0.850853 1060.482182
-0.381611 -0.814264 -34.408667
-0.000712 -0.002094 1.000000
-0.309688 -1.329058 -299.639337
-0.301823 -0.885764 10.069302
-0.000588 -0.002231 1.000000
-0.127478 -1.521214 1314.746818
0.232806 -1.292617 -533.301157
0.000080 -0.003067 1.000000
5.007987 -6.319042 -6653.888596
3.221390 -4.206272 -4301.222064
0.008609 -0.012442 1.000000
0.106191 -1.533910 3365.818299
0.252785 -1.338560 -108.129860
0.000517 -0.003704 1.000000
-0.065398 -1.265947 565.905360
-0.077601 -0.890010 -71.672170
-0.000142 -0.002388 1.000000
0.354801 -1.929146 1151.365704
0.313578 -1.142150 -250.150694
0.000836 -0.003518 1.000000
-0.106011 -1.417917 476.754938
0.062411 -0.934674 -292.199770
0.000023 -0.002601 1.000000
-3.788405 3.766618 4089.781272
-3.355151 3.556104 852.028166
-0.006640 0.006683 1.000000
-15.558492 23.968468 7316.206238
-14.311760 19.215745 -20571.824018
-0.037378 0.044130 1.000000
-1.188805 0.406089 -863.177859
-1.062257 0.476671 226.006691
-0.002570 0.001097 1.000000
-0.522502 -0.784094 -635.228433
-0.282084 -0.470581 29.578025
-0.000940 -0.001569 1.000000
-1.200331 0.310055 -1420.408637
-1.051775 0.397197 -155.300317
-0.002922 0.001444 1.000000
3.866330 -5.560042 1136.013379
3.436234 -4.454599 -6552.286642
0.006458 -0.010167 1.000000
-0.409901 -0.579000 -464.965519
-0.444755 -0.575083 -199.021632
-0.000974 -0.001238 1.000000
0.348533 -2.640550 -414.266490
0.197596 -1.588693 -524.863167
0.000485 -0.003823 1.000000
-0.979208 -0.463024 -520.204557
-0.861638 -0.215731 328.963935
-0.001688 -0.000558 1.000000
1.198480 -2.959727 -159.763774
1.133115 -2.237710 -1762.681061
0.002167 -0.005399 1.000000
-0.274819 -1.013669 313.369881
-0.312446 -0.880497 -235.777861
-0.000657 -0.002076 1.000000
-0.315271 -1.061309 -266.727336
-0.413402 -0.951998 -560.200047
-0.000777 -0.001949 1.000000
0.205547 -2.103176 2522.335858
0.552354 -2.104615 -1370.789787
0.000767 -0.004740 1.000000
1.202912 -3.265530 1835.834848
1.241001 -3.085802 -1228.121592
0.002293 -0.006380 1.000000
-0.214728 -1.653972 -370.857203
0.066732 -1.063199 -423.513719
-0.000111 -0.002523 1.000000
-0.024436 -1.219462 -331.409998
-0.024982 -0.958925 -1070.362179
-0.000228 -0.002443 1.000000
0.222381 -1.234432 -712.444157
0.010494 -1.121731 -602.871848
0.000344 -0.002925 1.000000
-0.648389 -0.368076 807.445558
-0.505420 -0.561180 -148.645062
-0.001343 -0.001230 1.000000
-0.052386 -1.112930 1432.935069
-0.028192 -1.235661 145.363325
-0.000109 -0.002351 1.000000
0.318715 -1.894286 1458.995769
0.104709 -1.277736 51.055544
0.000673 -0.003744 1.000000
-0.015633 -2.057116 364.525789
-0.010273 -1.676814 -414.150989
0.000163 -0.003624 1.000000
0.015438 -1.403103 363.156619
0.008539 -1.194935 -414.404550
-0.000234 -0.002813 1.000000
-1.951103 1.541550 -2374.565919
-1.244421 0.910878 1181.714724
-0.003499 0.002109 1.000000
-2.871360 1.898012 2854.731662
-2.038599 1.686313 1573.040905
-0.004274 0.003269 1.000000
0.271693 -2.174444 1882.143765
0.587455 -1.546200 -921.773559
0.001074 -0.004396 1.000000
-0.384802 -0.752432 -493.093253
-0.252831 -0.608713 -755.795203
-0.000738 -0.001544 1.000000
-2.459093 2.065664 6476.395418
-2.141727 1.801681 -437.646477
-0.005006 0.003899 1.000000
-0.997964 -0.589781 -1002.241770
-0.520212 -0.176332 -1263.646654
-0.001778 -0.000849 1.000000
-14.313754 14.447748 26064.995571
-9.583696 10.583273 6798.505782
-0.026294 0.031937 1.000000
-0.142566 -1.007898 -284.063981
-0.153355 -0.793190 -709.597383
-0.000312 -0.002090 1.000000
-0.481590 -1.031380 -444.291363
-0.182922 -0.612838 -246.620833
-0.000776 -0.001743 1.000000
-0.537083 -1.138736 -430.728583
-0.258735 -0.681117 -737.158055
-0.000736 -0.001870 1.000000
-0.198312 -1.210769 -93.427958
-0.236976 -0.929052 667.156026
-0.000539 -0.001841 1.000000
-1.040201 -0.283260 1150.619544
-0.941438 -0.244833 -379.527146
-0.001873 -0.000143 1.000000
-0.422757 -0.487819 -27.792131
-0.443018 -0.484651 -631.517147
-0.001101 -0.001431 1.000000
-1.781083 1.569912 1058.564921
-1.517237 1.110040 -1437.355740
-0.004272 0.003031 1.000000
0.922793 -2.895468 -2169.466496
0.488329 -1.770002 1281.515612
0.001113 -0.004529 1.000000
-1.166700 -0.093089 1226.283197
-0.705462 -0.021730 -326.495619
-0.001922 -0.000088 1.000000
-1.188272 0.017453 1852.757947
-0.827920 0.164259 -364.351012
-0.002186 0.000212 1.000000
0.544121 -2.545200 1722.030176
0.540375 -1.539345 -392.903055
0.001141 -0.004353 1.000000
4.041651 -7.782802 -4874.664088
1.572952 -4.168389 14281.937779
0.007241 -0.014097 1.000000
1.330357 -3.308475 -2454.937502
1.242671 -2.138765 -588.564196
0.002848 -0.007626 1.000000
-0.334433 -0.969951 -151.553054
-0.174941 -0.594860 590.475578
-0.000649 -0.001805 1.000000
-12.551107 19.904772 -20687.887434
-16.046196 19.026142 7599.829009
-0.030904 0.038569 1.000000
-0.273215 -0.689654 498.929622
-0.365028 -0.730683 -237.840181
-0.000904 -0.001603 1.000000
-2.479956 2.693963 -657.046358
-2.356120 1.685712 2285.401194
-0.006204 0.004860 1.000000
-0.567363 -0.694108 1460.293838
-0.400571 -0.384316 -147.652735
-0.001061 -0.001167 1.000000
-2.203860 1.653781 1405.153776
-1.600994 1.002951 -1291.981040
-0.003978 0.003041 1.000000
-1.448888 0.088889 -1295.967513
-1.103687 0.341743 -1065.561917
-0.002502 0.000713 1.000000
0.758910 -2.149981 333.735219
0.904893 -2.933746 -1429.353006
0.001836 -0.005895 1.000000
0.960745 -2.542825 -2293.098916
0.443559 -2.103269 -1537.885624
0.001558 -0.005060 1.000000
-3.152554 3.634678 -5308.241833
-2.902133 2.889512 -717.181362
-0.006218 0.006703 1.000000
-0.098282 -1.679789 1802.874522
0.019291 -1.091764 -194.299787
0.000152 -0.003534 1.000000
0.433745 -1.903587 702.547117
0.266334 -1.365421 -448.564158
0.000790 -0.003732 1.000000
-1.079037 0.048238 1944.519746
-1.134577 0.379757 30.476713
-0.002257 0.000500 1.000000
-0.179443 -1.676775 445.143666
0.068365 -1.571053 -122.409291
0.000095 -0.003092 1.000000
2.865851 -5.418477 -4969.355564
3.342313 -5.970792 -2562.369122
0.005431 -0.011704 1.000000
0.387719 -1.671833 3620.154128
0.265023 -1.548619 2217.464865
0.000394 -0.003503 1.000000
-1.101379 -0.160333 -405.805295
-0.845698 -0.022619 10.496363
-0.001723 -0.000552 1.000000
-0.295351 -0.898463 295.567504
-0.166681 -1.200637 -135.286710
-0.000629 -0.002107 1.000000
-3.110956 2.901154 -2827.650667
-3.377458 2.805757 -4509.112070
-0.006177 0.005219 1.000000
0.549900 -2.138126 5533.071593
0.378214 -1.466554 75.478584
0.000871 -0.003664 1.000000
0.334027 -1.739638 -1206.659590
0.443272 -1.586600 948.351569
0.000383 -0.003503 1.000000
-0.282960 -0.443282 -360.291913
-0.349979 -0.468553 -126.201052
-0.000962 -0.001436 1.000000
-0.425106 -0.775204 -122.130345
-0.263271 -0.882035 -1621.132227
-0.000756 -0.002017 1.000000
-1.751467 1.030071 2381.008485
-1.849587 1.250558 -582.601011
-0.003651 0.002227 1.000000
-0.627578 -0.577995 1304.212263
-0.440640 -0.377273 570.580078
-0.001202 -0.001182 1.000000
-1.854051 1.024015 816.554247
-1.220761 0.653799 1750.598232
-0.003136 0.001867 1.000000
4.952773 -10.706778 70.534590
6.037578 -9.655847 -6614.722536
0.013973 -0.024266 1.000000
-0.865374 -0.126196 -128.930168
-0.890461 0.192104 -290.735565
-0.001809 -0.000261 1.000000
4.374582 -7.143729 -6058.416978
3.593757 -5.698806 2348.277556
0.006437 -0.014238 1.000000
0.435891 -1.369598 233.835255
0.783427 -2.333851 -640.173814
0.000977 -0.004446 1.000000
0.149860 -1.532037 197.644029
0.027937 -1.620928 -357.114695
0.000047 -0.003357 1.000000
1.023588 -3.075937 -3244.183198
0.721476 -2.295602 -394.671439
0.001726 -0.005723 1.000000
0.790893 -2.793845 1835.804922
0.748893 -1.923673 -1971.155157
0.001326 -0.004314 1.000000
-0.324655 -0.580764 -1394.900843
-0.363184 -0.357157 358.782106
-0.000928 -0.001193 1.000000
-0.503733 -0.456560 -459.351747
-0.540850 -0.257024 219.913736
-0.001165 -0.000962 1.000000
0.419675 -2.370605 3429.772265
1.047814 -2.111982 -2693.625898
0.001591 -0.005472 1.000000
-1.071249 0.186000 486.077380
-0.820561 -0.115271 1722.748904
-0.001856 -0.000264 1.000000
-1.264311 0.791117 1622.412916
-1.057881 0.489676 -2188.686958
-0.002720 0.001230 1.000000
-1.517012 0.474248 -1599.398807
-1.132005 0.079618 667.385850
-0.003265 0.001340 1.000000
-0.209601 -1.203397 857.163846
-0.108510 -0.607994 -626.504789
-0.000360 -0.002010 1.000000
-0.901283 0.455673 -1474.165941
-1.613280 0.668475 1348.343657
-0.003168 0.001485 1.000000
0.186898 -1.019766 -726.354120
0.222742 -1.335845 574.455468
0.000393 -0.002820 1.000000
-0.519676 -0.899775 -22.541230
-0.156244 -0.577165 1017.446813
-0.000606 -0.001675 1.000000
-8.509869 13.077229 4090.772970
-6.613325 10.784059 -5810.835812
-0.017592 0.022564 1.000000
0.057115 -2.153929 1985.344488
0.212704 -1.628224 20.217254
0.000030 -0.004157 1.000000
2.269401 -6.581988 1087.144183
3.344350 -5.751939 4864.357988
0.005546 -0.011599 1.000000
-0.542481 -0.512288 491.474688
-0.552122 -0.568034 -35.236971
-0.001054 -0.001264 1.000000
-1.147616 0.207557 1754.891404
-0.966988 0.045616 249.690935
-0.002032 -0.000009 1.000000
-1.574206 0.621095 2698.526368
-1.152923 0.564922 875.365766
-0.002547 0.000969 1.000000
-0.726292 -0.787359 1307.268494
-0.460417 -0.286621 -139.318629
-0.001136 -0.001154 1.000000
5.470883 -13.938001 -13657.431737
10.038880 -17.544027 6827.049194
0.016845 -0.030639 1.000000
-0.753140 -0.356645 1627.077289
-0.483263 -0.245250 -280.383010
-0.001364 -0.000741 1.000000
-1.017719 -0.030505 -2087.830460
-0.770713 -0.038357 606.665993
-0.001782 -0.000049 1.000000
4.391941 -10.030997 20166.243044
4.016794 -7.512665 4733.832662
0.009157 -0.019380 1.000000
-1.673788 0.756974 2789.993228
-1.120594 0.554652 641.885818
-0.002966 0.001600 1.000000
-1.767918 1.412733 740.071214
-1.614347 1.442775 1354.545825
-0.003326 0.002740 1.000000
-0.471520 -1.004687 -1048.910999
-0.324790 -0.652085 -586.829679
-0.000842 -0.001846 1.000000
-1.058454 -0.132697 1515.817947
-0.657237 0.158879 319.874205
-0.001594 -0.000212 1.000000
-0.423813 -1.552828 127.296333
-0.105245 -0.864391 1129.575898
-0.000380 -0.002379 1.000000
-1.679796 0.862559 2882.960507
-0.730599 0.366390 -938.551448
-0.002906 0.001482 1.000000
-0.566734 -0.522428 1151.750797
-0.494125 -0.402438 1413.162273
-0.001157 -0.000903 1.000000
0.149134 -1.675262 1637.572004
0.185942 -1.421304 1377.236807
0.000221 -0.002691 1.000000
-0.425528 -1.117251 1882.323279
-0.011280 -0.757229 951.530473
-0.000614 -0.001932 1.000000
-2.233364 1.046352 3409.164587
-1.466414 1.267154 -284.344338
-0.003576 0.002414 1.000000
-0.152128 -2.298459 -2786.128215
0.089874 -1.348556 173.738635
-0.000106 -0.003453 1.000000
-0.430090 -1.207256 -468.832544
-0.051753 -0.573951 -1149.677388
-0.000598 -0.001985 1.000000
0.668511 -1.601649 -278.226693
0.209641 -0.839932 -405.604625
0.000840 -0.003520 1.000000
-0.302157 -1.639866 2263.688837
0.055045 -1.006302 -372.733722
-0.000036 -0.002734 1.000000
-0.668752 -0.740119 1303.501716
-0.362432 -0.258930 -79.525826
-0.001057 -0.001229 1.000000
-13.650250 17.650587 -9962.612959
-8.025347 10.343345 11429.348402
-0.022068 0.028411 1.000000
-0.303066 -1.326218 702.697519
-0.009287 -1.200562 -557.140206
-0.000448 -0.002493 1.000000
0.530817 -1.821281 821.676077
0.871474 -2.414830 -561.870736
0.001111 -0.004580 1.000000
0.314017 -2.215699 1074.747039
0.340201 -1.526281 -650.713592
0.000289 -0.003545 1.000000
0.193324 -1.577202 1457.665991
0.297989 -1.333430 -424.769218
0.000438 -0.003159 1.000000
-1.939221 0.917172 -646.443918
-1.673034 0.675754 1922.566891
-0.003809 0.001839 1.000000
-0.543513 -0.486846 714.696895
-0.473228 -0.413553 1249.115226
-0.001180 -0.001157 1.000000
-0.656205 -0.736144 1381.768080
-0.351419 -0.479150 -315.654909
-0.001148 -0.001490 1.000000
-0.782774 -0.310108 1473.413595
-1.041153 0.181024 308.477811
-0.001970 -0.000348 1.000000
0.010765 -1.044793 -1889.292191
-0.086573 -0.917355 -1100.938235
-0.000116 -0.002414 1.000000
2.810737 -4.303900 -2171.431315
4.976846 -6.721397 9677.624017
0.008887 -0.013476 1.000000
-0.174389 -1.089905 895.509772
-0.234162 -0.618195 1014.342026
-0.000972 -0.001350 1.000000
-1.803010 1.868632 -8435.304857
-3.170529 3.466203 -3150.134326
-0.006915 0.007238 1.000000
-0.654527 -0.185765 1108.444011
-0.513634 -0.096214 1494.659286
-0.001405 -0.000526 1.000000
-0.635359 -0.415362 1538.779532
-0.462827 -0.259678 401.249350
-0.001114 -0.000845 1.000000
-0.848096 0.004283 586.945460
-0.433479 -0.025697 -147.518295
-0.001461 -0.000377 1.000000
0.532093 -2.007797 421.603846
0.532172 -1.486965 -683.840063
0.000761 -0.003365 1.000000
-1.082967 -0.005802 2068.358051
-0.698956 0.038317 372.239062
-0.001689 -0.000180 1.000000
-0.494524 -0.724872 553.934685
-0.530615 -0.686788 -125.705781
-0.001092 -0.001366 1.000000
-0.380501 -1.011194 345.747845
-0.305808 -0.983622 74.204177
-0.000642 -0.002131 1.000000
0.171851 -1.810249 -186.064446
0.575569 -1.976798 -310.791766
0.000918 -0.004048 1.000000
-0.287787 -0.851138 861.083240
-0.196940 -0.948415 -111.539578
-0.000569 -0.002035 1.000000
-0.093460 -1.440946 260.092326
0.281592 -1.395595 -637.928126
0.000390 -0.003592 1.000000
7.367109 -8.067060 -6053.946253
9.397052 -12.562110 -6256.645853
0.016779 -0.025614 1.000000
-0.042460 -0.751326 -149.552748
0.032305 -1.148955 -365.828611
-0.000031 -0.002269 1.000000
-0.845507 -0.097324 -555.495581
-0.616255 -0.217661 -289.915582
-0.001703 -0.000485 1.000000
0.556139 -2.320157 -51.420585
0.588821 -2.003333 -254.394714
0.000821 -0.004063 1.000000
0.395250 -1.576525 3267.320875
0.533984 -1.901814 20.118096
0.000915 -0.003941 1.000000
-0.814221 -0.476726 -278.472965
-0.825348 -0.384008 -187.927661
-0.001571 -0.000820 1.000000
-0.133869 -1.230286 668.909925
-0.047314 -1.220067 36.705203
-0.000305 -0.002255 1.000000
-37.778784 43.065654 31383.164470
-42.250344 44.358851 15523.816552
-0.072373 0.079333 1.000000
-0.561641 -0.927942 415.870952
-0.171735 -0.290833 -437.106605
-0.000835 -0.001487 1.000000
-0.767252 -0.675728 711.286583
-0.285852 -0.266616 -71.460386
-0.001140 -0.000951 1.000000
-0.540466 -1.259950 857.140402
-0.071389 -0.406702 -171.625226
-0.000704 -0.001825 1.000000
-0.601496 -0.456062 -946.289904
-0.336707 -0.234421 -572.168225
-0.001239 -0.000925 1.000000
-0.407718 -0.971864 -2158.101276
-0.146636 -0.646090 -432.932122
-0.000590 -0.001746 1.000000
1.837257 -4.535173 -1600.621641
1.376323 -3.515544 -1179.787638
0.003007 -0.007701 1.000000
-12.508784 10.035068 8050.614404
-12.204985 9.463890 9951.683177
-0.025658 0.023893 1.000000
0.419993 -1.982066 434.984107
0.467166 -1.430015 -808.530160
0.001084 -0.003607 1.000000
3.409566 -6.606353 3206.491119
5.088741 -7.587755 -2581.718368
0.008392 -0.013716 1.000000
0.241322 -1.609978 -67.826571
0.389291 -1.810917 -1.064633
0.000484 -0.003412 1.000000
-1.242639 0.293135 1338.327187
-1.145545 0.295543 203.732516
-0.002228 0.000319 1.000000
0.616582 -2.389507 191.389041
0.239631 -0.947970 -464.602665
0.000755 -0.003743 1.000000
0.793191 -2.485455 2851.778097
0.524576 -1.864723 -457.546364
0.001110 -0.003931 1.000000
-0.380233 -0.935209 -414.253644
-0.355042 -0.513633 -20.228217
-0.000806 -0.001521 1.000000
-1.464540 0.949635 -1045.926880
-0.812214 0.481003 484.596019
-0.002224 0.001020 1.000000
0.219856 -1.655889 -784.277001
0.265881 -1.501114 1677.119742
0.000239 -0.003408 1.000000
-0.295296 -1.038824 628.416103
-0.071265 -0.883808 -326.607831
-0.000585 -0.002028 1.000000
-0.430456 -0.925268 111.458289
-0.307202 -0.977606 52.400514
-0.000776 -0.001827 1.000000
-3.029158 2.511283 -5373.048627
-2.243984 1.966115 2971.128944
-0.005219 0.004418 1.000000
-1.025578 -0.148215 -132.344189
-0.719001 0.089880 544.392276
-0.001995 -0.000381 1.000000
-1.902297 0.855226 681.302934
-1.343926 1.220095 -1829.423711
-0.003318 0.001924 1.000000
0.518847 -2.457777 617.862965
0.360040 -1.718286 -302.199432
0.000839 -0.004066 1.000000
1.371065 -3.316392 1252.205032
1.085818 -2.527598 -849.969710
0.002586 -0.006174 1.000000
0.464919 -1.782163 485.443857
0.198145 -1.110738 -138.091164
0.000653 -0.003217 1.000000
0.838727 -2.263299 -814.492499
0.551121 -1.742533 -182.860940
0.000958 -0.004337 1.000000
31.361004 -42.666320 -21871.393977
21.827444 -35.005081 -7318.385541
0.032754 -0.060880 1.000000
-1.183579 0.280964 -452.244157
-1.012813 0.323077 37.648794
-0.002097 0.000247 1.000000
