-0.245359 -1.153059 375.202576
-0.179286 -0.892370 69.657853
-0.000446 -0.002108 1.000000
-0.119116 -0.544825 338.344623
-0.186467 -0.673679 32.728114
-0.000555 -0.001771 1.000000
-0.354111 -0.465797 202.280974
-0.263295 -0.457695 93.390901
-0.000889 -0.001224 1.000000
-0.063202 -0.987164 -608.279693
-0.281883 -1.101256 -135.242693
-0.000432 -0.002275 1.000000
-0.219899 -1.234477 116.545958
-0.417832 -1.156412 275.616165
-0.000595 -0.002312 1.000000
-0.122174 -1.073711 266.527173
-0.104194 -0.781469 41.969408
-0.000284 -0.002228 1.000000
-0.102437 -0.542307 67.126102
-0.052002 -0.604098 44.547169
-0.000327 -0.002024 1.000000
-0.278262 -1.178759 465.220179
-0.149756 -0.816366 -110.233617
-0.000613 -0.002220 1.000000
0.008564 -0.728605 130.213507
-0.385596 -1.067947 266.495261
-0.000477 -0.002188 1.000000
-0.331733 -1.118961 852.489241
-0.113790 -0.621786 12.616135
-0.000538 -0.001845 1.000000
-0.246997 -1.161433 344.108069
-0.015991 -0.632107 -0.372609
-0.000300 -0.002069 1.000000
-0.029498 -0.881991 8.535139
-0.095697 -0.682548 12.957043
-0.000275 -0.002248 1.000000
4.922556 -8.651286 6614.967274
2.158502 -6.161405 -1073.275775
0.006482 -0.014272 1.000000
-0.425877 -0.818748 472.367306
-0.169595 -0.939659 -84.114662
-0.000675 -0.001923 1.000000
-0.161981 -0.719469 372.557167
-0.116472 -0.662773 -65.594879
-0.000524 -0.001706 1.000000
-0.155121 -1.050297 368.640791
-0.244117 -0.921563 143.977736
-0.000585 -0.002074 1.000000
-0.144546 -0.885538 501.850378
-0.187206 -0.649199 4.316144
-0.000506 -0.001881 1.000000
-0.201405 -0.625469 138.182219
-0.195965 -0.632091 45.812981
-0.000770 -0.001690 1.000000
-0.361151 -0.658887 191.537138
-0.282211 -0.545397 156.499721
-0.000878 -0.001479 1.000000
-0.612852 -0.564938 289.481229
-0.462287 -0.557516 75.179450
-0.001235 -0.001284 1.000000
-0.148057 -0.867027 231.615901
-0.196983 -0.716835 54.239887
-0.000547 -0.001880 1.000000
-0.213631 -0.879419 446.206196
-0.206890 -0.687515 -258.074257
-0.000483 -0.001726 1.000000
-0.645635 -0.610306 1200.060670
-0.338467 -0.486907 277.503669
-0.000910 -0.001286 1.000000
-0.272236 -1.970524 583.823881
-0.145346 -1.167055 180.819344
-0.000124 -0.002792 1.000000
-0.262006 -0.167135 191.685452
-0.307391 -0.433906 -18.456209
-0.001087 -0.001158 1.000000
-0.057231 -0.582627 204.391195
-0.160796 -0.675926 26.989336
-0.000570 -0.001782 1.000000
-0.238420 -0.822599 85.243198
-0.288496 -0.900817 174.115924
-0.000715 -0.001875 1.000000
-0.097932 -0.789078 171.330777
-0.144049 -0.910313 80.883161
-0.000299 -0.002148 1.000000
-0.305494 -1.532327 586.025654
-0.305265 -1.433291 285.689701
-0.000333 -0.002538 1.000000
-0.190923 -0.688763 396.587190
-0.118051 -0.563121 -19.235754
-0.000575 -0.001664 1.000000
-0.470142 -0.752468 289.553715
-0.362994 -0.610142 -213.682668
-0.000972 -0.001437 1.000000
-0.365642 -1.099010 258.123057
-0.153394 -0.632992 -55.478332
-0.000727 -0.001802 1.000000
-0.344786 -1.012503 611.990764
-0.122599 -0.758229 45.313413
-0.000552 -0.002022 1.000000
-0.109421 -0.773632 -83.750882
-0.164379 -0.976114 -178.074160
-0.000587 -0.002115 1.000000
-0.061630 -1.092858 520.771845
-0.141439 -0.999888 -126.697906
-0.000323 -0.002243 1.000000
0.008153 -0.839313 467.181017
-0.136862 -0.754487 -23.390879
-0.000082 -0.002295 1.000000
-0.274136 -0.869507 455.310156
-0.226943 -0.806034 4.614754
-0.000567 -0.002000 1.000000
0.071183 -0.915721 106.181400
0.066943 -0.809251 -188.643915
-0.000035 -0.002445 1.000000
-0.149657 -0.932838 122.672497
-0.165012 -0.740415 64.777764
-0.000365 -0.002186 1.000000
-0.413197 -0.439202 553.889990
-0.208279 -0.434627 -93.716589
-0.000892 -0.001331 1.000000
-0.173287 -0.778947 488.351515
-0.125130 -0.469982 33.052405
-0.000589 -0.001719 1.000000
-0.184364 -0.975990 -87.010947
-0.098955 -0.900516 -76.943764
-0.000322 -0.002239 1.000000
-0.223508 -0.577547 94.696643
-0.124323 -0.451590 -37.973911
-0.000808 -0.001627 1.000000
-0.118476 -0.784811 303.229140
-0.154787 -0.806636 -51.591899
-0.000385 -0.002244 1.000000
-0.163856 -0.821638 -112.783000
-0.118330 -0.874217 -125.663692
-0.000441 -0.002144 1.000000
0.580347 -1.741221 -1371.421118
0.097600 -1.676683 -180.473598
0.000958 -0.003966 1.000000
-0.097401 -0.687083 445.148120
-0.198815 -0.724951 18.178413
-0.000379 -0.001951 1.000000
-0.206537 -0.500815 167.296148
-0.198835 -0.428836 -44.385269
-0.000762 -0.001446 1.000000
-0.041599 -0.674985 221.909442
-0.102848 -0.638964 -168.749543
-0.000602 -0.002012 1.000000
0.118722 -1.215734 107.099289
0.188453 -0.796788 -186.461165
0.000071 -0.002661 1.000000
-0.557229 -0.583466 1133.869391
-0.297644 -0.267587 -22.015421
-0.001150 -0.001079 1.000000
-0.118816 -0.452091 -58.035842
-0.183133 -0.591668 -17.546156
-0.000535 -0.001707 1.000000
-0.223263 -0.862312 399.302309
-0.128515 -0.524015 -152.425636
-0.000446 -0.001807 1.000000
-0.129786 -0.983064 723.579051
-0.017498 -1.115335 22.735254
-0.000017 -0.002488 1.000000
-0.649537 0.251886 740.239168
-0.473973 0.090485 -299.971729
-0.001638 -0.000458 1.000000
-0.306779 -0.758971 479.221373
-0.249325 -0.532782 34.825158
-0.000733 -0.001632 1.000000
-0.176755 -1.090458 671.244219
-0.080737 -0.462094 -75.913547
-0.000442 -0.001876 1.000000
-0.078677 -1.040621 425.067836
-0.081321 -0.843727 -48.430471
-0.000247 -0.002285 1.000000
0.234932 -1.397322 474.966393
-0.027188 -0.911030 -19.781413
0.000027 -0.002484 1.000000
-0.089581 -1.182541 546.573996
-0.049904 -0.815931 -55.347400
-0.000389 -0.002303 1.000000
-0.092465 -1.185048 319.764915
0.006933 -0.669709 -42.386349
-0.000020 -0.002424 1.000000
0.009800 -1.151884 496.526502
-0.040470 -0.804840 -141.781642
-0.000375 -0.002311 1.000000
-0.104879 -1.122817 183.024675
-0.020489 -0.784751 60.670827
-0.000019 -0.002535 1.000000
-0.100272 -1.175531 635.380156
-0.134926 -0.928578 93.073589
-0.000338 -0.002184 1.000000
-0.581784 -0.446083 1052.559796
-0.317137 -0.280273 1.414310
-0.001439 -0.000965 1.000000
-0.100319 -0.922962 527.515183
-0.079611 -0.776848 110.995400
-0.000403 -0.001959 1.000000
-0.105324 -1.158307 423.417927
-0.112581 -0.833758 50.681540
-0.000456 -0.002115 1.000000
-0.325695 -1.118229 562.679289
-0.120372 -0.345410 -59.925270
-0.000507 -0.001898 1.000000
0.121464 -1.401332 277.476899
-0.003412 -1.078730 41.546784
-0.000134 -0.002696 1.000000
-0.285433 -0.853484 517.376457
-0.214284 -0.354964 -19.510276
-0.000776 -0.001465 1.000000
0.027905 -1.580225 539.982861
0.026145 -1.424031 87.126745
-0.000029 -0.003136 1.000000
0.123615 -1.524522 531.493266
0.104005 -0.839478 -2.571032
0.000188 -0.002572 1.000000
0.096682 -1.198013 221.770335
0.091656 -0.706566 -128.449545
-0.000230 -0.002412 1.000000
-0.225910 -1.031633 808.027672
-0.150008 -0.581072 -157.794110
-0.000551 -0.001793 1.000000
0.293498 -2.062674 511.614088
0.436356 -1.443766 -860.098105
0.000825 -0.003596 1.000000
-0.327675 -0.867440 777.502954
-0.172383 -0.687293 152.200500
-0.000480 -0.001783 1.000000
-0.034231 -0.880209 257.204919
-0.140350 -0.737887 123.353195
-0.000642 -0.001794 1.000000
-0.108994 -0.477244 214.701859
-0.079308 -0.192668 43.877202
-0.000622 -0.001301 1.000000
-0.289104 -0.866701 381.338120
-0.066183 -0.383094 -50.193882
-0.000687 -0.001746 1.000000
0.033155 -1.051742 489.410857
-0.071754 -0.582168 79.233303
-0.000218 -0.001955 1.000000
-0.222593 -1.101743 546.562523
-0.065067 -0.563955 71.142175
-0.000426 -0.001845 1.000000
0.000239 -1.033861 470.507377
-0.058084 -0.451480 105.075251
-0.000249 -0.001830 1.000000
-0.144400 -1.365908 588.040212
-0.127087 -0.863897 179.007175
-0.000297 -0.002124 1.000000
-0.322832 -0.823516 344.056357
-0.259310 -0.323611 43.003506
-0.000743 -0.001519 1.000000
-0.184783 -0.738471 309.789960
-0.052314 -0.412871 87.747497
-0.000475 -0.001647 1.000000
-0.213401 -0.841046 402.720549
-0.126982 -0.401378 105.025693
-0.000569 -0.001541 1.000000
-0.097251 -1.024505 363.572853
-0.101679 -0.552778 74.509920
-0.000493 -0.002032 1.000000
0.248869 -1.044940 309.162473
0.010615 -0.406944 96.905398
-0.000137 -0.002134 1.000000
15.492309 69.236262 -19043.707136
-9.130541 72.279611 -10323.211094
-0.033974 0.099780 1.000000
-0.132117 -1.094856 519.649148
-0.063390 -0.680059 132.444147
-0.000292 -0.001977 1.000000
0.347644 -0.993872 387.947294
0.070116 -0.473796 108.263239
0.000092 -0.001982 1.000000
1.263053 -0.687922 178.448792
0.441029 0.425101 -62.394430
0.000932 -0.001386 1.000000
0.653084 -0.531800 248.449447
0.093102 0.239723 91.731410
0.000225 -0.001142 1.000000
-1.527012 -4.385838 1570.003865
-0.239608 -4.541072 1061.194450
0.000127 -0.006175 1.000000
6.035789 4.960230 -2480.296356
0.693881 9.704726 -2337.975916
0.001389 0.007236 1.000000
0.887705 -1.110047 156.147981
0.223033 -0.236330 42.307455
0.000344 -0.002311 1.000000
1.487567 0.712571 -276.659147
-0.000328 2.438797 -488.037101
-0.000311 0.001365 1.000000
0.871234 -0.204015 105.933553
0.042139 0.879048 9.434097
0.000002 -0.000347 1.000000
0.514948 -0.595350 223.184628
-0.072420 0.271737 135.031439
-0.000125 -0.001074 1.000000
-0.028103 -1.001070 415.679750
-0.029062 -0.597330 98.150670
-0.000221 -0.001956 1.000000
-0.121322 -1.009733 376.415075
-0.123649 -0.796645 226.804637
-0.000427 -0.001858 1.000000
0.204319 -1.506562 470.851924
0.090284 -1.156199 -20.369629
0.000074 -0.002772 1.000000
-0.071709 -1.181141 528.208966
-0.022648 -1.003331 75.038868
-0.000246 -0.002281 1.000000
-0.038149 -1.106426 515.261552
-0.110860 -0.797402 97.744643
-0.000274 -0.002118 1.000000
-0.196782 -0.975849 551.104782
-0.099950 -0.545134 176.421005
-0.000356 -0.001712 1.000000
-0.680705 0.289018 -264.800661
-0.542665 0.153027 -78.886558
-0.001764 0.000065 1.000000
-0.587095 0.109067 -103.925020
-0.428908 -0.061955 -189.608587
-0.001575 -0.000338 1.000000
-0.108011 -1.242363 384.898496
-0.128230 -0.974923 153.222926
-0.000476 -0.002157 1.000000
-0.093220 -0.954003 389.374983
-0.160794 -0.738206 156.019876
-0.000432 -0.001858 1.000000
0.881274 -0.683551 291.679368
0.256645 0.290114 16.301634
0.000502 -0.001275 1.000000
-0.254642 -1.497645 537.812253
-0.115961 -0.856579 81.324011
-0.000370 -0.002464 1.000000
0.072539 -1.443159 560.744378
-0.003098 -0.657352 -1.960451
-0.000046 -0.002383 1.000000
-0.835561 -1.784551 748.860903
-0.342242 -1.379648 264.888639
-0.000753 -0.002926 1.000000
0.140340 -1.381257 596.404179
-0.075639 -0.926619 15.621918
-0.000068 -0.002622 1.000000
-0.089577 -0.900997 503.957700
-0.034080 -0.513240 -80.287200
-0.000311 -0.001935 1.000000
1.000000 -0.000000 0.000000
-0.000000 1.000000 0.000000
-0.000000 -0.000000 1.000000
0.665549 -0.314388 171.807290
-0.022209 0.543373 195.829636
-0.000107 -0.000566 1.000000
0.227202 -0.667470 298.937958
-0.028323 -0.033830 71.945624
-0.000111 -0.001435 1.000000
0.297552 -0.881735 339.254297
0.060714 -0.222841 37.199308
0.000067 -0.001860 1.000000
0.604539 -0.225269 177.182233
-0.022163 0.793727 3.238372
-0.000063 -0.000454 1.000000
-0.006041 -0.905179 399.258365
-0.090178 -0.482288 103.724172
-0.000166 -0.001948 1.000000
-0.191054 -0.858731 473.705063
-0.159506 -0.476422 149.507000
-0.000354 -0.001725 1.000000
-0.221083 -1.230941 553.203669
-0.175042 -0.850417 109.584947
-0.000169 -0.002457 1.000000
-0.235957 -1.472931 606.782587
-0.112475 -0.934032 89.686187
-0.000283 -0.002267 1.000000
-0.406674 -1.184552 734.170926
-0.140612 -0.591768 104.759068
-0.000529 -0.001741 1.000000
-0.524405 -1.265635 695.822439
-0.322754 -0.928722 197.908032
-0.000636 -0.002042 1.000000
-0.200631 -1.195841 423.928346
-0.222849 -0.978483 189.745500
-0.000465 -0.002142 1.000000
-0.413773 -0.859416 548.272925
-0.206070 -0.843890 125.983092
-0.000529 -0.001836 1.000000
0.100882 -1.239348 372.532595
-0.014024 -1.179335 106.172479
-0.000206 -0.002519 1.000000
0.020997 -1.143795 492.082724
-0.126611 -1.120395 94.185374
0.000002 -0.002741 1.000000
-0.201746 -0.929820 440.219764
-0.262692 -0.997143 114.987738
-0.000634 -0.002011 1.000000
-0.361559 -0.934209 721.846784
-0.193079 -0.572178 -13.232565
-0.000658 -0.001667 1.000000
-0.413852 -1.022736 340.591136
-0.257263 -0.790090 115.675602
-0.000629 -0.001873 1.000000
-0.187028 -1.116453 435.282449
-0.207582 -0.787611 100.844154
-0.000508 -0.001999 1.000000
-0.459600 -1.214246 482.246393
-0.264652 -0.870342 250.650607
-0.000579 -0.002045 1.000000
-0.028729 -1.288542 500.660218
-0.002583 -0.941567 167.858052
-0.000023 -0.002442 1.000000
0.242546 -0.918117 315.727149
-0.016043 -0.492218 192.008327
-0.000098 -0.001716 1.000000
-0.262040 -1.280076 481.880018
-0.026520 -1.118372 179.184219
-0.000365 -0.002374 1.000000
-0.040888 -1.139538 600.782432
-0.134637 -0.917706 188.700040
-0.000307 -0.002215 1.000000
-0.465856 -1.482239 955.325504
-0.416065 -1.109196 -124.718793
-0.000420 -0.002130 1.000000
-0.217866 -1.421199 1033.074200
-0.016829 -0.618160 -18.665341
-0.000231 -0.002540 1.000000
-0.148723 -1.372945 752.126268
-0.025329 -0.680588 -105.313903
-0.000169 -0.002401 1.000000
-0.101102 -1.397649 535.083308
-0.122356 -0.941004 1.251709
-0.000201 -0.002803 1.000000
-0.115073 -1.182193 492.005295
-0.042171 -0.540000 22.915046
-0.000282 -0.001977 1.000000
-0.418440 -0.648966 963.719828
-0.235199 -0.555754 -63.479700
-0.000811 -0.001316 1.000000
0.969453 -1.738817 794.544486
0.236758 -1.265403 10.023783
0.000947 -0.003394 1.000000
-0.225229 -0.899316 655.009602
-0.156566 -0.686840 21.995578
-0.000399 -0.001900 1.000000
-0.250557 -1.411446 573.895399
-0.167592 -0.818197 28.109387
-0.000435 -0.002220 1.000000
-0.113880 -1.192255 415.987490
-0.107248 -0.914874 -85.267000
-0.000263 -0.002120 1.000000
-0.076863 -0.782440 135.969196
-0.112031 -0.686646 42.231146
-0.000474 -0.001963 1.000000
-1.075376 -0.315617 375.442993
-0.564051 -0.223130 -409.673317
-0.001781 -0.000476 1.000000
-0.211413 -1.678202 741.511818
-0.244908 -1.174835 -179.810813
-0.000242 -0.002707 1.000000
3.830603 -5.610145 4119.531258
1.637176 -3.282838 -1981.995808
0.005615 -0.008102 1.000000
-0.437680 -1.061271 1343.586521
-0.190648 -0.500561 -155.221555
-0.000664 -0.001791 1.000000
0.003712 -1.387143 1015.825573
0.006151 -1.161257 107.452744
0.000042 -0.002623 1.000000
-0.212024 -1.430091 827.205058
-0.128915 -1.084835 198.732916
-0.000169 -0.002608 1.000000
-0.133670 -1.184758 506.960057
-0.033171 -0.556312 -90.394943
-0.000278 -0.002290 1.000000
-0.393640 -1.081626 998.688552
-0.168369 -0.528142 90.719177
-0.000510 -0.001846 1.000000
-0.446237 -1.025071 703.852797
-0.246509 -0.553657 125.946334
-0.000710 -0.001557 1.000000
-0.342539 -0.910031 394.417780
-0.358095 -0.803230 301.886238
-0.000688 -0.001655 1.000000
-0.210300 -1.100795 481.210702
-0.169579 -0.978513 150.024703
-0.000441 -0.002040 1.000000
-0.162102 -1.192993 449.903733
-0.100640 -0.789450 80.100586
-0.000417 -0.002402 1.000000
0.000369 -1.097528 437.413780
-0.043292 -0.429856 65.967840
-0.000269 -0.001935 1.000000
-0.325796 -0.772091 167.936725
-0.288684 -0.951406 76.534777
-0.000658 -0.001856 1.000000
-0.241616 -0.963210 324.469945
-0.251500 -1.190895 15.525954
-0.000580 -0.002346 1.000000
-0.178276 -0.801609 131.566453
-0.147580 -0.931096 93.646735
-0.000528 -0.002118 1.000000
-2.145854 1.204776 2775.028937
-2.023061 1.757668 -1385.162018
-0.004473 0.003396 1.000000
-0.043547 -2.048889 127.087191
-0.156693 -2.033502 262.625834
0.000295 -0.003682 1.000000
-0.259494 -0.915510 519.582700
-0.071879 -0.382561 45.397585
-0.000558 -0.001676 1.000000
0.000208 -1.330097 478.546608
-0.036786 -0.708301 -15.890967
-0.000236 -0.002427 1.000000
-0.049770 -1.427950 309.446447
-0.022750 -1.191568 48.483758
-0.000249 -0.002604 1.000000
0.053129 -1.388788 472.725092
-0.032540 -1.334634 53.987616
-0.000194 -0.002811 1.000000
0.048652 -0.676573 -93.873053
0.014451 -0.583907 22.775341
-0.000007 -0.002429 1.000000
-0.280730 -1.159794 373.246743
-0.349970 -1.176003 -29.720941
-0.000454 -0.002263 1.000000
-0.162259 -0.422638 39.025650
-0.257618 -0.436305 139.957879
-0.000738 -0.001402 1.000000
-0.087156 -1.117703 193.896337
-0.191583 -1.320331 240.744641
-0.000325 -0.002674 1.000000
-0.357171 -1.316013 455.151060
-0.216165 -0.985265 54.666883
-0.000551 -0.002102 1.000000
-0.026811 -0.632795 127.345625
-0.114313 -0.632522 22.114390
-0.000505 -0.001956 1.000000
-0.113305 -0.865794 42.674333
-0.269232 -0.823093 -30.656948
-0.000468 -0.002021 1.000000
-0.281391 -0.752608 51.111568
-0.240643 -0.575726 120.100800
-0.000700 -0.001763 1.000000
0.143552 -1.730042 -45.428927
-0.201547 -1.341917 120.297496
-0.000182 -0.003405 1.000000
-0.391994 -1.252477 482.790385
-0.533978 -1.288710 96.112912
-0.000886 -0.002200 1.000000
-0.095714 -1.126475 425.963977
-0.086590 -0.710853 24.092347
-0.000344 -0.002266 1.000000
0.152753 -1.265054 439.751156
-0.030914 -0.402626 66.203423
-0.000055 -0.002159 1.000000
-0.044254 -1.150066 475.182251
-0.096376 -0.437812 66.353074
-0.000272 -0.001970 1.000000
-0.162130 -1.010561 -64.015042
-0.258513 -0.790057 43.619128
-0.000708 -0.002301 1.000000
-0.100717 -1.360775 -33.308666
-0.232662 -1.187609 -8.123634
-0.000066 -0.002770 1.000000
-0.141248 -0.980129 54.611307
-0.259622 -0.994619 34.578114
-0.000214 -0.002345 1.000000
-0.253672 -1.389979 359.128642
-0.421459 -1.520452 370.734057
-0.000414 -0.002621 1.000000
-0.235814 -0.970958 -411.168273
-0.170082 -0.963695 687.391390
-0.000441 -0.002087 1.000000
-0.447693 -1.140825 100.736584
-0.255472 -0.814514 -237.300923
-0.000659 -0.001715 1.000000
0.100419 -1.285244 -258.080180
-0.137556 -1.098836 -224.272161
0.000111 -0.003154 1.000000
-0.110161 -0.958223 79.976644
-0.290486 -0.935072 172.887933
-0.000399 -0.002381 1.000000
-0.225320 -0.741879 75.893060
-0.225891 -0.689400 67.019447
-0.000704 -0.001730 1.000000
-0.186410 -1.113394 916.284958
-0.230635 -0.921043 -333.673477
-0.000271 -0.002150 1.000000
-0.665522 -0.917097 107.602480
-0.503743 -0.837993 479.437383
-0.001040 -0.001397 1.000000
-0.348472 -0.619709 320.823458
-0.300919 -0.643340 105.439471
-0.000807 -0.001430 1.000000
-0.351376 -1.147981 1046.382758
-0.180253 -0.943424 79.227192
-0.000447 -0.001870 1.000000
0.401810 -1.819388 -606.525634
-0.074236 -1.346691 -674.189210
0.000467 -0.003349 1.000000
-0.154753 -0.877924 87.072812
-0.159142 -0.775686 -97.302486
-0.000473 -0.002271 1.000000
0.564345 -2.554022 1278.911175
0.247818 -1.310055 -289.318600
0.001261 -0.003868 1.000000
-0.449747 -0.691101 82.536107
-0.372147 -0.720997 -167.875079
-0.000847 -0.001566 1.000000
-0.256709 -1.547235 948.225277
-0.060974 -1.319285 106.551704
-0.000143 -0.002836 1.000000
-0.996130 -0.732176 828.941712
-0.590249 -0.386132 -933.421603
-0.001522 -0.000875 1.000000
-0.269023 -1.069691 922.475810
-0.085795 -0.502218 21.617692
-0.000335 -0.001944 1.000000
0.473395 -2.419481 1626.405818
0.357858 -2.074079 -353.620371
0.000928 -0.005122 1.000000
-1.059371 -0.518930 148.521849
-0.631469 -0.402138 106.721747
-0.001554 -0.000766 1.000000
-0.347460 -1.253704 808.523381
-0.129266 -0.625186 -65.672974
-0.000542 -0.001957 1.000000
2.390677 -3.666180 2017.934565
-0.076542 -2.804345 806.860762
0.002324 -0.006601 1.000000
-2.984691 2.500549 -711.644594
-1.712667 1.547847 5106.271320
-0.003846 0.004348 1.000000
-0.365804 -0.752680 -466.226890
-0.404076 -0.786433 2503.501292
-0.000841 -0.001567 1.000000
-0.574525 -0.642718 352.835570
-0.209873 -0.631757 -114.463852
-0.000933 -0.001502 1.000000
0.696125 -2.461090 2638.408770
0.524249 -2.735904 1210.840802
0.001490 -0.005415 1.000000
-0.695502 -0.543280 1122.126694
-0.740430 -0.631446 299.824731
-0.001485 -0.000979 1.000000
-0.169400 -1.301054 1018.688838
-0.410860 -1.319165 286.061058
-0.000521 -0.002450 1.000000
-0.762094 -1.206024 1045.918678
-0.102961 -0.350887 35.830293
-0.000807 -0.001528 1.000000
-0.416094 -1.009753 1054.019880
-0.312706 -0.711448 -351.348926
-0.000756 -0.001896 1.000000
0.073269 -1.072528 313.740373
-0.052636 -0.643680 -179.733074
-0.000129 -0.002060 1.000000
-0.244039 -1.006416 643.742385
-0.438744 -0.858406 14.591428
-0.000571 -0.001921 1.000000
-0.711706 -0.503448 860.752164
-0.628183 -0.555631 966.364384
-0.001183 -0.000912 1.000000
-0.630806 -1.076631 802.525180
-0.429165 -0.772454 194.931338
-0.000865 -0.001600 1.000000
0.450754 -1.842789 688.498319
0.234626 -2.021521 -90.873755
0.000565 -0.003557 1.000000
-0.619480 -1.527756 1090.827943
-0.048947 -0.437375 -63.050624
-0.000529 -0.001852 1.000000
-0.971167 -0.281474 166.822275
-0.550096 -0.352394 -94.924531
-0.001770 -0.000580 1.000000
-0.061705 -1.327211 417.176700
-0.088893 -0.967437 10.126205
-0.000151 -0.002740 1.000000
-0.667319 -1.067012 949.775338
-0.220793 -0.497511 -39.964195
-0.000803 -0.001599 1.000000
-0.558112 -1.198906 1275.611961
-0.129660 -0.634213 62.277688
-0.000686 -0.001918 1.000000
-0.418625 -0.888590 547.677530
-0.296392 -0.664717 -189.828052
-0.000759 -0.001791 1.000000
-0.522919 -0.910091 670.181030
-0.471544 -1.272658 313.344871
-0.001036 -0.002125 1.000000
-0.313045 -0.960927 610.780206
-0.117164 -0.687369 14.743762
-0.000395 -0.002045 1.000000
-0.272774 -1.747535 1324.635407
-0.094226 -0.989758 -96.865730
-0.000087 -0.002456 1.000000
-0.146226 -1.204395 362.473176
-0.187086 -1.062457 51.326774
-0.000284 -0.002372 1.000000
-0.296008 -1.078651 823.529376
-0.143337 -0.675512 42.925077
-0.000497 -0.001783 1.000000
-0.202135 -1.310385 825.905070
-0.180281 -0.843251 42.882020
-0.000527 -0.002224 1.000000
-0.318413 -1.321604 972.982775
-0.104898 -0.696890 119.881956
-0.000438 -0.001884 1.000000
-0.375541 -1.381429 726.607295
-0.182773 -0.617101 -74.581882
-0.000528 -0.002005 1.000000
2.196617 -4.570647 3589.365795
0.396375 -3.770664 -684.827572
0.002508 -0.007781 1.000000
-0.471736 -0.485518 772.997359
-0.200660 -0.611189 232.310536
-0.000926 -0.001520 1.000000
-0.165271 -0.664311 4.266108
-0.115495 -0.823849 241.994776
-0.000306 -0.001928 1.000000
-0.765489 -1.031399 916.037220
-0.151151 -0.376071 -41.759500
-0.000875 -0.001355 1.000000
-1.056337 -0.757351 1283.958017
-0.418883 -0.344020 -82.748924
-0.001358 -0.000903 1.000000
-0.509617 -1.291953 1002.126256
-0.069002 -0.678030 -214.166328
-0.000575 -0.002011 1.000000
-0.113297 -0.716821 266.805864
0.059891 -0.251939 -95.978761
-0.000331 -0.001900 1.000000
-0.365772 -1.101409 583.186175
-0.169324 -0.813639 -23.054578
-0.000301 -0.002244 1.000000
-0.393583 -0.778465 756.961657
-0.208823 -0.493320 -1.582323
-0.000796 -0.001553 1.000000
-0.295279 -0.908875 737.495541
-0.118234 -0.675549 85.328584
-0.000420 -0.001851 1.000000
-0.336016 -1.173984 583.579410
-0.174992 -0.852561 87.712949
-0.000404 -0.002024 1.000000
-0.190992 -0.768225 446.061003
-0.173877 -0.751325 110.147690
-0.000442 -0.001815 1.000000
0.283988 -1.771179 1057.823038
0.134291 -1.670371 -92.213084
0.000577 -0.003771 1.000000
-0.425923 -1.043485 562.175748
-0.130143 -0.614909 -23.487198
-0.000594 -0.001819 1.000000
-0.203156 -1.086968 457.812810
-0.051901 -0.748493 -78.832500
-0.000151 -0.002358 1.000000
-0.031165 -0.539927 310.599282
-0.160903 -1.115484 183.637582
-0.000313 -0.002204 1.000000
-0.107614 -0.923789 551.397174
-0.033557 -0.928634 -48.693879
-0.000431 -0.002462 1.000000
-0.217656 -0.827355 367.102881
-0.113813 -0.625611 85.778726
-0.000482 -0.001746 1.000000
-0.604618 -0.642066 642.506106
-0.315571 -0.591795 18.267088
-0.000961 -0.001522 1.000000
-0.099690 -1.309962 392.269317
-0.320135 -1.487331 264.151790
-0.000248 -0.002599 1.000000
-0.406473 -0.842772 543.287226
-0.111964 -0.890151 27.631303
-0.000563 -0.002122 1.000000
0.034324 -0.805579 387.323675
-0.410517 -1.328136 505.665418
-0.000473 -0.002148 1.000000
-0.875462 -0.512786 1128.238810
-0.282247 -0.192718 28.891831
-0.001222 -0.001000 1.000000
-0.749076 -0.742977 402.735035
-0.168387 -0.218900 -212.834681
-0.001057 -0.001100 1.000000
-0.468241 -0.993798 517.765480
-0.151939 -0.563647 9.211216
-0.000625 -0.001752 1.000000
0.022079 -1.389175 538.439935
-0.056387 -1.010771 86.919245
-0.000150 -0.002391 1.000000
0.000905 -0.987725 555.336025
-0.031443 -0.746182 22.046568
-0.000230 -0.002064 1.000000
-0.292573 -1.438177 653.904652
-0.057919 -0.662992 31.339889
-0.000318 -0.002096 1.000000
-0.249222 -0.985694 571.138512
-0.203193 -0.885373 47.900704
-0.000521 -0.001978 1.000000
-0.085426 -1.211059 646.868276
0.043331 -1.454841 68.520591
0.000008 -0.002960 1.000000
-0.486684 -0.963763 271.678516
-0.225884 -0.901780 97.654778
-0.000628 -0.001815 1.000000
-4542.972519 12421.722527 -6514763.059595
-4943.700004 14239.936325 2155591.179037
-13.770272 24.059765 1.000000
-0.047258 -1.436805 476.712681
-0.316677 -1.713079 466.820935
-0.000327 -0.002561 1.000000
-0.097402 -1.338784 383.017767
-0.002105 -0.629732 -79.144099
0.000118 -0.002449 1.000000
-0.393681 -0.525495 326.687843
-0.345471 -0.624873 161.172866
-0.000901 -0.001396 1.000000
-0.053858 -1.156760 327.525537
0.060450 -0.751019 -114.752349
-0.000453 -0.002183 1.000000
0.799249 -0.600408 311.950314
0.128312 0.566047 -53.402602
0.000247 -0.000864 1.000000
-0.505256 -1.010286 761.843506
-0.242023 -0.915801 163.428019
-0.000711 -0.001829 1.000000
-0.090711 -1.313408 386.611032
-0.209652 -1.115578 105.681022
-0.000283 -0.002524 1.000000
-0.342018 -1.420432 745.039538
-0.111470 -0.974380 3.942227
-0.000346 -0.002276 1.000000
-0.292006 -0.733155 337.701498
-0.276172 -0.738022 35.688531
-0.000759 -0.001850 1.000000
-0.473870 -0.989575 739.453300
-0.141173 -0.742600 17.914632
-0.000662 -0.001688 1.000000
0.005808 -1.581326 132.724685
-0.106921 -1.803732 15.484888
0.000151 -0.003457 1.000000
-0.120476 -0.773288 132.293553
-0.173841 -0.775581 105.957639
-0.000519 -0.001931 1.000000
-0.208242 -0.512003 213.678912
-0.216219 -0.498749 24.036651
-0.000755 -0.001569 1.000000
-0.214549 -0.727968 87.282435
-0.070963 -0.658895 23.669818
-0.000486 -0.002030 1.000000
-0.366449 -1.430954 709.065275
-0.198914 -0.999905 250.537293
-0.000445 -0.002044 1.000000
-0.183638 -1.331476 431.713409
0.008270 -0.921898 -189.224921
-0.000136 -0.002607 1.000000
-0.674378 -1.057589 800.335241
-0.313356 -0.733186 154.332972
-0.000780 -0.001589 1.000000
