-0.092840 -1.208557 639.890002
0.027886 -0.477785 -48.813478
-0.000234 -0.001919 1.000000
-0.293675 -0.667564 467.646876
-0.225501 -0.350354 -137.094284
-0.000860 -0.001381 1.000000
-0.077057 -0.730300 311.800742
0.018977 -0.420182 0.311277
-0.000227 -0.001738 1.000000
-0.372789 -0.928483 294.093956
-0.126971 -0.572805 -20.498888
-0.000721 -0.001741 1.000000
-0.078186 -0.609604 113.862759
-0.143372 -0.480979 37.950928
-0.000520 -0.001661 1.000000
0.292489 -1.433666 272.984462
0.075108 -0.877275 -24.262333
0.000004 -0.002880 1.000000
0.065721 -0.795720 149.317493
-0.057538 -0.556397 23.576011
-0.000403 -0.001840 1.000000
-0.036755 -0.689551 180.194386
-0.052028 -0.569429 17.232700
-0.000529 -0.001813 1.000000
0.004535 -0.850372 275.437711
-0.010763 -0.630286 -176.422051
-0.000284 -0.002038 1.000000
-0.337080 -1.219023 845.594919
0.037280 -0.657479 4.096683
-0.000360 -0.001860 1.000000
-0.221131 -1.101384 582.727090
0.096131 -0.831529 -17.629694
-0.000385 -0.002092 1.000000
0.113233 -1.095156 55.672671
0.109057 -0.840759 -39.186790
-0.000439 -0.002144 1.000000
0.382992 -1.325249 367.199719
0.121949 -1.268184 -428.685640
0.000137 -0.002986 1.000000
-0.087532 -1.472143 677.927065
0.167154 -1.036913 -255.517040
0.000049 -0.002906 1.000000
-0.098434 -0.530892 474.515651
-0.113672 -0.741021 53.712354
-0.000479 -0.001824 1.000000
-0.018522 -0.956840 313.567272
0.061055 -1.001398 -64.427370
-0.000184 -0.002469 1.000000
-0.120778 -0.860761 263.764990
-0.008509 -0.595213 -120.986958
-0.000472 -0.001988 1.000000
0.093155 -0.896224 213.015707
0.053396 -0.759616 18.869069
-0.000153 -0.002183 1.000000
-0.186250 -0.777624 259.047469
-0.110827 -0.622335 -30.843144
-0.000502 -0.001900 1.000000
0.016181 -0.809737 173.883466
-0.031542 -0.447977 0.663917
-0.000402 -0.001953 1.000000
-0.204849 -0.890395 293.181593
-0.139751 -0.608377 126.431156
-0.000557 -0.001780 1.000000
0.119821 -1.855472 166.816417
0.118627 -1.263882 -91.035272
0.000116 -0.002765 1.000000
-0.982635 -0.625835 450.640892
-0.642485 -0.825034 375.040758
-0.001275 -0.001213 1.000000
-0.145894 -0.856837 342.480356
-0.035642 -0.749400 0.268396
-0.000556 -0.001964 1.000000
-0.113940 -1.061969 465.910534
0.068352 -1.163216 -80.420875
-0.000204 -0.002643 1.000000
0.194812 -1.277053 366.788076
0.081777 -0.835314 -40.916271
-0.000026 -0.002281 1.000000
-0.074581 -0.767144 200.775695
-0.081553 -0.545743 82.031950
-0.000480 -0.001816 1.000000
-0.054330 -0.549442 171.779413
-0.133326 -0.641990 112.050568
-0.000404 -0.001785 1.000000
0.175561 -0.647766 226.906936
-0.066809 -0.149827 26.705658
-0.000366 -0.001348 1.000000
0.074494 -1.001414 620.348888
0.264714 -1.278309 -135.893353
0.000264 -0.002918 1.000000
-0.148726 -0.808060 225.322358
-0.172340 -0.680411 -156.574697
-0.000667 -0.002025 1.000000
0.142069 -1.263036 304.475558
0.234178 -1.348925 -212.659963
0.000234 -0.002926 1.000000
-0.388542 -0.854383 288.040871
-0.269608 -0.732537 41.389464
-0.000783 -0.001836 1.000000
0.274782 -0.842799 499.672240
0.158743 -0.978553 -200.462473
0.000117 -0.002694 1.000000
0.000187 -0.646976 125.248312
0.064557 -0.706112 6.416115
-0.000220 -0.001950 1.000000
0.456451 -1.882480 615.781616
0.637063 -1.830567 -704.751963
0.000960 -0.004053 1.000000
-0.265740 -0.983510 188.252579
-0.111982 -0.740591 -209.707925
-0.000601 -0.002296 1.000000
-0.078740 -0.816234 398.061153
-0.101499 -0.810026 -173.680849
-0.000485 -0.001833 1.000000
-0.286952 -0.784949 -259.204085
-0.152383 -0.662074 -328.381120
-0.000563 -0.002190 1.000000
-0.241812 -0.386114 164.145581
-0.211310 -0.367391 -63.134476
-0.000847 -0.001423 1.000000
-0.284162 -0.815890 874.934126
-0.066122 -0.432834 -327.245769
-0.000509 -0.001824 1.000000
-0.066236 -1.048978 242.846331
-0.006618 -0.857619 -52.762503
-0.000197 -0.002344 1.000000
-0.700164 -0.359767 -202.059910
-0.556896 0.055631 -144.175458
-0.001803 -0.000299 1.000000
-0.311952 -0.482240 216.947282
-0.220559 -0.316200 3.239641
-0.000782 -0.001441 1.000000
-0.356222 -0.292862 103.862494
-0.155636 -0.086241 -161.514527
-0.001106 -0.000950 1.000000
-0.025813 -1.059350 627.372793
-0.015154 -0.412580 -86.435394
-0.000342 -0.001954 1.000000
-0.427769 -0.217744 99.978947
-0.327809 -0.287621 -66.877420
-0.001241 -0.001040 1.000000
-0.060709 -1.016553 836.719629
0.021046 -0.796441 -84.596850
-0.000042 -0.002610 1.000000
0.012198 -0.690035 674.347287
0.169531 -0.888911 -292.932304
0.000311 -0.003201 1.000000
0.086028 -1.119111 440.039312
0.112818 -1.123067 -306.040420
-0.000067 -0.003049 1.000000
-0.076747 -1.003603 863.246801
0.078567 -0.717725 11.855980
0.000046 -0.002616 1.000000
0.031408 -0.784440 631.388505
0.056851 -0.753273 -88.621406
-0.000115 -0.002587 1.000000
0.127310 -0.964670 254.302024
0.068815 -0.635335 -236.435946
-0.000141 -0.002038 1.000000
-0.183556 -0.671541 871.627229
-0.079416 -0.374382 -257.777557
-0.000535 -0.001931 1.000000
0.056491 -0.791777 179.996901
-0.069964 -0.598579 -203.041070
-0.000448 -0.002039 1.000000
-0.087541 -1.113540 680.268695
-0.078177 -0.709500 -43.430966
-0.000324 -0.002339 1.000000
-0.151122 -1.001157 738.696704
0.025741 -0.529265 -217.256832
-0.000272 -0.002125 1.000000
-0.210360 -1.042131 1234.189302
-0.017945 -0.593807 -251.279471
-0.000431 -0.002182 1.000000
-0.332788 -0.951997 -358.827602
-0.148668 -0.541829 -244.813031
-0.000756 -0.001823 1.000000
-1.256178 0.515144 -10.116797
-1.355025 0.484866 -422.898097
-0.002773 0.000623 1.000000
-0.297706 -0.409179 568.111874
-0.188793 -0.152445 -420.449576
-0.001027 -0.001250 1.000000
-0.447000 -0.200348 74.449181
-0.404293 -0.191651 -86.286561
-0.001226 -0.000760 1.000000
-0.220949 -0.251762 157.112680
-0.108347 -0.085874 -9.480758
-0.000790 -0.001069 1.000000
0.178681 -1.299232 1198.027151
0.295735 -1.132000 -76.190242
0.000293 -0.002901 1.000000
-0.041481 -0.626959 342.771250
0.091368 -0.470199 -264.480242
-0.000100 -0.002247 1.000000
-0.230830 -0.913562 638.527088
-0.014544 -0.962533 -22.937530
-0.000473 -0.002309 1.000000
-0.470010 -1.249169 731.493317
-0.178733 -0.370414 -121.341267
-0.000807 -0.001637 1.000000
-0.131381 -0.815573 149.517715
-0.033319 -0.643731 -165.432624
-0.000244 -0.002182 1.000000
0.019037 -0.940166 -8.204441
0.130615 -0.716784 -101.120220
-0.000127 -0.002131 1.000000
-0.465465 -1.042816 1010.834591
-0.231279 -0.546459 -42.590001
-0.001031 -0.001691 1.000000
-0.155683 -0.702838 422.466495
-0.062859 -0.807003 -151.904408
-0.000494 -0.002176 1.000000
-0.512126 -0.388154 414.344831
-0.395947 -0.335168 -112.242970
-0.001208 -0.001102 1.000000
-0.155081 -0.545307 9.663608
-0.147108 -0.359304 89.960783
-0.000535 -0.001647 1.000000
-0.898020 -0.214036 405.272988
-0.513856 -0.166735 -123.591788
-0.001402 -0.000563 1.000000
-0.201596 -0.716023 333.840948
-0.083200 -0.509369 -93.845227
-0.000554 -0.001752 1.000000
-0.181446 -1.062607 876.462957
0.272724 -0.967840 -60.226097
0.000130 -0.002658 1.000000
-0.051047 -0.981469 47.699859
0.021515 -0.574668 -4.549258
-0.000129 -0.002212 1.000000
-0.101638 -0.433002 51.782551
-0.043579 -0.428255 -22.571233
-0.000435 -0.001720 1.000000
0.383703 -2.022547 45.607814
0.556368 -1.350091 -148.077156
0.000616 -0.003631 1.000000
-0.244948 -0.805513 188.920860
-0.104352 -0.765083 -258.633609
-0.000369 -0.002037 1.000000
-0.273524 -1.292055 177.052626
-0.026347 -1.073049 -237.741425
-0.000377 -0.002605 1.000000
-0.268146 -1.239595 407.532136
0.170391 -1.161180 -114.637971
-0.000201 -0.002538 1.000000
-0.073852 -1.228266 406.788348
-0.015543 -0.862694 -286.157987
-0.000135 -0.002356 1.000000
-0.285715 -1.259605 444.503651
0.037220 -0.880967 -258.172907
-0.000209 -0.002333 1.000000
-0.151767 -0.579527 186.210682
-0.044897 -0.414129 -12.610737
-0.000580 -0.001695 1.000000
-0.295068 -0.544414 227.102784
-0.132561 -0.208293 -14.211530
-0.000832 -0.001368 1.000000
0.633712 -1.896272 -200.096458
0.737142 -1.589243 -97.945819
0.000913 -0.003569 1.000000
0.644788 -2.414682 843.724766
1.030770 -1.757480 -812.763699
0.001658 -0.004456 1.000000
-0.087087 -0.478247 118.036227
-0.034470 -0.287315 -29.235063
-0.000236 -0.001849 1.000000
-0.022732 -1.536891 584.328217
-0.057552 -0.610929 -224.286956
-0.000100 -0.002423 1.000000
-0.322249 -1.473285 296.058024
-0.151755 -0.766421 89.505068
-0.000369 -0.002493 1.000000
-0.109505 -1.486535 165.311146
-0.072955 -0.894134 38.536275
-0.000398 -0.002474 1.000000
-0.197048 -1.117181 285.402159
-0.074239 -0.659083 -69.317204
-0.000366 -0.002201 1.000000
-0.398450 -0.407659 107.367759
-0.185244 -0.190895 -49.139881
-0.000934 -0.001151 1.000000
-0.539933 -0.439711 149.466308
-0.189534 -0.436930 -10.438630
-0.001004 -0.001499 1.000000
0.616665 -2.238409 1750.598846
0.728220 -1.739976 -367.449051
0.000933 -0.003719 1.000000
-0.617725 -1.031364 333.768188
-0.239011 -0.331098 -154.038425
-0.000997 -0.001489 1.000000
-0.239735 -1.008721 325.073411
-0.078651 -0.763967 -61.626331
-0.000521 -0.002051 1.000000
-0.391424 -1.214296 638.262243
-0.148018 -0.592353 -120.783666
-0.000581 -0.001978 1.000000
-0.202390 -1.204289 279.958997
-0.138595 -0.676996 -13.051958
-0.000416 -0.002279 1.000000
-0.324211 -2.439866 346.118171
-0.138837 -1.273154 69.892216
-0.000549 -0.003169 1.000000
-0.249335 -1.289221 388.537074
0.052680 -0.959688 -245.400443
-0.000048 -0.002622 1.000000
-0.170287 -1.127941 758.809469
0.019179 -0.653006 -27.063198
-0.000304 -0.002019 1.000000
-0.437784 -0.962763 333.977213
-0.413712 -0.511551 -195.003107
-0.001181 -0.001478 1.000000
-0.032885 -1.537848 143.335341
-0.052550 -1.018610 -92.226437
-0.000395 -0.002548 1.000000
-0.213496 -0.759269 280.077918
-0.267849 -0.545514 -14.287433
-0.000814 -0.001762 1.000000
-0.629899 -0.553949 81.561513
-0.449308 -0.319781 -33.187629
-0.001392 -0.001402 1.000000
-0.513040 -1.256363 551.263215
-0.300812 -0.764868 30.787166
-0.000834 -0.001736 1.000000
-0.211752 -1.172737 505.384620
-0.196420 -0.678776 -104.399363
-0.000382 -0.002417 1.000000
-0.173969 -1.231773 128.814377
-0.141488 -0.859868 -112.016784
-0.000600 -0.002154 1.000000
-0.122175 -0.928537 191.029027
-0.025769 -0.771416 5.855469
-0.000322 -0.002139 1.000000
0.047217 -0.964318 115.033578
0.036445 -0.719860 -196.001321
0.000115 -0.002441 1.000000
-0.099309 -1.911266 671.655037
0.153643 -0.999251 -102.719733
0.000099 -0.002885 1.000000
-0.101949 -1.175220 778.944455
-0.082379 -0.712170 98.463873
-0.000303 -0.002094 1.000000
0.203274 -1.725455 1361.762350
0.478547 -1.512349 -256.625309
0.000987 -0.004021 1.000000
-0.159750 -1.443028 530.777274
-0.034156 -1.025570 -150.112229
-0.000207 -0.002757 1.000000
-0.412470 -1.367856 233.636633
-0.358735 -0.887317 104.629724
-0.000873 -0.002008 1.000000
-0.494744 -1.214132 616.226809
-0.206976 -0.636482 -81.101673
-0.000838 -0.001887 1.000000
0.159848 -1.269326 181.662042
0.119411 -0.715755 -154.017890
0.000057 -0.002434 1.000000
-0.102928 -1.489459 479.508622
0.068526 -1.638544 16.081057
0.000002 -0.003180 1.000000
-0.324353 -1.170630 442.220375
-0.079843 -0.588007 -81.093334
-0.000564 -0.001960 1.000000
-0.465315 -1.408807 721.646675
-0.115512 -0.790011 -116.129875
-0.000621 -0.002111 1.000000
-0.369706 -1.000449 677.147434
-0.207146 -0.771531 40.562935
-0.000499 -0.001982 1.000000
-0.044881 -1.443360 258.024586
-0.011896 -1.007963 -97.186118
-0.000017 -0.002652 1.000000
-0.170157 -1.550329 357.161630
0.150400 -1.132073 -201.236228
0.000176 -0.002931 1.000000
-0.119302 -0.862685 629.834998
-0.003322 -1.033052 -109.944320
-0.000145 -0.002388 1.000000
-0.170600 -1.089708 506.609830
-0.105705 -0.866778 -175.005444
-0.000164 -0.002403 1.000000
-0.015923 -0.953596 619.790753
0.154993 -1.483592 10.205640
0.000030 -0.003085 1.000000
-0.097463 -0.724616 108.249805
-0.208347 -0.469215 -227.658611
-0.000656 -0.001795 1.000000
-0.322993 -0.761483 340.020040
-0.294461 -0.768803 -47.159808
-0.000615 -0.001786 1.000000
-0.310309 -1.034919 814.071841
-0.057228 -0.591654 -27.670922
-0.000276 -0.001896 1.000000
-0.094068 -1.285174 755.956274
0.120440 -1.288767 -45.798389
-0.000052 -0.002612 1.000000
0.182791 -1.935173 787.189635
0.314825 -1.469923 -263.200780
0.000493 -0.003424 1.000000
-0.066757 -1.341907 656.857186
0.007893 -0.944101 -120.412654
-0.000238 -0.002266 1.000000
-0.112917 -1.396806 194.345190
-0.058160 -1.026384 -50.112084
-0.000373 -0.002498 1.000000
-0.232797 -0.995783 234.439235
-0.109582 -0.797641 -152.220590
-0.000611 -0.002067 1.000000
-0.279135 -0.998808 371.690029
-0.069266 -0.635790 69.273024
-0.000441 -0.001761 1.000000
-0.310972 -1.064538 435.344133
-0.213257 -0.586642 -43.926483
-0.000691 -0.001724 1.000000
0.177884 -1.707212 675.506211
0.108791 -0.838706 -99.067840
0.000015 -0.002505 1.000000
-0.141437 -1.493364 705.032162
-0.040965 -0.956789 -162.207862
-0.000299 -0.002484 1.000000
-0.569349 -1.040192 1025.787449
-0.109811 -0.209787 27.953443
-0.000702 -0.001271 1.000000
-0.650468 -0.387801 283.266397
-0.270289 -0.182972 -128.768738
-0.001146 -0.001115 1.000000
-0.184427 -1.230446 929.824583
0.066119 -0.807365 -115.849555
-0.000007 -0.002561 1.000000
-0.323271 -1.065474 945.230366
-0.080717 -0.689671 -153.552992
-0.000497 -0.002182 1.000000
-0.217311 -1.248294 965.381322
0.042565 -0.692402 18.448360
-0.000280 -0.002340 1.000000
-0.218123 -1.395171 836.979489
-0.050280 -1.053451 -202.554591
-0.000331 -0.002381 1.000000
-0.158983 -0.699559 592.796811
-0.158508 -0.871673 -39.670809
-0.000453 -0.002024 1.000000
0.086573 -1.492227 415.063152
0.151169 -1.138542 -112.514412
-0.000151 -0.002822 1.000000
-0.133635 -1.527858 193.121487
0.001816 -1.106547 81.631774
-0.000264 -0.002695 1.000000
-0.171565 -1.364605 -29.255621
0.068920 -0.985169 -180.416503
0.000006 -0.002644 1.000000
0.021243 -2.027265 206.573614
0.497454 -1.278102 -784.940418
0.001014 -0.004097 1.000000
-0.377642 -1.245815 727.595011
-0.164112 -0.508197 -79.187861
-0.000594 -0.001838 1.000000
-0.266907 -1.606030 713.770308
-0.066643 -0.936542 -50.087397
-0.000268 -0.002755 1.000000
-1.195797 -0.078955 1537.774568
-0.590120 0.107936 -9.544551
-0.001960 -0.000126 1.000000
-0.770488 -0.812072 1006.919713
-0.225706 -0.391702 33.412282
-0.000959 -0.001273 1.000000
-0.320077 -1.378779 1029.475168
0.017329 -0.440777 61.458325
-0.000301 -0.001803 1.000000
-0.438466 -1.478766 1324.118797
-0.029278 -0.522524 -358.708179
-0.000446 -0.002063 1.000000
-0.429177 -1.051358 1192.190334
-0.211401 -0.494244 48.357967
-0.000698 -0.001871 1.000000
-0.074483 -1.479836 1041.449964
0.035395 -0.522828 -16.040327
-0.000083 -0.002102 1.000000
-0.305365 -1.190617 659.132677
0.020900 -0.805705 -126.344693
-0.000282 -0.002194 1.000000
-0.261777 -0.965418 450.992079
-0.065273 -0.714252 -40.705110
-0.000358 -0.001987 1.000000
-0.218476 -0.799280 481.646430
-0.046660 -0.556394 -223.133432
-0.000424 -0.002133 1.000000
0.078569 -1.117202 257.142397
0.134541 -0.839027 138.225847
0.000222 -0.002331 1.000000
0.372005 -1.127792 283.361280
0.076940 -0.619027 14.762131
0.000037 -0.002342 1.000000
0.158016 -0.600021 234.606619
0.005541 -0.367238 99.308754
0.000014 -0.001837 1.000000
-0.049148 -0.466174 234.101054
-0.087926 -0.309611 106.201324
-0.000409 -0.001443 1.000000
-9.198610 7.486958 -404.499840
-2.305599 1.083885 1660.576251
-0.010129 0.008110 1.000000
0.142725 -0.594448 141.719578
-0.113392 -0.347682 97.371058
-0.000498 -0.001675 1.000000
0.091128 -0.883287 197.877768
-0.002567 -0.735542 24.317808
-0.000265 -0.002113 1.000000
-0.395922 -0.917619 134.462688
-0.101881 -0.611250 51.979260
-0.000602 -0.001909 1.000000
-0.207712 -1.344600 656.765818
-0.137356 -0.938221 -88.599529
-0.000645 -0.002203 1.000000
-0.130558 -1.094836 835.021057
-0.071576 -1.017691 45.813570
-0.000362 -0.002213 1.000000
-0.059872 -0.537103 183.103783
-0.106136 -0.486818 132.237423
-0.000522 -0.001601 1.000000
0.079706 -0.437555 155.787085
-0.241875 0.006252 112.796798
-0.000636 -0.001123 1.000000
0.147643 -0.712644 162.296432
-0.001937 -0.315277 -44.769259
-0.000257 -0.002062 1.000000
0.099639 -0.632049 269.022872
-0.072051 -0.287269 147.265261
-0.000207 -0.001585 1.000000
0.701969 -0.973380 260.650258
-0.034803 0.037360 117.469695
0.000240 -0.001662 1.000000
-0.108758 -0.390641 171.637051
-0.144612 -0.220351 101.662288
-0.000567 -0.001342 1.000000
0.148059 -0.854310 343.462285
-0.031204 -0.337557 64.776741
0.000043 -0.002078 1.000000
-0.131156 -0.343345 111.796646
-0.120581 -0.254492 80.985242
-0.000423 -0.001697 1.000000
0.094992 -1.015249 264.711667
0.122893 -0.952348 82.240170
-0.000009 -0.002476 1.000000
0.372323 -1.354026 319.458304
0.143132 -1.035524 21.343114
0.000341 -0.002915 1.000000
-0.149151 -0.750454 84.625654
0.034205 -1.047584 -134.676060
-0.000214 -0.002513 1.000000
-0.200866 -1.360750 591.225464
-0.018494 -0.855623 -91.268551
-0.000275 -0.002419 1.000000
-0.534347 -0.606983 571.700384
-0.423866 -0.162770 -56.582453
-0.001349 -0.000923 1.000000
-0.069151 -1.173002 315.076476
0.097273 -0.975223 -131.412465
0.000085 -0.002861 1.000000
-0.113958 -0.300600 51.277635
-0.103508 -0.259555 18.170185
-0.000508 -0.001606 1.000000
-0.052570 -0.809711 243.987447
-0.012720 -0.590339 67.753529
-0.000350 -0.001804 1.000000
0.317062 -0.922960 219.865062
0.073312 -0.511835 -68.409811
0.000194 -0.002418 1.000000
-1.733315 0.148481 175.541505
-0.844795 -0.630282 723.620093
-0.002363 -0.000235 1.000000
0.036832 -1.650961 403.073021
-0.084476 -1.583133 37.559511
0.000214 -0.002960 1.000000
-0.010908 -0.776544 -116.045286
0.025526 -0.699514 -294.672377
-0.000149 -0.002589 1.000000
-0.020797 -0.590339 6.720545
0.047563 -0.480958 -0.103673
-0.000343 -0.001986 1.000000
-0.039687 -1.042989 187.910867
-0.022303 -0.647668 -193.856350
0.000118 -0.002809 1.000000
-0.525882 -0.344387 -729.792954
-0.519322 -0.314638 754.166200
-0.001367 -0.000979 1.000000
-2.276711 1.993879 2677.513622
-2.584518 2.118079 2096.619052
-0.006585 0.005967 1.000000
11.561488 -16.684834 4853.439991
11.746548 -19.185770 -13564.064318
0.034731 -0.045214 1.000000
-1.232703 -0.113102 1385.132157
-0.627788 -0.397149 721.228310
-0.002008 0.000376 1.000000
-0.102018 -0.921176 -142.461086
-0.138935 -0.919298 -299.997519
-0.000464 -0.001926 1.000000
0.184023 -0.942182 246.025349
-0.083949 -0.688174 -20.185401
0.000037 -0.002405 1.000000
2.667946 -4.468433 -511.817291
1.410717 -4.288263 -1410.124235
0.004753 -0.008615 1.000000
0.379817 -2.044557 391.653333
0.502977 -1.650630 -386.685655
0.001188 -0.003658 1.000000
-0.465968 -1.562592 1051.822968
-0.108694 -0.321760 -45.686877
-0.000596 -0.001909 1.000000
-1.314465 0.027958 61.677296
-1.046867 0.301130 1584.411891
-0.002359 0.000604 1.000000
-0.191947 -1.398044 915.002690
-0.033807 -0.676340 -20.087986
-0.000242 -0.002369 1.000000
-0.233864 -1.666405 1045.189299
-0.013486 -0.403027 16.512777
-0.000203 -0.002130 1.000000
1.011279 -3.469173 1186.326112
0.759888 -2.407278 -1460.592340
0.001767 -0.005869 1.000000
-0.460160 -1.299600 893.297040
-0.028898 -0.297099 -63.918777
-0.000580 -0.001664 1.000000
-0.393440 -1.411705 964.039055
-0.116188 -0.433425 68.047530
-0.000476 -0.001754 1.000000
-0.338828 -1.404927 1049.472490
-0.111932 -0.469917 1.182344
-0.000487 -0.001759 1.000000
-2.313819 2.444507 629.890367
-2.320121 3.230654 4257.554443
-0.006601 0.006568 1.000000
-0.182355 -1.351530 465.868972
0.078348 -1.057633 -61.225435
-0.000482 -0.002180 1.000000
0.352308 -2.079470 1134.158016
0.035714 -1.601762 -177.420805
0.000716 -0.003713 1.000000
2.878930 -5.672584 323.056436
2.209165 -4.951511 -1863.942961
0.004617 -0.009405 1.000000
-0.395502 -1.329022 896.900885
-0.077535 -0.530712 47.271938
-0.000422 -0.001789 1.000000
-0.366858 -1.470556 1071.377714
-0.087339 -0.275234 -0.137850
-0.000477 -0.001758 1.000000
-0.178465 -1.701231 963.901112
0.000335 -0.612197 -57.670885
-0.000022 -0.002390 1.000000
0.146644 -1.418508 871.649188
0.170485 -0.935465 -9.225160
0.000321 -0.002921 1.000000
-0.328101 -0.923049 -16.695214
-0.301521 -0.841946 29.128890
-0.000761 -0.001535 1.000000
-1.168393 0.086398 1124.903587
-1.002417 0.323395 1298.790009
-0.002321 0.000541 1.000000
-0.207401 -1.539227 849.993206
-0.020533 -0.580350 27.092316
-0.000142 -0.002235 1.000000
5.624539 -9.139701 -584.881540
3.133305 -6.438372 -2212.104488
0.007153 -0.012182 1.000000
0.130308 -1.615117 329.450802
0.118373 -0.922169 -376.329901
-0.000093 -0.002866 1.000000
-0.138535 -1.692715 953.657742
-0.012450 -0.976504 -43.920009
0.000160 -0.002759 1.000000
-0.178479 -0.508861 317.382214
-0.090907 -0.236821 79.451602
-0.000631 -0.001322 1.000000
-0.409897 -1.339984 976.124892
-0.102112 -0.581439 -188.513731
-0.000416 -0.001999 1.000000
0.033852 -1.739926 846.873661
0.074836 -0.709666 -188.116631
0.000231 -0.002842 1.000000
-0.307704 -0.777367 -230.509651
-0.298458 -0.304336 -110.655965
-0.000861 -0.001339 1.000000
-0.245437 -1.156573 819.595524
0.044652 -0.555263 41.243862
-0.000124 -0.002006 1.000000
-0.004160 -1.045268 543.866513
0.119051 -0.847986 -75.738646
0.000102 -0.002767 1.000000
0.068587 -1.247652 368.126918
0.066494 -0.945702 -243.372527
-0.000123 -0.002461 1.000000
-0.002401 -1.414102 247.892498
0.057040 -1.235490 -35.081663
-0.000304 -0.002855 1.000000
-0.012785 -1.586086 699.172589
0.204714 -1.162226 -6.127392
0.000179 -0.002778 1.000000
0.227311 -2.051494 685.376512
0.145193 -1.724383 -87.138806
0.000090 -0.003403 1.000000
-0.518761 -1.039699 962.454745
-0.077136 -0.355300 -12.531857
-0.000635 -0.001465 1.000000
-0.203525 -1.436835 898.273467
0.064130 -0.703735 -79.340270
-0.000091 -0.002220 1.000000
0.276274 -1.668675 1023.136246
-0.023293 -1.022576 -61.638561
0.000253 -0.003210 1.000000
-0.293998 -1.544175 837.480437
0.079034 -0.672582 -123.516025
-0.000065 -0.002513 1.000000
1.077853 -2.357499 380.689215
0.188603 -1.168955 -459.267926
0.001273 -0.003867 1.000000
-0.495416 -1.144412 960.285136
-0.082354 -0.440505 39.449755
-0.000700 -0.001614 1.000000
-0.188904 -1.492586 907.472965
-0.084284 -0.774477 7.124530
-0.000216 -0.002352 1.000000
-0.336234 -1.167501 923.354498
-0.107326 -0.628751 -5.547090
-0.000549 -0.001974 1.000000
-0.347932 -0.615479 330.913623
-0.116952 -0.248092 -91.849705
-0.000824 -0.001394 1.000000
0.006993 -1.591928 701.669183
0.186963 -0.848648 -73.269640
0.000167 -0.002431 1.000000
-0.060750 -1.587345 781.412353
0.051917 -0.722543 -22.199305
-0.000048 -0.002254 1.000000
-0.131841 -1.668227 639.377968
0.074266 -1.137499 -25.305839
-0.000180 -0.002523 1.000000
0.162705 -1.701747 367.206153
0.236409 -1.237860 -50.396654
0.000347 -0.002819 1.000000
0.030400 -1.212389 671.362002
0.107821 -0.694353 70.340768
0.000012 -0.002022 1.000000
-0.327283 -1.042306 680.644970
-0.102760 -0.634640 -14.820252
-0.000437 -0.001880 1.000000
-0.232087 -1.044755 690.619827
0.010106 -0.725596 11.239566
-0.000238 -0.002256 1.000000
-0.033489 -1.177183 491.862053
0.094160 -1.088950 -91.752830
-0.000154 -0.002447 1.000000
-0.112114 -0.840362 572.468727
0.071105 -0.939149 53.758257
-0.000005 -0.002552 1.000000
-0.097071 -1.306162 641.761193
-0.014748 -0.467748 -25.323625
-0.000034 -0.002178 1.000000
0.037716 -1.439026 390.500812
0.222513 -1.146641 -60.160882
-0.000023 -0.002656 1.000000
-0.236670 -1.323132 655.989309
0.018739 -1.456567 32.080544
-0.000382 -0.002846 1.000000
0.004472 -1.707338 573.606472
0.211321 -1.828484 155.596205
0.000147 -0.003203 1.000000
-0.128904 -1.093456 583.282761
-0.098096 -1.022318 52.708977
-0.000461 -0.002229 1.000000
0.206807 -1.525939 273.724018
0.375343 -1.693297 38.864452
0.000344 -0.003191 1.000000
-0.213796 -1.673786 1063.506564
0.016486 -0.493636 109.116634
-0.000153 -0.002147 1.000000
-0.085070 -1.976111 483.689709
0.392899 -1.424496 -302.410628
0.000276 -0.003394 1.000000
-0.214102 -1.371140 810.337375
0.005478 -0.378425 -5.755628
-0.000226 -0.001830 1.000000
0.107652 -1.487147 449.036957
0.064218 -0.854156 -64.570832
-0.000177 -0.002327 1.000000
0.012192 -1.918418 591.730048
0.184673 -1.205511 -57.917839
-0.000020 -0.003044 1.000000
0.341515 -2.602200 463.372777
0.755139 -1.906767 -264.356466
0.001165 -0.004552 1.000000
-0.198789 -1.005848 597.229697
-0.204273 -1.023717 117.739865
-0.000536 -0.001944 1.000000
-0.248407 -0.795930 642.717122
-0.037311 -0.916477 12.105694
-0.000381 -0.002106 1.000000
-0.601314 -1.294568 734.318644
-0.202210 -0.904138 -4.482889
-0.000599 -0.002021 1.000000
-0.299052 -1.837928 415.836083
-0.180385 -1.432468 65.461963
-0.000320 -0.002918 1.000000
-0.538938 -1.083305 827.950575
-0.370837 -0.815964 48.451303
-0.001132 -0.001738 1.000000
-0.178658 -0.741624 378.992664
-0.053852 -0.447903 -82.971408
-0.000543 -0.001806 1.000000
1.213014 0.934720 -92.576516
0.085656 2.757745 -368.808602
0.000061 0.001554 1.000000
-0.145288 -0.587200 -74.132562
-0.092858 -0.618237 75.218637
-0.000442 -0.001894 1.000000
-0.479804 -0.794812 572.752400
-0.307081 -0.393468 -55.880769
-0.000872 -0.001406 1.000000
0.106516 -1.589416 381.720841
0.075906 -1.388472 -103.205577
0.000050 -0.003356 1.000000
-0.051879 -1.059311 276.014580
0.063764 -1.119180 40.864774
-0.000177 -0.002480 1.000000
0.183572 -1.215524 330.261539
0.147836 -1.128081 41.020056
-0.000002 -0.002547 1.000000
-0.053190 -0.909435 230.460121
-0.036140 -0.631716 -15.470423
-0.000316 -0.002037 1.000000
-0.048149 -1.505799 566.217683
0.122088 -0.889051 -128.245927
0.000016 -0.002516 1.000000
1.000000 0.000000 -0.000000
0.000000 1.000000 0.000000
0.000000 0.000000 1.000000
0.045109 -1.105469 142.636474
-0.019626 -0.695106 -9.641223
-0.000253 -0.002175 1.000000
0.345541 -1.401934 441.824893
0.272104 -1.202476 -43.188354
0.000290 -0.002762 1.000000
-0.126177 -0.496998 129.023331
-0.056638 -0.599303 26.031087
-0.000357 -0.001918 1.000000
-0.076224 -1.202352 418.900779
-0.034490 -0.814813 115.202994
-0.000099 -0.002158 1.000000
4.813785 5.740243 -1387.401926
0.106825 10.238356 -1197.401805
0.002168 0.008034 1.000000
-0.012328 -1.124728 317.463069
0.108813 -1.084494 -129.236301
-0.000202 -0.002456 1.000000
