-0.303076 -1.218490 -627.427674
-0.063628 -0.850381 -279.686487
-0.000528 -0.002111 1.000000
2.331566 -4.675572 6453.703748
2.223508 -4.613468 1380.194638
0.004753 -0.011337 1.000000
0.029526 -1.314180 1293.424972
0.329864 -1.632766 -514.695301
0.000229 -0.003347 1.000000
-0.529118 -0.563580 1817.768302
-0.397322 -0.673390 159.073957
-0.001185 -0.001344 1.000000
-0.644458 -0.760796 -561.277258
-0.454376 -0.382022 -45.053730
-0.001187 -0.001151 1.000000
-0.694144 -1.338667 171.481717
-0.410681 -0.881008 -27.253140
-0.001149 -0.002266 1.000000
0.064646 -1.780000 67.122373
0.180782 -1.613644 10.966977
0.000593 -0.003667 1.000000
0.107088 -1.105328 191.986866
0.114507 -1.402068 -34.812121
-0.000216 -0.002509 1.000000
-0.185838 -0.849615 -702.585697
-0.166357 -0.914627 206.252064
-0.000571 -0.002224 1.000000
-0.585951 -0.371353 599.890263
-0.552434 -0.662134 -131.459878
-0.001141 -0.001338 1.000000
-0.051371 -1.470609 67.195066
-0.037981 -1.103863 -88.521945
-0.000375 -0.002304 1.000000
0.282827 -2.172966 69.827440
-0.022872 -1.915656 11.959728
0.000151 -0.003371 1.000000
-0.141193 -1.220496 761.293067
0.076132 -1.107235 -138.099765
-0.000130 -0.002700 1.000000
-0.474860 -0.503383 -47.970489
-0.418588 -0.634646 -92.916290
-0.001044 -0.001407 1.000000
0.720163 -1.896984 945.465994
0.443419 -1.662877 -277.279873
0.001063 -0.003892 1.000000
-0.622005 -0.440267 419.212016
-0.502589 -0.773198 -50.908197
-0.001144 -0.001416 1.000000
-0.309103 -0.745947 713.525725
-0.310734 -1.037350 160.770452
-0.000682 -0.002297 1.000000
-0.202887 -1.684136 465.405548
-0.035516 -1.841819 -461.561219
-0.000027 -0.003188 1.000000
-0.090707 -1.134037 995.989762
0.068427 -1.488007 -435.753345
0.000094 -0.002975 1.000000
-0.325584 -1.422588 610.816473
-0.332611 -1.327348 -184.442933
-0.000507 -0.002714 1.000000
-0.591450 -0.765168 253.617651
-0.575603 -0.861425 -54.278005
-0.001143 -0.001558 1.000000
-0.198405 -1.824436 39.986972
-0.213605 -1.006869 13.666791
-0.000354 -0.002457 1.000000
-0.129585 -1.127957 725.782570
-0.112801 -1.302321 -295.663984
-0.000189 -0.002873 1.000000
-0.229952 -1.777940 18.103803
-0.097765 -1.467228 16.711261
-0.000270 -0.002884 1.000000
-0.302296 -0.904894 686.178765
-0.235404 -0.998372 -52.741570
-0.000718 -0.002237 1.000000
1.848219 -4.287858 179.931810
1.487960 -4.169990 -920.269018
0.002495 -0.007293 1.000000
0.350322 -2.533445 1173.297522
0.371827 -1.566717 -1400.255372
0.000938 -0.004515 1.000000
-0.636460 -0.209628 -95.950545
-0.463770 -0.550557 -137.811416
-0.001612 -0.000573 1.000000
0.029528 -1.875792 557.770439
0.245532 -1.958243 -235.479139
0.000025 -0.003412 1.000000
-0.148967 -0.840724 654.040858
-0.399082 -1.057696 126.177593
-0.000781 -0.002109 1.000000
-0.310852 -1.309910 1413.972166
-0.140233 -0.891880 512.968751
-0.000465 -0.002311 1.000000
0.536511 -2.611781 1051.102400
1.005020 -2.700650 -2358.149465
0.001915 -0.006407 1.000000
0.047992 -1.575043 632.664780
0.320316 -1.654480 -428.135174
0.000480 -0.003639 1.000000
-0.389236 -0.693190 1400.036788
-0.333281 -0.668904 -203.291905
-0.000836 -0.001768 1.000000
-0.273146 -0.669600 677.141821
-0.450545 -0.913171 139.339397
-0.000837 -0.001700 1.000000
-0.343857 -0.703486 674.167575
-0.356578 -0.720838 44.393491
-0.000868 -0.001712 1.000000
-0.382648 -0.769680 700.301580
-0.383125 -0.574110 -49.664739
-0.001187 -0.001818 1.000000
0.481238 -2.397583 245.224099
0.578070 -1.979762 -678.588765
0.001520 -0.005049 1.000000
-0.353130 -0.758125 1136.629320
-0.197677 -0.425818 -354.461051
-0.000866 -0.001720 1.000000
0.654420 -2.226711 2249.237699
0.700966 -1.643022 476.571466
0.001445 -0.004367 1.000000
-0.942556 -0.070799 315.684834
-0.966087 0.047014 -204.698521
-0.002050 -0.000352 1.000000
-0.191373 -0.920135 14.698575
-0.297937 -0.756256 -122.886664
-0.000698 -0.001816 1.000000
0.604950 -2.223243 2983.488510
0.553418 -1.760055 434.011936
0.001181 -0.005081 1.000000
0.810290 -2.498003 557.373398
0.695547 -2.077100 -443.961125
0.001669 -0.005249 1.000000
0.224813 -1.418551 800.892592
0.158430 -1.072594 -555.904738
0.000667 -0.003393 1.000000
0.395183 -2.405571 1835.965468
0.525991 -1.741030 -236.111932
0.000881 -0.004654 1.000000
-0.275948 -0.812255 737.925572
-0.241139 -0.840078 -159.154471
-0.000629 -0.001947 1.000000
0.133636 -1.206007 1011.513257
0.065066 -1.130083 -564.139199
0.000188 -0.002743 1.000000
0.189273 -1.096881 1713.816118
0.236152 -1.361964 201.229138
0.000387 -0.003693 1.000000
-0.225232 -0.657882 1012.412653
-0.181175 -0.580383 -86.698160
-0.000667 -0.001706 1.000000
-0.135336 -0.714384 738.980086
-0.067121 -0.869190 364.231630
-0.000410 -0.002561 1.000000
-0.468461 -0.271970 1197.039949
-0.388878 -0.409464 20.330927
-0.001133 -0.001414 1.000000
-0.089253 -0.998448 731.705687
-0.105478 -0.826547 -434.570707
-0.000446 -0.002454 1.000000
1.360465 -3.314966 1689.667432
0.883915 -2.138424 -109.952862
0.001704 -0.005293 1.000000
0.030922 -1.246378 209.567333
0.032609 -1.232408 -612.044435
-0.000161 -0.002737 1.000000
-0.265925 -0.798910 115.578758
-0.282765 -0.706476 -66.281952
-0.000759 -0.001800 1.000000
0.463712 -1.953598 629.244989
0.300780 -1.103369 -119.163940
0.000679 -0.003566 1.000000
1.531796 -0.208684 -53.755333
0.565559 1.074646 -112.676933
0.000946 -0.000724 1.000000
-8.493439 3.828979 -28.731538
-5.392107 1.715419 1246.847472
-0.010485 0.008038 1.000000
18.765115 -15.805895 919.106377
11.167588 -8.238054 -1583.270597
0.021141 -0.026692 1.000000
2.098431 0.853489 -251.821512
0.182498 1.992059 -167.854699
0.000642 0.000775 1.000000
0.939047 -1.137904 174.156883
0.251000 -0.450350 269.426713
0.000372 -0.002070 1.000000
1.015602 0.030031 44.493169
0.001081 0.927227 22.437641
-0.000014 -0.000136 1.000000
0.682919 -0.811250 209.885394
0.140752 -0.403966 269.006672
0.000269 -0.001786 1.000000
1.392446 0.184248 -21.063025
0.126434 1.249839 -39.781723
0.000498 0.000121 1.000000
0.488517 -1.106922 263.791007
0.194532 -1.136656 211.330212
0.000276 -0.002677 1.000000
1.192569 -1.769846 450.709415
0.675856 -1.401915 160.656315
0.001213 -0.003329 1.000000
0.965129 -0.742974 62.786956
0.125110 0.032928 295.685711
0.000229 -0.001420 1.000000
1.000000 -0.000000 -0.000000
0.000000 1.000000 0.000000
0.000000 -0.000000 1.000000
0.715094 -1.091432 179.427050
0.035901 -0.420588 366.605927
0.000047 -0.001777 1.000000
0.885270 -0.143961 132.737368
0.198562 0.755578 187.201655
0.000302 -0.000178 1.000000
0.821377 -0.810303 271.863732
0.289496 -0.294530 263.015134
0.000471 -0.001611 1.000000
1.103424 -0.129005 -48.776324
-0.001172 1.012547 15.355240
0.000143 -0.000304 1.000000
-0.557324 -0.331131 1297.278787
-0.621096 -0.218677 674.145489
-0.001528 -0.000944 1.000000
-0.754944 -0.668285 435.945018
-0.529941 -0.307239 -233.918625
-0.001257 -0.001122 1.000000
0.847470 -3.249790 3870.685331
1.434373 -4.106729 67.998284
0.003092 -0.008807 1.000000
0.764585 -0.256546 128.469454
-0.024469 0.848192 28.051161
-0.000097 -0.000294 1.000000
1.222096 -0.308941 28.900274
0.223844 1.152971 -126.942360
0.000345 -0.000383 1.000000
-2.123981 -0.819511 719.242899
-1.404778 -0.959781 628.075992
-0.002437 -0.000674 1.000000
0.896529 -0.717316 250.604697
0.433045 0.080980 122.897676
0.000644 -0.001346 1.000000
1.138511 -0.949889 333.577705
0.666716 0.045577 11.642185
0.001007 -0.001713 1.000000
-0.199793 -2.021107 871.407776
0.146002 -1.999809 228.517828
0.000226 -0.003756 1.000000
0.171245 -1.293779 594.216464
0.219590 -0.895793 196.916643
0.000210 -0.002264 1.000000
-0.794014 -0.617884 475.251914
-0.528830 -0.452015 166.652192
-0.001160 -0.001057 1.000000
1.521286 0.991326 -413.207140
-0.122792 2.791125 -232.355219
-0.000233 0.002177 1.000000
-0.164031 -3.143085 1164.679555
0.354934 -2.693246 11.642398
0.001002 -0.005814 1.000000
-0.940689 -0.755077 670.697055
-0.606725 -0.236219 72.038200
-0.001387 -0.000962 1.000000
-1.676390 0.404617 1312.279505
-1.218315 0.665237 -330.992677
-0.002585 0.001157 1.000000
0.487277 -1.764659 673.163070
0.343920 -1.069367 -116.829263
0.001134 -0.004010 1.000000
0.156945 -1.642823 907.482984
0.200723 -1.073073 6.275628
0.000340 -0.002694 1.000000
-0.040085 -1.410315 822.981858
0.208276 -1.163038 107.114055
0.000098 -0.002706 1.000000
-0.435358 -1.172506 803.192521
-0.281019 -1.056087 174.331346
-0.000592 -0.002118 1.000000
-0.450485 -1.258002 728.546628
-0.265165 -1.050209 82.666133
-0.000599 -0.002230 1.000000
0.262810 -1.808761 634.233902
0.257795 -1.286055 -115.793537
0.000810 -0.003847 1.000000
-0.061579 -1.168936 575.775735
0.118291 -1.511629 36.359902
0.000169 -0.003528 1.000000
-0.998705 -0.609100 1167.100619
-0.693160 -0.332124 341.191455
-0.001390 -0.000901 1.000000
0.252456 -1.613324 683.565982
0.234381 -1.511417 -113.601450
0.000616 -0.003827 1.000000
-0.139941 -1.433238 917.849148
0.001876 -1.560653 57.709089
-0.000116 -0.002956 1.000000
-0.297522 -1.351206 973.529992
-0.048896 -1.183321 207.540643
-0.000180 -0.002459 1.000000
-0.410926 -1.091661 673.495659
-0.280145 -0.846378 213.123418
-0.000575 -0.001854 1.000000
-0.827709 -0.602184 687.404756
-0.563712 -0.581319 173.609120
-0.001239 -0.001038 1.000000
0.518387 -2.116742 649.926175
0.600965 -3.054092 195.186548
0.001154 -0.005314 1.000000
-0.122445 -1.697220 603.219483
0.005081 -2.105407 239.976437
-0.000097 -0.003520 1.000000
0.870148 -1.427532 569.827785
0.917608 -1.227823 -24.637578
0.001367 -0.003232 1.000000
0.021276 -1.451994 388.613020
0.034946 -1.114987 127.134454
-0.000100 -0.002482 1.000000
0.310380 -1.580042 1244.173222
0.204292 -1.979398 265.850785
0.000405 -0.004125 1.000000
-1.305710 0.802826 -1064.187811
-1.293639 0.747631 357.824563
-0.002973 0.001566 1.000000
0.352512 -1.499333 412.018857
0.194129 -1.161467 130.197435
0.000549 -0.002844 1.000000
0.067511 -1.637764 731.781376
0.068960 -1.555295 104.828910
0.000181 -0.003026 1.000000
0.183301 -2.307259 1118.904119
0.426612 -2.416681 -88.233780
0.000951 -0.004793 1.000000
2.685443 -5.029268 1446.195002
2.344362 -3.798536 -808.250495
0.005243 -0.010052 1.000000
7.180996 6.654616 -2905.169059
1.632046 12.284164 -1369.564995
0.002638 0.013615 1.000000
-0.084546 -1.268697 256.813740
-0.086382 -0.939588 -22.437611
-0.000244 -0.002460 1.000000
-0.075382 -1.017237 616.294614
-0.027189 -0.857672 -10.715534
-0.000269 -0.002277 1.000000
-0.142609 -0.956492 231.035226
-0.247558 -0.709906 221.525627
-0.000551 -0.001972 1.000000
-0.357005 -1.474408 661.362477
-0.202082 -1.475507 127.864883
-0.000439 -0.002761 1.000000
-0.315864 -1.562605 926.724297
-0.261561 -1.307011 182.509976
-0.000522 -0.002345 1.000000
-0.584834 -0.897069 710.392182
-0.474792 -1.068494 165.757273
-0.001041 -0.001588 1.000000
-0.275196 -1.165067 728.696343
-0.194465 -1.059552 11.012746
-0.000503 -0.002359 1.000000
-0.007003 -1.361181 388.831320
-0.021388 -1.502614 90.587315
-0.000140 -0.002801 1.000000
0.085888 -1.454531 11.321438
0.165823 -1.319352 46.708335
-0.000045 -0.002495 1.000000
-0.341816 -1.501617 351.340329
-0.314827 -1.217789 92.537267
-0.000525 -0.002170 1.000000
-0.307602 -1.427330 566.694753
-0.211520 -1.382545 -299.294210
-0.000511 -0.002631 1.000000
-0.353127 -1.899770 396.777174
-0.277592 -1.569365 -4.401165
-0.000460 -0.002881 1.000000
-0.364470 -1.108267 391.504039
-0.347101 -0.944470 -136.610517
-0.000863 -0.001888 1.000000
-0.157999 -1.141640 489.258947
-0.150727 -1.828428 112.522101
-0.000391 -0.003029 1.000000
-0.238036 -0.974639 420.744510
-0.135438 -0.928244 -82.509633
-0.000482 -0.002048 1.000000
-0.534368 -0.704122 454.039354
-0.444562 -0.740283 85.361593
-0.000972 -0.001588 1.000000
-0.135813 -1.292821 309.935230
-0.047333 -1.550577 -55.825746
-0.000330 -0.002728 1.000000
0.369666 -1.929703 717.486140
0.197654 -1.737360 -315.383686
0.000411 -0.003463 1.000000
-0.008860 -1.642748 -68.911044
0.085436 -1.858046 -8.774946
-0.000113 -0.002839 1.000000
0.078769 -1.554850 1488.885935
-0.036613 -1.808792 -279.519790
0.000128 -0.003546 1.000000
0.368161 -2.558514 917.452462
0.383519 -2.418343 -129.024262
0.000521 -0.004199 1.000000
-0.411519 -1.002030 891.812761
-0.407599 -1.102491 -518.117498
-0.000959 -0.001993 1.000000
-0.606216 -1.220835 317.763756
-0.467905 -0.916063 92.295995
-0.000925 -0.001895 1.000000
-0.914076 -0.347837 119.069670
-0.869303 -0.580772 -408.344554
-0.001690 -0.001054 1.000000
-0.626947 -1.022730 880.419369
-0.362010 -0.754357 76.714999
-0.000798 -0.001570 1.000000
-0.856011 -1.167295 758.369020
-0.619835 -0.981378 -150.716563
-0.001264 -0.002168 1.000000
0.789302 -3.053230 442.207322
0.760037 -2.448257 -1834.623652
0.001820 -0.005591 1.000000
-0.405535 -0.791598 983.471228
-0.338332 -0.470621 -164.256154
-0.000885 -0.001572 1.000000
3.267443 -5.834309 -82.447030
2.552719 -4.726442 -3340.285041
0.005986 -0.011016 1.000000
-0.085711 -1.468250 178.990581
-0.207858 -1.189322 -332.036294
-0.000376 -0.002872 1.000000
-0.110154 -1.516449 542.145179
-0.016578 -1.347246 -128.192041
-0.000157 -0.003115 1.000000
-1.651905 1.653151 1893.304021
-1.442680 1.019433 195.051127
-0.003543 0.002074 1.000000
0.136630 -2.215866 -78.902760
0.043632 -1.594368 -174.520714
-0.000064 -0.003344 1.000000
-0.141488 -0.995159 808.345187
-0.198974 -1.487196 211.245095
-0.000290 -0.002580 1.000000
-0.356990 -0.543510 859.881519
-0.267688 -0.877398 -228.033900
-0.000785 -0.001845 1.000000
-0.757423 -1.614145 676.064202
-0.471434 -1.239184 -26.141253
-0.000954 -0.002364 1.000000
-0.388502 -1.170908 652.837935
-0.188899 -0.934810 -226.480589
-0.000526 -0.002071 1.000000
-0.883917 -0.358217 2460.948655
-0.864385 0.037029 163.538433
-0.001897 -0.000359 1.000000
-1.992842 1.218027 -825.255453
-1.330989 0.979622 -1056.133144
-0.003665 0.001876 1.000000
-0.343865 -1.288629 -543.292356
-0.006789 -0.695954 -274.559396
-0.000477 -0.002186 1.000000
-1.746204 0.997211 1677.813650
-1.652699 1.549557 -513.351270
-0.003832 0.002606 1.000000
-1.605167 0.283197 1344.217829
-0.904198 0.469272 -737.142711
-0.002535 0.000555 1.000000
-0.212165 -1.107428 1059.723735
0.018116 -1.121732 -654.077746
-0.000431 -0.002706 1.000000
-0.187109 -1.207726 916.460029
-0.091046 -1.021984 113.787679
-0.000248 -0.002523 1.000000
-0.001231 -1.640792 292.343835
-0.018029 -1.297337 -628.905520
-0.000216 -0.003255 1.000000
-1.453494 0.864775 1155.243466
-0.782624 0.366333 889.880334
-0.002504 0.000751 1.000000
0.640350 -3.187782 593.646751
0.297666 -2.193885 -29.688498
0.000949 -0.004999 1.000000
-0.290610 -1.382202 159.898777
-0.266181 -1.355628 173.263475
-0.000537 -0.002435 1.000000
-0.330337 -1.209124 905.767131
-0.327915 -0.751045 -67.520840
-0.000812 -0.001651 1.000000
-0.657203 0.007231 -405.802365
-0.581868 -0.303235 173.785172
-0.001596 -0.000360 1.000000
1.326745 -3.769987 737.189558
1.159107 -3.278044 -621.573476
0.002910 -0.008079 1.000000
-0.946553 -0.293504 927.441333
-0.666301 -0.477118 -190.556076
-0.001828 -0.000779 1.000000
-0.061555 -1.454980 170.250056
-0.274946 -1.337383 65.317611
-0.000443 -0.002655 1.000000
-0.406693 -0.599676 392.803887
-0.494782 -0.674239 -108.458794
-0.001016 -0.001414 1.000000
0.444055 -2.118280 -1152.208824
0.495471 -2.189373 -223.938530
0.001079 -0.004507 1.000000
0.050650 -1.211678 3758.517793
0.404672 -1.816913 -724.475460
0.000287 -0.003377 1.000000
-56.498529 88.052821 -19455.927936
-41.249022 58.192330 13355.196782
-0.111556 0.168758 1.000000
0.328549 -2.363331 673.491855
0.245016 -2.031633 125.769819
0.000704 -0.004600 1.000000
-0.299727 -1.234658 65.766332
-0.356888 -1.168328 -58.820656
-0.000707 -0.002439 1.000000
0.758188 -2.707768 1575.744452
0.624769 -2.708573 -444.009219
0.001094 -0.004838 1.000000
-0.262289 -1.192476 328.862295
-0.114508 -1.456666 -91.407637
-0.000460 -0.002672 1.000000
-1.168003 0.590868 2630.593142
-1.429566 0.676234 -524.573703
-0.003485 0.001831 1.000000
0.099658 -1.531216 15.803718
0.163876 -1.350998 -147.455851
0.000044 -0.003219 1.000000
-0.503168 -0.775333 415.233489
-0.491025 -0.621026 -470.652902
-0.000967 -0.001392 1.000000
-0.459064 -0.765114 627.833182
-0.541933 -0.797676 173.746138
-0.001175 -0.001599 1.000000
0.153711 -1.505406 71.241920
0.086776 -1.398686 -559.877508
0.000215 -0.003218 1.000000
-0.569933 -0.309477 768.173804
-0.471629 -0.359666 -344.379897
-0.001281 -0.000872 1.000000
-0.452286 -0.231619 9.987530
-0.560361 -0.179192 -448.219226
-0.001626 -0.000938 1.000000
-0.068979 -1.318775 11.279409
-0.133537 -1.185916 -287.564628
-0.000289 -0.002725 1.000000
0.687703 -3.518222 -407.956779
1.036961 -3.193122 -789.960108
0.002088 -0.006630 1.000000
0.333836 -1.801283 752.613425
0.454575 -2.016404 81.135517
0.001058 -0.004591 1.000000
-0.296218 -1.528102 351.470164
-0.185298 -1.198385 -233.289778
-0.000445 -0.002787 1.000000
-0.206283 -1.512132 404.149302
-0.162892 -1.011153 175.416757
-0.000344 -0.002364 1.000000
0.826345 -3.139966 2192.460463
0.305491 -2.072809 2236.563711
0.001474 -0.005857 1.000000
0.422868 -3.033000 -1845.841638
0.994940 -2.358974 -1459.215926
0.002237 -0.006581 1.000000
-0.174685 -1.060860 751.420669
-0.154425 -1.229716 -344.378128
-0.000408 -0.002342 1.000000
-0.702741 -0.512113 763.379442
-0.748686 -0.318664 -208.099829
-0.001709 -0.000522 1.000000
-0.340790 -1.503637 531.959730
-0.255737 -1.093017 -400.799112
-0.000130 -0.002709 1.000000
-1.007416 -0.356864 1933.147582
-0.723418 -0.432851 222.176222
-0.001921 -0.000457 1.000000
0.356650 -2.344707 197.374128
0.269260 -2.229414 -546.311244
0.000608 -0.004536 1.000000
0.789690 -2.649733 -851.860317
0.167231 -1.331193 -662.717745
0.000544 -0.003858 1.000000
-1.267238 -0.428103 84.939230
-0.839330 -0.274583 -21.438351
-0.001819 -0.000880 1.000000
-7.652323 8.979796 6585.432394
-4.955607 9.605280 3000.691587
-0.012325 0.015771 1.000000
0.233707 -1.543094 3239.105281
0.152298 -1.361818 -1686.342052
-0.000089 -0.002948 1.000000
-0.348670 -0.956493 745.840017
-0.325542 -0.915630 185.526807
-0.000665 -0.001828 1.000000
0.051834 -2.378181 712.195154
0.255250 -1.845913 -486.459219
0.000403 -0.003942 1.000000
-0.034961 -0.892957 687.083517
-0.276441 -1.186455 -4.860557
-0.000442 -0.002355 1.000000
0.272588 -2.182641 -275.811867
0.222393 -1.930975 -251.854733
0.000023 -0.003509 1.000000
-0.675718 -0.809600 243.769659
-0.706282 -1.082329 172.377565
-0.001238 -0.001541 1.000000
-0.805518 -0.816719 64.501417
-0.498743 -0.456940 -221.813677
-0.001318 -0.001155 1.000000
-0.849802 -0.552715 926.383608
-0.766703 -0.064261 -70.334854
-0.001653 -0.000716 1.000000
-0.620044 -0.838824 -812.001223
-0.631130 -0.567705 108.239332
-0.001323 -0.001218 1.000000
-0.881537 -0.287081 963.001697
-0.897702 0.091575 -48.170821
-0.002106 0.000199 1.000000
-0.976532 -0.784630 820.097136
-0.715317 -0.401043 -150.976442
-0.001668 -0.001066 1.000000
-0.620740 -0.368037 670.649488
-0.507690 -0.439773 -144.873459
-0.001255 -0.001127 1.000000
-1.542876 0.103411 694.565539
-0.656851 0.065740 -486.224957
-0.001980 -0.000083 1.000000
-1.197248 -0.339329 1615.623556
-0.868771 0.121004 -265.776444
-0.002091 -0.000375 1.000000
-0.741800 -1.247056 795.785049
-0.680795 -1.040880 -528.841686
-0.001277 -0.002123 1.000000
-0.029036 -1.612213 301.978076
-0.209211 -1.727780 -228.422235
-0.000250 -0.002818 1.000000
-0.383699 -1.441075 843.289713
0.134441 -1.971150 -29.637635
0.000172 -0.003680 1.000000
-0.418449 -0.729060 4.952426
-0.387558 -0.564123 -197.858959
-0.001051 -0.001641 1.000000
-0.025329 -1.428431 985.869425
-0.073606 -1.363881 -326.508026
0.000047 -0.003181 1.000000
-0.075991 -2.332196 633.852222
0.073148 -1.944072 -480.340431
0.000198 -0.004182 1.000000
-0.516088 -1.393411 698.081033
-0.173321 -0.728836 -518.839610
-0.000922 -0.001884 1.000000
-1.279434 0.266904 60.572696
-0.675721 0.230439 -639.627118
-0.002259 0.000649 1.000000
-0.314309 -0.976931 407.463862
-0.185342 -1.077965 65.440925
-0.000448 -0.002384 1.000000
-0.487363 -0.279295 -42.294876
-0.629351 -0.378561 -948.345021
-0.001475 -0.000528 1.000000
-0.143500 -1.694638 169.006087
-0.294460 -1.460608 269.102641
-0.000379 -0.002603 1.000000
0.774636 -2.778117 -357.350307
0.213283 -1.626964 471.643575
0.000948 -0.004574 1.000000
-1.384984 0.614037 5536.296092
-1.685862 1.194460 -2309.542722
-0.003132 0.002209 1.000000
0.360819 -2.125709 1194.074285
0.318750 -1.551386 -690.883263
0.000707 -0.004555 1.000000
-0.155096 -0.830302 -338.266313
-0.058047 -0.855704 -201.787992
-0.000205 -0.002432 1.000000
-0.036602 -1.196573 201.859128
0.126072 -1.070351 -71.220158
-0.000108 -0.002590 1.000000
-2.024237 1.060409 2132.897366
-1.565735 1.202851 -942.477682
-0.003473 0.001902 1.000000
-18.638234 28.333141 12460.815037
-8.951289 17.056646 -5963.938424
-0.023787 0.040883 1.000000
-0.232045 -0.789552 -195.537017
-0.394234 -1.026409 -768.323820
-0.000870 -0.002101 1.000000
-0.730000 -0.592653 1125.379982
-0.706015 -0.293127 357.334380
-0.001454 -0.000797 1.000000
-0.478986 -0.810055 1113.080955
-0.441955 -0.929935 -1078.578699
-0.001069 -0.001805 1.000000
2.792592 -6.435463 8815.553052
3.664550 -7.298919 29.233953
0.006691 -0.013914 1.000000
-0.732740 -0.613123 1038.098702
-0.422869 -0.246096 -62.035284
-0.001165 -0.001184 1.000000
-0.002809 -1.597985 93.531609
0.015930 -1.591942 -195.431746
-0.000101 -0.003150 1.000000
-0.565058 -0.949594 83.457188
-0.452711 -0.748937 -206.079143
-0.001133 -0.001737 1.000000
-0.705042 -1.043983 1371.726720
-0.161869 -0.883371 33.390705
-0.000821 -0.002072 1.000000
-6.563967 6.707665 11018.783392
-2.688140 3.487145 11030.755269
-0.008225 0.009657 1.000000
-0.611138 -0.508066 1197.443649
-0.658224 -0.514641 247.103491
-0.001285 -0.001140 1.000000
-0.891171 -0.263193 707.747526
-0.592752 -0.223287 -216.755180
-0.001483 -0.000617 1.000000
-0.944059 -0.655406 796.826467
-0.522554 -0.578966 -489.295114
-0.001290 -0.001069 1.000000
-0.328683 -1.483834 637.282166
-0.038802 -0.645591 -229.113336
-0.000493 -0.001970 1.000000
-0.686694 -0.605140 648.484139
-0.449937 -0.446794 -141.389557
-0.001140 -0.001187 1.000000
-0.453436 -0.966030 647.623589
-0.201094 -0.776500 -198.592511
-0.000803 -0.001825 1.000000
-0.229932 -1.250796 123.942594
-0.008458 -0.946124 -502.420036
-0.000345 -0.002503 1.000000
-0.149611 -1.681962 254.265989
-0.195545 -1.781440 -120.517695
-0.000462 -0.002845 1.000000
-0.413954 -1.110394 511.040969
-0.257478 -1.002723 -276.895603
-0.000640 -0.002009 1.000000
-0.409484 -0.579864 346.193530
-0.329047 -0.646888 117.698240
-0.000774 -0.001374 1.000000
-0.111020 -1.240494 135.249290
-0.004463 -1.027073 86.641691
-0.000093 -0.002494 1.000000
0.661372 -1.907829 210.619730
0.823556 -2.608222 -390.547807
0.000650 -0.004105 1.000000
-0.701630 -0.269530 1292.651906
-0.579026 -0.571965 -116.330832
-0.001205 -0.001175 1.000000
-0.371980 -0.910349 608.869942
-0.182865 -0.685998 -168.691379
-0.000621 -0.001864 1.000000
0.024970 -1.378695 -232.653503
0.196574 -1.889073 -68.070954
0.000113 -0.003429 1.000000
-0.149025 -0.646668 782.224928
-0.279191 -1.440712 402.129225
-0.000447 -0.002289 1.000000
-0.408557 -0.999909 1173.247912
-0.326508 -1.081212 183.149245
-0.000588 -0.002206 1.000000
0.583091 -3.079289 -1471.500532
0.603405 -2.916586 -1116.677440
0.001452 -0.005752 1.000000
-0.086195 -0.925832 731.581112
-0.396872 -1.088128 201.900615
-0.000777 -0.002040 1.000000
-0.199871 -1.036670 245.373441
-0.358474 -1.537084 279.358429
-0.000628 -0.002454 1.000000
0.067163 -1.383525 841.224858
0.097309 -1.396770 244.520179
0.000056 -0.002580 1.000000
-0.903350 -0.647953 31.893807
-0.959644 -0.632496 240.711270
-0.001588 -0.001226 1.000000
2.095967 -4.809271 -6107.815675
1.169101 -3.386059 -3754.870614
0.004776 -0.009879 1.000000
-0.820627 -0.661757 666.548911
-0.361798 -0.396731 -50.381220
-0.001142 -0.001253 1.000000
-0.851466 -1.010553 1219.122866
-0.769832 -0.366596 77.327698
-0.001659 -0.000933 1.000000
-0.855787 -0.632794 127.357518
-0.492235 -0.525230 -200.530253
-0.001214 -0.001159 1.000000
-1.063917 -0.170259 2024.718868
-0.714803 -0.350778 -495.611802
-0.002042 -0.000243 1.000000
-0.629013 -1.367157 622.820324
-0.327473 -1.148305 129.638156
-0.000688 -0.002159 1.000000
0.240311 -1.502330 915.992842
0.108214 -1.418300 -11.733811
0.000244 -0.002863 1.000000
-0.121049 -0.855343 509.780381
-0.176197 -1.172161 176.785640
-0.000478 -0.002096 1.000000
0.020038 -1.567850 675.204388
0.155584 -1.760067 -235.513922
0.000106 -0.003139 1.000000
-0.250790 -1.128908 215.606088
-0.137228 -1.124736 111.592217
-0.000399 -0.002086 1.000000
-0.270477 -1.370545 935.940026
-0.328649 -1.187632 -286.481384
-0.000670 -0.002114 1.000000
0.012396 -1.405254 207.326203
-0.110917 -0.691545 -588.203742
-0.000207 -0.002476 1.000000
-0.468387 -0.908149 625.842097
-0.687947 -0.551414 -71.730342
-0.001264 -0.001216 1.000000
0.696038 -2.601413 884.948009
0.693787 -2.391349 -233.609885
0.001638 -0.005828 1.000000
-0.302370 -1.137112 717.489774
-0.234473 -1.010458 43.743807
-0.000499 -0.002242 1.000000
-0.322196 -1.177994 806.684750
-0.216680 -1.588871 -141.531755
-0.000393 -0.002914 1.000000
-0.283997 -1.229696 520.151618
-0.229409 -1.224209 102.685966
-0.000497 -0.002296 1.000000
-0.269277 -1.321811 853.839132
-0.283487 -1.437180 23.146420
-0.000625 -0.002360 1.000000
-0.259368 -1.556569 522.108200
0.164791 -2.167898 -99.081373
-0.000291 -0.003357 1.000000
-0.117492 -1.510073 -238.895399
-0.143554 -1.429278 234.002675
-0.000235 -0.002798 1.000000
-0.302993 -1.188603 538.757218
-0.260671 -1.178439 202.491347
-0.000553 -0.002198 1.000000
0.001107 -1.628418 813.420562
-0.004278 -1.326429 -167.764364
-0.000009 -0.002707 1.000000
-0.508914 -0.719224 701.247390
-0.335855 -0.554693 5.359167
-0.000947 -0.001274 1.000000
0.142839 -1.449793 726.853159
-0.057283 -0.736789 -120.742675
0.000066 -0.002633 1.000000
-1.691556 0.832836 1510.528136
-1.789181 0.787254 6.611547
-0.003397 0.001166 1.000000
0.214795 -2.077097 267.233783
0.338418 -1.950765 -1014.678259
0.001142 -0.004252 1.000000
-0.237728 -0.915011 157.110357
-0.218788 -0.977144 -129.580360
-0.000462 -0.002161 1.000000
