0.117879 -1.036632 466.106379
0.014410 -0.352953 -78.680473
0.000102 -0.002186 1.000000
-0.144299 -0.808246 306.713739
-0.016006 -0.659658 -4.933184
-0.000116 -0.002354 1.000000
-0.036395 -0.369591 175.793069
0.021460 -0.215460 44.747782
-0.000002 -0.001736 1.000000
0.008170 -0.372561 122.810142
-0.020881 -0.213966 88.244326
0.000342 -0.002143 1.000000
-0.035856 -0.407910 132.420166
0.020261 -0.426476 92.703588
0.000180 -0.002183 1.000000
0.026162 -0.896114 214.470671
0.082947 -0.856945 164.295942
0.000484 -0.002886 1.000000
0.007890 -0.340867 84.997356
-0.079105 -0.272360 54.136897
-0.000313 -0.001619 1.000000
-0.003098 -0.753370 116.433827
-0.036641 -0.485452 12.213255
-0.000096 -0.002319 1.000000
0.047652 -1.313329 369.970036
0.242178 -0.970203 -320.056226
0.000709 -0.003451 1.000000
0.256095 -1.673026 837.440240
0.017359 -0.357558 -13.246745
0.000271 -0.002338 1.000000
0.016332 -0.936739 549.014355
0.007882 -0.254039 -95.440868
-0.000019 -0.001946 1.000000
0.032717 -0.428530 31.850949
-0.004460 -0.313556 20.638427
-0.000322 -0.001873 1.000000
-0.156556 -0.968290 577.761763
-0.219686 -0.609123 86.031269
-0.000283 -0.002042 1.000000
0.049886 -1.365406 597.097631
0.024008 -0.550586 -228.106968
0.000521 -0.003116 1.000000
0.072822 -0.960396 447.868440
0.053121 -0.610632 -65.403935
0.000321 -0.002328 1.000000
0.033548 -0.473104 96.579785
-0.011870 -0.366501 12.447271
0.000180 -0.002123 1.000000
0.017777 -0.387345 56.686122
0.000175 -0.224237 -8.172453
-0.000093 -0.001842 1.000000
0.018776 -0.461654 58.714610
-0.030213 -0.303929 37.213811
0.000284 -0.002192 1.000000
-0.069600 -0.629304 192.769966
-0.065322 -0.369639 -43.313740
-0.000161 -0.001974 1.000000
-0.052735 -0.685101 271.594777
-0.047624 -0.440768 21.655782
-0.000081 -0.001982 1.000000
-0.157874 -0.481322 242.122650
-0.112949 -0.278862 85.087104
-0.000116 -0.001764 1.000000
-4.795939 5.522591 2797.834324
-2.933797 3.475472 2260.225764
-0.007038 0.008674 1.000000
-21.327834 17.786201 -45558.544511
-15.838929 14.625120 -29974.888822
-0.040532 0.031421 1.000000
-0.020638 -0.572276 63.652179
-0.007820 -0.540517 -5.256892
0.000130 -0.002430 1.000000
-0.057241 -0.550546 191.394651
-0.094939 -0.467084 -3.282583
-0.000104 -0.002095 1.000000
-0.067921 -0.818761 207.483535
-0.187102 -0.637741 119.452923
-0.000334 -0.002003 1.000000
-0.114646 -0.630856 250.177007
-0.021975 -0.517401 93.093795
0.000132 -0.002193 1.000000
-0.052416 -0.298733 96.660874
-0.034451 -0.392456 157.327055
-0.000081 -0.001728 1.000000
-0.017722 -0.446982 145.326867
-0.037011 -0.391172 86.390280
-0.000085 -0.001836 1.000000
0.016358 -0.405497 100.521599
0.006641 -0.505511 88.709120
0.000206 -0.002181 1.000000
0.049967 -0.885167 74.491667
-0.026518 -0.822351 72.147910
0.000021 -0.002498 1.000000
-0.118096 -0.945220 253.107498
-0.058878 -0.673040 -69.920848
-0.000127 -0.002265 1.000000
-0.062089 -0.687481 70.171403
-0.083460 -0.463181 -14.590766
-0.000171 -0.002211 1.000000
0.047785 -1.012510 345.708548
-0.060631 -0.691568 -20.691656
-0.000165 -0.002209 1.000000
-0.024252 -0.734039 143.781398
-0.016347 -0.962013 147.564312
-0.000174 -0.002332 1.000000
0.111852 -0.984911 512.324128
-0.036119 -0.665735 -91.993082
-0.000004 -0.002329 1.000000
0.250535 -0.890868 109.750366
-0.028738 -0.386395 -32.489690
0.000157 -0.002255 1.000000
0.063876 -0.679356 191.812487
0.064058 -0.332511 -84.615526
0.000107 -0.002049 1.000000
-0.118580 -0.794213 155.695610
-0.060232 -0.474131 8.894490
-0.000056 -0.002148 1.000000
-0.087737 -0.343228 115.902527
0.011070 -0.338307 30.139657
-0.000093 -0.001914 1.000000
-0.081215 -0.615429 277.721629
-0.075123 -0.336114 -85.644000
-0.000167 -0.001880 1.000000
0.042651 -0.297385 41.707761
-0.036122 -0.277015 60.178129
-0.000028 -0.001772 1.000000
0.148397 -0.660917 50.715131
-0.043979 -0.300870 2.600922
0.000381 -0.002453 1.000000
-0.021296 -0.406778 226.935549
-0.021084 -0.105559 -4.214470
-0.000032 -0.001666 1.000000
-0.053740 -0.345054 195.221355
-0.005148 -0.104586 6.994104
-0.000127 -0.001574 1.000000
0.110600 -0.526329 115.578669
0.188828 -0.384817 -11.401019
0.000884 -0.002664 1.000000
0.003000 -0.632666 211.864319
-0.079699 -0.444246 22.937607
-0.000085 -0.002002 1.000000
0.060782 -0.577156 149.705516
-0.135368 -0.455186 31.890179
-0.000267 -0.002045 1.000000
0.282664 -0.958960 275.533133
-0.035289 -0.518488 -45.339396
0.000067 -0.002292 1.000000
-0.057291 -0.398422 38.555019
-0.125053 -0.312049 78.240089
-0.000493 -0.001652 1.000000
0.134771 -0.428180 95.006442
-0.076167 -0.402209 85.459900
-0.000146 -0.001943 1.000000
0.608686 -1.318540 398.985552
0.018400 -0.476395 -158.853288
0.000450 -0.002919 1.000000
0.091027 -0.739807 127.300806
-0.002430 -0.341118 -50.050762
-0.000091 -0.002018 1.000000
0.156344 -0.728932 140.086228
0.098111 -0.643641 -54.035935
0.000724 -0.003075 1.000000
0.056674 -0.893294 363.918556
-0.028480 -0.363274 -123.154013
0.000322 -0.002488 1.000000
0.238533 -1.353832 394.632731
0.048139 -0.583313 -113.415710
0.000401 -0.002792 1.000000
0.255579 -1.171481 578.305529
0.026593 -0.339952 -168.655444
0.000342 -0.002485 1.000000
0.045716 -0.788614 121.096500
-0.112875 -0.669041 25.039657
-0.000020 -0.002515 1.000000
0.109718 -0.693234 232.025774
0.238623 -0.701016 -187.205075
0.000542 -0.002693 1.000000
0.215449 -0.736391 123.975848
-0.038723 -0.505753 36.680063
0.000326 -0.002369 1.000000
-0.024247 -1.136605 73.312771
0.060174 -0.610015 -82.875904
0.000134 -0.002621 1.000000
-0.014914 -0.540709 119.065099
0.009292 -0.518522 91.954192
0.000148 -0.002190 1.000000
0.032117 -0.250267 109.091877
0.018066 -0.097061 -6.853651
0.000065 -0.001748 1.000000
0.504793 -1.802276 749.426296
0.112878 -1.194715 -188.621455
0.000702 -0.003585 1.000000
0.058984 -0.509525 71.948793
-0.084773 -0.287136 15.574372
-0.000323 -0.001742 1.000000
0.368596 -1.183363 195.509519
-0.022948 -0.477842 -99.647339
0.000248 -0.002436 1.000000
-0.023600 -0.788249 242.295693
-0.177102 -0.391389 72.313810
-0.000344 -0.001831 1.000000
0.133645 -1.007541 84.046599
0.166690 -0.653575 -50.202814
0.000815 -0.003040 1.000000
-0.017178 -0.874359 122.162492
-0.116948 -0.349793 56.590871
-0.000247 -0.001962 1.000000
0.205821 -1.095059 304.276044
-0.063132 -0.429166 -16.553058
0.000439 -0.002698 1.000000
0.103298 -0.921193 283.479523
0.037977 -0.352453 -21.407300
0.000261 -0.002190 1.000000
0.195106 -1.436612 354.676226
0.006074 -0.758776 -24.882180
-0.000008 -0.002656 1.000000
0.139284 -0.473637 -84.644195
-0.108990 -0.310455 38.122728
-0.000048 -0.002148 1.000000
0.101415 -1.385704 619.355278
0.076299 -0.804523 -120.545285
-0.000053 -0.002659 1.000000
0.090811 -0.908806 206.824424
-0.089403 -0.406400 21.426939
-0.000102 -0.002097 1.000000
0.009081 -0.603724 290.764401
-0.121177 -0.325451 33.883958
-0.000199 -0.001735 1.000000
0.011050 -0.411471 197.454164
0.081012 -0.149630 -2.916338
0.000427 -0.002033 1.000000
0.030883 -0.543720 199.669596
-0.039237 -0.181615 24.126444
0.000093 -0.001848 1.000000
0.187428 -1.137504 228.590081
-0.125998 -0.964149 98.294678
-0.000010 -0.002714 1.000000
-0.047217 -0.598138 204.381534
0.015976 -0.484536 29.513801
0.000114 -0.002159 1.000000
0.338176 -1.047664 322.359154
-0.101665 -0.361213 44.901402
-0.000087 -0.001922 1.000000
0.160213 -1.187677 432.408697
-0.118530 -0.601122 14.534291
-0.000028 -0.002309 1.000000
0.024377 -1.192025 383.430202
-0.064107 -0.638220 -31.194031
-0.000201 -0.002184 1.000000
0.065899 -1.576412 540.396435
0.013678 -0.557898 -282.585404
0.000167 -0.002706 1.000000
0.180093 -0.584538 170.473903
0.079645 -0.170728 19.928420
0.000906 -0.002538 1.000000
0.033508 -0.607718 240.513071
0.062322 -0.166407 -7.432508
0.000339 -0.002065 1.000000
0.320652 -1.291984 274.851951
-0.003883 -0.735806 -36.000861
0.000275 -0.002847 1.000000
0.123283 -1.379269 402.710489
-0.017898 -0.789227 22.588881
0.000003 -0.002488 1.000000
0.024284 -0.288960 119.938751
0.115296 -0.140759 -7.191597
0.000473 -0.002012 1.000000
0.420183 -1.723011 449.435076
-0.062365 -0.871700 82.148547
0.000303 -0.002812 1.000000
0.623428 -2.251622 396.802623
0.111711 -1.462504 43.016064
0.000515 -0.003600 1.000000
-0.095935 -0.989427 446.328227
-0.176430 -0.346761 85.260975
-0.000175 -0.001721 1.000000
0.159751 -1.504498 484.190454
-0.098288 -0.667257 119.045901
0.000010 -0.002200 1.000000
0.225580 -0.724767 -20.913110
0.017312 -0.380803 8.167174
0.000627 -0.002704 1.000000
0.040851 -0.912619 137.508899
-0.099772 -0.475423 33.541384
0.000060 -0.002369 1.000000
0.073677 -1.733451 588.077338
0.077674 -1.433456 53.975088
0.000287 -0.003305 1.000000
-0.107443 -0.715205 182.879818
-0.047099 -0.482036 96.460298
-0.000307 -0.001772 1.000000
-0.335501 -1.163466 698.029211
-0.244358 -0.574405 144.030262
-0.000401 -0.001860 1.000000
0.009710 -1.460847 558.233994
-0.090085 -0.997484 32.605675
0.000062 -0.002822 1.000000
-0.026179 -1.092005 450.435188
-0.096293 -0.487256 35.065008
-0.000064 -0.002006 1.000000
0.014187 -0.958053 456.152650
-0.064882 -0.328025 115.286780
-0.000109 -0.001627 1.000000
0.130442 -1.287053 372.205789
0.056593 -0.978844 -85.323946
0.000130 -0.002863 1.000000
0.040169 -1.161732 575.522003
-0.022414 -0.534222 28.970382
0.000051 -0.002076 1.000000
0.525563 -1.608640 450.065989
0.033656 -0.674952 -101.781802
0.000473 -0.002776 1.000000
0.061287 -1.197763 488.997812
-0.056303 -0.550817 -16.661060
-0.000014 -0.002217 1.000000
0.059886 -1.045314 204.712926
-0.089541 -0.750465 52.105171
0.000033 -0.002719 1.000000
0.095321 -1.177479 173.016045
0.133056 -0.835705 -19.449400
0.000569 -0.003325 1.000000
0.147809 -1.168010 509.713905
-0.037349 -0.414295 -19.559954
-0.000124 -0.002005 1.000000
0.512351 -1.937951 485.774468
0.079578 -1.156577 -41.877736
0.000496 -0.003364 1.000000
0.167878 -1.559739 399.933258
-0.110545 -0.750242 83.932300
0.000105 -0.002469 1.000000
-0.075155 -0.839789 185.148311
-0.119230 -0.545372 132.648950
-0.000287 -0.001926 1.000000
-0.093099 -0.571344 39.172128
-0.088742 -0.458592 49.574791
-0.000416 -0.001827 1.000000
0.375824 -1.961754 575.236263
-0.028058 -0.818702 -31.488666
0.000339 -0.002946 1.000000
-0.039772 -0.978230 418.975590
-0.101219 -0.322104 22.703758
-0.000241 -0.001801 1.000000
0.321686 -1.513712 495.225724
-0.065798 -0.463337 -9.284258
0.000037 -0.002284 1.000000
-0.090680 -0.974845 221.799590
-0.103425 -0.720409 203.731141
0.000034 -0.002356 1.000000
0.225890 -1.396328 285.546182
-0.138938 -1.226314 173.489463
-0.000025 -0.002812 1.000000
0.357892 -1.370096 550.140093
-0.096950 -0.204717 76.046198
0.000106 -0.001813 1.000000
0.337330 -0.396629 163.852297
-0.096422 0.319958 -41.410713
0.000123 -0.001426 1.000000
0.127637 -0.726575 220.181271
-0.264059 -0.236502 150.181760
-0.000189 -0.001629 1.000000
0.601206 -0.038551 21.584834
-0.128056 0.736577 -54.484446
-0.000153 -0.000614 1.000000
0.937173 -0.105433 -5.380258
-0.119389 1.012850 -106.633396
-0.000012 -0.000410 1.000000
0.683762 0.110593 -53.742884
-0.276021 0.711283 52.427761
-0.000374 -0.000259 1.000000
0.842960 -0.198565 110.858767
-0.143532 1.136918 -168.921435
-0.000074 -0.000404 1.000000
0.700293 -0.747352 317.041213
-0.177499 0.674729 -19.838770
-0.000037 -0.000858 1.000000
0.140808 -0.843441 317.045976
-0.316618 -0.174170 212.353374
-0.000375 -0.001319 1.000000
1.065644 0.047677 8.317593
-0.021822 1.075895 -57.298035
0.000033 0.000104 1.000000
1.000000 0.000000 -0.000000
0.000000 1.000000 -0.000000
0.000000 -0.000000 1.000000
0.887693 0.006220 126.500474
-0.107333 1.312017 -87.007956
0.000038 0.000127 1.000000
0.468821 0.387694 116.356873
-0.217144 1.235711 -46.008134
-0.000520 0.000554 1.000000
-0.100596 -0.614773 295.992761
-0.217876 -0.319642 158.711595
-0.000237 -0.001651 1.000000
-0.021963 -0.915663 392.544304
-0.160043 -0.486874 104.846820
-0.000106 -0.001959 1.000000
-0.082526 -0.846018 308.816698
-0.219421 -0.494428 151.167704
-0.000234 -0.001917 1.000000
-0.143560 -1.519120 611.633464
-0.182648 -1.084716 122.000064
-0.000097 -0.002619 1.000000
1.721789 0.221676 -262.814389
0.186174 1.442784 -244.567643
0.000697 -0.000254 1.000000
1.130591 -0.389286 73.779237
-0.008860 0.832335 -51.078693
0.000281 -0.000645 1.000000
-0.062869 -0.747561 426.604586
-0.207735 -0.184832 143.622325
-0.000291 -0.001342 1.000000
-0.372153 -1.327905 534.586100
-0.204079 -0.883898 237.845277
-0.000077 -0.002458 1.000000
0.943672 3.553436 -496.491711
-0.557174 3.463182 -298.632163
-0.001084 0.004660 1.000000
0.502538 -1.677869 809.873106
0.084847 -0.547178 -148.578759
0.000895 -0.003065 1.000000
0.202259 -2.073351 1025.431064
0.011982 -0.398698 14.886736
0.000203 -0.002360 1.000000
-0.100311 -1.152109 331.580231
-0.165329 -0.588228 81.507457
-0.000295 -0.002143 1.000000
0.370716 -1.878973 516.554845
0.069490 -1.039814 2.231193
0.000472 -0.003098 1.000000
-0.124278 -1.171957 576.303651
-0.243786 -0.963738 236.447151
-0.000331 -0.002318 1.000000
0.618034 -2.317494 1004.417037
0.001529 -0.338545 47.372809
0.000701 -0.002618 1.000000
0.081528 -0.928395 271.464678
-0.135002 -0.782420 105.094479
-0.000067 -0.002337 1.000000
0.056434 -0.661052 268.731156
-0.004104 -0.524906 -29.751433
-0.000037 -0.002162 1.000000
-0.187693 -1.905887 405.711593
-0.034491 -1.751714 193.468224
-0.000053 -0.003682 1.000000
0.051828 -0.957336 364.855027
0.036911 -0.454344 -54.162705
0.000186 -0.002219 1.000000
4.399565 -6.592636 -2708.619491
3.644901 -5.012266 -5347.967175
0.012121 -0.016353 1.000000
0.187782 -0.978921 249.429019
-0.144264 -0.900847 109.395314
-0.000249 -0.002140 1.000000
0.935635 -2.440441 1138.226021
0.227101 -0.677935 -133.663851
0.001175 -0.003371 1.000000
0.530564 -1.549715 188.144504
0.306650 -1.121033 -344.207128
0.000975 -0.003681 1.000000
0.691368 -1.894589 615.026182
0.061314 -0.386577 -145.214769
0.000822 -0.002865 1.000000
-0.030820 -1.839499 1035.890017
-0.081225 -0.479148 103.242240
0.000023 -0.002263 1.000000
0.571213 -2.279232 1006.236629
0.039654 -0.342498 34.331029
0.000522 -0.002409 1.000000
0.223358 -2.028758 929.808018
0.017892 -0.886645 -5.698340
0.000359 -0.002967 1.000000
0.203087 -1.985062 1122.146826
0.061587 -0.461441 56.497063
0.000191 -0.002270 1.000000
-0.145425 -1.148396 1088.633500
-0.129213 -0.548658 -179.620415
-0.000155 -0.001881 1.000000
-0.106461 -1.280164 507.709399
-0.239305 -0.771238 199.354489
-0.000244 -0.002133 1.000000
-41.122572 -19.710679 6534.381065
-8.511638 -65.380528 14397.876520
-0.033187 -0.049668 1.000000
0.700881 -0.157871 133.595492
-0.339638 0.914907 -26.215899
-0.000610 0.000298 1.000000
-0.023958 -1.106625 499.037822
0.001065 -0.621109 27.402436
-0.000052 -0.002148 1.000000
0.022667 -0.428689 101.224069
-0.031340 -0.376073 57.386968
-0.000019 -0.002064 1.000000
0.010475 -0.245966 34.840627
0.002622 -0.378709 76.364293
0.000169 -0.002099 1.000000
-0.050589 -0.244818 46.151508
0.077276 -0.333691 5.340892
0.000091 -0.001939 1.000000
0.152026 -0.670338 -498.738517
0.175365 -1.447437 758.316121
0.000406 -0.002672 1.000000
-0.015288 -0.517305 116.707688
-0.085047 -0.445176 125.096084
-0.000040 -0.002077 1.000000
0.244548 -1.157681 194.080340
-0.099667 -0.665104 24.642328
0.000378 -0.002744 1.000000
0.083423 -0.958050 237.554872
-0.164203 -0.763371 23.810990
-0.000262 -0.002380 1.000000
-0.108177 -1.214873 530.070084
-0.235367 -0.930132 260.098621
-0.000289 -0.002139 1.000000
0.098091 -1.380142 528.743303
-0.138592 -1.024042 141.655977
0.000002 -0.002684 1.000000
-0.012183 -0.243187 -12.531145
0.113142 -0.510489 55.593200
0.000345 -0.002305 1.000000
0.145288 -0.748961 -54.811451
0.330671 -1.069943 44.811322
0.001247 -0.003623 1.000000
-0.037793 -0.482493 118.196467
0.027511 -0.442809 120.355718
0.000203 -0.002202 1.000000
-0.078310 -0.249224 107.232078
-0.078826 -0.261922 86.280153
-0.000325 -0.001541 1.000000
-0.036087 -1.347876 320.988673
0.035457 -1.201228 119.873057
0.000145 -0.002921 1.000000
-0.044452 -0.328104 109.156538
-0.009142 -0.272237 79.111648
-0.000049 -0.001788 1.000000
-0.111985 -0.516950 73.242275
-0.022998 -0.541378 139.725785
-0.000022 -0.002169 1.000000
-0.088212 -0.326804 -12.762179
0.076731 -0.531337 63.122393
0.000800 -0.002927 1.000000
-0.062001 -0.415425 56.038545
-0.035667 -0.656153 90.981374
0.000279 -0.002592 1.000000
0.072017 -0.775361 69.792115
-0.042331 -0.737853 154.728587
0.000366 -0.002781 1.000000
0.283786 -1.901296 442.137123
0.024625 -1.107789 -169.304213
0.000493 -0.003597 1.000000
2.641685 1.222979 -570.446609
0.051669 2.368753 -491.971369
0.001183 0.000957 1.000000
0.216354 -1.419243 569.548714
-0.128512 -0.376128 27.166472
0.000028 -0.002169 1.000000
0.053437 -0.733905 28.750264
0.052274 -0.388046 38.954590
0.000634 -0.002881 1.000000
0.022866 -0.196201 19.439970
-0.012395 -0.294745 62.309825
0.000315 -0.002228 1.000000
-0.009996 -0.403172 40.969300
0.023123 -0.495004 80.564594
0.000210 -0.002318 1.000000
0.119002 -0.897246 32.880577
0.056022 -0.920922 46.505978
0.000753 -0.003462 1.000000
-0.031877 -1.017000 101.088874
0.027018 -1.420965 732.608380
0.000149 -0.002828 1.000000
-9.371077 10.259237 3467.403103
-8.686927 11.969516 -9491.077401
-0.019558 0.020276 1.000000
0.030800 -0.611563 -98.220293
-0.010214 -0.547932 22.933904
-0.000047 -0.002312 1.000000
0.018183 -0.326686 51.729270
-0.026737 -0.299662 68.825283
0.000125 -0.002030 1.000000
-0.203473 -1.565686 421.381426
-0.078188 -0.779256 -22.540040
-0.000093 -0.002787 1.000000
-1.733269 1.026008 -776.399784
-2.030675 1.930437 -1414.403071
-0.004238 0.002848 1.000000
0.041521 -0.357832 -121.172952
0.308675 -1.499229 640.008393
0.000485 -0.002542 1.000000
-0.287057 -0.660700 110.112475
-0.301298 -0.651684 604.463254
-0.000657 -0.001273 1.000000
0.084523 -1.709080 1234.693576
0.069738 -1.067894 596.447384
0.000086 -0.002242 1.000000
-3.202414 2.912863 3222.536621
-4.025111 3.650959 -771.378088
-0.006766 0.005588 1.000000
-0.113890 -0.471289 -15.101362
0.071339 -0.931198 199.070173
0.000862 -0.003181 1.000000
0.063935 -0.833933 64.151147
0.030088 -1.250249 958.973277
0.000046 -0.001946 1.000000
-0.532282 -0.352670 916.590685
-0.182040 -0.615661 498.228997
-0.000575 -0.001457 1.000000
0.174279 -1.971196 990.244875
0.002475 -0.381708 38.104837
0.000163 -0.002352 1.000000
0.044587 -1.672041 1456.105510
-0.042422 -1.378515 330.790094
-0.000056 -0.002623 1.000000
-0.129274 -1.545645 953.385907
-0.043615 -0.202749 80.313394
-0.000130 -0.001743 1.000000
0.491846 -2.175320 946.364753
0.004505 -0.641895 90.058383
0.000422 -0.002856 1.000000
0.221253 -1.981566 784.339998
-0.104577 -0.881149 -45.659265
0.000063 -0.002816 1.000000
0.210499 -1.813859 919.949004
0.017525 -0.173000 -6.565843
0.000250 -0.002147 1.000000
0.002540 -1.685647 933.332022
-0.042206 -0.945468 209.059362
-0.000087 -0.002465 1.000000
0.242051 -2.219753 1067.320069
0.070089 -0.960488 36.770255
0.000283 -0.003185 1.000000
-1.678380 0.578128 422.835340
-2.017322 1.972208 -873.384782
-0.004159 0.002309 1.000000
0.355680 -2.050297 189.490553
0.013147 -0.963689 -43.990089
0.001013 -0.003925 1.000000
0.254042 -1.826344 1562.674818
0.386992 -1.565390 738.822883
0.000467 -0.002933 1.000000
0.204798 -1.452936 -332.509246
0.177545 -1.312612 191.215812
0.000291 -0.002692 1.000000
0.528357 -1.835055 873.250178
0.084477 -0.286108 49.862905
0.000480 -0.002157 1.000000
0.554182 -2.167524 1021.331969
0.087383 -0.267263 -7.488668
0.000547 -0.002394 1.000000
-0.162825 -1.517623 847.018466
-0.072802 -0.761040 -65.348671
-0.000282 -0.002324 1.000000
-0.203445 -0.749109 715.889629
-0.012292 -0.774935 -125.944444
-0.000403 -0.001791 1.000000
-1.150409 0.169493 -109.276941
-0.868985 0.139247 -1046.587406
-0.002221 0.000376 1.000000
-0.059891 -1.266614 748.535609
-0.132844 -1.166169 807.063166
-0.000173 -0.002319 1.000000
0.238483 -1.775043 1005.223108
0.037554 -0.396918 105.461545
0.000265 -0.002000 1.000000
-0.013352 -1.492998 1083.192067
0.023868 -1.492405 1122.361727
0.000192 -0.002445 1.000000
0.133380 -1.627533 955.344066
-0.004601 -0.299330 -2.790524
0.000112 -0.002099 1.000000
-0.285228 -1.134090 995.979395
-0.004741 -0.414387 -211.888456
-0.000344 -0.001666 1.000000
0.441750 -1.202981 345.488837
0.173199 -0.328374 62.088380
0.001396 -0.003185 1.000000
0.413874 -1.959064 962.701947
0.057624 -0.259153 23.008389
0.000470 -0.002271 1.000000
0.732905 -2.250954 906.480971
0.133781 -0.420834 80.895425
0.000689 -0.002529 1.000000
-0.206256 -0.673063 285.881449
-0.188703 -0.258749 -33.309379
-0.000136 -0.001879 1.000000
-0.087819 -1.651694 875.501484
-0.003926 -0.831316 31.525296
-0.000015 -0.002699 1.000000
0.019257 -1.379319 749.835940
-0.095474 -0.349725 -35.386603
0.000204 -0.002414 1.000000
-0.090870 -1.227857 682.084540
-0.126700 -0.945899 119.923187
-0.000146 -0.002439 1.000000
-0.117132 -1.172577 316.910362
-0.031346 -1.113647 -90.303099
0.000368 -0.003349 1.000000
0.327628 -1.822498 874.475508
-0.041452 -0.468165 91.127849
0.000209 -0.002309 1.000000
-0.132564 -1.879150 716.836793
-0.264687 -1.160278 182.828226
-0.000263 -0.002884 1.000000
0.458394 -2.100704 954.955025
0.043003 -0.426497 60.620673
0.000441 -0.002419 1.000000
0.231743 -2.131128 1056.250374
0.048597 -0.427444 -19.595005
0.000370 -0.002635 1.000000
0.111627 -1.458320 976.688315
0.072455 -0.742384 -77.546141
0.000423 -0.002607 1.000000
0.576539 -2.225755 1001.217902
0.008600 -0.422840 94.477067
0.000507 -0.002523 1.000000
0.057576 -0.964435 142.195091
0.002322 -1.057564 253.328095
0.000181 -0.002323 1.000000
-0.070482 -1.688319 850.264992
-0.123695 -0.787546 45.735759
0.000035 -0.002627 1.000000
0.338657 -2.005339 952.058324
0.094984 -0.611808 96.393517
0.000383 -0.002377 1.000000
0.446762 -2.105759 1013.145003
0.084671 -0.256645 -14.874355
0.000495 -0.002441 1.000000
0.120433 -0.815315 352.221789
-0.018274 -0.072454 -39.909078
0.000371 -0.002054 1.000000
0.464720 -1.993323 844.127930
0.103948 -0.579708 23.202369
0.000541 -0.002716 1.000000
0.167202 -1.714432 938.471939
0.000890 -0.455123 12.680593
0.000195 -0.002320 1.000000
0.060693 -1.211867 608.658807
0.063892 -0.633369 -106.467436
0.000135 -0.002410 1.000000
0.111721 -1.208741 684.692566
0.040443 -0.397457 -101.959900
0.000132 -0.002309 1.000000
0.247964 -1.455713 546.807023
-0.057351 -0.600542 62.009179
0.000399 -0.002637 1.000000
0.842057 -1.978779 599.048592
-0.078450 -0.430718 72.655208
0.000768 -0.002997 1.000000
0.465272 -1.572660 299.954644
0.102139 -0.943390 -113.120827
0.000331 -0.003043 1.000000
-0.024861 -1.784802 764.438740
-0.044416 -0.916722 17.153357
0.000009 -0.002717 1.000000
-0.079703 -0.922835 553.723828
-0.135369 -0.728713 139.755565
-0.000165 -0.002115 1.000000
0.798881 -2.129332 492.243361
-0.024643 -1.065986 90.538572
0.000490 -0.003678 1.000000
-0.015311 -1.165009 590.470171
-0.132672 -0.476755 74.985457
0.000028 -0.002148 1.000000
0.339821 -1.403309 473.330372
-0.019254 -0.839438 61.821655
0.000241 -0.002762 1.000000
0.182326 -1.578825 629.868247
0.010867 -0.813392 119.845971
0.000206 -0.002379 1.000000
0.078744 -1.134425 599.194394
-0.090485 -0.480796 88.121518
0.000067 -0.002120 1.000000
0.393950 -1.415698 398.711132
-0.179093 -1.169378 206.121172
-0.000082 -0.002840 1.000000
-0.182295 -1.765160 1132.585591
-0.029962 -0.424062 55.367470
-0.000204 -0.002044 1.000000
0.473095 -1.513748 325.392270
0.025542 -0.239511 -38.278397
0.000801 -0.003039 1.000000
0.084372 -1.312651 792.018306
-0.020257 -0.066710 7.351055
0.000053 -0.001682 1.000000
0.410642 -1.840495 684.878192
-0.023764 -0.532576 -25.978514
0.000373 -0.002653 1.000000
-0.163367 -1.250015 745.217599
-0.112212 -0.454237 34.655481
-0.000316 -0.001929 1.000000
-0.145159 -1.777820 606.550590
-0.148693 -0.872144 35.813240
0.000269 -0.003174 1.000000
0.260911 -1.336095 506.010555
-0.107751 -0.548322 38.510256
0.000020 -0.002324 1.000000
0.468183 -1.747154 739.089176
0.053978 -0.388259 -148.441800
0.000443 -0.002571 1.000000
0.168813 -1.165654 371.832809
-0.060461 -0.663647 14.178769
-0.000055 -0.002330 1.000000
0.249306 -1.554561 507.149208
0.138313 -0.920313 -9.957975
0.000368 -0.002665 1.000000
0.264863 -1.756729 719.183325
0.060182 -0.856948 -2.185288
0.000318 -0.002794 1.000000
0.552228 -1.484405 333.679089
0.052879 -0.397642 -44.489827
0.000412 -0.002711 1.000000
-0.166034 -0.401775 159.369529
-0.064996 -0.404552 84.055644
-0.000178 -0.001897 1.000000
-0.078569 -1.000163 176.760046
0.041840 -0.615579 -0.846367
0.000047 -0.002291 1.000000
-0.169437 -1.214321 374.674839
-0.195725 -0.588486 150.568011
-0.000376 -0.002004 1.000000
0.078074 -1.568951 793.499859
-0.049306 -0.850599 98.786823
0.000013 -0.002409 1.000000
-0.140863 -1.273208 290.029937
-0.235033 -1.048633 179.971852
-0.000333 -0.002606 1.000000
-0.014369 -0.995539 208.753843
-0.103295 -1.137055 99.065341
0.000018 -0.002890 1.000000
0.024893 -0.202139 3.854509
0.008532 -0.222431 54.218663
0.000043 -0.001872 1.000000
-0.178403 -1.604763 916.290944
-0.038229 -0.541050 55.502269
-0.000207 -0.002189 1.000000
-0.031867 -0.387893 119.443550
0.131340 -0.474050 25.327839
0.000424 -0.002427 1.000000
0.237532 -1.043040 234.951729
-0.125898 -0.402196 -53.355918
0.000070 -0.002346 1.000000
-0.104461 -1.033886 387.354202
-0.147521 -0.611262 97.929262
-0.000164 -0.002123 1.000000
0.267157 -1.128199 16.963856
0.111654 -0.784507 -99.068567
0.000589 -0.003063 1.000000
0.397846 -1.685199 676.655277
-0.029030 -0.716891 116.983524
0.000495 -0.002635 1.000000
-0.108424 -0.886288 199.990037
0.139375 -0.978526 61.170768
0.000131 -0.002586 1.000000
-0.266907 -1.238230 789.969661
-0.092584 -0.278538 -42.756744
0.000111 -0.002022 1.000000
