0.025572 -1.325654 701.327324
0.065888 -0.397600 -62.392425
0.000043 -0.002174 1.000000
-0.135936 -0.771179 320.185379
0.005100 -0.412827 -57.643907
-0.000289 -0.002098 1.000000
-0.142688 -0.388455 166.839361
-0.092003 -0.335329 134.633784
-0.000227 -0.001717 1.000000
0.048391 -0.780150 98.594025
0.024881 -0.749520 102.306489
0.000464 -0.002701 1.000000
0.067966 -0.846377 178.673796
0.136688 -0.636356 -42.466126
0.000213 -0.002505 1.000000
0.041935 -0.674941 70.723851
-0.016055 -0.406857 91.125633
0.000557 -0.002752 1.000000
0.018803 -0.363948 84.673806
0.022919 -0.216520 5.481965
-0.000230 -0.001712 1.000000
0.023443 -0.359675 37.662570
0.029584 -0.289291 11.743171
0.000021 -0.001959 1.000000
-0.066543 -0.670970 43.441478
-0.019584 -0.643456 -244.052518
-0.000120 -0.002309 1.000000
0.293173 -2.137934 794.664664
0.012954 -0.906648 -18.278794
0.000314 -0.002961 1.000000
0.138368 -1.109642 485.318448
0.010429 -0.301866 -93.455108
0.000225 -0.002089 1.000000
0.043622 -0.398538 22.478406
0.014280 -0.302661 -0.563505
-0.000275 -0.001828 1.000000
0.385131 -1.990193 700.085657
-0.075880 -1.383604 55.084936
0.000355 -0.003102 1.000000
1.316840 -3.076357 482.436779
1.039032 -1.736398 -1302.120425
0.002012 -0.004969 1.000000
0.068832 -0.741703 392.012076
0.058705 -0.657194 3.923457
-0.000085 -0.002095 1.000000
0.070532 -0.845519 97.325456
-0.111131 -0.511040 8.482208
-0.000120 -0.002036 1.000000
0.015566 -0.815021 133.940590
-0.021163 -0.622261 21.776990
-0.000053 -0.002312 1.000000
0.219047 -0.966334 135.991492
0.166761 -0.613575 -154.068251
0.000332 -0.002668 1.000000
0.214202 -1.129583 202.139776
-0.204099 -0.244750 47.374610
-0.000111 -0.002160 1.000000
-0.061766 -0.694337 232.853431
-0.073950 -0.423115 68.125481
-0.000132 -0.001825 1.000000
-0.083934 -0.795597 266.688131
-0.053174 -0.611242 50.646753
-0.000248 -0.002011 1.000000
0.883429 -2.677932 10.529133
0.454560 -1.744882 21.046921
0.000937 -0.003820 1.000000
0.512893 -1.557109 -195.811643
0.193169 -1.304769 1.533223
0.000483 -0.002862 1.000000
-0.071382 -0.617979 190.176780
-0.049146 -0.383597 -42.573420
-0.000330 -0.001969 1.000000
0.283520 -1.337881 103.143767
0.141021 -1.000057 -331.956647
0.000560 -0.003606 1.000000
0.085646 -0.964436 261.976594
-0.140841 -0.423409 -58.166346
-0.000059 -0.002216 1.000000
0.032197 -0.981458 172.496877
0.062695 -0.887088 -47.854784
0.000531 -0.003151 1.000000
-0.132455 -0.356058 185.588676
-0.106387 -0.354230 99.018538
-0.000436 -0.001535 1.000000
0.020654 -0.489996 137.215890
0.014306 -0.313855 -63.615780
-0.000023 -0.001920 1.000000
0.173269 -0.899242 385.573803
0.059974 -0.729552 -91.513512
0.000064 -0.002440 1.000000
0.020819 -0.998206 109.294446
-0.126341 -0.741959 86.883009
-0.000250 -0.002376 1.000000
-0.083085 -1.135577 491.002711
-0.010519 -0.628855 -211.816119
-0.000105 -0.002362 1.000000
-0.086937 -0.510154 46.005575
-0.081658 -0.295537 -96.083310
-0.000415 -0.001810 1.000000
0.199422 -0.717774 376.474714
0.021716 -0.367144 -95.722227
-0.000131 -0.001996 1.000000
-0.071324 -0.544538 135.782463
-0.023136 -0.495978 90.739915
-0.000141 -0.001870 1.000000
0.009066 -0.733568 360.877719
-0.068181 -0.593946 -134.070316
-0.000071 -0.002374 1.000000
0.291098 -1.151774 308.483461
0.100023 -1.036766 -46.852426
0.000498 -0.003137 1.000000
-0.014102 -0.542038 210.840953
-0.093975 -0.424171 84.731755
-0.000175 -0.001813 1.000000
-0.218322 -0.418224 197.805138
-0.194025 -0.321425 71.696783
-0.000433 -0.001561 1.000000
0.094502 -0.594468 60.296212
0.094342 -0.543722 19.990685
0.000014 -0.002143 1.000000
0.110601 -0.897964 496.494859
-0.103716 -0.676836 -54.758523
-0.000103 -0.002364 1.000000
-0.155659 -1.511947 527.754458
0.098760 -1.522357 -133.353230
0.000637 -0.004277 1.000000
-0.045133 -0.746698 310.925758
0.236280 -0.480241 -129.239565
0.000487 -0.002668 1.000000
0.021732 -0.617444 175.976373
0.009644 -0.217081 -59.678890
-0.000028 -0.002020 1.000000
0.013368 -0.627045 174.200252
0.057015 -0.393788 -52.023482
0.000056 -0.002070 1.000000
0.184186 -0.893551 86.082980
0.079475 -0.542770 -39.843664
0.000330 -0.002602 1.000000
0.065056 -0.629319 73.149936
-0.021396 -0.566941 -112.983182
0.000158 -0.002352 1.000000
0.888632 -1.818423 140.771780
0.188346 -0.979718 -349.277732
0.001023 -0.003824 1.000000
0.185311 -1.236337 231.292708
-0.055685 -0.749802 -35.625625
0.000103 -0.002721 1.000000
-0.033871 -1.428780 400.055106
-0.053637 -0.654446 -120.780231
0.000040 -0.002258 1.000000
0.423441 -1.001234 475.564185
0.148824 -0.711521 -162.733789
0.000462 -0.003400 1.000000
0.176520 -1.221780 384.465478
-0.014517 -0.817398 -135.547463
0.000114 -0.002899 1.000000
0.258285 -0.940510 208.035429
-0.027407 -0.386274 -46.682358
-0.000096 -0.001920 1.000000
0.091850 -1.316855 238.803334
0.038913 -0.662473 -131.446067
0.000352 -0.002740 1.000000
0.158920 -1.557326 335.489624
-0.039294 -0.976519 -20.876724
-0.000090 -0.002603 1.000000
0.343160 -1.418724 357.024697
0.176123 -0.977031 -166.291277
0.000526 -0.003320 1.000000
0.363011 -1.498707 488.050918
0.035606 -0.727730 -235.590984
0.000317 -0.002886 1.000000
0.236600 -1.957690 699.603311
0.058966 -0.958318 -196.455719
0.000455 -0.003323 1.000000
2.638635 -4.819739 -1480.297136
1.786492 -2.214370 -918.895958
0.004269 -0.007788 1.000000
0.355736 -1.701221 453.309222
0.110551 -0.641883 -244.870889
0.000288 -0.002699 1.000000
-0.047196 -0.669192 114.282206
-0.090148 -0.447777 74.165081
0.000052 -0.002019 1.000000
-0.151874 -0.554918 120.144209
-0.054466 -0.494052 42.227565
-0.000324 -0.001885 1.000000
-0.082827 -0.344509 131.690091
-0.044363 -0.148232 18.939128
-0.000271 -0.001533 1.000000
1.914200 -3.047252 772.793533
0.404396 -1.534722 -313.404960
0.002361 -0.004905 1.000000
0.080891 -1.403022 430.401755
-0.042273 -0.724733 -59.969131
0.000038 -0.002581 1.000000
0.317908 -0.780578 158.617189
-0.091877 -0.501213 63.678492
-0.000170 -0.001822 1.000000
0.223025 -0.839742 155.563487
-0.042327 -0.498527 7.385386
-0.000230 -0.001925 1.000000
0.096272 -1.699343 301.585048
0.226740 -0.683838 -390.264619
0.000424 -0.002906 1.000000
-0.076863 -0.973823 180.425599
-0.079866 -0.515267 16.581761
-0.000415 -0.001898 1.000000
0.045708 -1.551228 721.736961
-0.031683 -0.469420 -166.774065
0.000067 -0.002409 1.000000
0.256338 -1.040236 386.638257
0.161696 -0.506269 -139.756081
0.000279 -0.002410 1.000000
0.133952 -0.846805 378.356109
-0.115320 -0.637912 111.787052
-0.000149 -0.002154 1.000000
0.022825 -0.232604 55.280700
-0.083296 -0.240167 49.386686
-0.000368 -0.001517 1.000000
0.224516 -1.317653 907.898373
0.011234 -0.697857 -33.478352
0.000228 -0.002466 1.000000
0.044668 -0.790976 154.703980
-0.038289 -0.456442 39.805419
-0.000276 -0.001956 1.000000
0.002637 -1.030076 570.575685
0.071307 -0.918090 21.713751
0.000050 -0.002628 1.000000
-0.022173 -0.515386 95.606660
0.010227 -0.283296 -14.132830
0.000083 -0.002073 1.000000
-0.097180 -0.432937 298.703902
-0.008318 -0.199855 30.704606
-0.000135 -0.001596 1.000000
0.189937 -0.874171 104.166294
-0.112556 -0.267626 -140.376587
-0.000202 -0.001947 1.000000
-0.085488 -0.978736 413.842756
-0.117889 -0.435646 25.106075
-0.000211 -0.001861 1.000000
0.100812 -1.082979 448.795343
-0.057681 -0.523140 15.467750
-0.000200 -0.002043 1.000000
0.367391 -1.705926 343.392818
-0.145434 -0.725021 58.119735
0.000091 -0.002784 1.000000
0.329623 -1.791285 361.826780
-0.089495 -0.890917 20.195251
0.000319 -0.002956 1.000000
0.479901 -1.742681 613.990716
0.092630 -0.640724 -285.693156
0.000524 -0.003170 1.000000
-0.060548 -0.420663 241.162292
0.022713 -0.139787 -17.578288
0.000200 -0.001999 1.000000
-0.058587 -0.575045 285.983818
0.106240 -0.234873 -39.859361
0.000271 -0.002182 1.000000
0.136631 -1.795930 710.975841
0.084896 -1.181017 25.682217
0.000078 -0.002886 1.000000
-0.104781 -1.235342 524.296889
-0.034892 -0.530151 -4.832263
-0.000219 -0.002105 1.000000
-0.065548 -0.490593 117.801073
0.174659 -0.688832 -49.118959
0.000181 -0.002459 1.000000
0.212373 -1.556240 622.182369
-0.036946 -0.331881 -19.583393
0.000077 -0.002212 1.000000
0.539319 -2.145010 604.268152
0.175183 -1.010004 -43.095784
0.000579 -0.003238 1.000000
-0.013435 -0.712843 374.197881
-0.140252 -0.171586 71.643852
-0.000011 -0.001685 1.000000
0.229992 -1.211466 592.528265
0.064940 -0.312337 -34.892069
0.000255 -0.002080 1.000000
0.199245 -0.455608 64.110298
0.068847 -0.250270 7.092144
0.000505 -0.002326 1.000000
0.038820 -0.510576 44.169594
0.008422 -0.457356 43.383189
0.000263 -0.002452 1.000000
-0.051179 -1.121443 455.064865
0.043743 -1.044125 54.061082
0.000012 -0.002734 1.000000
0.121669 -0.797283 126.252654
-0.031344 -0.587853 55.854028
0.000501 -0.002734 1.000000
0.129141 -1.214109 312.492905
0.077588 -1.031032 -7.670302
-0.000045 -0.002710 1.000000
0.111999 -1.506148 548.820910
-0.020163 -1.165643 7.216045
0.000042 -0.003017 1.000000
0.030636 -0.757967 351.286258
-0.111881 -0.244481 86.036731
-0.000092 -0.001650 1.000000
0.362489 -1.777430 539.737883
0.071987 -0.700749 80.952382
0.000323 -0.002499 1.000000
0.264636 -1.296631 369.239819
0.014116 -0.548813 -49.653746
0.000091 -0.002238 1.000000
0.270133 -1.414584 472.803249
-0.003180 -0.763108 -30.705253
0.000251 -0.002601 1.000000
0.350031 -1.786213 470.943519
-0.142311 -0.525210 3.187224
0.000194 -0.002580 1.000000
0.115255 -1.676061 696.153387
-0.093094 -0.429561 -13.908820
0.000279 -0.002537 1.000000
0.212902 -1.026288 280.702382
-0.032634 -0.492913 -43.662845
0.000100 -0.002518 1.000000
0.035379 -0.871304 76.387168
-0.002630 -0.638002 -33.820024
0.000172 -0.002734 1.000000
0.228324 -1.221153 446.383641
-0.072450 -0.488315 82.594161
-0.000023 -0.002045 1.000000
0.357097 -1.836117 547.066930
0.038472 -0.951249 -57.522992
0.000351 -0.003267 1.000000
-0.016993 -0.679566 313.360458
-0.062816 -0.180807 10.985728
-0.000239 -0.001615 1.000000
0.021026 -1.145172 211.402947
-0.061843 -0.680846 -26.234983
-0.000107 -0.002461 1.000000
-0.116368 -0.999226 332.706246
-0.144794 -0.837803 -10.753208
-0.000373 -0.002339 1.000000
0.155582 -1.710685 435.084519
0.019815 -1.186614 -23.707286
0.000052 -0.003237 1.000000
0.173969 -0.867217 451.396661
-0.043629 -0.635668 72.087211
-0.000000 -0.002050 1.000000
0.138420 -1.302978 536.866573
0.055017 -0.497729 -166.192265
-0.000062 -0.002299 1.000000
-0.243180 -1.126530 419.243640
-0.178641 -0.714404 158.147993
-0.000471 -0.001871 1.000000
-0.163337 -1.469601 423.544627
-0.191508 -1.050277 146.510838
-0.000347 -0.002413 1.000000
12.271656 4.529824 -3691.203183
1.657604 14.082215 -3311.296356
0.005720 0.007113 1.000000
0.469477 -0.570328 153.206669
-0.132518 0.316377 -7.451359
-0.000070 -0.001359 1.000000
0.173479 -0.613574 191.182235
-0.227550 -0.214213 134.146684
-0.000318 -0.001486 1.000000
0.738138 -0.280609 53.389229
-0.003538 0.660085 -54.426293
-0.000003 -0.000878 1.000000
0.979030 -0.436284 45.689744
0.059377 0.551874 -6.677823
0.000156 -0.000943 1.000000
0.465472 -0.501934 170.704458
-0.257014 0.326869 107.423189
-0.000361 -0.000836 1.000000
0.330285 -0.954009 360.985270
-0.096792 0.068333 45.480749
-0.000114 -0.001528 1.000000
0.768998 -0.034678 10.189798
-0.161444 1.101861 -61.460115
-0.000227 -0.000282 1.000000
-0.231347 -1.516838 505.969894
-0.319219 -1.051524 368.530534
-0.000477 -0.002224 1.000000
1.000000 0.000000 -0.000000
0.000000 1.000000 -0.000000
0.000000 0.000000 1.000000
1.068643 -0.082746 -7.713544
0.064587 1.092332 0.257818
0.000065 -0.000028 1.000000
0.410452 -0.168008 213.020947
-0.264145 0.875254 93.865559
-0.000455 -0.000032 1.000000
0.451257 -0.131254 227.629144
-0.132771 0.826987 44.607830
-0.000318 -0.000132 1.000000
0.021523 -0.506571 254.842365
-0.188355 -0.091422 86.910822
-0.000337 -0.001439 1.000000
-0.065887 -0.703979 306.679700
-0.139823 -0.456873 62.950906
-0.000338 -0.001851 1.000000
-0.115048 -0.528302 227.976598
-0.200704 -0.352380 153.419762
-0.000342 -0.001648 1.000000
-0.050844 -1.449431 627.338135
-0.153876 -0.724468 84.165959
-0.000249 -0.002105 1.000000
1.171975 -0.519976 56.336102
0.076994 0.621107 22.160153
0.000343 -0.000896 1.000000
1.498470 0.005560 -151.701780
0.161028 1.224437 -132.819747
0.000455 -0.000329 1.000000
0.046508 -1.537934 543.738301
-0.236217 -0.699481 231.171671
-0.000070 -0.002207 1.000000
0.142104 -0.695417 330.574373
-0.228780 0.013103 94.806443
-0.000132 -0.001392 1.000000
0.541133 -0.326744 248.377482
-0.161900 0.521081 65.032043
-0.000112 -0.000585 1.000000
0.321457 -1.423433 554.048453
-0.020826 -0.371412 -16.442865
0.000084 -0.002170 1.000000
0.335965 -2.124124 1087.983680
0.052123 -0.356948 -32.223263
0.000468 -0.002626 1.000000
-0.207520 -1.681142 662.508012
-0.189934 -0.759801 91.920169
-0.000302 -0.002530 1.000000
0.033356 -0.985181 217.682747
-0.130705 -0.625092 196.437401
-0.000179 -0.002126 1.000000
0.491814 -1.562612 542.644152
0.047885 -0.926459 -146.161455
0.000241 -0.002948 1.000000
0.302121 -1.661431 929.962652
0.059685 -0.479388 60.939984
0.000360 -0.002309 1.000000
-0.022140 -0.866511 429.426357
-0.176401 -0.417367 53.918917
-0.000398 -0.001707 1.000000
-0.067186 -0.630377 391.694545
-0.123967 -0.608787 38.853675
-0.000128 -0.002139 1.000000
-0.070511 -1.417299 468.249009
-0.075432 -1.060316 17.365622
-0.000107 -0.002792 1.000000
0.048660 -0.968273 211.973837
-0.047202 -0.705902 135.874399
-0.000166 -0.001950 1.000000
0.001368 -1.371989 24.437030
0.062007 -0.669642 -225.736519
0.000124 -0.003099 1.000000
-0.341341 -0.925514 403.631411
-0.298571 -0.581004 16.600417
-0.000778 -0.001515 1.000000
0.210061 -1.865057 983.411158
0.080405 -0.396120 -14.944698
0.000173 -0.002330 1.000000
0.054120 -1.507579 857.387231
0.022436 -0.704354 -95.329301
0.000150 -0.002737 1.000000
-0.397176 -1.482153 1153.861585
-0.146682 -0.897632 112.286408
-0.000400 -0.002083 1.000000
0.117157 -2.146595 1050.975494
-0.025683 -0.552846 39.175185
0.000209 -0.002660 1.000000
0.529660 -1.928151 916.094380
0.077872 -0.082233 -37.389811
0.000403 -0.001984 1.000000
-0.111412 -1.088225 256.815747
-0.309011 -0.541253 166.965196
-0.000548 -0.001800 1.000000
0.082845 -1.807032 1008.977291
0.047445 -0.591806 -51.725105
0.000015 -0.002417 1.000000
-0.006048 -1.368273 1056.606919
0.045760 -0.691436 -70.904896
0.000046 -0.002362 1.000000
0.378680 -0.729017 383.224839
-0.120634 0.430997 -12.116203
-0.000017 -0.001112 1.000000
0.207178 -0.867818 411.495040
-0.159427 0.010138 65.502968
-0.000102 -0.001431 1.000000
0.724914 -0.385567 160.032570
-0.244044 0.739511 13.809766
-0.000301 -0.000241 1.000000
-0.179274 -1.102598 448.829704
-0.228881 -0.382932 39.956985
-0.000376 -0.001859 1.000000
-0.099860 -0.381007 139.722182
-0.037280 -0.349956 28.212877
-0.000221 -0.001861 1.000000
-0.022862 -0.515548 117.209115
0.049914 -0.878070 90.028031
0.000022 -0.002394 1.000000
-0.009927 -0.421189 101.002810
0.007959 -0.663708 101.545377
0.000338 -0.002454 1.000000
0.893452 -1.026807 -1204.400593
0.953536 -2.341918 1317.524551
0.001890 -0.004315 1.000000
0.019957 -0.699974 81.212382
-0.025411 -0.716932 96.899181
-0.000157 -0.002308 1.000000
-0.054455 -0.914606 329.202361
0.001824 -0.878749 -45.003612
-0.000095 -0.002570 1.000000
0.161452 -1.419825 290.621390
-0.017480 -1.125563 19.038056
-0.000046 -0.002871 1.000000
-0.053100 -1.013106 419.579721
-0.172051 -0.606886 118.767388
-0.000223 -0.001985 1.000000
0.176347 -0.965924 443.365291
-0.014792 -0.269701 -42.813627
-0.000000 -0.001882 1.000000
0.051012 -0.516235 13.984029
0.034781 -0.477409 21.451775
0.000360 -0.002551 1.000000
0.086644 -0.507548 -105.733774
0.298649 -1.296178 99.136388
0.000891 -0.003326 1.000000
0.113413 -0.658103 -37.888279
0.058185 -0.982110 124.408337
0.000466 -0.002811 1.000000
-0.054722 -0.212026 30.282066
-0.089388 -0.387509 189.224173
-0.000144 -0.001678 1.000000
0.079025 -1.082054 167.388152
0.007222 -1.031991 38.152133
0.000132 -0.002839 1.000000
-0.074312 -0.431408 80.752034
0.005136 -0.485142 25.150726
0.000240 -0.002393 1.000000
0.001248 -0.414087 -76.592341
-0.018429 -0.554780 193.638457
0.000025 -0.002109 1.000000
0.119960 -0.482922 -104.464440
0.330907 -0.829273 -103.093057
0.001260 -0.003413 1.000000
-0.063071 -0.320991 16.263065
0.006725 -0.468314 21.172979
0.000068 -0.002206 1.000000
0.105789 -0.615765 1.773422
0.043671 -0.542431 -48.791098
0.000184 -0.002523 1.000000
-0.072734 -1.056031 363.197411
-0.063997 -1.086526 15.531760
-0.000083 -0.002777 1.000000
0.682965 -0.443981 139.457918
-0.164732 0.483363 22.870658
-0.000077 -0.000823 1.000000
0.104613 -1.644491 463.705117
-0.081108 -0.688959 37.481353
0.000049 -0.002585 1.000000
0.167555 -0.582381 -63.935726
-0.099381 -0.706912 186.411261
-0.000146 -0.002390 1.000000
-0.026380 -0.146053 45.521994
-0.008956 -0.235753 60.157839
-0.000219 -0.001754 1.000000
0.038525 -0.465501 -0.058610
0.055069 -0.541130 -27.717705
0.000420 -0.002534 1.000000
-0.034645 -0.290809 42.291297
0.053617 -0.415092 29.242272
0.000163 -0.002133 1.000000
0.001852 -0.618964 -130.098111
-0.142625 -1.289849 678.006377
-0.000120 -0.002087 1.000000
-1.141088 0.292975 542.132088
-0.915671 0.154585 -289.414426
-0.002338 0.000970 1.000000
-0.018997 -0.641851 91.812114
0.062962 -0.654761 -57.518444
0.000555 -0.002989 1.000000
0.100588 -1.347949 0.235117
0.145196 -1.595279 -43.369897
0.000584 -0.003924 1.000000
0.528812 -3.773416 409.493645
0.529856 -3.321707 -469.839952
0.000916 -0.007004 1.000000
-0.331392 -0.806802 -97.014773
-0.288438 -0.817878 817.687627
-0.000680 -0.001530 1.000000
0.050247 -0.613509 -71.512036
0.218419 -1.628913 722.943863
0.000466 -0.002758 1.000000
-3.899687 4.448193 4254.341354
-2.555799 2.895491 144.153060
-0.006290 0.005783 1.000000
0.172942 -1.802971 1306.307080
-0.006429 -1.183764 186.084237
0.000207 -0.002390 1.000000
0.009138 -1.176499 -306.030072
0.258639 -1.503591 -673.355882
0.000626 -0.003091 1.000000
-0.024378 -0.284254 -3.071305
-0.046383 -0.464973 122.522620
0.000411 -0.002384 1.000000
-0.038444 -0.993836 1118.965404
0.064330 -1.175850 841.469235
0.000099 -0.002271 1.000000
-0.320037 -0.942921 310.523567
-0.113479 -1.149936 169.394842
-0.000354 -0.001780 1.000000
-0.043691 -1.784552 1054.072159
-0.025582 -0.384145 51.799593
-0.000039 -0.002017 1.000000
-0.102505 -1.886430 1340.653291
0.135936 -1.338628 231.470636
0.000118 -0.002921 1.000000
-0.147826 -1.572369 909.012768
-0.061205 -0.396444 53.504996
-0.000192 -0.001980 1.000000
0.100994 -2.003924 1025.953480
0.072724 -0.399783 4.138070
0.000107 -0.002321 1.000000
0.268767 -1.772463 1329.240180
0.136111 -1.364204 148.725370
0.000490 -0.003347 1.000000
0.083138 -1.951099 916.382217
0.037938 -0.418369 26.256803
0.000074 -0.002361 1.000000
-0.270037 -1.585266 1060.861290
-0.009777 -0.574047 122.809392
-0.000287 -0.002073 1.000000
-0.084097 -1.508837 987.883422
-0.115887 -0.852698 102.387782
-0.000207 -0.002484 1.000000
-0.911633 -0.184972 42.241491
-1.019141 -0.364568 177.285413
-0.001957 -0.000244 1.000000
0.156606 -1.652503 29.443964
-0.090551 -1.305643 -135.282382
-0.000016 -0.003048 1.000000
0.320187 -1.989853 1120.823415
0.289479 -1.643125 733.040866
0.000356 -0.002621 1.000000
-0.296714 -0.434530 101.895520
-0.257709 -0.621868 80.677471
-0.000600 -0.001344 1.000000
-0.037206 -1.713846 957.144168
-0.062468 -0.643103 131.632349
-0.000093 -0.002235 1.000000
-0.019573 -2.110472 1178.016778
0.001818 -0.572575 42.923262
0.000064 -0.002541 1.000000
0.268963 -1.884112 864.017411
0.162901 -0.370368 -102.683842
0.000394 -0.002440 1.000000
0.025734 -0.965373 386.518101
-0.011174 -0.841173 29.108401
0.000262 -0.002455 1.000000
-0.430302 -0.739328 1134.366339
-0.460333 -0.645217 483.788775
-0.001045 -0.001222 1.000000
-0.295570 -0.994771 728.918550
-0.313589 -0.993878 756.908664
-0.000469 -0.001552 1.000000
0.367877 -2.334211 990.927220
0.019809 -0.451175 64.485519
0.000373 -0.002543 1.000000
-0.483033 -0.986753 911.748316
-0.367252 -0.874014 475.123840
-0.000650 -0.001416 1.000000
-0.141617 -2.037959 754.079492
0.087534 -0.912199 -326.183193
0.000234 -0.003108 1.000000
0.593068 -1.651344 780.686327
0.953559 -1.843948 -232.198682
0.001785 -0.004507 1.000000
-0.027529 -0.909964 347.807220
-0.017667 -0.496385 63.976292
-0.000061 -0.002141 1.000000
0.498544 -2.387720 986.968938
0.060507 -0.470094 53.107493
0.000571 -0.002672 1.000000
0.929294 -3.239214 967.059200
0.210184 -0.943617 28.900713
0.000827 -0.003565 1.000000
-0.272331 -0.908911 744.716888
-0.280722 -0.652730 56.477669
-0.000452 -0.001774 1.000000
-0.117850 -1.616171 840.011255
0.078551 -1.618570 74.977419
0.000112 -0.003345 1.000000
-0.169607 -1.628835 885.264304
-0.138608 -0.669603 45.284067
0.000069 -0.002637 1.000000
0.002481 -1.577794 752.667763
0.133444 -0.962223 -126.849115
0.000099 -0.002854 1.000000
0.306616 -2.305470 385.997382
0.381779 -1.539755 -520.918536
0.001133 -0.004734 1.000000
-0.032042 -1.861266 923.498666
-0.079567 -0.671648 50.252161
-0.000018 -0.002389 1.000000
0.045215 -1.962831 655.103748
0.075654 -1.853532 46.702640
0.000295 -0.003774 1.000000
0.052899 -1.868097 932.656433
0.030675 -0.381755 33.510054
-0.000042 -0.002108 1.000000
0.295878 -2.245572 971.894267
0.080045 -0.845624 -62.601757
0.000389 -0.002900 1.000000
-1.318993 0.309298 -26.373126
-0.692716 0.178006 650.583297
-0.001846 0.000345 1.000000
-0.080004 -1.646109 1106.061433
-0.136681 -0.555779 192.680964
-0.000121 -0.002201 1.000000
0.125488 -0.719953 51.671000
-0.110010 -0.882636 384.739818
-0.000107 -0.001956 1.000000
0.220278 -2.279913 1020.342065
-0.064172 -0.896352 -40.984897
0.000209 -0.002823 1.000000
-0.212271 -1.592896 1092.900810
0.178728 -0.531928 -68.182623
-0.000015 -0.002227 1.000000
0.254958 -1.999085 997.480580
-0.029518 -0.312842 59.860066
0.000216 -0.002370 1.000000
-0.067874 -0.837390 381.874031
-0.019322 -0.232033 -90.498787
-0.000076 -0.001931 1.000000
-0.440533 -1.193376 946.151513
-0.027545 -0.444348 6.961321
-0.000404 -0.001710 1.000000
-0.017151 -1.729218 923.196374
0.070771 -0.484100 -5.116603
0.000018 -0.002169 1.000000
0.373529 -1.708325 737.464775
0.193621 -0.946821 -44.072588
0.000450 -0.002678 1.000000
0.240778 -1.521987 531.496485
0.080794 -1.018727 -87.450741
0.000276 -0.002961 1.000000
-0.014486 -1.473300 493.074577
-0.062329 -1.166595 27.712882
0.000163 -0.002771 1.000000
0.351969 -1.850841 720.217188
0.050907 -0.975588 -19.721470
0.000369 -0.003104 1.000000
0.036687 -1.074003 269.916725
-0.106851 -0.541209 -87.707324
-0.000286 -0.002209 1.000000
0.193034 -1.980627 617.138809
0.151088 -1.719570 -52.981774
0.000289 -0.003724 1.000000
0.304066 -1.398778 679.121248
0.139673 -0.952471 22.613958
0.000373 -0.002928 1.000000
-0.108007 -1.271768 706.824274
-0.039588 -0.235954 -65.359578
-0.000226 -0.002023 1.000000
0.239883 -1.478806 419.723821
-0.089676 -1.142118 41.076787
0.000095 -0.003057 1.000000
0.454502 -2.501542 467.904757
-0.123219 -2.520910 364.973467
0.000071 -0.004039 1.000000
0.387875 -2.517479 439.317824
0.290875 -2.476532 178.016759
0.000338 -0.004095 1.000000
0.110902 -1.134607 498.487539
-0.149830 -0.579883 35.941593
-0.000129 -0.002269 1.000000
0.443856 -1.837870 285.826517
-0.141231 -1.569646 197.526930
-0.000032 -0.003455 1.000000
-0.043344 -1.762574 1004.158076
0.051240 -0.516900 41.486799
0.000024 -0.002190 1.000000
0.011951 -0.952749 418.680541
0.063980 -0.162124 -40.779175
-0.000149 -0.001828 1.000000
-0.161259 -1.009186 706.267413
-0.056343 -0.205269 27.464058
-0.000315 -0.001604 1.000000
0.033741 -1.551622 521.464885
-0.085470 -0.786948 111.859165
-0.000217 -0.002250 1.000000
0.995672 -2.365282 692.878435
0.433605 -1.152109 -160.730677
0.001041 -0.003727 1.000000
0.087049 -2.102270 478.491832
0.055578 -1.418987 -52.173463
0.000165 -0.003490 1.000000
0.639512 -1.659241 403.941154
0.229092 -0.981690 -106.454125
0.000405 -0.003096 1.000000
1.069108 -2.794085 825.224823
0.373019 -1.467010 -306.473430
0.001333 -0.004436 1.000000
0.233864 -1.476267 602.052388
0.033105 -1.041190 33.776156
0.000130 -0.002863 1.000000
0.611737 -1.860046 435.798237
0.229099 -1.106708 -118.648387
0.000450 -0.003155 1.000000
0.352477 -1.365418 460.770027
0.123401 -1.053920 -21.289106
0.000246 -0.003007 1.000000
0.285298 -1.159292 267.424959
-0.015718 -0.343646 -49.405255
0.000085 -0.002218 1.000000
-0.062529 -0.354118 53.436837
0.012734 -0.381463 54.988515
-0.000066 -0.001926 1.000000
-0.125823 -0.964044 89.901374
0.005913 -0.608234 37.044481
-0.000045 -0.002297 1.000000
-0.070672 -1.505042 424.989515
-0.069540 -0.648263 53.549469
-0.000172 -0.002408 1.000000
0.356898 -2.400446 876.877700
0.192172 -1.293421 -128.010076
0.000656 -0.003713 1.000000
-0.191596 -1.107390 293.118368
-0.038236 -1.058627 32.097009
-0.000212 -0.002575 1.000000
-0.026940 -1.526005 304.775098
0.224774 -1.158254 -145.351025
0.000915 -0.003734 1.000000
0.000935 -0.601262 96.234641
0.035318 -0.497394 -28.909877
0.000288 -0.002535 1.000000
0.245753 -1.625481 465.363112
0.100704 -1.187148 -5.319386
-0.000014 -0.002706 1.000000
0.027043 -0.660385 185.939162
0.057080 -0.634192 -70.837927
0.000169 -0.002425 1.000000
0.152604 -1.027377 168.799824
-0.112014 -0.699129 -57.443583
-0.000121 -0.002515 1.000000
0.772119 -1.912135 600.614903
0.400749 -1.550932 -363.975625
0.001007 -0.004287 1.000000
0.016618 -0.704484 105.237474
-0.056838 -0.887687 120.396965
-0.000043 -0.002381 1.000000
0.944606 -2.835748 497.597965
0.337173 -1.539589 -132.911690
0.001006 -0.004159 1.000000
-0.101660 -1.253511 144.322107
0.350974 -1.481239 -88.197701
0.000591 -0.003635 1.000000
-0.345496 -1.049891 782.423678
-0.163702 -0.618645 102.587686
-0.000281 -0.001979 1.000000
