-0.442123 -0.945256 567.608909
-0.114572 -0.395462 -7.370676
-0.000598 -0.001661 1.000000
-0.483196 -0.298244 333.839973
-0.321399 -0.249258 -137.915168
-0.001408 -0.001028 1.000000
-0.039011 -0.821654 149.388698
-0.121286 -0.650498 50.677149
-0.000556 -0.001868 1.000000
-0.240900 -0.691924 115.592425
-0.216652 -0.516471 111.103158
-0.000807 -0.001591 1.000000
-0.281122 -0.701900 181.698411
-0.390309 -0.774169 182.981147
-0.000906 -0.001635 1.000000
-0.219811 -0.604984 113.024973
-0.192457 -0.678134 127.250602
-0.000911 -0.001656 1.000000
-0.006872 -0.583527 100.423101
-0.096401 -0.587694 79.154242
-0.000471 -0.001842 1.000000
-0.069474 -0.982687 184.798211
-0.261662 -1.415008 179.192618
-0.000545 -0.002570 1.000000
-0.211863 -0.357181 94.891395
-0.230519 -0.745904 170.519836
-0.000680 -0.001691 1.000000
-0.414344 -1.267737 827.587971
-0.157230 -0.630658 110.383568
-0.000535 -0.001943 1.000000
-0.220418 -0.819863 430.851917
-0.080563 -0.644019 -79.677385
-0.000596 -0.001906 1.000000
-0.076448 -0.659479 -16.172076
-0.032699 -0.768018 36.506895
-0.000619 -0.002046 1.000000
-0.100890 -0.867788 491.301140
-0.145248 -0.511065 -102.046175
-0.000612 -0.001981 1.000000
-0.128354 -0.843290 494.045980
0.015817 -0.670012 -217.820606
-0.000709 -0.002011 1.000000
-0.181127 -0.494213 320.042103
-0.163346 -0.560935 107.958992
-0.000738 -0.001349 1.000000
-0.121857 -0.546578 146.637739
-0.227050 -0.673701 94.715825
-0.000706 -0.001831 1.000000
-0.110134 -0.465674 111.957337
-0.144859 -0.420045 26.288991
-0.000538 -0.001728 1.000000
-0.124219 -0.595386 120.443411
-0.197379 -0.633393 132.272138
-0.000620 -0.001714 1.000000
-0.195095 -0.288173 125.699766
-0.069626 -0.190365 -48.483307
-0.000920 -0.001243 1.000000
-0.335939 -1.083444 250.940699
-0.006941 -0.421646 -2.327492
-0.000762 -0.001939 1.000000
-0.126820 -0.438497 105.694487
-0.060572 -0.437674 65.685157
-0.000558 -0.001500 1.000000
-0.276162 -1.325325 249.375459
-0.163409 -1.144898 198.597619
-0.000271 -0.002313 1.000000
-0.238926 -0.601594 549.413378
-0.358271 -0.732071 1140.923916
-0.000692 -0.001633 1.000000
-0.245655 -0.519954 192.748392
-0.137167 -0.596766 -27.077521
-0.000728 -0.001646 1.000000
-0.098271 -0.897618 301.916059
-0.080939 -1.071216 -6.008945
-0.000450 -0.002433 1.000000
-0.066046 -1.164089 320.919152
-0.094150 -1.308049 55.706836
-0.000371 -0.002785 1.000000
-0.156661 -0.858073 199.169468
-0.267339 -1.110747 188.041139
-0.000650 -0.002086 1.000000
-0.171819 -0.359668 58.932509
-0.204393 -0.555691 118.063646
-0.000762 -0.001400 1.000000
-0.006042 -1.049375 197.496598
0.058222 -1.168108 141.044555
-0.000236 -0.002494 1.000000
-0.005258 -0.464082 211.498981
-0.158850 -0.695160 114.026257
-0.000713 -0.001723 1.000000
-0.329453 -1.203027 334.547316
-0.119533 -1.328447 43.725976
-0.000729 -0.002526 1.000000
-0.232305 -0.961440 441.423441
-0.162213 -0.865161 3.955325
-0.000671 -0.002118 1.000000
-0.186604 -0.586860 174.705425
-0.110393 -0.537826 -31.891164
-0.000643 -0.001682 1.000000
-0.167437 -0.925698 339.728959
-0.157189 -0.740615 -25.780619
-0.000501 -0.002146 1.000000
-0.199066 -0.508721 206.801270
-0.285827 -0.630627 197.302699
-0.000790 -0.001383 1.000000
-0.128544 -0.698677 381.706604
-0.090059 -0.623295 -34.319158
-0.000508 -0.001955 1.000000
-0.177143 -0.540539 197.242684
-0.214121 -0.610288 81.661840
-0.000817 -0.001639 1.000000
-0.160954 -0.841680 262.265930
-0.068360 -0.756141 -218.809692
-0.000383 -0.001996 1.000000
-0.316746 -0.567758 119.330425
-0.229664 -0.415454 4.752711
-0.001103 -0.001281 1.000000
-0.052078 -0.569856 145.829768
-0.076172 -0.433421 40.398019
-0.000584 -0.001765 1.000000
-0.147086 -0.660141 212.423177
-0.008237 -0.394269 -74.163792
-0.000581 -0.001766 1.000000
-0.229217 -0.588040 269.475570
-0.112719 -0.373623 -49.514748
-0.000844 -0.001343 1.000000
-0.230810 -0.470904 256.944616
-0.254699 -0.471905 8.769234
-0.000889 -0.001440 1.000000
-0.090227 -0.812421 166.936785
-0.006563 -0.636074 -175.147693
-0.000528 -0.002045 1.000000
-0.056466 -0.489392 101.628163
0.073737 -0.360531 -61.526796
-0.000329 -0.001866 1.000000
-0.018476 -0.811348 238.376280
-0.044369 -0.484822 -43.186007
-0.000383 -0.002020 1.000000
-0.050615 -0.625486 279.358990
-0.070531 -0.525127 46.409518
-0.000455 -0.001809 1.000000
-0.030570 -0.762580 191.428112
-0.091725 -0.627918 -26.424044
-0.000585 -0.001932 1.000000
-0.254387 -0.675749 493.254073
-0.216037 -0.608717 90.207856
-0.000766 -0.001888 1.000000
-0.123317 -0.733847 -0.828414
-0.062461 -0.765442 49.288810
-0.000505 -0.002077 1.000000
0.027751 -0.392326 218.840647
-0.186416 -0.495066 47.401492
-0.000782 -0.001825 1.000000
-0.122454 -0.283866 204.688359
-0.206407 -0.399085 13.032814
-0.000996 -0.001583 1.000000
-0.320741 -0.499471 187.017663
-0.297196 -0.361653 -8.840056
-0.000922 -0.001230 1.000000
-0.213709 -0.951705 439.783936
-0.069137 -0.670580 -67.381807
-0.000450 -0.002304 1.000000
-0.193020 -0.735561 258.705840
-0.133386 -0.553388 2.185773
-0.000795 -0.001677 1.000000
-0.366022 -0.651426 297.532195
-0.244744 -0.488056 -16.519211
-0.000923 -0.001529 1.000000
-0.179374 -1.095782 573.177379
0.021631 -0.759839 -60.987410
-0.000189 -0.002308 1.000000
-0.279840 -1.249317 659.158801
-0.081064 -0.623305 -54.722635
-0.000349 -0.002276 1.000000
-0.012042 -0.880182 287.318926
-0.146550 -0.484700 87.101274
-0.000541 -0.001757 1.000000
-0.011241 -0.845101 353.771466
-0.160448 -0.443297 34.253875
-0.000527 -0.001739 1.000000
-0.126722 -0.659949 205.205234
-0.026576 -0.433402 24.263836
-0.000325 -0.001938 1.000000
-0.001354 -0.969564 360.943444
-0.098867 -0.376092 44.740598
-0.000398 -0.001865 1.000000
-0.059400 -0.238787 128.627948
-0.043647 0.000349 -3.192370
-0.000769 -0.001238 1.000000
0.135334 -0.908357 344.271579
-0.000204 -0.400856 30.117945
-0.000188 -0.001990 1.000000
0.168690 -1.535414 551.651046
0.358541 -1.277014 -158.329735
0.000504 -0.003539 1.000000
0.041015 -1.090910 480.436463
0.075310 -0.538658 -20.440352
-0.000184 -0.002120 1.000000
0.160559 -1.284182 413.222137
0.057777 -0.760714 17.998189
-0.000241 -0.002407 1.000000
-0.303273 -1.088500 459.268411
-0.167041 -0.477682 83.129333
-0.000718 -0.001834 1.000000
-0.308955 -0.925677 454.854309
-0.069474 -0.567292 60.564193
-0.000427 -0.001994 1.000000
-0.121300 -0.785894 360.689041
-0.125620 -0.218847 47.879435
-0.000734 -0.001400 1.000000
0.053076 -1.203334 506.765138
0.094185 -0.729298 5.836088
-0.000061 -0.002405 1.000000
0.007624 -1.549266 604.215455
0.151772 -0.997771 -2.259922
0.000185 -0.003046 1.000000
-0.074751 -0.420408 95.042758
-0.119984 -0.245165 68.427912
-0.000747 -0.001366 1.000000
-0.156935 -1.087615 609.583363
-0.111029 -0.924922 18.341776
-0.000453 -0.002581 1.000000
0.162716 -0.870992 127.585967
-0.000011 -0.785172 109.830410
-0.000327 -0.002201 1.000000
-0.262911 -0.586703 448.611647
-0.049827 -0.630737 -45.311011
-0.000909 -0.002037 1.000000
-0.224600 -2.349137 1051.772190
0.120520 -2.726902 429.809877
0.000860 -0.004689 1.000000
0.805545 -0.094913 -3.792192
-0.077137 1.111763 -139.958646
-0.000361 -0.000304 1.000000
0.318843 -0.922335 289.748584
0.022598 0.029901 25.718025
-0.000214 -0.001673 1.000000
0.755984 -0.765607 265.309618
0.260635 0.399114 -25.472160
0.000361 -0.001364 1.000000
0.440840 -0.687797 346.224385
0.075221 0.332741 41.713382
0.000004 -0.001172 1.000000
0.782446 -0.378259 147.799789
0.049831 0.702097 47.844129
0.000067 -0.000644 1.000000
0.692525 -0.212331 169.620737
-0.002949 0.844205 93.463389
-0.000100 -0.000366 1.000000
0.624709 -0.440629 31.722401
0.083989 0.434945 -7.270751
-0.000243 -0.001140 1.000000
0.298816 0.196543 11.393655
-0.162652 0.853775 -91.029128
-0.000843 0.000037 1.000000
0.009181 -0.484718 211.883723
-0.122569 -0.064815 48.861723
-0.000591 -0.001253 1.000000
0.030468 -1.244539 384.404636
-0.027676 -0.542963 3.141349
-0.000247 -0.002337 1.000000
-0.094112 -0.801941 344.095004
-0.010129 -0.347165 -15.559091
-0.000522 -0.001776 1.000000
0.041225 -0.126018 54.439780
-0.122061 0.112561 46.525549
-0.000922 -0.000614 1.000000
0.863044 -0.436032 79.884020
0.311347 0.606273 -80.891677
0.000293 -0.001044 1.000000
0.563056 -0.780607 270.277448
0.258683 0.114289 6.793615
0.000172 -0.001547 1.000000
0.558480 -0.879011 307.840585
0.297500 0.058899 -83.198253
0.000346 -0.001793 1.000000
0.382665 -0.588320 259.391991
0.099280 0.207398 28.540432
-0.000056 -0.001229 1.000000
0.131778 -0.333092 161.221356
-0.068937 0.210470 -4.566505
-0.000488 -0.000983 1.000000
-0.092658 -1.038444 422.495931
-0.054946 -0.464044 -2.536946
-0.000252 -0.002174 1.000000
-0.092372 -1.142793 477.480956
-0.280022 -1.057976 147.332275
-0.000395 -0.002535 1.000000
0.033929 -0.647852 235.448530
-0.058955 -0.279067 11.269969
-0.000344 -0.001713 1.000000
-0.075514 -0.828699 435.966097
0.040400 -0.288559 -40.431673
-0.000324 -0.001869 1.000000
0.287494 -0.989545 404.450354
0.308232 -0.164629 -185.978464
0.000131 -0.002131 1.000000
0.617270 -0.758741 233.071284
0.216724 0.179897 -27.071635
0.000272 -0.001533 1.000000
0.321553 -0.935230 337.988395
0.201086 -0.305928 66.500877
0.000130 -0.001885 1.000000
0.284574 -1.211733 389.372806
0.147768 -0.634701 17.835350
0.000200 -0.002459 1.000000
-0.058064 -1.007563 399.434401
-0.103624 -0.648364 110.828276
-0.000389 -0.002011 1.000000
0.474222 -0.920725 308.728527
0.271087 -0.279783 -12.249220
0.000260 -0.002091 1.000000
0.333009 -1.084873 318.983819
0.171729 -0.560446 55.951220
0.000079 -0.002219 1.000000
-0.015702 -0.620685 241.154103
-0.024308 -0.477819 -22.536293
-0.000525 -0.001915 1.000000
-0.300703 -0.487750 165.937336
-0.257846 -0.365663 94.747499
-0.001038 -0.001455 1.000000
1.593205 -0.094293 -202.575477
0.303312 1.251045 -24.222188
0.000764 -0.000553 1.000000
0.614273 -0.837826 239.707668
0.240659 -0.059303 48.492561
0.000201 -0.001683 1.000000
0.467371 -0.591836 262.435786
0.123270 0.273862 -19.910340
0.000054 -0.001266 1.000000
1.000000 -0.000000 0.000000
-0.000000 1.000000 -0.000000
-0.000000 -0.000000 1.000000
0.738869 -0.492872 221.574598
0.193726 0.754214 -111.422161
0.000160 -0.000823 1.000000
1.071661 -0.351250 38.591224
0.211744 0.922313 -147.875634
0.000348 -0.000635 1.000000
-0.219140 -1.010935 510.666256
-0.045301 -0.736532 27.048173
-0.000345 -0.002166 1.000000
-0.048675 -0.942622 325.846743
-0.034186 -0.522298 36.490217
-0.000325 -0.002004 1.000000
-0.019606 -0.986609 321.575232
-0.143661 -0.423636 59.574857
-0.000389 -0.001963 1.000000
-0.149823 -1.569005 551.514355
-0.010443 -1.114286 83.960067
-0.000184 -0.002788 1.000000
0.004691 -1.285942 484.647037
0.100560 -0.478939 -140.355372
-0.000035 -0.002510 1.000000
-0.106278 -0.903662 352.537779
-0.094119 -0.654773 28.252568
-0.000500 -0.001953 1.000000
-0.099413 -1.244842 417.226116
-0.092769 -0.658102 40.384110
-0.000335 -0.002232 1.000000
0.076358 -1.310950 352.388670
-0.060315 -0.724169 -16.414473
-0.000218 -0.002461 1.000000
-0.216511 -1.131940 498.143338
-0.143031 -0.760799 89.407922
-0.000411 -0.002104 1.000000
-0.254242 -1.354571 404.970122
-0.111096 -0.917173 18.389153
-0.000545 -0.002402 1.000000
-0.128608 -0.871379 260.526042
-0.047354 -0.525339 -71.783230
-0.000408 -0.001912 1.000000
-0.275305 -0.979127 355.514618
-0.058656 -0.596207 6.118978
-0.000553 -0.001897 1.000000
-0.189998 -1.268999 536.431379
0.042796 -1.467626 56.724526
0.000032 -0.003014 1.000000
-0.104470 -1.316819 425.898086
-0.093859 -1.089221 74.632769
-0.000356 -0.002628 1.000000
-0.322835 -1.039573 635.954577
-0.058144 -0.988202 69.544770
-0.000409 -0.002308 1.000000
-0.030909 -0.904601 324.879065
-0.157873 -0.899121 76.132872
-0.000376 -0.002229 1.000000
0.095646 -0.809982 242.416934
-0.109961 -0.721522 36.291282
-0.000382 -0.002127 1.000000
-0.104940 -0.566848 284.450747
-0.150709 -0.449006 110.160209
-0.000516 -0.001515 1.000000
-0.229277 -0.573313 314.566432
-0.252965 -0.813232 124.488317
-0.000608 -0.001924 1.000000
-0.135073 -0.787164 196.266937
-0.161232 -0.589773 52.251669
-0.000548 -0.001704 1.000000
-0.372726 -1.106474 399.351930
-0.237873 -0.562279 61.199035
-0.000610 -0.001894 1.000000
-0.003044 -1.103898 223.369750
-0.040410 -0.778582 70.481414
-0.000297 -0.002146 1.000000
-0.102983 -1.130033 437.159123
-0.042942 -0.831570 53.383943
-0.000266 -0.002229 1.000000
0.171226 -1.051704 318.919986
0.050264 -0.634816 102.562205
-0.000054 -0.002134 1.000000
-0.330650 -1.608049 522.204677
-0.262042 -1.277091 250.639631
-0.000444 -0.002635 1.000000
-0.289602 -0.665212 387.328386
-0.217384 -0.517155 99.571015
-0.000831 -0.001416 1.000000
-0.042897 -1.262809 379.102677
-0.087480 -0.800247 12.917769
-0.000307 -0.002400 1.000000
-0.564962 -1.262045 983.825819
-0.084393 -0.521140 52.402913
-0.000659 -0.001970 1.000000
-0.296245 -1.246227 618.367940
-0.169702 -0.908903 17.284925
-0.000752 -0.002259 1.000000
-0.493253 -1.128400 725.078716
-0.211274 -0.560953 68.624676
-0.000714 -0.001765 1.000000
-0.280724 -1.010998 99.331569
-0.115517 -0.643691 37.594007
-0.000678 -0.001902 1.000000
-0.470069 -1.000058 773.429589
-0.201187 -0.548245 64.626943
-0.000670 -0.001664 1.000000
-0.197062 -0.644878 394.997238
-0.163592 -0.988736 120.391661
-0.000650 -0.002104 1.000000
0.013547 -0.650299 311.444660
-0.307837 -0.836345 158.049751
-0.000636 -0.001924 1.000000
-0.224524 -1.284593 514.346939
-0.118778 -0.997088 -9.413471
-0.000455 -0.002481 1.000000
-0.221262 -0.606553 218.839808
-0.124286 -0.359504 2.600417
-0.000715 -0.001398 1.000000
-0.329100 -1.003155 387.145180
-0.107836 -0.596862 105.503261
-0.000537 -0.001822 1.000000
-0.428639 -0.896691 514.168005
-0.241647 -0.616063 -298.950289
-0.000778 -0.001910 1.000000
-0.376013 -0.937747 904.701330
-0.158964 -0.621361 -25.849818
-0.000741 -0.002102 1.000000
-0.679118 -0.834626 859.572451
-0.221951 -0.502724 -143.719909
-0.001034 -0.001513 1.000000
-0.886419 -1.034430 21.407732
-0.419570 -0.583617 -138.762156
-0.001314 -0.001682 1.000000
-0.820867 -1.078086 921.982755
-0.292738 -0.620727 64.666459
-0.001031 -0.001419 1.000000
-0.468659 -1.170701 872.281014
-0.098140 -0.535146 91.709148
-0.000584 -0.002050 1.000000
-0.106465 -1.724906 660.254809
0.120818 -0.855477 -127.233465
-0.000167 -0.002840 1.000000
-0.915315 -0.283386 -228.751161
-0.580742 -0.434199 -140.510334
-0.001491 -0.000922 1.000000
-1.179513 -0.116534 1235.786061
-0.409779 -0.103528 84.429076
-0.001655 -0.000217 1.000000
-0.285878 -1.142324 286.167697
-0.173505 -1.021467 74.926376
-0.000665 -0.002239 1.000000
-0.019059 -0.738970 246.597389
-0.098678 -0.748542 30.674480
-0.000419 -0.002032 1.000000
0.091409 -1.235488 378.924688
0.055458 -0.771760 -39.379884
-0.000029 -0.002707 1.000000
0.708225 -0.336100 121.677441
0.099394 0.622278 -28.041674
0.000059 -0.000693 1.000000
-0.154218 -0.682723 142.504487
-0.020557 -0.754252 86.910751
-0.000427 -0.002055 1.000000
-0.013368 -0.224625 -25.658679
-0.078844 -0.428748 71.333580
-0.000700 -0.001659 1.000000
-0.119993 -0.085423 30.527588
-0.164593 -0.201041 22.074079
-0.001019 -0.000979 1.000000
-0.516306 -0.034842 832.516374
-1.041670 -0.400337 2020.906017
-0.001663 -0.000338 1.000000
-0.311322 -0.829980 172.861960
-0.261083 -0.699895 123.839120
-0.000899 -0.001660 1.000000
-0.247968 -1.853907 654.000934
0.032144 -1.141084 27.779174
-0.000131 -0.003165 1.000000
0.630505 -1.184552 432.498562
0.326460 -0.020507 -155.314972
0.000384 -0.002024 1.000000
-0.380905 -1.223914 634.890138
0.000716 -1.037793 -91.365230
-0.000557 -0.002508 1.000000
-0.011324 -0.734300 184.726343
-0.004667 -0.584785 -0.123702
-0.000495 -0.002057 1.000000
-0.152548 -0.591386 22.300576
-0.212518 -0.736537 115.668207
-0.000630 -0.001945 1.000000
-0.192209 -0.410129 -8.121590
-0.311233 -0.611439 282.020749
-0.000973 -0.001411 1.000000
-0.129377 -0.480685 42.866816
-0.169649 -0.494786 83.256183
-0.000864 -0.001666 1.000000
-0.269346 -0.192279 49.055938
-0.330880 -0.328215 96.933453
-0.001041 -0.001094 1.000000
-0.247868 -1.278517 416.247413
-0.180025 -1.280419 173.011132
-0.000419 -0.002541 1.000000
-0.214641 -0.975480 280.093262
-0.266766 -0.674114 22.014518
-0.000830 -0.001694 1.000000
-0.215142 -0.848549 196.766819
-0.359978 -0.916481 190.866400
-0.000586 -0.002153 1.000000
-0.061632 -0.670396 95.177150
-0.045167 -0.544181 53.045390
-0.000524 -0.001964 1.000000
-0.077651 -0.592032 78.850692
-0.150250 -0.638834 109.879120
-0.000702 -0.001779 1.000000
-0.047373 -0.569599 34.386416
-0.096106 -0.756838 140.541074
-0.000469 -0.002065 1.000000
-0.152819 -1.588780 542.650942
0.004329 -1.548481 61.063944
-0.000070 -0.003564 1.000000
-0.210182 -1.726476 546.010359
-0.047608 -1.086195 85.867327
-0.000256 -0.002866 1.000000
-1.076055 -2.005990 808.419716
-0.478486 -1.634023 376.076476
-0.001025 -0.003057 1.000000
-0.289958 -0.784316 248.046884
-0.291531 -0.746418 96.693664
-0.000833 -0.001743 1.000000
-0.190215 -0.302862 21.431319
-0.240219 -0.285879 101.634325
-0.001068 -0.001013 1.000000
-0.143775 -0.405387 45.859376
-0.113886 -0.438055 58.112302
-0.000843 -0.001530 1.000000
-0.239241 -1.186601 200.560472
-0.146902 -0.712975 18.231920
-0.000726 -0.002087 1.000000
0.579787 -2.830797 -2101.723736
0.866265 -2.892225 903.705582
0.001688 -0.005544 1.000000
0.470841 -1.649497 -1097.357712
0.569860 -1.563428 -234.954366
0.000866 -0.004014 1.000000
-0.227792 -0.853691 244.175605
-0.104801 -0.592712 50.913561
-0.000694 -0.001915 1.000000
-0.118950 -1.527991 262.195209
-0.144774 -1.066281 157.536619
-0.000568 -0.002390 1.000000
-0.285690 -1.120284 300.903352
-0.224165 -0.711995 -2.663736
-0.000862 -0.002033 1.000000
-0.352555 -0.763245 773.245239
-0.495321 -0.822580 199.810610
-0.000944 -0.001487 1.000000
0.131237 -0.903880 -173.640160
-0.264914 -1.346407 507.064326
-0.000397 -0.002390 1.000000
-0.251037 -0.583886 620.203715
-0.651185 -0.900815 365.350673
-0.000966 -0.001427 1.000000
-0.643973 -1.410803 1202.363262
-0.369871 -0.838268 615.039375
-0.000614 -0.001634 1.000000
-0.488996 -0.687278 585.145570
-0.492701 -0.700432 1263.124881
-0.000941 -0.001136 1.000000
-0.060964 -0.900796 181.121653
-0.076431 -0.808322 155.011207
-0.000258 -0.002125 1.000000
0.682486 -2.272087 2515.053504
0.317901 -1.931902 -309.327533
0.001132 -0.004105 1.000000
0.305901 -1.616034 7.211727
0.208227 -1.724318 2248.023251
0.000558 -0.002936 1.000000
-0.445283 -1.549041 950.147129
-0.058283 -0.706296 94.467028
-0.000492 -0.002075 1.000000
1.262848 -3.751933 3378.140040
0.609529 -2.526054 -1954.441013
0.001716 -0.005408 1.000000
-0.149417 -1.503495 901.398442
-0.024075 -0.477839 66.035196
-0.000281 -0.001995 1.000000
-0.394912 -1.433595 900.533290
-0.043988 -0.698463 71.864444
-0.000449 -0.002241 1.000000
-0.100521 -1.701092 1059.377108
-0.032792 -0.806000 -23.131479
-0.000150 -0.002327 1.000000
-0.304391 -1.720356 881.147457
-0.068850 -0.743003 59.158828
-0.000412 -0.002388 1.000000
-0.121696 -1.680835 998.373969
-0.126276 -0.974013 220.027248
-0.000265 -0.002551 1.000000
-0.392731 -1.666043 1038.199323
-0.062285 -0.569685 77.956483
-0.000390 -0.002041 1.000000
0.239124 -1.227870 -726.552128
0.343278 -1.942365 1264.040399
0.000796 -0.003552 1.000000
-0.323125 -1.110535 256.422536
-0.082699 -0.921578 -111.026487
-0.000546 -0.002202 1.000000
-0.383741 -1.201779 1503.683224
-0.270053 -1.045550 485.323296
-0.000575 -0.002058 1.000000
-0.411234 -0.416745 -449.419991
-0.560608 -0.786219 363.272387
-0.001058 -0.001230 1.000000
-0.573802 -1.645137 982.976255
-0.044024 -0.742022 148.428769
-0.000598 -0.002034 1.000000
-0.964591 -0.764446 948.659689
-0.363421 -0.457930 53.837397
-0.001305 -0.001188 1.000000
-0.524549 -1.320510 916.314477
-0.178698 -0.691655 -1742.080631
-0.000778 -0.002015 1.000000
-0.301025 -0.988341 495.113940
0.042199 -0.481540 -41.103567
-0.000337 -0.001868 1.000000
-0.165114 -0.756994 601.712990
-0.206200 -0.731908 -117.030266
-0.000644 -0.001723 1.000000
-0.294939 -1.145826 859.336315
-0.432307 -1.150170 794.134481
-0.000572 -0.001839 1.000000
-0.784541 -1.159149 981.291832
-0.156119 -0.715364 87.574131
-0.000789 -0.001740 1.000000
-5.757583 5.563323 -7595.913487
-3.967538 3.697824 1685.105851
-0.008408 0.008520 1.000000
-0.727973 -1.076898 969.046800
-0.205322 -0.471483 25.585855
-0.000911 -0.001439 1.000000
-0.280809 -0.906869 762.925300
-0.142099 -0.466563 104.601484
-0.000600 -0.001529 1.000000
-0.232972 -0.699091 334.228070
-0.113009 -0.426182 114.419537
-0.000577 -0.001679 1.000000
-0.578036 -1.222205 911.504059
-0.086932 -0.435777 117.452391
-0.000649 -0.001662 1.000000
-0.593912 -1.233348 951.507964
-0.197083 -0.645644 145.126907
-0.000722 -0.001781 1.000000
-0.665411 -1.303243 1082.314775
-0.093629 -0.436931 9.918916
-0.000654 -0.001717 1.000000
-0.443655 -1.042928 795.726136
-0.086309 -0.825735 4.424140
-0.000599 -0.002078 1.000000
-0.624081 -0.912072 760.810828
-0.153537 -1.134674 33.535393
-0.000748 -0.002402 1.000000
-0.011795 -1.218468 553.244795
-0.093804 -1.141322 121.811952
-0.000271 -0.002658 1.000000
-0.135775 -1.907171 460.600339
-0.142572 -1.346716 101.509688
-0.000490 -0.002917 1.000000
-0.426726 -1.496764 947.135856
-0.187335 -0.557995 106.196939
-0.000472 -0.002016 1.000000
-0.637767 -0.942216 855.167083
0.024332 -0.625628 -10.845869
-0.000686 -0.001443 1.000000
-0.516134 -1.118225 820.671266
-0.104951 -0.966839 130.699761
-0.000739 -0.002264 1.000000
-0.640813 -0.910689 989.982325
-0.162805 -0.439555 40.650701
-0.000852 -0.001568 1.000000
-1.527737 0.117840 1000.933337
-0.366353 0.322109 -255.239389
-0.002278 0.000480 1.000000
-0.401962 -1.178776 893.994449
-0.100388 -0.359737 101.636691
-0.000554 -0.001659 1.000000
0.727476 -1.961506 -1370.615167
0.508662 -1.664324 -697.649271
0.001445 -0.003923 1.000000
-0.587895 -1.435899 1041.718681
-0.106233 -0.659810 0.673047
-0.000504 -0.002206 1.000000
-0.704789 -1.180741 879.099875
-0.137541 -0.375674 10.289316
-0.000860 -0.001637 1.000000
-0.682825 -0.943941 949.374974
-0.091077 -0.115702 30.233547
-0.000764 -0.001230 1.000000
-0.147788 -0.747765 334.699050
-0.005482 -0.249545 -4.511551
-0.000315 -0.001816 1.000000
-0.451474 -1.283318 877.360674
-0.004396 -0.345094 -11.169552
-0.000552 -0.001685 1.000000
-0.605078 -1.029733 888.727218
-0.090180 -0.371561 73.711410
-0.000743 -0.001523 1.000000
0.042108 -1.318003 610.732393
0.048262 -0.931979 -11.418921
-0.000165 -0.002511 1.000000
-0.531552 -0.767429 494.017455
-0.287540 -0.545048 59.138163
-0.000909 -0.001380 1.000000
-0.124727 -0.649876 356.917111
-0.208119 -0.582306 84.486532
-0.000717 -0.001536 1.000000
-0.102534 -0.974434 321.537166
-0.057905 -0.696167 -50.811047
-0.000431 -0.002070 1.000000
-0.402992 -1.104085 691.992412
-0.200775 -0.620669 84.572875
-0.000708 -0.001827 1.000000
-0.313578 -1.187731 643.129814
0.021766 -0.747371 -43.429460
-0.000505 -0.002165 1.000000
-0.470339 -0.813786 602.450162
-0.097063 -1.117956 41.147240
-0.000696 -0.002120 1.000000
-0.335043 -1.434351 680.054028
-0.129631 -1.273699 94.951780
-0.000342 -0.002840 1.000000
-0.405723 -0.778859 384.934262
-0.202827 -0.491636 0.139051
-0.000949 -0.001374 1.000000
-0.158646 -0.762040 291.547106
-0.078645 -0.707714 -3.591034
-0.000593 -0.002062 1.000000
-0.014959 -1.127895 528.462302
-0.066774 -0.813823 102.144251
-0.000313 -0.002101 1.000000
-0.069088 -0.922944 504.115505
0.005474 -0.796552 13.404066
-0.000464 -0.002064 1.000000
-0.375799 -0.553445 352.436704
-0.342237 -0.466575 66.293563
-0.000967 -0.001305 1.000000
-0.933450 -0.720973 1086.481985
-0.198435 -0.201875 62.784798
-0.001059 -0.001111 1.000000
-0.309655 -0.892591 466.884516
-0.022058 -0.235746 -119.316799
-0.000489 -0.001807 1.000000
-0.214758 -1.426708 881.010548
0.009092 -0.248315 -30.267254
-0.000279 -0.001896 1.000000
-0.153621 -1.448461 714.696763
-0.082262 -0.923047 33.035534
-0.000330 -0.002460 1.000000
-0.270198 -1.423920 778.794400
-0.062138 -0.914435 35.489985
-0.000497 -0.002416 1.000000
-0.507358 -1.094394 518.040885
-0.190643 -0.707132 -41.831755
-0.000974 -0.001828 1.000000
0.224125 -1.364325 337.305179
0.216126 -1.198659 -100.524474
-0.000045 -0.002681 1.000000
0.074619 -0.914424 417.318253
-0.094013 -0.736408 83.664335
-0.000287 -0.002138 1.000000
-0.466442 -0.968102 360.794610
-0.184942 -1.400543 130.036182
-0.000761 -0.002548 1.000000
-0.102486 -1.321521 305.654667
0.058577 -1.040558 64.534587
-0.000289 -0.002399 1.000000
-0.294003 -1.464486 521.334803
-0.249519 -1.377043 196.358411
-0.000635 -0.002426 1.000000
-0.247013 -0.874482 312.063617
-0.099289 -0.563504 -6.889023
-0.000672 -0.001916 1.000000
-0.165967 -0.635084 238.479684
-0.172973 -0.853868 66.544530
-0.000669 -0.001994 1.000000
0.414089 -0.541242 265.648009
0.094981 0.423898 -51.132556
-0.000129 -0.001015 1.000000
-1.367662 -2.182218 900.131247
-0.503399 -1.554407 383.447629
-0.001239 -0.002859 1.000000
-0.669595 -0.910511 836.729709
-0.391321 -0.499647 109.518088
-0.001079 -0.001388 1.000000
-0.111849 -0.958682 213.013458
-0.089691 -0.885515 26.536975
-0.000528 -0.002200 1.000000
-0.265939 -0.712957 219.000543
-0.278383 -0.671218 137.849051
-0.000832 -0.001498 1.000000
-0.141789 -1.203096 298.832582
-0.218039 -1.293996 204.961102
-0.000581 -0.002430 1.000000
-0.344321 -1.275406 666.477888
0.010783 -0.769074 -26.059097
-0.000351 -0.002021 1.000000
-0.021865 -1.097636 227.648955
0.004913 -1.480956 171.034496
-0.000186 -0.002815 1.000000
-0.098608 -0.519491 165.944043
-0.108443 -0.432299 36.336246
-0.000673 -0.001609 1.000000
-0.180010 -0.988568 331.589444
-0.035219 -0.798314 11.576847
-0.000436 -0.001994 1.000000
-0.408080 -0.684464 240.236637
-0.247419 -0.798199 30.624668
-0.001026 -0.001803 1.000000
-0.075954 -0.731873 428.960240
-0.039134 -0.604429 -78.728778
-0.000553 -0.002034 1.000000
-0.289711 -1.046036 338.577652
-0.258364 -0.716939 58.594873
-0.000806 -0.001765 1.000000
-0.393508 -0.824203 685.886543
-0.203508 -0.792075 187.761947
-0.000725 -0.001796 1.000000
