-0.333048 -1.268828 298.459913
-0.059518 -0.661349 -148.839054
-0.000315 -0.002076 1.000000
-0.095433 -1.189950 146.847995
-0.154360 -1.122357 38.691828
-0.000255 -0.002675 1.000000
-0.011483 -0.917276 406.281629
-0.083816 -0.553838 1.109236
-0.000219 -0.001918 1.000000
-0.369052 -0.416238 -151.325075
-0.380891 -0.183850 205.556389
-0.000972 -0.000940 1.000000
-0.424687 -0.264171 104.307371
-0.408681 -0.390717 -384.970359
-0.001277 -0.000954 1.000000
-0.196167 -0.923997 426.757746
-0.234325 -0.592181 8.886970
-0.000488 -0.001838 1.000000
-0.074050 -1.322028 -20.779549
-0.034309 -1.025427 -279.087747
0.000260 -0.003256 1.000000
-0.213993 -0.686571 72.855331
-0.152056 -0.542094 -261.003613
-0.000767 -0.001882 1.000000
-0.234339 -0.671610 393.064300
-0.311674 -0.520473 -387.337246
-0.000872 -0.001507 1.000000
0.006050 -1.519652 1221.126830
0.035478 -0.998741 -738.176669
0.000209 -0.003144 1.000000
-0.575242 -0.659398 292.434847
-0.255138 -0.478599 -517.852723
-0.000953 -0.001434 1.000000
-0.090220 -0.639811 47.907888
-0.104859 -0.658072 85.619174
-0.000619 -0.001777 1.000000
-1.055389 0.565618 -979.460728
-0.549279 0.035145 -177.684797
-0.002119 0.000251 1.000000
0.256284 -1.601468 709.092651
0.376642 -1.348404 -716.268572
0.000324 -0.003028 1.000000
-0.200583 -0.971721 276.206919
-0.050015 -0.873646 -257.460892
-0.000313 -0.002262 1.000000
-0.035770 -1.459748 219.366858
0.000854 -1.264314 -135.245630
-0.000156 -0.002798 1.000000
-0.014604 -1.088219 175.340510
0.078281 -0.660006 -146.116410
-0.000139 -0.002180 1.000000
-0.254783 -0.744202 110.129774
-0.136211 -0.750483 -202.335435
-0.000612 -0.001776 1.000000
-0.150133 -1.059816 72.388698
-0.121205 -0.838251 -121.746752
-0.000308 -0.002224 1.000000
-0.031697 -1.920190 332.676142
-0.051489 -1.057737 -359.545083
0.000043 -0.002843 1.000000
0.341875 -1.731165 38.770173
0.369064 -1.401086 -456.502981
0.001211 -0.004018 1.000000
-0.469449 -0.758752 -213.506863
-0.362362 -0.454589 319.083331
-0.000916 -0.001177 1.000000
-1.212935 0.400684 -27.587854
-0.913834 0.390896 -1002.944624
-0.002577 0.000963 1.000000
-0.250496 -0.671639 303.345644
-0.094225 -0.561864 -56.494186
-0.000888 -0.001439 1.000000
-0.143399 -0.866771 490.192945
-0.041325 -0.699536 -410.309475
-0.000512 -0.001928 1.000000
-0.139847 -1.182560 1098.414380
0.123686 -1.102628 -341.994049
-0.000041 -0.002639 1.000000
-0.058450 -0.548591 -23.227833
-0.122006 -0.670961 -3.984897
-0.000472 -0.001788 1.000000
-0.127413 -0.438612 -149.778603
-0.135339 -0.477630 27.909218
-0.000896 -0.001169 1.000000
-0.118799 -0.905922 222.967750
-0.171818 -0.677237 3.841979
-0.000317 -0.001978 1.000000
-0.115473 -0.492012 300.754480
-0.210020 -0.608771 103.927008
-0.000643 -0.001564 1.000000
-0.256606 -1.115237 377.071468
-0.099765 -0.844543 -27.502555
-0.000321 -0.002233 1.000000
0.238450 -1.526906 19.108190
0.167873 -1.239489 -198.686166
0.000300 -0.003241 1.000000
-0.115133 -1.197083 741.878318
-0.076082 -0.916268 -269.734742
-0.000413 -0.002446 1.000000
-0.061409 -0.866264 134.737127
-0.102699 -0.840772 -107.450531
-0.000372 -0.002114 1.000000
0.260523 -1.824595 719.399835
0.281914 -1.679392 -281.289411
0.000475 -0.003476 1.000000
-0.112581 -0.958072 340.529647
-0.082197 -0.834147 -79.930215
-0.000223 -0.002408 1.000000
-0.125420 -1.058276 387.951536
-0.106392 -0.747532 -250.797063
-0.000559 -0.002247 1.000000
-0.175406 -0.937638 215.007495
-0.084550 -0.882605 -303.111847
-0.000414 -0.002071 1.000000
-0.185023 -1.122291 -142.764334
-0.004351 -0.640137 -65.636282
-0.000337 -0.002065 1.000000
-0.248812 -0.596899 -138.298484
-0.182538 -0.490593 -325.835578
-0.000964 -0.001305 1.000000
0.085591 -1.375637 293.950815
-0.075101 -0.763371 -325.015548
-0.000372 -0.002429 1.000000
-0.333044 -0.214186 890.877112
-0.454148 -0.216408 222.962031
-0.001682 -0.000603 1.000000
-0.275241 -0.705321 791.796368
-0.458966 -0.415865 -12.049939
-0.001360 -0.000869 1.000000
0.195446 -1.059402 -19.255365
0.153747 -0.586748 -93.611654
0.000771 -0.003044 1.000000
0.514077 -1.925972 -336.112487
0.403692 -1.260164 -603.344669
0.001715 -0.004636 1.000000
0.208753 -1.358798 249.847813
0.025794 -0.682601 -32.673982
-0.000036 -0.002425 1.000000
0.015078 -1.381937 468.387660
0.082215 -0.774100 -206.324818
-0.000066 -0.002414 1.000000
0.145348 -1.078429 -28.228199
0.079143 -1.165903 -66.394420
-0.000039 -0.002802 1.000000
-0.061248 -1.055585 339.938564
0.122856 -0.592703 -147.151874
0.000011 -0.002122 1.000000
-0.035794 -1.261233 304.185133
0.140465 -0.880342 -196.799338
-0.000093 -0.002560 1.000000
-0.075840 -0.884403 497.592566
-0.129576 -0.738570 -119.932809
-0.000209 -0.002287 1.000000
0.163054 -1.543478 758.489641
-0.007716 -1.090434 -210.921763
0.000500 -0.003688 1.000000
-0.433974 -0.510961 215.999431
-0.252297 -0.520222 -433.709562
-0.001069 -0.001239 1.000000
-0.161283 -0.913286 260.175650
-0.131127 -0.588762 -65.086559
-0.000495 -0.001750 1.000000
-0.135185 -1.212829 396.317070
-0.020888 -0.978380 -117.589585
-0.000145 -0.002455 1.000000
-0.270075 -0.750407 549.914194
-0.282316 -0.662574 28.830103
-0.000962 -0.001628 1.000000
0.177511 -1.234419 522.797049
0.014823 -0.563984 -261.013848
0.000061 -0.002641 1.000000
0.504702 -1.494731 394.090496
0.006775 -0.731484 -97.827385
0.000121 -0.002576 1.000000
-0.021499 -1.387618 519.329346
0.003111 -0.934634 -50.350187
-0.000075 -0.002410 1.000000
-0.026339 -1.087272 446.806945
-0.216662 -0.836299 129.587579
-0.000314 -0.002051 1.000000
0.083213 -0.929032 -232.460842
-0.100171 -0.697582 59.153036
-0.000193 -0.002390 1.000000
-0.106343 -1.435037 439.867914
-0.065580 -1.108341 123.449217
-0.000332 -0.002438 1.000000
-0.071417 -0.664572 17.947281
-0.046719 -0.411210 72.023438
-0.000268 -0.001854 1.000000
-0.330081 -0.845238 422.813167
-0.240944 -0.535712 121.207863
-0.000560 -0.001657 1.000000
0.206969 -1.782623 -342.972490
0.047782 -0.875556 -611.825812
0.000219 -0.003129 1.000000
-0.021789 -1.079694 646.625863
-0.024531 -0.716983 40.457002
-0.000234 -0.002038 1.000000
-0.159083 -1.140890 636.934322
-0.164260 -0.842654 -8.705317
-0.000372 -0.002161 1.000000
-0.088055 -1.903578 629.671692
-0.016869 -1.308700 147.290019
-0.000039 -0.002889 1.000000
-0.394952 -1.396363 393.930211
-0.116065 -0.620081 117.605118
-0.000317 -0.002363 1.000000
-0.175558 -1.573026 622.856478
-0.100993 -0.997861 171.147135
-0.000178 -0.002412 1.000000
0.201579 -1.620909 572.602858
0.167658 -1.003373 16.939925
0.000284 -0.002826 1.000000
0.022784 -1.574507 631.015036
0.006114 -1.064292 102.669289
-0.000011 -0.002674 1.000000
-0.107567 -0.890659 14.741597
-0.073077 -0.599530 164.600460
-0.000431 -0.002024 1.000000
0.131239 -1.103515 248.852911
-0.155404 -0.859526 -472.532230
-0.000103 -0.002768 1.000000
-0.489050 -0.876583 324.675885
-0.170552 -0.518673 -325.183338
-0.000912 -0.001636 1.000000
0.267324 -1.783825 373.238199
0.167119 -1.456861 -373.116814
0.000385 -0.003555 1.000000
-0.518164 -1.169434 368.878315
0.022712 -0.871168 182.181519
-0.000393 -0.002218 1.000000
2.297252 3.669105 -1313.528576
-0.576937 3.627303 -694.514161
-0.001641 0.004926 1.000000
1.080105 0.142005 46.643408
0.000472 1.220165 -61.609289
0.000159 0.000054 1.000000
-0.007462 -0.996368 487.338739
-0.051303 -0.466567 101.262721
-0.000153 -0.001830 1.000000
-0.261526 -1.852542 755.217837
0.028625 -1.231666 126.508868
0.000029 -0.003007 1.000000
2.607708 3.873393 -807.640424
-0.056432 4.705911 -320.216977
0.000320 0.005795 1.000000
0.565737 0.144135 225.466271
-0.102244 0.873444 85.744548
-0.000242 0.000222 1.000000
1.000000 0.000000 -0.000000
0.000000 1.000000 0.000000
0.000000 0.000000 1.000000
10.442411 29.838353 -11864.104458
-4.157087 22.978802 -5897.958478
-0.022166 0.049754 1.000000
0.401776 4.381041 -894.342576
-1.375069 4.192209 -661.040338
-0.005163 0.008475 1.000000
0.679765 0.014103 55.386700
-0.164969 0.945508 76.731073
-0.000313 0.000046 1.000000
1.191194 -0.064403 -43.472390
0.137202 1.401736 -107.945157
0.000251 0.000020 1.000000
-4.054337 -14.024458 5337.929723
3.016581 -11.941856 2371.491057
0.010977 -0.026980 1.000000
0.649043 0.026893 122.407868
-0.089076 0.760380 80.789079
-0.000152 -0.000020 1.000000
0.806673 0.908580 -52.702576
-0.327311 1.696017 114.824842
-0.000475 0.001495 1.000000
-0.836443 -3.077252 1014.121240
0.409221 -3.419681 175.799307
0.000479 -0.006457 1.000000
-0.258444 -1.367418 529.450087
-0.104723 -1.145730 209.634454
-0.000226 -0.002603 1.000000
-1.582725 -3.066833 1350.155154
0.612112 -2.796420 308.647177
0.001079 -0.006529 1.000000
-0.622753 -1.223550 581.759655
-0.089874 -1.006799 71.466520
-0.000353 -0.002876 1.000000
-0.973540 -2.344779 949.427499
0.398217 -4.030431 211.896760
0.000010 -0.005634 1.000000
-0.617897 -0.770476 206.390614
-0.071703 -0.763904 107.895705
-0.000681 -0.002151 1.000000
-0.151617 -1.532491 568.123533
0.066507 -1.275361 79.337549
0.000057 -0.003111 1.000000
0.080785 -2.110480 678.713874
0.283456 -1.759748 -0.413606
0.000573 -0.003973 1.000000
-0.803950 -1.662167 742.421804
-0.152508 -1.452759 257.055164
-0.000563 -0.003008 1.000000
-0.314428 -1.338228 596.879285
-0.095717 -1.061979 227.105136
-0.000220 -0.002438 1.000000
0.115221 -1.102395 420.214441
0.067800 -0.729018 24.598745
-0.000008 -0.002210 1.000000
-0.164811 -1.116463 536.032097
-0.053167 -0.960973 75.272438
-0.000227 -0.002302 1.000000
-0.300873 -2.076587 738.316117
0.043324 -1.733355 110.723168
0.000085 -0.003789 1.000000
0.171749 -0.758883 404.299904
-0.060506 -0.273765 211.553693
-0.000084 -0.001426 1.000000
-0.479077 -0.856216 386.608405
-0.185418 -0.816300 -135.407367
-0.000834 -0.001795 1.000000
-0.178486 -1.559848 48.001555
-0.236593 -1.050698 102.248867
-0.000504 -0.002565 1.000000
249.165062 348.505973 -94670.318617
3.575294 549.720822 -32568.094294
0.056603 0.729271 1.000000
0.540897 -0.116934 210.740250
-0.070398 0.605750 131.000451
-0.000109 -0.000257 1.000000
0.323441 -1.898602 619.225899
0.222238 -1.143093 -49.041828
0.000551 -0.003385 1.000000
-0.551399 -3.026418 827.952106
0.013390 -2.313947 214.613117
0.000001 -0.005105 1.000000
-0.084477 -1.814483 577.674383
0.006913 -1.242868 60.558686
-0.000039 -0.003147 1.000000
-5.138861 -9.631248 3184.914622
0.037115 -9.405981 1019.648420
-0.000233 -0.017720 1.000000
-0.059854 -1.362009 456.483405
-0.019487 -0.855313 -174.195177
-0.000159 -0.002472 1.000000
-0.111101 -1.035099 277.819784
-0.155791 -0.715270 16.015655
-0.000440 -0.002164 1.000000
-0.223867 -1.257408 546.222841
0.019714 -0.903940 -0.948962
-0.000060 -0.002598 1.000000
-0.520988 -1.409686 614.267889
-0.186735 -1.605995 317.708684
-0.000513 -0.002744 1.000000
-0.140503 -1.402817 516.000601
-0.169050 -1.145176 140.663425
-0.000321 -0.002548 1.000000
-0.080469 -1.303308 387.523951
-0.108108 -0.977401 123.051704
-0.000282 -0.002485 1.000000
0.317480 -1.868542 662.865587
0.144560 -1.127434 -170.378985
0.000514 -0.003333 1.000000
0.224704 -1.427407 335.782681
0.066742 -0.959126 14.478497
0.000116 -0.002659 1.000000
-0.003032 -1.448992 469.511551
-0.054548 -1.161026 35.968196
-0.000017 -0.002881 1.000000
0.231898 -2.506215 476.139193
0.253457 -1.821912 -43.333825
0.000374 -0.003802 1.000000
0.244487 -1.917157 500.317522
0.065201 -1.409420 -67.697666
0.000112 -0.003221 1.000000
0.298334 -1.384364 310.775159
0.031815 -0.995656 -173.552315
-0.000080 -0.002585 1.000000
0.074113 -1.212757 402.081711
-0.016876 -1.050192 -93.062194
0.000099 -0.002713 1.000000
-0.309836 -0.984764 408.213073
-0.150639 -0.636130 31.293384
-0.000545 -0.001802 1.000000
-0.181872 -1.149316 637.232073
-0.168343 -1.111717 120.764300
-0.000400 -0.002245 1.000000
0.284759 -1.500785 768.248253
0.184851 -1.142507 -190.703641
0.000256 -0.002891 1.000000
0.429897 -1.959391 -50.518699
0.210009 -1.502817 -253.527594
0.000714 -0.003773 1.000000
0.179332 -1.341410 271.622941
0.170014 -1.145323 -138.474612
0.000043 -0.002899 1.000000
-0.108156 -1.051388 449.563964
-0.195412 -0.773572 -118.029544
-0.000426 -0.002131 1.000000
-0.148443 -1.157146 302.327774
-0.107295 -1.017594 -14.066384
-0.000255 -0.002432 1.000000
-0.077655 -1.078164 446.992291
-0.271223 -0.947141 90.211371
-0.000507 -0.002120 1.000000
0.094312 -1.367465 589.902786
0.089556 -1.011515 -73.723437
0.000045 -0.002570 1.000000
0.207212 -1.557199 662.436388
0.049188 -1.233773 -160.264736
0.000259 -0.003063 1.000000
0.005631 -1.387368 537.115162
-0.079608 -0.792835 157.667634
-0.000044 -0.002337 1.000000
0.323857 -1.579396 487.018722
0.084216 -0.949566 15.065947
0.000315 -0.002806 1.000000
-0.110345 -1.127785 641.835106
-0.079243 -0.936780 -128.371492
-0.000291 -0.002419 1.000000
0.537009 -1.678246 1469.195325
0.182083 -1.052353 -178.932025
0.000693 -0.003527 1.000000
-0.124889 -1.497075 909.512090
-0.051704 -0.665626 -28.011569
-0.000300 -0.002425 1.000000
0.236529 -1.490067 413.639431
0.017751 -0.772962 -243.864241
0.000142 -0.003060 1.000000
0.112583 -1.170252 634.979013
-0.000810 -0.872067 -134.899072
-0.000103 -0.002482 1.000000
0.157878 -1.206759 296.055009
-0.106299 -0.788099 -103.117970
-0.000170 -0.002307 1.000000
-0.239846 -1.404505 1181.402533
-0.003748 -0.763497 -96.212008
-0.000217 -0.002164 1.000000
-0.359372 -1.042678 172.855628
-0.135024 -1.070481 -97.463952
-0.000377 -0.002001 1.000000
-0.214079 -0.833059 323.089630
-0.222995 -0.680391 -10.997899
-0.000547 -0.001780 1.000000
-0.249085 -1.241793 160.813834
-0.090048 -0.779308 -174.168914
-0.000618 -0.002051 1.000000
-0.172761 -0.989933 376.086351
-0.095056 -0.583401 -92.863255
-0.000436 -0.001809 1.000000
-0.408185 -0.310220 -60.277675
-0.324239 -0.293465 146.552615
-0.001089 -0.000799 1.000000
-0.301177 -0.543644 69.310948
-0.299076 -0.414798 135.784756
-0.000980 -0.001189 1.000000
-0.077084 -1.415625 890.811877
-0.058800 -0.786161 -224.989496
-0.000219 -0.002341 1.000000
-0.272141 -0.636176 221.500558
-0.182685 -0.521781 -298.939939
-0.000810 -0.001414 1.000000
-0.200285 -2.005813 -17.705353
-0.224216 -1.303306 88.489847
-0.000460 -0.002908 1.000000
-0.226406 -1.559346 518.638999
-0.115068 -0.978360 -68.209478
-0.000293 -0.002543 1.000000
0.105653 -1.618381 1171.608306
-0.092214 -0.552469 146.167003
-0.000023 -0.002490 1.000000
0.094857 -1.676883 721.917384
0.057279 -1.502884 -143.876662
0.000168 -0.003538 1.000000
-0.298789 -1.141466 1382.112778
-0.111237 -0.635434 169.365864
-0.000606 -0.001870 1.000000
0.014189 -1.360099 241.027254
0.045749 -1.040657 -395.424051
-0.000082 -0.002382 1.000000
-0.347048 -0.783271 546.691672
-0.128948 -0.812524 -18.233119
-0.000577 -0.001748 1.000000
-0.155984 -0.850774 662.727911
-0.160769 -0.829055 22.523170
-0.000522 -0.002059 1.000000
-0.162540 -1.100795 704.428464
-0.067040 -0.659837 -90.374371
-0.000261 -0.002217 1.000000
-0.058713 -0.931653 464.139103
-0.058083 -0.367177 62.437336
-0.000243 -0.001830 1.000000
-0.082244 -0.630205 137.618461
-0.112320 -0.757048 41.430024
-0.000121 -0.002209 1.000000
0.131191 -1.191410 -1.421498
-0.044331 -0.978157 -182.740444
0.000416 -0.002915 1.000000
-0.185553 -0.619419 22.197031
-0.226561 -0.533568 -212.894059
-0.000809 -0.001305 1.000000
-0.416791 -0.472352 -552.057029
-0.430384 -0.486365 616.617623
-0.001041 -0.001076 1.000000
0.027231 -0.753600 -175.991788
-0.050661 -0.797675 -190.757753
0.000002 -0.002489 1.000000
-0.106496 -1.503582 466.796167
-0.087054 -0.827461 60.416461
-0.000251 -0.002601 1.000000
-0.148992 -1.578969 490.166466
0.045130 -0.963377 -60.889871
-0.000140 -0.002804 1.000000
-0.422240 -0.708668 63.165762
-0.431440 -0.532239 66.321265
-0.000887 -0.001467 1.000000
-0.262067 -1.148811 518.603167
-0.146511 -1.057293 138.405434
-0.000473 -0.002051 1.000000
0.037147 -0.575247 -91.068218
-0.044416 -0.555193 26.858932
-0.000123 -0.002045 1.000000
-0.208305 -0.273337 -103.246979
-0.287634 -0.345423 85.624823
-0.000897 -0.001047 1.000000
0.295891 -1.525724 -406.456124
0.075326 -1.051253 125.968222
0.000293 -0.003120 1.000000
-0.140373 -0.729373 -146.542662
-0.098167 -0.698339 92.669561
-0.000532 -0.001842 1.000000
0.124582 -1.577233 246.034129
0.083285 -1.379626 -197.871346
0.000340 -0.003278 1.000000
0.009276 -1.551399 118.367093
-0.112207 -0.864677 -56.435549
0.000089 -0.002804 1.000000
0.686726 -1.827673 -829.944961
0.176522 -1.341480 -493.404961
0.001374 -0.004056 1.000000
-0.161443 -0.454670 -11.200513
-0.267703 -0.476596 -11.640608
-0.000905 -0.001227 1.000000
-0.236786 -0.533993 89.571255
-0.297103 -0.559047 108.025191
-0.000810 -0.001308 1.000000
-0.138211 -1.047996 -112.936032
-0.026916 -0.890862 -253.816831
-0.000144 -0.002398 1.000000
-0.045164 -1.271271 507.234135
-0.056585 -0.913792 17.737170
-0.000081 -0.002582 1.000000
-0.174172 -1.473514 344.287370
-0.079230 -1.072684 105.147761
-0.000534 -0.002508 1.000000
0.101401 -2.162432 596.041809
0.132597 -1.332544 -57.948286
0.000293 -0.003772 1.000000
0.967776 -2.053160 -1939.344669
1.759841 -3.206526 -632.423371
0.004774 -0.008277 1.000000
0.147049 -1.527394 -278.946857
0.164255 -1.591273 -145.759428
0.001319 -0.004699 1.000000
-0.182365 -0.511747 8.858254
-0.271870 -0.726685 116.166108
-0.000577 -0.001748 1.000000
-0.102915 -1.389799 397.627711
-0.189686 -1.159211 -96.201527
0.000141 -0.002984 1.000000
-0.100241 -0.814029 -295.590695
-0.253563 -0.705131 614.676538
-0.000419 -0.002113 1.000000
-1.963106 1.198776 1555.370926
-1.728524 1.234390 20.645599
-0.003288 0.001669 1.000000
0.370207 -2.235309 -68.237936
0.217264 -1.674086 -147.962083
0.000527 -0.003831 1.000000
-0.271765 -1.215122 -252.480767
-0.006404 -0.684271 -375.878874
-0.000396 -0.002343 1.000000
0.025401 -1.366361 190.126310
0.035008 -0.803865 -262.602552
0.000015 -0.002465 1.000000
-0.427710 -0.455148 958.283865
-0.524789 -0.517506 24.325002
-0.001052 -0.001096 1.000000
0.023746 -0.812315 -727.394804
-0.104243 -0.914615 1149.910292
-0.000328 -0.001987 1.000000
0.060136 -1.293196 1009.227991
-0.047353 -0.872231 195.473577
-0.000087 -0.001911 1.000000
0.372734 -1.628011 1668.979314
0.226156 -1.090678 -209.035595
0.000368 -0.002789 1.000000
0.553880 -1.858412 1392.304485
0.214499 -1.530052 -2949.281647
0.000808 -0.003631 1.000000
0.354181 -0.948561 -454.797363
-0.069238 -1.131449 49.562985
0.000082 -0.002563 1.000000
0.251591 -1.290757 -250.728959
0.034749 -1.176027 934.586606
0.000372 -0.002656 1.000000
-0.519942 -0.566237 1077.740134
-0.493418 -0.481770 -218.561017
-0.001103 -0.001107 1.000000
-0.127671 -1.632246 1103.300588
-0.018286 -0.599372 -65.168342
-0.000238 -0.002136 1.000000
-0.677822 -0.709952 1178.177821
-0.306790 -0.617786 -23.461465
-0.001089 -0.001327 1.000000
-0.550353 -1.131404 1075.476904
-0.193432 -0.721328 -127.990888
-0.000691 -0.001798 1.000000
-0.878823 -0.729888 1007.482904
-0.515729 -0.202344 30.839503
-0.001463 -0.000841 1.000000
0.361863 -1.601541 964.240768
0.080903 -0.785691 -563.610958
0.000291 -0.002799 1.000000
-0.162534 -1.384134 940.333566
-0.112794 -0.572096 22.065862
-0.000394 -0.001920 1.000000
-0.251431 -1.067328 866.377780
-0.122894 -0.702592 96.820339
-0.000609 -0.001906 1.000000
-0.718067 -0.864458 1471.019214
-0.210980 -0.510511 -97.595118
-0.000938 -0.001465 1.000000
0.328375 -2.032188 46.953462
0.213368 -1.385939 1469.728989
0.000706 -0.003700 1.000000
-0.204213 -1.011796 310.834818
-0.117498 -0.656629 -90.533318
-0.000492 -0.001845 1.000000
-0.218258 -0.993170 3487.505453
-0.106288 -0.858446 -129.910525
-0.000291 -0.002119 1.000000
-1.088120 0.269966 1419.102914
-0.779650 0.080620 -350.665404
-0.001939 0.000165 1.000000
-0.467346 -1.221786 936.254344
-0.182650 -0.752377 -111.929440
-0.000736 -0.001853 1.000000
-0.158197 -1.636045 999.311951
-0.058805 -0.786085 -107.918746
-0.000220 -0.002202 1.000000
0.454390 -1.904917 1368.211021
0.292889 -0.975381 -58.646502
0.000696 -0.003023 1.000000
-0.361833 -0.817563 269.255766
-0.247073 -0.566536 -379.699807
-0.000597 -0.001744 1.000000
-0.879927 -0.278051 498.550112
-0.662494 -0.343663 2086.193861
-0.001873 -0.000115 1.000000
-0.244737 -1.451921 1973.679593
-0.143266 -1.177874 569.725783
-0.000258 -0.002544 1.000000
-0.113594 -1.379433 1172.121487
-0.032395 -0.661445 -4.851685
-0.000129 -0.002258 1.000000
1.020705 -2.359364 -412.171737
0.956783 -2.261820 2337.044321
0.001799 -0.004468 1.000000
-0.715592 -0.881939 1023.113109
-0.233954 -0.511746 -95.319119
-0.000931 -0.001402 1.000000
-7.309000 4.970052 -6940.928738
-3.747797 4.256832 490.726320
-0.011932 0.010413 1.000000
-0.223150 -0.704835 128.962020
-0.144425 -0.340074 58.403257
-0.000650 -0.001471 1.000000
-0.058059 -1.883904 1338.965077
0.048717 -0.902866 -298.750468
-0.000001 -0.002726 1.000000
-0.386497 -1.237695 903.031347
-0.081431 -0.486627 -53.299996
-0.000508 -0.001796 1.000000
0.735256 -1.819254 725.659350
0.069896 -0.972533 -94.631269
0.000684 -0.003037 1.000000
-0.705667 -0.757271 867.572732
-0.318239 -0.545772 7.881273
-0.001173 -0.001170 1.000000
-0.615073 -0.653129 686.091483
-0.228352 -0.624409 -74.782450
-0.000919 -0.001421 1.000000
-0.368831 -1.196231 796.374125
-0.048012 -0.802811 -155.474753
-0.000185 -0.002301 1.000000
-0.251600 -1.091551 801.122482
-0.129070 -0.749208 -36.179041
-0.000432 -0.001889 1.000000
-0.250987 -1.263164 884.109151
-0.178364 -0.817927 61.899163
-0.000493 -0.002082 1.000000
-0.381142 -0.789746 831.803421
-0.184583 -0.530999 -55.255904
-0.000710 -0.001495 1.000000
-0.131850 -1.371166 870.963099
-0.032603 -0.528336 -32.674388
-0.000192 -0.001958 1.000000
-0.153678 -1.540732 980.029158
0.011721 -0.739260 -39.032254
-0.000192 -0.002431 1.000000
-0.279273 -1.403668 1156.236884
-0.040043 -0.732179 17.305712
-0.000335 -0.002068 1.000000
-0.754143 0.057522 744.307007
-0.440798 -0.225328 -126.241055
-0.001434 -0.000444 1.000000
-0.213853 -0.808495 -553.067693
-0.267473 -0.756526 504.349077
-0.000425 -0.001844 1.000000
-0.056595 -1.180635 440.765700
-0.028974 -0.821492 -335.135514
-0.000203 -0.002308 1.000000
-0.200275 -1.295830 874.368353
0.042870 -0.646484 -125.230407
-0.000203 -0.001927 1.000000
-0.318099 -1.426619 962.654359
-0.088167 -0.686937 60.313493
-0.000332 -0.002171 1.000000
-0.428470 -1.093173 346.408947
-0.110100 -0.445085 -43.818131
-0.000592 -0.001876 1.000000
-0.531061 -0.401330 651.037284
-0.298369 -0.364245 -25.495699
-0.001117 -0.001107 1.000000
-0.334036 -0.785485 844.153748
-0.242945 -0.526136 32.111925
-0.000790 -0.001330 1.000000
-0.109091 -1.446415 707.598814
0.065859 -1.279540 -182.731338
0.000274 -0.002992 1.000000
-0.453294 -0.749661 762.315958
-0.112697 -0.480801 -60.903844
-0.000585 -0.001516 1.000000
-0.167582 -1.309529 972.427655
0.068848 -0.844093 -178.209038
0.000096 -0.002554 1.000000
0.365498 -1.985017 955.454059
0.252919 -1.170552 -655.902225
0.001376 -0.004612 1.000000
-0.489056 -0.858914 650.473039
-0.071113 -0.425769 -89.548354
-0.000592 -0.001634 1.000000
0.119353 -1.364885 488.961747
0.123777 -1.174154 -279.341959
0.000405 -0.003385 1.000000
-0.254282 -0.938142 811.785830
-0.031260 -1.066750 -143.215173
-0.000467 -0.002258 1.000000
-0.108793 -1.418172 840.269420
0.038263 -0.831168 -149.432884
0.000062 -0.002700 1.000000
-0.292386 -0.761121 905.172259
-0.135634 -0.636782 -101.533071
-0.000672 -0.001725 1.000000
-0.099283 -0.978502 441.387873
-0.055570 -1.188091 35.780805
-0.000075 -0.002569 1.000000
-0.222202 -0.971885 476.225584
-0.175847 -0.831832 11.713079
-0.000700 -0.001785 1.000000
-0.418922 -0.693435 534.030847
-0.280741 -0.750222 -58.627927
-0.000987 -0.001710 1.000000
-0.041594 -1.947842 948.486560
0.427367 -2.206546 -205.449885
0.000442 -0.004273 1.000000
-0.526872 -0.915292 998.740691
-0.098723 -0.363029 21.297328
-0.000753 -0.001403 1.000000
-0.441036 -0.535581 626.249133
-0.083208 -0.221439 -187.831614
-0.000877 -0.001085 1.000000
0.263429 -1.592730 753.286119
0.047271 -0.706672 -158.520496
0.000145 -0.002482 1.000000
-0.029193 -1.474830 614.809734
0.077357 -0.706862 -215.582105
-0.000040 -0.002293 1.000000
-0.308647 -0.951628 638.079977
-0.114400 -0.352342 -30.930436
-0.000504 -0.001516 1.000000
-0.487088 -0.715320 607.260126
-0.167032 -0.344052 -61.175754
-0.000828 -0.001226 1.000000
-0.289598 -0.960589 421.694751
-0.197721 -1.056421 158.427086
-0.000417 -0.002146 1.000000
0.314423 -1.206629 573.659064
0.254864 -0.890601 -157.855507
0.000518 -0.002917 1.000000
0.143181 -1.642614 937.989626
0.100626 -1.491095 130.801629
0.000143 -0.002806 1.000000
-0.023275 -1.349347 414.993127
0.024955 -1.210123 40.106548
-0.000119 -0.002577 1.000000
-0.019314 -1.545453 236.857063
-0.049142 -1.504060 17.557752
-0.000251 -0.002840 1.000000
-0.376350 -0.613309 -85.238804
-0.085209 -0.236018 50.948217
-0.000868 -0.001306 1.000000
0.018918 -1.477140 643.203654
0.036561 -0.990647 -273.310795
0.000043 -0.002508 1.000000
0.129554 -1.542018 517.506213
0.045019 -0.806792 -42.697589
0.000213 -0.002854 1.000000
0.244162 -1.727601 508.429435
0.213338 -0.798971 -210.424344
0.000302 -0.003171 1.000000
0.022382 -1.574551 535.794029
-0.121430 -0.820162 -34.274297
0.000303 -0.002992 1.000000
-0.138873 -1.102530 338.271836
-0.138026 -0.704598 -2.805819
-0.000375 -0.002062 1.000000
-0.057826 -0.979391 182.601911
-0.094207 -0.780295 -71.811159
-0.000266 -0.002133 1.000000
0.098504 -1.872923 199.331460
0.186065 -1.361171 -269.155144
0.000427 -0.003360 1.000000
-0.326175 -0.890137 558.983634
-0.148783 -0.839286 -45.861692
-0.000490 -0.002007 1.000000
-0.764552 -0.480017 1582.747045
-0.407920 -0.286043 27.767788
-0.001395 -0.000651 1.000000
0.084956 -1.240600 108.428685
0.041100 -0.849270 -151.964727
0.000064 -0.002442 1.000000
0.206156 -1.578262 560.729719
0.077811 -0.797479 -186.114885
-0.000006 -0.002344 1.000000
-0.182301 -1.012976 22.721452
-0.123135 -0.755226 -366.054029
-0.000509 -0.001926 1.000000
-0.051547 -1.590172 633.116643
-0.034133 -1.032271 -403.282282
-0.000229 -0.002581 1.000000
0.515598 -2.280986 -701.113910
0.268724 -1.787989 -267.159692
0.001804 -0.005107 1.000000
-0.195294 -1.059057 549.030867
-0.156114 -0.828460 27.310766
-0.000361 -0.001964 1.000000
