-0.004115 -1.082124 594.089036
0.009209 -0.182242 -55.301762
0.000109 -0.001907 1.000000
0.210950 -1.388045 477.540580
0.196045 -0.486960 -200.880110
0.000522 -0.002722 1.000000
0.045067 -0.440957 101.839166
0.067529 -0.245166 24.304668
0.000287 -0.002122 1.000000
0.096306 -0.361808 11.166298
0.000772 -0.513509 182.313456
0.000156 -0.002111 1.000000
0.066638 -0.222794 -4.132481
0.067190 -0.326663 83.501362
0.000018 -0.001754 1.000000
-0.019347 -0.622854 186.624969
0.085271 -0.348446 26.505794
0.000081 -0.002044 1.000000
0.044224 -0.373957 105.918311
-0.008493 -0.165545 -28.369810
0.000077 -0.001792 1.000000
-0.051304 -0.252064 81.575423
-0.031124 -0.177394 15.849818
-0.000024 -0.001762 1.000000
0.105395 -0.712205 77.245886
0.075572 -0.507647 40.935332
0.000120 -0.002237 1.000000
0.635748 -1.852337 835.719941
0.087577 -0.954831 -110.611678
0.000719 -0.003108 1.000000
0.095692 -0.902372 277.334275
0.026472 -0.408412 -104.139516
-0.000068 -0.002086 1.000000
-0.001342 -0.547675 33.133150
-0.055564 -0.489692 95.135025
0.000247 -0.002301 1.000000
0.300253 -1.068952 307.141936
0.093016 -0.411269 -350.644384
0.000251 -0.002441 1.000000
0.372709 -1.651273 462.294681
0.189243 -0.855539 -143.498719
0.000563 -0.002988 1.000000
0.003308 -0.970381 249.790973
0.176537 -1.063542 -74.475450
0.000334 -0.003022 1.000000
-0.040767 -0.286945 138.511754
-0.015329 -0.150492 -4.128533
0.000094 -0.001837 1.000000
-0.065426 -0.328656 153.836613
0.017264 -0.241237 -11.216410
0.000146 -0.001937 1.000000
-0.016905 -0.219240 100.977124
0.093902 -0.164396 -3.235641
0.000323 -0.001860 1.000000
0.044852 -0.927985 439.096222
0.094160 -0.182592 -163.427568
0.000271 -0.002035 1.000000
-0.055568 -0.565800 144.013371
-0.015545 -0.406412 -10.394033
-0.000123 -0.001876 1.000000
0.050841 -0.618723 200.699422
0.057554 -0.547596 51.133977
-0.000039 -0.001939 1.000000
0.838650 -1.598697 -1147.130707
0.464998 -1.484919 919.252854
0.001120 -0.003188 1.000000
-0.072557 -1.071188 -12.099260
-0.120772 -1.054277 351.592529
-0.000126 -0.001885 1.000000
0.119068 -0.275998 55.782751
0.024920 -0.175973 -24.149130
0.000183 -0.001870 1.000000
-0.015505 -0.430128 145.903544
0.038202 -0.304328 -35.525285
0.000367 -0.002257 1.000000
0.040608 -0.738696 208.736139
-0.011815 -0.399442 2.466723
0.000064 -0.002068 1.000000
0.060657 -0.533728 -35.442435
-0.030892 -0.548100 126.946033
0.000065 -0.002239 1.000000
0.067881 -0.241115 7.013927
-0.021849 -0.367124 74.037007
0.000153 -0.001926 1.000000
-0.007666 -0.334547 164.692842
0.016010 -0.218935 -0.140510
0.000053 -0.001761 1.000000
0.073091 -0.772949 186.279215
0.024438 -0.808209 23.907072
0.000073 -0.002371 1.000000
-0.040672 -0.780530 316.268930
-0.022631 -0.724700 103.714636
-0.000029 -0.002143 1.000000
-0.079268 -0.623071 149.292181
-0.046193 -0.281169 28.658662
-0.000348 -0.001688 1.000000
-0.002788 -0.541876 196.643064
-0.028743 -0.417225 -28.149877
-0.000195 -0.001993 1.000000
0.011944 -0.389900 18.050169
-0.034155 -0.512930 20.681058
-0.000251 -0.001995 1.000000
-0.007897 -0.170830 33.332186
-0.010561 -0.494075 211.301906
-0.000000 -0.001746 1.000000
0.143734 -0.511308 114.397298
-0.004111 -0.232263 -57.120759
-0.000110 -0.001793 1.000000
-0.095923 -0.549992 164.459140
-0.045125 -0.402374 79.274569
-0.000164 -0.001931 1.000000
0.059627 -0.313775 67.479393
-0.004539 -0.314935 52.843422
-0.000050 -0.001709 1.000000
-0.099485 -0.438093 174.814004
-0.106124 -0.371277 74.427623
-0.000257 -0.001665 1.000000
-0.031704 -0.345778 128.846757
-0.031210 -0.346762 71.212806
-0.000024 -0.001945 1.000000
-0.060919 -1.007591 378.040745
0.062414 -0.888068 -55.886041
0.000003 -0.002278 1.000000
-0.044707 -0.752677 229.479580
0.066542 -0.399171 -12.557415
0.000216 -0.002395 1.000000
-0.018488 -0.450706 152.559591
-0.005706 -0.296723 29.524433
0.000001 -0.001872 1.000000
0.102288 -0.455673 96.675080
0.029073 -0.227620 14.339821
0.000341 -0.002094 1.000000
-0.031659 -0.358144 97.578844
-0.033612 -0.143306 -5.842719
0.000144 -0.001931 1.000000
-0.006960 -0.300730 120.091571
0.018550 -0.208444 28.930871
0.000021 -0.001802 1.000000
0.035627 -0.697659 268.322720
0.039018 -0.178914 -76.683923
0.000250 -0.002111 1.000000
0.104951 -0.957570 378.100687
-0.056347 -0.552454 -68.425378
-0.000250 -0.002042 1.000000
-0.059671 -0.819217 462.089944
-0.133768 -0.355904 73.187555
-0.000277 -0.001676 1.000000
0.173158 -0.774566 133.564138
-0.002410 -0.472911 -84.258723
0.000172 -0.002348 1.000000
0.002521 -0.762803 298.989903
0.014690 -0.297340 -158.599839
-0.000223 -0.001970 1.000000
0.195432 -0.815416 150.554801
0.034786 -0.483670 -39.892464
0.000159 -0.002264 1.000000
-0.040901 -0.952934 348.013504
-0.053151 -0.572099 -96.798784
-0.000270 -0.001978 1.000000
0.293694 -1.186891 499.442188
0.190749 -0.616138 -137.044369
0.000237 -0.002430 1.000000
0.192716 -0.611866 81.604253
0.036071 -0.446853 -0.045274
0.000032 -0.002049 1.000000
0.275221 -0.887479 303.093084
0.045349 -0.317620 7.447111
0.000245 -0.002067 1.000000
-0.014454 -0.852556 409.178503
-0.158849 -0.579227 6.362534
-0.000217 -0.002065 1.000000
0.112568 -0.847256 279.854343
0.059985 -0.424041 -148.842014
0.000197 -0.002328 1.000000
0.050478 -0.601368 133.408594
0.161872 -0.477839 -49.413695
0.000389 -0.002389 1.000000
-0.023377 -0.810538 345.219256
0.129889 -0.380988 -97.153752
0.000389 -0.002316 1.000000
0.112375 -0.423091 19.726930
0.002464 -0.175748 -8.566454
0.000563 -0.002218 1.000000
-0.026477 -0.482714 178.209706
-0.033141 -0.243855 29.668350
-0.000018 -0.001867 1.000000
0.096596 -0.294134 101.845360
0.037711 -0.148334 13.448273
0.000454 -0.002061 1.000000
0.028275 -1.108720 555.432889
-0.011326 -0.495847 -26.326904
-0.000135 -0.001959 1.000000
0.773501 -1.586571 338.044158
0.017472 -0.296695 -116.770829
0.000516 -0.002513 1.000000
0.131746 -1.178731 661.896587
-0.030609 -0.411869 -85.550268
-0.000020 -0.002064 1.000000
0.028569 -0.915446 388.120060
-0.004593 -0.421195 -12.009926
-0.000058 -0.001887 1.000000
-0.398702 -1.089354 614.581246
-0.094301 -0.439300 60.869311
-0.000314 -0.001816 1.000000
0.005924 -0.691988 275.354686
-0.024685 -0.294403 -91.528220
0.000109 -0.002199 1.000000
0.038196 -0.686008 288.043907
-0.002661 -0.543303 2.078087
0.000051 -0.002296 1.000000
0.063901 -0.149521 19.599679
-0.065350 -0.280682 76.713610
-0.000202 -0.001594 1.000000
0.226145 -1.525198 783.775653
0.164121 -0.558299 -205.778322
0.000301 -0.002513 1.000000
0.135946 -0.706554 61.853562
0.026438 -0.485104 -71.920809
0.000192 -0.002416 1.000000
0.001519 -1.235520 678.562295
0.023776 -0.408718 -9.070175
0.000056 -0.002106 1.000000
0.251716 -0.862042 210.396266
0.005348 -0.377210 -104.232454
0.000284 -0.002314 1.000000
0.043589 -0.633332 256.265593
0.095344 -0.465138 -64.677892
0.000192 -0.002318 1.000000
0.022281 -0.197906 71.417501
-0.036348 -0.274694 113.341710
-0.000021 -0.001645 1.000000
-0.083877 -0.299303 110.505173
-0.034001 -0.224346 64.141851
-0.000210 -0.001666 1.000000
-0.116572 -0.564981 186.814459
-0.156848 -0.389254 115.996503
-0.000380 -0.001653 1.000000
0.006316 -0.632460 184.069847
-0.132015 -0.353089 79.298432
-0.000287 -0.001658 1.000000
0.119708 -1.129406 295.765376
-0.047003 -0.502453 -105.588173
-0.000067 -0.002250 1.000000
0.053208 -0.951310 280.328423
-0.133743 -0.530539 70.438355
-0.000199 -0.001990 1.000000
0.067750 -0.563917 108.486515
-0.048157 -0.444376 55.562531
-0.000117 -0.001952 1.000000
0.319036 -1.282928 496.336431
0.040693 -0.782916 22.443828
0.000225 -0.002593 1.000000
-0.036571 -0.299462 142.316728
-0.024671 -0.155821 59.244050
-0.000164 -0.001622 1.000000
-0.080828 -0.465506 125.706840
0.018662 -0.228206 39.679031
-0.000063 -0.001856 1.000000
0.200630 -0.736040 -39.260623
-0.061941 -0.545090 57.867917
-0.000096 -0.002139 1.000000
0.188350 -0.688350 135.389922
0.107551 -0.768211 -31.942319
0.000166 -0.002267 1.000000
0.004367 -0.360982 81.483095
-0.001441 -0.219753 17.078290
-0.000095 -0.001749 1.000000
0.409627 -1.482595 651.801897
0.120181 -0.464216 -130.131424
0.000223 -0.002282 1.000000
0.049790 -0.966056 439.316748
0.036277 -0.343458 -30.678985
-0.000042 -0.001874 1.000000
0.202439 -0.886705 257.698741
0.015373 -0.377228 7.109174
-0.000095 -0.001989 1.000000
0.430770 -0.981767 163.482798
0.150617 -0.465372 -240.501283
0.000109 -0.002292 1.000000
-0.063623 -0.456742 86.119073
-0.086459 -0.146307 20.782045
-0.000255 -0.001651 1.000000
0.022659 -0.480744 51.076580
-0.018539 -0.277466 43.994986
-0.000196 -0.001993 1.000000
0.020085 -1.161153 568.511048
-0.146489 -0.714426 96.657460
-0.000207 -0.001973 1.000000
0.046759 -0.898558 157.140352
-0.005840 -0.311168 18.978170
-0.000034 -0.002174 1.000000
0.056675 -0.884506 453.670365
-0.122551 -0.484715 54.703643
-0.000170 -0.001861 1.000000
-0.089025 -0.852468 359.000585
-0.116730 -0.288043 -39.656774
-0.000296 -0.001793 1.000000
0.065118 -0.967134 309.218179
-0.054190 -0.445263 -26.944716
-0.000254 -0.001952 1.000000
0.184986 -1.079530 269.214504
-0.017857 -0.588056 63.908894
-0.000065 -0.002197 1.000000
-0.143652 -0.682531 388.691152
-0.125700 -0.504990 32.939575
-0.000361 -0.001803 1.000000
0.258537 -1.639673 738.513688
0.041824 -0.414536 -86.532140
0.000256 -0.002289 1.000000
-0.050354 -0.596874 335.169452
-0.124346 -0.100324 0.054825
-0.000379 -0.001431 1.000000
0.309155 -0.896810 283.609361
-0.003757 -0.146443 -85.566808
0.000019 -0.001941 1.000000
-0.012871 -0.576101 227.688038
-0.063263 -0.222379 13.551343
-0.000044 -0.001799 1.000000
-0.047320 -1.148907 314.482317
0.027816 -0.772933 -60.196894
0.000099 -0.002895 1.000000
-0.037857 -0.912769 408.334413
-0.085150 -0.295116 -6.958375
-0.000286 -0.001729 1.000000
-0.025656 -0.768967 224.487360
-0.091797 -0.544718 40.467486
-0.000292 -0.001971 1.000000
0.022336 -0.530402 52.989184
-0.103457 -0.346840 122.276857
-0.000238 -0.001664 1.000000
-0.048405 -0.586293 136.260684
-0.089449 -0.441941 70.401732
-0.000215 -0.001798 1.000000
-0.100004 -0.603476 194.941388
-0.076861 -0.460136 15.768431
-0.000176 -0.001804 1.000000
0.075071 -1.577630 682.863875
-0.064490 -0.483154 -51.877576
-0.000004 -0.002246 1.000000
0.169132 -1.257708 579.822005
-0.015758 -0.395128 -2.761833
0.000068 -0.002051 1.000000
0.312003 -0.872398 157.883603
0.086149 -0.513905 -93.023664
0.000091 -0.002279 1.000000
0.006676 -0.731958 145.247759
-0.180544 -0.516221 85.242507
-0.000300 -0.001799 1.000000
0.096279 -1.819667 714.615340
0.032810 -0.927693 -25.362819
0.000207 -0.002785 1.000000
0.117095 -1.448724 601.370681
0.015916 -0.446291 -89.132182
-0.000041 -0.002144 1.000000
0.005958 -0.997460 368.192160
-0.032919 -0.464592 -69.787490
-0.000231 -0.002047 1.000000
0.504189 -1.196104 370.223605
0.219077 -0.575337 -210.050852
0.000372 -0.002688 1.000000
0.215636 -1.143215 377.405655
0.038678 -0.589446 -118.794173
0.000101 -0.002562 1.000000
-0.028036 -1.277601 805.233462
0.036489 -0.279567 -67.362056
-0.000074 -0.001881 1.000000
0.192292 -1.201934 548.922764
0.102413 -0.531191 -197.446578
0.000027 -0.002277 1.000000
0.193394 -1.159440 396.472414
0.055409 -0.351367 -131.160552
0.000308 -0.002334 1.000000
0.329970 -1.173914 418.693132
0.080724 -0.291037 -167.592442
0.000372 -0.002338 1.000000
0.398999 -1.135882 325.504278
0.183235 -0.676830 -126.376405
0.000617 -0.002617 1.000000
0.707991 -1.947320 578.912272
0.200772 -0.498864 -135.066165
0.000586 -0.002837 1.000000
0.384593 -1.421736 589.201650
-0.027125 -0.586194 -47.631194
0.000281 -0.002565 1.000000
0.141039 -0.751016 331.303827
0.116878 -0.293873 -68.787921
0.000315 -0.002070 1.000000
0.172701 -1.059732 462.306533
0.089835 -0.315275 -104.372972
0.000034 -0.001978 1.000000
0.020875 -0.614032 330.872593
-0.003601 -0.160128 -94.633805
0.000305 -0.001993 1.000000
-0.036688 -1.187649 703.678038
-0.051373 -0.559762 -95.652853
-0.000035 -0.002064 1.000000
0.006104 -0.305175 72.168511
0.011567 -0.438188 71.590332
0.000107 -0.002035 1.000000
0.122472 -1.305768 368.381331
0.122027 -0.846560 34.872151
0.000224 -0.002421 1.000000
0.145674 -1.419238 766.627261
0.024274 -0.472037 130.742411
0.000098 -0.001975 1.000000
0.014454 -0.879692 416.932460
0.041363 -0.419610 -108.729723
0.000079 -0.002185 1.000000
0.281730 -1.362587 536.350952
-0.012007 -0.289609 -91.667592
0.000218 -0.002183 1.000000
-0.233510 -0.792084 358.983229
-0.048042 -0.338782 21.879865
-0.000233 -0.001788 1.000000
0.020170 -1.304064 730.754282
-0.004972 -0.319910 -46.429775
0.000046 -0.001945 1.000000
0.335115 -1.223372 326.685083
0.153856 -0.501857 -280.246078
0.000589 -0.002714 1.000000
0.374807 -2.147372 1131.744814
0.082615 -0.416083 -99.282176
0.000561 -0.002961 1.000000
0.400907 -1.166946 177.129912
0.141414 -0.462321 -246.830232
0.000854 -0.003268 1.000000
0.121324 -1.215393 578.421974
0.130080 -0.586914 -44.860145
0.000350 -0.002350 1.000000
0.174080 -1.490809 562.608468
0.011310 -0.563143 -96.512909
0.000148 -0.002267 1.000000
0.505694 -2.231017 1224.817967
0.182521 -0.464900 -189.928738
0.000739 -0.002694 1.000000
-0.226118 -1.304871 534.668776
-0.033147 -0.398256 13.640605
-0.000070 -0.002119 1.000000
0.055899 -0.881808 414.214584
-0.041846 -0.320323 -30.216473
-0.000008 -0.001905 1.000000
0.037097 -0.689119 104.031112
-0.102313 -0.541366 29.817898
-0.000141 -0.002190 1.000000
0.035233 -0.786509 315.854587
0.076133 -0.339954 59.345597
0.000149 -0.001888 1.000000
-0.030082 -0.360043 113.393696
0.041828 -0.419220 81.996544
0.000212 -0.002081 1.000000
0.302859 -1.707923 845.267003
0.182247 -0.587417 54.039762
0.000464 -0.002364 1.000000
0.537859 -1.640548 727.884182
0.188592 -0.089999 -154.440416
0.000624 -0.002333 1.000000
-0.473107 -0.292242 188.932557
-0.375579 -0.192776 247.385419
-0.001075 -0.000807 1.000000
0.205930 -1.210725 529.322098
0.174031 -0.511313 -143.234854
0.000270 -0.002344 1.000000
0.271674 -2.257975 1027.458432
0.080758 -0.703549 -45.171106
0.000431 -0.002914 1.000000
0.119121 -1.940526 1082.635270
0.031399 -0.314996 25.533041
0.000160 -0.002214 1.000000
-0.082067 -0.959650 613.011630
-0.123959 -0.701280 134.405005
-0.000246 -0.001957 1.000000
0.058701 -1.558938 1123.976317
0.002590 -0.452065 43.889580
-0.000022 -0.002156 1.000000
0.156591 -1.714336 1062.063024
0.016166 -0.496053 49.672876
0.000282 -0.002272 1.000000
0.078251 -1.130289 602.709151
-0.051843 -0.174581 -29.337610
0.000114 -0.001968 1.000000
-0.067008 -1.028442 529.847740
0.039016 -0.406667 4.205021
0.000132 -0.002014 1.000000
0.091852 -1.170554 623.271086
0.009675 -0.217791 -121.597275
0.000029 -0.001872 1.000000
-0.066446 -0.805757 555.944077
-0.099144 -0.217741 53.512207
-0.000261 -0.001504 1.000000
0.067588 -0.450334 124.435142
-0.019009 -0.317123 48.152678
0.000078 -0.002074 1.000000
-0.016933 -0.339753 72.438105
0.026449 -0.382663 53.770114
0.000104 -0.002000 1.000000
0.037165 -0.200071 38.430615
-0.020767 -0.221008 85.064115
0.000053 -0.001798 1.000000
2.675310 -2.763454 -3574.723517
2.732725 -5.238631 1640.581240
0.006290 -0.010940 1.000000
0.001013 -0.275770 28.511512
0.024162 -0.355705 125.757232
0.000093 -0.001930 1.000000
-0.212618 -1.021211 367.764902
-0.006858 -0.611223 -84.914847
-0.000242 -0.002210 1.000000
-0.008545 -1.117719 337.261913
-0.143045 -0.562462 145.548451
-0.000263 -0.001912 1.000000
0.511864 -1.144823 512.158742
0.037641 0.105005 2.417271
0.000320 -0.001570 1.000000
0.520269 -0.947336 378.598649
0.003021 0.132624 5.849791
0.000095 -0.001414 1.000000
0.053701 -0.168436 9.930588
0.073297 -0.351071 69.880992
0.000371 -0.002081 1.000000
-0.072181 -0.197531 19.770423
-0.002403 -0.449362 168.921772
0.000035 -0.002029 1.000000
0.039530 -0.308008 23.767459
-0.001410 -0.352698 104.960449
0.000099 -0.001884 1.000000
-0.031483 -0.297858 135.146108
-0.055448 -0.240641 94.183475
-0.000031 -0.001682 1.000000
-0.031629 -0.834096 229.014374
-0.023328 -0.410678 49.731630
0.000061 -0.002216 1.000000
0.253772 -0.700240 -20.552559
0.167835 -0.654001 -49.192193
0.000567 -0.002580 1.000000
0.026696 -0.275052 -78.465535
-0.096561 -0.467156 206.540825
-0.000254 -0.001716 1.000000
0.043575 -0.405833 -53.210404
0.028655 -0.376472 32.814636
0.000307 -0.002250 1.000000
-0.021386 -0.239340 -23.422889
-0.024456 -0.331584 55.307533
-0.000007 -0.001981 1.000000
0.042041 -0.314832 11.685286
0.017084 -0.333075 79.495775
0.000168 -0.002091 1.000000
0.296693 -0.638223 -99.366305
0.178452 -1.013755 14.686607
0.000628 -0.002818 1.000000
0.152469 -2.051932 974.717154
0.145092 -0.568200 -85.265365
0.000441 -0.002609 1.000000
0.011082 -1.956657 848.489373
0.021170 -0.669106 -44.274933
0.000151 -0.002513 1.000000
0.011744 -0.385421 43.913581
0.035110 -0.465057 91.631419
0.000167 -0.002034 1.000000
0.002978 -0.120472 22.755208
-0.019613 -0.210075 104.920322
0.000034 -0.001763 1.000000
0.016134 -0.159468 2.690459
0.012098 -0.198651 -0.764915
0.000128 -0.001804 1.000000
-0.013557 -0.704581 128.864767
-0.020214 -0.523941 37.271433
0.000109 -0.002383 1.000000
-0.014428 -0.612676 13.076911
-0.028781 -1.462273 752.636397
0.000100 -0.002321 1.000000
0.420174 -1.663862 1859.643745
0.258248 -1.070754 -282.640218
0.000853 -0.002922 1.000000
0.102335 -0.998305 195.618186
0.194596 -0.946792 -260.859635
0.000379 -0.002691 1.000000
0.145838 -0.629166 -19.358512
0.031735 -0.499417 10.502470
0.000533 -0.002644 1.000000
-0.080399 -0.669070 240.953767
-0.087104 -0.430171 -7.707181
-0.000547 -0.001605 1.000000
0.211115 -0.864881 -423.970042
0.039560 -1.108264 511.667338
0.000451 -0.002389 1.000000
-0.038597 -0.906922 122.905232
0.143573 -1.503271 661.635782
0.000192 -0.002516 1.000000
2.650806 -3.909902 2249.537029
2.006872 -3.813801 1740.280061
0.003183 -0.004767 1.000000
0.011230 -1.984481 1361.442474
0.187569 -1.218835 882.149183
0.000066 -0.002397 1.000000
-0.165540 -0.701600 4.040422
-0.110914 -0.849435 448.374976
-0.000291 -0.001571 1.000000
-0.078271 -0.176479 50.448417
-0.062284 -0.381445 159.181247
-0.000176 -0.001599 1.000000
-0.373262 -0.747375 903.988556
-0.361995 -0.760380 504.669572
-0.000876 -0.001419 1.000000
1.829908 -2.138141 -252.321232
1.322889 -2.660081 3436.284114
0.002678 -0.004677 1.000000
-0.052195 -1.657851 977.030233
0.017857 -0.221876 29.102797
-0.000099 -0.001834 1.000000
0.098668 -1.503185 1404.186936
-0.047803 -1.207375 -187.659928
0.000012 -0.002596 1.000000
1.645552 -3.233643 1193.882421
0.331008 -0.680961 -201.269793
0.001778 -0.004108 1.000000
0.681862 -2.625411 1158.586262
0.081182 -0.774577 -50.534311
0.000832 -0.003624 1.000000
0.021376 -1.754171 1069.805137
0.137868 -0.489028 -71.863076
0.000083 -0.002227 1.000000
0.534238 -1.954217 848.509546
0.116944 -0.466827 -76.849977
0.000624 -0.002734 1.000000
-0.266353 -1.475018 1063.126408
-0.006324 -0.489001 40.173433
-0.000281 -0.001787 1.000000
0.829811 -2.552300 1442.707416
0.326823 -1.218701 -65.142189
0.001042 -0.003926 1.000000
0.220576 -1.219157 781.062484
0.283492 -1.763532 911.809961
0.000584 -0.002669 1.000000
-0.046848 -0.881233 409.037431
0.047884 -0.228719 -154.304043
-0.000121 -0.001917 1.000000
-0.039774 -1.296688 916.331181
0.000050 -0.958130 702.236077
-0.000056 -0.002356 1.000000
1.822880 -3.188271 -714.484638
1.250355 -2.838734 1886.767203
0.002687 -0.005459 1.000000
0.034275 -1.456410 864.465275
-0.024828 -0.400574 104.950397
-0.000033 -0.001794 1.000000
-0.337638 -1.436964 994.916165
-0.012654 -0.149756 33.048579
-0.000344 -0.001628 1.000000
-0.027526 -1.541903 983.776435
0.008214 -0.314467 89.303494
-0.000098 -0.001762 1.000000
-0.087371 -0.482531 -40.777993
0.005421 -0.440973 180.623924
-0.000103 -0.001860 1.000000
-0.324321 -0.672336 514.001954
-0.335640 -0.646474 -18.309311
-0.000780 -0.001173 1.000000
-0.195835 -1.005611 808.764203
-0.160163 -0.928829 676.932974
-0.000358 -0.001628 1.000000
0.045851 -1.629712 946.746041
0.042422 -0.372281 102.725134
0.000053 -0.001790 1.000000
0.258913 -1.631949 1044.364383
0.275266 -1.687606 977.985546
0.000625 -0.003086 1.000000
-0.122198 -1.482463 928.988768
-0.050934 -0.528271 82.851997
-0.000120 -0.002060 1.000000
-0.309679 -1.037383 844.750827
-0.214031 -0.642971 87.254551
-0.000553 -0.001630 1.000000
0.199623 -0.975064 393.240427
0.062128 -0.404573 39.274731
0.000630 -0.002461 1.000000
-0.025570 -1.665643 982.728835
-0.028626 -0.348989 16.709651
-0.000004 -0.002120 1.000000
0.311467 -1.699781 890.386892
0.064985 -0.361191 3.676423
0.000374 -0.002243 1.000000
0.244568 -0.992566 -199.143946
0.148188 -1.077150 10.976204
0.000543 -0.002693 1.000000
-0.213629 -1.201029 809.246416
-0.062411 -0.360510 -11.005909
-0.000292 -0.001721 1.000000
-0.209005 -1.145075 768.465500
-0.056736 -0.280287 20.015214
-0.000069 -0.001799 1.000000
-0.192598 -0.886330 485.147397
0.014626 -0.391868 -131.773032
0.000053 -0.002286 1.000000
-0.185313 -1.279917 714.534730
0.069994 -0.650250 -104.001064
0.000066 -0.002487 1.000000
0.380712 -1.811147 943.601410
0.045743 -0.249175 61.380000
0.000388 -0.001951 1.000000
-0.026604 -1.169901 574.853924
-0.035451 -0.472609 -115.787962
-0.000021 -0.002210 1.000000
0.052445 -1.743616 981.691600
-0.002835 -0.181346 73.213800
0.000064 -0.001827 1.000000
0.475038 -2.111794 977.577724
0.097734 -0.345375 24.181477
0.000549 -0.002584 1.000000
-0.198105 -1.038592 846.286333
-0.071376 -0.462117 81.013347
-0.000411 -0.001638 1.000000
-0.100661 -1.677124 1025.955328
0.067273 -0.368144 37.947320
-0.000028 -0.001928 1.000000
0.169383 -1.180381 85.973473
-0.051411 -1.138678 1054.304557
0.000432 -0.002547 1.000000
0.136134 -1.402012 716.812020
0.014412 -0.268103 -109.120014
0.000141 -0.002150 1.000000
0.235068 -1.955861 991.319861
0.007717 -0.431591 101.349353
0.000211 -0.002274 1.000000
0.016967 -1.371551 999.754698
0.019636 -0.529847 22.326462
-0.000005 -0.002001 1.000000
-0.102218 -1.277880 202.202310
-0.086208 -0.514696 84.597319
-0.000259 -0.002278 1.000000
0.770446 -1.999776 759.065666
0.044930 -0.288251 -17.681637
0.000720 -0.002509 1.000000
0.130174 -1.366953 794.470555
-0.042459 -0.498913 5.185077
0.000068 -0.002103 1.000000
0.071895 -1.109541 581.726743
0.007352 -0.324409 -95.039551
-0.000044 -0.002005 1.000000
-0.010979 -0.980388 627.769404
-0.038653 -0.281380 -12.899343
-0.000006 -0.001818 1.000000
0.257096 -1.037100 475.253964
0.149161 -0.478006 -63.758578
0.000652 -0.002579 1.000000
0.275706 -1.394719 657.879132
0.015242 -0.256211 -1.554542
0.000190 -0.001968 1.000000
0.360737 -1.598068 735.047693
-0.031927 -0.442247 -79.484456
0.000437 -0.002580 1.000000
-0.125774 -0.847774 555.738003
-0.045046 -0.191946 -5.817472
-0.000289 -0.001573 1.000000
0.222899 -0.949098 414.268291
-0.008854 -0.145627 -8.175545
-0.000005 -0.001841 1.000000
0.166042 -1.273633 593.728150
0.052104 -0.403815 -140.445150
0.000173 -0.002221 1.000000
0.227958 -0.995499 413.816225
-0.003682 -0.107621 -27.662902
-0.000021 -0.001732 1.000000
0.095412 -0.501555 224.975688
-0.045144 -0.137650 18.844969
-0.000306 -0.001451 1.000000
0.117217 -0.739319 350.584064
-0.029693 -0.258808 19.020546
-0.000146 -0.001663 1.000000
0.243330 -0.280108 314.144639
-0.198303 0.741865 -10.316594
-0.000497 -0.000273 1.000000
0.586307 -0.221149 174.974419
-0.089849 0.669915 14.311553
-0.000237 -0.000329 1.000000
0.034837 -1.591627 922.871234
0.006151 -0.304128 113.341050
-0.000003 -0.001903 1.000000
0.074123 -0.835250 384.673290
-0.066562 -0.219981 37.451559
0.000139 -0.001859 1.000000
0.291265 -1.506576 748.381575
-0.007868 -0.128623 -17.414827
0.000354 -0.002091 1.000000
0.260453 -1.171328 525.458747
-0.020577 -0.298683 5.045062
-0.000014 -0.001888 1.000000
0.362071 -1.481054 731.749995
0.141683 -0.620713 -73.303241
0.000388 -0.002428 1.000000
-0.252655 -1.128202 477.470759
0.003628 -0.478557 -65.045974
-0.000029 -0.002270 1.000000
0.740362 -0.433825 162.714956
0.095622 0.583986 -90.481904
0.000160 -0.000903 1.000000
0.923763 -0.609015 165.195549
0.065898 0.686975 -157.198759
0.000316 -0.000990 1.000000
1.145996 -0.232373 27.642936
0.161037 0.815788 -82.858065
0.000374 -0.000519 1.000000
0.762481 -0.312349 125.042870
-0.016389 0.716887 -19.335181
-0.000007 -0.000502 1.000000
1.000000 -0.000000 0.000000
0.000000 1.000000 0.000000
0.000000 0.000000 1.000000
0.243441 -1.053421 329.027028
0.023727 -0.196306 -99.712721
0.000291 -0.002172 1.000000
0.051293 -0.272278 36.961029
-0.002946 -0.373242 92.675432
0.000016 -0.001826 1.000000
0.006150 -0.392512 116.721024
-0.015828 -0.457789 148.510420
-0.000022 -0.001853 1.000000
1.315211 -2.665504 729.185021
0.096273 -0.574027 -253.883214
0.001591 -0.003903 1.000000
-0.128038 -1.127947 699.299203
-0.061402 -0.266316 19.301488
-0.000214 -0.001679 1.000000
0.079345 -0.846389 251.016317
-0.025634 -0.455927 -55.819188
0.000098 -0.002226 1.000000
0.237609 -0.717461 0.395898
0.300593 -0.689657 -180.241652
0.000809 -0.002740 1.000000
-0.033026 -0.488840 93.862236
-0.050606 -0.478865 62.819698
0.000045 -0.002192 1.000000
-0.103550 -2.059454 822.588638
0.206668 -0.973021 -199.443908
0.000279 -0.003013 1.000000
0.041959 -0.227490 78.748646
-0.021451 -0.287207 52.856140
0.000046 -0.001826 1.000000
0.128456 -0.888870 227.980210
-0.106154 -0.394943 -65.051577
-0.000116 -0.002082 1.000000
-0.005956 -0.959536 512.550330
-0.109271 -0.404391 -79.602376
0.000027 -0.002115 1.000000
0.001744 -0.556406 141.125334
-0.076877 -0.433529 86.297054
-0.000023 -0.001974 1.000000
0.252237 -1.318616 564.378966
0.122552 -0.269059 -72.986334
0.000108 -0.001990 1.000000
-0.168190 -0.631692 151.128401
-0.095088 -0.667944 193.284971
-0.000134 -0.002015 1.000000
-0.217828 -0.907477 495.461511
-0.121785 -0.396216 17.991260
0.000005 -0.001957 1.000000
