-0.268156 -0.905570 573.044395
-0.107492 -0.571469 -4.406868
-0.000425 -0.001900 1.000000
-0.294498 -0.709094 280.372240
-0.175940 -0.518489 -194.236605
-0.000802 -0.001628 1.000000
0.359174 -1.308220 370.958704
-0.052641 -0.644948 -5.497758
0.000219 -0.002423 1.000000
0.113252 -0.942022 330.443080
-0.055825 -0.442431 57.322243
-0.000220 -0.001855 1.000000
0.133943 -1.456350 476.891714
0.164072 -1.362507 118.605357
0.000256 -0.002944 1.000000
-0.108390 -0.760397 318.280855
-0.186713 -0.732882 80.865777
-0.000453 -0.001925 1.000000
-0.194897 -0.943019 364.634864
-0.149228 -0.749759 61.175701
-0.000368 -0.002129 1.000000
-0.390956 -0.831692 86.971254
-0.139127 -0.718995 -33.546975
-0.000781 -0.001962 1.000000
-0.358922 -0.811644 76.602274
-0.418995 -0.576682 0.539243
-0.001031 -0.001618 1.000000
0.292579 -1.922306 1188.318850
-0.150965 -0.705497 -61.019446
0.000349 -0.003037 1.000000
-0.107611 -1.030390 542.247185
-0.109331 -0.686188 -196.432049
-0.000240 -0.002300 1.000000
-0.597721 -0.627793 295.262825
-0.342969 -0.812733 21.732969
-0.000967 -0.001675 1.000000
0.589778 -2.065845 -673.182994
0.148547 -1.160450 -827.605792
0.000539 -0.003520 1.000000
-0.419668 -1.201123 161.272464
-0.280214 -0.881189 -92.851159
-0.000727 -0.002183 1.000000
-0.282019 -0.957921 98.203856
-0.267038 -0.632125 -119.169312
-0.000752 -0.001938 1.000000
0.112962 -1.364932 191.674443
0.075162 -1.211084 21.958696
-0.000054 -0.002820 1.000000
-0.287704 -0.963375 331.115230
-0.143985 -0.743880 16.350948
-0.000625 -0.002056 1.000000
-0.111601 -1.122136 409.879971
-0.013673 -0.566117 -95.092401
-0.000237 -0.002067 1.000000
-0.146851 -1.624326 202.466562
-0.150795 -0.869907 -69.073258
-0.000297 -0.002622 1.000000
-0.062451 -1.433618 437.400593
0.013559 -1.238772 94.680872
-0.000072 -0.002864 1.000000
-0.110015 -1.050514 325.115611
-0.161080 -0.816060 41.590599
-0.000468 -0.002214 1.000000
0.609319 -1.847368 772.218209
0.054148 -0.839198 -297.963825
0.000856 -0.003318 1.000000
-0.984514 -0.901063 628.676708
-0.298353 -1.175912 328.117877
-0.000941 -0.002128 1.000000
-0.156491 -0.950865 362.050630
-0.177560 -0.785517 42.829600
-0.000612 -0.002080 1.000000
-0.733608 -0.964243 231.759151
-0.591113 -0.665476 -98.580639
-0.001227 -0.001576 1.000000
-0.044672 -1.345010 543.812725
-0.100382 -0.834136 -103.702272
-0.000291 -0.002303 1.000000
0.626780 -0.172031 168.281502
-0.077767 0.780302 33.313626
-0.000060 -0.000437 1.000000
2.957387 4.096072 -1430.887208
-1.512908 7.301697 -806.217800
-0.002961 0.010013 1.000000
0.133909 -1.577179 462.899235
0.060947 -1.212450 102.932135
0.000049 -0.002913 1.000000
0.036786 -1.416273 188.329171
-0.156947 -1.060380 81.946617
-0.000276 -0.002324 1.000000
0.008938 -1.621702 301.393984
-0.045166 -1.038523 -226.754266
-0.000178 -0.002752 1.000000
-0.010534 -1.080346 -645.815216
-0.147641 -0.617051 -921.211087
-0.000492 -0.002178 1.000000
-0.572739 -1.155780 -148.982959
-0.161023 -0.662724 187.783760
-0.000858 -0.002085 1.000000
-0.599508 -0.471488 217.632173
-0.263760 -0.375362 -12.985419
-0.000965 -0.001311 1.000000
-0.065779 -1.345633 253.546621
-0.188796 -0.915213 -209.911752
-0.000312 -0.002407 1.000000
-5.930952 6.259197 -5949.273919
-3.577469 4.162832 3999.028733
-0.011168 0.012271 1.000000
0.393231 -2.170004 1259.859867
0.166848 -0.880977 -61.525729
0.000408 -0.003008 1.000000
-0.560625 -0.258191 142.263545
-0.228188 -0.349705 -117.722566
-0.001108 -0.001026 1.000000
-1.524450 0.614180 1599.836418
-0.659429 0.253278 -1180.182638
-0.002546 0.000859 1.000000
-0.329089 -0.826263 241.379010
-0.119421 -0.651575 -130.748408
-0.000728 -0.001862 1.000000
-0.632168 -0.638219 1179.970301
-0.253186 -0.381744 -688.188173
-0.001021 -0.001227 1.000000
2.922760 -6.568722 -3689.550168
1.557545 -3.675739 6310.282752
0.005563 -0.011711 1.000000
-0.212083 -1.460003 367.807912
0.054724 -0.752494 -331.243430
-0.000335 -0.002409 1.000000
0.197724 -1.035169 -462.173909
0.780384 -1.522117 706.275427
0.001332 -0.003715 1.000000
-0.695515 -0.575925 318.537006
-0.149136 -0.195770 -527.768901
-0.001291 -0.001075 1.000000
-0.938722 -0.622790 509.097684
-0.478535 -0.312472 -387.609193
-0.001525 -0.000926 1.000000
0.368665 -1.839597 929.802836
0.374182 -1.243546 -475.441755
0.000293 -0.003073 1.000000
-0.880876 -0.715755 139.863232
-0.311765 -0.338922 -33.382718
-0.001248 -0.001123 1.000000
-0.527805 -1.121016 431.412117
-0.284146 -0.772872 -70.197516
-0.000942 -0.001891 1.000000
-0.031962 -1.008198 -78.062874
-0.058546 -0.703844 -279.533227
-0.000399 -0.001935 1.000000
-0.569216 -0.890035 621.150625
-0.277684 -0.633572 22.439198
-0.000944 -0.001606 1.000000
0.252785 -1.754914 669.139576
0.159322 -1.080950 -504.425057
0.000131 -0.002691 1.000000
-0.166446 -1.132382 582.997184
-0.255446 -0.893487 -169.635569
-0.000581 -0.002026 1.000000
0.132282 -1.203429 295.915501
-0.000890 -0.742797 -147.815543
-0.000273 -0.002312 1.000000
-0.004889 -1.429345 603.742132
-0.008468 -0.847518 -43.142643
-0.000328 -0.002199 1.000000
0.337551 -1.901375 540.727582
0.168141 -1.299285 -91.088745
0.000023 -0.002903 1.000000
-0.351084 -0.842466 479.129719
-0.167554 -0.424211 -197.973912
-0.000898 -0.001643 1.000000
0.324976 -1.372358 61.330873
0.047629 -0.885069 0.110302
0.000043 -0.002652 1.000000
-0.203541 -0.777368 105.266370
-0.120433 -0.722617 122.246918
-0.000700 -0.001837 1.000000
-0.291921 -1.115219 333.417210
-0.057279 -0.901088 -186.547469
-0.000559 -0.002058 1.000000
0.077799 -0.884234 47.206632
-0.006815 -0.379849 -47.693022
-0.000266 -0.002066 1.000000
-0.614808 -0.720570 15.292239
-0.375770 -0.555677 -43.025710
-0.001182 -0.001491 1.000000
-0.339893 -0.636258 87.513371
-0.214122 -0.328815 -90.934939
-0.000976 -0.001453 1.000000
-0.397177 -0.747514 160.456827
-0.268356 -0.559050 -76.288250
-0.000988 -0.001542 1.000000
-0.321048 -1.065035 879.514910
-0.256723 -0.532577 -142.685117
-0.000856 -0.001672 1.000000
-9.155631 9.214668 -6422.282552
-7.070995 9.448717 -5826.926622
-0.017266 0.016569 1.000000
-0.333502 -1.368071 106.552838
-0.241938 -1.112454 -270.871913
-0.000783 -0.002445 1.000000
-0.552940 -0.290196 -172.539530
-0.391081 -0.266162 -30.954673
-0.001473 -0.000733 1.000000
-1.530215 1.577048 2419.268811
-1.153831 1.043928 -1245.160558
-0.004158 0.002391 1.000000
-0.548048 -0.967154 482.047639
-0.409151 -0.564255 -457.137374
-0.001267 -0.001363 1.000000
-0.701265 -0.621324 672.465831
-0.540714 -0.409389 -246.266463
-0.001547 -0.001077 1.000000
-0.159909 -1.189183 1266.647838
-0.054705 -0.922407 -429.945240
-0.000464 -0.002243 1.000000
0.071035 -1.229521 -612.795048
0.123159 -0.786382 -186.904246
-0.000366 -0.002508 1.000000
-0.615572 -0.555069 535.434397
-0.493089 -0.594074 4.106432
-0.001180 -0.001216 1.000000
-0.390683 -0.874991 -29.389216
-0.217144 -0.637142 -66.361477
-0.000816 -0.001588 1.000000
-0.732937 -0.759566 538.454891
-0.490854 -0.455294 54.643262
-0.001054 -0.001291 1.000000
-0.269590 -0.590578 -30.648945
-0.436436 -0.411202 -122.063010
-0.000979 -0.001469 1.000000
0.248403 -1.764618 57.647451
0.234004 -1.123330 -318.307969
0.000729 -0.003244 1.000000
-1.655891 0.858474 -431.906063
-0.771121 0.530263 -1045.581814
-0.003144 0.001812 1.000000
-2.133060 1.499262 1669.583984
-1.888437 1.674092 -90.650673
-0.004192 0.002837 1.000000
-1.439653 0.146333 1132.366727
-0.858411 0.087197 -174.642831
-0.002615 0.000129 1.000000
-0.554979 -0.969213 296.330826
-0.394531 -0.648084 -260.686203
-0.000999 -0.001572 1.000000
-0.707967 -1.069752 722.599612
-0.371804 -0.475353 -812.768179
-0.001113 -0.001445 1.000000
-1.163946 -0.343897 510.359707
-0.904670 -0.009638 -789.259150
-0.002211 -0.000037 1.000000
-0.137002 -0.601614 40.496657
0.001181 -0.520778 -26.767424
-0.000387 -0.001714 1.000000
-0.297140 -0.332655 121.450651
-0.271348 -0.294430 -53.384625
-0.001146 -0.001195 1.000000
-0.623544 -1.038025 737.182268
-0.307132 -0.561566 -796.377149
-0.000996 -0.001606 1.000000
-0.264672 -1.379536 364.598036
-0.019479 -1.056180 -433.927333
-0.000485 -0.002427 1.000000
-0.183195 -0.358027 -2.791446
-0.352249 -0.379597 -229.582720
-0.001113 -0.001154 1.000000
-1.010660 -0.628763 465.444981
-0.587419 -0.438947 -44.109752
-0.001611 -0.000833 1.000000
-0.421402 -1.130108 123.741616
-0.218094 -0.870085 185.662802
-0.000616 -0.001879 1.000000
-1.064963 0.052574 -624.167201
-1.072642 0.194935 -204.967011
-0.002610 0.000264 1.000000
-0.653951 -0.426145 -69.457633
-0.536187 -0.497042 64.388377
-0.001265 -0.001187 1.000000
-0.284822 -0.791869 243.134276
-0.188751 -0.500194 -0.297443
-0.000704 -0.001697 1.000000
-0.384247 -0.525482 -256.760828
-0.342726 -0.280937 -64.385934
-0.001298 -0.001121 1.000000
-0.936767 -0.421968 736.317164
-0.631385 -0.330731 -236.985427
-0.001621 -0.000913 1.000000
-0.784448 -0.352854 653.492274
-0.460981 -0.145772 -422.223198
-0.001486 -0.000820 1.000000
-0.133476 -1.579137 671.471759
-0.048556 -1.013701 -260.366777
-0.000463 -0.002366 1.000000
0.052044 -1.055070 37.391215
-0.024697 -0.977251 -84.032490
-0.000270 -0.002364 1.000000
-0.354571 -0.776908 90.842208
-0.404377 -0.857712 -129.721355
-0.000969 -0.001825 1.000000
-0.234561 -1.083143 239.696801
-0.044935 -0.929534 -80.909343
-0.000384 -0.002238 1.000000
-1.315417 0.094150 401.486679
-1.496627 0.417066 -553.227643
-0.002975 0.000484 1.000000
-0.231979 -1.220759 241.913681
-0.026702 -1.277700 -157.121775
-0.000370 -0.002435 1.000000
-0.407179 -1.219137 742.852146
-0.083262 -0.882373 -198.232404
-0.000574 -0.002161 1.000000
-0.361689 -0.874483 1000.080774
-0.306873 -0.854657 -199.304528
-0.000957 -0.001851 1.000000
0.138193 -1.151694 -430.188954
0.042709 -1.162468 170.337572
0.000237 -0.002814 1.000000
-0.398182 -1.419199 356.495891
-0.178244 -1.000158 -78.400609
-0.000578 -0.002389 1.000000
-0.843847 -0.330759 750.009119
-0.720799 -0.298544 -118.520907
-0.001940 -0.000774 1.000000
-0.564838 -0.691165 259.858559
-0.421611 -0.669598 -563.718587
-0.000994 -0.001414 1.000000
1.044351 -2.752198 3535.874386
1.165267 -2.486455 -2218.555593
0.002814 -0.005805 1.000000
-0.301179 -0.661827 -187.816279
-0.344911 -0.642747 110.623199
-0.000908 -0.001612 1.000000
1.804144 -3.929351 -2114.479391
1.642810 -3.182501 -147.630952
0.004071 -0.008125 1.000000
-0.261341 -1.099021 559.957696
-0.157892 -0.602642 -116.669003
-0.000683 -0.001952 1.000000
-0.551027 -1.043776 654.688209
-0.131323 -0.335739 -96.956374
-0.000831 -0.001626 1.000000
-0.935651 -0.144099 237.103877
-0.731335 -0.227085 -58.823262
-0.002068 -0.000745 1.000000
-0.502764 -1.360898 700.569602
-0.049495 -0.771054 -324.323081
-0.000590 -0.002068 1.000000
-0.761725 -0.702114 603.213024
-0.759188 -0.456591 -193.465535
-0.001617 -0.001117 1.000000
-20.795351 30.969147 20508.005489
-23.862499 29.942539 23253.503065
-0.059252 0.069643 1.000000
-0.295164 -1.208031 602.111489
-0.122369 -0.633904 -279.462945
-0.000526 -0.002066 1.000000
0.932581 -3.502867 -159.382479
2.089479 -3.554005 -973.461140
0.004392 -0.008641 1.000000
0.059979 -1.382928 679.096338
0.225259 -1.103584 -76.087881
-0.000036 -0.002797 1.000000
0.219471 -1.372521 736.256116
0.263359 -1.160176 44.132645
-0.000077 -0.002688 1.000000
-0.324957 -1.447551 903.636085
-0.199387 -1.261165 -20.191147
-0.000516 -0.002816 1.000000
-0.582335 -0.344893 159.810876
-0.454650 -0.348165 -314.618828
-0.001430 -0.000926 1.000000
-0.415962 -1.025185 532.147576
-0.107823 -0.803985 -282.871252
-0.000642 -0.002024 1.000000
0.573658 -2.148621 1609.679561
0.602263 -1.493103 -714.245655
0.001000 -0.003959 1.000000
-0.349419 -1.013219 983.018923
-0.179343 -0.718111 98.415065
-0.000716 -0.001889 1.000000
-0.459377 -1.039718 833.964687
-0.330853 -0.933224 -185.898919
-0.000806 -0.002084 1.000000
-0.731473 -0.647100 575.029307
-0.395303 -0.460365 -320.308796
-0.001328 -0.001287 1.000000
-0.417492 -0.756345 740.743552
-0.323239 -0.594884 -88.807214
-0.000958 -0.001478 1.000000
-0.646376 -1.100623 1181.313791
-0.222535 -0.686553 -62.133597
-0.000876 -0.001681 1.000000
-0.549993 -0.804290 328.076786
-0.295060 -0.618548 -103.440242
-0.001005 -0.001725 1.000000
-0.356353 -1.137091 965.234818
-0.421154 -0.942082 -49.041651
-0.000740 -0.002002 1.000000
-0.655411 -1.300452 940.674042
-0.313317 -0.867396 30.633282
-0.000803 -0.001919 1.000000
-0.799149 -0.632971 934.463432
-0.791058 -0.437669 -414.052762
-0.001655 -0.000904 1.000000
-0.104919 -1.904291 88.593303
0.217335 -1.498248 -758.446193
0.000194 -0.003452 1.000000
-3.042445 2.758771 3060.352785
-2.906998 1.783174 -3924.054473
-0.006495 0.003824 1.000000
-0.568750 -1.384374 332.089847
-0.191772 -0.952002 -5.339357
-0.000603 -0.002198 1.000000
0.049909 -1.435118 1077.477720
0.180514 -0.824426 -220.057839
-0.000070 -0.002757 1.000000
0.820259 -2.609471 2531.140678
0.498063 -1.599519 -310.470135
0.001169 -0.004587 1.000000
-0.808980 -0.661120 1246.584648
-0.527974 -0.250759 -257.733042
-0.001537 -0.000853 1.000000
-1.112616 -0.527655 -214.728636
-0.342211 -0.188534 -498.882228
-0.001677 -0.000957 1.000000
-0.498388 -0.995375 1034.556097
-0.333053 -0.520652 -168.964598
-0.001037 -0.001478 1.000000
0.148203 -1.565274 1233.547513
0.129561 -1.089476 -32.645672
0.000013 -0.002973 1.000000
-0.124414 -1.558310 1104.473413
-0.048571 -0.693968 4.565181
-0.000110 -0.002500 1.000000
-0.851822 -0.933313 1147.254066
-0.360550 -0.403735 -35.277117
-0.001234 -0.001166 1.000000
-0.220382 -1.083892 1052.404011
-0.110209 -0.700901 -68.925034
-0.000504 -0.002072 1.000000
-0.564890 -1.018590 352.592113
-0.228853 -0.435449 -232.156789
-0.001089 -0.001541 1.000000
-0.579509 -0.715667 -88.431671
-0.314081 -0.371202 -247.463283
-0.001233 -0.001381 1.000000
11.984519 -32.123163 -38412.612864
11.198608 -22.994219 -23288.050277
0.038204 -0.050830 1.000000
-0.537029 -1.227159 1288.198773
-0.317141 -0.601776 -248.598663
-0.000850 -0.001667 1.000000
-0.090008 -1.367816 732.497993
0.110611 -0.901876 -303.576928
0.000044 -0.002682 1.000000
-0.290877 -1.617182 963.096298
0.026287 -0.942080 -346.502088
-0.000309 -0.002630 1.000000
-0.580803 -0.629786 539.617378
-0.271162 -0.287625 -412.177310
-0.001159 -0.001283 1.000000
-0.478897 -1.231274 590.635614
-0.001449 -0.886314 -86.886963
-0.000440 -0.002336 1.000000
-0.684217 -1.369033 1373.721783
-0.131727 -0.462877 -28.695517
-0.000675 -0.001868 1.000000
-0.158213 -1.300743 927.723037
0.074210 -0.790244 -166.512145
-0.000250 -0.002306 1.000000
-0.725414 -0.796534 1158.196247
-0.269868 -0.274391 -11.855318
-0.001145 -0.001216 1.000000
-0.609181 -1.044538 1296.443880
-0.162923 -0.424889 -286.124418
-0.000807 -0.001770 1.000000
-0.546319 -1.277699 780.564140
-0.222658 -1.042630 -55.128225
-0.000603 -0.002291 1.000000
-0.388144 -0.784807 570.872872
-0.270805 -0.600806 -33.849147
-0.000858 -0.001602 1.000000
-0.591957 -0.978773 1161.362074
-0.111699 -0.312917 6.855765
-0.000870 -0.001543 1.000000
-0.923067 -0.572953 373.721789
-0.804427 -0.352369 -2.425635
-0.001957 -0.001088 1.000000
0.501521 -0.273346 171.022736
-0.079572 0.467984 115.053095
-0.000362 -0.000593 1.000000
0.049629 -4.307460 1178.606362
1.147764 -4.988215 192.547588
0.002535 -0.008589 1.000000
0.172831 0.806636 19.544852
-0.625910 1.729706 114.759237
-0.001571 0.001997 1.000000
-2.364219 -0.724295 1168.120219
0.224426 -2.794605 615.218512
-0.000875 -0.004026 1.000000
0.670393 -0.507420 185.201916
0.025500 0.341877 23.253612
0.000080 -0.001136 1.000000
0.397803 -1.894046 355.285801
0.241307 -0.909285 -310.047764
0.000634 -0.003298 1.000000
0.146578 -1.360591 -256.899145
0.344936 -1.213881 149.319843
0.000593 -0.003110 1.000000
-0.742094 -0.608477 522.030299
-0.479076 -0.541290 -159.364920
-0.001299 -0.001332 1.000000
-0.065559 -1.190814 618.101575
-0.151872 -0.898066 -201.275007
-0.000390 -0.002283 1.000000
2.793879 0.949759 -673.210960
0.054948 2.799482 -663.452227
0.000365 0.002316 1.000000
1.000000 0.000000 -0.000000
-0.000000 1.000000 -0.000000
-0.000000 0.000000 1.000000
0.202158 -0.624634 291.164746
-0.112033 0.058260 29.563718
-0.000377 -0.001200 1.000000
-0.598793 -2.972320 854.313975
0.130433 -3.440686 463.381828
0.000283 -0.005499 1.000000
0.112800 -1.847790 636.384112
0.209192 -1.727540 202.247461
0.000627 -0.003539 1.000000
-4.601856 -2.712450 1918.324790
-0.873541 -2.825677 1001.972117
-0.002298 -0.004540 1.000000
0.616426 0.003933 124.961400
-0.224392 0.876597 49.104230
-0.000415 -0.000075 1.000000
-0.153568 -1.023337 369.271288
-0.092764 -0.664155 36.402446
-0.000283 -0.001995 1.000000
-0.511734 -1.143516 409.068418
-0.301021 -1.063611 127.844944
-0.000718 -0.002228 1.000000
0.007193 -1.084085 390.372671
-0.035006 -0.910979 88.035054
0.000025 -0.002371 1.000000
0.099072 -1.384185 -279.552235
0.045177 -0.893007 -108.080084
-0.000097 -0.002638 1.000000
-0.620557 -0.576845 659.357063
-0.304151 -0.341858 -353.790760
-0.001149 -0.001107 1.000000
-2.275575 1.571865 3565.208363
-1.453678 0.759654 -1045.495410
-0.004646 0.002900 1.000000
7.602077 -33.872452 10125.637089
23.131370 -50.405590 -5108.614960
0.038337 -0.075165 1.000000
0.005628 -1.006747 271.984710
0.000117 -0.721941 -64.108042
-0.000106 -0.002253 1.000000
-0.302282 -0.718946 215.271922
-0.242562 -0.658022 28.639369
-0.000698 -0.001691 1.000000
-0.309285 -1.134259 375.037706
-0.130807 -0.971600 59.001590
-0.000428 -0.002321 1.000000
-3.085368 0.372738 249.994136
-1.102817 -0.224451 511.318316
-0.004000 0.000347 1.000000
-2.183366 4.647867 -3563.869330
-3.899142 5.096515 1501.538952
-0.009854 0.009499 1.000000
-0.438999 -0.484808 100.683189
-0.278063 -0.431997 -305.454503
-0.001106 -0.001307 1.000000
-0.329452 -0.917723 285.266786
-0.217931 -0.521843 -193.159596
-0.000783 -0.001620 1.000000
-0.004401 -1.129971 12.219454
0.118859 -1.060681 -59.430868
-0.000053 -0.002398 1.000000
-0.002770 -1.095597 -664.085995
-0.002843 -1.040276 -240.298120
0.000179 -0.002672 1.000000
1.504106 -1.944718 772.145975
0.396307 -0.726301 -662.748766
0.003094 -0.004808 1.000000
0.368913 -1.753125 -96.450033
0.755363 -2.034399 -1163.589162
0.002714 -0.005199 1.000000
0.307694 -1.994212 1447.432671
0.007162 -0.854876 -90.574265
0.000668 -0.002974 1.000000
-0.514061 -0.315369 -269.665084
-0.418550 -0.175938 277.116055
-0.001515 -0.000610 1.000000
2.081599 -5.198267 2146.621191
2.492812 -4.320872 -1227.454030
0.005570 -0.010061 1.000000
-13.974589 15.752213 1929.879519
-10.017436 13.557031 13578.012390
-0.033067 0.034921 1.000000
-0.075651 -1.827852 1018.347497
-0.006586 -0.806978 -177.979119
0.000241 -0.002682 1.000000
-0.328336 -1.623421 689.655493
0.088683 -1.421075 -84.200717
-0.000146 -0.002782 1.000000
2.668035 -5.655999 256.985914
2.928929 -6.291866 -671.931970
0.004650 -0.010162 1.000000
-0.535222 -1.170720 986.916178
-0.118598 -0.571033 -11.776318
-0.000602 -0.001696 1.000000
-0.066920 -2.079175 1181.582492
0.298675 -1.197772 -97.998186
0.000433 -0.003006 1.000000
2.597319 -4.611137 966.404511
1.450810 -3.558381 -2511.523106
0.004568 -0.007993 1.000000
-0.424626 -1.216932 789.617656
-0.077362 -0.662700 -236.943636
-0.000634 -0.001943 1.000000
0.506363 -2.362105 826.506843
0.487088 -1.517761 -288.051493
0.000797 -0.003618 1.000000
-0.572208 -1.023839 1352.409172
-0.184188 -0.388396 -239.262190
-0.000919 -0.001729 1.000000
0.324810 -2.021708 -211.925655
0.036516 -1.320600 -764.901523
0.001269 -0.004338 1.000000
-0.120124 -1.628439 1060.522888
0.074059 -0.939766 -408.150330
-0.000280 -0.002419 1.000000
10.149715 -12.008396 -3662.891818
4.583224 -6.327071 -7912.734144
0.021176 -0.028889 1.000000
-0.292148 -1.145352 -582.974782
-0.266648 -0.934770 -79.876459
-0.000450 -0.002144 1.000000
-0.264643 -1.524164 787.315499
-0.084717 -0.719843 -127.090209
-0.000255 -0.002454 1.000000
-0.394851 -0.963936 1003.748974
-0.090300 -0.439904 -201.982786
-0.000715 -0.001749 1.000000
-0.623960 -0.358477 1592.882353
-0.257261 -0.061925 226.496169
-0.001581 -0.000738 1.000000
-0.178827 -1.566885 646.546691
-0.070216 -0.655374 -116.025628
-0.000214 -0.002353 1.000000
0.215451 -1.720747 -139.139645
0.099038 -1.050211 -93.589407
0.000403 -0.003080 1.000000
-1.551005 0.750246 2938.748802
-1.583039 1.023349 1833.005375
-0.003321 0.001862 1.000000
-0.077996 -1.615431 896.431715
0.143751 -0.813697 -107.939257
-0.000016 -0.002357 1.000000
0.274374 -2.120438 2000.363440
0.215159 -1.273266 121.012412
0.000374 -0.003028 1.000000
-2.278456 1.180569 3807.813017
-1.347516 1.398942 -1117.396256
-0.004958 0.003969 1.000000
-0.027296 -1.628809 373.806450
0.189806 -0.721289 -348.372479
0.000516 -0.003047 1.000000
-0.919561 0.025794 -181.604064
-0.297006 0.043131 -75.196766
-0.001793 -0.000321 1.000000
-0.043786 -1.342331 703.568401
0.189257 -0.788076 -262.082174
0.000110 -0.002576 1.000000
-0.239169 -1.179043 815.779142
-0.051117 -0.820005 -144.906460
-0.000292 -0.002256 1.000000
-0.223966 -0.938200 330.745295
-0.164648 -0.671368 -218.858679
-0.000518 -0.002051 1.000000
-0.234030 -0.971730 372.162306
-0.026089 -0.798380 -40.179861
-0.000099 -0.002260 1.000000
-0.413758 -0.624612 250.063481
-0.099595 -0.535920 -29.714943
-0.000384 -0.001847 1.000000
-0.905833 -0.089518 1007.670898
-0.589716 -0.175585 -280.403675
-0.001833 -0.000475 1.000000
-0.171730 -0.848338 127.115328
0.026152 -0.718828 -172.231135
-0.000427 -0.002167 1.000000
-0.421695 -1.058033 542.243652
-0.183867 -0.678209 -119.036290
-0.000644 -0.001817 1.000000
-0.559130 -0.923305 711.426940
-0.226463 -0.619089 -427.131327
-0.001010 -0.001823 1.000000
-0.570512 -1.286505 793.956071
0.003620 -0.737110 -176.005063
-0.000388 -0.002332 1.000000
-0.360213 -1.669352 440.271801
-0.151006 -1.144697 -81.478102
-0.000437 -0.002744 1.000000
0.176706 -1.927795 450.344953
0.115197 -0.817388 -347.237890
0.000195 -0.002786 1.000000
-0.021711 -1.597793 1071.081854
0.232251 -1.085518 -199.199427
0.000510 -0.003145 1.000000
7.866753 -9.916135 6443.655434
1.380695 -5.068149 -4707.679828
0.014087 -0.017258 1.000000
-0.336257 -1.165415 1196.213194
-0.179281 -0.597129 -23.206042
-0.000580 -0.002004 1.000000
-0.640480 -1.110094 760.758153
-0.225029 -0.622440 -56.948599
-0.000822 -0.001728 1.000000
-0.639093 -1.000882 1116.074645
-0.119114 -0.287346 -32.955874
-0.000860 -0.001489 1.000000
-0.303101 -1.010278 466.894048
-0.175751 -0.379280 -46.693159
-0.000598 -0.001657 1.000000
-0.621712 -0.686755 346.593505
-0.274176 -0.350624 -420.776073
-0.001166 -0.001133 1.000000
-0.511193 -0.773082 887.482638
-0.274537 -0.547521 -75.609318
-0.000876 -0.001474 1.000000
-0.336509 -0.800333 294.356975
-0.168949 -0.789207 -141.836090
-0.000646 -0.001832 1.000000
-1.165506 0.213940 1141.387401
-0.820596 0.242156 -288.877237
-0.002603 0.000189 1.000000
-0.500826 -0.795127 968.649959
-0.326697 -0.533064 -73.765305
-0.000949 -0.001350 1.000000
-0.668376 -0.616612 398.309339
-0.382011 -0.350682 -121.323881
-0.001399 -0.001036 1.000000
-0.349004 -1.272955 46.614175
0.079200 -0.912936 -371.601750
-0.000334 -0.002484 1.000000
-0.520911 -0.532931 178.524771
-0.202729 -0.449802 -123.092541
-0.000893 -0.001590 1.000000
-0.329235 -1.074438 1107.603517
0.472621 -2.068368 45.920920
0.000660 -0.004238 1.000000
-0.350992 -1.007770 493.376676
-0.092830 -0.714448 -272.833721
-0.000644 -0.001905 1.000000
-0.411480 -0.712584 370.124444
-0.269365 -0.583839 15.709194
-0.000844 -0.001595 1.000000
-0.486428 -1.028879 458.857579
-0.105427 -0.817271 -181.628064
-0.000665 -0.002048 1.000000
-0.526629 -0.977813 723.550775
-0.346681 -1.042175 14.309782
-0.000869 -0.002064 1.000000
-0.990990 -0.430521 596.876626
-1.132193 0.180889 -125.110410
-0.002678 0.000397 1.000000
-0.579684 -0.302360 719.909566
-0.565911 -0.297456 -52.657406
-0.001797 -0.000474 1.000000
-0.357503 -1.303287 1287.599153
-0.148471 -0.686704 234.077868
-0.000531 -0.001993 1.000000
-0.033665 -1.347650 899.128801
0.032596 -0.504643 -462.348644
-0.000155 -0.002270 1.000000
0.020925 -1.260319 806.589777
0.121030 -0.611984 -292.606855
0.000085 -0.002452 1.000000
-0.490405 -0.912921 1301.409629
-0.134440 -0.401141 48.200894
-0.000832 -0.001581 1.000000
-0.704748 -0.725135 674.758483
-0.246621 -0.187546 -205.507710
-0.001242 -0.001343 1.000000
-0.945002 -0.323349 1058.496899
-0.339795 -0.341616 -515.254164
-0.001791 -0.000723 1.000000
-0.383161 -1.014925 671.952076
-0.401965 -0.685522 -56.861253
-0.001098 -0.001773 1.000000
-0.569032 -0.920390 481.485056
-0.367147 -0.723260 -253.624407
-0.001176 -0.001689 1.000000
-0.413527 -0.751436 -24.461500
-0.285969 -1.069633 -317.357102
-0.000730 -0.002065 1.000000
-0.578268 -0.797631 177.559014
-0.574018 -0.823258 -65.104862
-0.001263 -0.001528 1.000000
-0.594028 -1.097794 758.236472
-0.513767 -0.897514 83.606731
-0.001363 -0.001851 1.000000
-0.848415 -0.438781 265.563607
-0.439080 -0.319053 -88.007964
-0.001671 -0.000897 1.000000
-1.945198 -4.765926 1308.897005
-0.206228 -5.454769 644.888551
-0.000262 -0.009105 1.000000
-1.442607 0.830919 111.273670
-1.292133 1.215677 -1378.688353
-0.004357 0.002941 1.000000
-16.702566 15.494656 1561.518991
-8.572251 10.247760 -23820.243733
-0.031142 0.034014 1.000000
-0.624516 -0.781025 674.699961
-0.414538 -0.727991 83.016970
-0.000951 -0.001505 1.000000
-0.593092 -0.985688 378.481374
-0.293644 -0.536412 -111.309534
-0.000869 -0.001834 1.000000
-0.580999 -0.501980 60.133096
-0.481594 -0.394720 84.265998
-0.001399 -0.001195 1.000000
0.247980 -1.444091 -99.479973
0.100544 -0.940756 -327.898468
-0.000104 -0.002759 1.000000
-0.317380 -1.075089 787.665411
-0.169129 -0.664186 -8.833505
-0.000444 -0.002086 1.000000
4.217987 2.782361 -836.972883
1.145770 4.764388 -702.291018
0.002319 0.004467 1.000000
-0.439246 -0.615765 -21.167257
-0.252619 -0.346485 -10.976705
-0.000962 -0.001369 1.000000
-0.200495 -1.214538 766.541632
-0.084498 -0.705627 -236.118009
-0.000414 -0.002071 1.000000
-1.083640 -0.307346 -51.456859
-0.558956 -0.247990 -258.858874
-0.001870 -0.000626 1.000000
-0.599575 -0.989287 321.689930
-0.258635 -0.740567 -23.071428
-0.000804 -0.001948 1.000000
-0.732779 -1.215326 384.370257
-0.362025 -1.239633 169.187993
-0.000951 -0.002404 1.000000
-0.527784 -0.868011 165.903777
-0.328970 -0.727126 -218.342490
-0.001102 -0.001817 1.000000
