-0.086940 -1.026711 524.422530
-0.084003 -0.410579 -42.468209
-0.000086 -0.002049 1.000000
0.272959 -1.766390 696.329743
0.325482 -1.235081 -321.233373
0.000749 -0.003940 1.000000
-0.057151 -0.760297 383.509517
-0.029058 -0.562929 -32.103879
-0.000305 -0.002094 1.000000
-0.165880 -0.896537 202.482344
-0.062041 -0.500734 1.716886
-0.000242 -0.001922 1.000000
0.067922 -1.282793 386.166227
0.070463 -1.084563 46.834041
-0.000072 -0.002563 1.000000
-0.111299 -1.102418 338.038356
-0.164826 -0.616510 90.923749
-0.000387 -0.002104 1.000000
-0.075608 -0.801790 167.327548
-0.078730 -0.610706 9.812884
-0.000407 -0.002090 1.000000
-0.064590 -0.797901 305.654210
-0.084165 -0.704392 37.472931
-0.000384 -0.002042 1.000000
0.051378 -1.462714 626.353965
0.151168 -0.641644 -67.474125
0.000089 -0.002795 1.000000
-0.599244 -0.968096 743.999405
-0.223491 -0.618614 -63.403967
-0.000798 -0.001520 1.000000
-0.393144 -1.046943 428.485452
-0.165378 -0.552845 -146.644936
-0.000689 -0.001661 1.000000
-0.202995 -0.592952 126.506594
-0.194986 -0.556568 25.719386
-0.000854 -0.001422 1.000000
-0.504697 -0.840366 405.396984
-0.317708 -0.565443 140.983635
-0.000884 -0.001479 1.000000
-0.135421 -0.574729 285.458930
-0.105738 -0.299358 24.455781
-0.000516 -0.001567 1.000000
-0.086273 -0.829166 369.256899
-0.183193 -0.536139 138.916693
-0.000418 -0.001923 1.000000
-0.151735 -1.209758 453.974200
-0.161503 -1.007589 196.762806
-0.000258 -0.002347 1.000000
0.050172 -0.916506 291.224394
0.015712 -0.712969 14.027601
-0.000194 -0.002267 1.000000
-0.060758 -0.978231 401.596211
-0.197978 -0.680631 142.961308
-0.000347 -0.001992 1.000000
-0.141526 -0.902041 385.336092
-0.135612 -0.561211 72.685399
-0.000449 -0.001900 1.000000
-0.082865 -1.045181 399.202284
-0.024936 -0.826209 -63.164374
-0.000216 -0.002310 1.000000
0.015294 -0.742913 238.113153
-0.013389 -0.472586 63.404450
-0.000210 -0.001762 1.000000
-0.243436 -0.998351 424.252311
-0.159288 -0.595633 -468.432417
-0.000488 -0.001684 1.000000
-0.795241 -0.116180 892.474157
-0.590443 0.026329 -367.444835
-0.001416 -0.000365 1.000000
0.109522 -0.960793 336.855928
-0.018630 -0.549391 35.767160
-0.000171 -0.001973 1.000000
0.016743 -0.783686 373.770329
-0.067516 -0.325009 12.259612
-0.000394 -0.001647 1.000000
-0.278250 -1.028152 461.095029
-0.176119 -0.723074 163.174853
-0.000555 -0.001892 1.000000
-0.272057 -0.769819 248.724334
-0.163103 -0.708496 -45.096730
-0.000632 -0.001883 1.000000
-0.202146 -0.646520 8.320203
-0.027916 -0.557469 -4.107279
-0.000418 -0.001778 1.000000
-0.089691 -1.030233 384.150179
-0.093310 -0.817751 -2.476874
-0.000376 -0.002067 1.000000
-0.088220 -1.211169 427.885900
-0.014234 -1.288727 9.430720
-0.000058 -0.002953 1.000000
-0.067048 -1.074820 377.424634
-0.149201 -0.750918 111.771921
-0.000401 -0.002197 1.000000
-0.081358 -1.018175 317.103535
-0.055866 -1.156552 -27.990157
-0.000191 -0.002462 1.000000
-0.073761 -1.257358 510.482863
0.056190 -0.816702 -173.087947
-0.000042 -0.002392 1.000000
-0.025778 -0.839946 429.294059
-0.090797 -1.046193 41.156228
-0.000316 -0.002367 1.000000
-0.022544 -0.627711 351.774737
-0.336117 0.151841 152.106063
-0.000713 -0.000966 1.000000
-0.234299 -0.887797 476.414439
-0.058814 -0.818079 -19.300660
-0.000433 -0.001962 1.000000
-0.053216 -1.021709 504.322174
-0.082135 -0.933303 39.585710
-0.000371 -0.002307 1.000000
-0.303464 -0.341233 428.213842
-0.384104 -0.535948 131.721701
-0.001080 -0.001271 1.000000
0.002565 -1.072818 280.398951
-0.090931 -0.679387 -28.798185
-0.000234 -0.002200 1.000000
-0.007514 -1.027704 265.835625
-0.150636 -0.524248 -67.653015
-0.000412 -0.001949 1.000000
-0.204731 -1.092715 638.388883
-0.002410 -0.781459 -24.903407
-0.000386 -0.001990 1.000000
-0.078472 -0.949701 467.110256
-0.172939 -0.616126 -71.640090
-0.000280 -0.002056 1.000000
-0.171104 -1.044132 274.905909
-0.164720 -0.499096 -173.925842
-0.000461 -0.001833 1.000000
-0.305550 -0.393480 211.852429
-0.174640 -0.241675 7.426840
-0.000863 -0.001074 1.000000
-0.148263 -0.853242 144.023563
-0.050890 -0.767930 -52.927828
-0.000200 -0.002248 1.000000
0.232626 -2.257236 615.947279
0.170600 -1.229161 -463.390229
0.000352 -0.003754 1.000000
-0.195285 -0.877510 -7.611100
-0.175940 -0.593924 -330.900260
-0.000478 -0.001951 1.000000
0.005345 -1.144721 331.794846
-0.028973 -0.759224 -101.408673
-0.000328 -0.002287 1.000000
-0.395244 -0.945822 28.577150
-0.243225 -0.425068 -7.015309
-0.000748 -0.001680 1.000000
-0.149746 -0.561366 262.373810
-0.184927 -0.522039 -47.201928
-0.000692 -0.001477 1.000000
-0.632381 -0.150024 -26.309449
-0.455949 -0.105460 -367.114942
-0.001478 -0.000512 1.000000
-0.047369 -0.865177 279.094062
-0.035363 -0.658203 -32.204350
-0.000323 -0.001778 1.000000
-0.342952 -0.846578 391.373535
-0.238048 -0.420703 -53.635380
-0.000771 -0.001466 1.000000
0.549004 -1.826243 272.594651
0.323947 -1.156228 -587.449512
0.000833 -0.003822 1.000000
-0.113688 -1.155803 278.875606
-0.128281 -0.635055 -178.587232
-0.000468 -0.001987 1.000000
-0.064402 -1.233961 614.454448
-0.133060 -0.692297 30.381688
-0.000388 -0.002152 1.000000
-0.251469 -0.952629 469.818110
0.073353 -0.720270 -311.011101
-0.000267 -0.002026 1.000000
-0.487826 -0.567481 648.884014
-0.340303 -0.365898 -66.968645
-0.001108 -0.001245 1.000000
-0.200620 -0.920184 228.946871
-0.360417 -0.872804 50.056348
-0.000697 -0.001856 1.000000
0.286847 -1.884577 536.146569
-0.065286 -1.339412 -292.314367
0.000381 -0.003525 1.000000
-0.427555 -0.247488 -234.619418
-0.280907 -0.099417 55.600558
-0.001318 -0.000531 1.000000
-0.171237 -0.703394 375.288526
-0.217353 -0.477660 17.514947
-0.000647 -0.001608 1.000000
-0.109251 -0.780599 36.699091
0.020500 -0.403796 -59.811390
-0.000386 -0.001843 1.000000
0.004067 -1.029817 525.210644
-0.131362 -0.922819 -79.444911
-0.000406 -0.002280 1.000000
0.070671 -1.575541 968.512737
0.038697 -0.795338 -183.477927
-0.000128 -0.002517 1.000000
-0.170179 -0.744257 425.054243
-0.274472 -0.719000 25.703724
-0.000779 -0.001839 1.000000
-0.383323 -0.713503 147.520310
-0.194525 -0.479358 -226.701945
-0.000838 -0.001511 1.000000
-0.348565 -0.880631 981.758877
-0.238418 -0.686102 -452.609712
-0.000500 -0.001873 1.000000
-0.282697 -0.422392 -63.622021
-0.150255 -0.295159 57.843007
-0.000919 -0.001179 1.000000
-0.286275 -1.484149 603.391429
-0.294534 -1.289064 -48.622732
-0.000442 -0.002837 1.000000
-0.330097 -0.990297 318.328344
-0.192544 -1.007132 27.098057
-0.000501 -0.002140 1.000000
-0.139041 -1.761692 259.420472
0.194482 -1.097286 -549.412664
0.000163 -0.003165 1.000000
-0.045160 -0.679745 12.958511
-0.154753 -0.457533 -81.779608
-0.000602 -0.001883 1.000000
-0.200082 -1.027256 595.569816
-0.161440 -0.731482 68.753792
-0.000532 -0.002069 1.000000
0.181706 -0.936326 318.507528
-0.095285 -0.732112 35.497317
-0.000334 -0.002045 1.000000
0.213534 -1.052289 384.541099
0.067928 -0.900340 22.885353
0.000077 -0.002378 1.000000
-0.263762 -0.428453 75.838503
-0.186958 -0.333815 70.864424
-0.000892 -0.001197 1.000000
-0.286016 -0.684391 237.656361
-0.160911 -0.479287 39.484013
-0.000755 -0.001534 1.000000
-0.240966 -0.819127 -58.054637
-0.080292 -0.774942 11.704245
-0.000605 -0.002005 1.000000
-0.109011 -0.822955 68.641227
-0.130232 -0.824937 21.094973
-0.000404 -0.002049 1.000000
-0.247713 -0.559703 216.547695
-0.135078 -0.461421 -8.188709
-0.000691 -0.001453 1.000000
-0.259417 -0.880281 347.317889
-0.258792 -0.759085 190.500910
-0.000562 -0.001845 1.000000
-0.251212 -1.255943 438.018777
-0.219410 -1.181561 28.843076
-0.000500 -0.002461 1.000000
-0.281416 -1.268521 487.940740
-0.120850 -1.031087 9.275873
-0.000338 -0.002397 1.000000
-0.281056 -0.831204 90.421632
-0.059715 -0.496086 -35.809114
-0.000637 -0.001834 1.000000
-0.087588 -0.694662 137.937358
0.055715 -0.559529 -0.217326
-0.000154 -0.002075 1.000000
0.049710 -1.372688 492.996474
0.076614 -1.252569 -298.321511
-0.000054 -0.002985 1.000000
0.171658 -1.315749 186.200230
0.055632 -0.944833 -96.807872
0.000205 -0.002593 1.000000
-0.246403 -0.696431 238.493106
0.000764 -0.456066 -158.439726
-0.000512 -0.001741 1.000000
-0.459894 -1.293594 -68.134863
-0.148874 -0.573808 -305.797749
-0.000747 -0.001854 1.000000
0.125260 -1.124958 26.920291
0.048122 -0.972073 -102.724633
-0.000052 -0.002604 1.000000
0.029005 -1.541171 418.235671
0.067697 -1.101185 -251.240384
-0.000140 -0.002540 1.000000
-0.459894 -1.079831 112.784249
-0.204255 -0.693334 79.922765
-0.000852 -0.001881 1.000000
-0.359175 -0.611381 -56.743996
-0.241147 -0.328119 32.551266
-0.000808 -0.001276 1.000000
-0.170956 -1.094390 161.436697
-0.099704 -0.495252 11.355800
-0.000533 -0.001953 1.000000
-0.340499 -1.094179 784.289690
-0.135834 -0.821972 -206.499395
-0.000534 -0.002057 1.000000
-0.195805 -1.000901 104.012949
-0.120861 -0.605169 -39.950764
-0.000545 -0.001948 1.000000
-0.054958 -1.262735 590.284449
0.077290 -0.722223 -317.897547
-0.000106 -0.002315 1.000000
-0.070604 -1.382655 478.909188
-0.046656 -0.917738 -102.012105
-0.000316 -0.002398 1.000000
0.410545 -1.685138 231.333927
0.596001 -1.267921 -294.402555
0.001065 -0.003425 1.000000
-0.450198 -1.121959 145.298058
-0.316191 -0.623096 76.976279
-0.001040 -0.001634 1.000000
-0.046406 -1.003716 471.909455
-0.115679 -0.967141 -160.976676
-0.000349 -0.002232 1.000000
-0.224660 -0.816898 323.135436
-0.240951 -0.851470 99.524965
-0.000694 -0.001738 1.000000
0.360310 -2.061659 959.630315
0.752396 -1.872542 -648.737401
0.000842 -0.003973 1.000000
-0.310515 -0.825927 220.043948
0.029066 -0.689578 -46.877416
-0.000393 -0.002086 1.000000
0.004010 -0.888242 392.212906
-0.104900 -0.607747 121.316072
-0.000248 -0.002044 1.000000
-0.119557 -1.291947 392.207130
-0.078747 -0.887583 111.406676
-0.000241 -0.002476 1.000000
-0.263981 -1.565700 1074.576482
0.060124 -1.005381 -298.325436
-0.000195 -0.002704 1.000000
-0.091422 -1.052628 265.591552
0.007711 -0.838513 -156.810337
-0.000126 -0.002345 1.000000
-0.242784 -1.507713 250.860353
-0.050743 -1.293832 94.098781
-0.000465 -0.002539 1.000000
-0.013809 -1.269120 18.630865
0.102585 -0.949088 130.072214
0.000156 -0.002721 1.000000
-0.145333 -1.003909 57.472563
-0.088249 -0.766841 79.433455
-0.000199 -0.002168 1.000000
0.138366 -1.601202 555.244618
0.076748 -0.903593 -356.493850
0.000109 -0.002998 1.000000
-0.284482 -1.169898 856.552246
0.134161 -1.126659 -13.883248
0.000086 -0.002618 1.000000
-0.417927 -0.719885 550.888203
-0.200722 -0.542241 -179.104511
-0.000938 -0.001275 1.000000
-0.405112 -0.758007 349.433037
-0.035379 -0.648362 -57.922824
-0.000421 -0.001796 1.000000
0.051332 -2.469552 283.496876
0.293959 -1.856081 -222.183466
0.000333 -0.003843 1.000000
-0.154887 -1.473813 488.926542
-0.044337 -0.984026 -231.675858
-0.000258 -0.002544 1.000000
-0.084903 -1.070483 365.727922
0.056870 -0.817729 -165.225635
-0.000313 -0.002400 1.000000
-0.177093 -0.773403 79.543301
-0.186055 -0.625878 7.722401
-0.000601 -0.001736 1.000000
-0.076909 -0.965533 453.181061
0.005795 -0.714486 -143.280998
-0.000414 -0.001911 1.000000
-0.314725 -1.253594 300.614314
-0.135480 -0.669933 -161.262783
-0.000531 -0.001747 1.000000
-0.072231 -1.046183 312.718107
0.074641 -0.860231 -99.242523
-0.000265 -0.002093 1.000000
-0.406934 -1.294051 246.721268
-0.088642 -1.042039 -106.583709
-0.000432 -0.002298 1.000000
-0.436579 -0.763399 599.998509
-0.208573 -0.621820 46.444651
-0.000679 -0.001496 1.000000
0.015935 -2.078848 1290.541656
0.855973 -2.041070 -1301.873472
0.001380 -0.004628 1.000000
-0.226231 -0.871008 247.573923
-0.132968 -0.635137 -44.529309
-0.000692 -0.001676 1.000000
-0.359889 -0.621965 564.835053
-0.390642 -0.908591 132.519118
-0.000919 -0.001652 1.000000
-0.251342 -0.439938 433.192016
-0.311878 -0.644378 116.403207
-0.000865 -0.001428 1.000000
-0.346163 -0.808721 586.851100
-0.029375 -1.132263 -14.225246
-0.000475 -0.002323 1.000000
-0.078323 -0.945071 948.946490
-0.143207 -0.852265 96.107962
-0.000406 -0.001869 1.000000
-0.095647 -0.954963 513.785537
-0.095668 -0.891254 -159.342444
-0.000411 -0.002092 1.000000
-0.192662 -0.923792 415.753354
-0.070475 -1.027144 -74.778585
-0.000388 -0.002156 1.000000
-0.096662 -1.291808 734.082413
-0.044583 -0.878636 -391.754362
-0.000249 -0.002129 1.000000
-0.524932 -0.397507 55.568193
-0.490545 -0.520146 -28.038883
-0.001236 -0.001289 1.000000
0.010654 -0.691737 445.245894
-0.142104 -0.704019 61.010879
-0.000561 -0.001884 1.000000
-0.437174 -1.399559 368.099462
-0.243366 -0.674708 110.577671
-0.000679 -0.001819 1.000000
0.037224 -1.126517 20.937089
0.114362 -0.976352 -164.536885
-0.000060 -0.002407 1.000000
-0.291113 -0.714453 111.866834
-0.114731 -0.409733 -134.520740
-0.000740 -0.001475 1.000000
-0.040741 -0.919192 828.807049
0.027244 -0.553674 -163.111085
-0.000351 -0.001894 1.000000
-0.414967 -0.935105 913.630862
-0.050788 -0.529169 -5.445265
-0.000488 -0.001635 1.000000
-0.086800 -1.076459 820.321143
-0.125684 -0.887438 -55.865821
-0.000239 -0.002601 1.000000
-0.180583 -0.994309 943.507313
-0.028162 -0.589164 -52.234516
-0.000289 -0.002230 1.000000
-0.466051 -0.710500 604.256384
-0.217424 -0.335811 -393.868531
-0.000906 -0.001334 1.000000
-0.442860 -0.952875 944.512164
-0.162724 -0.455206 14.019186
-0.000667 -0.001463 1.000000
0.338129 -1.699998 941.300933
0.139702 -0.784789 -139.526774
0.000316 -0.002668 1.000000
0.162755 -1.256072 1051.878290
0.215531 -1.011150 -997.815651
0.000214 -0.002717 1.000000
-0.317707 -0.878276 748.116135
-0.209422 -0.721417 -8.778421
-0.000748 -0.001914 1.000000
-0.097013 -0.852453 237.578099
-0.194209 -0.639116 31.989060
-0.000489 -0.001706 1.000000
-0.220038 -1.507258 296.600706
-0.116664 -0.799073 -136.179661
-0.000458 -0.002197 1.000000
-0.580239 -0.639447 150.169624
-0.428616 -0.390736 -280.985440
-0.001216 -0.001138 1.000000
-0.217766 -1.040015 774.947785
-0.030605 -0.618905 -138.918531
-0.000333 -0.002114 1.000000
0.008656 -1.551505 768.058102
0.078358 -0.770682 -173.827098
-0.000135 -0.002471 1.000000
-0.385888 -1.106679 762.046911
-0.087100 -0.556980 -358.496714
-0.000404 -0.002103 1.000000
-1.006963 -0.322406 2031.041206
-0.367714 0.069987 -76.185486
-0.001588 -0.000282 1.000000
-0.360884 -1.484287 1320.063741
0.112519 -0.511861 -67.758730
-0.000398 -0.002000 1.000000
0.752309 -4.139269 2395.575757
0.624455 -2.047019 -694.907583
0.001921 -0.006514 1.000000
-0.375525 -1.002482 1337.387999
-0.076056 -0.438485 202.460211
-0.000459 -0.001665 1.000000
-0.486813 -0.784128 513.589586
-0.344573 -0.488333 -96.384610
-0.000944 -0.001355 1.000000
0.059219 -0.965526 456.782613
0.011336 -0.992489 -17.391691
-0.000158 -0.002330 1.000000
-0.257528 -0.557340 572.408209
-0.195444 -0.483614 57.347902
-0.000618 -0.001471 1.000000
-0.215313 -0.808772 497.463706
0.025411 -0.505426 -117.909203
-0.000324 -0.001931 1.000000
-0.061664 -0.490083 82.084412
-0.063748 -0.580065 125.505154
-0.000397 -0.001708 1.000000
0.755618 -2.503360 355.228238
0.673626 -1.845618 -695.366742
0.001755 -0.005451 1.000000
0.101448 -1.033794 324.741986
0.071681 -0.671053 -3.671457
-0.000094 -0.002195 1.000000
0.022257 -0.901633 161.318858
-0.092903 -0.915194 49.148855
-0.000248 -0.002408 1.000000
-0.218716 -0.755007 -988.450567
-0.363032 -0.773523 1292.950673
-0.000768 -0.001640 1.000000
-0.154685 -0.693043 117.137771
-0.184930 -0.401643 66.693188
-0.000682 -0.001498 1.000000
0.089511 -1.073189 136.206476
0.073961 -0.816150 -102.549352
0.000013 -0.002574 1.000000
-0.365890 -1.031793 283.718949
-0.106835 -0.766669 125.239964
-0.000451 -0.001901 1.000000
-0.304883 -1.198692 472.632685
-0.195438 -1.020163 -18.717129
-0.000600 -0.002142 1.000000
-0.481907 -0.703762 261.901335
-0.372587 -0.546063 119.780705
-0.001023 -0.001300 1.000000
0.067967 -0.554108 50.788926
-0.020292 -0.517121 -61.463413
-0.000402 -0.001824 1.000000
0.043475 -0.923030 76.405213
0.221312 -0.993067 -261.060319
0.000318 -0.003028 1.000000
0.237657 -1.264712 -171.820178
-0.020795 -0.840879 -272.450411
0.000081 -0.002989 1.000000
-0.044265 -1.128205 256.086913
-0.196954 -0.617938 93.736656
-0.000505 -0.001829 1.000000
-0.010590 -1.021501 331.257426
-0.028524 -0.757277 35.915712
-0.000236 -0.002181 1.000000
-0.124130 -0.677245 144.142871
-0.197967 -0.659907 19.753316
-0.000569 -0.001770 1.000000
-0.296668 -0.886736 63.430030
-0.194782 -0.520989 -55.442604
-0.000628 -0.001846 1.000000
-0.044099 -0.541264 -75.187452
-0.130150 -0.355821 50.917974
-0.000440 -0.001850 1.000000
-0.092893 -0.965030 13.990029
-0.059365 -0.724644 91.606768
-0.000462 -0.001903 1.000000
-0.099317 -0.741341 189.457942
-0.113481 -0.578692 52.533747
-0.000395 -0.001788 1.000000
-0.172020 -0.924639 150.676584
-0.064203 -0.675937 -148.702901
-0.000532 -0.001937 1.000000
-0.395303 -1.151821 743.312110
-0.059583 -0.696953 -8.313543
-0.000315 -0.002061 1.000000
-0.139792 -1.000161 48.075119
0.010453 -0.783818 -445.920382
-0.000447 -0.002167 1.000000
-0.449763 -0.534284 -57.611008
-0.330468 -0.358936 -160.782105
-0.000925 -0.001236 1.000000
0.016050 -0.856017 169.786633
0.043829 -0.741663 -204.446666
0.000002 -0.002480 1.000000
-0.097758 -0.567690 -1.160223
-0.167682 -0.518855 35.717359
-0.000708 -0.001426 1.000000
0.005671 -0.758577 657.384477
-0.133026 -0.797558 -13.793590
-0.000308 -0.002071 1.000000
2.597025 -5.001877 608.469891
1.725884 -2.976279 -2208.100000
0.004570 -0.008298 1.000000
-0.890416 -0.411387 1908.381091
-0.583601 -0.277377 183.475341
-0.001395 -0.000566 1.000000
0.163801 -1.057438 -263.298470
0.076314 -0.774854 -302.655159
0.000371 -0.003122 1.000000
0.235922 -1.329983 -263.786741
-0.008777 -0.758672 -170.919879
0.000183 -0.002772 1.000000
0.265441 -1.130101 291.796832
0.022255 -0.733934 -191.338606
-0.000053 -0.002535 1.000000
-1.416138 0.041463 1199.376812
-1.024133 0.458530 1262.691072
-0.002750 0.001069 1.000000
-0.295348 -0.144068 -297.582650
-0.539469 -0.227648 1456.484547
-0.001211 -0.000675 1.000000
4.727892 -7.078840 5124.810546
3.453613 -4.470038 -4768.018356
0.009447 -0.016399 1.000000
-0.728468 -0.611934 1255.256909
-0.398464 -0.397010 289.860361
-0.001064 -0.000992 1.000000
0.608312 -2.089112 -1449.149887
0.321172 -2.061110 -734.269559
0.001640 -0.005269 1.000000
0.035014 -0.747516 -365.592782
-0.023357 -0.694054 100.572907
-0.000219 -0.002376 1.000000
1.607785 -5.927152 5913.440814
1.348000 -3.950747 -5395.095379
0.004423 -0.010380 1.000000
-0.133485 -1.649840 895.212271
-0.015186 -0.955227 -192.916043
-0.000074 -0.002521 1.000000
-0.601297 -0.936409 992.518415
-0.137877 -0.278788 -3.909213
-0.000821 -0.001459 1.000000
2.781481 -4.686844 2132.449576
0.830239 -3.754965 -1938.415329
0.003961 -0.008648 1.000000
-0.512835 -0.903934 973.560534
-0.075713 -0.411114 25.706065
-0.000684 -0.001628 1.000000
-0.341369 -1.133787 1004.731194
-0.027864 -0.643748 14.414748
-0.000453 -0.002105 1.000000
0.169327 -1.781752 369.848855
0.181393 -0.836903 -546.697347
0.000142 -0.002884 1.000000
-0.323858 -1.625217 978.319324
-0.102645 -0.639842 -47.642236
-0.000349 -0.002303 1.000000
-0.443144 -1.116974 1020.768348
-0.190291 -0.618187 76.271268
-0.000572 -0.001808 1.000000
-0.466019 -1.138948 1023.145892
-0.163965 -0.408162 -62.094030
-0.000719 -0.001540 1.000000
-0.020659 -1.345806 983.674882
0.157468 -0.993646 -2200.685438
0.000452 -0.002950 1.000000
-0.423987 -0.976213 302.817550
-0.130372 -0.497921 -57.387677
-0.000647 -0.001712 1.000000
0.168913 -1.970712 816.728912
-0.038276 -1.536097 -648.583646
0.000233 -0.003445 1.000000
-0.611516 -0.682819 -149.742794
-0.507718 -0.560538 259.435579
-0.001031 -0.001136 1.000000
-0.265172 -1.339895 1056.721226
0.006471 -0.679577 -20.199438
-0.000304 -0.002047 1.000000
-0.342078 -1.124488 929.948220
-0.103177 -0.341983 -22.483250
-0.000515 -0.001777 1.000000
-0.833347 -0.212379 999.349552
-0.320207 -0.193716 -345.973776
-0.001323 -0.000624 1.000000
-0.089386 -1.136925 1174.184254
-0.027399 -0.469827 -119.275528
-0.000246 -0.001967 1.000000
-0.257807 -1.014003 -309.110304
-0.227095 -0.781682 -1068.736103
-0.000513 -0.002028 1.000000
-1.046460 -0.061341 811.509839
-0.915075 -0.100889 1271.901404
-0.001744 0.000081 1.000000
-0.098378 -1.757632 1235.572483
0.087057 -0.761457 -248.555463
0.000074 -0.002610 1.000000
-0.618716 -0.769746 835.847817
-0.484025 -0.548145 1600.443303
-0.000984 -0.001130 1.000000
-0.232900 -0.739213 526.954329
-0.222055 -0.537796 -210.010396
-0.000639 -0.001890 1.000000
-0.241732 -1.077262 678.209311
-0.184982 -0.617326 65.595604
-0.000429 -0.001865 1.000000
-0.399559 -0.517261 332.658848
-0.118462 -0.270262 54.752973
-0.000756 -0.001181 1.000000
-0.228751 -1.191366 1019.811724
-0.131261 -0.342577 -55.361447
-0.000326 -0.001855 1.000000
-0.240171 -1.111348 1152.080480
-0.121813 -0.564771 -165.655456
-0.000383 -0.002141 1.000000
0.075036 -1.136630 -26.299916
-0.074830 -0.735538 -405.448804
-0.000087 -0.002349 1.000000
-0.103976 -1.500501 797.987174
-0.001550 -0.763692 -89.914911
-0.000127 -0.002416 1.000000
-0.174740 -1.285865 674.421738
0.052215 -1.167109 -73.548873
-0.000097 -0.002769 1.000000
-0.335985 -0.957367 696.725540
-0.277702 -0.536723 -31.526464
-0.000716 -0.001701 1.000000
0.028911 -1.424659 450.992657
0.028799 -0.707772 -144.734973
0.000040 -0.002543 1.000000
0.231920 -1.627893 860.487847
0.114882 -1.531115 -81.258441
0.000225 -0.003334 1.000000
-0.393131 -1.003991 849.086687
-0.120196 -0.563409 -14.683535
-0.000590 -0.001628 1.000000
-0.461099 -1.233991 1018.410115
-0.033140 -0.404162 -77.298507
-0.000463 -0.001834 1.000000
-0.392765 -1.427763 688.666670
0.107778 -1.165007 -334.149166
0.000061 -0.002963 1.000000
0.069899 -1.672274 909.278558
0.082028 -0.412048 -109.076016
0.000100 -0.002183 1.000000
-0.400500 -0.952355 796.764315
-0.140487 -0.524015 -72.239693
-0.000582 -0.001690 1.000000
-1.115323 0.140117 172.014482
-0.699773 0.171395 1432.115635
-0.002076 0.000376 1.000000
-0.238242 -1.402865 1223.653433
-0.020931 -0.702772 -227.273005
-0.000041 -0.002353 1.000000
-0.473218 -1.031644 782.837128
-0.220151 -0.755374 -105.660954
-0.000673 -0.001729 1.000000
-0.127329 -1.707686 955.868727
0.022214 -0.644331 -36.363441
-0.000064 -0.002387 1.000000
-0.295047 -0.779730 250.141915
-0.056837 -0.289850 -37.057560
-0.000629 -0.001587 1.000000
-0.379780 -0.964253 808.468064
-0.151404 -0.451679 8.388530
-0.000560 -0.001519 1.000000
-0.457089 -1.079375 823.475785
-0.048433 -0.618550 -19.840540
-0.000354 -0.001865 1.000000
-0.088547 -1.128190 474.603255
-0.087078 -0.729380 51.365194
-0.000237 -0.002076 1.000000
-0.512553 -0.824130 582.127624
-0.211583 -0.528009 13.360603
-0.000790 -0.001498 1.000000
0.082513 -1.127198 457.212326
-0.029281 -0.753798 10.485426
-0.000016 -0.002335 1.000000
-0.247178 -0.995725 608.300895
-0.192204 -0.741227 95.268024
-0.000521 -0.001754 1.000000
-0.084213 -1.220305 697.261045
0.123561 -0.875778 -46.727504
0.000162 -0.002588 1.000000
-0.131121 -0.948449 366.515412
-0.100374 -0.739530 -31.592932
-0.000443 -0.002175 1.000000
-0.306919 -1.007827 685.022383
-0.123341 -0.857564 13.604023
-0.000439 -0.002090 1.000000
-0.248988 -0.835522 364.947539
-0.151389 -0.642502 -68.744731
-0.000580 -0.001771 1.000000
-0.150930 -1.022867 337.737416
-0.104865 -1.047735 55.367212
-0.000428 -0.002245 1.000000
-0.224707 -0.958146 687.463333
-0.020547 -1.063087 3.566724
-0.000335 -0.002293 1.000000
0.012220 -1.386633 544.721366
-0.018625 -1.290265 87.631917
0.000013 -0.002654 1.000000
-0.378522 -1.412335 573.389248
-0.186845 -1.359358 113.839990
-0.000352 -0.002656 1.000000
-0.392154 -1.016128 606.328617
-0.053704 -1.220740 73.421269
-0.000345 -0.002609 1.000000
-0.213672 -1.542369 1088.189074
-0.068996 -0.502682 150.948417
-0.000193 -0.002014 1.000000
-0.481648 -0.758737 1784.846049
-0.140638 -0.301267 -484.589403
-0.000867 -0.001392 1.000000
0.110814 -1.541115 750.478973
0.113236 -0.602660 -185.287982
0.000031 -0.002160 1.000000
-0.107457 -1.427854 936.959318
0.142770 -0.751527 -134.316729
-0.000111 -0.002067 1.000000
0.168230 -1.613163 927.739186
0.120861 -0.721586 -635.701123
0.000248 -0.003127 1.000000
-0.205643 -1.348281 849.747823
0.002631 -0.735949 -28.806348
-0.000238 -0.002224 1.000000
0.039338 -1.260715 409.192370
0.001620 -1.215443 -118.609406
-0.000352 -0.002407 1.000000
-0.178224 -1.326082 418.375078
-0.089506 -1.443554 131.283011
-0.000499 -0.002689 1.000000
-0.303817 -1.023239 458.134569
-0.300778 -0.959116 240.836513
-0.000617 -0.001808 1.000000
-0.185420 -1.339395 221.315761
-0.189997 -1.401021 102.076851
-0.000571 -0.002470 1.000000
-0.304995 -1.168310 723.819518
-0.125657 -0.932742 52.209928
-0.000506 -0.002026 1.000000
-0.159145 -0.826604 22.030331
-0.081242 -0.517420 -185.272320
-0.000470 -0.001745 1.000000
-0.037537 -0.819965 255.372831
-0.125335 -0.610038 -13.662039
-0.000464 -0.001830 1.000000
-0.261546 -0.979269 279.868024
-0.085604 -0.676814 -4.009938
-0.000418 -0.001955 1.000000
-0.121365 -1.310927 546.233081
0.066429 -0.638490 -163.665435
-0.000110 -0.002246 1.000000
-0.458567 -1.091329 683.566043
-0.208170 -1.137156 89.393565
-0.000613 -0.002261 1.000000
0.093908 -0.781776 350.129436
-0.042132 -0.216226 41.107446
-0.000241 -0.001592 1.000000
0.048801 -0.858349 260.600067
-0.077286 -0.780159 52.995206
-0.000314 -0.002085 1.000000
1.000000 -0.000000 -0.000000
-0.000000 1.000000 0.000000
-0.000000 -0.000000 1.000000
-0.359717 -1.160614 716.571115
-0.045633 -0.756988 -45.265061
-0.000330 -0.002097 1.000000
-0.114972 -0.759225 119.870371
-0.087494 -0.875420 -13.319040
-0.000451 -0.002076 1.000000
-0.057988 -1.089872 469.661283
-0.081131 -0.836937 48.737876
-0.000353 -0.002163 1.000000
-0.214449 -1.126666 575.281710
-0.065812 -0.423638 -2.534226
-0.000321 -0.001809 1.000000
-0.074654 -1.130349 415.687822
-0.116029 -0.753352 9.077762
-0.000387 -0.002123 1.000000
-0.378398 -0.981729 786.370198
-0.050200 -0.589352 -64.201168
-0.000416 -0.001983 1.000000
-0.126264 -1.182793 334.759305
-0.141795 -1.117227 122.203861
-0.000335 -0.002302 1.000000
-0.304534 -1.069926 699.401727
-0.085687 -0.837457 39.702960
-0.000394 -0.002067 1.000000
