-0.064535 -1.838399 490.516777
-0.144867 -1.064659 -88.310470
0.000026 -0.002909 1.000000
-0.121285 -1.845600 679.674656
0.046397 -0.923856 -167.062875
0.000074 -0.003257 1.000000
0.580900 -1.472743 -98.645325
0.320649 -1.230965 -344.077560
0.001656 -0.004428 1.000000
0.065429 -1.582773 74.266458
0.066904 -1.040661 -46.967819
0.000417 -0.003250 1.000000
-0.304507 -1.298015 467.788528
-0.117892 -0.889283 -25.654837
-0.000297 -0.002303 1.000000
0.474112 -1.786733 -255.623673
0.386568 -1.687425 -135.677327
0.000925 -0.004249 1.000000
1.544296 -4.856770 -483.793722
1.193988 -3.222160 -1442.435991
0.004835 -0.011414 1.000000
-0.195369 -0.856918 457.853170
-0.129910 -0.811387 -10.943845
-0.000487 -0.002135 1.000000
-0.150104 -0.727602 218.128753
-0.259001 -0.912403 16.385591
-0.000471 -0.002262 1.000000
0.753827 -2.740994 1197.815658
0.552131 -1.926733 -995.665879
0.001217 -0.004774 1.000000
0.050678 -1.283844 634.699393
0.001857 -0.734636 -209.365519
0.000178 -0.002626 1.000000
0.456829 -2.784788 -602.254180
0.456664 -2.877396 -657.059789
0.002589 -0.007405 1.000000
0.743648 -2.682544 -43.931846
0.326236 -2.230276 -318.697955
0.001022 -0.005169 1.000000
0.378851 -1.866467 583.093289
0.334223 -1.221589 -504.668629
0.000819 -0.004163 1.000000
-0.010709 -0.699475 370.094359
-0.119749 -1.064602 79.384370
-0.000200 -0.002428 1.000000
-0.452900 -1.714347 558.701300
-0.154792 -1.499980 117.704493
-0.000058 -0.003251 1.000000
-0.167209 -0.779905 347.523069
-0.048947 -0.871530 -41.593027
-0.000144 -0.002474 1.000000
-0.083987 -1.384219 439.273049
0.005929 -1.181572 -41.691798
0.000128 -0.003174 1.000000
0.160333 -1.983914 93.530737
0.067770 -1.687502 -47.591668
0.000442 -0.003683 1.000000
0.032855 -1.500099 492.948159
0.071540 -0.920602 -288.753905
0.000288 -0.003196 1.000000
0.122134 -1.096282 108.377328
0.040457 -1.020629 -27.926653
0.000160 -0.002810 1.000000
-0.083857 -1.475637 633.941922
-0.029030 -1.187960 -223.688194
-0.000213 -0.002580 1.000000
4.202298 -9.518165 -6110.713419
2.842252 -8.419788 -1584.734381
0.006692 -0.014919 1.000000
-0.330852 -1.245435 520.823402
-0.240091 -1.174036 186.830221
-0.000314 -0.002658 1.000000
-0.099473 -0.760745 355.815087
-0.040862 -0.916120 -174.623685
-0.000130 -0.002489 1.000000
-65.188040 64.758341 7048.526510
-59.972489 93.870849 72773.826648
-0.145311 0.252425 1.000000
-0.222031 -0.895423 324.021223
-0.157685 -0.693614 -29.819013
-0.000461 -0.002084 1.000000
0.268184 -1.070227 83.836191
0.127595 -1.381812 -196.363852
0.000690 -0.003617 1.000000
-0.078386 -1.841399 320.025374
0.050683 -1.728441 22.178442
0.000147 -0.003632 1.000000
0.034526 -1.309531 467.610820
-0.213092 -1.800505 124.481103
-0.000018 -0.003282 1.000000
-0.098543 -1.696518 389.843465
-0.106631 -1.454158 45.889626
0.000104 -0.003235 1.000000
3.613143 -6.628002 -873.048169
2.696784 -7.213225 -2602.001697
0.005948 -0.013709 1.000000
0.553095 -1.929560 210.904055
0.126612 -1.838463 -520.610808
0.000897 -0.004641 1.000000
-0.137449 -0.576590 221.526537
0.053686 -0.787347 -135.693085
-0.000103 -0.002319 1.000000
-0.044614 -1.294954 260.992932
-0.181171 -1.224945 62.956090
-0.000171 -0.002583 1.000000
-0.105517 -0.746531 369.654874
-0.191247 -0.660789 -167.422929
-0.000244 -0.002170 1.000000
0.172110 -1.186006 106.415857
0.083681 -0.901243 -466.316520
0.000311 -0.003133 1.000000
-0.515621 -0.631195 634.361593
-0.389225 -0.547488 -13.510472
-0.000969 -0.001301 1.000000
0.214459 -1.484366 -211.377035
-0.012309 -1.061854 -408.350557
-0.000025 -0.003204 1.000000
0.013108 -1.076140 49.929930
0.033817 -1.175194 -190.396085
0.000527 -0.003452 1.000000
-0.369237 -0.759873 639.650093
-0.260010 -0.782926 46.695334
-0.000636 -0.001880 1.000000
0.062388 -1.471480 208.140724
-0.119366 -1.349002 33.897404
0.000078 -0.002948 1.000000
-0.020293 -0.822758 114.222786
-0.106708 -0.735433 -2.000620
-0.000155 -0.002556 1.000000
-0.264193 -0.849917 188.117314
-0.315193 -0.831308 -359.338012
-0.000634 -0.001858 1.000000
0.397722 -0.862421 90.097877
0.145546 -0.593487 -357.845495
0.000692 -0.002919 1.000000
0.654052 -2.019164 95.034575
0.314514 -1.672971 -597.785284
0.000970 -0.004861 1.000000
-0.266732 -0.600904 654.042955
-0.331343 -0.637582 14.016717
-0.000753 -0.001769 1.000000
0.542816 -1.647363 211.579533
0.273451 -1.324688 -694.439585
0.001460 -0.004713 1.000000
0.136088 -1.187602 349.586487
0.037002 -1.046537 -232.598432
0.000066 -0.002883 1.000000
-5.528311 5.363155 6978.213916
-3.888172 3.777980 4503.591163
-0.011082 0.014118 1.000000
0.522361 -1.370849 382.987474
0.205644 -1.518045 -421.935737
0.000786 -0.004384 1.000000
0.628976 -2.031389 -117.749685
0.665540 -1.434744 -718.872808
0.001716 -0.005051 1.000000
0.170486 -1.885082 159.236600
0.141538 -1.351887 -709.785366
0.001312 -0.004930 1.000000
-0.288270 -0.954106 758.346062
-0.228827 -0.745236 -142.787990
-0.000487 -0.002122 1.000000
-0.108566 -1.031429 439.527164
-0.096291 -0.766703 -231.857936
-0.000275 -0.002502 1.000000
0.287914 -1.701473 918.871262
0.105529 -1.862847 -3.969239
0.000646 -0.004250 1.000000
0.536260 -1.254794 -598.496891
0.388436 -1.148462 -783.523514
0.001402 -0.004175 1.000000
17.557483 -23.833348 -14093.632440
11.869406 -20.486441 -23506.359400
0.041249 -0.069974 1.000000
-1.960918 1.018715 707.796107
-1.741291 0.966201 2092.065250
-0.003607 0.003234 1.000000
0.803408 -3.190743 -347.811639
0.603534 -2.405330 -702.278234
0.001648 -0.005538 1.000000
0.075002 -0.972641 -107.900567
-0.013364 -0.769269 -319.943700
0.000289 -0.002953 1.000000
1.919120 -4.046043 -498.953806
1.820071 -4.632533 -1588.825462
0.004110 -0.010836 1.000000
0.176405 -1.749037 52.757962
-0.022781 -1.248967 -215.900578
0.001041 -0.004106 1.000000
0.310128 -1.178248 151.233757
0.180683 -0.914531 -245.753412
0.000642 -0.002996 1.000000
-1.609278 0.971623 2064.513659
-0.567274 0.276618 996.360516
-0.003400 0.002044 1.000000
-0.147198 -0.559215 82.924241
-0.235949 -0.511931 43.735368
-0.000693 -0.001435 1.000000
-0.041562 -1.550792 166.497303
-0.062714 -1.312816 -63.790750
-0.000115 -0.003021 1.000000
2.304782 -6.832070 -3799.744668
1.816710 -3.573894 -2131.020235
0.005445 -0.012533 1.000000
-0.290061 -1.330259 254.966373
-0.273314 -0.877849 -21.299303
-0.000455 -0.002379 1.000000
0.534206 -2.664956 134.823163
0.059108 -1.879650 -457.017664
0.000639 -0.004408 1.000000
-0.166149 -0.916159 309.143225
-0.284675 -0.830952 89.541714
-0.000343 -0.002086 1.000000
-6.602513 6.829485 1906.570127
-3.537588 5.562395 5624.969168
-0.010233 0.016187 1.000000
0.060436 -2.124479 36.175624
-0.094721 -1.344500 110.564990
0.000171 -0.004169 1.000000
-0.082011 -0.952201 640.765582
-0.197417 -1.058532 -82.668844
-0.000368 -0.002551 1.000000
0.286716 -0.950792 125.269212
0.001160 -1.140006 -131.017746
0.000002 -0.003175 1.000000
0.065940 -1.072203 643.020647
0.053647 -1.067140 -200.049737
0.000132 -0.002874 1.000000
-0.084426 -1.146519 237.220353
-0.109935 -0.781023 170.803088
-0.000024 -0.002486 1.000000
-0.263927 -1.798830 6.734083
-0.081870 -0.882546 134.310062
-0.000114 -0.003021 1.000000
-5.917944 13.531418 3959.914521
-4.250591 12.336020 3036.240729
-0.017154 0.025887 1.000000
-0.040961 -0.992685 308.142399
0.037325 -0.984391 -104.620071
-0.000013 -0.002738 1.000000
0.273181 -1.741189 56.796147
0.166290 -1.294383 -199.962038
0.000671 -0.003759 1.000000
0.162390 -1.497086 268.707474
-0.003124 -1.016461 -153.283712
0.000266 -0.003154 1.000000
0.221049 -1.341325 -90.137826
-0.057643 -1.351786 52.534647
0.000058 -0.003297 1.000000
0.569598 -1.330653 -205.551201
-0.076781 -2.004058 211.201691
0.000200 -0.003889 1.000000
0.780069 -1.053403 -287.755430
0.277347 -0.527655 -120.448547
0.002315 -0.004311 1.000000
1.767763 -2.100822 -849.891778
0.428503 -0.995569 -390.862472
0.004079 -0.007012 1.000000
0.220362 -2.139117 -18.209772
0.218394 -1.468021 -268.365861
0.000183 -0.003836 1.000000
0.673643 -3.097390 81.940383
1.036174 -2.309877 -848.197176
0.001904 -0.005784 1.000000
-0.174509 -0.693593 45.629826
-0.043883 -0.479360 21.761096
-0.000330 -0.002027 1.000000
0.431843 -1.760780 -37.370683
0.114041 -1.387521 -271.745645
0.000433 -0.003781 1.000000
-0.062181 -1.979154 132.159970
-0.019337 -1.647218 79.971839
-0.000035 -0.003594 1.000000
0.198271 -1.842615 231.565653
0.293070 -1.732912 -199.500897
0.000592 -0.004041 1.000000
2.020536 -5.196371 -724.368537
0.973047 -3.894105 -619.070103
0.003857 -0.010176 1.000000
-0.049925 -1.224635 -119.927573
-0.043404 -0.714412 -25.233702
0.000052 -0.003068 1.000000
0.108504 -2.208182 80.443921
0.008277 -1.177164 -120.840684
0.000487 -0.004222 1.000000
0.542658 -2.792330 379.815744
0.184328 -2.309049 -874.870171
0.000727 -0.005081 1.000000
-0.492745 -1.418432 230.865725
-0.244410 -0.693413 -80.554709
-0.000706 -0.002226 1.000000
1.095397 -2.791884 -557.845685
0.840992 -2.247966 -629.655226
0.001559 -0.005144 1.000000
0.396034 -2.865677 -116.438278
0.367721 -2.083854 -846.241998
0.001550 -0.005399 1.000000
-0.263535 -1.403524 354.539077
0.047420 -0.675501 -43.723116
-0.000137 -0.002462 1.000000
0.108888 -1.836099 98.514449
0.040079 -1.405520 21.060756
0.000212 -0.003493 1.000000
0.185100 -1.341985 -219.168630
-0.104495 -1.337703 -152.377334
0.000253 -0.003248 1.000000
0.046309 -0.958016 205.506825
-0.066149 -0.846951 -0.289999
-0.000235 -0.002256 1.000000
-0.167600 -1.150024 143.282325
-0.135653 -0.841624 3.521354
-0.000279 -0.002519 1.000000
-0.196223 -1.824062 90.908630
-0.139963 -1.416799 124.006500
-0.000267 -0.003285 1.000000
0.361530 -1.620782 94.673677
0.385931 -1.618947 -395.696250
0.001017 -0.004411 1.000000
0.033529 -2.406395 -36.002277
0.082706 -1.416930 -49.205239
0.000279 -0.004051 1.000000
0.447022 -4.136072 534.223123
0.455098 -3.089012 -357.953377
0.001155 -0.006069 1.000000
0.148065 -1.185383 388.671796
-0.149850 -1.125187 -94.352000
-0.000169 -0.002994 1.000000
0.868023 -3.469213 -351.058563
0.550464 -2.953518 -504.416484
0.002062 -0.006463 1.000000
-0.147010 -1.349236 179.711023
-0.136965 -1.077966 -85.345654
-0.000037 -0.002988 1.000000
-0.187881 -1.201739 197.036974
-0.196403 -1.139721 69.009571
-0.000302 -0.002511 1.000000
-0.086114 -0.779060 14.714473
-0.071986 -0.649131 0.780203
-0.000127 -0.002213 1.000000
-0.046476 -1.074391 636.455003
-0.116012 -0.950217 49.513841
-0.000135 -0.002267 1.000000
0.567250 -1.345253 -54.318051
0.212004 -1.111931 -137.341702
0.001105 -0.003749 1.000000
-0.360261 -1.033570 366.978453
-0.315026 -0.822890 -189.634051
-0.000597 -0.002091 1.000000
-0.217656 -1.936248 761.483202
-0.060854 -1.510761 -293.826227
-0.000066 -0.003303 1.000000
0.015929 -2.064088 313.537150
0.005537 -1.605150 -185.650058
0.000153 -0.003644 1.000000
0.430973 -2.581710 -360.066818
0.312558 -1.480385 -855.881607
0.001317 -0.004364 1.000000
-0.345027 -1.395193 609.066101
-0.139006 -1.484536 166.530951
-0.000129 -0.002909 1.000000
0.622228 -4.971564 659.489224
0.000817 -3.992990 -403.179937
0.001734 -0.007261 1.000000
0.245805 -2.598937 508.449285
0.279025 -1.643863 -729.927682
0.000300 -0.003869 1.000000
0.095879 -1.591225 -6.871218
-0.089725 -1.223124 -312.914701
-0.000059 -0.003097 1.000000
-0.213422 -1.095449 297.335032
-0.267691 -1.094197 166.328362
-0.000438 -0.002187 1.000000
0.182364 -2.133862 26.174664
0.218091 -1.578815 -638.020015
0.000381 -0.003882 1.000000
0.613429 -1.921558 431.278594
0.154477 -1.743818 -351.291881
0.000727 -0.003937 1.000000
0.272404 -2.218838 178.395541
0.192759 -2.030140 -396.914797
0.001048 -0.005128 1.000000
0.366638 -2.767880 152.752326
0.219123 -2.054381 -544.533829
0.000788 -0.004790 1.000000
0.615384 -2.545138 482.272368
0.617670 -3.216726 -780.065271
0.001777 -0.006526 1.000000
0.162609 -1.946082 511.828907
0.314099 -1.795795 -443.031101
0.000741 -0.004275 1.000000
-0.226425 -1.256646 1016.130214
-0.261468 -1.264220 20.009515
-0.000248 -0.002603 1.000000
-0.058283 -1.365634 616.376909
-0.118640 -1.323387 -76.878059
0.000113 -0.002975 1.000000
0.792175 -2.463002 74.731043
0.386776 -3.392152 -286.053354
0.001305 -0.006364 1.000000
0.171787 -2.536299 724.963513
0.521479 -1.906821 -710.820190
0.000984 -0.004744 1.000000
0.227001 -2.454572 117.243776
-0.043740 -2.396285 65.327316
0.000077 -0.004582 1.000000
-0.335681 -0.842648 350.233744
-0.323831 -0.897777 58.363697
-0.000663 -0.002173 1.000000
-0.173700 -1.636419 285.527129
0.000630 -1.290507 65.350799
-0.000101 -0.003016 1.000000
0.098042 -1.488467 109.469390
0.028743 -1.309589 -114.806356
0.000042 -0.003353 1.000000
-26.525396 49.658519 24325.446614
-33.581142 29.475414 22683.779436
-0.091198 0.121501 1.000000
-5.728782 6.710046 960.976037
-3.770256 5.721163 6956.023253
-0.012610 0.015310 1.000000
0.144951 -1.832761 1153.925238
-0.148536 -0.838207 124.038123
0.000075 -0.002448 1.000000
0.621543 -2.635506 497.151433
-0.023221 -1.635998 -661.700773
0.000907 -0.004796 1.000000
-0.152111 -1.332044 587.703369
-0.093187 -1.261986 65.507657
-0.000204 -0.003008 1.000000
2.373384 -4.159466 1641.226571
1.056132 -2.630346 -1687.514157
0.003401 -0.007429 1.000000
0.322688 -2.062844 1308.972306
0.005082 -1.340530 25.574535
0.000635 -0.003477 1.000000
-0.033602 -0.902700 375.346716
-0.361010 -1.563362 425.381187
-0.000544 -0.002510 1.000000
0.023484 -0.448064 267.655094
-0.234567 -0.860099 65.964329
-0.000518 -0.002076 1.000000
5.336774 -13.187152 -186.367299
3.110488 -11.191425 -4399.786515
0.010474 -0.024219 1.000000
0.312054 -2.489747 -569.221906
0.398732 -1.307913 -471.077197
0.001124 -0.004484 1.000000
1.693406 -6.601867 -1606.994424
1.670378 -3.542383 -1628.715780
0.004364 -0.010926 1.000000
-0.629019 -1.373018 1124.309328
-0.314153 -0.820410 -115.110587
-0.000785 -0.001937 1.000000
-0.227765 -1.282874 664.369075
-0.230717 -0.584456 -40.982139
-0.000531 -0.001995 1.000000
-0.357781 -2.045158 1027.926734
-0.248485 -1.135202 -188.193826
-0.000334 -0.002680 1.000000
0.224987 -1.346642 -15.156187
-0.168943 -1.030969 -80.642220
-0.000124 -0.002946 1.000000
0.970750 -2.408907 297.960285
0.227321 -0.898345 -571.094265
0.000637 -0.003763 1.000000
2.946138 -6.435998 2468.195687
0.396863 -2.693102 -196.971924
0.003433 -0.008421 1.000000
-0.146751 -1.406375 424.590471
-0.031655 -1.022960 -111.366916
-0.000233 -0.002729 1.000000
0.344853 -2.041922 1598.843654
0.069782 -1.051127 29.680794
0.000431 -0.003456 1.000000
-0.047751 -1.764009 959.774197
0.091198 -1.170030 -59.221592
0.000139 -0.003102 1.000000
-0.063264 -1.715398 347.286382
-0.075189 -1.593686 71.925637
-0.000269 -0.002973 1.000000
0.138946 -1.768931 567.984119
0.078529 -1.282550 -148.688538
0.000506 -0.003460 1.000000
0.875419 -1.896847 -311.493263
0.428952 -1.857996 -768.841527
0.001860 -0.006505 1.000000
0.127309 -1.913814 87.327520
0.004475 -1.287514 -32.190503
0.000175 -0.003301 1.000000
0.276047 -1.569407 181.486602
0.320108 -1.116109 -319.839881
0.000406 -0.003489 1.000000
0.286574 -1.240955 66.416775
0.036764 -1.440537 28.560636
0.000428 -0.003431 1.000000
0.404204 -1.479335 -100.922034
0.217971 -2.128006 -165.480877
0.001030 -0.004849 1.000000
-0.451917 -1.181231 -614.285587
-0.246629 -0.973675 61.702172
-0.000566 -0.002253 1.000000
0.647474 -2.518518 -134.707946
0.674937 -2.384377 -373.456866
0.001722 -0.005571 1.000000
-0.339667 -0.689760 113.265527
-0.261646 -0.563294 -126.617515
-0.000810 -0.001622 1.000000
0.199250 -1.659542 -194.999624
-0.006400 -1.453128 41.796445
0.000449 -0.003765 1.000000
0.671939 -3.293547 393.718345
0.508749 -2.957592 -456.002478
0.001218 -0.006282 1.000000
0.278382 -2.279879 247.848734
0.264789 -2.248356 -225.319997
0.000291 -0.004337 1.000000
-1.716089 0.110264 1701.045677
-0.664085 0.961376 671.845603
-0.003073 0.002330 1.000000
0.599790 -1.451243 -1371.712359
0.527756 -1.893459 -1147.479034
0.001736 -0.005113 1.000000
0.237641 -1.250512 -141.271942
-0.060334 -1.234867 91.962456
0.000079 -0.003231 1.000000
-0.073449 -1.507063 301.225679
-0.054820 -1.206976 73.088598
-0.000111 -0.002870 1.000000
-0.168149 -2.222452 436.931677
-0.018763 -1.865359 -32.212555
0.000311 -0.004329 1.000000
-0.101953 -0.781502 50.395367
-0.146019 -0.787130 71.712524
-0.000234 -0.002402 1.000000
0.208190 -1.577158 -838.855078
0.309392 -1.745240 -536.585122
0.001330 -0.004834 1.000000
0.728617 -1.736076 -568.602633
0.297520 -1.732173 -20.973025
0.001907 -0.005582 1.000000
-0.172047 -1.106512 293.190467
0.045076 -1.019503 -133.705360
-0.000124 -0.002826 1.000000
0.121769 -0.788163 151.085740
-0.002773 -1.604954 127.857187
0.000077 -0.003498 1.000000
-0.149449 -1.474780 241.450547
-0.094920 -1.334882 -36.574755
-0.000149 -0.003022 1.000000
0.253981 -2.170458 -195.497850
0.244733 -1.422720 -274.701520
0.000900 -0.004739 1.000000
4.689212 -4.315317 -2655.257822
2.813507 -3.620227 -2578.205645
0.009382 -0.013591 1.000000
2.530652 -6.655372 -3346.928378
1.649830 -3.174724 -1286.976705
0.005550 -0.011907 1.000000
-0.097579 -0.889281 105.951069
-0.081905 -0.955685 23.104513
-0.000052 -0.002859 1.000000
-0.031197 -0.735097 217.080517
-0.080335 -1.032169 32.372265
-0.000231 -0.002601 1.000000
-0.231465 -1.292421 704.672690
0.041321 -1.021813 -16.549315
0.000002 -0.002815 1.000000
-1.424696 0.398445 2175.386890
-0.725352 1.171427 -28.805648
-0.002300 0.001323 1.000000
-0.300377 -1.265712 799.670749
-0.112350 -1.038277 -135.426964
-0.000374 -0.002189 1.000000
0.080753 -1.744522 74.620482
0.064332 -1.309897 -141.476404
0.000288 -0.003612 1.000000
0.282686 -2.286968 -97.089335
0.159079 -1.605574 -535.574289
0.000677 -0.004611 1.000000
0.150349 -1.685939 620.358964
-0.017677 -1.174138 -147.597036
0.000137 -0.003337 1.000000
-0.691481 -0.461806 602.609992
-0.486401 -0.389257 -141.477253
-0.001312 -0.000991 1.000000
-0.460634 -0.807628 656.670983
-0.388339 -0.972660 6.226497
-0.000832 -0.001784 1.000000
-0.105747 -0.745454 344.674567
-0.355249 -1.297327 187.400831
-0.000569 -0.002221 1.000000
-0.261690 -1.015908 44.811313
-0.260218 -0.833095 -9.474841
-0.000772 -0.001914 1.000000
-3.212480 3.374396 5346.842504
-3.842317 5.273736 -1226.708286
-0.008496 0.008220 1.000000
0.353488 -2.116352 -334.584756
0.248794 -2.318117 -445.061972
0.001355 -0.005095 1.000000
-0.317964 -0.527738 871.491398
-0.348987 -0.764116 -95.313856
-0.000937 -0.001491 1.000000
0.426191 -2.945048 1469.149872
0.685190 -2.931389 -258.179413
0.001964 -0.005782 1.000000
0.258560 -2.501723 965.066844
0.045041 -1.075775 -173.532778
0.000414 -0.003657 1.000000
0.722036 -3.296207 1386.158890
0.846986 -3.854593 -424.621068
0.001729 -0.006712 1.000000
0.074269 -2.309664 1006.774043
0.120175 -0.777477 -89.146745
0.000320 -0.003300 1.000000
0.842895 -2.725476 914.902340
0.197949 -0.816913 -102.844594
0.000990 -0.003814 1.000000
0.015825 -2.156584 821.074759
-0.008056 -1.181848 -98.357778
0.000239 -0.003230 1.000000
0.733202 -4.250700 1661.920588
0.740006 -1.606230 -342.511760
0.002181 -0.005831 1.000000
1.040208 -2.901200 991.123908
0.461652 -1.175213 -144.163224
0.001656 -0.004815 1.000000
3.238700 -5.451684 2147.279345
1.091594 -1.751543 -422.469752
0.004665 -0.007008 1.000000
-0.591549 -1.003426 116.315769
-0.429542 -0.715222 304.835161
-0.000962 -0.001364 1.000000
-0.805673 0.663957 -505.878824
-0.740237 0.646752 327.186261
-0.002711 0.001372 1.000000
-0.643017 -0.471329 122.010859
-0.459545 -0.383982 165.535285
-0.001329 -0.000927 1.000000
-0.584141 -0.617689 190.058352
-0.508186 -0.515428 339.865513
-0.001320 -0.001064 1.000000
11.633123 -10.670709 2058.531403
5.073904 -1.119821 -2329.728546
0.014092 -0.015460 1.000000
0.718310 -2.541282 737.671163
0.125585 -0.533596 -21.812085
0.000751 -0.003492 1.000000
1.805620 -5.713728 2034.181372
0.821177 -2.034083 -607.258283
0.003683 -0.008911 1.000000
0.015594 -1.688330 1057.171572
0.287225 -1.512976 14.198908
0.000615 -0.003930 1.000000
-0.558350 -0.541248 88.953265
-0.507595 -0.479215 174.072258
-0.001282 -0.001022 1.000000
-1.013316 0.217225 -195.328780
-1.104686 0.237634 331.161450
-0.002257 0.000345 1.000000
1.956981 -4.262768 1216.991857
0.736097 -1.847506 -324.249571
0.002938 -0.006357 1.000000
-3.577941 5.200833 -2342.509362
-3.097058 4.390197 3000.142929
-0.006940 0.007238 1.000000
1.728144 -5.065661 1900.238501
0.853598 -2.109544 -862.456957
0.002805 -0.007275 1.000000
-1.990883 0.426405 -83.729264
-0.569981 -0.104232 299.992497
-0.002486 0.000254 1.000000
0.283855 -0.666685 64.088831
-0.076724 -0.462918 102.886166
0.000197 -0.002283 1.000000
2.046020 -3.446895 937.326475
0.522417 -0.493606 -238.212305
0.002054 -0.004715 1.000000
0.940988 -2.810515 813.464373
0.309565 -0.920819 -90.741033
0.001007 -0.004017 1.000000
0.126432 -2.158148 334.498661
0.108855 -1.225913 -370.549238
0.000563 -0.003703 1.000000
0.387378 -1.439497 732.252324
0.122231 -0.251454 12.857280
0.000350 -0.002063 1.000000
0.245581 -1.813017 889.047670
0.379133 -1.444975 -100.969485
0.000760 -0.003727 1.000000
0.136979 -1.570206 691.683765
0.056796 -1.486005 55.850284
0.000141 -0.003152 1.000000
0.098372 -2.550034 878.044236
0.221940 -3.610993 -47.748062
0.000861 -0.006387 1.000000
0.648967 0.046422 125.090994
-0.081910 1.391438 -71.388019
-0.000419 0.000450 1.000000
1.183072 0.671424 -222.693281
-0.079382 2.483961 -240.174676
-0.000520 0.001876 1.000000
5.017869 -7.751772 1754.471928
1.578898 -1.789892 -913.387005
0.005244 -0.010005 1.000000
-0.590186 -1.625997 879.891271
-0.237041 -0.902352 85.457319
-0.000568 -0.002095 1.000000
0.030522 -1.902986 1022.409536
0.241771 -0.814985 -115.726398
0.000300 -0.003349 1.000000
1.183039 -3.446462 1218.854309
0.373077 -1.065890 -600.827881
0.001301 -0.004738 1.000000
0.552807 -1.586804 501.781407
0.112323 -1.263114 7.325592
0.000495 -0.002975 1.000000
-0.135672 -1.769474 832.632762
-0.096065 -0.829694 -120.802619
0.000076 -0.002843 1.000000
4.970751 -9.041697 3437.092527
2.195808 -4.225535 -980.923114
0.006328 -0.013420 1.000000
-0.079941 -1.543384 915.257191
0.020001 -0.532594 -13.814653
-0.000137 -0.002081 1.000000
1.594205 -2.310775 -715.350045
-0.080848 -1.028536 -378.394647
0.002229 -0.005279 1.000000
1.000000 -0.000000 -0.000000
0.000000 1.000000 -0.000000
0.000000 -0.000000 1.000000
1.076245 0.007097 -10.598222
0.025438 1.155085 -54.494620
0.000021 0.000053 1.000000
2.857914 0.706785 -567.640850
0.539691 2.168411 -313.703103
0.001471 0.000490 1.000000
3.944061 2.145238 -1227.154217
0.973996 3.687393 -795.543241
0.002208 0.001559 1.000000
2.516718 0.386992 -404.113444
0.814871 1.300246 -287.695000
0.001717 -0.000760 1.000000
-0.488818 -2.733421 919.741069
-0.054642 -3.197441 534.622533
0.000010 -0.004649 1.000000
-0.944392 -1.608009 562.009046
-0.491689 -1.820333 584.270227
-0.001085 -0.002810 1.000000
0.101182 -1.736086 467.968890
0.097027 -1.443301 -31.837212
0.000150 -0.003473 1.000000
0.446452 -1.644107 622.366344
0.252144 -1.303922 -93.696446
0.000554 -0.003223 1.000000
2.579296 0.782917 -376.217642
0.481040 2.692616 -579.583250
0.001120 0.001065 1.000000
-0.195316 -2.961869 728.026209
-0.159577 -2.617365 181.183698
0.000465 -0.004827 1.000000
0.064272 -2.062611 672.729983
-0.054469 -2.039928 98.305506
0.000192 -0.004298 1.000000
0.290807 -2.972344 1020.332448
0.601702 -2.969032 -18.278906
0.001061 -0.005259 1.000000
0.353332 -2.262032 449.535162
0.178418 -1.878067 -221.732139
0.000640 -0.004321 1.000000
-0.165244 -0.805244 239.836491
-0.274852 -1.280981 125.464016
-0.000478 -0.002494 1.000000
0.128797 -1.854527 1367.268198
0.063165 -0.830191 45.112046
0.000222 -0.002837 1.000000
-45.437343 64.398727 -9438.070356
-11.519736 41.816518 12973.517387
-0.082796 0.108021 1.000000
0.212487 -1.666370 951.307096
0.131677 -0.748647 -215.904666
0.000172 -0.002831 1.000000
0.238778 -3.018335 689.750881
0.406042 -1.752562 -254.800695
0.000954 -0.004593 1.000000
1.793038 0.447448 -350.086614
0.154064 1.285760 -171.750939
0.000489 0.000218 1.000000
0.418737 1.141536 -272.363221
-0.603726 1.962428 72.679367
-0.001478 0.002408 1.000000
0.479714 -1.920081 189.864742
0.295418 -2.144850 -176.280833
0.000633 -0.004377 1.000000
0.176081 -1.913003 563.348907
0.602090 -1.782994 -663.069141
0.001175 -0.004610 1.000000
0.090254 -1.135269 246.323023
-0.122555 -1.723644 157.454085
-0.000086 -0.003036 1.000000
0.578564 -4.385127 -49.829785
0.973563 -4.026227 -541.738152
0.002662 -0.008229 1.000000
0.054802 -2.705792 268.301228
-0.031743 -2.485636 50.148488
0.000121 -0.004539 1.000000
0.435193 -3.726471 423.563708
1.085636 -1.602939 -1106.270839
0.002859 -0.006989 1.000000
0.393018 -2.359348 165.075578
0.082960 -1.750649 -55.536559
0.000503 -0.004173 1.000000
-0.270139 -1.424894 135.196984
-0.130297 -1.000340 1.167084
-0.000232 -0.002726 1.000000
-0.319773 -1.549119 621.691493
-0.167970 -0.584330 -231.866203
-0.000573 -0.002184 1.000000
2.969431 -2.684934 932.792649
1.604601 -2.353749 -452.393239
0.003788 -0.006827 1.000000
-0.203187 -1.885896 448.034690
0.034475 -1.596360 -109.344597
0.000130 -0.003765 1.000000
0.113330 -1.478022 249.442002
-0.073633 -1.369896 -15.771960
0.000347 -0.003403 1.000000
0.514902 -2.331540 -108.936749
0.105373 -2.421695 -123.735943
0.000942 -0.005091 1.000000
0.190334 -2.047087 715.551286
0.119433 -1.768790 -5.312337
0.000339 -0.003862 1.000000
-0.380257 -1.192793 576.685559
-0.261121 -1.117593 136.800084
-0.000349 -0.002660 1.000000
-0.197234 -1.412998 412.907882
-0.197511 -1.151399 108.549183
-0.000297 -0.002570 1.000000
-0.075582 -1.103653 597.986295
-0.162710 -1.180078 148.036158
-0.000102 -0.002484 1.000000
0.230707 -2.322541 19.566596
0.309171 -2.670466 -310.195774
0.001606 -0.006070 1.000000
-0.050058 -1.189103 650.872724
-0.021480 -0.539734 -127.057103
-0.000185 -0.002171 1.000000
-0.150570 -1.367430 449.372692
-0.000494 -1.566803 44.815359
-0.000150 -0.003277 1.000000
1.139489 -2.431561 777.191138
0.833546 -1.885187 -372.930189
0.001791 -0.004475 1.000000
