-0.106095 -0.962952 442.850784
-0.030636 -0.459941 -57.598029
-0.000174 -0.002143 1.000000
-0.072480 -0.800610 343.685635
-0.044778 -0.454294 38.642516
-0.000425 -0.001793 1.000000
0.125337 -1.008776 152.462761
0.175503 -0.869144 78.083967
0.000449 -0.002799 1.000000
-0.088995 -0.604518 226.416658
-0.071702 -0.376249 4.694322
-0.000349 -0.001818 1.000000
-0.018183 -0.666961 112.987171
-0.115712 -0.509186 53.492721
-0.000414 -0.001892 1.000000
-0.043196 -0.751464 247.736676
-0.084095 -0.398618 37.745322
-0.000349 -0.001840 1.000000
-0.012516 -0.345617 76.193616
0.107375 -0.208581 -24.435985
0.000205 -0.002105 1.000000
-0.042359 -0.742921 192.415634
0.045973 -0.409515 -85.655364
-0.000088 -0.002209 1.000000
-0.073573 -0.705183 151.006821
-0.100489 -0.322785 45.831984
-0.000331 -0.001816 1.000000
-0.261888 -1.537018 990.182511
0.067882 -0.738476 -25.252788
-0.000250 -0.002298 1.000000
-0.205445 -0.937090 674.365605
0.000891 -0.509437 -49.049250
-0.000459 -0.001796 1.000000
0.050659 -0.499992 -53.379018
-0.048205 -0.557379 61.202499
-0.000413 -0.001983 1.000000
-0.039256 -0.824773 117.314607
-0.067147 -0.500874 21.346441
-0.000144 -0.002181 1.000000
-0.109110 -1.462106 403.937299
0.071677 -0.890113 -139.916750
-0.000065 -0.002641 1.000000
-0.030741 -1.199336 378.685651
-0.052700 -0.603533 36.980877
-0.000188 -0.002297 1.000000
0.250411 -1.368801 295.926878
0.114235 -1.049096 -0.978072
0.000072 -0.002856 1.000000
0.285980 -1.303595 235.546387
0.070572 -0.566508 -66.395509
0.000120 -0.002541 1.000000
0.200782 -1.656393 200.265344
0.166460 -1.384352 76.003415
0.000048 -0.003239 1.000000
0.055750 -0.721142 113.826689
0.033045 -0.517582 -3.791981
-0.000236 -0.002118 1.000000
0.090301 -0.990410 158.746349
0.183959 -0.634526 -100.831540
0.000321 -0.002673 1.000000
0.170335 -1.257110 153.760698
0.208277 -0.889934 -31.669184
0.000273 -0.002850 1.000000
0.423677 -1.471289 762.292822
0.371634 -1.398823 943.704690
0.000722 -0.002900 1.000000
-1.803495 1.066870 -1694.975953
-1.599637 0.989249 1872.968840
-0.003364 0.002562 1.000000
0.137237 -1.711743 774.935236
0.312630 -0.858895 -313.050168
0.000270 -0.003023 1.000000
0.259587 -1.169876 286.507937
-0.048041 -0.922490 83.022017
-0.000017 -0.002620 1.000000
0.185083 -1.452402 406.300012
0.056622 -0.780837 10.968788
0.000028 -0.002612 1.000000
-0.080237 -0.745997 197.817589
-0.020630 -0.850161 96.985300
-0.000177 -0.002340 1.000000
-0.185931 -0.455040 21.919189
-0.071685 -0.377830 46.838597
-0.000521 -0.001575 1.000000
-0.047588 -0.553665 64.885565
0.088556 -0.337572 -130.442441
-0.000047 -0.002298 1.000000
-0.040250 -1.165192 388.525413
-0.013001 -1.042180 112.611266
-0.000046 -0.002666 1.000000
-0.042950 -0.797261 364.121034
-0.068741 -0.381297 60.617115
-0.000307 -0.001722 1.000000
-0.111949 -0.820988 263.035112
-0.040423 -0.505095 80.058277
-0.000218 -0.002025 1.000000
-0.034958 -0.695383 175.368182
0.005237 -0.658111 22.803577
-0.000162 -0.002152 1.000000
-0.188244 -0.859978 408.594099
-0.075482 -0.470644 82.318689
-0.000304 -0.001944 1.000000
-0.135963 -0.827294 226.293257
-0.121916 -0.644281 137.107342
-0.000179 -0.002223 1.000000
-0.671435 -1.095022 555.545720
-0.219614 -0.916668 333.962405
-0.000784 -0.001858 1.000000
0.739438 -0.228685 43.695653
-0.028335 0.823732 -91.105418
-0.000274 -0.000530 1.000000
9.386925 5.364361 -3491.998944
0.846540 11.064805 -3478.728372
0.003979 0.006503 1.000000
0.717330 -0.105513 13.816397
-0.117420 0.857174 -67.361332
-0.000333 -0.000360 1.000000
0.786790 -0.170060 -9.635858
0.075847 0.618642 -106.678291
0.000004 -0.001019 1.000000
0.269189 -0.621934 292.171800
-0.062188 0.189790 17.025410
-0.000458 -0.000932 1.000000
0.062854 -0.748560 318.305759
-0.127677 -0.340598 108.941867
-0.000257 -0.001788 1.000000
0.344540 -0.382656 163.476150
-0.092638 0.283473 38.584369
-0.000149 -0.001185 1.000000
-0.055685 -0.252339 144.174958
-0.214876 0.060126 85.687658
-0.000922 -0.000648 1.000000
-0.058155 -0.252329 131.158490
-0.132501 -0.089921 72.513932
-0.000611 -0.001060 1.000000
-0.015301 -0.575288 264.509152
-0.139413 -0.290034 121.969717
-0.000391 -0.001589 1.000000
-0.029307 -0.790044 301.528994
-0.170307 -0.638811 208.769614
-0.000330 -0.001891 1.000000
0.508616 -0.284468 108.166994
-0.164872 0.651687 -19.690315
-0.000355 -0.000498 1.000000
0.143834 -0.955752 405.261127
-0.097615 -0.295845 61.096793
-0.000169 -0.001765 1.000000
-0.299825 -1.349718 461.808521
-0.235965 -1.607821 439.146653
-0.000439 -0.002769 1.000000
0.563298 -0.258427 167.602701
-0.110292 0.766397 19.010189
-0.000359 -0.000241 1.000000
0.667378 0.079450 38.984138
-0.118460 1.076769 -40.972182
-0.000399 0.000208 1.000000
0.095479 0.068373 0.794325
-0.251408 0.415608 63.449855
-0.000907 -0.000206 1.000000
-0.128857 -0.943207 356.108517
-0.248936 -0.742188 118.018646
-0.000497 -0.001906 1.000000
-0.099640 -1.009942 328.122713
-0.033085 -0.755181 53.119365
-0.000410 -0.002088 1.000000
0.013064 -1.002928 222.542673
0.062845 -0.675991 15.535112
-0.000181 -0.002200 1.000000
-0.150730 -1.127869 492.690406
0.002209 -0.533837 -120.938589
-0.000029 -0.002419 1.000000
0.112550 -1.031118 415.453975
0.041549 -0.542528 -131.276702
0.000012 -0.002182 1.000000
0.266765 -1.133664 242.794278
0.037908 -0.806196 -29.277896
0.000099 -0.002738 1.000000
0.117672 -1.124370 124.409585
0.103753 -0.735578 -38.653729
0.000022 -0.002691 1.000000
-0.143411 -0.501661 137.698877
-0.096115 -0.322611 51.366493
-0.000480 -0.001619 1.000000
0.205383 -0.869609 58.330100
0.143147 -0.985809 82.861380
0.000315 -0.002900 1.000000
-0.038283 -0.511035 116.799000
-0.008697 -0.264764 8.100454
-0.000317 -0.001780 1.000000
0.229655 -1.489682 360.740372
0.087626 -1.177065 -136.198159
0.000129 -0.003333 1.000000
0.219952 -1.132911 417.971820
0.091323 -0.551270 -191.662630
0.000281 -0.002717 1.000000
-0.041241 -0.542765 185.191957
-0.187227 -0.549595 132.513387
-0.000365 -0.001982 1.000000
0.143147 -0.900280 104.131455
-0.080468 -0.728767 67.065057
-0.000217 -0.002433 1.000000
0.363456 -1.387276 88.242707
0.210192 -0.736367 -132.758490
0.000442 -0.002955 1.000000
0.042956 -0.736410 117.188415
-0.034389 -0.368362 -103.834996
-0.000579 -0.001971 1.000000
-0.315966 -0.856361 583.508505
-0.230557 -0.639666 -12.346236
-0.000705 -0.001892 1.000000
0.251675 -0.885440 5.937939
0.083103 -0.778921 -54.114060
0.000157 -0.002806 1.000000
-0.098226 -1.103779 355.691029
-0.135652 -0.848321 154.978239
-0.000254 -0.002328 1.000000
-0.007083 -0.764537 -10.075791
-0.004788 -0.574559 -65.338337
-0.000469 -0.002478 1.000000
0.270469 -1.691718 745.647627
0.097860 -0.665574 22.819280
0.000473 -0.002796 1.000000
0.113618 -1.422993 295.452956
-0.004012 -1.207276 209.863673
-0.000203 -0.002686 1.000000
1.000000 -0.000000 0.000000
0.000000 1.000000 0.000000
0.000000 -0.000000 1.000000
0.191633 -0.911146 30.670500
0.096139 -0.553402 28.295070
0.000093 -0.002367 1.000000
0.073586 -0.749232 72.575185
0.056160 -0.371943 -21.291687
0.000136 -0.002314 1.000000
0.011278 -1.514378 676.450427
0.089054 -0.692737 -149.113142
0.000019 -0.002408 1.000000
0.203411 -0.899398 97.673067
-0.001935 -0.479236 -69.165488
-0.000344 -0.002282 1.000000
0.517324 -1.825501 60.924119
0.264347 -1.239719 -224.125141
0.000518 -0.003809 1.000000
0.157675 -1.451271 299.297387
0.050512 -0.746276 -41.728064
-0.000129 -0.002741 1.000000
0.092932 -1.017097 62.018194
-0.015669 -0.955983 15.918280
-0.000241 -0.002720 1.000000
0.110700 -1.411411 193.484430
-0.035748 -0.894410 -75.521718
0.000074 -0.002834 1.000000
-0.020520 -0.475184 150.152984
-0.032877 -0.307324 54.665549
-0.000026 -0.001952 1.000000
-0.017843 -0.535850 125.214693
-0.052550 -0.326933 32.231809
-0.000245 -0.001858 1.000000
-0.335831 -1.005592 356.686274
-0.154256 -0.457679 -96.405700
-0.000684 -0.001845 1.000000
-0.273449 -1.407093 409.246365
-0.137991 -0.831049 49.266843
-0.000363 -0.002390 1.000000
-0.049017 -0.499133 142.241100
-0.083347 -0.341359 53.122687
-0.000175 -0.001887 1.000000
-0.145554 -1.273910 496.927869
-0.056819 -0.520615 -61.929079
-0.000094 -0.002300 1.000000
0.078799 -0.963771 161.513026
-0.012544 -0.589896 -1.335742
-0.000310 -0.002109 1.000000
0.076437 -0.801003 103.010755
0.022583 -0.703753 -27.747509
-0.000195 -0.002449 1.000000
0.214795 -1.440643 285.913839
0.203781 -0.920518 -204.792544
0.000118 -0.003025 1.000000
-0.066445 -0.413036 7.767332
-0.012231 -0.155717 -29.808665
-0.000407 -0.001560 1.000000
-0.045187 -0.918626 158.582506
0.092708 -0.439294 -27.845606
0.000129 -0.002408 1.000000
0.148617 -1.021113 387.327687
0.211681 -1.045348 -238.588068
0.000209 -0.002958 1.000000
-0.058831 -1.623606 339.557945
-0.039505 -0.678286 13.068381
-0.000104 -0.002587 1.000000
-0.167059 -0.865638 337.020662
-0.086866 -0.388821 -36.935260
-0.000366 -0.001665 1.000000
0.277296 -1.170473 326.904105
0.154363 -0.622864 -264.337948
0.000171 -0.002485 1.000000
0.130936 -1.099399 429.675553
-0.062162 -0.800655 -66.655494
-0.000196 -0.002523 1.000000
0.111222 -1.146847 347.708985
0.002498 -0.763332 46.218659
-0.000153 -0.002279 1.000000
0.036099 -0.839603 253.853026
-0.112270 -0.766710 78.241612
-0.000081 -0.002450 1.000000
0.291900 -1.193380 224.214510
-0.079825 -0.682295 17.023865
-0.000012 -0.002668 1.000000
0.335997 -2.488227 464.348754
0.260301 -1.437715 -179.361971
0.000251 -0.003835 1.000000
0.414412 -1.450828 -46.019160
0.189712 -1.035949 -104.574889
0.000343 -0.003352 1.000000
1.037884 -0.270468 23.071571
0.195214 0.715115 -120.369269
0.000420 -0.001005 1.000000
0.046001 -1.056242 469.986157
0.018003 -0.402447 70.918622
-0.000092 -0.001969 1.000000
-0.411822 -0.974888 688.845959
-0.205292 -0.374619 -47.790994
-0.000612 -0.001746 1.000000
0.252117 -1.226864 306.166150
0.010372 -0.952471 58.805121
-0.000086 -0.002553 1.000000
0.105080 -2.111247 215.229704
0.048010 -1.331682 9.229667
-0.000012 -0.003346 1.000000
0.280137 -1.321770 -184.988882
0.259299 -0.916010 -165.247747
0.000419 -0.003346 1.000000
-0.130168 -1.134454 107.900793
-0.086199 -0.682785 -26.006997
-0.000473 -0.002125 1.000000
0.367094 -1.514136 -22.467189
0.077709 -0.852469 -110.365777
0.000034 -0.003160 1.000000
0.116972 -1.205421 456.779061
-0.106950 -0.698650 131.224118
-0.000149 -0.002211 1.000000
0.267866 -0.976197 233.101502
0.025766 -0.488214 -113.621883
-0.000007 -0.002449 1.000000
-0.057894 -0.748528 207.548871
-0.097843 -0.585020 -55.713386
-0.000407 -0.002034 1.000000
-0.159000 -1.335483 526.060439
-0.123068 -1.146374 43.487131
-0.000213 -0.002538 1.000000
0.269000 -1.788780 933.652466
0.157986 -0.835512 -326.016635
0.000422 -0.003200 1.000000
-0.211327 -0.733909 292.062455
-0.137613 -0.572404 -44.869725
-0.000354 -0.002058 1.000000
0.141630 -1.971507 596.978348
0.143025 -1.114959 -201.080338
-0.000027 -0.003272 1.000000
-0.230324 -1.064098 366.394846
-0.177593 -0.537300 -41.029346
-0.000595 -0.001951 1.000000
0.241350 -1.633836 651.924827
0.052049 -0.798822 -119.798557
0.000070 -0.002694 1.000000
0.069862 -1.142783 350.322676
0.097833 -0.758829 -230.167859
0.000024 -0.002767 1.000000
0.054245 -0.618336 138.982381
-0.051061 -0.317776 -58.254379
-0.000494 -0.001760 1.000000
0.232820 -1.144489 337.561032
0.097999 -0.702146 -150.719363
-0.000129 -0.002497 1.000000
-0.383066 -1.097664 340.160058
-0.213194 -0.679428 34.374477
-0.000581 -0.001892 1.000000
0.137028 -1.359247 502.349955
0.100423 -1.261652 78.886210
0.000052 -0.002965 1.000000
0.164919 -2.154021 886.105589
0.069256 -1.598974 50.134324
0.000196 -0.003665 1.000000
0.664877 -1.761971 398.660642
0.421718 -1.271147 -177.946383
0.000607 -0.003467 1.000000
0.286118 -1.528250 490.038850
0.056805 -0.986589 -162.553911
0.000041 -0.002847 1.000000
-0.129462 -1.223226 720.221892
-0.024589 -0.736230 -141.779916
-0.000123 -0.002424 1.000000
0.289085 -1.730020 613.438665
0.248674 -1.396209 -174.254284
0.000380 -0.003436 1.000000
-0.014040 -0.579242 19.850867
0.015667 -0.618869 -70.649761
-0.000157 -0.002264 1.000000
0.037959 -1.404704 608.983465
0.114670 -1.173746 -54.437790
-0.000031 -0.002759 1.000000
0.175289 -1.193155 434.850464
0.035638 -0.872295 -114.130551
-0.000097 -0.002648 1.000000
-0.112944 -1.300556 346.591576
-0.059650 -0.877260 14.038298
-0.000393 -0.002357 1.000000
0.270344 -1.537138 347.073449
0.066642 -0.955277 -30.767234
0.000035 -0.002928 1.000000
0.121950 -0.978636 262.672969
-0.002393 -0.991606 -48.897518
-0.000131 -0.002709 1.000000
0.133015 -1.120791 485.408310
0.040059 -0.571466 -138.104209
0.000106 -0.002603 1.000000
-0.448948 -0.887399 1070.907012
-0.137326 -0.421151 109.493808
-0.000653 -0.001588 1.000000
-0.423307 -1.215207 1023.651588
-0.017244 -0.221395 35.110199
-0.000458 -0.001604 1.000000
-0.025276 -1.699346 560.660358
0.167513 -0.683474 -295.241094
0.000787 -0.003918 1.000000
-0.023711 -1.591296 978.298464
0.118065 -0.787735 -76.969861
0.000083 -0.002629 1.000000
0.290922 -2.139014 1275.670945
0.350706 -0.992531 -426.925646
0.000571 -0.003509 1.000000
-0.040064 -1.680399 1086.665061
0.021123 -0.545118 -75.529560
0.000082 -0.002567 1.000000
-0.365768 -1.183476 724.908752
-0.114515 -0.486494 -80.911975
-0.000567 -0.001809 1.000000
-0.002164 -1.458187 509.512799
0.098633 -0.670182 -394.969941
0.000185 -0.002588 1.000000
0.158993 -1.585169 576.360270
0.051575 -0.516976 -323.188834
0.000191 -0.002832 1.000000
-0.075206 -0.841455 135.165704
-0.085868 -0.497952 33.243939
-0.000365 -0.001938 1.000000
0.800145 -2.639151 736.462964
0.688008 -1.407672 -1008.140136
0.001294 -0.004735 1.000000
0.656253 -2.323217 1231.624282
0.185874 -0.895250 -483.524852
0.000539 -0.003315 1.000000
0.161524 -1.706772 780.366511
0.057188 -0.807838 -157.479135
0.000074 -0.002793 1.000000
0.001624 -1.456452 792.374029
0.135033 -0.862827 -216.497658
0.000013 -0.002628 1.000000
0.548999 -2.040086 1131.642265
0.147961 -0.832870 -126.659913
0.000822 -0.003437 1.000000
-0.482688 -1.248973 1004.749148
-0.052377 -0.717382 48.769007
-0.000502 -0.001977 1.000000
-0.242533 -1.760839 1003.511906
-0.030979 -0.309737 -11.985611
-0.000223 -0.002142 1.000000
-0.019824 -1.867083 988.472895
0.064089 -0.838447 -216.465780
0.000234 -0.002976 1.000000
1.133626 -2.146024 1096.625616
0.543927 -1.499689 -226.291201
0.001472 -0.004596 1.000000
0.194092 -2.161090 1317.788228
0.108482 -0.729311 -125.013603
0.000352 -0.002808 1.000000
0.030384 -1.461687 737.534523
0.014075 -0.863057 26.468969
-0.000235 -0.002692 1.000000
0.184990 -1.347608 508.295949
0.000426 -0.619906 -100.051322
-0.000029 -0.002645 1.000000
0.497272 -1.425113 150.380180
0.073763 -0.493386 -211.303889
0.000148 -0.002814 1.000000
0.042166 -0.917326 508.084657
-0.118954 -0.531631 -65.179576
-0.000302 -0.002386 1.000000
-0.014555 -0.547491 215.376389
-0.114092 -0.434093 64.430873
-0.000221 -0.001877 1.000000
0.099221 -0.693787 107.763800
0.153731 -0.662131 22.257487
0.000113 -0.002251 1.000000
0.041231 -0.589266 85.661543
-0.054703 -0.417058 41.253871
-0.000280 -0.001870 1.000000
-0.391660 -0.381662 108.797118
-0.450154 -0.617653 787.640064
-0.000939 -0.001301 1.000000
-0.023138 -0.475065 41.276159
-0.063045 -0.485676 99.055647
-0.000162 -0.001955 1.000000
0.533537 -1.028859 -143.856573
0.206811 -0.718099 -94.596987
0.000678 -0.003389 1.000000
-0.005415 -1.176256 134.025026
-0.031102 -0.596617 32.247070
-0.000337 -0.002315 1.000000
-0.290387 -1.016021 433.789067
-0.227205 -0.588249 -17.947033
-0.000713 -0.001956 1.000000
-0.027159 -0.679895 267.269962
-0.039197 -0.507193 -72.669462
-0.000398 -0.002045 1.000000
-0.033496 -0.681108 -60.093287
-0.034811 -0.582130 117.226733
-0.000294 -0.002129 1.000000
-0.114381 -0.562023 88.458666
-0.075906 -0.636538 178.306884
-0.000386 -0.001925 1.000000
-0.066184 -0.437120 92.968554
-0.059627 -0.499705 120.920597
-0.000464 -0.001708 1.000000
0.107557 -0.874395 88.445654
0.118775 -1.137854 119.418620
0.000297 -0.002876 1.000000
0.089632 -0.948069 296.900970
0.086299 -0.432189 -33.504577
-0.000027 -0.002099 1.000000
-0.221201 -0.557157 -83.023922
0.027723 -0.460231 -70.305940
-0.000121 -0.002140 1.000000
-0.056792 -0.611846 36.288351
-0.065879 -0.621888 109.550804
-0.000102 -0.002208 1.000000
0.072425 -0.419634 3.501266
-0.014267 -0.455880 56.108072
-0.000369 -0.001762 1.000000
0.063637 -0.920467 13.717955
0.052215 -0.743097 -23.615304
-0.000095 -0.002386 1.000000
0.162705 -0.544912 33.465662
0.038155 -0.649521 54.140630
-0.000002 -0.002182 1.000000
0.688583 -1.446163 -11.350695
0.304273 -0.858718 -231.540933
0.000840 -0.003786 1.000000
0.446935 -1.355402 424.354005
0.127512 -0.704245 -184.808908
0.000238 -0.002881 1.000000
0.026396 -1.365586 707.761422
-0.026037 -0.736756 -94.239294
-0.000100 -0.002698 1.000000
-0.060528 -0.528697 -0.537304
-0.130130 -0.532211 129.712140
-0.000431 -0.001781 1.000000
-0.068921 -0.444209 -0.860160
-0.069916 -0.461329 28.008693
-0.000244 -0.002010 1.000000
0.067605 -0.758530 27.646341
0.084832 -0.729520 38.011431
-0.000061 -0.002331 1.000000
-0.122955 -0.615343 208.030228
-0.097141 -0.477192 80.589756
-0.000283 -0.001786 1.000000
-0.441257 -0.213858 86.819399
-0.394371 -0.474767 681.973109
-0.001011 -0.001124 1.000000
-0.937370 -0.269846 350.757330
-0.747479 -0.071400 1053.569253
-0.001720 -0.000055 1.000000
-0.004772 -0.668627 -74.473312
0.103554 -0.661316 -64.986463
0.000144 -0.002541 1.000000
0.088893 -0.842847 11.290004
0.028902 -0.504523 37.616269
0.000247 -0.002538 1.000000
0.257816 -1.721208 657.120650
0.506997 -1.951538 -232.322632
0.000739 -0.004237 1.000000
-2.503072 2.020786 4308.918564
-1.788540 1.700285 188.242193
-0.005482 0.004942 1.000000
-0.414405 -0.609171 226.896702
-0.380262 -0.644729 700.351088
-0.001019 -0.001264 1.000000
-0.346355 -1.298839 471.818710
-0.264843 -0.896802 809.131673
-0.000513 -0.001612 1.000000
-0.642899 -0.967507 2009.700845
-0.319248 -0.642941 1018.125252
-0.000838 -0.001383 1.000000
-0.353246 -0.383042 317.345596
-0.321458 -0.570045 792.217053
-0.000811 -0.001190 1.000000
0.183595 -0.419849 -202.050227
0.017087 -0.778216 32.037138
0.000015 -0.002547 1.000000
-0.267556 -0.928071 518.455676
-0.224708 -0.756118 772.940594
-0.000519 -0.001737 1.000000
-0.387201 -0.693839 598.068641
-0.385888 -0.626323 850.214952
-0.000840 -0.001208 1.000000
-0.409439 -1.494884 1066.915601
0.028723 -0.588682 42.271089
-0.000404 -0.001904 1.000000
0.281933 -1.666308 1480.491257
0.138274 -1.646016 335.927265
0.000595 -0.003570 1.000000
0.000585 -1.813818 1003.124797
0.078702 -0.445390 -3.403080
-0.000001 -0.002107 1.000000
0.347075 -2.243045 1264.848357
0.243917 -0.786917 -131.204063
0.000454 -0.002925 1.000000
-1.779090 1.125570 -2.826247
-1.072135 0.600035 1239.322540
-0.002697 0.001481 1.000000
-0.363879 -1.443980 920.815000
-0.020975 -0.702676 30.804757
-0.000385 -0.002147 1.000000
-0.039519 -1.894449 1043.244210
0.127765 -0.914507 2.805217
0.000138 -0.002739 1.000000
-0.214076 -1.259218 1171.862880
-0.116769 -0.465677 76.139130
-0.000544 -0.001839 1.000000
0.057634 -1.183196 665.972662
-0.148452 -1.079813 1245.378670
-0.000024 -0.002083 1.000000
-0.101276 -0.967745 455.009964
0.056774 -0.644733 -56.731585
-0.000263 -0.002003 1.000000
-0.420045 -0.628267 1206.399311
-0.268692 -0.701795 416.492627
-0.000796 -0.001556 1.000000
-0.497889 -0.261935 459.113337
-0.471940 -0.549909 25.365367
-0.001010 -0.000994 1.000000
-0.283996 -1.531311 915.709528
-0.050709 -0.655869 53.345824
-0.000236 -0.002093 1.000000
-0.406350 -1.273392 1009.175127
-0.053349 -0.263719 48.898244
-0.000454 -0.001498 1.000000
-0.379864 -1.108953 1025.758472
-0.075543 -0.442388 112.311048
-0.000532 -0.001715 1.000000
0.382820 -1.532909 681.992276
0.317889 -1.051492 -175.190747
0.000788 -0.003127 1.000000
-0.594509 -1.079324 1035.228626
-0.438205 -0.740399 1087.227816
-0.000868 -0.001451 1.000000
-0.495705 -0.668191 953.242188
-0.472429 -0.776792 796.236680
-0.000866 -0.001166 1.000000
0.134997 -1.822086 1055.579500
0.117419 -0.896487 79.862719
0.000199 -0.002767 1.000000
0.248193 -2.180520 869.960622
-0.061752 -1.526325 1188.191114
0.000353 -0.003194 1.000000
-0.239316 -1.610082 1003.525136
-0.068385 -0.564926 -74.402935
-0.000270 -0.002107 1.000000
0.250857 -2.073192 408.778568
0.137021 -1.095119 -2.307314
0.000434 -0.002960 1.000000
-0.031540 -0.873741 253.709298
-0.030926 -0.363128 59.639630
-0.000149 -0.001980 1.000000
-0.133088 -1.696468 997.598548
0.037011 -0.376447 47.580040
-0.000120 -0.001926 1.000000
-0.198794 -1.460032 1025.352237
-0.064140 -0.500693 133.499987
-0.000202 -0.001961 1.000000
-0.324203 -1.409700 534.784039
-0.016330 -0.683769 -157.530311
-0.000206 -0.002288 1.000000
-0.201734 -1.599530 780.369755
0.065952 -1.007521 4.383883
-0.000202 -0.002393 1.000000
-0.585019 -1.219465 952.533914
-0.073171 -0.386067 -16.379660
-0.000523 -0.001782 1.000000
-0.109405 -1.323431 598.734536
-0.035990 -0.834606 -29.346208
-0.000309 -0.002379 1.000000
0.167270 -1.542646 258.568070
0.205348 -1.156389 -165.926258
0.000053 -0.003329 1.000000
-0.452870 -1.439291 1039.423581
-0.165841 -0.355431 10.149843
-0.000625 -0.001747 1.000000
-0.719759 -1.106128 1040.249229
-0.140926 -0.201658 54.338717
-0.000822 -0.001277 1.000000
-0.449734 -1.147262 1028.223700
-0.115636 -0.225916 74.781548
-0.000398 -0.001406 1.000000
-0.266130 -1.742201 1082.805634
-0.033181 -0.687757 -49.541815
-0.000028 -0.002542 1.000000
0.576629 -2.565432 1260.635019
0.221602 -0.855789 -272.994156
0.001008 -0.003388 1.000000
-0.710591 -0.783936 981.789619
-0.201792 -0.164452 -6.132431
-0.000958 -0.000908 1.000000
-0.490135 -0.438554 247.969322
-0.355122 -0.317847 509.942109
-0.001015 -0.000873 1.000000
-0.149026 -1.304308 852.690602
0.069082 -0.678518 -28.249223
-0.000148 -0.002127 1.000000
-0.281428 -1.697532 1040.222993
-0.000422 -0.591255 101.576829
-0.000237 -0.001990 1.000000
0.644777 -2.678304 443.374860
0.429958 -1.049349 -507.061614
0.001126 -0.003840 1.000000
-0.280074 -0.770824 197.948188
-0.111673 -0.179096 -170.235132
-0.000612 -0.001556 1.000000
-0.300413 -1.136980 832.808382
-0.017704 -0.440520 -53.613114
-0.000307 -0.001818 1.000000
-0.251272 -1.357332 936.121506
-0.002583 -0.511159 54.922577
-0.000293 -0.001864 1.000000
0.086779 -2.049825 878.724066
0.203589 -1.032396 -199.183340
0.000479 -0.003283 1.000000
-0.179211 -0.810686 380.300001
0.050524 -0.459822 -209.283524
-0.000549 -0.001854 1.000000
-0.057079 -1.404214 469.132771
0.077230 -0.696099 -159.963478
-0.000166 -0.002424 1.000000
-0.045108 -1.591402 786.704921
0.062393 -0.628641 -142.828710
-0.000153 -0.002511 1.000000
-0.454099 -1.268763 823.461739
-0.002449 -0.368785 -129.356339
-0.000464 -0.001997 1.000000
-0.142685 -1.103441 428.769529
0.077397 -0.531607 -201.368260
-0.000250 -0.002441 1.000000
-0.053045 -1.146386 597.274319
-0.007006 -0.606713 -36.721513
-0.000216 -0.002188 1.000000
-0.130095 -1.410499 620.989366
-0.000869 -0.579170 -164.378536
-0.000223 -0.002380 1.000000
0.373003 -1.475772 465.893897
0.232372 -1.438799 -76.811044
0.000090 -0.003196 1.000000
-0.200520 -1.139879 744.680721
-0.006542 -0.467398 8.013745
-0.000383 -0.001864 1.000000
0.357171 -2.095662 699.560150
0.356041 -1.299788 -98.866842
0.000442 -0.003216 1.000000
0.932308 -2.271118 468.429947
0.375759 -1.210490 -344.355002
0.001116 -0.004283 1.000000
0.270693 -1.543893 569.329167
0.015245 -1.217935 66.967962
0.000123 -0.003297 1.000000
-0.042197 -1.480138 966.380302
0.016369 -0.546296 68.373362
-0.000092 -0.002105 1.000000
-0.038756 -1.013090 691.436529
0.107067 -0.462479 -175.035329
-0.000124 -0.002102 1.000000
-0.329795 -1.058128 780.223870
-0.026450 -0.336443 -40.561244
-0.000390 -0.001728 1.000000
0.120990 -1.493140 716.113316
0.020653 -0.470128 -85.071614
-0.000000 -0.002353 1.000000
0.021421 -1.576282 751.967231
0.132798 -0.762812 -143.349901
-0.000118 -0.002860 1.000000
-0.216329 -1.206536 798.716791
-0.032695 -0.422882 -30.507737
-0.000391 -0.002280 1.000000
-0.092553 -0.820842 173.318385
-0.102401 -0.560645 -13.083765
-0.000539 -0.002028 1.000000
-0.079182 -1.299156 721.035112
-0.062228 -0.514535 -121.848483
-0.000222 -0.002336 1.000000
0.281966 -2.154891 581.878002
0.136873 -1.455757 -40.990320
0.000151 -0.003508 1.000000
-0.030658 -1.056630 213.807409
-0.011344 -0.905754 -12.655044
-0.000210 -0.002558 1.000000
-0.108531 -1.223861 616.236870
-0.059659 -0.953875 106.318296
-0.000445 -0.002295 1.000000
-0.021954 -0.759917 210.579597
-0.004204 -0.328836 -119.559217
-0.000175 -0.002142 1.000000
0.135781 -0.775821 177.115147
0.053203 -0.372675 -6.151350
0.000113 -0.002110 1.000000
-0.216150 -0.657320 -69.064659
-0.118271 -0.361340 6.891606
-0.000730 -0.001619 1.000000
-0.234385 -1.485091 951.675268
-0.084444 -0.581530 10.250963
-0.000300 -0.002311 1.000000
-0.256617 -1.584629 861.068772
-0.011251 -0.615190 -53.850978
-0.000225 -0.002242 1.000000
0.046266 -0.847795 50.767675
-0.055464 -0.533460 33.742962
-0.000337 -0.002151 1.000000
-0.094254 -0.994670 216.229920
0.127348 -0.756965 -87.200764
-0.000008 -0.002595 1.000000
0.043265 -0.900389 177.770353
0.022800 -0.624967 -60.964150
-0.000165 -0.002409 1.000000
-0.192312 -1.590129 869.624932
0.013931 -0.646583 20.703665
-0.000114 -0.002327 1.000000
-0.219016 -0.533483 67.552966
-0.132011 -0.380186 75.912985
-0.000612 -0.001646 1.000000
0.031270 -1.037435 332.031905
-0.043443 -0.591271 82.108841
-0.000225 -0.002166 1.000000
-0.048355 -1.124584 470.915958
-0.133619 -0.635173 49.567976
-0.000332 -0.002106 1.000000
0.005313 -1.461488 484.774513
-0.061877 -1.066492 173.561899
-0.000002 -0.002751 1.000000
-0.198369 -1.709797 982.247097
0.034963 -0.713546 -25.034615
-0.000208 -0.002513 1.000000
0.121918 -1.025766 96.520785
-0.005256 -0.736380 99.105768
-0.000036 -0.002600 1.000000
-0.170236 -1.924082 921.010674
0.113159 -0.850227 -232.691381
0.000047 -0.002678 1.000000
