-0.109778 -1.259425 317.189872
0.168865 -0.772831 -282.532472
0.000056 -0.002609 1.000000
-0.129020 -0.858592 414.466264
-0.093883 -0.396071 -166.196884
-0.000481 -0.001763 1.000000
-0.077131 -1.096601 399.842629
-0.054115 -0.865262 -101.875853
-0.000195 -0.002513 1.000000
-0.047622 -0.815446 152.958305
-0.063408 -0.491507 -86.450525
-0.000430 -0.001915 1.000000
-0.257961 -0.883118 340.717578
-0.174330 -0.640129 -13.414438
-0.000674 -0.001702 1.000000
-0.201683 -0.493873 205.186521
-0.183654 -0.350148 31.410104
-0.000802 -0.001411 1.000000
0.174718 -0.940165 39.102254
0.150108 -0.423955 -152.635419
-0.000033 -0.002225 1.000000
0.007872 -0.536219 125.933965
-0.063365 -0.380217 -73.370350
-0.000557 -0.001673 1.000000
0.263915 -1.296940 439.624445
0.005966 -0.539805 -205.169124
-0.000054 -0.002504 1.000000
-0.344373 -1.225815 842.993153
0.024737 -0.589259 -156.358066
-0.000413 -0.001856 1.000000
-0.242712 -1.032757 506.816990
-0.076028 -0.710127 -207.375236
-0.000603 -0.001759 1.000000
-0.228653 -0.670504 -47.391163
-0.213827 -0.548357 51.333284
-0.000785 -0.001688 1.000000
0.064683 -0.775159 161.563214
0.028315 -0.680023 -114.424608
-0.000206 -0.002202 1.000000
0.183939 -1.416222 171.965586
0.028043 -1.534466 -43.604285
-0.000195 -0.003130 1.000000
-0.077887 -2.191913 1118.939763
0.753292 -1.929988 -717.585677
0.001175 -0.005224 1.000000
0.066261 -1.060393 231.699975
0.070911 -0.731819 -172.187334
-0.000159 -0.002350 1.000000
-0.101243 -0.663326 233.071697
0.101091 -0.329119 -137.962741
-0.000419 -0.001890 1.000000
0.163360 -1.261285 112.107027
0.169545 -1.049236 -181.117436
-0.000213 -0.002710 1.000000
0.150980 -1.184218 421.485625
0.102282 -0.767167 -214.168041
-0.000103 -0.002192 1.000000
0.133061 -1.075320 213.937779
0.028236 -0.561826 -98.588757
-0.000112 -0.002118 1.000000
-0.202675 -0.892471 220.476064
-0.014172 -0.343015 -37.302088
-0.000606 -0.001769 1.000000
0.552370 -1.819012 -443.569883
0.276575 -1.303924 -789.641176
0.000914 -0.003363 1.000000
0.303492 -1.448770 972.841123
-0.189915 -1.075356 -290.466946
0.000406 -0.002678 1.000000
0.021224 -1.235019 291.532610
-0.034033 -1.006896 -175.913804
-0.000101 -0.002644 1.000000
0.045928 -1.005669 370.071000
0.072604 -0.585536 -74.077246
-0.000051 -0.002275 1.000000
0.005509 -0.971044 318.603708
0.126328 -0.907884 -110.413497
-0.000200 -0.002418 1.000000
-0.101149 -0.701625 227.928182
-0.180165 -0.506913 -51.721094
-0.000628 -0.001770 1.000000
0.085395 -0.846623 255.902152
0.058474 -0.534243 -230.947857
-0.000244 -0.001930 1.000000
-0.240088 -0.697534 187.574459
-0.082031 -0.537874 -43.381133
-0.000646 -0.001741 1.000000
0.263676 -1.139613 441.928937
0.209936 -1.002229 -125.505834
0.000317 -0.002860 1.000000
-0.018523 -1.414951 532.447697
0.237168 -0.811923 -217.446728
-0.000027 -0.002585 1.000000
0.146076 -1.309463 140.633189
0.119543 -1.228252 -232.697898
0.000005 -0.002917 1.000000
0.056800 -1.147956 412.304917
0.011699 -1.050848 -122.092517
-0.000144 -0.002515 1.000000
-0.104846 -0.730425 261.206197
-0.057292 -0.463737 -161.280111
-0.000511 -0.001957 1.000000
0.045528 -1.064116 448.653813
0.071115 -0.475614 -112.748631
-0.000258 -0.002012 1.000000
-0.065792 -1.109197 510.931043
0.048001 -0.725160 -72.975139
-0.000259 -0.002184 1.000000
0.022300 -1.187936 538.591192
-0.077296 -0.710941 83.601746
-0.000165 -0.002227 1.000000
0.257637 -1.084155 362.282549
0.088091 -0.705992 -40.983586
-0.000033 -0.002281 1.000000
0.030387 -1.214570 456.776368
-0.024547 -0.441172 -40.671249
-0.000260 -0.002135 1.000000
0.112224 -0.837824 201.589508
0.005753 -0.414977 -41.735611
-0.000370 -0.001949 1.000000
0.424816 -1.518384 542.123680
0.154010 -0.379629 -55.831020
0.000257 -0.002462 1.000000
0.166628 -1.091013 333.216815
0.033528 -0.252410 -74.041751
-0.000187 -0.001977 1.000000
-0.084773 -1.137590 332.644473
-0.088836 -0.534281 -42.087651
-0.000372 -0.002209 1.000000
-0.155165 -1.199728 436.408115
-0.182974 -1.519193 306.266203
-0.000292 -0.002724 1.000000
-0.063733 -0.451145 167.971416
-0.148992 -0.469736 -5.750293
-0.000633 -0.001656 1.000000
-0.028108 -0.894072 249.484636
0.025651 -0.341896 -205.671927
-0.000321 -0.001985 1.000000
-0.143733 -0.847335 287.687116
0.018690 -0.296402 -177.423060
-0.000515 -0.001965 1.000000
-0.103341 -0.830042 197.226397
-0.020802 -0.540874 0.683419
-0.000457 -0.001795 1.000000
-0.306525 -0.588779 123.353353
-0.192369 -0.273622 -113.528718
-0.000936 -0.001469 1.000000
0.078877 -0.887595 266.707945
-0.010278 -0.576615 16.115070
-0.000275 -0.001953 1.000000
0.037324 -0.923459 490.253771
0.189306 -0.365017 -154.024939
-0.000046 -0.002209 1.000000
0.095150 -0.500825 202.327532
0.014727 -0.244661 1.622491
-0.000413 -0.001591 1.000000
-0.042483 -1.044569 363.941225
-0.102245 -0.714930 -62.698935
-0.000546 -0.002082 1.000000
-0.239041 -0.995707 296.434435
-0.026656 -0.602086 -100.618782
-0.000392 -0.002025 1.000000
-0.053416 -0.778167 264.235920
0.008200 -0.427749 -58.868320
-0.000417 -0.001677 1.000000
0.468229 -1.415980 115.605906
0.136637 -0.964786 -182.214193
0.000169 -0.003071 1.000000
-0.083186 -1.051147 165.027449
0.012322 -0.736784 -276.870353
-0.000160 -0.002539 1.000000
-0.129732 -1.412465 323.187963
0.065971 -0.963581 -334.170130
0.000079 -0.002754 1.000000
-0.263268 -0.318167 -92.455203
-0.267249 -0.233068 33.934162
-0.001010 -0.001146 1.000000
-0.281761 -0.593944 90.240302
-0.268614 -0.445236 81.052837
-0.000825 -0.001493 1.000000
0.123756 -0.625989 -74.692947
-0.115977 -0.644103 -25.847149
-0.000274 -0.002052 1.000000
-0.266196 -0.459619 401.397723
-0.230946 -0.406150 -24.612047
-0.000842 -0.001470 1.000000
-0.137382 -0.577215 -69.240814
-0.063376 -0.309613 -161.012048
-0.000418 -0.001847 1.000000
0.487104 -1.278548 324.480311
0.344635 -1.052790 -434.582504
0.000364 -0.003030 1.000000
0.216502 -1.341094 587.079995
0.062193 -0.763273 -194.057791
0.000198 -0.002722 1.000000
-0.320327 -0.672678 345.691146
-0.139286 -0.419395 -77.158036
-0.000678 -0.001553 1.000000
-0.013183 -0.789629 100.256143
-0.001484 -0.691741 -121.738739
-0.000424 -0.002097 1.000000
-0.282678 -1.304103 451.693488
0.048070 -0.735381 -795.171410
-0.000250 -0.002422 1.000000
0.023819 -1.888517 244.410035
0.036588 -1.125158 -269.374255
0.000167 -0.003450 1.000000
-0.218132 -0.932577 638.861787
-0.084526 -0.565625 -49.154160
-0.000427 -0.001816 1.000000
0.354656 -1.098865 -112.732737
0.217125 -0.812521 -75.669835
0.000365 -0.002685 1.000000
-0.237938 -1.259357 340.124727
-0.169784 -0.989231 -22.416743
-0.000350 -0.002491 1.000000
-0.165377 -0.511593 -151.557091
-0.116109 -0.420461 -20.891870
-0.000788 -0.001657 1.000000
0.086239 -1.248111 511.553258
0.013871 -0.478142 1.253794
-0.000137 -0.002356 1.000000
0.044837 -1.333115 310.179691
0.081892 -0.726279 -113.196206
-0.000064 -0.002412 1.000000
0.087701 -0.999454 365.517973
-0.039395 -0.583181 100.614893
-0.000227 -0.002008 1.000000
-0.134493 -0.435046 54.334333
-0.143407 -0.365453 158.740211
-0.000504 -0.001469 1.000000
-0.050554 -1.556958 41.405309
0.144165 -0.932749 -212.509625
-0.000036 -0.002946 1.000000
-0.136316 -1.964827 434.548736
0.179552 -0.972854 -258.600347
0.000046 -0.002791 1.000000
-0.365353 -0.298253 -147.655589
-0.289012 -0.222805 -97.665454
-0.001093 -0.001095 1.000000
-0.331696 -0.946051 353.062526
-0.194627 -0.605780 40.295203
-0.000641 -0.001860 1.000000
-0.070535 -0.952813 405.396245
-0.098314 -0.610498 -146.400356
-0.000538 -0.001980 1.000000
0.047744 -1.649631 627.306205
0.041459 -1.339843 -250.879764
-0.000039 -0.003209 1.000000
-0.269954 -1.258913 1138.858156
0.032616 -0.747141 -139.619742
-0.000363 -0.002516 1.000000
-0.128095 -0.847318 104.546649
0.006281 -0.378345 -5.836458
-0.000420 -0.002025 1.000000
-0.116372 -0.588791 132.904831
0.009930 -0.297774 34.409082
-0.000197 -0.001792 1.000000
-1.009258 0.043536 -349.668896
-0.782502 -0.056642 -652.197463
-0.001797 -0.000343 1.000000
-0.039847 -1.179100 191.520245
0.040626 -0.737780 -729.831055
-0.000317 -0.002337 1.000000
0.198190 -1.027681 -346.187736
0.073045 -0.726477 -100.647696
-0.000051 -0.002704 1.000000
-0.202217 -1.086285 -44.768675
-0.088289 -0.767980 -81.363583
-0.000538 -0.002083 1.000000
-0.157174 -0.967104 310.978475
-0.175676 -0.794498 58.685428
-0.000463 -0.001920 1.000000
0.510781 -1.554653 699.584678
0.431635 -1.065132 -315.927374
0.000437 -0.002664 1.000000
-0.332457 -0.854500 135.977913
-0.101901 -0.547693 -84.927783
-0.000605 -0.001794 1.000000
-0.420350 -0.291340 -124.861986
-0.095598 -0.144209 -172.386174
-0.001069 -0.001105 1.000000
-0.348444 -0.881007 74.258756
-0.196786 -0.376234 -13.554717
-0.000833 -0.001791 1.000000
-0.028203 -1.218260 957.404348
0.164573 -1.023414 -168.971024
-0.000020 -0.002711 1.000000
-0.030525 -0.759368 137.317099
-0.081252 -0.338965 -163.196628
-0.000552 -0.001717 1.000000
-0.155777 -0.820388 275.557758
-0.110822 -0.647756 -357.279546
-0.000481 -0.002057 1.000000
-0.132069 -0.872905 -249.382479
-0.173000 -0.716122 -111.507849
-0.000671 -0.001904 1.000000
-0.426083 -0.708811 -101.360984
-0.320002 -0.432933 -364.911641
-0.000876 -0.001334 1.000000
0.060523 -1.657912 572.754160
0.159582 -1.003991 -114.053197
0.000143 -0.002721 1.000000
0.098418 -0.999188 277.248294
0.070660 -0.854754 -159.566456
-0.000151 -0.002266 1.000000
0.207270 -0.441943 -56.229236
-0.090104 -0.761112 -62.190653
-0.000448 -0.002068 1.000000
-0.332002 -1.052067 293.171744
-0.168798 -0.494787 -85.287905
-0.000710 -0.001795 1.000000
-0.065232 -0.828878 222.002536
-0.097638 -0.593834 -8.075060
-0.000495 -0.001881 1.000000
0.240733 -1.354912 431.104043
0.139770 -1.027162 -112.962318
0.000014 -0.002870 1.000000
0.045190 -1.641501 610.554659
0.169027 -1.096660 -184.574115
0.000140 -0.003236 1.000000
-0.245181 -1.319240 802.748524
0.022511 -0.782464 -160.004424
-0.000342 -0.002226 1.000000
-0.249653 -0.843563 279.407351
-0.088583 -0.590914 9.231688
-0.000493 -0.001982 1.000000
0.264144 -1.517744 -156.415378
0.220022 -1.079242 -202.056261
0.000113 -0.002925 1.000000
0.036402 -0.587749 -171.712213
0.006144 -0.675365 136.816472
-0.000121 -0.001927 1.000000
0.045936 -1.023284 -65.807339
0.110607 -0.866654 -67.651104
-0.000252 -0.002316 1.000000
0.509720 -1.293317 -739.505003
0.331630 -0.966164 -266.139672
0.000772 -0.003501 1.000000
0.032907 -1.144424 554.128620
0.183921 -0.571737 -143.654194
0.000067 -0.002173 1.000000
-0.216932 -1.014858 308.243662
-0.005518 -0.550611 -155.744728
-0.000440 -0.001952 1.000000
-0.135180 -0.859180 121.965208
-0.106479 -0.777526 -102.910010
-0.000403 -0.002301 1.000000
-0.331186 -1.560752 259.508696
0.054431 -1.436339 -88.546647
-0.000429 -0.002867 1.000000
-0.114145 -1.403655 247.637361
0.132405 -0.834282 -332.855813
-0.000180 -0.002756 1.000000
-0.064032 -0.861437 363.664748
-0.014393 -0.495441 -176.507720
-0.000380 -0.001756 1.000000
-0.091003 -1.127894 442.991325
0.073053 -0.934159 -385.266705
-0.000418 -0.002433 1.000000
-0.228675 -0.880658 310.281277
-0.172594 -0.472576 -186.188365
-0.000585 -0.001771 1.000000
-0.224650 -0.990320 886.787789
-0.105749 -0.555516 -57.166046
-0.000415 -0.001558 1.000000
-0.230557 -0.681407 100.748551
-0.142987 -0.519954 -111.733135
-0.000699 -0.001672 1.000000
-0.261095 -0.940308 317.193980
-0.136530 -0.496239 73.703140
-0.000504 -0.001703 1.000000
0.374167 -2.314760 378.699994
0.237351 -1.572934 -233.303637
0.000348 -0.003678 1.000000
-0.408251 -1.018267 373.521506
-0.135483 -0.691901 -218.195453
-0.000597 -0.001731 1.000000
-0.212572 -0.691553 289.520950
-0.097838 -0.465701 -88.646973
-0.000687 -0.001612 1.000000
-0.107141 -0.922051 746.710682
0.020052 -0.853916 -47.520676
-0.000166 -0.002271 1.000000
-0.129308 -0.832732 500.003609
-0.070135 -1.138441 8.289581
-0.000375 -0.002502 1.000000
-0.494344 -1.313894 891.999555
0.175426 -1.139969 -198.409639
-0.000153 -0.002680 1.000000
-0.125885 -0.642166 433.769236
-0.090474 -0.627221 -126.932774
-0.000489 -0.001847 1.000000
-0.108202 -1.138965 384.483996
-0.061619 -0.836319 -289.020461
-0.000340 -0.002209 1.000000
0.136868 -1.758179 820.843433
0.231394 -1.370318 -591.404310
0.000192 -0.003129 1.000000
-0.332930 -1.428782 826.490125
-0.088955 -0.919544 -58.014486
-0.000332 -0.002224 1.000000
-0.254337 -0.536497 365.682477
-0.307213 -0.567753 -13.685495
-0.000768 -0.001525 1.000000
-0.267909 -0.580299 280.771261
-0.253797 -0.581911 -119.986817
-0.000795 -0.001578 1.000000
-0.057287 -1.146289 233.027993
-0.071044 -0.722204 59.733132
-0.000244 -0.002126 1.000000
-0.418032 -0.894444 380.656307
-0.185873 -0.575975 -161.499870
-0.000654 -0.001658 1.000000
-0.209920 -0.841554 300.350408
-0.172927 -0.800659 -3.334980
-0.000499 -0.001875 1.000000
-0.269164 -1.466444 1291.870715
-0.045797 -0.663277 53.365364
-0.000257 -0.001982 1.000000
-0.605650 -1.081932 1127.826818
-0.106992 -0.236382 -1.688073
-0.000805 -0.001264 1.000000
-0.207375 -1.604945 634.062098
-0.024740 -1.106738 -127.631728
-0.000387 -0.002876 1.000000
-0.466287 -0.911077 764.890707
-0.153962 -0.451416 0.178625
-0.000730 -0.001465 1.000000
-2.936002 4.075296 -2829.541305
-1.922869 2.171809 4761.090330
-0.005864 0.006306 1.000000
6.615252 -11.682968 1644.013603
4.170533 -7.332118 -6855.568066
0.011132 -0.018730 1.000000
1.840407 -5.435434 3891.851615
2.420412 -3.365282 -1978.680772
0.004106 -0.008032 1.000000
-0.111039 -1.263933 677.021813
-0.033714 -0.625581 -217.602166
-0.000245 -0.002181 1.000000
0.295323 -1.700265 854.180783
0.127401 -1.081496 -435.051962
0.000224 -0.003123 1.000000
0.032892 -2.116086 472.964132
0.160672 -1.122491 -345.967565
0.000107 -0.003090 1.000000
-0.301354 -1.012506 322.497710
-0.118724 -0.689827 -158.600689
-0.000539 -0.002031 1.000000
-0.271422 -0.923770 934.190673
-0.250683 -0.581901 -457.838716
-0.000632 -0.001771 1.000000
-0.493535 -0.970090 756.658183
-0.230318 -0.364546 -216.819573
-0.000771 -0.001600 1.000000
-0.291686 -0.760189 851.756582
-0.180927 -0.560749 80.961809
-0.000748 -0.001689 1.000000
-0.323910 -0.493180 89.087440
-0.297036 -0.300078 -190.201196
-0.001019 -0.001249 1.000000
-0.442620 -1.509285 868.120386
0.054313 -0.672451 -210.532587
-0.000366 -0.002429 1.000000
-0.553038 -1.288095 1100.666662
-0.098327 -0.322913 26.638337
-0.000630 -0.001655 1.000000
-0.360597 -0.998002 1094.499091
-0.000611 -0.608076 -378.740733
-0.000421 -0.002047 1.000000
-0.271693 -1.227381 1102.881585
-0.012610 -0.517504 -83.387482
-0.000349 -0.001942 1.000000
-1.074139 -0.273813 1359.480422
-0.432746 0.059514 -228.510064
-0.001505 -0.000226 1.000000
-0.149845 -0.961300 584.026963
-0.063096 -0.853470 -103.165172
-0.000449 -0.002047 1.000000
-0.174096 -0.751471 505.007112
-0.126031 -0.706036 -96.362947
-0.000626 -0.001897 1.000000
-0.012133 -1.454461 525.334279
0.226698 -0.683839 -856.190755
0.000420 -0.003084 1.000000
-0.236477 -1.159077 -347.558208
0.117308 -0.692511 29.982697
-0.000201 -0.002382 1.000000
0.362602 -0.874654 70.964163
0.082527 -0.730070 -188.854666
-0.000210 -0.002175 1.000000
0.032037 -0.808017 129.860210
-0.068445 -0.586646 2.925153
-0.000346 -0.001865 1.000000
0.068454 -0.671234 154.208507
0.082372 -0.724792 -30.080638
-0.000298 -0.002089 1.000000
-0.678078 -0.063720 -741.784572
-0.714269 -0.090553 1201.898274
-0.001594 -0.000262 1.000000
-0.122440 -1.106749 120.253549
0.062433 -0.799648 -110.177031
-0.000034 -0.002540 1.000000
0.319171 -1.465820 278.034128
0.201787 -0.847091 -247.988577
0.000290 -0.002932 1.000000
-0.130349 -0.390534 106.243068
-0.086940 -0.334911 55.285438
-0.000691 -0.001413 1.000000
-0.335983 -1.443835 640.697331
-0.072171 -0.849464 -278.027852
-0.000286 -0.002398 1.000000
-0.391779 -0.927624 432.676814
-0.216159 -0.769418 21.634025
-0.000584 -0.001911 1.000000
0.058497 -0.662922 -132.960629
0.063676 -0.837995 -5.374600
-0.000148 -0.002173 1.000000
-0.203365 -0.307109 -114.085421
-0.303896 -0.420725 -100.239899
-0.000790 -0.001274 1.000000
0.062999 -0.602164 -78.820967
-0.155974 -0.586345 -2.835054
-0.000609 -0.001947 1.000000
-0.008847 -1.065125 155.407401
-0.022995 -0.842010 -94.978235
-0.000227 -0.002331 1.000000
-0.146343 -0.419470 155.193366
-0.157823 -0.401612 78.030941
-0.000695 -0.001431 1.000000
-0.058810 -1.191487 87.716781
0.009930 -0.786475 -13.051814
-0.000110 -0.002363 1.000000
0.303844 -1.563903 -9.724119
0.021907 -1.360636 -211.671582
0.000277 -0.003115 1.000000
0.016529 -0.362463 32.065967
-0.063670 -0.272666 -28.759904
-0.000353 -0.001820 1.000000
-0.045661 -0.440917 31.933863
-0.153157 -0.453558 22.472724
-0.000661 -0.001684 1.000000
0.047090 -0.444927 75.711661
0.001608 -0.531591 65.034854
-0.000281 -0.001841 1.000000
-0.184799 -0.302366 103.906942
-0.170332 -0.289248 -0.885441
-0.000953 -0.001361 1.000000
-0.067670 -1.494433 229.073392
0.152637 -0.918834 -237.319593
0.000099 -0.002962 1.000000
-0.714709 -0.257497 1190.632368
-0.409459 -0.160973 -69.627578
-0.001364 -0.000670 1.000000
-0.920204 0.186033 -469.527891
-0.660676 0.207102 354.475656
-0.001808 -0.000086 1.000000
-0.111192 -0.295014 -190.477097
-0.130881 -0.253899 -103.696125
-0.000776 -0.001343 1.000000
0.196232 -0.760018 150.111002
0.107688 -0.715595 -269.835877
-0.000103 -0.002150 1.000000
-0.037434 -0.709547 -44.123918
-0.115250 -0.663959 -60.280111
-0.000506 -0.001888 1.000000
-2.058439 1.631291 357.940747
-1.392154 0.611428 1904.691349
-0.003536 0.002050 1.000000
0.822467 -3.269518 2749.095957
0.803569 -2.373547 -64.374039
0.001920 -0.005447 1.000000
1.314344 -0.785640 -2447.678516
1.208155 -1.408569 -1041.836540
0.002229 -0.005782 1.000000
-0.080535 -0.474359 -202.308167
-0.133802 -0.535821 -93.266715
-0.000559 -0.001802 1.000000
-0.082529 -0.799730 338.934825
0.019211 -0.580650 -316.663492
-0.000320 -0.002277 1.000000
-0.310399 -0.675246 -351.759494
-0.354500 -0.721578 442.309318
-0.000615 -0.001693 1.000000
0.110247 -1.004665 -372.747833
-0.244963 -0.843994 180.087479
-0.000159 -0.002443 1.000000
0.417390 -1.996183 1090.653034
0.555103 -0.983731 -1313.214176
0.001179 -0.004157 1.000000
-1.118866 -0.153916 1094.279319
-0.567061 -0.129510 780.542063
-0.001839 0.000134 1.000000
-1.920847 0.983457 1740.325320
-1.146968 0.902840 2266.003702
-0.003162 0.001664 1.000000
0.268560 -0.939835 -7.806201
0.186207 -0.798733 -360.138856
0.000203 -0.002840 1.000000
-0.418358 -1.334558 -503.044264
-0.201554 -0.934955 968.886595
-0.000446 -0.002085 1.000000
0.783205 -2.476370 1370.275273
0.874983 -0.884984 -895.953152
0.001278 -0.004086 1.000000
-0.525088 -1.397334 1043.306259
-0.055469 -0.378451 -53.727626
-0.000403 -0.001855 1.000000
-0.763460 -0.692437 1521.193553
-0.620587 -0.732883 1055.318177
-0.001298 -0.001105 1.000000
-0.773338 -1.145585 1005.331023
-0.116977 -0.261781 29.251074
-0.000756 -0.001370 1.000000
-0.524029 -1.367845 1035.258327
-0.036836 -0.297719 11.563018
-0.000619 -0.001591 1.000000
5.756100 -8.535681 -8641.752998
4.357654 -7.218362 -12267.228009
0.011128 -0.019987 1.000000
-0.567667 -0.993268 988.689861
-0.123522 -0.365939 -87.693418
-0.000724 -0.001649 1.000000
-0.482100 -1.501454 1029.324774
-0.131050 -0.624505 -90.662149
-0.000468 -0.002054 1.000000
-0.497750 -1.175770 1215.408444
-0.119999 -0.743290 100.582832
-0.000601 -0.001844 1.000000
-2.567053 2.447264 445.995654
-2.102192 1.680326 2751.222285
-0.004113 0.004259 1.000000
-0.280969 -1.108006 459.283185
-0.095891 -0.542164 -86.340019
-0.000750 -0.001694 1.000000
-81.231982 146.427766 95478.680849
-67.719143 120.490747 165834.764441
-0.187771 0.321855 1.000000
-3.537660 2.007380 -263.177366
-2.081385 2.027858 4415.197521
-0.005813 0.005469 1.000000
-0.806401 -0.661950 1178.955005
-0.570485 -0.171438 189.939091
-0.001364 -0.000662 1.000000
-0.579937 -1.271778 1145.148247
-0.121907 -0.425522 -128.607339
-0.000763 -0.001695 1.000000
-1.406054 0.316222 -388.990966
-0.607951 0.254806 -627.247889
-0.002674 0.001691 1.000000
-0.265088 -1.023478 723.979535
-0.170715 -0.684448 -7.774688
-0.000541 -0.001953 1.000000
-36.575131 25.603885 162588.442595
-22.400431 29.475368 72731.431386
-0.066246 0.103005 1.000000
-0.785271 -0.370556 699.688431
-0.721797 -0.423111 1055.980085
-0.001426 -0.000443 1.000000
-0.488406 -1.275500 968.371494
-0.095453 -0.545111 -323.831561
-0.000589 -0.001851 1.000000
-0.302850 -0.779027 1022.304273
-0.326268 -0.904418 741.945245
-0.000706 -0.001789 1.000000
-0.263755 -2.342255 1507.075174
0.272357 -0.836016 -666.752442
0.000276 -0.003113 1.000000
0.477311 -1.604810 268.126344
-0.027112 -1.096480 -232.251129
0.000295 -0.003369 1.000000
-0.240306 -0.601368 239.281329
-0.116478 -0.365304 37.347024
-0.000743 -0.001559 1.000000
-0.048773 -1.401015 993.889954
0.016294 -0.630454 -72.587069
-0.000116 -0.002164 1.000000
-0.411766 -1.092259 1105.907935
-0.153554 -0.420237 -313.312417
-0.000667 -0.001744 1.000000
-0.457330 -0.920601 406.136938
-0.128547 -0.620537 -237.819052
-0.000525 -0.001778 1.000000
-0.507008 -0.677763 844.060182
-0.083253 -0.508906 -73.697310
-0.000775 -0.001522 1.000000
-0.418678 -0.799877 568.987253
-0.206170 -0.551179 -97.134145
-0.000760 -0.001714 1.000000
-0.377647 -1.039832 916.857600
-0.109617 -0.559814 -84.773622
-0.000595 -0.001825 1.000000
-0.080342 -1.048913 665.139977
-0.006192 -1.014013 -209.217022
-0.000215 -0.002479 1.000000
-0.112135 -1.160955 549.647358
0.055343 -1.165885 -185.644524
-0.000328 -0.002660 1.000000
-0.416884 -1.763992 934.715382
0.133952 -0.865478 -229.806930
-0.000313 -0.002448 1.000000
-0.517109 -1.085749 1034.959768
-0.049872 -0.245843 -64.395432
-0.000568 -0.001499 1.000000
-0.527530 -1.037796 809.306616
-0.165409 -0.392473 -45.369746
-0.000638 -0.001504 1.000000
-0.209714 -1.034668 523.373853
-0.210584 -0.593133 -271.971667
-0.000310 -0.002088 1.000000
-0.499872 -1.015120 1023.107487
-0.253086 -0.377721 -5.114736
-0.000740 -0.001426 1.000000
-0.405146 -0.384131 24.944740
-0.347058 -0.324394 732.168102
-0.000951 -0.001167 1.000000
-0.689550 -1.154499 1069.922984
-0.176457 -0.413494 4.943001
-0.000852 -0.001501 1.000000
0.017430 -1.567542 836.235779
-0.036209 -0.921680 -67.423987
-0.000023 -0.002598 1.000000
-0.471129 -1.283753 1045.059242
-0.166865 -0.415484 16.903297
-0.000569 -0.001671 1.000000
-0.380553 -0.849647 340.019815
0.017408 -0.249757 -69.394010
-0.000614 -0.001623 1.000000
-0.160074 -1.223520 984.991865
0.191610 -0.820140 -337.287987
-0.000116 -0.002335 1.000000
-0.472553 -1.365022 909.327157
-0.019219 -0.565558 -117.156175
-0.000461 -0.001875 1.000000
0.050226 -1.899186 631.747658
0.296944 -1.507879 -457.942670
0.000318 -0.003212 1.000000
-0.040470 -1.539163 593.553714
0.131932 -0.847253 -315.400562
-0.000162 -0.002240 1.000000
0.211336 -1.901516 152.544583
0.363414 -1.326561 -220.350326
0.000392 -0.003378 1.000000
-0.180513 -1.936235 326.830251
0.038216 -1.542121 7.713365
-0.000213 -0.002923 1.000000
0.018236 -1.980064 393.496323
0.068268 -1.310640 -87.206214
-0.000126 -0.003176 1.000000
-0.065245 -0.728192 323.706555
0.112945 -0.617849 -140.508063
-0.000260 -0.002208 1.000000
-0.312106 -1.312077 801.693775
0.045736 -0.902916 -17.875545
-0.000180 -0.002416 1.000000
-0.589949 -0.867125 884.024685
-0.188732 -0.332763 -93.589486
-0.000980 -0.001308 1.000000
0.218454 -1.161212 80.321531
0.374135 -1.161773 -280.413825
0.000207 -0.003021 1.000000
0.135013 -1.660906 850.654703
0.559420 -1.380322 -265.583915
0.000732 -0.003433 1.000000
-0.212874 -1.182381 493.158157
-0.073891 -0.974224 -25.813594
-0.000494 -0.002168 1.000000
-0.358460 -1.458396 625.742021
-0.073797 -1.121276 -60.513393
-0.000397 -0.002413 1.000000
-0.142850 -1.012634 514.549965
0.183850 -0.925897 -178.132161
-0.000149 -0.002437 1.000000
-0.337174 -1.423445 1035.893557
-0.036255 -0.342381 26.161326
-0.000402 -0.001672 1.000000
-0.581693 -0.792413 237.760738
-0.227076 -0.335634 -39.850442
-0.001078 -0.001180 1.000000
-0.264715 -1.278440 808.241478
0.008567 -0.315289 -71.261047
-0.000422 -0.001751 1.000000
-0.386324 -0.619531 357.614185
-0.203345 -0.436247 -28.451401
-0.000929 -0.001420 1.000000
1.027464 -3.331192 -335.810578
0.738904 -2.462682 -448.339947
0.002327 -0.005909 1.000000
0.032975 -1.532791 769.620557
0.211666 -0.716279 -216.018071
0.000004 -0.002378 1.000000
-0.072419 -0.936848 86.459419
0.023448 -0.931543 -166.547504
-0.000392 -0.002210 1.000000
-0.075416 -0.953584 397.318245
0.061154 -0.639573 -50.169867
-0.000218 -0.002027 1.000000
-0.162147 -1.176199 357.521818
-0.167416 -1.183590 13.365872
-0.000415 -0.002431 1.000000
-0.252412 -1.014849 568.813252
-0.137653 -0.877000 21.669579
-0.000626 -0.002091 1.000000
-0.244111 -1.182989 553.338735
-0.125442 -0.894577 -27.761326
-0.000609 -0.002267 1.000000
-0.137632 -0.673268 242.829159
-0.032822 -0.284554 -62.050478
-0.000420 -0.001699 1.000000
0.058175 -1.026123 315.133353
0.094482 -0.799131 -136.052228
-0.000178 -0.002445 1.000000
-0.277553 -0.688723 -78.523429
-0.209113 -0.701044 157.503593
-0.000578 -0.001653 1.000000
-0.386784 -0.904171 364.186489
-0.151406 -0.467516 -112.336734
-0.000713 -0.001610 1.000000
-0.542375 -1.152893 970.061190
-0.011351 -0.452460 -66.111999
-0.000691 -0.001716 1.000000
-0.096386 -0.676260 310.163772
0.012728 -0.441575 -88.341017
-0.000461 -0.001781 1.000000
-0.399628 -0.859006 329.001720
-0.199906 -0.575827 -147.803455
-0.000853 -0.001760 1.000000
-0.209221 -1.610315 437.391214
-0.041386 -1.362518 81.134495
-0.000361 -0.002816 1.000000
-0.356623 -1.144668 892.238779
-0.085812 -0.660163 -72.538068
-0.000567 -0.001959 1.000000
0.043179 -1.078449 168.755537
0.111466 -0.928262 -40.450576
0.000038 -0.002455 1.000000
0.158144 0.111493 173.236183
-0.168971 0.791807 4.013558
-0.000777 -0.000004 1.000000
0.136665 -1.231886 474.834348
0.091333 -0.584832 -86.498118
-0.000065 -0.002251 1.000000
1.000000 0.000000 -0.000000
-0.000000 1.000000 -0.000000
-0.000000 0.000000 1.000000
0.046429 -1.330730 495.022806
0.127756 -1.027803 -254.540834
-0.000066 -0.002602 1.000000
-0.142014 -0.979616 248.259982
-0.059405 -0.818783 26.022136
-0.000367 -0.002049 1.000000
-0.508856 -1.147003 994.156090
-0.050651 -0.511478 7.558924
-0.000559 -0.001594 1.000000
