-0.239823 -1.003039 250.884846
-0.058552 -0.678307 -156.358250
-0.000389 -0.002020 1.000000
-0.330823 -1.135476 682.357360
0.076637 -1.032521 -281.413669
-0.000652 -0.002433 1.000000
-0.007231 -1.270709 541.799372
0.118530 -1.136384 -150.910895
-0.000192 -0.002678 1.000000
-0.414512 -0.678905 120.647048
-0.393353 -0.573515 99.343742
-0.001087 -0.001521 1.000000
-0.413560 -0.692830 107.204962
-0.372971 -0.536242 21.934931
-0.001027 -0.001415 1.000000
-0.746724 -0.419666 292.042004
-0.649750 -0.347030 -3.794263
-0.001597 -0.000883 1.000000
-0.546982 -0.509271 -19.703904
-0.355482 -0.199685 -228.713752
-0.001183 -0.001190 1.000000
-0.302980 -0.913353 425.530090
-0.141455 -0.710648 -272.162904
-0.000531 -0.001843 1.000000
-0.542014 -0.518589 742.180610
-0.570740 -0.317741 -553.441462
-0.001215 -0.001255 1.000000
-0.580831 -0.860353 615.823021
-0.378683 -0.762076 -240.701772
-0.001003 -0.001724 1.000000
-0.295390 -1.358478 510.055811
-0.272002 -0.826763 -78.969131
-0.000798 -0.002080 1.000000
-0.458676 -0.900633 109.726720
-0.499057 -0.770889 -60.640779
-0.001086 -0.001772 1.000000
-0.240668 -1.338121 836.308101
-0.002942 -1.098839 -75.073873
-0.000226 -0.002648 1.000000
-0.353692 -0.813108 373.461258
-0.182996 -0.718761 -441.438080
-0.000743 -0.001894 1.000000
-0.420634 -0.716903 622.658888
-0.203649 -0.725592 -114.990023
-0.000629 -0.001623 1.000000
-0.509159 -0.747945 593.602345
-0.407220 -0.557547 -57.146174
-0.000941 -0.001396 1.000000
-0.137723 -1.345681 160.073149
0.011774 -1.047922 -84.003550
-0.000428 -0.002448 1.000000
-0.417406 -0.680460 196.889791
-0.175465 -0.748028 -46.357941
-0.000857 -0.001743 1.000000
-0.490660 -0.746765 -11.358201
-0.290915 -0.496140 -116.399895
-0.001038 -0.001359 1.000000
-0.469330 -0.512034 303.464571
-0.368177 -0.328469 12.367866
-0.001057 -0.001156 1.000000
-0.506747 -0.389952 267.109188
-0.516461 -0.321827 13.382428
-0.001273 -0.000854 1.000000
-0.464158 -0.744755 -691.357265
-0.380001 -0.466842 -274.172438
-0.000881 -0.001225 1.000000
0.216965 -1.585734 -87.271458
-0.039486 -0.791384 -531.926076
0.000288 -0.002861 1.000000
-0.608368 -0.514481 252.001155
-0.477707 -0.468480 -180.773174
-0.001131 -0.001108 1.000000
-0.584082 -0.492274 617.411825
-0.385878 -0.420350 -59.982329
-0.001119 -0.001170 1.000000
-0.656039 -0.899420 434.614827
-0.464367 -0.704211 -15.277910
-0.001175 -0.001550 1.000000
-1.816867 1.894993 -260.130382
-2.052709 1.577987 -990.155031
-0.004128 0.003080 1.000000
-0.417814 -0.359615 -228.130207
-0.482749 -0.427329 -572.474446
-0.001248 -0.000970 1.000000
-0.361203 -0.628053 101.061815
-0.150018 -0.765476 23.405117
-0.000692 -0.001671 1.000000
0.013248 -1.013032 677.523707
0.091190 -1.848861 198.995051
-0.000198 -0.003073 1.000000
-0.198314 -0.856822 640.376381
-0.113637 -1.018532 -99.721309
-0.000621 -0.002394 1.000000
-0.426289 -0.563285 239.191838
-0.524482 -0.635058 -384.550597
-0.001096 -0.001340 1.000000
-0.350911 -0.664918 512.714789
-0.284914 -0.733808 -206.365536
-0.000803 -0.001891 1.000000
-0.357044 -0.546039 -984.254162
-0.334749 -0.612782 110.632280
-0.000939 -0.001375 1.000000
0.039726 -1.246792 487.529751
0.141329 -1.507224 -30.742552
0.000133 -0.002889 1.000000
-0.218870 -0.672368 428.412779
-0.128049 -0.854576 -146.541352
-0.000531 -0.001983 1.000000
0.729458 -2.380439 -1057.259092
0.611283 -1.958300 -778.774056
0.001109 -0.004534 1.000000
-0.287211 -0.658427 458.021873
-0.147917 -0.518201 -166.988632
-0.000626 -0.001566 1.000000
0.240193 -1.409451 268.530660
0.190552 -0.882946 -251.549166
-0.000236 -0.002380 1.000000
-0.295081 -0.554561 372.007646
-0.277963 -0.323871 -251.133594
-0.001013 -0.001314 1.000000
-0.122026 -0.693860 433.038262
-0.018330 -0.523212 -268.042515
-0.000539 -0.001885 1.000000
-0.350113 -0.869571 102.327039
-0.333953 -0.859445 38.491933
-0.001005 -0.001679 1.000000
-0.951406 0.193132 -291.136562
-0.858489 0.373037 75.697790
-0.002158 0.000316 1.000000
-0.539286 -0.361807 212.184168
-0.356060 -0.147063 -225.735240
-0.001233 -0.000990 1.000000
-0.404477 -0.393155 252.613826
-0.334705 -0.187251 -112.507943
-0.001149 -0.000940 1.000000
-0.001184 -0.922797 1052.411465
0.143804 -1.131857 58.466817
-0.000125 -0.002857 1.000000
-0.256936 -0.803488 1063.690038
-0.119735 -0.672584 -156.402934
-0.000452 -0.001821 1.000000
-1.347172 0.036480 140.105649
-1.212499 0.474286 -802.898861
-0.002914 0.000705 1.000000
-0.115953 -0.872112 1171.087805
0.049090 -0.957618 191.484207
-0.000182 -0.002901 1.000000
-0.447258 -0.535147 340.790007
-0.370777 -0.397540 -149.159099
-0.001138 -0.001375 1.000000
-0.251744 -0.613071 1312.711438
-0.221757 -0.583375 265.068092
-0.000697 -0.001889 1.000000
-0.818885 -0.185155 1014.845679
-0.718920 0.120564 -107.972816
-0.001918 -0.000327 1.000000
-0.635414 -0.825742 483.329175
-0.268841 -0.447751 -240.595380
-0.001142 -0.001530 1.000000
-1.852147 0.856162 -879.790632
-1.506868 0.932630 -142.037836
-0.003396 0.001995 1.000000
-0.685362 -0.667119 790.796250
-0.349409 -0.360875 -179.707028
-0.001189 -0.001101 1.000000
-0.491068 -0.529592 464.428403
-0.372337 -0.372736 -189.839160
-0.001157 -0.001210 1.000000
0.254357 -1.686802 868.012488
0.370538 -1.031161 -340.382988
0.000532 -0.003201 1.000000
0.501650 -1.584256 810.321325
0.501122 -0.998526 -171.081451
0.000965 -0.003153 1.000000
-2.330865 1.285947 -694.499107
-1.661398 1.026404 420.848826
-0.003522 0.001737 1.000000
-0.324364 -0.834129 446.580161
-0.240228 -0.599042 -76.275519
-0.000751 -0.001669 1.000000
-5.692951 21.676599 -4053.528953
-6.710430 16.491593 3006.618333
-0.015708 0.031113 1.000000
0.973057 -1.320763 351.763607
0.566420 -0.597947 67.431009
0.000659 -0.002385 1.000000
0.741099 0.264714 54.538219
-0.002259 1.185881 -80.441565
-0.000264 0.000189 1.000000
0.418571 -1.534811 888.174087
0.530117 -1.428236 -63.847179
0.000716 -0.003366 1.000000
0.589126 -2.484769 857.064112
0.829493 -1.808894 -410.101688
0.001317 -0.004797 1.000000
0.146652 -2.012906 610.200419
0.475699 -2.333755 -162.642728
0.000645 -0.004355 1.000000
-0.297959 -1.743216 471.253694
-0.081383 -1.686632 134.642680
-0.000391 -0.002915 1.000000
1.240823 -0.930943 69.260379
0.472920 -0.246964 139.489023
0.000682 -0.002055 1.000000
1.710643 0.193766 -186.478513
0.251032 1.461133 -214.100808
0.000613 0.000183 1.000000
1.276901 -1.168332 35.577910
0.411713 -0.622177 249.970644
0.000632 -0.002381 1.000000
0.766513 -1.477092 510.372814
0.543657 -1.285641 87.851357
0.000948 -0.003055 1.000000
1.501789 -1.770467 482.898109
1.145628 -1.603627 -19.532009
0.001866 -0.003944 1.000000
1.345520 -0.004676 -120.481822
0.169629 1.154158 -137.134759
0.000462 -0.000404 1.000000
-0.384548 -0.578879 8.930177
-0.373106 -0.387168 -935.004915
-0.001091 -0.001193 1.000000
-0.507125 -0.453224 564.599935
-0.399904 -0.263396 -177.625248
-0.001179 -0.001188 1.000000
-0.480318 -0.464283 650.429476
-0.538425 -0.473635 -62.516269
-0.001167 -0.001305 1.000000
1.000000 -0.000000 0.000000
0.000000 1.000000 -0.000000
0.000000 -0.000000 1.000000
1.000469 -0.095360 17.536499
0.085962 0.976626 -25.537383
0.000093 -0.000149 1.000000
1.175397 -0.993998 34.473585
0.506213 -0.402075 128.727503
0.000676 -0.002225 1.000000
0.956391 0.118323 -14.850837
0.217541 1.037489 97.158234
0.000194 0.000110 1.000000
0.826653 -0.489019 235.882506
0.424735 0.286715 55.047996
0.000475 -0.001004 1.000000
0.365272 -1.277778 558.468054
0.359910 -0.933071 99.052002
0.000513 -0.002560 1.000000
0.979396 -2.023143 732.732305
1.087409 -1.279681 -80.465896
0.001536 -0.003472 1.000000
0.020321 -1.019706 342.021030
0.059963 -0.757639 69.721179
-0.000238 -0.002219 1.000000
0.977557 -0.203514 38.473659
0.039074 1.058001 -126.022998
0.000111 -0.000174 1.000000
0.880821 -0.458714 115.626800
0.035889 0.763434 -72.479809
0.000075 -0.000542 1.000000
-1.248764 -0.001958 364.408903
-0.899886 -0.008969 51.834815
-0.001955 -0.000172 1.000000
-1.063255 -0.022773 296.740303
-0.842307 0.064233 2.668221
-0.001867 -0.000283 1.000000
0.475722 -1.261564 318.950208
0.182840 -0.643454 -101.739028
0.000319 -0.002579 1.000000
0.292574 -1.003303 460.411794
0.357690 -0.748314 23.071561
0.000308 -0.002205 1.000000
0.775414 -1.449147 690.723544
0.880688 -1.156215 -44.520359
0.001161 -0.003039 1.000000
-0.131248 -1.382008 660.097426
0.081360 -1.397048 49.812078
-0.000008 -0.002930 1.000000
-0.208979 -1.749115 792.519263
0.255900 -1.798969 52.237209
0.000191 -0.003423 1.000000
-0.082559 -1.347832 506.959802
0.065218 -1.063026 16.794782
-0.000051 -0.002790 1.000000
-0.282214 -0.960626 359.174602
-0.118482 -0.725068 -6.885997
-0.000477 -0.002149 1.000000
-0.695519 -0.437509 535.723447
-0.548353 -0.270177 -95.070204
-0.001310 -0.000854 1.000000
0.257624 -1.347351 378.886095
0.217445 -0.968507 -139.648191
0.000368 -0.002955 1.000000
0.225588 -1.551351 520.804776
0.398412 -2.113535 -2.757496
0.000580 -0.004032 1.000000
-0.400165 -1.095580 682.058886
-0.168191 -0.756651 26.614608
-0.000576 -0.001750 1.000000
-0.279209 -1.215213 553.190199
-0.214318 -1.058183 180.842787
-0.000456 -0.002081 1.000000
-0.412532 -1.381794 541.278761
-0.244958 -1.243204 118.764044
-0.000647 -0.002299 1.000000
0.101492 -1.455280 551.099744
0.101338 -1.785490 241.935192
0.000203 -0.003136 1.000000
0.584617 -1.314425 463.629602
0.360868 -1.001211 68.307567
0.000551 -0.002522 1.000000
0.729995 -1.814903 734.574853
0.743067 -1.931196 74.086034
0.001340 -0.003809 1.000000
-0.210033 -1.026847 401.112359
-0.047333 -0.872867 37.802259
-0.000494 -0.001963 1.000000
-0.491153 -0.598284 539.840353
-0.425472 -0.735372 119.676744
-0.001009 -0.001538 1.000000
-0.656114 -0.560642 -210.956519
-0.555097 -0.297380 303.364931
-0.001370 -0.000999 1.000000
0.023334 -1.481162 438.054626
0.095385 -1.543447 109.925182
0.000005 -0.002937 1.000000
0.347095 -1.256217 448.417815
0.463137 -0.980762 -52.647934
0.000403 -0.002583 1.000000
0.293721 -1.350417 530.408297
0.334808 -1.126157 -43.609153
0.000381 -0.002765 1.000000
2.074334 -0.888017 136.826511
1.074364 0.261608 -385.479163
0.002154 -0.002298 1.000000
1.369872 -1.112064 388.550006
0.860011 0.060783 -214.581269
0.001535 -0.002131 1.000000
0.175822 -1.726693 724.580868
0.230489 -1.158310 -13.427830
0.000382 -0.003133 1.000000
-0.172576 -0.885288 468.039731
-0.013025 -0.597558 -191.442948
-0.000384 -0.001911 1.000000
-0.112060 -1.032449 314.089974
-0.111774 -0.861232 10.825157
-0.000408 -0.002218 1.000000
-0.240399 -0.804715 333.080609
-0.206872 -0.856699 200.216208
-0.000568 -0.001799 1.000000
-0.506864 -0.970516 585.200631
-0.428699 -1.069082 105.659884
-0.000849 -0.001885 1.000000
-0.223831 -0.875275 359.848849
-0.187244 -1.075688 80.709040
-0.000536 -0.001981 1.000000
-0.596466 -0.691800 605.917065
-0.422611 -0.608172 -26.408595
-0.001074 -0.001421 1.000000
-0.623563 -1.060454 813.334593
-0.291856 -0.860072 13.259755
-0.000919 -0.001765 1.000000
-0.382281 -0.814859 403.032496
-0.321534 -0.751607 5.931490
-0.000805 -0.001578 1.000000
-0.427147 -1.045543 733.684927
-0.311497 -1.000383 50.038705
-0.000836 -0.001898 1.000000
-0.372171 -0.801769 719.255403
-0.300496 -0.883378 85.639489
-0.000813 -0.001780 1.000000
-0.267399 -0.908093 328.397838
-0.158522 -0.728168 -46.734662
-0.000584 -0.001807 1.000000
-0.428046 -0.828497 425.086722
-0.158189 -0.707264 -123.396895
-0.000757 -0.001682 1.000000
-0.249439 -1.051066 344.706201
-0.147252 -1.408283 -69.720233
-0.000539 -0.002623 1.000000
-0.352346 -1.007407 708.750925
-0.178978 -0.769605 -65.467778
-0.000601 -0.001975 1.000000
-0.528760 -0.936049 716.646682
-0.400102 -0.953165 125.526050
-0.000909 -0.001784 1.000000
-0.234387 -1.372109 472.725667
-0.122154 -1.287738 -145.471627
-0.000575 -0.002587 1.000000
-0.472362 -0.945645 441.663626
-0.390946 -0.956058 -44.865374
-0.000946 -0.002084 1.000000
-0.672438 -0.955072 420.402307
-0.356270 -0.679664 -169.671165
-0.001032 -0.001536 1.000000
-0.107426 -1.304369 560.363914
0.481218 -2.190029 -238.746649
0.000184 -0.004030 1.000000
-0.071040 -1.298355 231.026885
-0.049109 -1.536748 4.527169
-0.000597 -0.002605 1.000000
-0.319846 -1.239268 152.871768
-0.209467 -0.855149 -2.381329
-0.000713 -0.002073 1.000000
-0.398300 -0.787154 214.043309
-0.339641 -0.653354 114.202629
-0.000767 -0.001503 1.000000
-0.205486 -1.110171 312.414354
-0.121763 -0.940917 -77.388933
-0.000517 -0.002268 1.000000
-0.184316 -1.492930 414.242745
-0.243462 -1.345102 21.875173
-0.000468 -0.002544 1.000000
-0.440579 -0.772322 380.492086
-0.374162 -0.669289 -61.304546
-0.000959 -0.001501 1.000000
-0.683281 -0.422820 748.019272
-0.815573 -0.497523 251.754571
-0.001623 -0.000906 1.000000
-0.284580 -1.329562 -366.959809
-0.010902 -0.920518 -1424.684181
-0.000322 -0.002315 1.000000
-0.463564 -1.145764 1167.193177
-0.157694 -0.566623 34.373809
-0.000649 -0.001691 1.000000
-0.461385 -0.599592 723.418358
-0.243287 -0.424326 -54.625353
-0.000970 -0.001477 1.000000
-0.311509 -0.867226 347.271230
-0.278727 -0.754290 -35.722968
-0.000822 -0.001852 1.000000
0.254278 -1.617055 -374.051993
0.180713 -1.416890 -119.728315
0.000457 -0.003355 1.000000
-0.951879 -0.337075 929.934580
-0.392864 -0.111026 -148.965232
-0.001358 -0.000703 1.000000
-0.153518 -0.492718 286.908723
-0.187676 -0.662530 -25.144044
-0.000627 -0.001703 1.000000
-0.198003 -0.624676 290.084807
-0.072786 -0.714250 -138.045064
-0.000542 -0.001858 1.000000
-0.735564 -0.526633 380.444164
-0.508757 -0.438745 -309.529749
-0.001393 -0.000859 1.000000
-0.223544 -1.070333 -244.009113
-0.057596 -0.900980 18.938292
-0.000593 -0.002021 1.000000
-1.376454 0.202111 -824.760936
-1.102726 0.280620 -67.289113
-0.002395 0.000289 1.000000
-8.072843 11.965695 3651.819223
-4.955267 7.067617 -4850.151794
-0.011374 0.017628 1.000000
-0.312395 -0.962063 862.586486
-0.210041 -0.818078 -182.281870
-0.000795 -0.002055 1.000000
0.023474 -1.660043 -397.845209
-0.006032 -1.089803 58.664350
-0.000167 -0.002867 1.000000
-1.292572 -0.438528 948.238036
-0.815261 -0.239558 -640.750502
-0.002268 -0.000355 1.000000
-0.748118 -0.151118 606.790409
-0.674211 0.016279 -291.324663
-0.001722 -0.000387 1.000000
-0.541725 -1.192124 950.549594
-0.111448 -0.891460 0.480696
-0.000640 -0.002125 1.000000
-0.200577 -1.196316 -45.029505
-0.005531 -0.911037 -132.366480
-0.000235 -0.002471 1.000000
-1.135187 -0.345274 1855.295866
-0.554441 -0.046282 433.907533
-0.001747 -0.000156 1.000000
-0.885138 -0.361337 515.344862
-0.446239 -0.226134 -728.091984
-0.001373 -0.000681 1.000000
-0.406908 -1.191649 440.817868
-0.208891 -0.970721 -47.176804
-0.000768 -0.002013 1.000000
-0.486881 -0.695535 582.345350
-0.459007 -0.473755 25.633081
-0.001197 -0.001105 1.000000
-0.388134 -1.309429 787.851699
-0.178863 -0.794811 -134.123419
-0.000709 -0.002088 1.000000
0.540598 -1.433324 394.406836
0.287171 -0.889069 -28.727215
0.000611 -0.002928 1.000000
-0.655948 -0.501958 178.817250
-0.672104 -0.366660 50.576123
-0.001441 -0.001098 1.000000
-0.486105 -0.885160 280.784196
-0.365041 -0.736742 133.867813
-0.000997 -0.001514 1.000000
-0.483370 -0.044285 43.611610
-0.496900 -0.192785 59.791088
-0.001296 -0.000846 1.000000
0.050123 -1.095264 -131.456969
-0.144297 -1.215762 -113.456364
-0.000421 -0.002307 1.000000
-0.447522 -0.591487 95.620218
-0.497706 -0.603306 -69.507050
-0.001301 -0.001542 1.000000
-0.067880 -1.548967 595.391913
0.059968 -1.120396 16.554379
-0.000050 -0.002896 1.000000
0.235581 -2.138312 648.133572
0.276512 -1.841329 60.590337
0.000492 -0.004060 1.000000
-0.598517 -0.735134 194.959017
-0.490451 -0.643119 68.503463
-0.001053 -0.001311 1.000000
-0.860255 -0.935594 655.467493
-0.558142 -0.728639 149.001427
-0.001173 -0.001462 1.000000
-0.456587 -0.427556 -57.303266
-0.401749 -0.411226 -98.660782
-0.001261 -0.001346 1.000000
-0.104683 -0.354730 -6.088294
-0.226749 -0.416250 49.324522
-0.000710 -0.001479 1.000000
-0.244791 -0.482580 31.463593
-0.336470 -0.547903 120.598046
-0.000983 -0.001600 1.000000
-0.174815 -0.784108 129.970681
-0.206906 -0.862669 1.623868
-0.000523 -0.001884 1.000000
-0.333866 -1.982079 417.285650
-0.071908 -1.819776 89.709144
-0.000502 -0.003080 1.000000
-0.209516 -0.774092 37.027143
-0.222528 -0.697626 -171.635659
-0.000760 -0.001724 1.000000
-0.982066 0.366910 -259.312793
-0.762374 -0.027134 -390.357392
-0.002324 0.000255 1.000000
0.024559 -1.291990 101.143234
0.088780 -0.932362 -173.167942
-0.000358 -0.002502 1.000000
-0.097779 -0.680843 -180.517237
-0.218159 -0.745721 169.728659
-0.000710 -0.001809 1.000000
-0.107541 -0.987248 113.795790
-0.111911 -1.041505 58.630464
-0.000453 -0.002273 1.000000
0.290124 -1.253869 489.212402
0.360974 -0.715506 -174.316138
0.000349 -0.002556 1.000000
-0.412289 -1.080789 373.371696
-0.240111 -0.939244 -31.463149
-0.000753 -0.002134 1.000000
-0.436840 -1.445728 617.418500
-0.113651 -0.934193 21.756369
-0.000597 -0.002291 1.000000
-0.289783 -0.824840 -63.472661
-0.458599 -0.880696 -37.807083
-0.000881 -0.001875 1.000000
-0.341324 -0.794413 -22.882364
-0.278486 -0.778811 138.627599
-0.000894 -0.001899 1.000000
-0.146738 -1.085621 184.260513
-0.151311 -1.264542 -200.009225
-0.000671 -0.002503 1.000000
-0.643373 -0.483882 619.087710
-0.554275 -0.310312 -96.560889
-0.001323 -0.001113 1.000000
0.065490 -1.366491 -920.665474
-0.199371 -1.363419 425.221390
-0.000273 -0.002563 1.000000
-0.923309 -0.709502 1611.237138
-0.618620 -0.252974 -98.509144
-0.001621 -0.000555 1.000000
-0.429031 -0.851920 -120.687416
-0.278749 -0.846071 -29.784313
-0.000791 -0.001828 1.000000
-0.332557 -0.720661 312.176134
-0.262801 -0.384985 -166.284545
-0.000870 -0.001485 1.000000
-0.970630 -0.641281 155.092985
-0.623161 -0.415951 67.602000
-0.001463 -0.001264 1.000000
0.023370 -1.044874 41.908761
-0.153138 -1.115846 -1002.266800
-0.000315 -0.002485 1.000000
-0.495055 -0.775104 -129.654524
-0.562283 -0.765629 8.682454
-0.001070 -0.001471 1.000000
-0.597250 -0.663285 310.879090
-0.488886 -0.565985 12.709080
-0.000999 -0.001213 1.000000
-7.473459 4.283007 4955.329052
-4.811962 3.421108 14572.137997
-0.011115 0.008974 1.000000
-0.111685 -1.051322 548.555796
-0.149858 -1.220187 -574.066400
-0.000348 -0.002423 1.000000
0.361256 -2.655601 46.983316
0.406685 -2.505256 77.147589
0.000439 -0.004048 1.000000
-0.290689 -1.107508 1047.110800
-0.149584 -0.846577 -61.732870
-0.000461 -0.001943 1.000000
0.280055 -2.163831 3014.594810
0.440242 -1.775888 -581.056603
0.001140 -0.004485 1.000000
-0.837422 -0.869664 1151.951828
-0.389286 -0.417072 -39.000741
-0.001233 -0.001232 1.000000
-0.556195 -0.711421 1297.019111
-0.532526 -0.808238 341.463501
-0.001040 -0.001529 1.000000
-0.560106 -0.977402 1133.862505
-0.146445 -0.882579 59.586535
-0.000762 -0.001800 1.000000
-1.030275 -0.827107 1392.466289
-0.402514 -0.076275 24.944722
-0.001416 -0.000796 1.000000
-1.507924 0.282813 1358.545844
-0.796649 0.369099 -485.216053
-0.002264 0.000427 1.000000
-0.805028 -0.695104 1069.827135
-0.266285 -0.216018 -20.567209
-0.001105 -0.001090 1.000000
-1.157817 -0.484189 1031.066901
-0.889166 -0.014488 -208.441495
-0.001885 -0.000499 1.000000
-1.642693 0.447121 1681.408417
-0.955530 0.092495 -744.627235
-0.002723 0.000778 1.000000
-0.617619 -0.703067 -510.984905
-0.549247 -0.908602 -262.468593
-0.001093 -0.001447 1.000000
0.919469 -2.933627 -1716.414948
0.849339 -2.712590 -1614.720780
0.001214 -0.004903 1.000000
-0.154274 -1.515474 332.720974
-0.052466 -1.448011 -1226.235142
0.000052 -0.003146 1.000000
-0.544250 -0.281444 533.309534
-0.372811 -0.554118 -129.141088
-0.001049 -0.000989 1.000000
-0.477069 -1.232965 807.638923
-0.146308 -0.964382 23.314374
-0.000638 -0.002075 1.000000
-0.834847 -0.606927 960.844296
-0.375295 -0.201249 54.371086
-0.001415 -0.000785 1.000000
-1.258629 0.370271 775.738150
-0.726284 0.207081 -368.673250
-0.002283 0.000585 1.000000
-0.525220 -0.336114 637.828053
-0.456789 -0.356618 62.810320
-0.001233 -0.000989 1.000000
-0.862195 -0.228317 1174.384550
-0.827215 -0.330975 -395.293520
-0.001841 -0.000568 1.000000
1.524672 -5.124802 -3047.215667
1.257719 -4.432869 -415.830775
0.003093 -0.007271 1.000000
-0.537011 -1.126239 691.666183
-0.354423 -0.461438 -73.871036
-0.000859 -0.001504 1.000000
-1.332070 -0.077654 654.122648
-0.945910 -0.073295 -320.683570
-0.002055 0.000013 1.000000
-1.346003 -0.132474 218.379766
-1.075225 -0.014433 -1020.896340
-0.002337 -0.000274 1.000000
0.003053 -1.583840 617.688692
0.484187 -1.531944 -539.438296
0.000440 -0.003843 1.000000
0.226026 -1.793615 -452.767476
0.122445 -1.046208 -128.383541
0.000010 -0.003197 1.000000
-0.758966 -0.586223 972.654858
-0.238816 -0.575685 115.484274
-0.000965 -0.001312 1.000000
-0.709904 -0.568647 883.691436
-0.502963 -0.249459 87.468445
-0.001335 -0.000890 1.000000
-0.613195 -0.983234 842.287650
-0.452133 -0.480386 -59.822375
-0.001273 -0.001223 1.000000
-0.808596 -0.717460 646.646002
-0.437048 -0.638599 -42.339698
-0.001231 -0.001460 1.000000
-0.572955 -0.761512 684.016960
-0.518688 -0.630795 94.945305
-0.001281 -0.001511 1.000000
-0.456916 -0.909544 1016.839301
-0.458092 -0.735268 38.587944
-0.000869 -0.001547 1.000000
-0.783166 -0.401115 412.701091
-0.578174 -0.221256 -176.964734
-0.001444 -0.000831 1.000000
-0.417300 -1.273743 508.872434
-0.103030 -1.260367 -62.852661
-0.000412 -0.002416 1.000000
-0.445513 -0.963992 290.368886
-0.475455 -0.748855 -19.614993
-0.000958 -0.001800 1.000000
-0.541403 -1.097733 877.589501
0.082204 -0.970066 3.464003
-0.000286 -0.002371 1.000000
-0.601447 -0.977632 1840.533349
-0.421986 -0.539909 -613.374023
-0.000949 -0.001566 1.000000
-0.516220 -1.128435 1455.873711
-0.231152 -0.566555 -189.254487
-0.000698 -0.001776 1.000000
-0.325659 -1.006035 1199.202747
-0.132239 -0.826705 -229.975320
-0.000563 -0.002004 1.000000
-0.140598 -1.443423 38.548626
-0.133773 -1.029831 -347.397228
-0.000251 -0.002754 1.000000
0.799443 -3.694634 -281.403736
0.522169 -3.120848 -27.618218
0.000959 -0.004972 1.000000
-0.740000 -0.864605 724.679647
-0.393399 -0.551827 11.526059
-0.001027 -0.001513 1.000000
-0.311255 -1.000458 654.324994
-0.193235 -0.797843 -11.819519
-0.000632 -0.002020 1.000000
-0.217975 -1.449903 333.659518
0.036663 -0.643244 -333.128600
-0.000434 -0.002200 1.000000
-0.550087 -0.693950 664.485881
-0.418861 -0.509685 65.507290
-0.001204 -0.001168 1.000000
-0.599845 -1.171667 534.240960
-0.260420 -0.625226 -120.898228
-0.000821 -0.001758 1.000000
-0.340235 -0.663259 547.966046
-0.263166 -0.574506 -16.334042
-0.000799 -0.001514 1.000000
-0.400079 -0.972172 371.818085
-0.293880 -0.791825 94.608438
-0.000796 -0.001717 1.000000
-0.264843 -0.449786 762.622774
-0.450268 -0.756749 99.964206
-0.000902 -0.001427 1.000000
-0.484330 -0.930606 524.232985
-0.307837 -0.874878 -61.467330
-0.000760 -0.001782 1.000000
-0.565486 -0.872901 605.329456
-0.141636 -0.543314 -128.878483
-0.000992 -0.001498 1.000000
-0.597034 -0.659556 641.576716
-0.355836 -0.449895 -36.471700
-0.001047 -0.001257 1.000000
-0.719986 -0.642229 186.331104
-0.500161 -0.448940 -48.263476
-0.001165 -0.001039 1.000000
-0.514071 -1.178368 306.423384
-0.254511 -0.764348 -225.916382
-0.000984 -0.001926 1.000000
-0.175587 -1.442125 478.629534
0.054302 -1.104809 -79.681459
-0.000266 -0.002316 1.000000
-0.616416 -0.500476 730.152653
-0.682832 -0.444209 163.597328
-0.001395 -0.001116 1.000000
-0.464958 -0.624126 348.065522
-0.268882 -1.036613 226.171238
-0.000818 -0.001819 1.000000
-0.202966 -1.012413 527.617698
-0.055994 -1.089818 -40.911812
-0.000533 -0.002332 1.000000
-0.385183 -0.502715 383.465287
-0.340560 -0.529940 107.307328
-0.000868 -0.001227 1.000000
-0.275830 -1.312265 1132.731531
0.046565 -1.054438 -158.748192
-0.000369 -0.002518 1.000000
-0.241651 -0.980876 295.899187
-0.164504 -0.437315 -54.743359
-0.000450 -0.001937 1.000000
1.347392 -3.244450 -2664.592288
0.729617 -1.927266 66.823497
0.002033 -0.005017 1.000000
-0.599074 -0.809968 32.042134
-0.390555 -0.600534 -152.695954
-0.001022 -0.001428 1.000000
-0.489410 -0.953669 738.946125
-0.211638 -0.589785 -3.669971
-0.000699 -0.001732 1.000000
-0.436877 -0.807639 636.310622
-0.279316 -0.398091 -210.098031
-0.000951 -0.001437 1.000000
-0.123809 -1.571376 1189.002525
0.475033 -1.761530 7.380403
0.000447 -0.003085 1.000000
-0.318072 -0.723446 654.404983
-0.193081 -0.816397 56.900357
-0.000664 -0.001842 1.000000
-0.482868 -0.970174 754.700636
-0.179134 -1.082937 12.104727
-0.000730 -0.002036 1.000000
-0.253886 -1.671265 339.289657
-0.214498 -1.362740 22.429019
-0.000677 -0.002605 1.000000
-0.099515 -1.601431 139.621689
-0.042697 -1.787134 68.242565
-0.000399 -0.002979 1.000000
-0.396063 -0.763997 -217.276859
-0.270302 -0.237690 -126.293791
-0.000999 -0.001401 1.000000
-1.201291 0.511931 984.298634
-0.649543 0.133929 -190.748787
-0.002008 0.000436 1.000000
0.142343 -0.832761 241.293010
0.053791 -0.624667 -46.833920
-0.000230 -0.002111 1.000000
0.467346 -2.568699 231.779644
0.329124 -1.414096 -284.773323
0.000555 -0.003838 1.000000
-0.604294 -0.406459 -95.825134
-0.620294 -0.393717 65.081396
-0.001290 -0.001070 1.000000
-0.289297 -1.172487 516.467913
-0.109249 -0.876596 -269.408932
-0.000473 -0.002107 1.000000
0.276408 -1.571861 97.480873
0.286082 -1.301235 -179.930045
0.000020 -0.002660 1.000000
-0.219210 -0.964726 438.494456
-0.120842 -0.694723 -138.846336
-0.000620 -0.001709 1.000000
-0.564299 -1.086477 -18.193179
-0.141384 -0.661720 -171.543612
-0.000719 -0.001707 1.000000
-0.305717 -0.763908 142.947622
-0.304353 -0.780423 -25.421456
-0.000733 -0.001697 1.000000
-0.126904 -1.303724 562.843611
0.092094 -0.910343 -61.539720
-0.000148 -0.002151 1.000000
-0.575964 -0.850596 573.709013
-0.349541 -0.471505 -168.888367
-0.000903 -0.001464 1.000000
-0.192201 -0.825091 406.105726
-0.127876 -1.054298 -12.664066
-0.000670 -0.002250 1.000000
-0.572810 -1.087407 623.501872
-0.360993 -0.686347 -111.460198
-0.001088 -0.001811 1.000000
-0.191116 -1.671917 324.338164
-0.001100 -1.542466 -614.493336
-0.000333 -0.002743 1.000000
-0.548371 -0.553081 645.586848
-0.339302 -0.462290 -139.001067
-0.001054 -0.001277 1.000000
