0.021277 -1.342613 719.469229
0.057971 -0.345829 -152.624164
0.000112 -0.002273 1.000000
-0.021821 -1.182614 361.982043
-0.118370 -0.781452 -30.270158
-0.000250 -0.002786 1.000000
-0.108740 -0.621181 246.485405
-0.013889 -0.455058 -74.937603
0.000016 -0.002296 1.000000
0.061470 -0.759167 63.690390
0.051952 -0.547024 104.366590
0.000215 -0.002622 1.000000
-0.057382 -0.980402 322.963311
0.191429 -1.255283 -86.278984
0.000304 -0.003073 1.000000
0.282336 -1.655146 60.329944
0.129823 -0.853109 -232.006879
0.001142 -0.004285 1.000000
-0.060123 -0.706493 127.316120
-0.061142 -0.492980 32.464138
0.000148 -0.002350 1.000000
0.001834 -0.695883 86.630864
0.070514 -0.546861 -63.559759
0.000206 -0.002668 1.000000
0.111317 -1.452442 19.957675
0.068942 -1.073086 -85.655988
0.000124 -0.003196 1.000000
0.451345 -2.046742 870.706491
0.073988 -0.785734 -86.905929
0.000504 -0.003021 1.000000
-0.038756 -1.039064 450.527042
-0.053240 -0.487864 -68.807458
-0.000222 -0.002007 1.000000
-0.040924 -1.063976 35.037732
0.030557 -1.030709 42.500928
0.000212 -0.003018 1.000000
0.179973 -1.360503 577.567047
0.245550 -1.129598 -240.835602
0.000421 -0.003245 1.000000
0.010766 -1.426614 557.052940
0.023852 -0.554719 -389.958187
0.000002 -0.002634 1.000000
0.092542 -0.848823 437.202763
-0.112436 -0.949488 72.097690
0.000112 -0.002676 1.000000
0.249050 -1.389966 108.055159
0.259081 -1.315222 -203.554308
0.000490 -0.003732 1.000000
0.008377 -0.863067 228.985729
-0.021804 -0.716458 -8.114468
-0.000023 -0.002455 1.000000
0.071476 -1.107675 139.479595
0.052278 -1.042372 -15.283517
-0.000225 -0.002648 1.000000
0.067236 -1.011175 242.604121
-0.026789 -0.455082 -137.707331
0.000160 -0.002534 1.000000
0.088995 -0.959497 131.323131
-0.027012 -0.552602 -44.452111
0.000022 -0.002431 1.000000
0.022327 -1.127906 315.795311
0.193191 -1.331061 -112.044907
0.000418 -0.003422 1.000000
0.441423 -1.729932 -277.211978
-0.024328 -0.878054 -399.562342
0.000764 -0.003117 1.000000
-0.276814 -0.908994 -283.539013
-0.333258 -0.884352 29.753999
-0.000541 -0.001606 1.000000
-0.299131 -0.684755 144.048787
-0.031756 -0.794483 -23.114623
-0.000384 -0.002137 1.000000
-0.046397 -0.963631 354.201871
-0.031447 -0.867311 -88.866844
-0.000226 -0.002638 1.000000
-0.041370 -0.702351 174.862777
-0.058194 -0.620429 64.114956
-0.000063 -0.002212 1.000000
0.093272 -0.961740 46.769802
-0.009548 -0.763147 163.624296
-0.000043 -0.002546 1.000000
0.013241 -0.313294 9.844781
0.055682 -0.381682 90.705326
-0.000126 -0.001777 1.000000
0.177576 -0.870080 114.052837
0.026628 -0.513353 21.407597
0.000412 -0.002560 1.000000
0.038764 -0.599344 236.151351
0.038470 -0.669613 -27.526911
0.000024 -0.002176 1.000000
-0.371940 -1.128250 539.041886
-0.140555 -0.649027 44.330741
-0.000346 -0.002256 1.000000
0.027255 -1.567798 164.738274
0.219639 -0.869299 -348.518842
0.000090 -0.003305 1.000000
0.136654 -0.834162 148.577519
0.045326 -0.788274 -126.738021
0.000031 -0.002681 1.000000
-0.012018 -1.121537 389.551177
0.024542 -1.036643 -149.519906
0.000173 -0.003200 1.000000
0.055686 -0.839108 170.791964
0.271403 -0.848523 -37.645414
0.000540 -0.002663 1.000000
0.089095 -1.113779 313.715971
-0.152292 -0.884794 9.683938
0.000055 -0.002797 1.000000
-0.119275 -1.174345 273.569630
-0.043310 -0.629291 -88.897311
-0.000073 -0.002759 1.000000
0.792462 -2.144644 -495.296763
0.590493 -1.654298 -464.237159
0.001271 -0.004593 1.000000
-0.006458 -0.847152 -41.020315
-0.022658 -0.596530 -17.287678
0.000164 -0.002655 1.000000
-0.123859 -0.521475 200.740322
-0.141471 -0.453725 45.137181
-0.000398 -0.001881 1.000000
-0.032942 -0.993490 344.148477
-0.073818 -0.509004 -162.392853
-0.000236 -0.002143 1.000000
0.070323 -1.346653 155.952319
0.086567 -0.816612 -37.625369
0.000101 -0.002813 1.000000
0.203026 -0.798518 205.230335
0.117060 -0.676278 -171.019641
0.000706 -0.003126 1.000000
-0.045321 -0.969339 147.038500
0.087859 -0.574488 -210.141674
0.000176 -0.002633 1.000000
-0.110633 -0.590292 146.733668
-0.081653 -0.467387 -47.209302
-0.000140 -0.002179 1.000000
0.064365 -0.804314 250.059664
0.141026 -0.558322 -103.463211
0.000740 -0.003152 1.000000
0.050353 -0.691414 146.629996
-0.030510 -0.533030 -29.004585
-0.000076 -0.002226 1.000000
0.220819 -1.308479 358.368078
0.058695 -0.913842 -183.862332
0.000098 -0.002984 1.000000
0.549950 -1.332235 188.779922
0.238286 -0.840563 -142.419701
0.000572 -0.003013 1.000000
0.338463 -1.227286 112.700699
-0.089490 -0.920231 -109.290835
0.000120 -0.003011 1.000000
0.761616 -1.771070 408.715855
0.406086 -0.889878 -437.368812
0.001530 -0.004337 1.000000
0.355291 -1.320559 346.277399
0.107162 -0.764506 -239.976494
0.000163 -0.003086 1.000000
0.462906 -1.278429 -34.943212
0.233320 -0.904043 -85.231755
0.000279 -0.002827 1.000000
0.045776 -1.070435 172.758987
-0.116300 -0.814067 49.930782
-0.000097 -0.002763 1.000000
0.565820 -1.669947 332.336045
0.269990 -0.785958 -333.420731
0.000839 -0.003378 1.000000
0.204965 -1.686164 536.496448
0.196054 -0.935681 -94.386066
0.000512 -0.003430 1.000000
0.162028 -0.950717 309.552920
-0.026100 -0.477566 -89.884574
-0.000162 -0.002339 1.000000
0.078112 -1.865300 431.659449
0.178812 -1.390378 -124.171124
0.000264 -0.003459 1.000000
0.055735 -0.498167 161.237451
0.068237 -0.306628 -25.087515
0.000070 -0.001959 1.000000
0.480993 -1.709251 335.786541
0.050569 -0.739468 -212.464500
0.000435 -0.003109 1.000000
-0.069788 -0.429079 73.879886
0.033605 -0.270981 -82.946071
-0.000133 -0.001913 1.000000
0.143218 -0.619514 72.432161
0.032180 -0.484633 49.220141
-0.000064 -0.002080 1.000000
0.113613 -0.411722 38.007442
-0.003871 -0.209432 -25.901079
0.000138 -0.002101 1.000000
0.249315 -0.949559 199.568256
-0.099952 -0.491757 -5.455776
-0.000172 -0.002004 1.000000
0.315829 -2.074182 352.397161
0.236290 -1.153899 -320.243158
0.000630 -0.004025 1.000000
0.414525 -1.572049 256.111721
0.086340 -0.890994 -69.272711
0.000145 -0.002765 1.000000
0.527730 -1.659545 240.057125
0.120938 -1.633142 -62.943050
0.000358 -0.003900 1.000000
-0.219695 -0.938279 389.336703
-0.055041 -0.625805 -72.752557
-0.000035 -0.002584 1.000000
0.318324 -1.092306 -101.519022
-0.013929 -0.946720 -284.187044
0.000065 -0.003304 1.000000
0.104741 -1.317611 373.568073
-0.029869 -0.920850 -64.515084
0.000086 -0.002858 1.000000
0.323223 -1.444619 350.702063
0.122119 -0.992445 -140.877056
0.000289 -0.003047 1.000000
0.190182 -1.266489 362.107198
0.049578 -1.131308 -47.906126
0.000246 -0.003113 1.000000
-0.106695 -0.488039 -129.748378
-0.042864 -0.580878 10.993540
-0.000149 -0.002192 1.000000
0.364079 -1.636979 690.537262
0.303579 -0.999692 -402.737368
0.000921 -0.003652 1.000000
0.037379 -0.817215 -33.304873
-0.054808 -0.738803 80.443021
-0.000389 -0.002162 1.000000
0.210363 -1.320064 588.728926
-0.003161 -0.847590 -106.550827
0.000032 -0.002735 1.000000
0.095726 -0.691878 3.860840
0.102383 -0.372208 11.218091
0.000341 -0.002436 1.000000
0.207768 -1.047651 -100.796768
0.222971 -0.864039 -105.732970
0.000903 -0.003522 1.000000
0.544835 -2.084631 251.629720
-0.011647 -1.252281 -66.291109
0.000284 -0.003715 1.000000
-0.004426 -0.768181 311.181210
-0.120142 -0.535571 69.361899
-0.000297 -0.001817 1.000000
0.177508 -1.459770 558.613715
-0.000559 -0.684084 -124.942571
0.000109 -0.002470 1.000000
0.312805 -2.506115 531.262297
0.108806 -2.028122 55.639754
0.000378 -0.004085 1.000000
0.161459 -1.221631 254.006377
0.113314 -0.994560 -59.175226
0.000271 -0.002774 1.000000
0.342208 -1.395822 370.840039
-0.108607 -0.819961 0.788577
0.000106 -0.002927 1.000000
0.216815 -0.860349 -27.545469
0.116993 -0.475053 -52.923125
0.001001 -0.003251 1.000000
-0.099755 -0.574966 282.754485
0.043239 -0.168468 -15.340987
0.000062 -0.001899 1.000000
0.695912 -2.988288 559.386713
0.218644 -2.050984 -198.482346
0.000751 -0.004749 1.000000
0.183576 -1.588129 468.795588
0.144618 -1.203938 -66.457187
0.000206 -0.003109 1.000000
0.202965 -0.555793 -28.416630
0.209237 -0.436212 -58.293735
0.000941 -0.002906 1.000000
0.377428 -1.446272 405.607704
0.046143 -1.063958 -39.723666
0.000217 -0.002975 1.000000
0.797521 -1.977198 144.625888
0.377383 -1.541496 -194.948873
0.001040 -0.004289 1.000000
0.690766 -2.181978 201.202258
0.424607 -1.395055 -321.681315
0.000725 -0.003728 1.000000
0.453458 -1.840887 435.282847
0.272140 -1.161200 -152.749816
0.000569 -0.003354 1.000000
-0.214637 -1.070685 219.800240
-0.172554 -0.709263 17.608325
-0.000346 -0.002274 1.000000
0.200654 -0.726565 -24.703962
-0.035222 -0.467712 -24.640115
0.000084 -0.002572 1.000000
-0.146542 -1.367707 545.297265
-0.051057 -0.912572 -54.285134
0.000030 -0.002965 1.000000
0.049349 -0.706870 85.837970
0.013005 -0.544107 12.284995
0.000405 -0.002703 1.000000
0.073392 -1.424204 311.379899
0.004743 -0.717362 -175.425323
0.000004 -0.002722 1.000000
0.221949 -1.691866 497.519462
0.153957 -1.101271 -132.495742
0.000237 -0.003393 1.000000
0.206873 -1.201494 249.978007
0.016741 -0.748267 23.381990
-0.000103 -0.002346 1.000000
0.396236 -1.778757 423.684144
0.053571 -1.092386 -34.160781
0.000360 -0.003093 1.000000
0.347896 -1.400122 285.211711
0.079786 -0.898274 -189.504102
0.000456 -0.003134 1.000000
0.118755 -1.596872 509.933720
0.050285 -0.803956 -54.661934
0.000226 -0.002605 1.000000
0.448216 -1.760640 360.927977
-0.011534 -0.837587 -48.000794
0.000349 -0.002794 1.000000
0.357166 -2.404651 435.683145
0.248432 -1.449593 -67.271056
0.000705 -0.003765 1.000000
0.189076 -1.067367 209.851249
-0.008521 -0.928817 -36.696282
0.000132 -0.002852 1.000000
0.259603 -1.292142 61.344691
0.268352 -1.094928 -185.992462
0.000757 -0.003869 1.000000
0.701299 -1.768599 293.523888
0.221182 -1.289123 -103.390544
0.000475 -0.003368 1.000000
0.687349 -2.142110 612.641108
0.348504 -1.105809 -282.627246
0.000806 -0.003668 1.000000
0.682995 -2.048527 324.506923
-0.033484 -0.963388 -27.032751
0.000327 -0.003122 1.000000
0.087988 -1.039120 298.295344
0.104584 -0.932267 -118.941084
0.000177 -0.003048 1.000000
0.150118 -1.644698 342.000885
0.067308 -1.513104 31.045114
0.000091 -0.003240 1.000000
0.343553 -1.813890 527.851676
0.036489 -0.870518 -134.495562
0.000299 -0.003052 1.000000
0.066777 -1.026711 449.688688
-0.047359 -0.755502 -15.208460
-0.000167 -0.002469 1.000000
-0.113156 -0.905278 273.563214
-0.117081 -0.641439 54.047254
-0.000386 -0.002082 1.000000
0.054666 -1.276434 278.525167
0.138160 -1.186778 -29.415570
0.000071 -0.002888 1.000000
0.201393 -1.633420 236.343032
-0.009915 -1.711537 115.630440
-0.000067 -0.003356 1.000000
0.390141 -2.855761 931.243393
0.385147 -1.892288 -94.294400
0.000812 -0.004277 1.000000
0.288864 -1.827516 430.905211
-0.008078 -0.996462 -42.788494
0.000115 -0.002976 1.000000
0.268895 -1.901164 403.368777
0.069342 -1.177541 -101.033435
0.000420 -0.003526 1.000000
0.129698 -0.977339 301.789873
-0.126110 -0.312965 77.683598
-0.000114 -0.001988 1.000000
0.315639 -1.946231 486.097459
0.077982 -0.899164 -45.211079
0.000157 -0.002886 1.000000
0.552909 -2.078395 463.781253
-0.033173 -0.770508 -8.882571
0.000513 -0.003139 1.000000
-1.143340 -1.516091 697.214989
-0.410565 -1.223225 381.372684
-0.001130 -0.001998 1.000000
0.292297 -1.316575 373.879722
-0.071939 -0.485261 -6.814228
0.000143 -0.002508 1.000000
-0.146820 -1.249286 406.692228
-0.246391 -1.052899 281.229027
-0.000364 -0.002276 1.000000
0.695976 -0.251417 75.040252
-0.065263 0.533990 27.030180
-0.000045 -0.000795 1.000000
0.310578 -1.077932 383.272891
-0.090938 -0.359373 125.602666
0.000112 -0.001950 1.000000
1.983138 0.294869 -346.292940
0.236193 1.693709 -166.725048
0.000787 0.000037 1.000000
1.206691 0.290512 -173.074613
0.031113 1.280184 -100.714573
0.000040 0.000008 1.000000
0.283827 -0.649104 225.821392
-0.105444 -0.025112 60.511314
-0.000235 -0.001535 1.000000
-0.140897 -1.651525 622.216478
-0.028832 -1.531454 231.918472
0.000099 -0.003239 1.000000
-0.006024 -0.643759 218.842605
-0.212019 -0.433503 190.538864
-0.000353 -0.001709 1.000000
0.378884 -1.726768 436.790561
0.120615 -1.195948 -0.301802
0.000489 -0.003335 1.000000
0.278189 -2.552804 496.902068
0.092174 -1.690036 128.370279
0.000316 -0.003621 1.000000
0.231823 -2.234020 351.070013
0.255124 -1.905456 57.154401
0.000501 -0.003844 1.000000
0.059804 -1.797441 472.697079
-0.043360 -1.069961 103.891580
-0.000038 -0.002734 1.000000
0.112432 -1.350543 279.454502
-0.092363 -0.828485 61.533490
0.000068 -0.002647 1.000000
1.514307 0.729879 -300.946523
-0.144137 1.498372 -111.163423
-0.000002 0.000684 1.000000
0.196636 -1.460769 454.953520
-0.005209 -0.670406 -49.866488
0.000015 -0.002491 1.000000
-0.073951 -1.819405 1036.823541
0.056264 -0.272347 -19.985715
-0.000082 -0.002016 1.000000
-0.194927 -1.181643 398.064525
-0.122490 -0.542299 -9.186815
-0.000200 -0.002492 1.000000
0.140331 -1.378437 388.811675
0.066610 -1.011344 -82.990215
0.000241 -0.003065 1.000000
-0.233596 -1.242399 507.335581
-0.194688 -0.634506 59.182573
-0.000335 -0.002165 1.000000
-0.231335 -1.668988 1113.394872
0.019863 -0.398322 16.120415
-0.000032 -0.002175 1.000000
0.319819 -1.592145 612.059809
0.094767 -0.863279 27.998120
0.000541 -0.003105 1.000000
-0.067830 -1.379947 537.143379
-0.092818 -1.240737 200.563109
0.000066 -0.002990 1.000000
0.100483 -0.422350 121.284047
-0.160659 0.019727 46.897258
-0.000562 -0.001134 1.000000
-0.065173 0.033376 -80.668656
-0.805355 0.269674 457.286698
-0.001428 -0.000059 1.000000
-0.113062 -0.170899 -4.421203
-0.580480 -0.043601 392.212845
-0.001304 -0.000446 1.000000
10.207870 -18.634650 8870.658312
8.089805 -8.331904 -7062.616378
0.022819 -0.034292 1.000000
0.486503 -1.368431 594.233954
0.002760 -0.874043 13.630076
0.000153 -0.003083 1.000000
-0.436840 -1.114204 954.253145
-0.176484 -0.594441 52.563306
-0.000501 -0.001968 1.000000
-0.460714 -1.083613 795.188225
-0.233923 -0.460100 36.504545
-0.000669 -0.001562 1.000000
0.063952 -1.585799 725.684067
-0.105402 -0.705448 -67.940091
-0.000064 -0.002492 1.000000
0.746050 -2.889474 1146.247466
0.072763 -0.580463 9.461258
0.000823 -0.003379 1.000000
0.245994 -1.782708 667.348527
0.162282 -1.012010 -139.699471
0.000417 -0.003249 1.000000
0.444145 -2.740287 1301.569028
0.190539 -0.733482 74.353263
0.000656 -0.003206 1.000000
3.113552 -6.089166 3004.049580
0.845762 -0.747660 -227.562065
0.004744 -0.006387 1.000000
0.883270 0.045092 48.319562
-0.032793 1.059166 8.345576
-0.000121 0.000037 1.000000
1.000000 0.000000 -0.000000
-0.000000 1.000000 0.000000
-0.000000 0.000000 1.000000
-0.278730 -1.188212 262.003928
-0.177828 -0.621405 151.140415
-0.000619 -0.002069 1.000000
0.136051 -1.016664 87.850891
-0.149611 -0.612511 33.606758
-0.000294 -0.002192 1.000000
0.481817 -1.414430 49.778511
0.557728 -1.449522 -347.465420
0.001027 -0.004643 1.000000
0.171191 -0.603519 -11.332204
0.177491 -0.844361 13.489341
0.000409 -0.002873 1.000000
-0.014670 -0.484799 27.656488
0.103565 -0.950515 89.053414
0.000441 -0.002895 1.000000
-0.182507 -1.439344 -870.774105
-0.028785 -1.527282 1029.231321
0.000229 -0.003283 1.000000
0.072566 -0.532530 30.499849
-0.031416 -0.650890 136.415417
0.000119 -0.002418 1.000000
-0.032958 -1.011758 360.804246
0.068944 -0.831825 -80.166244
-0.000115 -0.002615 1.000000
0.069673 -1.277378 191.871577
-0.013689 -1.048394 -38.385192
-0.000152 -0.002923 1.000000
0.858667 0.000472 84.865125
0.024193 1.220841 -35.824115
0.000060 0.000026 1.000000
0.756398 -0.243670 158.721894
-0.021134 0.898590 40.771670
0.000057 -0.000312 1.000000
0.046121 -0.453107 -178.162047
0.247009 -0.801802 10.810057
0.001209 -0.003488 1.000000
0.119254 -0.523060 -76.003402
-0.009737 -0.613962 114.530564
0.000093 -0.002237 1.000000
0.041324 -0.508532 99.515282
-0.005599 -0.401399 53.677586
-0.000053 -0.002041 1.000000
0.299788 -1.608345 116.156360
0.304953 -1.455453 -95.776646
0.000524 -0.003437 1.000000
-0.117637 -2.430061 555.677055
0.404926 -1.942589 -133.310572
0.000518 -0.004420 1.000000
0.105645 -0.450951 -82.599785
-0.060959 -0.664477 94.602809
0.000189 -0.002636 1.000000
0.284697 -1.319913 -9.571490
0.276437 -0.981094 -24.770024
0.000700 -0.003283 1.000000
-0.114393 -0.781157 82.241406
0.013338 -0.665615 5.353495
0.000318 -0.002880 1.000000
0.086102 -0.432372 32.864380
0.013855 -0.338161 -4.419134
0.000395 -0.002309 1.000000
-0.006950 -0.615656 127.416955
0.058707 -0.475972 14.031848
0.000325 -0.002457 1.000000
-0.198179 -1.331751 490.332668
-0.051062 -1.083664 -56.550239
-0.000242 -0.002618 1.000000
0.105751 -1.888555 512.003946
-0.013284 -1.108053 102.270482
0.000041 -0.002882 1.000000
-0.169287 -0.996803 447.252990
-0.131895 -0.440543 14.310191
-0.000407 -0.001871 1.000000
1.132538 -3.260754 -1011.973207
0.899971 -2.536900 -91.482605
0.003242 -0.008376 1.000000
0.030345 -0.656330 16.066869
0.143914 -0.891972 74.483570
0.000928 -0.003400 1.000000
0.226320 -1.356801 -67.338504
0.240708 -1.380267 -87.681818
0.000717 -0.004129 1.000000
0.747904 -2.048973 -51.698792
0.873032 -1.342791 -672.478070
0.002487 -0.005502 1.000000
0.728384 -2.032895 -613.548331
0.359129 -2.338879 828.609640
0.000885 -0.004134 1.000000
-0.393883 -0.574074 19.719462
-0.520577 -0.777437 422.203939
-0.000881 -0.001313 1.000000
0.100945 -1.363568 87.003147
-0.044053 -1.104866 44.750907
0.000032 -0.002852 1.000000
0.078923 -0.596163 1.433381
0.020013 -0.542238 82.864627
0.000148 -0.002348 1.000000
0.412426 -2.403117 12.540019
0.475993 -1.267720 -638.532382
0.001688 -0.005432 1.000000
-0.189827 -1.055750 1147.865343
0.079032 -1.252325 591.282663
-0.000022 -0.002371 1.000000
0.434306 -1.040920 -686.019425
0.509587 -2.467304 738.989570
0.000932 -0.004039 1.000000
-0.447784 -0.662653 832.247706
-0.318928 -0.582062 519.660530
-0.000909 -0.001295 1.000000
-1.254651 -0.548370 3187.765992
-0.761148 -0.370932 2259.957136
-0.001717 -0.000639 1.000000
-1.242947 0.030693 1314.684529
-0.738171 0.053958 -343.573494
-0.002248 0.000587 1.000000
0.275756 -0.911182 -290.616612
0.356861 -1.051497 43.364324
0.000757 -0.003193 1.000000
0.493093 -1.435545 961.324780
0.483573 -1.799846 1007.830773
0.000667 -0.002739 1.000000
2.099576 -3.520832 1994.623583
1.766856 -3.924974 1331.429753
0.003602 -0.006749 1.000000
0.631183 -2.791546 959.341876
0.141509 -1.276742 77.361321
0.000713 -0.003905 1.000000
4.791397 -10.056621 13173.875698
6.484153 -10.886779 76.669892
0.013612 -0.022745 1.000000
0.067747 -2.022175 1024.164470
0.083126 -0.625763 31.919099
0.000086 -0.002573 1.000000
0.263093 -2.349979 1011.042572
0.153992 -1.306304 62.506140
0.000408 -0.003796 1.000000
0.325441 -3.047809 1125.762162
0.339927 -0.887879 -854.621229
0.000603 -0.004039 1.000000
0.292156 -2.272664 900.720345
0.004021 -0.499910 13.433947
0.000261 -0.002826 1.000000
0.488333 -2.554734 1058.649398
0.129490 -1.374090 43.907784
0.000612 -0.003449 1.000000
0.090889 -1.907020 1045.914347
-0.005213 -1.518189 164.049012
0.000089 -0.003506 1.000000
0.578722 -1.510324 -269.629664
0.780291 -2.256158 1268.387159
0.001109 -0.003828 1.000000
0.024825 -1.224929 322.004978
-0.079970 -0.656261 -131.269905
-0.000011 -0.002589 1.000000
-0.388071 -0.657929 971.838057
-0.486123 -0.839649 256.377603
-0.000885 -0.001638 1.000000
-0.262935 -0.709712 88.232654
-0.254601 -0.706917 198.870249
-0.000598 -0.001593 1.000000
0.799257 -2.933839 1065.977119
0.328082 -1.143792 -33.869384
0.001159 -0.004094 1.000000
0.312962 -2.062587 1009.998133
0.086196 -0.758067 73.366594
0.000379 -0.002779 1.000000
-0.311406 -1.292553 1016.524443
0.018098 -0.786138 34.740735
-0.000298 -0.002236 1.000000
0.555388 -1.852140 604.992520
1.084763 -2.232070 -135.799616
0.001848 -0.004934 1.000000
-0.545288 -0.742819 2590.925381
-0.459736 -0.611958 768.472678
-0.001031 -0.001302 1.000000
-0.257185 -1.038800 887.348974
-0.237606 -0.952516 912.629920
-0.000610 -0.001749 1.000000
0.195700 -1.956863 1019.964165
0.123975 -0.843478 -70.631971
0.000287 -0.002772 1.000000
3.903032 -5.350628 6915.764898
3.298045 -6.739536 3999.643549
0.007067 -0.011130 1.000000
0.051437 -1.788908 933.452221
0.233751 -1.104284 -44.716016
0.000053 -0.003079 1.000000
0.273112 -1.815819 385.628880
0.049313 -0.912517 -227.370240
0.000181 -0.002982 1.000000
0.162771 -1.107512 263.502249
0.038298 -0.357936 13.501631
0.000321 -0.002516 1.000000
0.201851 -2.011927 979.758640
0.023932 -0.410126 40.623434
0.000226 -0.002378 1.000000
0.226122 -1.748074 958.066032
-0.037030 -0.453964 109.873712
0.000210 -0.002269 1.000000
-1.448454 0.675822 -594.870063
-0.765095 0.426644 1132.873739
-0.003031 0.001556 1.000000
0.189828 -1.882306 914.943546
0.061089 -1.071818 -97.473514
0.000284 -0.003122 1.000000
-0.064181 -2.327712 1005.874910
0.006583 -1.075504 -45.669446
0.000180 -0.003204 1.000000
0.102478 -1.854297 904.878311
0.091017 -0.815792 -127.860116
0.000068 -0.002590 1.000000
0.164296 -1.105577 -16.652028
0.280709 -1.156696 -287.863892
0.000717 -0.003645 1.000000
-0.087047 -2.090081 914.851017
0.057028 -1.755800 186.942059
0.000146 -0.003672 1.000000
0.033319 -1.834348 873.196089
-0.027003 -1.063302 111.159065
0.000012 -0.002685 1.000000
0.196281 -2.071671 1053.336525
0.103756 -0.523906 19.315914
0.000279 -0.002621 1.000000
-0.101368 -1.497856 994.599652
-0.090140 -0.530010 53.358211
-0.000252 -0.002146 1.000000
0.162421 -1.837498 928.335488
0.075435 -0.914861 3.389162
0.000253 -0.002932 1.000000
0.813927 -2.916710 1061.092186
0.142835 -0.584566 9.155676
0.000975 -0.003521 1.000000
1.509292 -2.907304 -981.107716
0.777635 -2.354337 -30.011537
0.002464 -0.005539 1.000000
0.387138 -2.243657 1036.875635
0.032320 -1.350884 74.671888
0.000682 -0.004112 1.000000
0.144195 -1.889771 992.153397
-0.069895 -0.722211 105.093602
0.000205 -0.002886 1.000000
-0.188484 -1.540791 1005.420138
0.013856 -0.274338 18.970311
-0.000106 -0.001979 1.000000
-0.075240 -1.195240 309.004652
0.067777 -0.536248 -193.689290
0.000037 -0.002546 1.000000
-0.192781 -1.302286 864.507603
-0.038564 -0.580419 119.082150
-0.000308 -0.001948 1.000000
-0.270128 -1.229005 896.684302
-0.112035 -0.458395 44.395063
-0.000350 -0.001733 1.000000
-0.232686 -1.298174 616.144120
-0.319237 -1.098644 157.703978
-0.000459 -0.002426 1.000000
0.189994 -1.559343 671.310256
-0.031376 -0.776908 -21.595812
0.000001 -0.002508 1.000000
0.346928 -1.581880 599.350072
0.015459 -0.927946 78.107705
0.000265 -0.002919 1.000000
0.074114 -1.418267 589.547281
-0.094359 -0.920488 77.193863
-0.000155 -0.002419 1.000000
-0.075551 -1.417478 722.408443
-0.029920 -0.793242 54.806950
-0.000163 -0.002519 1.000000
-0.201891 -1.217335 650.869720
-0.172597 -0.864063 146.525145
-0.000328 -0.002193 1.000000
0.225650 -1.313648 547.484433
-0.057358 -0.734686 81.642087
0.000161 -0.002590 1.000000
0.242305 -1.973471 664.159972
0.018660 -1.425822 -28.251579
0.000199 -0.003885 1.000000
0.234809 -1.426394 418.494914
0.112693 -1.053668 19.947617
0.000299 -0.002892 1.000000
-0.013698 -1.511670 534.175668
0.078567 -1.403279 45.864602
-0.000032 -0.003037 1.000000
0.327035 -2.458608 558.501047
0.261397 -1.939259 -6.730781
0.000659 -0.003910 1.000000
0.017317 -1.157165 439.511077
-0.179847 -0.855472 34.087980
-0.000195 -0.002734 1.000000
0.537585 -2.251458 542.212048
0.122515 -1.237306 -15.969469
0.000443 -0.003469 1.000000
0.373618 -1.997476 1354.283272
0.072044 -0.685974 -7.918121
0.000414 -0.002942 1.000000
-0.127539 -1.029144 425.817193
0.012597 -0.262104 -33.861078
-0.000136 -0.001893 1.000000
-0.140240 -1.461649 899.276111
0.025656 -0.325434 -54.912541
-0.000140 -0.001974 1.000000
1.749894 0.510698 -219.734861
-0.033239 1.719918 -210.351692
0.000867 0.000250 1.000000
0.167307 -1.803810 770.127037
-0.059502 -0.788028 60.855837
0.000116 -0.002578 1.000000
0.080520 -1.865880 815.842355
0.064093 -0.819029 -165.791008
0.000255 -0.003108 1.000000
0.077020 -0.255131 208.289420
-0.270429 0.171428 221.363830
-0.000618 -0.000713 1.000000
0.331567 -0.700171 352.186264
-0.167122 0.330118 109.805985
-0.000200 -0.000941 1.000000
0.211050 -1.281745 518.298485
-0.016246 -0.975164 74.246086
0.000211 -0.002672 1.000000
0.111818 -1.794521 520.833887
-0.016683 -1.403180 90.098542
0.000095 -0.003051 1.000000
-0.121252 -2.891493 896.815210
0.314540 -3.477435 158.300738
0.000533 -0.005749 1.000000
0.589995 -0.806272 177.925063
-0.060114 0.070221 21.068654
0.000561 -0.001969 1.000000
0.006271 -0.917788 143.197918
0.115385 -0.680226 -41.591408
-0.000020 -0.002373 1.000000
0.013713 -1.104495 21.054933
0.065608 -0.895870 -17.241359
0.000086 -0.002774 1.000000
0.050327 -2.129442 495.103105
-0.046521 -1.345863 46.166628
0.000167 -0.003477 1.000000
-0.043031 -1.474515 773.147450
-0.080325 -0.783416 80.602635
-0.000062 -0.002410 1.000000
-0.135863 -1.044694 318.895009
-0.009371 -0.688517 -17.635015
-0.000266 -0.002285 1.000000
-0.048085 -1.251242 238.663338
0.012354 -0.981709 18.931364
-0.000038 -0.002675 1.000000
-0.024256 -1.018920 41.182232
0.039515 -0.774081 -53.498276
0.000037 -0.002620 1.000000
0.083252 -1.611110 796.019641
0.099594 -0.672922 -175.012815
0.000252 -0.002550 1.000000
-0.040149 -0.658373 76.837101
-0.032475 -0.786890 101.219640
-0.000057 -0.002249 1.000000
-0.055921 -0.848521 49.061746
-0.127626 -0.676785 -36.669955
-0.000394 -0.002213 1.000000
0.042384 -1.343696 571.626752
-0.019464 -1.001638 -39.135367
0.000009 -0.002798 1.000000
0.348921 -1.131291 -139.791294
0.352496 -1.062764 -229.681896
0.000623 -0.003277 1.000000
-0.095315 -1.552737 883.155048
-0.173095 -1.328799 273.166136
-0.000062 -0.002650 1.000000
0.067141 -1.739478 374.983788
0.115147 -1.656262 66.232923
0.000635 -0.003647 1.000000
4.363495 -8.205496 513.669001
3.083444 -6.841059 -3833.507599
0.008811 -0.018532 1.000000
