0.348015 -1.783552 731.787230
-0.013079 -0.573762 -104.824842
0.000430 -0.002709 1.000000
-0.044910 -0.573026 144.627537
-0.072010 -0.334110 30.241550
-0.000385 -0.001808 1.000000
0.045139 -0.392647 106.518420
0.005099 -0.276087 6.592519
-0.000219 -0.001810 1.000000
0.001313 -0.449257 120.271538
0.037850 -0.393185 44.647370
-0.000076 -0.001913 1.000000
-0.061984 -0.423166 192.764502
-0.096203 -0.250086 23.505299
-0.000483 -0.001535 1.000000
-0.020647 -0.685219 83.790320
-0.072805 -0.624123 134.190457
-0.000103 -0.002314 1.000000
-0.073086 -0.856214 179.279610
-0.073973 -0.705331 33.252001
-0.000385 -0.002224 1.000000
-0.082687 -0.663913 85.710273
0.014778 -0.420376 -69.879834
-0.000260 -0.002056 1.000000
0.133656 -0.865388 3.932359
-0.036561 -0.591359 46.920166
0.000023 -0.002343 1.000000
-0.652249 -1.008739 841.994921
-0.029179 -0.297796 -200.988538
-0.000820 -0.001461 1.000000
-0.267193 -0.904450 508.954076
-0.031108 -0.385318 -36.508367
-0.000527 -0.001714 1.000000
-0.101566 -0.910267 146.630521
-0.064312 -0.754964 85.134041
-0.000294 -0.002336 1.000000
0.161470 -1.677193 544.636454
-0.027314 -0.890922 -63.897348
-0.000036 -0.002715 1.000000
-0.204217 -1.084172 393.362155
0.085208 -0.681101 -223.822681
-0.000498 -0.002297 1.000000
-0.038127 -0.779843 305.266714
-0.041051 -0.536525 -15.031873
-0.000357 -0.001909 1.000000
-0.040777 -0.489118 109.412915
-0.093802 -0.233291 58.191732
-0.000355 -0.001579 1.000000
-0.009569 -0.477826 146.763597
0.032406 -0.276691 -21.678282
0.000097 -0.002043 1.000000
-0.181118 -0.509651 92.976562
-0.076366 -0.435681 -4.437518
-0.000400 -0.001856 1.000000
0.025072 -0.664132 154.335093
0.000557 -0.326021 -2.515820
-0.000199 -0.001814 1.000000
-0.143818 -0.554099 236.395655
-0.040026 -0.256133 14.382221
-0.000392 -0.001595 1.000000
-0.087489 -0.857430 314.586670
0.015552 -0.596218 26.480814
-0.000149 -0.002066 1.000000
0.338558 -1.911865 -159.279258
0.050470 -1.413634 85.392917
0.000256 -0.002918 1.000000
-0.567533 -0.254419 -222.948532
-0.831976 -0.232730 1802.300187
-0.001365 -0.000427 1.000000
-0.092958 -0.897592 411.960611
-0.063132 -0.311515 -108.861479
-0.000361 -0.001944 1.000000
0.066333 -0.818987 157.867595
-0.081685 -0.423459 -11.392896
-0.000386 -0.001951 1.000000
0.132929 -1.030526 194.053090
-0.058762 -0.605778 -66.176042
-0.000130 -0.002201 1.000000
-0.042041 -0.568654 118.177602
0.097709 -0.518885 113.173236
0.000073 -0.002077 1.000000
0.025402 -0.388826 48.007629
0.039705 -0.427167 68.239713
-0.000057 -0.002064 1.000000
0.050301 -0.621776 157.662040
0.038322 -0.255927 -62.723668
-0.000135 -0.001988 1.000000
-0.203122 -0.816913 219.538344
-0.052075 -0.559694 4.143401
-0.000361 -0.002038 1.000000
-0.217430 -0.861148 80.812751
0.008127 -0.606410 -85.694691
-0.000302 -0.002223 1.000000
-0.156576 -0.795751 284.248906
-0.020681 -0.835953 -81.932417
-0.000381 -0.002288 1.000000
-0.014572 -0.743603 188.983204
0.023714 -0.627764 -45.463609
0.000038 -0.002436 1.000000
0.076454 -0.826772 143.940873
-0.031108 -0.524568 -15.784996
-0.000312 -0.002009 1.000000
0.101422 -0.995449 100.599922
0.000360 -0.636261 0.925860
-0.000134 -0.002274 1.000000
-0.119453 -0.513812 207.148204
-0.050991 -0.392599 -11.918769
-0.000159 -0.002009 1.000000
-0.099992 -0.718919 131.636014
-0.043663 -0.517702 28.225878
-0.000212 -0.001979 1.000000
-0.092245 -0.802338 280.502893
0.018137 -0.433298 -49.634579
0.000031 -0.002232 1.000000
0.114863 -0.780118 141.702562
0.067826 -0.473297 -42.488533
0.000068 -0.002253 1.000000
0.036773 -0.304023 65.839620
-0.044847 -0.287784 73.168312
-0.000392 -0.001614 1.000000
-0.060092 -0.653654 215.425254
-0.070580 -0.412925 15.804468
-0.000255 -0.001824 1.000000
0.266586 -0.977917 42.789104
0.278135 -0.552263 -143.950700
0.000288 -0.002542 1.000000
0.032072 -1.090424 361.773694
-0.066347 -0.470037 -28.463828
-0.000134 -0.002121 1.000000
-0.001448 -0.460350 180.074758
-0.013065 -0.224625 3.306176
-0.000147 -0.001796 1.000000
-0.087795 -0.300120 129.073860
-0.058794 -0.179993 13.257422
-0.000571 -0.001438 1.000000
0.043617 -0.599902 173.231428
0.004428 -0.470171 84.484205
-0.000143 -0.001917 1.000000
0.011636 -0.443988 119.510699
-0.090539 -0.370763 67.710990
-0.000261 -0.001754 1.000000
0.110330 -0.778472 175.427385
-0.070492 -0.475237 -32.589776
-0.000377 -0.002008 1.000000
0.184926 -0.830586 201.888872
-0.114200 -0.361067 52.412283
-0.000318 -0.001855 1.000000
0.045347 -0.979968 195.101670
-0.055261 -0.520293 -7.575502
-0.000215 -0.002114 1.000000
0.076323 -0.638772 220.449661
-0.022843 -0.363513 -11.573680
-0.000375 -0.001721 1.000000
0.112764 -0.668635 156.536508
-0.064497 -0.393159 13.178759
-0.000404 -0.001737 1.000000
-0.015241 -0.455760 88.817629
-0.077534 -0.245020 -28.749765
-0.000516 -0.001590 1.000000
-0.109632 -0.681786 261.299475
-0.075956 -0.345718 22.135507
-0.000451 -0.001727 1.000000
0.084655 -0.676108 183.496712
-0.090696 -0.322833 -32.464608
-0.000296 -0.001826 1.000000
0.055475 -1.034743 175.558174
0.022666 -0.736183 -68.069894
-0.000235 -0.002332 1.000000
-0.143690 -0.507550 232.100170
-0.061143 -0.226291 -39.138290
-0.000558 -0.001492 1.000000
-0.327276 -1.012384 493.957241
-0.146074 -0.414875 -18.538863
-0.000456 -0.001811 1.000000
-0.051591 -0.505198 203.633525
-0.081811 -0.289656 56.543270
-0.000179 -0.001709 1.000000
0.086285 -0.537186 146.603099
-0.005317 -0.461767 83.209216
-0.000223 -0.001890 1.000000
0.009607 -0.348573 93.588896
0.016346 -0.163375 1.530557
-0.000207 -0.001641 1.000000
-0.049210 -0.583446 227.905189
-0.054367 -0.376443 81.740693
-0.000426 -0.001677 1.000000
-0.061980 -0.194745 113.808916
-0.015437 -0.077777 12.394330
-0.000366 -0.001412 1.000000
0.062268 -0.891780 292.192579
-0.096723 -0.511907 -7.164999
-0.000354 -0.001872 1.000000
-0.043896 -0.644467 177.599746
-0.040954 -0.336933 -23.494722
-0.000210 -0.001881 1.000000
0.052009 -1.017642 325.941911
-0.036762 -0.621371 -3.825793
-0.000177 -0.002194 1.000000
-0.118820 -0.925715 283.977589
-0.063094 -0.614332 52.174945
-0.000471 -0.001922 1.000000
-0.102167 -0.909578 360.320614
-0.017187 -0.497892 46.267062
-0.000343 -0.001885 1.000000
-0.084552 -1.036875 278.262195
0.166802 -0.939854 -26.580763
0.000149 -0.002619 1.000000
0.162220 -0.536841 255.611910
-0.047752 0.060321 0.479093
-0.000376 -0.001249 1.000000
1.036199 -0.024862 46.243936
0.017860 1.202882 -194.111911
0.000189 -0.000222 1.000000
1.329201 0.050235 70.805019
0.225578 1.672110 -312.649678
0.000428 0.000192 1.000000
-0.034372 -0.209841 -5.926340
-0.155348 -0.205290 103.066716
-0.000641 -0.001232 1.000000
-0.081323 -1.604280 1018.860638
0.159247 -0.777328 -196.271675
0.000248 -0.002718 1.000000
0.126894 -0.682461 121.163418
-0.138583 -0.300901 31.678548
-0.000355 -0.001720 1.000000
0.078402 -1.011488 251.382647
-0.172361 -0.510310 22.065893
-0.000531 -0.001917 1.000000
0.016775 -0.262798 110.454484
-0.053449 -0.244786 94.119158
-0.000205 -0.001572 1.000000
0.027437 -0.223710 69.055072
-0.093543 -0.178984 82.023142
-0.000407 -0.001342 1.000000
0.567279 -0.186291 94.487887
-0.162890 0.847211 -65.372672
-0.000390 -0.000441 1.000000
0.853193 -0.024105 51.345962
0.085938 0.987577 -169.925121
-0.000037 -0.000202 1.000000
0.956187 -0.052056 70.379563
0.045496 1.029592 -136.994315
0.000020 -0.000148 1.000000
0.593481 0.082112 65.606646
-0.141863 0.875533 -41.229241
-0.000405 -0.000002 1.000000
0.727532 0.477743 -9.413198
-0.226588 1.323160 -49.462389
-0.000497 0.000546 1.000000
0.617465 -0.846238 284.571044
0.094454 0.217341 -94.843557
0.000185 -0.001551 1.000000
-0.091975 -0.250298 144.716722
-0.040503 -0.111220 32.478853
-0.000230 -0.001456 1.000000
0.044314 -0.379945 169.881536
-0.000677 -0.150426 24.109970
0.000085 -0.001797 1.000000
0.047241 -0.816922 307.819134
-0.185412 -0.544305 143.199492
-0.000308 -0.001828 1.000000
0.016378 -0.653414 161.387994
-0.135066 -0.543841 103.614109
-0.000345 -0.001856 1.000000
-0.078778 -0.407402 86.468542
-0.003786 -0.241999 33.751535
-0.000284 -0.001734 1.000000
-0.121715 -1.577367 505.407267
-0.199422 -1.298129 285.167893
-0.000304 -0.002558 1.000000
0.068150 -1.245956 313.021116
-0.017872 -0.953568 80.345321
-0.000286 -0.002483 1.000000
0.025016 -1.190774 336.186479
-0.089970 -0.693642 54.328622
-0.000203 -0.002235 1.000000
0.277153 -1.020229 305.011711
-0.040808 -0.353680 49.070037
-0.000032 -0.001919 1.000000
-0.196888 -0.428855 88.566468
-0.018797 -0.294057 -50.716310
-0.000147 -0.001995 1.000000
-0.134249 -0.685768 196.190883
-0.069464 -0.207671 -15.813955
-0.000321 -0.001768 1.000000
-0.113076 -1.416988 443.936879
0.091512 -1.230986 -40.805768
-0.000025 -0.002921 1.000000
-0.127088 -0.737293 195.002312
0.036040 -0.319942 -66.549019
-0.000160 -0.001980 1.000000
-0.012567 -1.067916 235.846422
-0.055231 -0.785545 19.366359
-0.000436 -0.002336 1.000000
0.307347 -1.432046 308.816318
0.005884 -0.936467 -18.091451
0.000024 -0.002724 1.000000
0.358471 -1.218942 458.528915
0.034671 -0.401588 -11.067247
0.000380 -0.002244 1.000000
-5.539692 -10.227296 2795.912991
-0.445178 -15.370764 2283.440975
-0.001791 -0.015844 1.000000
1.483743 0.067539 -40.869816
0.230142 1.844699 -368.473137
0.000573 0.000256 1.000000
2.140975 0.627150 -464.510187
0.552115 2.208624 -599.195818
0.001019 0.000372 1.000000
1.162812 0.021757 -40.796645
0.112135 1.165100 -124.503100
0.000142 0.000065 1.000000
1.000000 0.000000 0.000000
-0.000000 1.000000 0.000000
-0.000000 0.000000 1.000000
0.034420 -0.841588 221.479948
-0.145620 -0.732283 69.690107
-0.000404 -0.002131 1.000000
-0.134108 -0.829325 316.822843
-0.028575 -0.693960 15.157772
-0.000117 -0.002286 1.000000
0.856634 -0.188224 75.567889
-0.026262 1.068821 -106.199889
-0.000194 0.000027 1.000000
0.617495 -0.189833 154.377861
-0.016472 0.790781 -37.901704
-0.000163 -0.000400 1.000000
0.066949 -1.136866 229.028683
-0.028411 -0.855642 48.028045
-0.000129 -0.002383 1.000000
-0.099001 -1.484315 510.985136
0.107793 -1.136145 55.398863
0.000102 -0.002958 1.000000
0.384337 0.555485 -49.422233
-0.325756 1.532099 -134.901715
-0.001170 0.001427 1.000000
-0.156095 -1.706728 518.247457
-0.009596 -1.305035 79.993132
0.000003 -0.003399 1.000000
0.103201 -1.141965 425.219993
-0.135435 -0.547502 27.641472
-0.000258 -0.002170 1.000000
-0.205423 -0.958840 308.398795
-0.153572 -0.576084 119.137659
-0.000512 -0.001882 1.000000
-0.204670 -1.164591 261.413226
-0.069786 -0.976349 12.665022
-0.000430 -0.002584 1.000000
0.222763 -1.413015 433.975814
0.018454 -0.981879 61.480274
-0.000009 -0.002442 1.000000
0.696151 -2.028613 485.974880
0.017585 -0.770300 -116.357279
0.000210 -0.002981 1.000000
0.206939 -0.891511 212.612515
0.019724 -0.417896 -45.832533
-0.000157 -0.002000 1.000000
0.124753 -0.919794 214.384566
0.014502 -0.452203 -114.322732
-0.000100 -0.002260 1.000000
0.066155 -1.059770 246.741367
0.018029 -0.703893 -68.183440
-0.000382 -0.002457 1.000000
0.551824 -2.100165 809.958502
0.221258 -0.652769 -121.251678
0.000482 -0.002837 1.000000
-0.004899 -1.195297 369.320192
-0.008748 -0.685890 -173.269162
-0.000286 -0.002447 1.000000
0.567061 -1.790269 429.357514
-0.007118 -0.568116 -84.904983
0.000272 -0.002760 1.000000
0.355445 -1.517903 590.437310
0.045266 -0.702227 -97.833775
0.000125 -0.002617 1.000000
0.047040 -1.323729 376.491874
-0.175401 -0.734248 -38.943904
-0.000181 -0.002534 1.000000
0.250133 -1.351036 482.097146
0.031621 -0.546188 -61.453062
0.000087 -0.002311 1.000000
0.183165 -1.309606 524.370995
0.085113 -0.810580 -59.331265
0.000077 -0.002523 1.000000
0.284531 -1.158522 336.226359
-0.013524 -0.500411 -44.505324
0.000102 -0.002235 1.000000
0.261994 -1.358819 402.688081
-0.074057 -0.867943 18.096248
-0.000056 -0.002531 1.000000
0.086183 -0.907728 269.186582
-0.038700 -0.853677 34.457456
-0.000038 -0.002543 1.000000
-0.041521 -1.276227 774.137669
-0.036361 -0.609172 -26.732204
-0.000092 -0.002172 1.000000
-0.227283 -0.929171 349.967300
-0.053823 -0.568014 -9.829975
-0.000336 -0.002040 1.000000
-0.120648 -0.669160 201.664819
-0.124582 -0.357009 5.111214
-0.000374 -0.001645 1.000000
-0.006663 -1.460411 469.655329
-0.041214 -0.906080 -3.703715
-0.000052 -0.002514 1.000000
-0.003671 -1.057058 297.122068
-0.022480 -0.576001 -26.409032
-0.000244 -0.002044 1.000000
0.999243 -1.016333 271.472541
0.037215 0.514991 -64.551982
0.000438 -0.001296 1.000000
0.234001 -1.220198 385.339067
0.021302 -0.502784 -29.255496
0.000246 -0.002307 1.000000
-0.085483 -0.932486 428.483890
-0.094374 -0.512464 -56.580578
-0.000327 -0.002073 1.000000
0.163212 -1.395972 885.561999
0.103074 -0.494384 -245.484509
0.000291 -0.002514 1.000000
-0.354578 -1.504217 1016.838488
-0.099755 -0.251089 41.118029
-0.000424 -0.001759 1.000000
-0.170585 -1.123460 626.588310
-0.001033 -0.514692 -199.904505
-0.000109 -0.002453 1.000000
-0.071342 -0.986753 539.947211
0.049695 -0.919863 -25.575778
-0.000318 -0.002372 1.000000
-0.228865 -1.148650 987.599200
-0.171346 -0.352188 178.868362
-0.000509 -0.001541 1.000000
-0.364072 -1.302139 1056.565301
-0.064186 -0.265736 67.531577
-0.000430 -0.001513 1.000000
-0.061880 -1.513906 674.061288
0.106543 -0.708164 -369.215626
0.000086 -0.002598 1.000000
-0.054820 -0.858898 426.348895
-0.168652 -0.283021 -36.284425
-0.000268 -0.001802 1.000000
-0.164606 -1.627106 355.578725
0.025461 -1.037560 -149.311440
-0.000053 -0.002950 1.000000
0.075733 -0.934794 322.498726
0.133782 -0.406922 -84.508343
0.000175 -0.002161 1.000000
0.098423 -1.278966 3.197446
0.138789 -0.860272 -50.055229
0.000211 -0.002684 1.000000
-0.479701 -1.127360 597.871168
-0.226100 -0.433156 -206.485994
-0.000674 -0.001681 1.000000
-0.432143 -1.149839 939.376127
-0.202285 -0.296865 -29.748639
-0.000650 -0.001583 1.000000
-0.324675 -1.365338 719.233507
-0.156536 -0.751770 16.185750
-0.000354 -0.002216 1.000000
0.150998 -2.048532 975.766155
0.314412 -1.350329 -310.306445
0.000390 -0.003491 1.000000
-0.123055 -1.622466 937.979488
0.090102 -0.452665 -81.033232
-0.000072 -0.002141 1.000000
-0.023355 -1.851162 1031.615342
-0.026934 -0.338905 28.949564
-0.000053 -0.002227 1.000000
0.486567 -2.155992 1090.041663
0.419687 -0.973709 -494.457680
0.001264 -0.003884 1.000000
-0.299187 -1.338694 1049.910589
-0.160896 -0.334297 201.669580
-0.000501 -0.001583 1.000000
-0.448293 -0.773882 1125.762041
-0.270167 -0.353869 9.730389
-0.000737 -0.001227 1.000000
0.120375 -1.330078 412.240597
-0.013315 -0.646907 -73.902050
-0.000043 -0.002385 1.000000
0.250371 -1.458878 467.672481
-0.076811 -0.583364 -46.400252
0.000130 -0.002565 1.000000
0.036742 -0.914453 311.665155
-0.022774 -0.404333 -100.236952
-0.000358 -0.001963 1.000000
-0.480684 -1.276388 598.887360
-0.205402 -0.881908 248.125786
-0.000386 -0.002287 1.000000
-0.042149 -0.325344 57.424160
-0.072955 -0.482172 112.986665
-0.000067 -0.002104 1.000000
-0.112370 -0.421360 143.843163
-0.089316 -0.374007 100.524818
-0.000310 -0.001694 1.000000
-0.002591 -0.348390 72.504032
-0.000503 -0.302060 71.737556
-0.000239 -0.001727 1.000000
-0.073132 -0.987268 16.229357
-0.056111 -1.247013 810.974792
-0.000131 -0.002466 1.000000
-0.138061 -0.450716 117.967770
-0.004746 -0.400169 8.195305
-0.000258 -0.001915 1.000000
-0.139583 -1.300317 448.478716
-0.117944 -0.779458 140.822803
-0.000251 -0.002275 1.000000
0.088654 -1.283258 303.881031
0.185305 -0.888755 -9.488237
-0.000026 -0.002712 1.000000
0.021881 -0.994921 435.572853
-0.044840 -0.730935 -12.010292
-0.000344 -0.002394 1.000000
0.104802 -1.095019 405.682439
-0.116946 -0.779471 29.683355
-0.000302 -0.002393 1.000000
0.024845 -0.433184 62.392399
-0.082795 -0.452116 91.619418
-0.000430 -0.001727 1.000000
-0.126362 -0.345142 46.081073
-0.178967 -0.513738 223.950414
-0.000520 -0.001602 1.000000
-0.129756 -0.332527 17.065917
-0.123232 -0.313260 115.113480
-0.000379 -0.001719 1.000000
-0.051363 -0.430863 33.742821
-0.050848 -0.445717 94.255775
-0.000224 -0.001922 1.000000
-0.035031 -0.555327 124.359163
-0.110519 -0.332654 26.450095
-0.000219 -0.001848 1.000000
0.100601 -0.403524 61.210356
0.002419 -0.243797 40.711919
-0.000070 -0.001845 1.000000
-0.086607 -0.677731 28.088809
-0.018869 -0.794429 160.811450
-0.000595 -0.001913 1.000000
-0.010862 -0.653387 -15.127474
0.057732 -0.688703 -22.213752
-0.000059 -0.002276 1.000000
-0.095673 -0.475320 66.591410
-0.035229 -0.361950 47.144325
-0.000282 -0.001844 1.000000
-0.068398 -0.215691 21.704150
-0.081656 -0.250359 98.827222
-0.000503 -0.001452 1.000000
-5.241742 -6.280494 2657.143086
-1.035246 -9.141641 2105.685839
-0.001438 -0.012230 1.000000
0.222259 -1.620665 720.191279
0.176247 -0.770202 -257.101828
0.000401 -0.003184 1.000000
0.203437 -1.537502 575.827572
0.034915 -0.565009 -69.875141
0.000090 -0.002442 1.000000
-0.053154 -0.655921 31.356152
-0.003818 -0.602820 77.069415
-0.000380 -0.001934 1.000000
-0.124603 -0.192977 24.611032
-0.132881 -0.273485 58.245335
-0.000568 -0.001465 1.000000
-0.075788 -0.604389 66.492094
-0.001344 -0.570852 23.766394
-0.000144 -0.002354 1.000000
-0.103072 -1.047550 246.595762
0.029296 -0.814691 -76.932690
0.000066 -0.002671 1.000000
-0.153451 -0.559406 13.680754
-0.212220 -0.998783 738.716150
-0.000338 -0.002051 1.000000
-0.483584 -0.494082 85.888460
-0.550955 -0.403848 885.271982
-0.001204 -0.000664 1.000000
-0.034839 -0.489786 71.406248
-0.033010 -0.471141 21.993630
-0.000069 -0.002046 1.000000
-0.126976 -0.570794 36.218760
0.098030 -0.581036 -4.931804
0.000450 -0.002686 1.000000
-0.181482 -1.333154 250.817613
0.129194 -0.668256 -152.421811
0.000028 -0.002589 1.000000
-0.774702 -0.774060 234.962712
-0.504144 -0.437454 713.912212
-0.001273 -0.001210 1.000000
-0.161390 -0.546882 92.240973
-0.257141 -0.827820 657.112843
-0.000554 -0.001614 1.000000
-0.992161 0.080021 -118.104696
-0.864810 0.133259 2109.680346
-0.002073 0.000298 1.000000
-0.247497 -1.454617 1249.379579
-0.100072 -0.843382 621.760893
-0.000259 -0.001740 1.000000
-0.819286 -0.191506 -396.263872
-0.889955 0.053652 1213.148140
-0.001903 0.000095 1.000000
-0.080037 -0.544642 -1.937497
-0.009314 -0.625354 92.993857
0.000118 -0.002516 1.000000
0.073869 -1.129424 489.899068
-0.055144 -1.207823 870.918687
0.000061 -0.001978 1.000000
-0.236697 -0.816504 761.696699
-0.326751 -0.982893 1093.760757
-0.000450 -0.001734 1.000000
-0.325801 -1.764455 1017.497296
0.015465 -0.672133 11.834442
-0.000320 -0.002376 1.000000
0.119590 -1.761861 1632.029041
0.196356 -1.229297 454.707986
0.000322 -0.003154 1.000000
0.203663 -1.773894 959.283869
0.044314 -0.267860 41.512398
0.000175 -0.001952 1.000000
-0.325343 -1.422814 956.572231
-0.047930 -0.367778 59.321172
-0.000391 -0.001746 1.000000
-0.179074 -1.387405 1274.899543
-0.134734 -0.734644 -145.165159
-0.000461 -0.002218 1.000000
-0.223851 -1.399856 930.329414
-0.021326 -0.194746 34.988223
-0.000243 -0.001633 1.000000
-0.597645 -1.091011 1048.390339
-0.128312 -0.358422 114.874060
-0.000687 -0.001337 1.000000
-0.262309 -1.380312 1093.102605
-0.092864 -0.514670 68.140839
-0.000424 -0.001923 1.000000
-0.189675 -0.687586 473.105930
-0.312532 -1.009823 899.515682
-0.000532 -0.001519 1.000000
-0.106671 -0.737461 365.665702
-0.050219 -0.435395 -130.910487
-0.000309 -0.001925 1.000000
-0.741538 -0.467245 1311.128388
-0.627094 -0.502485 200.959951
-0.001132 -0.001251 1.000000
-0.311300 -0.629115 -404.327955
-0.267701 -0.701305 540.063699
-0.000554 -0.001603 1.000000
-0.290544 -1.303425 920.586986
-0.091336 -0.297071 100.688875
-0.000344 -0.001628 1.000000
-0.473869 -1.139360 959.081267
-0.034847 -0.180008 51.412835
-0.000565 -0.001340 1.000000
-0.652662 -0.915359 1130.688198
-0.073712 -0.270039 78.733115
-0.000814 -0.001207 1.000000
0.058534 -0.740265 360.240213
-0.087386 -0.481264 -105.828181
-0.000201 -0.001866 1.000000
-0.482414 -0.674658 1199.177545
-0.573866 -0.839143 867.628693
-0.000987 -0.001385 1.000000
-0.334443 -0.875297 677.282507
-0.285105 -0.834239 755.799220
-0.000495 -0.001398 1.000000
-0.054782 -1.586544 987.068011
0.044417 -0.462627 87.544214
-0.000101 -0.001960 1.000000
-0.218801 -0.867518 382.120946
-0.241102 -0.840151 837.772338
-0.000365 -0.001767 1.000000
-0.329169 -1.477498 978.391182
-0.040885 -0.326632 -21.803400
-0.000378 -0.001762 1.000000
1.768173 -2.907367 83.290688
0.532162 -1.101789 -522.919341
0.001868 -0.003814 1.000000
0.095709 -0.831433 277.896809
0.032268 -0.313923 65.341943
0.000264 -0.002145 1.000000
0.206798 -1.898824 1022.063093
0.005120 -0.341868 26.755018
0.000209 -0.002243 1.000000
-0.292265 -1.271603 916.610583
-0.065629 -0.188079 39.851476
-0.000403 -0.001506 1.000000
-0.158633 -0.840165 57.316636
0.065222 -0.591100 -113.062705
0.000367 -0.002656 1.000000
-0.481577 -1.249270 844.593877
-0.132632 -0.592963 24.190064
-0.000617 -0.002005 1.000000
-0.393218 -1.126496 736.155574
-0.113700 -0.604311 -45.132281
-0.000491 -0.001974 1.000000
-0.440461 -1.168816 778.367749
-0.142228 -0.673758 -63.213411
-0.000437 -0.002379 1.000000
-0.036453 -1.582120 556.910225
-0.088117 -1.277349 -78.475521
0.000003 -0.003418 1.000000
-0.434365 -1.223419 912.644085
0.023667 -0.415567 -23.610371
-0.000571 -0.001672 1.000000
-0.435485 -1.327042 793.238418
0.089220 -0.665788 -219.443466
-0.000367 -0.002336 1.000000
-0.466269 -1.147279 979.873433
-0.044692 -0.169843 51.403177
-0.000528 -0.001340 1.000000
-0.552692 -1.105772 978.457284
-0.052866 -0.245060 73.340039
-0.000573 -0.001419 1.000000
-0.676774 -0.823604 1093.360397
-0.202793 -0.242928 -0.812916
-0.000955 -0.001131 1.000000
0.151983 -1.757668 990.735830
0.125214 -0.377758 -13.605121
0.000203 -0.002150 1.000000
0.062433 -1.156031 107.753086
0.040997 -1.046287 1143.550088
0.000380 -0.002465 1.000000
-0.265637 -1.633545 979.626563
0.014199 -1.069682 -147.361183
-0.000280 -0.002695 1.000000
-0.518416 -1.150232 987.412306
-0.020020 -0.322591 107.027373
-0.000581 -0.001362 1.000000
-0.211527 -1.377817 987.348551
0.042576 -0.340091 -3.646863
-0.000203 -0.001862 1.000000
-0.014766 -0.769164 286.848714
-0.027954 -0.148978 -72.798028
-0.000066 -0.001958 1.000000
-0.200402 -1.277758 823.638146
-0.003769 -0.345887 -35.087691
-0.000287 -0.001924 1.000000
-0.140602 -1.289972 809.694044
-0.076847 -0.298277 -9.051979
-0.000280 -0.001898 1.000000
0.061661 -1.406652 550.299233
0.067111 -0.395323 -170.577716
-0.000064 -0.002347 1.000000
-0.128844 -0.903836 354.303561
-0.023433 -0.511910 -146.494105
-0.000304 -0.002146 1.000000
0.035903 -0.899587 437.406097
0.120160 -0.655085 -103.431314
-0.000242 -0.002131 1.000000
0.164010 -1.166416 572.363019
0.075776 -0.470212 -72.278256
-0.000054 -0.002180 1.000000
-0.110677 -1.066755 583.786060
0.036519 -0.276965 -118.617656
-0.000221 -0.002018 1.000000
0.147445 -1.140049 395.967388
0.092376 -0.406505 -171.229943
-0.000122 -0.002255 1.000000
0.076005 -1.242659 527.305709
0.057093 -0.694145 -35.655581
-0.000094 -0.002336 1.000000
0.136751 -1.564909 736.349444
0.089752 -0.359723 -211.864934
0.000275 -0.002506 1.000000
-0.035996 -1.011234 557.953887
0.031339 -0.366074 -117.330415
-0.000178 -0.002152 1.000000
0.059098 -1.095553 530.752846
0.040408 -0.527023 -86.442357
-0.000227 -0.002171 1.000000
0.004374 -1.110154 616.959993
0.097018 -0.517207 -85.389562
-0.000017 -0.002179 1.000000
0.230987 -1.328359 480.817328
-0.018758 -0.567213 -60.029417
-0.000085 -0.002247 1.000000
0.057073 -1.138040 497.428575
-0.049435 -0.597727 -118.850717
-0.000246 -0.002287 1.000000
-0.007646 -1.627356 1008.750235
0.080609 -0.457895 51.325915
0.000006 -0.002072 1.000000
0.015228 -1.008623 555.673149
0.002652 -0.119808 -48.909936
0.000075 -0.001889 1.000000
-0.214041 -1.234084 808.595791
-0.008550 -0.066251 -5.952347
-0.000249 -0.001685 1.000000
0.269195 -1.857273 885.809460
0.029094 -0.521334 -87.290484
0.000076 -0.002451 1.000000
-0.043325 -1.538637 833.329596
-0.032022 -0.405169 -76.776396
-0.000212 -0.002157 1.000000
-0.359845 -1.331422 723.352559
-0.052435 -0.585651 -95.293066
-0.000565 -0.002052 1.000000
0.354316 -1.179389 128.736509
-0.083381 -0.991648 47.712429
-0.000205 -0.002690 1.000000
0.174346 -1.255726 687.075180
0.078120 -0.799048 -19.156845
0.000077 -0.002634 1.000000
0.395749 -1.589657 521.408981
0.014026 -0.928869 -97.862538
0.000162 -0.003044 1.000000
0.034494 -0.925903 342.218496
-0.121716 -0.593667 30.689981
-0.000269 -0.002040 1.000000
0.161755 -1.461870 342.843630
-0.164748 -0.873186 122.236011
-0.000230 -0.002495 1.000000
0.195286 -0.947788 179.117510
0.023492 -0.457895 -93.372649
0.000124 -0.002409 1.000000
-0.246638 -0.810220 255.964013
-0.164072 -0.769157 -3.777266
-0.000532 -0.002331 1.000000
0.209095 -0.843849 244.920853
0.016943 -0.620456 69.836146
0.000059 -0.002219 1.000000
-0.009627 -1.388984 703.732986
0.024759 -0.660847 -57.874854
-0.000069 -0.002527 1.000000
-0.176070 -1.421607 842.791482
-0.072709 -0.486826 11.288107
-0.000248 -0.001959 1.000000
-0.196169 -0.528566 98.946136
-0.118272 -0.390742 16.094545
-0.000766 -0.001629 1.000000
-0.101574 -0.843623 160.216906
0.133666 -0.751166 -118.555420
0.000703 -0.003275 1.000000
0.033088 -1.234265 128.696510
-0.159285 -0.661298 80.662316
-0.000308 -0.002297 1.000000
-0.299142 -1.169234 783.413317
-0.117771 -0.446030 -3.671446
-0.000586 -0.001800 1.000000
-0.135978 -0.659336 134.853310
-0.026693 -0.520966 24.186407
-0.000358 -0.002082 1.000000
-0.057534 -0.673523 221.557871
-0.139357 -0.393116 9.721900
-0.000540 -0.001637 1.000000
-0.179552 -0.691424 270.340803
-0.188976 -0.403308 55.714149
-0.000721 -0.001622 1.000000
-0.015770 -0.588646 144.325029
-0.048108 -0.337789 -37.996269
-0.000347 -0.001843 1.000000
-0.205392 -1.114305 626.609434
-0.071526 -0.493954 -47.880722
-0.000373 -0.002070 1.000000
-0.178143 -1.425483 369.102352
0.175666 -0.902573 -146.722799
-0.000094 -0.002769 1.000000
-0.229275 -1.291075 757.590919
-0.091257 -0.488081 15.105216
-0.000248 -0.002068 1.000000
