0.296764 -0.979364 282.439528
-0.050028 -0.552790 101.380447
-0.000224 -0.002015 1.000000
0.488418 -0.552769 56.582314
-0.248846 0.045861 309.313568
-0.000582 -0.000823 1.000000
0.087033 -1.124668 572.125217
-0.015090 -0.715504 81.693005
-0.000102 -0.002190 1.000000
3.110585 -7.374735 564.675034
2.211381 -5.422728 -2905.829646
0.006571 -0.012859 1.000000
-0.006619 -1.150583 361.429059
-0.248551 -1.051195 247.437654
-0.000463 -0.002130 1.000000
6.799662 -6.189030 484.269422
2.730377 -2.853669 -123.401806
0.008576 -0.010747 1.000000
0.144191 -1.224697 315.063876
0.081498 -0.947283 -47.532879
0.000074 -0.002619 1.000000
0.350827 -0.040866 -63.717598
-0.360369 0.221318 239.163495
-0.000782 -0.000549 1.000000
0.775291 -0.582632 168.499142
-0.194655 0.111226 343.733684
-0.000110 -0.000945 1.000000
16.904975 6.786289 -5505.975616
4.493446 18.391287 -5094.253430
0.011055 0.010578 1.000000
-0.262965 -11.557801 3647.899450
3.028838 -12.696105 -805.775798
0.007784 -0.022274 1.000000
0.307695 -1.324426 470.966965
0.229763 -0.884781 -114.476044
0.000466 -0.002813 1.000000
1.000000 -0.000000 -0.000000
-0.000000 1.000000 0.000000
-0.000000 -0.000000 1.000000
0.615556 -0.125678 141.158565
-0.132395 0.808242 52.900662
-0.000313 -0.000065 1.000000
0.343940 -0.519678 155.268770
-0.249696 -0.045571 365.327367
-0.000512 -0.000916 1.000000
0.127224 -0.832552 203.534026
-0.227672 -0.496239 254.419209
-0.000466 -0.001510 1.000000
-0.214005 -1.241110 311.659018
-0.096755 -1.181103 124.427061
-0.000409 -0.002574 1.000000
0.569238 -0.091908 107.198198
-0.139453 0.502210 213.395878
-0.000122 -0.000434 1.000000
0.306925 -0.273144 229.989787
-0.163129 0.213115 223.503655
-0.000362 -0.000629 1.000000
0.180346 -1.797955 285.380460
0.125173 -1.372325 -159.561556
0.000230 -0.003191 1.000000
-0.053214 -1.186272 271.509013
0.013777 -1.232705 5.323700
-0.000226 -0.002564 1.000000
0.024267 -1.676638 630.877682
0.144408 -1.523633 -131.611445
0.000125 -0.003111 1.000000
0.097369 -1.249650 594.253240
0.066874 -0.617596 -142.882477
0.000228 -0.002334 1.000000
0.347819 -1.163539 128.603429
0.058543 -0.784451 112.091721
0.000022 -0.002445 1.000000
-0.084137 -1.194419 429.157571
-0.119957 -1.251008 219.572442
-0.000279 -0.002594 1.000000
0.180160 -1.352129 352.482876
-0.017427 -1.460566 173.117502
0.000016 -0.002829 1.000000
-0.150542 -0.824056 433.483680
-0.243928 -0.750587 -44.020179
-0.000557 -0.001931 1.000000
-0.126906 -1.235570 345.281049
-0.090253 -1.369996 10.544475
-0.000289 -0.002796 1.000000
0.695236 -2.163748 661.207831
0.309133 -1.632666 -521.283476
0.001152 -0.004282 1.000000
4.069414 -7.658267 2856.458905
4.560350 -8.766919 -1577.388597
0.008613 -0.017799 1.000000
-0.044771 -0.655807 265.872717
-0.326821 -0.451113 331.800334
-0.000667 -0.001325 1.000000
0.527295 0.471843 11.914634
-0.302879 1.630704 -9.668285
-0.000737 0.001063 1.000000
-0.290788 -1.424058 618.189034
0.019374 -1.760891 112.403698
0.000043 -0.003365 1.000000
0.399256 -1.221239 472.882595
-0.021507 -1.366366 -47.303478
0.000158 -0.003235 1.000000
2.042118 -2.041599 385.867649
0.890305 -1.071222 -164.415754
0.002035 -0.003749 1.000000
-0.198652 -1.261550 511.947010
-0.209508 -1.533381 219.052083
-0.000290 -0.002849 1.000000
0.006373 -1.534932 561.429907
-0.032232 -0.964228 -84.198508
-0.000113 -0.002697 1.000000
0.468882 -1.578546 626.901625
0.287612 -1.144916 -193.587506
0.000867 -0.003592 1.000000
-0.679097 -0.435192 72.149749
-0.436427 -0.302340 -83.952234
-0.001261 -0.000836 1.000000
0.069263 -0.909072 385.477255
-0.076830 -0.706427 -31.269731
-0.000175 -0.002266 1.000000
1.211130 -2.752453 1993.903069
0.915677 -1.845064 -893.529394
0.002197 -0.005648 1.000000
-0.438631 -1.180156 820.941086
-0.139158 -0.804974 -98.261257
-0.000436 -0.002186 1.000000
-0.671819 -1.030568 1129.091417
-0.192399 -0.608293 137.649582
-0.000601 -0.002000 1.000000
-0.030382 -1.667192 650.609690
-0.054921 -1.757978 -17.805066
0.000183 -0.003638 1.000000
-0.791470 -0.802339 950.875542
-0.263032 -0.505741 78.819501
-0.000965 -0.001522 1.000000
-0.882663 -0.619709 1189.041169
-0.375645 -0.470367 238.586772
-0.001112 -0.001312 1.000000
-0.909073 -0.721560 1170.217300
-0.387433 -0.423640 262.574890
-0.001143 -0.001356 1.000000
-0.495514 -0.890253 1115.628908
-0.173404 -0.687773 101.463674
-0.000757 -0.001868 1.000000
-0.562111 -0.871809 1320.081702
-0.249544 -0.628380 214.268349
-0.000633 -0.001730 1.000000
-0.332686 -0.963047 1065.964001
-0.164987 -0.639345 -144.777923
-0.000411 -0.002128 1.000000
-0.275915 -0.736917 859.712520
-0.239894 -0.737880 138.302675
-0.000636 -0.001950 1.000000
-0.197201 -0.918729 687.576862
-0.168705 -0.723757 42.280045
-0.000344 -0.002039 1.000000
-0.094221 -1.374883 732.861485
-0.064583 -1.150047 -180.512224
-0.000190 -0.002841 1.000000
-0.221067 -0.746873 971.986641
-0.206975 -1.044019 -309.516705
-0.000548 -0.002491 1.000000
-0.562106 -0.992167 1268.310851
-0.241994 -0.852496 -4.207358
-0.000708 -0.001871 1.000000
-0.827147 -0.893859 1975.476105
-0.337374 -0.517238 446.534030
-0.001021 -0.001358 1.000000
-27.779572 43.513306 -23680.088915
-20.357683 26.975857 22224.480387
-0.059284 0.091548 1.000000
0.375500 -1.705628 1219.012319
0.164658 -1.487268 -587.074958
0.000191 -0.003633 1.000000
0.397362 -1.464846 881.786765
0.141471 -1.439999 -164.890801
0.000153 -0.003234 1.000000
-0.598039 -0.139371 159.917997
-0.514408 -0.259737 -588.713579
-0.001346 -0.000696 1.000000
-0.312069 -0.656250 772.657542
-0.104763 -0.553913 -273.524409
-0.000794 -0.001598 1.000000
-0.480198 -0.876928 1373.775628
-0.217259 -0.693448 -238.076967
-0.000653 -0.001807 1.000000
0.085815 -1.250852 20.825350
0.024519 -0.992658 -168.886535
0.000105 -0.002883 1.000000
1.608179 -2.928468 2059.686957
1.344801 -3.675587 -1779.741253
0.003225 -0.007737 1.000000
-0.217632 -1.319931 1625.501697
-0.014468 -0.831427 -78.422258
-0.000218 -0.002381 1.000000
0.359016 -1.379070 388.798613
0.089030 -1.347395 -233.703844
0.000298 -0.003279 1.000000
0.018569 -1.981001 -506.241083
0.157669 -1.584280 -348.359372
0.000041 -0.003535 1.000000
-0.953504 0.621245 -201.889499
-1.123041 0.622833 1943.032137
-0.002770 0.001823 1.000000
0.609811 -1.745669 944.137936
0.350101 -1.036534 -1085.013042
0.000737 -0.003373 1.000000
-1.646025 1.313565 -1786.679098
-1.118417 0.762521 2389.588059
-0.003462 0.002403 1.000000
0.301979 -2.012950 760.939024
0.079300 -1.727759 -330.534977
0.000478 -0.003752 1.000000
-0.513306 -0.896422 -116.851785
-0.400113 -0.791142 165.703508
-0.000838 -0.001576 1.000000
0.088271 -1.589377 -287.712072
0.182915 -1.238053 -401.817077
0.000151 -0.003464 1.000000
0.720544 -1.448679 660.068949
0.256733 -0.811464 -9.623479
0.000659 -0.002679 1.000000
-0.305773 -1.143338 1237.672009
0.071148 -1.273057 22.114746
0.000108 -0.003065 1.000000
0.493723 -1.470384 924.260465
0.449181 -1.325616 93.874557
0.000982 -0.003237 1.000000
0.897711 -2.975386 -244.650143
0.868793 -2.370417 -1217.307032
0.002782 -0.006576 1.000000
0.182605 -2.106061 1333.029245
0.326925 -1.279544 -631.055959
0.000528 -0.003652 1.000000
-2.137148 3.379894 -1816.134830
-1.659440 1.721507 3971.439422
-0.004803 0.005020 1.000000
-0.181836 -1.099966 54.018335
0.050721 -0.964433 -368.632546
-0.000167 -0.002403 1.000000
-1.191045 0.682475 -203.233814
-1.080375 0.471046 1262.700379
-0.002645 0.001195 1.000000
-0.112306 -1.589064 799.007018
0.040309 -0.880470 -137.928261
-0.000061 -0.002493 1.000000
0.173309 -2.760364 1350.926436
0.154941 -1.876020 -770.585345
0.000664 -0.004468 1.000000
-0.543025 -0.567980 977.614622
-0.315286 -0.478154 755.226093
-0.001108 -0.001193 1.000000
-0.321002 -0.903021 1095.564990
-0.249303 -0.698852 -73.013954
-0.000542 -0.002095 1.000000
0.272483 -1.975535 510.388857
0.152068 -1.164630 -559.086301
0.000769 -0.004255 1.000000
-0.023466 -2.122731 3816.157384
-0.035542 -1.708031 2601.357500
0.000273 -0.003900 1.000000
-0.412923 -1.304703 -1270.179071
-0.228381 -1.068013 845.157118
-0.000725 -0.002143 1.000000
0.185235 -1.725736 164.409875
0.236447 -1.360884 -896.791860
0.000620 -0.003631 1.000000
-3.533383 3.850442 1690.396924
-1.708158 2.370859 1981.156983
-0.005249 0.006288 1.000000
-0.323145 -1.734335 -560.083742
-0.128796 -1.127180 56.955703
-0.000270 -0.002646 1.000000
0.751055 -2.520427 -196.607885
0.433483 -2.104890 -952.642166
0.001576 -0.004926 1.000000
-7.034427 9.487620 -1012.230191
-4.137787 3.888308 5606.015060
-0.011598 0.013807 1.000000
-0.119387 -0.725650 524.299888
-0.048620 -0.464623 -173.210930
-0.000342 -0.001908 1.000000
0.147896 -1.449132 -133.245074
-0.008869 -0.800688 -153.045113
0.000288 -0.003233 1.000000
-0.678388 -0.612166 -338.489429
-0.369128 -0.434330 1284.658764
-0.001113 -0.001152 1.000000
-0.282876 -1.340567 243.319163
-0.077980 -0.781278 16.384428
-0.000403 -0.002409 1.000000
1.540737 -3.704964 -1496.582775
2.014133 -3.736802 -4001.866976
0.004651 -0.008791 1.000000
-1.060138 -0.126469 -1285.369663
-0.623741 -0.001960 -235.154210
-0.001761 -0.000274 1.000000
0.238997 -1.642724 1066.784203
0.124790 -1.173202 -145.477099
0.000407 -0.002847 1.000000
0.006315 -1.978123 903.189680
0.005283 -1.158374 -240.972653
0.000204 -0.002936 1.000000
-0.337805 -1.081894 713.409953
-0.249194 -1.045670 -219.712346
-0.000716 -0.002107 1.000000
0.182967 -1.227007 728.103107
-0.089414 -1.628178 -99.352049
-0.000144 -0.002940 1.000000
-6.100673 10.909543 -10.756383
-4.087283 7.828143 13016.826097
-0.010217 0.016488 1.000000
0.110795 -2.279704 413.425793
0.005529 -1.311982 -313.877572
0.000425 -0.003406 1.000000
-0.077554 -1.014063 371.958125
-0.135665 -0.870923 176.590791
-0.000349 -0.001990 1.000000
-0.192490 -1.126306 408.267813
-0.200543 -0.902626 156.624535
-0.000489 -0.002040 1.000000
-0.752049 -0.500057 -642.599991
-0.554439 -0.442823 253.451528
-0.001269 -0.001040 1.000000
-0.067895 -1.200200 485.651019
-0.100352 -0.983757 -174.293133
-0.000218 -0.002343 1.000000
-0.023974 -2.079739 -283.884297
-0.134827 -1.271442 76.637156
-0.000201 -0.003091 1.000000
-8.378354 16.214196 4276.866001
-7.307327 11.016568 10531.946167
-0.017261 0.028636 1.000000
0.466413 -2.208199 145.068629
0.400714 -1.932410 -1078.865668
0.000981 -0.004479 1.000000
1.961741 -4.729308 -254.306615
0.537674 -2.226175 -1703.238010
0.002108 -0.006896 1.000000
-0.395304 -1.066229 1181.416646
-0.243562 -0.771765 165.535968
-0.000512 -0.002020 1.000000
0.196941 -1.769372 1230.032632
0.094611 -1.005601 -278.516955
0.000305 -0.003095 1.000000
-0.089247 -0.968233 -88.387496
0.016141 -0.758556 -908.880567
-0.000156 -0.002237 1.000000
0.051820 -1.569848 -171.957066
0.100631 -1.379096 -704.082345
0.000111 -0.002664 1.000000
-0.027937 -1.613487 38.745791
-0.056762 -1.146673 -54.099702
-0.000099 -0.002690 1.000000
0.366127 -2.523378 533.728770
0.283748 -1.376073 -1049.605215
0.000449 -0.003694 1.000000
-0.434968 -1.188936 321.758095
-0.219665 -0.733308 6.587328
-0.000662 -0.001775 1.000000
1.077333 -3.460868 -624.106165
0.868771 -2.480493 -1228.212199
0.001878 -0.005751 1.000000
-0.100954 -1.824332 99.178957
-0.092563 -1.320093 -230.945353
-0.000334 -0.002470 1.000000
-0.401069 -0.695484 727.008662
-0.311802 -0.593118 1319.439735
-0.000990 -0.001336 1.000000
0.208010 -1.648286 190.465576
0.072549 -1.083698 -705.563218
0.000012 -0.002903 1.000000
1.115522 -3.044247 1137.943003
0.817023 -2.421906 -1830.764762
0.001580 -0.005695 1.000000
0.307970 -2.185487 332.768340
0.381900 -1.716602 -572.971478
0.000779 -0.003985 1.000000
-0.066698 -1.541710 375.681238
-0.170794 -0.965625 -200.572714
-0.000193 -0.002499 1.000000
1.098506 -2.117213 1250.600876
0.864191 -2.538887 -726.906542
0.001623 -0.005298 1.000000
1.850663 -4.331833 2307.573471
1.720024 -2.514189 -2501.390057
0.003960 -0.007748 1.000000
2.846102 -6.178254 575.310565
2.166806 -7.191657 -1814.140793
0.005206 -0.013859 1.000000
0.915737 -2.770343 1419.951987
0.516212 -2.513308 -842.354050
0.001592 -0.005159 1.000000
0.266533 -1.306360 868.165495
0.177269 -1.147214 -641.054846
0.000157 -0.003065 1.000000
-0.091040 -1.603991 -856.550011
-0.149788 -1.493430 -47.654751
-0.000219 -0.002788 1.000000
-2.815517 3.526864 -2848.504765
-2.555271 3.066479 2500.228974
-0.005359 0.006316 1.000000
0.281558 -1.978743 -2280.163740
-0.120626 -1.600528 945.457196
0.000084 -0.003246 1.000000
0.878068 -2.232168 -255.032110
0.174207 -2.134529 -700.962643
0.001153 -0.004785 1.000000
1.617306 -3.522129 -538.723513
0.604500 -2.874104 -915.337711
0.002035 -0.006163 1.000000
-0.271009 -1.124885 828.606126
-0.081121 -0.890526 -194.731312
-0.000501 -0.001948 1.000000
3.821083 -6.531945 2006.958572
2.552017 -4.293187 -3866.074403
0.006601 -0.013217 1.000000
-2.993589 3.510092 1424.084761
-1.526056 2.000591 3492.973544
-0.004982 0.006029 1.000000
14.960498 -21.783290 4384.919286
3.845927 -9.847697 -7537.148922
0.015881 -0.033752 1.000000
-0.447950 -0.557926 -733.365142
-0.263225 -0.357346 445.762432
-0.000891 -0.001225 1.000000
0.142231 -1.323513 9.897073
0.012141 -0.868407 -407.113743
0.000049 -0.002649 1.000000
-0.291058 -0.715564 -118.735318
-0.137089 -0.541141 965.047260
-0.000766 -0.001735 1.000000
0.257211 -1.512363 1683.696253
-0.066207 -0.919392 41.216180
-0.000144 -0.002550 1.000000
-111.342673 152.972352 -23745.048287
-105.319293 157.940418 291809.667872
-0.217683 0.327387 1.000000
-0.539995 -0.501731 929.248355
-0.408156 -0.498806 -135.974381
-0.001032 -0.001063 1.000000
0.815506 -2.743704 -79.225541
0.724262 -2.908222 -2132.597459
0.001926 -0.006779 1.000000
-0.384480 -1.466428 -13.751930
-0.120994 -1.299708 33.176533
-0.000595 -0.002462 1.000000
0.555782 -2.528057 930.640800
0.740524 -2.680448 -1695.529244
0.001987 -0.005944 1.000000
5.643656 -14.507745 -11432.909843
3.768759 -10.439683 -5681.319811
0.008217 -0.023557 1.000000
-0.188079 -1.150034 44.175844
-0.165982 -0.974583 -614.737773
-0.000371 -0.002606 1.000000
-0.058968 -1.158094 -667.399347
0.114188 -1.191222 231.267116
0.000058 -0.002734 1.000000
-0.664602 -0.754046 -1690.567590
-0.434599 -0.496092 86.407838
-0.001218 -0.001045 1.000000
0.388748 -2.263807 291.951068
0.378005 -1.778342 -570.393211
0.001145 -0.004376 1.000000
0.009902 -1.872751 1823.701709
0.038538 -0.773744 -236.258564
0.000138 -0.002858 1.000000
-0.896211 0.443301 -310.572411
-0.780729 0.449128 1361.346257
-0.002318 0.000826 1.000000
0.818915 -2.376046 2474.971307
0.347548 -1.248919 2088.532881
0.001310 -0.004581 1.000000
-0.840818 0.130947 -883.763237
-0.553718 -0.063017 1056.100005
-0.002017 0.000159 1.000000
-0.169998 -1.068991 780.554862
-0.348374 -1.161871 78.676878
-0.000368 -0.002290 1.000000
1.365260 -2.916762 1028.954220
0.640854 -2.474977 -954.376808
0.001907 -0.005973 1.000000
0.256067 -1.738296 186.658167
0.060919 -0.712846 -1168.134518
0.000400 -0.003380 1.000000
0.419257 -2.425416 330.427648
-0.027445 -1.630305 -504.581286
0.000419 -0.004359 1.000000
1.989286 -6.274025 -1590.503764
1.235034 -4.906909 -1395.181721
0.004298 -0.011699 1.000000
0.716172 -1.599971 60.161277
0.539218 -2.131818 -373.501562
0.000952 -0.004636 1.000000
-0.012353 -0.861198 258.992383
-0.023019 -1.063729 32.169589
-0.000055 -0.002513 1.000000
5.191577 -8.142452 2006.382192
4.309371 -8.010962 -3532.206699
0.009830 -0.017082 1.000000
-0.283934 -1.167880 770.085217
-0.254239 -1.127098 -234.206703
-0.000406 -0.002523 1.000000
3.187413 -5.299187 -1357.989998
2.097899 -3.091678 -2290.276648
0.005643 -0.010105 1.000000
0.100594 -1.893177 -287.571054
0.146639 -1.339241 -254.409720
0.000266 -0.003721 1.000000
-0.026191 -1.141868 493.057008
-0.060976 -1.179994 -221.202222
-0.000141 -0.002464 1.000000
0.200464 -1.497716 349.548373
0.128043 -1.303505 -202.324482
0.000152 -0.002874 1.000000
-0.028908 -1.216727 388.035797
0.071866 -0.939038 -345.640806
-0.000026 -0.002577 1.000000
-0.256124 -0.733306 477.683410
-0.220416 -0.770943 -392.604633
-0.000524 -0.001791 1.000000
-0.530835 -0.369161 1168.459328
-0.498084 -0.271759 43.944913
-0.001377 -0.000530 1.000000
0.337127 -1.773479 -89.949072
0.519969 -1.955360 -123.969710
0.001402 -0.004350 1.000000
0.415793 -2.349194 235.188254
0.678678 -2.379966 -337.158265
0.000981 -0.004579 1.000000
0.453759 -2.392738 -2648.714035
0.134707 -1.871519 -3129.490398
0.001143 -0.005014 1.000000
-0.658767 -0.043098 1152.537525
-0.431978 -0.166347 1633.532339
-0.001652 -0.000457 1.000000
-0.455331 -0.571432 -894.329296
-0.328512 -0.524493 608.679405
-0.001031 -0.001344 1.000000
1.663947 -4.590183 -3283.700751
1.158599 -4.491557 -950.673290
0.003309 -0.008684 1.000000
2.174603 -3.309812 -1030.539715
1.859996 -3.874324 -733.936544
0.004379 -0.008424 1.000000
3.152478 -5.299158 2328.800108
2.113867 -4.146395 -1896.632034
0.006502 -0.010028 1.000000
16.071439 -29.869395 14695.971615
9.291003 -20.148378 -8850.415561
0.028787 -0.048484 1.000000
0.136983 -1.078954 489.167473
-0.169159 -0.860476 -301.074153
-0.000424 -0.002307 1.000000
-0.319645 -0.943341 -2013.271769
-0.151969 -0.816138 150.267738
-0.000608 -0.001911 1.000000
51.193933 -75.301272 -83941.224388
29.528085 -64.707485 -30181.100222
0.102744 -0.170988 1.000000
0.160813 -1.932405 693.067591
0.235477 -1.903808 -317.615181
0.000548 -0.003972 1.000000
1.705982 -3.938185 1453.372000
1.115954 -3.047846 -1757.464052
0.003220 -0.007173 1.000000
-0.524661 -0.684149 -53.648567
-0.278467 -0.470027 780.099552
-0.001022 -0.001322 1.000000
-1.467344 0.723031 857.036259
-0.935525 0.488157 2463.805340
-0.002668 0.001469 1.000000
1.766058 -4.595907 -2089.800322
1.614863 -3.181562 -812.925080
0.003945 -0.008993 1.000000
-3.196602 5.741289 4787.016520
-3.404631 4.370268 1792.434440
-0.009884 0.013173 1.000000
-1.106298 0.637050 1549.179712
-0.733146 0.230056 1104.679263
-0.002269 0.000737 1.000000
-2.651357 3.065065 4250.351890
-2.033602 1.741570 1785.148197
-0.004724 0.005656 1.000000
-0.743002 0.138792 -287.289518
-0.828016 0.379623 1915.728250
-0.002014 0.000472 1.000000
-2.570799 2.857951 -2124.635097
-3.049557 3.667334 3280.147380
-0.006880 0.006917 1.000000
-0.766219 -0.060816 -621.055311
-0.586325 -0.131346 859.370556
-0.001520 -0.000349 1.000000
-0.203505 -1.075471 -1019.971157
-0.070490 -1.021218 375.960917
-0.000213 -0.002296 1.000000
0.498528 -2.487270 -294.030612
0.209467 -1.544949 -791.284093
0.000881 -0.004014 1.000000
0.871010 -2.897660 -2652.454024
0.624469 -2.869045 -188.944642
0.001545 -0.005535 1.000000
0.333718 -2.056454 585.486724
0.364129 -2.071900 -1021.354239
0.000687 -0.004356 1.000000
2.837171 -7.875732 3002.820673
1.476877 -5.183790 -1662.708812
0.004342 -0.013190 1.000000
0.995220 -3.954357 5558.945317
0.728810 -3.061057 706.030416
0.001653 -0.006199 1.000000
-0.227279 -1.510994 1183.336981
-0.056785 -0.782425 -68.407080
-0.000216 -0.002490 1.000000
0.361816 -2.250305 1143.566324
0.145932 -1.279007 -81.268521
0.000526 -0.003580 1.000000
-0.729811 -0.166032 -1918.820493
-0.622731 -0.087524 301.418528
-0.001616 -0.000256 1.000000
0.388525 -2.360271 988.128714
-0.079280 -1.650577 -120.845747
0.000272 -0.003749 1.000000
0.509152 -2.591160 1409.445739
0.215546 -2.110099 -137.606794
0.000690 -0.004381 1.000000
1.630612 -4.279787 2913.549922
0.897518 -3.263836 -728.406324
0.003379 -0.007621 1.000000
-0.620311 -0.406039 -2549.847360
-0.424861 -0.327163 2059.018685
-0.001244 -0.000725 1.000000
0.270021 -2.205295 1035.514928
0.038200 -1.642851 -458.921466
0.000225 -0.003419 1.000000
0.129489 -1.933127 629.295954
0.000227 -1.374526 -400.523913
0.000443 -0.003420 1.000000
-0.817012 -0.530067 1327.829931
-0.345378 -0.303847 253.758116
-0.001053 -0.000741 1.000000
-0.780824 -0.829523 586.844630
-0.332052 -0.710308 -165.410994
-0.001170 -0.001351 1.000000
0.756857 -2.839069 1029.424356
0.118563 -1.936656 -645.223048
0.001221 -0.004753 1.000000
-1.485743 0.824035 -907.500443
-0.614377 0.193221 1203.595865
-0.002276 0.001059 1.000000
-0.663298 -0.441257 329.683766
-0.131459 -0.305078 -413.298752
-0.000991 -0.001066 1.000000
-0.746499 0.013035 -1054.124527
-0.619130 0.183786 701.518904
-0.001828 0.000379 1.000000
-0.541510 -0.607351 -447.327534
-0.465573 -0.722213 -147.910115
-0.001024 -0.001376 1.000000
-0.330290 -1.022466 1172.984774
-0.259569 -0.553625 448.690792
-0.000624 -0.001634 1.000000
0.152709 -1.517253 2071.292948
0.040646 -1.291672 1168.987400
-0.000048 -0.002856 1.000000
-28.238679 38.164983 -9495.039874
-8.878025 15.600740 15669.471180
-0.040115 0.056081 1.000000
1.667056 -4.058436 -433.567282
0.745284 -2.014200 -1966.143136
0.002673 -0.007075 1.000000
0.261264 -1.870692 341.446859
0.167393 -0.863667 -638.847787
0.000812 -0.003473 1.000000
1.452790 -3.528965 2082.695565
0.496165 -2.004262 -533.849683
0.002279 -0.005997 1.000000
0.152504 -1.826078 1660.917599
0.311787 -1.390782 -269.478028
0.000643 -0.004011 1.000000
-0.336678 -1.131806 51.022715
-0.068638 -0.806152 -224.391447
-0.000260 -0.002343 1.000000
17.516953 -24.557178 995.259380
10.351167 -25.837462 -11634.081377
0.029875 -0.058977 1.000000
0.404469 -3.173167 737.835591
0.629274 -2.734006 -1967.548435
0.002139 -0.007228 1.000000
-0.115821 -2.027282 726.895925
-0.161876 -1.233208 -411.745292
-0.000166 -0.003015 1.000000
-0.000769 -1.509936 810.240830
0.031958 -0.940801 -241.200089
0.000022 -0.002721 1.000000
0.075090 -1.870312 738.052475
0.150795 -1.526630 -592.520247
0.000289 -0.003525 1.000000
13.467836 -22.579377 9948.239883
8.707048 -17.629899 -9802.045986
0.021727 -0.040048 1.000000
23.562747 -42.429963 10233.856622
11.070750 -22.889546 -21055.111249
0.036851 -0.060103 1.000000
0.525891 -2.250710 1530.270798
0.088211 -1.572860 -40.858513
0.000835 -0.003804 1.000000
-0.271419 -1.152227 1017.857907
-0.060361 -1.164252 -274.753109
-0.000400 -0.002264 1.000000
-0.837594 -0.356041 -1275.783796
-0.501814 -0.222812 1518.577661
-0.001389 -0.000593 1.000000
-0.089031 -1.270482 343.542189
-0.087508 -0.917622 -110.712219
-0.000125 -0.002233 1.000000
-4.366661 4.933218 4904.330077
-2.264464 4.439036 1753.101916
-0.006701 0.008293 1.000000
-0.167262 -1.902787 1168.825206
-0.032295 -1.157503 -417.621979
0.000009 -0.002898 1.000000
-0.169441 -1.203511 1459.746260
-0.111643 -0.497706 109.717106
-0.000311 -0.001960 1.000000
-0.346527 -1.131089 1034.951760
-0.111317 -0.502942 -399.911443
-0.000521 -0.001740 1.000000
0.603262 -2.575823 783.098210
0.617123 -2.443575 -587.442207
0.001045 -0.004788 1.000000
0.306011 -1.750899 643.869657
0.042889 -1.265316 -201.562310
0.000429 -0.003071 1.000000
0.184264 -1.672379 280.519171
0.133597 -1.339319 -77.956068
0.000525 -0.003348 1.000000
0.016734 -1.196759 294.988651
0.037578 -1.047492 55.093158
0.000126 -0.002454 1.000000
0.177705 -1.370870 83.375723
0.200594 -1.830485 -161.660010
0.000673 -0.003954 1.000000
0.194497 -2.208921 301.117940
0.594219 -2.443940 -314.803810
0.001324 -0.005026 1.000000
0.006687 -1.056806 -111.186020
-0.036583 -1.215864 -398.516297
0.000145 -0.003262 1.000000
0.073011 -0.896074 58.429253
0.034896 -1.080248 -148.905355
0.000071 -0.002752 1.000000
0.655429 -1.826974 -6.414345
1.020119 -2.736924 -576.416316
0.002102 -0.005531 1.000000
0.256083 -1.870558 490.785388
0.131340 -1.762081 -1044.505348
0.000801 -0.004667 1.000000
-0.049835 -1.121801 588.880486
-0.064108 -1.248571 -187.511742
-0.000321 -0.002444 1.000000
0.853976 -2.778495 1865.907422
1.631472 -3.325570 -1559.404840
0.002613 -0.006407 1.000000
0.066320 -1.341161 242.921393
-0.050215 -1.544950 144.692951
-0.000162 -0.002744 1.000000
-0.759778 -0.995824 406.065000
-0.373120 -0.842827 -61.516026
-0.000802 -0.001812 1.000000
0.917193 -3.533993 259.323589
0.783312 -3.558739 -1459.534974
0.001536 -0.006717 1.000000
0.580410 -2.207605 2361.196743
0.237847 -0.951624 -403.853639
0.000850 -0.003554 1.000000
0.565133 -2.680265 1858.595601
0.152026 -1.233865 -845.128210
0.000716 -0.004502 1.000000
0.147357 -2.100587 -116.624175
0.445596 -1.309837 -610.129166
0.000945 -0.003641 1.000000
-0.477202 -0.828789 1138.132277
-0.290013 -0.675751 421.656493
-0.000885 -0.001577 1.000000
15.380400 -16.293748 -2182.318586
9.591092 -15.341150 -13675.258944
0.028825 -0.047590 1.000000
-0.073858 -1.816848 851.271969
0.165612 -1.178792 -184.537505
0.000215 -0.002938 1.000000
-0.417295 -1.116872 636.145683
-0.272557 -1.160073 40.924017
-0.000510 -0.002112 1.000000
0.512911 -1.592378 518.578110
0.300835 -2.204424 -333.528722
0.000665 -0.004631 1.000000
0.212787 -1.363616 321.078884
0.201226 -1.712615 -208.844861
0.000157 -0.003211 1.000000
-1.796503 1.692075 2225.684366
-1.655400 1.027129 1430.632048
-0.003128 0.001950 1.000000
0.373752 -2.302565 439.411460
0.351582 -2.273414 -690.009018
0.000196 -0.004359 1.000000
-5.898699 7.751588 6441.963465
-3.209720 3.846631 7401.598300
-0.011000 0.012008 1.000000
-13.744889 19.973570 5149.276166
-6.631115 14.084732 10740.935366
-0.019598 0.031421 1.000000
0.618987 -2.543311 -1109.368057
0.494749 -1.454206 -803.741397
0.001147 -0.004639 1.000000
2.535118 -4.597141 -2123.072090
1.588754 -1.933676 -2957.152271
0.003987 -0.007724 1.000000
0.622987 -2.388285 -4376.760899
0.873252 -2.704932 -552.789387
0.001712 -0.005889 1.000000
-0.059451 -1.232623 356.584738
-0.114561 -0.905170 109.402575
-0.000120 -0.002491 1.000000
0.203893 -1.477784 707.157967
-0.030152 -0.867434 -22.356423
0.000201 -0.002534 1.000000
0.039122 -1.433274 264.689607
0.051965 -1.179488 46.786248
-0.000022 -0.002749 1.000000
0.988597 -3.025217 -481.884726
0.470282 -3.510004 -700.605583
0.001684 -0.006715 1.000000
-3.532901 3.797496 1997.937603
-2.022586 2.661301 3241.204906
-0.005397 0.005985 1.000000
0.033508 -1.172852 500.526705
-0.074309 -0.553361 -35.131241
-0.000225 -0.001973 1.000000
1.139880 -2.947196 951.078289
0.696897 -2.077357 -724.237617
0.001723 -0.005201 1.000000
0.359168 -1.837995 1012.766421
0.282980 -1.071218 -257.263852
0.000772 -0.003489 1.000000
-0.154421 -1.672207 800.478365
0.046762 -1.327821 -99.360630
-0.000000 -0.002866 1.000000
0.592069 -2.227937 1497.243871
0.297764 -2.424513 -1235.182547
0.000587 -0.004593 1.000000
-0.340462 -1.069955 1936.374591
-0.062541 -0.916345 19.650986
-0.000339 -0.002069 1.000000
