0.129086 -1.620885 518.355662
0.018934 -0.545586 -120.906357
-0.000011 -0.002491 1.000000
0.056682 -0.591683 129.321949
-0.059111 -0.534103 9.499648
-0.000199 -0.002264 1.000000
0.254273 -1.007383 28.108795
0.140871 -0.604240 -91.642667
0.000162 -0.002701 1.000000
0.081844 -0.800971 93.987621
-0.027818 -0.531425 43.973613
-0.000069 -0.002301 1.000000
-0.128813 -0.545140 106.555420
-0.090402 -0.544488 130.038814
-0.000064 -0.002112 1.000000
-0.109532 -0.710586 91.574326
-0.019057 -0.414664 -41.947811
-0.000496 -0.001913 1.000000
-0.083468 -0.561539 83.226894
-0.021336 -0.318292 7.922509
-0.000444 -0.001773 1.000000
-0.152562 -0.739822 120.553755
-0.109828 -0.563132 5.077345
-0.000458 -0.002139 1.000000
-0.132606 -0.879801 -91.400002
-0.057225 -0.500144 108.814858
-0.000449 -0.002202 1.000000
0.036343 -1.781501 935.199945
-0.180950 -0.566220 -59.243778
-0.000117 -0.002337 1.000000
-0.190425 -0.935354 534.429203
-0.154925 -0.511634 -52.693113
-0.000438 -0.001921 1.000000
-0.025479 -0.829644 31.622581
-0.075042 -0.679383 64.665930
-0.000290 -0.002323 1.000000
-0.139360 -1.438999 558.478691
-0.221712 -1.004226 -158.177648
-0.000398 -0.002651 1.000000
0.289890 -1.426460 411.466721
0.125619 -0.732616 -215.400828
0.000188 -0.002727 1.000000
0.078612 -1.184920 339.276089
-0.047660 -0.899227 -50.445982
-0.000087 -0.002480 1.000000
0.188814 -1.176829 151.680224
-0.027139 -1.042991 -1.483163
0.000064 -0.002786 1.000000
-0.118159 -1.200430 170.532568
-0.124224 -0.740008 77.688173
-0.000307 -0.002414 1.000000
-0.024919 -0.878531 176.778382
0.021350 -0.618203 -5.384829
-0.000375 -0.002123 1.000000
0.350897 -1.598509 91.535504
0.211159 -1.130948 -98.835723
0.000452 -0.003113 1.000000
-0.189431 -1.020626 187.190250
-0.110019 -0.545344 -1.017021
-0.000346 -0.001964 1.000000
0.331313 -1.284100 144.486043
0.001131 -0.656623 -109.894159
0.000465 -0.002935 1.000000
-0.440643 -1.223342 328.733558
-0.235163 -0.971620 97.520347
-0.000670 -0.001893 1.000000
-0.340141 -0.721154 -174.639971
-0.386894 -0.890559 589.822718
-0.000729 -0.001574 1.000000
-0.201201 -1.075097 404.553715
-0.227885 -0.567973 -115.420259
-0.000451 -0.002201 1.000000
0.168049 -1.188886 243.416140
-0.043285 -1.004874 -59.753619
-0.000238 -0.002647 1.000000
0.253146 -1.448019 274.589991
0.200807 -1.090173 -124.882779
0.000198 -0.003043 1.000000
0.027128 -0.920747 83.995214
0.003514 -0.875891 73.865362
0.000027 -0.002659 1.000000
-0.025244 -0.425403 -2.336675
-0.009492 -0.462010 93.002814
-0.000297 -0.001846 1.000000
0.015048 -0.354046 26.671096
-0.034548 -0.163607 21.019881
-0.000230 -0.001738 1.000000
0.044211 -0.764861 86.666660
-0.050353 -0.477612 -2.467992
-0.000205 -0.002166 1.000000
-0.034146 -1.258282 417.349972
-0.132930 -0.707022 -87.193393
-0.000336 -0.002449 1.000000
-0.156138 -0.863276 316.267856
0.028457 -0.341066 -130.930208
-0.000245 -0.001952 1.000000
0.143288 -1.167185 116.713710
0.149380 -0.762623 -228.558020
0.000129 -0.002758 1.000000
-0.051034 -0.782806 378.603607
-0.032769 -0.577053 -39.079074
-0.000289 -0.002120 1.000000
-0.109779 -0.953418 67.259480
-0.104990 -0.756244 47.422554
-0.000200 -0.002441 1.000000
0.328897 -2.006023 349.283571
0.711845 -1.204298 -489.100127
0.001552 -0.004647 1.000000
-0.010470 -1.201263 448.725847
0.080028 -0.732253 -68.373879
-0.000099 -0.002620 1.000000
0.185352 -1.191284 118.150410
0.237735 -1.113024 -19.920167
0.000337 -0.002957 1.000000
0.136646 -0.813598 65.813862
0.149417 -0.606332 -87.637591
0.000160 -0.002489 1.000000
0.155211 -0.822665 17.872282
0.098577 -0.692480 -118.758377
0.000083 -0.002739 1.000000
0.074653 -0.654288 174.293187
-0.022200 -0.647151 -31.319707
-0.000293 -0.002282 1.000000
-0.049285 -0.848796 279.638207
0.125587 -0.586772 -119.292480
-0.000241 -0.002263 1.000000
0.228609 -1.044532 262.175782
0.011244 -0.388343 -49.102001
0.000289 -0.002558 1.000000
0.079921 -0.677107 148.595760
0.023594 -0.402008 -14.413383
0.000065 -0.002152 1.000000
-0.007448 -0.603843 141.720191
0.035705 -0.608555 39.298628
-0.000242 -0.002092 1.000000
0.073384 -0.607544 234.885967
-0.074849 -0.172633 54.449715
-0.000281 -0.001667 1.000000
0.003768 -1.083887 420.263410
0.068529 -0.698670 -14.273248
0.000028 -0.002375 1.000000
0.039873 -0.879164 226.628053
-0.057536 -0.800751 92.599966
-0.000403 -0.002083 1.000000
0.190320 -0.840182 282.910048
-0.052205 -0.474861 99.833408
-0.000135 -0.001846 1.000000
0.001530 -1.151245 309.348033
-0.016117 -1.056318 120.834845
-0.000093 -0.002559 1.000000
0.106561 -0.867171 217.214232
-0.106532 -0.431882 48.724504
-0.000312 -0.001973 1.000000
0.189574 -0.887854 159.505027
-0.035613 -0.738779 66.373752
-0.000121 -0.002281 1.000000
-0.142896 -1.034559 250.304486
-0.021190 -0.755811 -28.542121
-0.000429 -0.002190 1.000000
1.487068 -0.901282 114.907948
0.217893 0.947067 -209.004411
0.000949 -0.001600 1.000000
0.845970 -0.316514 50.781787
0.069018 0.560537 -30.393667
0.000165 -0.000846 1.000000
3.120426 0.605706 -621.746418
0.847491 2.589169 -578.000027
0.001798 0.000314 1.000000
-4.649180 -6.766953 3060.816299
1.716101 -11.833298 1890.222399
0.001680 -0.014466 1.000000
2.564347 -0.047440 -541.041390
0.386719 2.822827 -848.462443
0.000944 0.000406 1.000000
0.717618 -0.493950 110.074819
-0.037122 0.599256 -17.453272
-0.000045 -0.000938 1.000000
0.886663 -0.157222 -60.746631
-0.062018 0.887726 -16.804995
-0.000121 -0.000571 1.000000
0.792315 0.780580 -378.118779
-0.293168 1.286093 -201.638650
-0.000990 0.000611 1.000000
0.638564 -0.347990 86.222166
-0.097321 0.688083 9.885382
-0.000288 -0.000612 1.000000
0.344297 -0.017127 38.685261
-0.168089 0.476529 -23.922255
-0.000633 -0.000460 1.000000
1.244860 -0.155567 -39.115159
0.019715 1.244697 -94.266198
0.000322 -0.000259 1.000000
2.054122 0.407657 -371.027846
-0.044129 1.929213 -390.565529
0.000501 0.000768 1.000000
1.105279 0.064219 -74.202249
-0.023652 1.326868 -105.965576
-0.000051 0.000419 1.000000
1.000000 0.000000 -0.000000
-0.000000 1.000000 0.000000
-0.000000 0.000000 1.000000
1.065444 -0.726461 178.404452
0.121370 0.911238 -221.480271
0.000560 -0.001312 1.000000
0.051507 0.161809 -74.508358
-0.280773 0.824636 -82.014271
-0.001279 0.000262 1.000000
0.188999 -0.885469 313.512820
-0.106934 -0.217243 114.078271
-0.000143 -0.001772 1.000000
0.984014 0.020525 42.433164
-0.055916 1.699235 -195.688356
-0.000132 0.000582 1.000000
0.417050 -0.213193 171.667097
-0.117087 0.575991 83.893942
-0.000349 -0.000406 1.000000
0.024873 -0.255002 56.366028
-0.149711 -0.176479 82.536519
-0.000451 -0.001320 1.000000
-14.977957 23.232662 9826.452010
-12.386732 14.826564 5183.489453
-0.029447 0.039789 1.000000
0.046616 -1.276463 344.953799
-0.007586 -1.044730 87.135180
-0.000071 -0.002631 1.000000
0.000424 -1.031569 287.355433
-0.025252 -0.750085 38.652859
-0.000341 -0.002197 1.000000
-0.028667 -0.359380 149.044289
-0.005049 -0.408147 43.376645
-0.000254 -0.001687 1.000000
0.036472 -0.491535 158.392282
0.094311 -0.564734 -3.910656
-0.000093 -0.002007 1.000000
0.008093 -0.849384 238.132220
-0.023645 -0.464074 -47.396760
-0.000149 -0.002126 1.000000
-0.019586 -0.753848 298.484404
-0.038824 -0.529460 31.620456
-0.000278 -0.001833 1.000000
0.275541 -0.740584 323.002673
0.120212 -0.281951 3.707884
0.000132 -0.001819 1.000000
-0.057996 -0.902824 445.490279
0.040420 -0.437097 -47.894686
-0.000261 -0.001897 1.000000
-0.054818 -0.727361 260.569665
0.000278 -0.675564 1.641363
-0.000343 -0.002019 1.000000
-0.034362 -1.095192 547.859905
-0.017589 -0.472819 -227.796239
-0.000057 -0.002313 1.000000
-0.110750 -0.411816 162.062577
-0.038584 -0.247220 35.952044
-0.000307 -0.001719 1.000000
0.047135 -0.413621 103.369983
0.050873 -0.189962 -4.411412
0.000089 -0.001958 1.000000
0.543863 -2.427981 498.505864
0.182169 -1.539481 -250.650730
0.001027 -0.004468 1.000000
0.076913 -1.183693 319.196536
0.037615 -0.724408 -58.272489
0.000052 -0.002636 1.000000
-0.224193 -0.370055 182.055296
-0.069406 -0.168650 45.649977
-0.000600 -0.001505 1.000000
0.006163 -0.755628 240.093642
-0.064145 -0.789974 96.884232
-0.000285 -0.002166 1.000000
-0.117440 -0.913078 362.576868
0.003177 -0.812543 82.027101
-0.000196 -0.002220 1.000000
-0.042486 -0.714203 212.471649
-0.157481 -0.812706 98.080204
-0.000481 -0.002250 1.000000
0.285676 -1.362574 279.013484
0.094119 -0.862111 -27.678290
0.000091 -0.002768 1.000000
0.019553 -0.398631 41.383031
-0.088826 -0.378141 24.985851
-0.000344 -0.001868 1.000000
-0.021494 -0.526466 100.195764
-0.015884 -0.352803 1.861350
-0.000273 -0.001858 1.000000
-0.135324 -1.052323 732.499771
-0.248839 -0.696352 39.151940
-0.000392 -0.001988 1.000000
-0.011207 -0.721428 99.434436
0.024814 -0.507861 -35.299688
0.000063 -0.002449 1.000000
0.120804 -1.241360 280.061553
-0.046356 -0.820393 5.700070
0.000049 -0.002650 1.000000
-0.017053 -0.817806 259.189607
-0.093177 -0.496346 -52.426959
-0.000273 -0.002150 1.000000
-0.117353 -0.871384 263.810153
-0.054912 -1.045133 39.936025
-0.000397 -0.002643 1.000000
-0.019137 -1.217324 307.064567
0.016336 -1.334451 88.631950
-0.000273 -0.002855 1.000000
2.369472 2.522332 -804.217266
-0.893330 6.740046 -346.533483
-0.000786 0.006584 1.000000
0.669168 0.354062 26.634365
-0.373884 2.195641 -86.639013
-0.000638 0.001422 1.000000
0.439727 -0.895039 327.695080
0.215146 -0.574704 -40.948278
0.000357 -0.002225 1.000000
-0.062194 -1.098774 412.862767
0.024646 -0.585812 -65.321240
-0.000119 -0.002277 1.000000
0.171024 -1.206876 260.995610
0.054710 -0.844916 17.153314
-0.000208 -0.002529 1.000000
0.147839 -1.309905 277.318150
-0.038213 -0.941813 50.141212
-0.000315 -0.002687 1.000000
0.320680 -1.251570 241.970466
0.009826 -0.972378 -2.448235
0.000034 -0.002751 1.000000
0.264250 -1.277695 315.479465
0.072783 -0.628105 -51.149449
0.000055 -0.002445 1.000000
0.082494 -1.489320 366.680895
0.053017 -0.983533 -31.225860
0.000207 -0.003032 1.000000
0.025555 -1.075513 294.622356
0.105878 -1.204844 48.831144
0.000031 -0.003026 1.000000
0.290007 -1.428520 442.900004
0.350266 -1.449203 -54.607180
0.000804 -0.003727 1.000000
0.558258 -1.432289 436.403717
0.228754 -0.800801 -195.513073
0.000543 -0.003140 1.000000
0.254266 -1.315272 415.975938
0.116164 -1.186749 109.823213
0.000207 -0.002922 1.000000
1.011549 0.953791 -310.434004
-0.305434 2.023584 -155.665411
-0.000727 0.001837 1.000000
0.078939 -1.431252 175.275739
-0.064924 -0.995057 5.206528
0.000125 -0.003007 1.000000
-0.291670 -1.248649 620.227625
-0.192033 -0.916497 115.679202
-0.000360 -0.002229 1.000000
0.122610 -1.529968 503.625104
-0.132641 -0.938727 -104.004820
-0.000166 -0.002871 1.000000
0.052439 -1.100533 322.910511
0.045829 -0.599212 -114.079424
-0.000094 -0.002409 1.000000
-0.221879 -0.685597 106.697558
-0.200981 -0.459915 -58.688588
-0.000718 -0.001717 1.000000
0.106226 -1.116899 271.781782
-0.071072 -0.935671 -77.391681
-0.000250 -0.002811 1.000000
0.081587 -1.665149 478.902865
0.036541 -0.811196 -196.988926
0.000133 -0.002777 1.000000
0.040943 -0.744960 114.677157
-0.132992 -0.546439 -0.684076
-0.000371 -0.001999 1.000000
-0.028934 -1.243631 437.763387
-0.061525 -0.459687 -124.138549
-0.000095 -0.002282 1.000000
-0.078117 -1.374391 720.915052
-0.140873 -0.612539 -70.796942
-0.000283 -0.002395 1.000000
-0.217625 -1.407560 725.487440
-0.164095 -0.834483 -126.138421
-0.000267 -0.002408 1.000000
0.203467 -1.424507 717.693942
0.140887 -0.832068 -191.200648
0.000230 -0.002977 1.000000
-0.175825 -1.474892 466.211499
-0.024672 -1.130678 -97.748476
-0.000351 -0.002922 1.000000
0.279268 -1.827294 414.109001
0.109801 -1.071457 -41.032222
0.000151 -0.002980 1.000000
0.132234 -1.537020 273.926900
-0.056825 -1.247588 12.714254
-0.000146 -0.002950 1.000000
0.074118 -1.017758 269.665809
-0.065859 -0.564996 -105.181085
-0.000215 -0.002265 1.000000
-0.213414 -1.239287 560.499484
0.002926 -0.731689 -141.904530
0.000033 -0.002817 1.000000
-0.301227 -0.682460 219.126971
-0.168426 -0.429916 44.343763
-0.000537 -0.001669 1.000000
-0.179447 -1.201837 493.952999
-0.048558 -0.527991 -73.550187
-0.000345 -0.001998 1.000000
-0.052320 -1.171803 566.651868
-0.048574 -0.603936 -50.079769
-0.000175 -0.002153 1.000000
0.072402 -0.963753 243.033667
-0.005409 -0.583907 -57.566184
-0.000323 -0.002318 1.000000
-0.105675 -0.951421 430.832524
-0.056835 -0.710728 -19.136108
-0.000209 -0.002368 1.000000
0.089683 -1.127629 320.597308
-0.032745 -0.855778 -23.035940
0.000054 -0.002690 1.000000
0.405355 -1.355350 328.178974
-0.002884 -1.099045 -58.074482
-0.000108 -0.003102 1.000000
0.665846 -2.131272 795.463885
0.474740 -1.532145 -681.099740
0.001426 -0.004941 1.000000
0.019338 -1.792127 1046.427596
0.041318 -0.772488 33.610651
0.000043 -0.002780 1.000000
-0.226597 -1.145497 529.550051
-0.005029 -0.422581 -146.903457
-0.000489 -0.002051 1.000000
-0.162018 -0.932273 75.375815
-0.120683 -0.453665 -150.394561
-0.000457 -0.001917 1.000000
-0.213501 -1.278618 288.248732
-0.083761 -0.633127 -232.166788
-0.000252 -0.002163 1.000000
-0.626415 -1.553778 1127.110817
-0.162733 -0.378270 72.106208
-0.000653 -0.001695 1.000000
-0.133730 -0.871460 178.822595
-0.033971 -0.574910 -24.285506
-0.000419 -0.002033 1.000000
-0.207671 -0.710001 317.320195
-0.076483 -0.709641 -58.180923
-0.000311 -0.002198 1.000000
0.284732 -2.321769 346.430979
0.259877 -1.359445 -303.808415
0.000382 -0.003835 1.000000
0.104485 -1.084817 164.877817
0.070171 -0.840419 -111.066207
0.000054 -0.002667 1.000000
-0.006995 -0.948862 92.640426
0.133311 -0.784893 -33.292613
0.000331 -0.002692 1.000000
0.564164 -2.219254 382.907924
0.659575 -1.442994 -1292.323385
0.001363 -0.004542 1.000000
-0.173563 -1.918217 989.817474
0.078411 -1.156167 -169.031462
-0.000231 -0.003158 1.000000
-0.447570 -1.037022 1081.351961
-0.322740 -0.723718 -1.180398
-0.000758 -0.002050 1.000000
-0.108510 -1.321248 543.031904
0.075528 -0.955851 -118.920988
-0.000046 -0.002772 1.000000
-0.584791 -1.414066 1015.954317
-0.034256 -0.440032 -61.958435
-0.000544 -0.001916 1.000000
-0.089497 -1.952177 1023.989452
-0.019766 -0.404081 15.728781
-0.000136 -0.002324 1.000000
-0.163008 -1.463144 1047.825899
0.028409 -0.811924 -18.965106
-0.000121 -0.002523 1.000000
0.807167 -2.688933 1614.454190
0.184999 -0.926500 -28.269502
0.000912 -0.003365 1.000000
-0.197929 -1.612385 1024.940574
-0.017105 -0.493490 -90.068032
-0.000068 -0.002176 1.000000
-0.045746 -1.214835 422.102138
-0.073974 -0.885513 4.359056
-0.000229 -0.002480 1.000000
-0.049599 -1.158099 570.819304
-0.031853 -0.917532 -61.594341
-0.000168 -0.002628 1.000000
-0.045409 -1.181007 488.068800
-0.061587 -0.504911 -156.922150
-0.000340 -0.002277 1.000000
0.280414 -1.381655 290.440850
0.065634 -0.883113 -50.784817
0.000397 -0.003220 1.000000
-0.050261 -0.409422 93.688166
-0.119119 -0.558559 172.515846
-0.000330 -0.001898 1.000000
0.165103 -0.678776 48.476277
0.039209 -0.587942 48.293825
0.000313 -0.002518 1.000000
-0.076283 -0.535581 44.208365
-0.066914 -0.522929 30.454393
-0.000371 -0.002054 1.000000
-0.116738 -1.088919 -801.753498
-0.086665 -1.421754 737.940637
-0.000277 -0.002642 1.000000
-0.072753 -0.577958 126.373982
-0.199326 -0.605672 49.678110
-0.000349 -0.002158 1.000000
1.209831 -3.291687 852.983757
1.053445 -2.921034 -193.236343
0.002518 -0.007314 1.000000
0.164975 -2.014356 380.418243
0.284982 -2.200317 115.568281
0.000342 -0.004604 1.000000
-0.105752 -1.294186 304.680896
-0.169192 -0.949373 93.099893
-0.000385 -0.002276 1.000000
0.000895 -1.348463 411.112440
-0.041242 -1.235422 -8.727907
-0.000286 -0.002853 1.000000
-0.212883 -0.313512 61.104220
-0.192544 -0.497978 132.282544
-0.000587 -0.001702 1.000000
-0.056807 -0.286105 57.654726
-0.114816 -0.459888 179.126149
-0.000253 -0.001870 1.000000
0.080111 -0.639514 8.071959
-0.058886 -0.540976 132.688935
0.000033 -0.002332 1.000000
-0.060072 -0.719636 -91.940124
-0.032222 -0.683457 110.754123
-0.000328 -0.002001 1.000000
0.020147 -1.463625 220.504492
0.042574 -1.056632 42.462765
0.000022 -0.003106 1.000000
0.113417 -0.598592 -32.568761
-0.021440 -0.606226 26.944772
0.000549 -0.003015 1.000000
-0.026290 -0.936223 20.330516
-0.022083 -0.926279 136.368582
-0.000212 -0.002487 1.000000
-0.025082 -0.781528 -24.165583
-0.024535 -0.534703 63.801734
-0.000083 -0.002306 1.000000
0.155180 -0.892161 -13.115362
0.129587 -0.846806 -11.248106
0.000295 -0.002799 1.000000
0.021540 -0.571320 92.990360
0.067788 -0.414596 33.257368
-0.000178 -0.001896 1.000000
-0.261211 -1.543670 566.246740
0.242587 -1.864684 58.974084
0.000267 -0.004017 1.000000
0.160024 -1.411502 393.519950
-0.068283 -0.817380 -53.735530
-0.000088 -0.002864 1.000000
0.332788 -1.908677 505.777794
-0.009277 -0.770631 -77.180757
0.000201 -0.003007 1.000000
0.040718 -0.643168 -115.794161
0.073989 -0.699443 -68.817798
0.000056 -0.002549 1.000000
-0.038172 -0.465928 14.414326
-0.018811 -0.516195 53.772166
0.000037 -0.002290 1.000000
-0.094739 -1.051464 48.408683
-0.141183 -1.085455 17.789809
-0.000582 -0.002484 1.000000
-0.030791 -1.108040 210.666341
0.129786 -0.766522 -230.174839
0.000086 -0.002764 1.000000
0.063008 -0.844551 -226.954244
-0.099867 -1.279463 659.430917
-0.000036 -0.002643 1.000000
-0.179187 -0.858785 496.180586
-0.272141 -1.064698 1160.130555
-0.000409 -0.001819 1.000000
0.104712 -1.044046 79.584781
0.038050 -1.154638 -9.165980
0.000186 -0.003176 1.000000
-0.195934 -0.384128 62.518168
-0.222173 -0.382088 115.449267
-0.000614 -0.001508 1.000000
-0.238147 -1.049650 352.417464
0.142458 -1.228654 -62.222626
-0.000185 -0.002836 1.000000
0.210953 -1.576597 135.129530
-0.033842 -1.497268 1250.277250
0.000115 -0.003013 1.000000
0.335946 -0.816432 -276.794753
0.241303 -1.499963 868.737215
0.000393 -0.002634 1.000000
0.102431 -1.519815 -1924.578907
0.382568 -1.613173 579.358818
0.000627 -0.003131 1.000000
0.162079 -1.724925 1334.377837
0.042990 -1.103359 654.574165
0.000197 -0.002467 1.000000
-5.941084 6.183813 3127.418050
-5.689913 5.737659 4022.410159
-0.010203 0.010069 1.000000
-0.203712 -0.618081 -13.989501
-0.141295 -0.629139 69.259363
-0.000247 -0.002188 1.000000
0.289440 -1.699105 412.444441
-0.034899 -1.272006 1093.371650
0.000295 -0.002782 1.000000
0.182852 -1.493486 250.325288
0.144208 -1.285118 1457.574889
0.000289 -0.002516 1.000000
-0.183689 -1.823957 998.825394
-0.020102 -0.391749 43.085119
-0.000227 -0.002141 1.000000
0.988865 -3.145671 3130.210537
0.241868 -1.969790 -508.805273
0.001000 -0.004458 1.000000
-0.119648 -2.103904 972.066442
-0.038396 -1.042823 65.008018
-0.000118 -0.003073 1.000000
-0.464540 -1.405500 995.593540
-0.051956 -0.750220 49.910249
-0.000489 -0.002217 1.000000
16.925209 -26.025163 1215.090513
10.553914 -16.002489 -19476.342663
0.024615 -0.042621 1.000000
-0.109201 -1.771895 898.062457
-0.016390 -0.620686 11.524391
-0.000139 -0.002410 1.000000
-0.548288 -1.245391 1034.287605
-0.086315 -0.429820 91.750954
-0.000605 -0.001600 1.000000
-0.339142 -1.365582 1185.960219
-0.290991 -0.617526 54.648274
-0.000668 -0.001982 1.000000
-0.237222 -0.975317 533.963601
-0.282490 -1.112094 850.884222
-0.000450 -0.002007 1.000000
-0.149612 -0.911355 322.180901
-0.055747 -0.697534 -86.386710
-0.000293 -0.002203 1.000000
-0.648681 -0.798914 973.936047
-0.505844 -0.642121 760.409359
-0.001085 -0.001384 1.000000
-0.110210 -0.963813 -17.060201
-0.252796 -1.047951 1150.148878
-0.000538 -0.001774 1.000000
0.081566 -1.917176 954.053032
0.000541 -0.723216 115.607297
-0.000017 -0.002447 1.000000
0.284990 -2.277993 1019.948810
0.007082 -0.810336 16.187868
0.000254 -0.003008 1.000000
0.078095 -1.990677 1148.856789
0.008885 -0.750424 27.063739
0.000073 -0.002683 1.000000
0.581480 -1.282812 382.684674
0.357697 -0.702169 -439.730830
0.001090 -0.002937 1.000000
-0.081721 -1.307652 774.662345
-0.211922 -1.061124 1602.296181
-0.000264 -0.002611 1.000000
-0.535750 -0.674789 787.053650
-0.502079 -0.724302 828.917542
-0.000922 -0.001242 1.000000
-0.304952 -1.511962 989.251088
-0.113709 -0.512192 82.011883
-0.000359 -0.001827 1.000000
-0.511636 -1.055568 992.655639
-0.427032 -0.931354 801.035094
-0.000636 -0.001499 1.000000
-0.455580 -1.101719 735.068917
-0.313091 -0.708692 -9.865799
-0.000717 -0.001892 1.000000
0.033029 -1.476103 93.609988
0.002859 -0.737428 1128.250324
0.000004 -0.002544 1.000000
-0.108690 -0.628456 275.395295
-0.032649 -0.300421 65.286494
-0.000307 -0.001684 1.000000
0.054531 -1.682590 985.198755
-0.022312 -0.270984 61.286292
0.000071 -0.001979 1.000000
0.158347 -2.070455 976.922972
-0.023050 -0.549693 83.382189
0.000123 -0.002469 1.000000
-0.061104 -1.742280 711.782957
-0.136543 -1.409274 -71.984242
0.000301 -0.003541 1.000000
-0.280853 -1.566681 877.202288
-0.070563 -0.614045 33.878601
-0.000298 -0.002416 1.000000
-0.212925 -1.199215 598.054678
-0.147903 -0.736865 -79.549567
-0.000569 -0.002376 1.000000
-0.380112 -1.417493 925.832556
0.024999 -0.500755 -5.736554
-0.000315 -0.001944 1.000000
-0.080966 -1.249059 212.022825
0.073326 -0.736265 -203.492131
-0.000192 -0.002641 1.000000
0.063011 -1.659785 911.376319
0.037841 -0.647487 26.627077
0.000037 -0.002563 1.000000
-0.252312 -1.530382 896.703051
-0.098281 -0.666769 -63.201857
-0.000298 -0.002314 1.000000
-0.116524 -1.702689 1010.020263
-0.038575 -0.357318 41.586757
-0.000086 -0.002121 1.000000
-0.295342 -1.664604 1015.144246
-0.093763 -0.595147 -38.557468
-0.000357 -0.002228 1.000000
0.138732 -1.464722 1333.326948
0.141974 -0.773255 -293.861447
0.000362 -0.002909 1.000000
0.056607 -1.872097 957.547918
0.029049 -0.430475 -29.310977
-0.000032 -0.002459 1.000000
-0.355634 -0.509392 -206.010894
-0.333329 -0.539708 -0.548080
-0.000858 -0.001213 1.000000
0.077737 -1.640130 948.371729
0.082602 -0.766245 -64.965300
0.000136 -0.002890 1.000000
-0.162607 -1.892858 1053.096598
0.001564 -0.620292 -2.026261
-0.000177 -0.002451 1.000000
-0.590493 -1.172096 943.890708
-0.181228 -0.441487 52.308366
-0.000725 -0.001523 1.000000
-0.064417 -1.122488 315.224988
-0.035985 -0.297118 -51.000029
-0.000132 -0.002325 1.000000
-0.299197 -1.106288 858.485810
-0.111476 -0.539762 31.396080
-0.000539 -0.001886 1.000000
-0.167263 -1.538621 816.281033
0.005316 -0.500962 -36.361906
-0.000231 -0.002195 1.000000
-0.335782 -1.197686 820.169838
-0.071908 -0.603027 -53.774471
-0.000500 -0.002155 1.000000
-0.137821 -1.267358 761.096187
-0.026564 -0.521668 -69.873842
-0.000147 -0.002213 1.000000
0.101418 -1.168858 509.656724
0.012442 -0.682245 -13.077025
0.000056 -0.002267 1.000000
0.407503 -1.563272 452.506742
0.094749 -0.732330 -300.421681
0.000209 -0.002931 1.000000
0.014863 -1.549755 497.090951
0.016740 -0.828740 -145.240988
-0.000089 -0.002740 1.000000
-0.388930 -1.027094 761.535054
-0.165471 -0.574862 -10.306499
-0.000566 -0.002056 1.000000
0.306821 -1.569042 666.869332
0.052806 -0.786141 -60.178514
0.000124 -0.002805 1.000000
-0.042830 -1.018964 451.669240
0.008614 -0.470159 -201.721294
-0.000260 -0.002246 1.000000
-0.258933 -0.968655 370.216077
-0.158604 -0.404722 -23.356433
-0.000464 -0.001890 1.000000
0.172521 -1.207652 370.635156
0.015441 -0.611430 -77.603701
-0.000084 -0.002310 1.000000
-0.012572 -1.296217 627.255817
-0.077790 -0.973343 2.924075
-0.000244 -0.002359 1.000000
-0.056889 -0.976222 400.196004
-0.092953 -0.767028 -91.182776
-0.000236 -0.002471 1.000000
0.103215 -1.739296 571.670394
0.250491 -1.555151 -131.202575
0.000220 -0.003688 1.000000
-0.205644 -1.833240 1222.563351
0.012085 -0.484045 -6.577398
-0.000295 -0.002255 1.000000
-0.237218 -1.027463 495.213709
-0.061661 -0.360794 -90.858591
-0.000303 -0.001964 1.000000
-0.369819 -1.165247 868.866651
0.011204 -0.122283 -44.009230
-0.000478 -0.001663 1.000000
-0.001596 -1.641850 621.391869
-0.016595 -0.884100 -64.685417
0.000073 -0.003097 1.000000
0.113599 -1.832696 965.197189
0.037052 -0.693940 -81.476024
0.000271 -0.002898 1.000000
-0.065491 -1.580889 733.052697
0.064222 -0.550444 -205.911542
0.000039 -0.002841 1.000000
0.170839 -1.160437 267.494495
0.018863 -1.046177 -41.098148
0.000036 -0.002878 1.000000
0.341443 -1.811999 458.885755
0.002338 -1.032784 -101.995358
0.000181 -0.003147 1.000000
0.196890 -1.867071 490.808411
0.096604 -1.781234 -14.492833
0.000083 -0.003655 1.000000
0.337216 -1.977048 500.375699
0.010994 -1.395243 -18.820655
0.000264 -0.003504 1.000000
-0.176018 -2.059392 562.357918
-0.061183 -1.912712 44.249055
-0.000065 -0.003915 1.000000
0.063743 -1.062087 185.247844
-0.025083 -0.589239 -75.954530
-0.000106 -0.002514 1.000000
-0.084108 -0.577101 79.253507
-0.090667 -0.477740 48.559196
-0.000102 -0.002162 1.000000
0.089943 -0.983902 204.948446
-0.028180 -0.671923 17.529957
-0.000134 -0.002391 1.000000
0.148003 -1.543806 269.960134
0.012965 -0.665267 -210.234784
0.000120 -0.003042 1.000000
-0.541696 -1.059005 990.107229
-0.176700 -0.346595 68.266636
-0.000720 -0.001508 1.000000
0.063441 -1.259828 268.379732
-0.087395 -1.027255 54.155163
-0.000173 -0.002574 1.000000
0.114127 -0.891591 83.272318
0.083956 -0.500745 -130.746096
0.000080 -0.002245 1.000000
-0.098422 -0.429686 4.531141
-0.109251 -0.323381 47.622986
-0.000478 -0.001722 1.000000
-0.069327 -1.649611 873.199086
-0.074653 -0.672236 12.264905
-0.000160 -0.002551 1.000000
-0.054331 -0.408926 79.587497
-0.106107 -0.512985 70.782728
-0.000232 -0.001973 1.000000
-0.115662 -0.478443 209.787660
-0.121481 -0.181989 -12.952895
-0.000589 -0.001523 1.000000
0.397661 -1.257835 404.659245
-0.009622 -0.706119 -49.260000
0.000176 -0.002544 1.000000
-0.056893 -0.779643 157.703945
0.028428 -0.497756 -22.327122
-0.000237 -0.002009 1.000000
-0.245497 -1.310388 725.372328
-0.071712 -0.516506 -62.733257
-0.000408 -0.002161 1.000000
-0.064068 -1.359242 95.089385
0.034121 -0.946256 58.391049
0.000089 -0.002737 1.000000
-0.357645 -1.229652 669.068277
0.094341 -0.727940 -128.488552
0.000235 -0.002676 1.000000
