-0.076136 -1.292453 605.013419
-0.197345 -1.005049 -126.988914
-0.000273 -0.002594 1.000000
0.219741 -1.897276 734.481696
0.316699 -1.313612 -439.065784
0.000331 -0.003477 1.000000
0.892735 -2.949238 126.951041
0.313131 -2.099766 -932.742363
0.001405 -0.005097 1.000000
-0.271401 -0.992354 226.528694
-0.149780 -0.854951 -140.821165
-0.000465 -0.002182 1.000000
7.455433 -10.772319 -12247.424958
5.682913 -9.521560 -4171.324115
0.012692 -0.020282 1.000000
-0.101432 -0.904317 -60.062042
-0.286333 -0.959846 142.044266
-0.000589 -0.002158 1.000000
-0.331928 -0.912653 771.028015
-0.189099 -0.539773 -244.501809
-0.000620 -0.001841 1.000000
-1.920901 0.769238 2688.094661
-0.840594 0.484696 830.641861
-0.003788 0.002275 1.000000
-0.372171 -1.217894 437.992496
-0.140987 -0.838773 -172.152546
-0.000343 -0.002323 1.000000
-0.622944 -0.737936 1731.628721
-0.222064 -0.290590 216.578626
-0.001113 -0.001309 1.000000
-0.068029 -1.103019 -157.571452
0.084565 -0.788364 -1032.085518
-0.000312 -0.002572 1.000000
-0.549384 -0.057591 -450.910718
-0.373463 0.081050 -196.815067
-0.001713 -0.000039 1.000000
22.028702 -20.167772 -30113.557112
9.401958 -16.250038 -19093.190756
0.042701 -0.057434 1.000000
-0.636322 -0.701624 532.529561
-0.454610 -0.513314 -121.916813
-0.001185 -0.001312 1.000000
-0.159062 -1.149863 595.199392
-0.108103 -0.996425 -24.072981
-0.000329 -0.002436 1.000000
0.030541 -1.544784 90.564780
0.007078 -1.055354 -173.561078
-0.000102 -0.002817 1.000000
0.031112 -1.320984 268.029916
-0.008519 -1.326698 -198.661634
-0.000080 -0.003013 1.000000
-0.537880 -0.571497 1630.680098
-0.405906 -0.391288 383.850687
-0.001277 -0.001161 1.000000
0.105009 -1.827118 437.773657
0.271644 -1.765065 -682.923615
0.000512 -0.004109 1.000000
-0.619081 -1.201382 910.044645
-0.198790 -0.588544 18.374703
-0.000788 -0.001687 1.000000
-0.202081 -0.785098 -123.866951
-0.126488 -0.725524 -45.841897
-0.000540 -0.001854 1.000000
0.248684 -2.142410 3045.349394
0.310036 -1.689368 858.312472
0.000843 -0.004485 1.000000
-0.448473 -0.644412 1602.874372
-0.362165 -0.561924 215.079345
-0.000913 -0.001547 1.000000
-0.543982 -0.805670 128.686219
-0.344587 -0.545837 -272.973171
-0.001092 -0.001385 1.000000
-0.196620 -1.194424 -384.015356
-0.133158 -0.830611 -330.846256
-0.000584 -0.002418 1.000000
-0.234660 -1.143205 313.400165
-0.203871 -0.900130 -329.881380
-0.000443 -0.002185 1.000000
-0.175567 -0.931070 269.538549
-0.272673 -1.233871 81.084566
-0.000512 -0.002314 1.000000
0.123598 -1.198080 -268.091193
0.052519 -0.694220 -271.434685
0.000202 -0.002794 1.000000
-0.667681 -0.696225 1294.612594
-0.254241 -0.280139 370.087876
-0.001146 -0.001221 1.000000
-0.010268 -1.285869 370.636341
0.069111 -0.906954 -57.456946
-0.000109 -0.002544 1.000000
0.032526 -1.583309 715.108221
0.192431 -1.259968 -522.224934
0.000410 -0.003243 1.000000
0.179544 -2.722576 -3547.979158
0.464373 -1.970916 -651.821856
0.001619 -0.005686 1.000000
-0.444920 -0.696967 674.671726
-0.253976 -0.424532 -242.106719
-0.001016 -0.001487 1.000000
0.041557 -1.517370 601.415418
0.130279 -1.132854 -508.294837
0.000199 -0.003360 1.000000
-0.355333 -1.483477 593.959586
-0.100006 -0.846149 -130.821401
-0.000243 -0.002469 1.000000
0.018325 -1.264371 -151.909825
-0.040401 -0.788846 -454.471602
-0.000022 -0.002426 1.000000
-0.161534 -1.100688 374.561297
-0.117111 -0.766183 -193.390259
-0.000447 -0.002214 1.000000
-1.009193 0.065523 -2301.325026
-0.731024 -0.019083 -481.674111
-0.001932 -0.000208 1.000000
0.536699 -2.465649 215.198914
0.396687 -1.339374 -810.495770
0.000795 -0.004105 1.000000
0.123142 -1.892055 765.275344
-0.027762 -1.149190 -274.939694
0.000195 -0.003532 1.000000
-0.157906 -0.938274 459.734430
-0.199596 -0.696036 -481.709145
-0.000515 -0.002064 1.000000
-0.068925 -0.881880 196.722718
-0.120067 -0.702067 -208.553738
-0.000353 -0.002184 1.000000
-0.263981 -1.224153 553.816374
-0.108945 -0.733685 -355.173399
-0.000434 -0.002229 1.000000
0.113491 -1.558789 -342.281849
-0.101065 -0.903517 151.461759
0.000053 -0.002937 1.000000
-0.912794 -0.007379 114.692082
-0.448835 -0.082311 -1450.204991
-0.001874 -0.000151 1.000000
-0.195460 -1.133894 404.511832
-0.082580 -0.647268 -68.616881
-0.000438 -0.002134 1.000000
-0.469982 -0.843142 828.902303
-0.261649 -0.518914 -4.766360
-0.000751 -0.001478 1.000000
-0.302345 -0.898778 620.379086
-0.332351 -0.909258 -60.590004
-0.000722 -0.002006 1.000000
-0.295411 -0.894896 661.278246
-0.275652 -0.594911 127.841178
-0.000651 -0.001741 1.000000
-0.364615 -0.861880 1055.341284
-0.290834 -0.559781 -462.988628
-0.000685 -0.001765 1.000000
-0.178545 -0.954693 646.189030
-0.139905 -0.616660 76.618214
-0.000430 -0.001843 1.000000
-0.195315 -1.626137 844.616403
-0.021013 -1.238917 -600.171874
-0.000171 -0.003104 1.000000
0.432482 -1.807434 1434.403007
0.381272 -1.265180 -794.992719
0.000927 -0.003943 1.000000
0.229102 -1.569167 323.036593
0.253367 -1.265558 -252.626825
0.000583 -0.003448 1.000000
-0.535326 -1.360818 699.058536
-0.181523 -0.806496 50.214262
-0.000509 -0.002238 1.000000
-0.434963 -1.332436 749.623635
-0.131082 -0.802340 4.947070
-0.000333 -0.002272 1.000000
-3.535082 3.460231 4695.597334
-1.328751 1.973012 715.969317
-0.006660 0.008133 1.000000
0.207212 -1.749930 571.231476
-0.059532 -1.087682 -898.711872
0.000443 -0.003142 1.000000
-0.307924 -0.483967 577.549492
-0.369487 -0.500402 -870.707975
-0.001008 -0.001250 1.000000
0.172565 -1.505089 142.887666
-0.066539 -1.515948 -273.698660
0.000072 -0.003426 1.000000
-0.018829 -0.829523 -240.722379
-0.083679 -0.645798 91.592503
-0.000268 -0.002347 1.000000
0.995992 -3.390283 1135.918355
1.327677 -3.449408 -1790.522958
0.003137 -0.008469 1.000000
-0.527669 -1.077879 -907.859619
-0.240086 -0.551380 311.049023
-0.000848 -0.001960 1.000000
-0.821711 -0.539329 1308.215392
-0.542183 -0.255119 351.472027
-0.001411 -0.000587 1.000000
0.213404 -2.090800 2365.628508
-0.046596 -0.935794 -23.688615
0.000289 -0.003347 1.000000
-0.231990 -0.737980 -3.895247
-0.092236 -0.519717 -170.362660
-0.000494 -0.001720 1.000000
0.181885 -1.686354 269.374202
0.253673 -1.451464 -792.218621
0.000421 -0.003513 1.000000
-0.263896 -0.454654 136.328074
-0.375386 -0.515298 -65.792802
-0.000939 -0.001462 1.000000
0.257447 -1.087322 -880.336749
-0.090336 -1.005248 -238.908028
0.000877 -0.003783 1.000000
-0.307485 -0.910654 -458.602892
-0.231473 -0.831607 248.149282
-0.000589 -0.002004 1.000000
-0.514865 -0.478902 24.207592
-0.435026 -0.450694 -94.232696
-0.001167 -0.001089 1.000000
3.428060 -4.381105 -340.550784
2.438936 -3.611496 -2335.758427
0.006601 -0.009766 1.000000
-1.214496 0.565037 2624.076592
-0.872565 0.702266 -2550.509695
-0.003262 0.001484 1.000000
-0.173411 -1.313868 614.549259
-0.132582 -0.999551 -21.354402
-0.000442 -0.002433 1.000000
-0.022991 -0.997670 49.480181
-0.258694 -1.033769 -100.827314
-0.000370 -0.002364 1.000000
0.082294 -1.771835 1121.666702
0.263233 -1.055730 -35.984327
0.000407 -0.002805 1.000000
0.088491 -1.430252 -153.875157
0.005876 -0.846771 89.230177
0.000170 -0.002872 1.000000
-0.275000 -0.864666 -2.976223
-0.238818 -0.514779 120.450785
-0.000687 -0.001721 1.000000
1.220747 -3.533455 -1604.825714
0.794473 -2.713484 -1060.963753
0.002189 -0.006651 1.000000
-0.151628 -1.076536 -78.779166
-0.176549 -0.875832 83.750777
-0.000347 -0.002205 1.000000
0.195869 -1.443765 -307.137773
0.186363 -0.957639 -161.117935
0.000590 -0.003082 1.000000
-0.273654 -0.981505 -2062.561051
-0.203080 -0.550637 202.631875
-0.000731 -0.001723 1.000000
0.489866 -2.019854 -625.059889
0.531081 -1.414764 413.025561
0.000865 -0.003808 1.000000
-0.368930 -0.776278 29.633891
-0.348990 -0.664101 32.211799
-0.000894 -0.001503 1.000000
-0.677496 -0.092666 1814.530842
-0.402365 -0.059961 208.461528
-0.001532 -0.000239 1.000000
0.030620 -0.925733 -362.171758
0.066975 -0.427135 -55.849537
-0.000085 -0.002204 1.000000
-0.570922 -0.635613 124.641490
-0.498069 -0.612700 -85.063191
-0.001091 -0.001269 1.000000
-0.209741 -1.252069 303.744857
-0.197084 -0.854179 -113.896276
-0.000312 -0.002136 1.000000
0.160077 -1.167041 -359.360707
0.086431 -0.844738 -114.988414
0.000070 -0.002576 1.000000
-0.659872 -0.456486 84.122338
-0.479804 -0.283916 84.213696
-0.001218 -0.000901 1.000000
0.176258 -1.638602 132.180957
0.068876 -0.955721 -161.526080
0.000059 -0.002945 1.000000
-1.481521 0.649135 210.069582
-1.049473 0.254949 1179.891741
-0.002561 0.000779 1.000000
-0.018797 -2.564923 61.022131
0.233964 -1.330835 -104.461128
0.000091 -0.003429 1.000000
-0.040955 -1.347125 -466.883976
0.002306 -0.731568 125.270746
-0.000080 -0.002600 1.000000
0.813297 -2.774684 -1323.752493
0.473498 -1.362189 -357.616685
0.001450 -0.004736 1.000000
-0.334532 -1.026380 716.807684
-0.206180 -0.825763 -388.611711
-0.000549 -0.002014 1.000000
-0.526508 -0.959570 -922.845067
-0.323376 -0.544638 408.749614
-0.000814 -0.001781 1.000000
0.396701 -2.123243 -317.724296
0.500851 -1.383531 -552.127912
0.001083 -0.004050 1.000000
1.562968 -6.596088 1856.291228
1.736998 -4.827973 -4053.052718
0.003921 -0.010504 1.000000
-0.350845 -0.752954 -440.121868
-0.314435 -0.712536 403.537348
-0.000777 -0.001509 1.000000
-0.332228 -1.853175 334.236610
-0.170550 -0.977765 137.423022
-0.000531 -0.002378 1.000000
-0.497096 -0.677626 -934.307186
-0.455448 -0.664870 148.750764
-0.001013 -0.001327 1.000000
-0.273799 -1.100140 842.258347
-0.130832 -0.966980 -318.283476
-0.000338 -0.002291 1.000000
-0.687881 -0.535978 20.554515
-0.512633 -0.341547 -89.963683
-0.001311 -0.000812 1.000000
-0.635884 -0.729278 1771.277107
-0.405486 -0.559070 -343.322391
-0.001165 -0.001192 1.000000
0.042496 -1.525994 160.510976
-0.127975 -1.299311 -13.832802
-0.000320 -0.002912 1.000000
0.221884 -2.184221 957.643086
0.268032 -1.817036 -423.906279
0.000575 -0.004431 1.000000
0.475839 -2.001280 -995.349058
0.193186 -1.693815 -59.320188
0.000620 -0.003805 1.000000
0.024463 -1.478649 -288.547853
0.003347 -1.096344 -531.439036
-0.000033 -0.002811 1.000000
0.510169 -1.920466 -1036.482800
0.158478 -1.662337 25.944262
0.000854 -0.003815 1.000000
0.414939 -2.036251 -514.625130
0.280219 -1.095950 296.530943
0.000426 -0.003593 1.000000
0.598298 -1.974459 -1343.438880
0.615986 -1.317785 -549.269730
0.001332 -0.004771 1.000000
0.207999 -1.936779 389.456199
0.413846 -1.190179 -489.269081
0.000497 -0.003662 1.000000
8.821788 -9.339975 2215.629837
2.600159 -7.849378 -6017.437511
0.015688 -0.021942 1.000000
-0.412337 -0.705058 313.456287
-0.290385 -0.496811 3.859759
-0.000803 -0.001541 1.000000
0.755153 -2.858514 -3362.251267
0.427747 -2.028862 1266.974322
0.001238 -0.005666 1.000000
-0.390481 -1.192824 62.641610
-0.292280 -1.048271 180.259527
-0.000654 -0.002118 1.000000
0.333378 -1.746005 -307.442159
0.179418 -1.555338 -9.321993
0.000497 -0.003804 1.000000
-52.016068 97.420365 33377.018413
-37.617384 69.293158 32851.289936
-0.086196 0.159351 1.000000
-55.081757 104.010062 159200.499391
-35.921317 71.721640 -9591.588464
-0.117152 0.196601 1.000000
0.047242 -1.772939 360.651189
-0.003146 -1.226003 -131.600568
-0.000009 -0.003113 1.000000
0.817786 -2.746210 394.142009
0.335398 -2.331890 -1482.157395
0.000814 -0.004886 1.000000
2.175905 -5.767830 -2512.224400
2.262822 -5.308168 -3356.618994
0.004758 -0.010824 1.000000
0.401514 -2.121593 703.917107
0.182445 -1.383826 -564.086642
0.000033 -0.003508 1.000000
0.834112 -3.111957 -442.533516
0.466609 -2.171186 -585.234477
0.001297 -0.005458 1.000000
0.024191 -1.532567 566.810587
0.048409 -1.016120 -516.944159
0.000045 -0.002798 1.000000
-0.338279 -1.124772 1000.255467
-0.192521 -0.835863 -390.375891
-0.000433 -0.002062 1.000000
-0.357534 -1.175094 1221.194172
-0.293593 -1.146017 -22.032433
-0.000634 -0.002086 1.000000
-1.251168 0.238654 1292.011308
-1.012883 0.402180 825.374785
-0.002360 0.000689 1.000000
-0.023697 -1.742232 184.214195
0.148072 -1.274592 -253.658314
0.000262 -0.003278 1.000000
-0.021573 -1.650305 595.493777
0.037928 -1.053466 -63.620967
-0.000084 -0.002706 1.000000
-0.247856 -1.362786 464.682110
-0.124202 -0.921542 -46.674105
-0.000503 -0.002328 1.000000
-0.312834 -1.568501 649.391726
-0.074546 -1.110710 -39.176893
-0.000402 -0.002487 1.000000
0.452568 -2.610876 485.644320
0.513790 -2.280131 -194.221805
0.000541 -0.004325 1.000000
0.426230 -1.779285 -364.972491
0.059827 -1.715827 -771.453396
0.000370 -0.003807 1.000000
-1.949782 2.511775 1280.389173
-1.500478 1.507883 2113.737772
-0.003633 0.004268 1.000000
-2.309666 2.980650 744.221536
-1.885331 1.740701 3007.737966
-0.003969 0.004138 1.000000
-4.993276 5.774124 5010.190935
-3.045744 3.963788 6842.194185
-0.008056 0.011129 1.000000
0.547697 -2.997568 214.188445
0.319996 -2.038796 -739.904786
0.000820 -0.005160 1.000000
5.250791 -9.896441 7111.628654
2.482578 -4.354871 877.227695
0.009171 -0.013456 1.000000
5.645775 -8.806981 21211.882370
2.397449 -3.873395 -1699.614909
0.009900 -0.014431 1.000000
-1.835048 1.463513 -726.308979
-0.942531 0.468215 2376.253273
-0.003623 0.002130 1.000000
-0.375274 -0.929511 38.865017
-0.244805 -0.659572 -25.705773
-0.000697 -0.001769 1.000000
-0.049665 -1.394305 267.040737
-0.264619 -1.454256 247.363977
-0.000424 -0.002652 1.000000
0.812587 -2.826758 2475.463745
0.508999 -1.101102 -222.427268
0.001084 -0.004472 1.000000
-0.022587 -1.452579 598.337805
0.050193 -0.723347 -4.529283
-0.000077 -0.002301 1.000000
-0.222400 -1.348221 445.647928
-0.075210 -0.890068 55.547866
-0.000358 -0.002325 1.000000
-0.351804 -2.000686 518.933449
0.219416 -1.429486 -19.065187
0.000150 -0.003597 1.000000
-0.108439 -1.549446 610.945768
-0.058250 -1.051023 71.773138
-0.000225 -0.002535 1.000000
-1.031593 -9.523627 2129.269768
1.370072 -9.137100 196.288613
0.002685 -0.014071 1.000000
0.809312 0.352314 35.553455
-0.107623 1.274271 -43.244367
-0.000222 0.000274 1.000000
0.933570 0.049661 13.362821
-0.023836 1.055712 -12.942563
-0.000011 -0.000068 1.000000
1.170267 0.122101 -68.324988
0.033897 1.204686 -44.745731
0.000141 0.000102 1.000000
1.000000 0.000000 -0.000000
0.000000 1.000000 -0.000000
0.000000 0.000000 1.000000
0.920331 0.095444 -15.855447
-0.103832 1.165521 8.536500
-0.000147 0.000209 1.000000
1.972613 -3.673961 971.977523
0.602301 -1.753096 -1998.389696
0.002093 -0.006074 1.000000
0.213173 -1.805136 -1459.485947
0.042792 -1.314293 -572.868729
0.000083 -0.003563 1.000000
0.292277 -2.057333 736.689024
0.133981 -1.793609 54.640526
0.000434 -0.003627 1.000000
-0.571205 -0.959655 -329.061567
-0.224615 -0.635937 533.877017
-0.000771 -0.001744 1.000000
-0.147063 -1.011383 615.028057
-0.226450 -1.109048 -73.424417
-0.000585 -0.002171 1.000000
0.772469 -2.593901 -90.930605
0.539311 -1.786898 -340.402561
0.001249 -0.004776 1.000000
0.817717 -2.365269 -5028.972816
0.439635 -1.452265 -674.380230
0.001499 -0.004957 1.000000
-0.130314 -0.945283 -449.785771
-0.005738 -0.631579 159.199704
-0.000263 -0.002103 1.000000
0.166553 -1.029356 131.802621
0.013236 -1.309671 -251.502036
0.000114 -0.002718 1.000000
-0.404031 -0.740567 125.625261
-0.258756 -0.600569 92.010098
-0.000844 -0.001609 1.000000
-0.234580 -1.062158 -76.673837
-0.208992 -0.788905 -118.595773
-0.000609 -0.002123 1.000000
-0.196830 -1.450347 4376.952874
0.043082 -0.958074 423.114235
-0.000324 -0.002410 1.000000
0.194655 -1.461815 616.895904
-0.065142 -0.953538 -652.612778
0.000298 -0.002814 1.000000
-1.024165 -0.712562 886.225778
-0.573030 -0.314259 -222.519471
-0.001506 -0.000812 1.000000
-0.272609 -1.069799 19.877729
-0.163851 -0.538301 -117.831890
-0.000532 -0.001944 1.000000
-0.059395 -1.001508 711.656179
-0.183980 -0.941180 -21.424289
-0.000426 -0.002182 1.000000
0.147247 -2.185928 412.819575
0.404252 -1.887389 -757.341371
0.001059 -0.005010 1.000000
0.256430 -1.524215 -643.392090
0.014837 -1.322779 1947.199415
0.000800 -0.004205 1.000000
1.041943 -2.306763 -1733.729356
0.563171 -1.990344 1643.639102
0.001723 -0.005841 1.000000
-0.108164 -1.045242 -178.236266
-0.174797 -1.049030 -14.841018
-0.000368 -0.002564 1.000000
-0.128271 -1.638483 182.449602
-0.023493 -1.275908 -272.640009
0.000123 -0.003228 1.000000
-0.232246 -1.127492 827.639324
-0.125041 -0.785758 -237.196756
-0.000397 -0.002120 1.000000
-0.113582 -0.604925 -263.773661
-0.050122 -0.420474 -209.909820
-0.000563 -0.001913 1.000000
-0.558846 -0.453961 -77.447708
-0.388543 -0.584677 26.403726
-0.001146 -0.001241 1.000000
-0.219806 -1.194143 321.605534
-0.150972 -0.948567 -78.844704
-0.000388 -0.002588 1.000000
-0.142382 -0.883742 658.181999
-0.226390 -0.790769 -45.393646
-0.000596 -0.002046 1.000000
-0.068338 -1.209056 339.894905
-0.050105 -1.033758 -286.772672
-0.000109 -0.002421 1.000000
0.125016 -1.986222 1067.386972
0.321197 -1.235392 -775.349994
0.000612 -0.003803 1.000000
0.435240 -1.728505 -98.331204
0.160263 -0.717624 -486.100344
0.000278 -0.003112 1.000000
-0.215935 -0.581086 -23.853068
-0.113522 -0.456554 -174.259758
-0.000615 -0.001636 1.000000
0.503227 -1.993106 -871.222657
0.217296 -1.817687 -304.028766
0.001257 -0.004660 1.000000
0.076076 -0.992508 34.993242
0.071047 -0.749259 -337.161074
0.000038 -0.002464 1.000000
-0.156747 -1.100823 609.666354
0.002299 -0.923889 -211.742855
-0.000362 -0.002608 1.000000
-0.420631 -0.925281 537.793576
-0.063568 -0.837161 -305.502772
-0.000582 -0.002156 1.000000
-2.520308 2.107068 -6658.704850
-1.502496 0.951734 -1464.902362
-0.005297 0.004529 1.000000
10.542510 -17.280258 17604.315191
8.123196 -13.046390 -6440.229324
0.019254 -0.031820 1.000000
0.669053 -1.896573 -381.383312
0.537863 -1.658750 -1303.635210
0.001942 -0.004846 1.000000
0.149237 -1.139711 -35.153550
-0.006091 -0.807657 -135.887691
-0.000163 -0.002641 1.000000
-0.271817 -1.019093 456.285155
-0.238913 -0.700583 -241.684712
-0.000672 -0.001993 1.000000
0.699250 -2.333840 509.377948
0.442639 -1.682528 -773.005534
0.001262 -0.004687 1.000000
0.232150 -1.562511 474.852590
0.049425 -1.252956 -378.350343
0.000220 -0.003130 1.000000
0.002333 -0.965602 320.242137
0.028485 -0.675362 -129.968972
-0.000217 -0.002126 1.000000
-0.707159 -0.578450 1271.568879
-0.467189 -0.234441 898.969016
-0.001522 -0.000813 1.000000
-0.483441 -0.843098 1514.468191
-0.274473 -0.406773 147.248263
-0.001013 -0.001445 1.000000
0.544924 -2.198096 -401.051990
0.582627 -2.230692 -467.574981
0.001209 -0.005308 1.000000
-1.663605 1.449066 -2777.894046
-0.955917 0.718770 -6207.852766
-0.003190 0.002431 1.000000
2.975795 -5.879231 1296.017389
2.327877 -3.881983 -4647.739208
0.005051 -0.009941 1.000000
-0.433327 -1.153305 654.840758
-0.110736 -0.858988 -199.657843
-0.000527 -0.002235 1.000000
-0.018192 -1.946384 999.014627
0.015519 -1.189620 -594.623956
0.000175 -0.003340 1.000000
-0.645176 -0.953210 1193.298244
-0.355817 -0.631518 -69.596964
-0.001029 -0.001547 1.000000
-0.277626 -1.763415 1034.321427
-0.078244 -0.796715 -209.050975
-0.000274 -0.002509 1.000000
-0.230184 -1.432554 -698.945703
-0.129853 -0.917178 551.516383
-0.000287 -0.002544 1.000000
-0.528440 -1.383217 1123.987116
-0.167413 -0.767972 -193.323430
-0.000692 -0.002051 1.000000
-0.213731 -1.093528 814.360092
-0.016478 -0.656974 -152.062452
-0.000343 -0.002206 1.000000
-0.637202 -0.707925 877.886600
-0.199079 -0.642243 -170.704178
-0.000851 -0.001582 1.000000
-0.286583 -0.392422 48.977075
-0.392739 -0.615267 883.712673
-0.000954 -0.001460 1.000000
-0.220514 -0.988393 881.017525
-0.123714 -0.547988 -381.350324
-0.000558 -0.001663 1.000000
-1.802851 0.833980 3194.713916
-0.989273 0.789933 1692.031562
-0.002980 0.002061 1.000000
-0.357273 -0.663908 1129.092697
-0.360520 -0.685268 536.800400
-0.000896 -0.001473 1.000000
0.035847 -1.604287 541.164601
-0.030712 -1.037939 -135.223482
-0.000033 -0.002686 1.000000
-0.182679 -1.237662 851.424259
-0.085203 -0.581674 -41.169657
-0.000250 -0.002165 1.000000
-0.342386 -1.217890 1127.892894
-0.074095 -0.731136 -266.538498
-0.000395 -0.002261 1.000000
0.031663 -1.282005 949.780943
0.105430 -0.385085 -144.623901
0.000199 -0.002322 1.000000
0.150637 -1.270840 -635.901566
0.232790 -0.948797 -690.756890
0.000481 -0.003246 1.000000
-0.190821 -1.172012 493.314644
-0.143598 -0.890622 1252.570422
-0.000402 -0.002712 1.000000
-0.159345 -1.252617 704.670422
-0.071703 -0.618477 -100.564371
-0.000280 -0.002318 1.000000
0.165425 -1.549440 207.435805
-0.009013 -1.431846 1364.745374
-0.000040 -0.003525 1.000000
-0.250562 -1.054862 591.193887
-0.159635 -0.646642 -140.528163
-0.000632 -0.002118 1.000000
0.188043 -1.445745 1891.589342
-0.028559 -0.900774 -938.836199
-0.000062 -0.002850 1.000000
-0.430629 -0.383174 -144.102057
-0.203902 -0.156202 -75.225576
-0.001046 -0.001021 1.000000
-0.032682 -1.637376 830.019787
-0.135502 -0.970977 -77.048321
-0.000039 -0.002760 1.000000
0.019841 -0.975268 269.857294
-0.037255 -0.745147 -90.201834
-0.000278 -0.002254 1.000000
-0.450962 -0.784422 1740.537698
-0.321222 -0.616752 -339.790041
-0.001006 -0.001622 1.000000
-0.728920 -0.930233 654.775655
-0.262904 -0.774103 -45.682872
-0.000957 -0.001734 1.000000
-0.743588 -0.444282 177.681878
-0.589693 -0.336624 -249.716851
-0.001527 -0.000892 1.000000
-0.254257 -1.482351 508.377511
-0.113238 -0.917881 -117.927621
-0.000307 -0.002326 1.000000
-0.232135 -1.174758 408.232627
-0.156493 -0.894235 -276.672122
-0.000455 -0.002323 1.000000
-0.335148 -1.272326 351.272823
-0.163686 -0.837516 -215.474300
-0.000493 -0.002266 1.000000
-0.404604 -1.415886 778.640135
-0.145168 -0.892369 -307.736048
-0.000498 -0.002329 1.000000
-0.371923 -1.371674 753.060408
-0.234896 -1.216444 211.701998
-0.000419 -0.002486 1.000000
-0.275278 -1.124942 775.460367
-0.127352 -0.853426 112.136888
-0.000320 -0.002169 1.000000
-0.099916 -1.464045 827.839104
0.005739 -0.987277 -101.380331
0.000168 -0.002848 1.000000
-0.236235 -1.324225 622.533425
-0.154675 -1.118551 105.604227
-0.000214 -0.002634 1.000000
1.217051 -2.975493 2656.649645
1.094500 -2.657466 -234.751924
0.002328 -0.005955 1.000000
1.048932 0.010526 3.742127
0.004551 1.672472 -161.007067
0.000105 0.000327 1.000000
-0.068400 -1.398268 681.653204
-0.057328 -1.255506 -18.860819
-0.000282 -0.002695 1.000000
-0.623998 -0.673915 972.253728
-0.155798 -0.503936 51.832244
-0.000875 -0.001450 1.000000
-0.199080 -0.576060 576.950304
-0.086764 -0.245682 -389.558554
-0.000577 -0.001477 1.000000
-0.146940 -1.012179 419.905222
0.036110 -0.630629 -310.000717
-0.000409 -0.002202 1.000000
-0.579725 -0.411144 314.349107
-0.331671 -0.394179 -53.817665
-0.001141 -0.001067 1.000000
-0.228845 -0.632748 447.684157
-0.196472 -0.883468 -40.075041
-0.000709 -0.002134 1.000000
0.158909 -1.414927 861.738450
0.118745 -1.314156 -193.395128
0.000150 -0.003255 1.000000
-0.143200 -0.856332 74.873249
-0.140858 -0.874727 153.263616
-0.000512 -0.002092 1.000000
0.014504 -1.623689 544.461522
0.176988 -1.509782 -343.943835
0.000103 -0.003344 1.000000
0.028411 -1.267974 410.949392
0.028383 -0.768460 -219.302411
-0.000155 -0.002594 1.000000
0.070448 -0.984135 488.242692
0.086765 -1.333201 -70.628911
0.000065 -0.003157 1.000000
1.042991 -2.744431 788.297325
0.699177 -2.760871 -678.938000
0.001479 -0.005628 1.000000
-0.347079 -0.943315 719.880238
-0.109257 -0.525559 -14.569494
-0.000561 -0.001773 1.000000
-0.314722 -0.870739 322.431393
-0.122918 -0.676632 -19.885703
-0.000475 -0.002030 1.000000
-0.170285 -0.846934 345.607436
-0.140202 -0.727501 212.030668
-0.000268 -0.001975 1.000000
-0.376842 -1.376928 446.340165
-0.145335 -1.308643 176.446497
-0.000385 -0.002684 1.000000
-0.444738 -0.898617 443.710087
-0.265360 -0.588612 290.265682
-0.000645 -0.001555 1.000000
-1.369819 1.645297 -697.974594
-1.652355 2.126751 853.321241
-0.004028 0.004629 1.000000
-0.675492 -0.897704 1224.448140
-0.215128 -0.583935 221.896577
-0.000840 -0.001461 1.000000
-0.185013 -1.134983 1141.024080
-0.095797 -0.549092 85.534682
-0.000408 -0.002159 1.000000
46.523888 -51.376287 24681.801593
15.498022 -35.735564 -555.002398
0.085602 -0.117262 1.000000
4.025994 -8.616892 -3398.863839
2.172340 -6.160251 -5213.078650
0.006699 -0.015601 1.000000
-0.021074 -1.506557 709.617792
0.124871 -0.572560 -214.345694
0.000174 -0.002564 1.000000
-0.236652 -0.898999 795.194296
-0.110203 -0.724173 0.265023
-0.000552 -0.002136 1.000000
0.803926 -3.939407 2104.702343
1.175129 -4.004521 -1019.972940
0.002633 -0.007526 1.000000
-0.079593 -1.532665 1161.582550
-0.042340 -1.216012 -174.056858
0.000092 -0.002870 1.000000
-0.797256 1.199109 -1283.961701
-1.310850 1.264154 898.976626
-0.002963 0.002351 1.000000
-0.200398 -0.939375 82.813016
-0.159455 -1.128960 107.577717
-0.000455 -0.002392 1.000000
-0.772195 4.213954 -2319.022336
-2.461734 5.437865 1430.453668
-0.005528 0.009769 1.000000
0.035810 -0.714712 133.772395
0.018248 -0.359396 -19.245652
-0.000028 -0.002099 1.000000
-0.437253 -0.915467 778.872012
-0.310100 -0.728243 26.503517
-0.000770 -0.001675 1.000000
0.744460 -2.781441 -1315.907358
0.384196 -1.479606 1009.191205
0.000845 -0.004395 1.000000
0.645468 -2.808412 2405.632581
0.636509 -1.518343 -1630.722602
0.001849 -0.005057 1.000000
-0.159689 -0.807018 437.094987
-0.117283 -0.634187 12.328051
-0.000357 -0.001922 1.000000
0.049864 -1.910537 -249.389063
0.082280 -1.087323 -106.547126
0.000252 -0.003236 1.000000
-0.569847 -1.097497 322.003328
-0.219874 -0.639314 -160.718374
-0.000915 -0.001608 1.000000
-0.306194 -1.228864 854.666549
-0.111329 -0.730078 -320.640370
-0.000502 -0.002174 1.000000
0.285056 -1.702658 417.502142
0.180572 -1.411365 -287.834398
0.000431 -0.003498 1.000000
-0.386643 -1.132763 712.546788
-0.151918 -0.857485 -163.301830
-0.000440 -0.002157 1.000000
-0.061195 -1.761190 391.739940
0.037037 -0.992306 -346.772763
0.000041 -0.003177 1.000000
-0.140939 -1.540977 726.784840
-0.082620 -0.729955 -410.567725
-0.000122 -0.002521 1.000000
-1.780897 0.678649 -452.552526
-0.911049 0.605920 906.908946
-0.002979 0.001143 1.000000
-0.500749 -0.629096 306.579031
-0.286195 -0.403631 175.907064
-0.000795 -0.001238 1.000000
0.143991 -1.940302 348.903305
0.374861 -1.428174 -397.260059
0.000463 -0.003423 1.000000
-0.416801 -0.784930 410.403053
-0.301793 -0.606266 -113.476030
-0.000883 -0.001428 1.000000
