-0.751770 -0.021294 423.523737
-0.715288 -0.019506 807.994015
-0.001677 0.000126 1.000000
-1.800502 0.986541 247.092889
-1.291605 0.592202 1844.503350
-0.003512 0.002451 1.000000
-1.250025 0.950430 838.906840
-0.972543 0.100725 1471.926398
-0.002562 0.001593 1.000000
-0.704615 -0.079907 496.418370
-0.643808 -0.279091 866.223130
-0.001409 -0.000212 1.000000
0.193598 -1.782119 588.972515
0.147480 -1.693312 -112.457356
0.000099 -0.003506 1.000000
0.337113 -3.001650 1452.252300
0.611384 -2.521745 -403.116288
0.001402 -0.005481 1.000000
-1.574589 1.478276 1305.068509
-1.317393 0.947633 1123.479055
-0.004535 0.003589 1.000000
-1.153274 0.304349 819.603123
-0.736601 -0.140149 1026.070963
-0.001904 0.000229 1.000000
-0.579263 -0.329132 422.400701
-0.636660 -0.298807 946.315157
-0.001297 -0.000662 1.000000
-0.412196 -0.386164 -224.548349
-0.356567 -0.278169 165.296673
-0.001069 -0.000921 1.000000
0.450877 -2.073466 851.946800
0.094304 -0.852255 -292.962596
0.001689 -0.004714 1.000000
-8.066868 12.445625 14417.519172
-4.236192 8.822477 7102.111106
-0.014821 0.028195 1.000000
7.400648 -20.539158 -4643.132056
5.736890 -15.128461 -11722.638553
0.014302 -0.033218 1.000000
2.097234 -5.342874 518.193275
0.864072 -2.038683 -3507.558591
0.002763 -0.007203 1.000000
-0.707163 -0.438686 387.748936
-0.719215 -0.432337 927.824784
-0.001538 -0.000490 1.000000
-0.625122 -0.514601 375.101123
-0.555920 -0.403563 1066.996186
-0.001207 -0.000854 1.000000
-0.700504 -0.381452 790.613283
-0.542125 -0.380413 720.906185
-0.001460 -0.000535 1.000000
-1.962302 2.299299 927.037357
-1.515873 1.016492 2708.099605
-0.004200 0.005047 1.000000
-1.519336 0.884411 939.754494
-1.027178 0.085797 1314.528354
-0.002685 0.001642 1.000000
2.672187 -7.792444 1450.249837
2.489918 -6.599837 -4334.552076
0.007437 -0.017740 1.000000
0.220288 -1.954681 317.268382
0.132568 -1.350566 -286.363214
0.000681 -0.003916 1.000000
4.444101 -6.274835 -8667.937588
1.953388 -4.915862 -1469.214957
0.006661 -0.012996 1.000000
-0.491570 -0.230404 968.889346
-0.414076 -0.295836 546.166381
-0.001064 -0.001097 1.000000
-3.049776 2.465039 2118.250015
-2.247207 1.684272 2720.204912
-0.006164 0.005982 1.000000
0.675922 -2.239276 768.789117
0.295789 -1.804538 -1124.349292
0.001209 -0.004964 1.000000
0.466026 -1.268162 676.134526
0.216464 -2.150037 -475.878345
0.001127 -0.005155 1.000000
-0.840668 0.207880 576.310942
-0.984770 0.421401 1453.335820
-0.002106 0.000911 1.000000
-4.603226 6.517631 3260.514815
-2.637370 3.974586 3006.282561
-0.007162 0.010471 1.000000
-0.905867 -0.103446 418.203403
-0.742953 -0.018275 817.224832
-0.001899 0.000290 1.000000
0.706240 -3.153450 10.811119
0.662817 -3.136289 -852.591787
0.002162 -0.007903 1.000000
-1.786930 3.166550 1260.474468
-2.205664 3.142654 2222.376751
-0.004921 0.006798 1.000000
-1.719181 1.333144 2544.716930
-1.079084 0.863360 1611.789104
-0.002958 0.002602 1.000000
-0.461931 -0.724652 1357.768859
-0.404578 -0.767301 159.296534
-0.000911 -0.001395 1.000000
-6.401206 12.710713 832.331662
-5.075873 11.405893 6230.407411
-0.017101 0.031331 1.000000
6.369275 -16.786053 -4266.615658
5.127034 -14.996950 -7204.552562
0.015407 -0.035613 1.000000
0.383162 -2.191572 34.946535
0.333011 -1.162069 -352.273244
0.000965 -0.004393 1.000000
-5.010074 15.988737 -32.111193
-10.304745 18.247385 9718.685669
-0.022024 0.044902 1.000000
3.208301 -8.556872 -2063.592487
2.902057 -5.972200 -8128.509739
0.006937 -0.016829 1.000000
-2.293469 2.143594 2056.897519
-1.384203 0.970942 2071.996118
-0.003813 0.004272 1.000000
-0.173046 -1.693497 86.175567
-0.177015 -1.131404 270.111522
0.000238 -0.003580 1.000000
-1.173220 1.484787 4.694454
-1.036969 1.285663 1175.544141
-0.003258 0.003789 1.000000
-0.141303 -1.024755 -145.295155
-0.128934 -0.942162 -356.681108
-0.000152 -0.002531 1.000000
4.589810 -10.458067 5830.401342
1.689500 -7.714700 -5237.911634
0.008134 -0.019143 1.000000
0.693907 -3.702068 -210.462515
0.794431 -2.863268 -4009.042837
0.001809 -0.006967 1.000000
0.047463 -1.586758 1161.851947
0.111226 -1.542133 -530.438730
0.000734 -0.004138 1.000000
1.129491 -3.479942 -2176.843989
0.454782 -2.003852 -1432.530671
0.001886 -0.006095 1.000000
0.438740 -1.905358 -1293.004966
0.019757 -1.614296 23.258437
0.000492 -0.004020 1.000000
-0.403654 -1.174740 -114.430445
-0.424706 -1.094315 409.625163
-0.000594 -0.002083 1.000000
-0.850870 -0.134103 271.439008
-0.637587 -0.295432 929.098040
-0.001514 -0.000256 1.000000
0.512865 -1.707156 1034.224217
-0.087101 -1.256740 -531.110003
0.000470 -0.003438 1.000000
1.725590 -4.947518 281.637894
0.736821 -3.655034 -1358.834507
0.002976 -0.008770 1.000000
0.036961 -1.389644 9.554523
-0.228864 -1.224501 300.367624
-0.000004 -0.002838 1.000000
-0.298282 -0.617486 -78.438644
-0.393615 -0.610716 291.580384
-0.000829 -0.001488 1.000000
10.278413 -10.793023 -750.700996
8.076089 -11.161015 -6584.153126
0.024687 -0.032822 1.000000
-5.905216 10.456296 -4890.903705
-4.882604 10.009625 4857.855017
-0.013340 0.022647 1.000000
-1.028891 -0.051115 634.929849
-0.571343 -0.241629 986.713351
-0.001598 0.000140 1.000000
-0.723929 -0.242234 1314.204213
-0.372827 -0.094373 110.428315
-0.001236 -0.000420 1.000000
-0.427470 -0.392213 2365.674069
-0.452772 -0.553720 1020.864648
-0.001060 -0.001086 1.000000
-1.208973 0.665901 3042.749930
-0.966310 0.237040 707.411481
-0.002306 0.000977 1.000000
2.975419 -7.767425 -1810.696314
2.830594 -7.261308 -3911.643876
0.006815 -0.014973 1.000000
-0.477289 -0.847854 538.044749
-0.385848 -0.766761 -389.932478
-0.000941 -0.001746 1.000000
1.257085 -4.006594 -55.713703
0.449770 -3.679784 -2617.899958
0.001869 -0.007702 1.000000
-0.250001 -1.100020 164.047247
-0.176040 -0.716980 -330.770486
-0.000274 -0.002394 1.000000
-0.577350 -0.271792 980.107968
-0.544443 -0.476792 794.726578
-0.001407 -0.000714 1.000000
-0.729691 -0.365368 520.001292
-0.327844 -0.219123 871.501475
-0.001379 -0.000667 1.000000
0.647266 -3.717140 1599.900473
1.096113 -4.644529 -2214.411406
0.003486 -0.010397 1.000000
-3.041741 5.903783 -7120.955208
-3.086576 6.026884 3367.778656
-0.008176 0.013588 1.000000
-1.570214 0.637216 2349.556798
-1.160420 1.054109 1076.270621
-0.003476 0.003139 1.000000
-1.054919 -0.473068 1748.477858
-0.569899 0.013706 -370.608141
-0.001892 -0.000085 1.000000
-1.299643 1.278849 -69.789445
-1.853967 2.334149 2172.670963
-0.004282 0.005600 1.000000
-0.347458 -1.669863 314.589376
-0.239101 -1.386427 173.301558
-0.000114 -0.003199 1.000000
0.973039 -2.995319 928.380530
0.696159 -3.035711 -2033.083702
0.002014 -0.006847 1.000000
0.016166 -2.239680 -334.912889
0.040128 -1.926127 -119.114347
0.001014 -0.005478 1.000000
-1.152906 0.385594 1685.248857
-0.628843 -0.160973 1427.964658
-0.001905 0.000468 1.000000
-1.463016 1.320411 1488.899990
-0.937124 0.238937 1214.079982
-0.002544 0.001925 1.000000
-5.641253 8.352670 -908.291890
-5.834236 8.163227 4955.642293
-0.011987 0.019443 1.000000
32.569778 -64.668702 -41826.475525
30.319431 -61.399833 -34475.913352
0.090711 -0.144582 1.000000
-0.308363 -1.024914 837.612232
-0.120383 -0.779442 -272.423937
-0.000545 -0.002228 1.000000
0.522943 -2.840572 1493.575417
0.375725 -3.278800 -308.081264
0.002021 -0.007320 1.000000
0.300752 -1.926173 357.409751
0.181025 -1.805761 -175.376493
0.000552 -0.003891 1.000000
13.510874 -26.230338 -21741.058561
9.592582 -20.638016 -20563.848027
0.028615 -0.056989 1.000000
-1.117449 0.634000 1977.357421
-0.722670 0.431774 1297.700247
-0.002404 0.001797 1.000000
-1.480683 1.026484 1529.263848
-0.887169 0.447446 475.515088
-0.002401 0.001399 1.000000
103.185030 -180.171990 10782.933004
77.269330 -187.151923 -181313.434651
0.211148 -0.425330 1.000000
-0.745196 -0.042245 965.261322
-0.453618 -0.090780 596.597981
-0.001767 -0.000249 1.000000
-0.786594 -1.469433 1249.294059
-0.247285 -0.527451 122.995572
-0.000758 -0.001590 1.000000
-0.946180 -0.049757 1283.897153
-0.607276 -0.098966 442.813119
-0.001611 -0.000085 1.000000
-0.733837 -0.617691 1178.079152
-0.436322 -0.369498 154.300162
-0.001093 -0.000799 1.000000
2.134642 -5.321306 -1422.004266
1.417418 -4.229311 -1288.813263
0.005017 -0.011530 1.000000
-1.059722 -0.272455 941.716505
-0.856231 0.072558 1210.241726
-0.001877 0.000266 1.000000
-1.398205 0.530812 2322.660451
-1.120255 0.902435 1431.029902
-0.002533 0.001729 1.000000
-0.144636 -1.760421 256.607943
-0.054133 -1.067510 -68.205504
-0.000031 -0.002984 1.000000
-0.165406 -1.570428 -316.230432
-0.014296 -1.002329 213.938183
0.000013 -0.002655 1.000000
-2.673819 1.969152 4445.516042
-1.390542 1.068607 899.988067
-0.005635 0.004899 1.000000
-1.099042 0.221057 1206.704870
-0.620765 0.058227 836.866249
-0.001920 0.000666 1.000000
0.028453 -1.508610 1135.980670
-0.341747 -1.348183 359.910675
-0.000121 -0.002667 1.000000
0.692981 -2.183955 -825.729608
0.346763 -1.448103 -1206.285961
0.001614 -0.005182 1.000000
-0.312380 -1.600594 -109.811749
-0.092827 -1.172248 480.188804
-0.000133 -0.003017 1.000000
0.055623 -2.971455 -112.933505
-0.178960 -1.633052 -104.364565
0.000836 -0.005310 1.000000
-1.750766 1.009196 809.898462
-1.070354 0.595624 1460.076901
-0.003084 0.002016 1.000000
-1.490607 0.971087 1420.416740
-1.214835 0.665851 1298.621222
-0.002534 0.001593 1.000000
-0.375579 -1.151707 789.571288
-0.398087 -1.021419 97.357077
-0.000697 -0.001912 1.000000
-0.363397 -1.114122 391.331206
-0.267739 -1.225073 -77.726193
-0.000490 -0.002149 1.000000
-0.318916 -1.277812 1217.563511
-0.275260 -1.026055 -74.480908
-0.000427 -0.002525 1.000000
38.612569 -63.587071 -21169.726200
44.757077 -79.301112 -31395.675963
0.089391 -0.167657 1.000000
-5.199875 6.650070 -778.060882
-4.967215 6.623759 2903.760369
-0.009474 0.013656 1.000000
5.436001 -9.377674 -4353.226888
4.598055 -9.129547 -4553.124177
0.010108 -0.022411 1.000000
-0.782498 -0.273165 1037.747561
-0.568518 -0.248230 382.542268
-0.001288 -0.000457 1.000000
-0.334144 -1.386328 294.079306
-0.185051 -1.749061 -164.987995
0.000076 -0.003417 1.000000
0.408946 -3.705744 -676.996256
0.971770 -3.855607 -548.855316
0.001897 -0.007597 1.000000
-0.362918 -1.232190 -27.304194
-0.151741 -0.744475 354.783389
-0.000355 -0.002310 1.000000
-0.261237 -1.169547 212.032620
-0.158216 -0.671503 -126.126731
-0.000415 -0.002174 1.000000
7.026848 -11.672924 978.811266
4.435311 -8.995901 -6741.769505
0.014847 -0.025094 1.000000
-1.565621 1.062837 -323.415186
-1.270002 0.436889 1185.001177
-0.003182 0.002078 1.000000
0.894492 -2.653020 464.744115
0.966760 -3.285799 -960.774938
0.002434 -0.007657 1.000000
-1.202716 0.965266 1992.208151
-1.308713 0.689082 1503.782494
-0.003494 0.003553 1.000000
-0.230135 -1.733310 906.515203
0.065116 -1.570066 -682.563706
0.000006 -0.003758 1.000000
-0.992250 -0.630794 1668.086866
-0.732590 -0.270693 911.560872
-0.001811 0.000208 1.000000
0.400307 -2.997632 -61.518255
0.390334 -2.180143 -559.015832
0.001408 -0.006011 1.000000
-1.657097 1.214091 1108.634672
-1.675865 1.349567 2156.078425
-0.004221 0.004206 1.000000
-0.289352 -0.915058 343.510833
-0.336620 -0.743909 122.649668
-0.000659 -0.001666 1.000000
0.311211 -2.346810 462.205027
0.315150 -1.775358 -574.859716
0.001811 -0.005366 1.000000
-0.300015 -0.807153 -108.101029
-0.303809 -0.596999 -40.280548
-0.000590 -0.001739 1.000000
-0.062876 -1.779769 1088.818423
-0.049359 -0.973570 -163.279254
0.000096 -0.002932 1.000000
-0.158276 -1.052259 940.640510
-0.213674 -0.962623 -431.190133
-0.000460 -0.002168 1.000000
-4.502587 5.157663 -1114.200199
-2.206170 2.626442 6057.721028
-0.007209 0.010167 1.000000
-12.158505 31.901119 -4806.572120
-14.304974 32.217293 29831.687449
-0.040708 0.083128 1.000000
-0.312417 -0.827208 238.048632
-0.376019 -1.083717 277.120834
-0.000586 -0.002020 1.000000
-0.308599 -0.883674 644.162369
-0.322072 -0.894029 232.936704
-0.000444 -0.002088 1.000000
0.355228 -2.749843 562.069496
0.213637 -2.355412 -218.148706
0.000675 -0.004473 1.000000
-0.518652 -0.699288 1181.252411
-0.411309 -0.624492 443.279882
-0.000849 -0.001285 1.000000
-0.284447 -0.778718 932.511842
-0.299818 -0.851923 -190.526173
-0.000612 -0.001901 1.000000
0.034750 -2.252371 -768.413684
-0.015464 -1.462691 -778.848215
0.000295 -0.003624 1.000000
0.232600 -2.920040 482.274404
0.334797 -1.818310 -471.763439
0.000904 -0.004388 1.000000
-1.861923 1.921741 2545.915213
-1.752669 2.903147 2137.900657
-0.003788 0.005460 1.000000
11.112862 -17.079771 -16098.875029
8.494983 -16.052902 -8018.763649
0.028992 -0.051566 1.000000
-0.324694 -1.921568 2035.222530
0.037420 -1.517920 -189.584532
0.000230 -0.003143 1.000000
-0.935259 -0.110242 1803.526940
-0.598669 -0.210552 -15.705335
-0.001647 0.000069 1.000000
-4.256494 4.064236 -1592.848002
-3.267709 3.458601 3170.527780
-0.008797 0.012424 1.000000
-0.726326 -0.156000 174.628535
-0.447577 0.015520 1143.909020
-0.001473 -0.000354 1.000000
-1.033013 -0.255308 1310.865301
-0.559153 -0.390112 906.594559
-0.001507 -0.000399 1.000000
-5.129727 6.679469 2386.822769
-1.981654 3.928285 4384.275665
-0.007627 0.013912 1.000000
1.429282 -4.713623 -741.781573
0.671992 -3.041210 -822.408562
0.002400 -0.008198 1.000000
-0.330938 -0.703234 782.386673
-0.188304 -0.361137 18.987182
-0.000786 -0.001409 1.000000
-0.943572 0.712116 794.908951
-0.443568 -0.095354 787.557703
-0.001690 0.000145 1.000000
0.960127 -4.036068 489.350729
0.827722 -2.603798 -1241.368586
0.002266 -0.007158 1.000000
-6.862399 10.584008 556.093853
-4.585409 8.009179 8255.169439
-0.014022 0.021488 1.000000
-1.769424 1.408337 1294.382219
-0.918394 0.999918 1174.153804
-0.002626 0.002556 1.000000
-1.094336 0.303860 1603.554275
-0.729318 0.186552 321.166772
-0.001908 0.000448 1.000000
-1.479940 1.281337 1023.956329
-1.167984 1.095412 786.780074
-0.002510 0.002153 1.000000
0.658326 -3.224757 -800.274280
0.296779 -2.456228 -228.803852
0.001734 -0.005896 1.000000
-0.864485 0.254739 623.742083
-0.725976 0.235468 1071.201360
-0.002012 0.000693 1.000000
-3.800647 5.573070 692.227964
-2.529160 3.908534 3207.928380
-0.008304 0.010114 1.000000
-5.213964 10.937766 -342.551273
-3.241116 8.072457 3612.743573
-0.009230 0.015258 1.000000
0.646503 -2.416086 703.420461
0.212086 -1.470260 -188.009722
0.000602 -0.003677 1.000000
-0.691319 -0.418399 72.855033
-0.291968 -0.188219 473.801659
-0.001206 -0.000884 1.000000
-3.906336 7.216862 1742.704075
-2.532429 3.790717 3048.134915
-0.007198 0.010904 1.000000
0.280676 -2.182823 666.618684
0.202936 -1.417766 -887.163065
0.000334 -0.003617 1.000000
-1.086579 0.677543 831.465888
-0.747213 -0.074779 -449.279856
-0.002189 0.000369 1.000000
-0.932917 -0.402799 1501.528004
-0.732119 -0.329101 970.045266
-0.001880 0.000079 1.000000
0.145023 -1.711674 943.687859
0.007950 -1.679361 94.302625
0.000559 -0.003949 1.000000
-0.880085 -0.071549 1831.099177
-0.434980 -0.115488 1157.115912
-0.001589 -0.000036 1.000000
9.340168 -16.218748 -9861.171610
4.844954 -11.032338 -557.076260
0.019942 -0.035755 1.000000
-1.194199 1.019882 -11.506497
-1.326003 0.811255 1574.896085
-0.002652 0.002028 1.000000
-2.822572 4.251682 -4399.441457
-3.537933 3.218539 3443.712593
-0.006669 0.008103 1.000000
-1.375173 0.894066 1472.347417
-0.811645 0.364812 872.166869
-0.002517 0.001549 1.000000
-8.219466 11.980026 -11568.728968
-6.339233 9.213947 11531.318269
-0.013870 0.024738 1.000000
-1.700806 4.776380 -688.065927
-2.793926 3.726572 3266.626935
-0.006875 0.010101 1.000000
-0.329892 -1.645599 444.813895
-0.123376 -1.089388 99.040414
-0.000166 -0.003024 1.000000
-11.237745 37.636620 -10717.419622
-14.791798 39.017652 25193.727069
-0.051023 0.105250 1.000000
3.743534 -7.145774 51.935995
2.168993 -5.452135 -3629.300363
0.007213 -0.016021 1.000000
-0.348737 -1.185066 590.196346
-0.245648 -1.111931 -185.961312
-0.000238 -0.002735 1.000000
0.784061 -3.404034 -618.039127
0.285339 -1.591620 -252.696239
0.001241 -0.005507 1.000000
-1.714393 1.919261 1522.975722
-1.330906 1.458164 1109.182178
-0.003166 0.003481 1.000000
0.821055 -3.642455 -759.663086
0.411289 -2.792388 -1012.637939
0.001875 -0.006509 1.000000
-10.999922 17.513365 378.658992
-7.482219 17.113867 13157.897621
-0.022636 0.037266 1.000000
-22.873189 39.114869 9308.756954
-13.605647 33.379639 10282.758159
-0.037497 0.066773 1.000000
0.688744 -3.005424 -673.546379
0.130146 -1.351784 27.999715
0.001290 -0.005352 1.000000
-1.401756 0.994214 864.392960
-1.053393 0.970320 1295.297797
-0.002933 0.002131 1.000000
-4.652425 6.509019 4047.444301
-4.175101 5.661520 5604.982438
-0.010614 0.015713 1.000000
-0.370657 -0.786944 50.274068
-0.424129 -0.687112 671.641331
-0.000842 -0.001338 1.000000
-1.820842 1.435683 1594.094202
-1.603212 0.790150 1662.557874
-0.003605 0.002978 1.000000
0.370215 -2.752054 99.162388
0.201534 -1.792500 1703.858162
0.000619 -0.004615 1.000000
-0.039284 -2.014450 203.474619
-0.077074 -1.001854 -369.025873
0.000045 -0.003364 1.000000
-0.620779 -1.165206 -185.066494
-0.292493 -0.558829 166.180610
-0.000774 -0.001617 1.000000
0.429552 -2.822278 -1485.242597
0.547447 -1.887750 -777.937159
0.001532 -0.005554 1.000000
-1.153249 0.783665 1083.148709
-1.050454 0.406131 1061.290810
-0.003360 0.001806 1.000000
-0.752558 0.156804 -4622.990158
-0.754534 0.084210 706.305301
-0.001910 0.000445 1.000000
-3.483897 3.798137 3120.910459
-1.323734 1.703681 2499.455566
-0.004788 0.005684 1.000000
-0.172623 -2.418857 -675.167616
0.033729 -1.119223 -481.584766
0.000106 -0.003465 1.000000
-0.616334 -0.059147 252.152940
-0.373629 0.030864 -149.392919
-0.001319 -0.000282 1.000000
-0.768870 -0.366558 325.566198
-0.522314 -0.030732 874.469672
-0.001834 -0.000148 1.000000
-0.855187 0.420087 793.685937
-0.820797 0.028827 871.089022
-0.002195 0.000838 1.000000
-2.706351 4.519119 1452.388310
-1.511419 2.594651 2423.841022
-0.005043 0.006603 1.000000
-0.686953 -0.253710 459.472268
-0.442285 -0.128281 764.692665
-0.001494 -0.000402 1.000000
-0.965305 0.338443 1443.699736
-0.829479 0.456728 982.074199
-0.002129 0.000887 1.000000
-0.186116 -1.163788 2336.869320
-0.118362 -0.983321 843.564321
-0.000421 -0.002164 1.000000
-2.325695 4.975688 -3995.370215
-1.627923 2.305952 -976.186739
-0.004804 0.006547 1.000000
-0.814185 -0.532331 2059.120063
-0.394463 0.031536 30.878856
-0.001532 -0.000393 1.000000
-1.556206 1.389618 1531.444879
-1.142377 0.770468 1591.343786
-0.003066 0.002857 1.000000
-0.637852 -0.809803 306.584566
-0.173647 -0.228848 837.829791
-0.000878 -0.001323 1.000000
-0.769544 -0.268148 9.921961
-0.515832 -0.143329 946.975084
-0.001367 -0.000518 1.000000
-1.672385 2.839605 -146.095226
-1.048494 1.470316 1658.126259
-0.003266 0.003431 1.000000
-0.583410 -0.528735 978.192140
-0.383146 -0.525370 1329.914547
-0.000980 -0.001131 1.000000
-1.223173 1.018802 -261.443298
-1.094804 0.875516 938.270968
-0.002525 0.001750 1.000000
-1.670361 0.925028 -415.306304
-0.728280 0.070421 714.001195
-0.002519 0.001143 1.000000
-0.938865 0.247608 340.762804
-0.906583 0.427256 1927.989427
-0.002205 0.001160 1.000000
-2.307409 1.405209 -171.815048
-0.819234 0.809462 916.965527
-0.003320 0.002710 1.000000
-2.828681 4.345296 11.577671
-1.819404 4.048002 1534.791058
-0.004578 0.006972 1.000000
-0.489064 -0.272779 -118.041325
-0.377089 -0.410468 565.034153
-0.001164 -0.000894 1.000000
-0.613848 -0.701283 232.595961
-0.391375 -0.532354 171.712109
-0.001063 -0.001172 1.000000
-1.262151 0.141784 -83.307297
-0.712540 0.063083 152.651860
-0.002034 0.000438 1.000000
-1.204906 -0.161363 -325.742914
-0.676686 0.075536 669.755555
-0.001833 0.000115 1.000000
-1.287868 0.357401 -827.515915
-1.130013 0.600780 128.843732
-0.002927 0.001583 1.000000
-1.340209 1.060387 -17.190965
-0.851729 0.588227 705.342740
-0.002470 0.001598 1.000000
-2.048978 2.764382 -443.536368
-1.073335 1.331584 1590.697425
-0.004081 0.003812 1.000000
-0.838842 0.341725 -142.574136
-0.620293 0.246560 521.942902
-0.001786 0.000588 1.000000
-4.429740 7.539272 -3017.411735
-2.355232 3.342391 3260.535367
-0.007665 0.011050 1.000000
-0.073202 -0.882475 233.002371
0.014916 -0.478694 -72.226038
-0.000125 -0.002421 1.000000
-1.515346 0.268647 -1510.285580
-1.197830 0.697389 536.797298
-0.002997 0.002119 1.000000
30.558906 -48.061462 10797.860617
15.112684 -29.474989 -14145.550133
0.051618 -0.079453 1.000000
-0.524611 -0.938736 102.189800
-0.337082 -0.559438 -204.487404
-0.000795 -0.001627 1.000000
-0.985699 -0.026112 771.295575
-0.658094 -0.127868 780.337559
-0.001447 -0.000019 1.000000
-0.120891 -1.199858 490.395080
-0.024726 -0.866118 -17.647594
-0.000020 -0.002744 1.000000
0.036546 -1.597502 961.442519
0.138735 -0.969005 -286.298474
0.000404 -0.003337 1.000000
-1.134689 -0.110801 412.993897
-0.585720 -0.125821 846.597469
-0.001715 -0.000222 1.000000
-1.114419 1.007475 92.059803
-1.276385 1.124121 1159.290063
-0.002766 0.002812 1.000000
-0.674832 -0.738303 -405.380896
-0.396810 -0.569333 722.756121
-0.001065 -0.001329 1.000000
-1.152339 0.731841 -50.866121
-0.835441 0.130429 814.320420
-0.002077 0.000801 1.000000
-0.775661 0.541590 107.933465
-0.799752 0.414423 807.262223
-0.001852 0.001071 1.000000
-1.995795 2.542078 -17.362961
-1.499193 0.783751 1595.296289
-0.003405 0.003295 1.000000
-1.008866 0.572701 626.126671
-0.822688 -0.178976 1152.150820
-0.001744 0.000271 1.000000
-0.977655 0.486837 602.822200
-0.664159 0.067079 1134.852706
-0.001881 0.000672 1.000000
-35.377668 52.448945 -10190.437159
-11.710168 30.124959 16624.510957
-0.052834 0.098362 1.000000
0.722158 -1.883019 540.650086
0.059167 -1.379550 76.911901
0.000715 -0.003545 1.000000
0.253931 -0.659064 229.137009
-0.113023 -0.340706 129.048301
-0.000284 -0.001668 1.000000
-5.464732 8.487101 -1996.198343
-5.041267 9.270983 3218.493255
-0.012494 0.019762 1.000000
0.446796 -1.349412 450.410998
-0.088791 -0.723895 271.750411
0.000023 -0.002275 1.000000
0.180736 -0.627115 236.860272
-0.012788 -0.172299 15.955128
-0.000176 -0.001737 1.000000
-0.323020 -0.703598 286.771617
-0.386284 -0.239967 326.237461
-0.000858 -0.001120 1.000000
-0.010119 -0.066538 264.333727
-0.494291 0.434862 367.882998
-0.000893 -0.000125 1.000000
0.682299 0.236608 -74.105327
-0.148921 1.168488 -22.343401
-0.000527 0.000492 1.000000
-2.046582 2.777835 -1442.013168
-0.929944 2.164379 -551.319120
-0.005323 0.005020 1.000000
1.079314 -3.310892 1752.759798
0.547911 -1.953658 -317.484890
0.001862 -0.005307 1.000000
-0.860189 0.648935 -257.021277
-0.816564 0.286563 1084.914689
-0.002131 0.001022 1.000000
-1.549129 1.491840 -313.971505
-1.256442 0.973891 3076.428404
-0.003820 0.004266 1.000000
0.182864 -2.305832 434.690894
0.129859 -1.610181 -589.648336
0.000767 -0.004386 1.000000
0.644085 -2.431641 -237.018561
0.567748 -1.997514 -510.754570
0.002054 -0.006118 1.000000
0.840904 -3.677874 491.728352
0.695882 -3.013041 -1039.558717
0.002543 -0.007897 1.000000
11.283540 -27.559518 1928.835900
7.137949 -15.744487 -8885.193385
0.022368 -0.047347 1.000000
-1.146109 0.340672 1264.433109
-0.791864 0.078987 1963.174022
-0.002470 0.001169 1.000000
-1.259996 0.452233 824.242247
-1.234958 0.577951 1235.493494
-0.002555 0.001519 1.000000
-1.946091 1.999426 108.987764
-1.167461 0.764081 1596.646459
-0.003411 0.003737 1.000000
-0.996716 0.677343 7.979411
-0.962233 0.382319 1426.322538
-0.002512 0.002059 1.000000
-2.153449 1.758685 638.055964
-1.486104 1.441953 2222.147518
-0.003862 0.004323 1.000000
48.767957 -79.989296 21822.578284
46.029376 -101.041689 -22676.168762
0.099411 -0.199356 1.000000
1.128440 -3.867774 -1534.420241
0.499873 -3.570765 -162.989721
0.001725 -0.007445 1.000000
-2.850834 6.653974 1463.123654
-3.231328 5.867378 2578.294283
-0.009021 0.014532 1.000000
1.000000 -0.000000 -0.000000
0.000000 1.000000 -0.000000
0.000000 0.000000 1.000000
6.551838 4.868076 -2667.185301
0.324340 7.748400 -2312.120011
0.000116 0.010582 1.000000
-0.393632 0.370179 -117.293117
-0.336428 0.445349 72.993487
-0.001751 0.000526 1.000000
-1.007164 -0.189564 1381.588090
-0.497256 -0.147461 650.475260
-0.001395 -0.000052 1.000000
0.953640 -2.638983 1560.065752
0.085007 -1.757753 -429.195445
0.001435 -0.006065 1.000000
-0.801622 0.181404 130.969131
-0.591267 -0.190371 838.743859
-0.001470 -0.000028 1.000000
1.024723 -4.643532 190.736763
0.619129 -3.474824 -401.584368
0.002040 -0.007968 1.000000
-0.826610 0.133573 755.503114
-0.753577 -0.018259 890.137345
-0.001982 0.000431 1.000000
-3.623182 5.019426 5043.026244
-3.227153 4.966764 5273.777182
-0.008116 0.011946 1.000000
-3.377883 5.340979 2893.836909
-2.193155 4.056035 3042.504299
-0.006218 0.010692 1.000000
4.726580 -14.116375 -2626.026492
3.739561 -15.157169 -3451.090489
0.009138 -0.028461 1.000000
-4.168495 4.665181 2882.429185
-2.052515 1.435067 2916.717184
-0.009127 0.010270 1.000000
-0.563314 -0.822048 -147.265621
-0.467519 -0.684402 274.096874
-0.000895 -0.001422 1.000000
-9.355290 17.589336 26299.080870
-5.458808 9.813661 6181.399258
-0.018837 0.032091 1.000000
0.249010 -2.543368 765.208485
0.181046 -1.515787 -175.823240
0.000534 -0.004289 1.000000
-2.749738 4.373040 -514.495274
-2.013016 2.198975 2619.983361
-0.004995 0.006548 1.000000
0.027281 -1.350544 316.729860
-0.132965 -1.011835 31.349464
0.000115 -0.002906 1.000000
-2.109161 1.833482 2058.604667
-1.275923 0.769677 1085.059200
-0.003308 0.003545 1.000000
-1.035911 -0.069975 592.972045
-0.694473 -0.063484 1135.813361
-0.002054 0.000405 1.000000
-0.766872 -0.376355 892.458301
-0.623085 -0.298438 834.943827
-0.001409 -0.000536 1.000000
-1.149812 0.167595 745.314659
-1.117855 0.124909 1230.316112
-0.002427 0.000667 1.000000
-0.059576 -1.719402 563.387203
0.049340 -1.254413 -290.867725
0.000088 -0.003217 1.000000
-0.158736 -1.321770 1001.449963
-0.198581 -0.752227 -98.931968
-0.000331 -0.002432 1.000000
-4.198832 4.648243 3431.749417
-2.842166 4.169615 2858.993549
-0.007335 0.012633 1.000000
-2.687112 3.779559 -962.946723
-2.253419 2.987291 1598.303277
-0.005611 0.007936 1.000000
-1.283756 1.094585 -242.647965
-1.045953 0.547319 1098.530016
-0.002293 0.001607 1.000000
-1.047291 0.206014 548.571350
-0.949373 -0.111704 1019.223730
-0.001915 0.000264 1.000000
