-10.513710 15.838212 9779.118063
-6.041380 9.336202 9168.396931
-0.014807 0.021746 1.000000
20.710339 -32.411550 17560.136316
9.896035 -23.400417 -11010.270544
0.034464 -0.069949 1.000000
-2.354272 1.542903 2846.585309
-1.607387 0.837115 4075.018750
-0.004027 0.002660 1.000000
0.095857 -1.824291 641.857877
-0.086489 -1.380704 -1183.461059
-0.000080 -0.003134 1.000000
-0.503516 -0.866687 -130.801141
-0.331176 -0.713582 -118.514950
-0.001029 -0.001766 1.000000
-2.584381 2.340951 -1457.505919
-1.939438 2.068832 1434.982122
-0.004938 0.004203 1.000000
2.617859 -5.558942 -1067.068375
2.204815 -4.921991 -2303.246261
0.005055 -0.011498 1.000000
-0.735866 -0.361483 -115.336698
-0.570560 -0.102690 801.953053
-0.001673 -0.000665 1.000000
-0.461561 -1.106210 -267.511874
-0.277356 -0.641405 -170.103313
-0.000707 -0.001924 1.000000
-0.047760 -0.903220 803.235391
-0.123127 -1.394695 -22.315993
-0.000267 -0.003032 1.000000
0.666186 -2.200713 406.812224
0.537034 -1.482581 -855.156886
0.000776 -0.004003 1.000000
0.068966 -1.670073 22.405702
0.042838 -1.270711 -235.231142
-0.000060 -0.003100 1.000000
0.139870 -2.237069 921.601540
0.096508 -2.000080 -744.529641
0.000403 -0.004166 1.000000
0.005699 -1.716439 977.974361
0.159824 -1.955360 -239.352117
0.000234 -0.003740 1.000000
-9.127715 10.378446 -11951.523128
-7.703709 6.672658 -224.702381
-0.017412 0.018327 1.000000
0.649155 -2.182748 -227.375417
0.320461 -1.811467 -494.062462
0.001073 -0.004146 1.000000
-3.605040 2.755532 1189.966541
-2.932647 3.197629 3727.001927
-0.006346 0.006316 1.000000
-2.402995 1.662920 2197.477050
-2.052767 1.166564 1603.762424
-0.004597 0.002651 1.000000
-5.627828 4.378026 1512.745868
-3.950159 5.534758 4702.455825
-0.010256 0.010345 1.000000
-0.148730 -1.484147 -173.173797
-0.140030 -0.983591 -153.883610
-0.000312 -0.002699 1.000000
-0.142086 -1.155400 205.691153
0.010248 -1.220786 -333.328954
0.000125 -0.003087 1.000000
-0.020844 -1.267085 40.626805
-0.032390 -1.154905 72.771694
-0.000176 -0.002400 1.000000
-10.949297 11.685993 7648.265188
-9.045626 10.623704 11438.504487
-0.024031 0.025901 1.000000
-0.213509 -1.506039 482.844962
-0.016430 -1.172933 -212.848888
-0.000127 -0.002669 1.000000
-3.634598 10.392107 -2548.327940
-7.494419 12.726509 7754.106127
-0.014571 0.022476 1.000000
0.464187 -2.539055 -58.383059
0.594089 -2.275033 -1316.346220
0.001394 -0.005106 1.000000
-0.746628 -0.197081 1461.345132
-0.799450 -0.450059 118.176030
-0.001646 -0.000741 1.000000
-0.260737 -0.829464 -829.428653
-0.439253 -1.097317 228.298105
-0.000813 -0.002142 1.000000
-0.197107 -0.693688 156.553433
-0.364211 -0.855630 -437.467631
-0.000873 -0.001951 1.000000
1.577091 -2.501385 3417.610595
1.824709 -4.828436 -1800.907723
0.003827 -0.009285 1.000000
-0.627762 -0.424746 1651.458766
-0.651061 -0.252529 606.991002
-0.001450 -0.000761 1.000000
0.898837 -3.868200 205.829561
1.618535 -3.232413 -1490.501894
0.003600 -0.008356 1.000000
-2.525126 6.791641 -868.035799
-3.337885 5.347796 4090.503394
-0.009053 0.011804 1.000000
-0.933501 0.133299 -222.133797
-0.977516 0.096600 -437.637598
-0.002470 0.000410 1.000000
1.408265 -5.932094 12108.009804
3.002867 -7.945276 -2721.166353
0.006426 -0.015694 1.000000
0.287084 -2.919730 901.200011
0.210561 -2.035571 -351.860289
0.000818 -0.004699 1.000000
0.285037 -1.617523 1201.171917
0.397469 -1.425140 -269.098232
0.000432 -0.003726 1.000000
0.038284 -1.887881 577.183440
-0.024974 -1.659773 -6.867606
-0.000000 -0.003320 1.000000
-0.277437 -1.099413 530.748387
-0.101133 -0.522456 -50.056050
-0.000490 -0.001912 1.000000
-1.715587 1.157144 -885.929292
-1.434200 1.144125 1122.116250
-0.003554 0.002341 1.000000
0.924556 -2.971355 1234.980649
1.219760 -2.779171 -462.071544
0.002280 -0.006332 1.000000
-0.110084 -1.245830 488.208199
-0.173683 -0.851686 100.152701
-0.000312 -0.002271 1.000000
-0.548898 -0.402300 -11.840587
-0.554966 -0.335972 276.380314
-0.001325 -0.000982 1.000000
0.118366 -4.068136 880.620295
0.537176 -3.425547 -122.762677
0.001236 -0.006738 1.000000
1.987094 1.695058 -553.343483
-0.004530 3.090930 -221.943312
0.000144 0.002231 1.000000
1.048051 -0.807237 12.800912
0.151141 -0.211833 243.643189
0.000195 -0.001729 1.000000
1.328808 -0.637026 -32.136871
0.375168 0.213563 156.697036
0.000644 -0.001530 1.000000
-1.387349 -1.838238 572.378102
-0.850426 -2.739883 600.230279
-0.001817 -0.003456 1.000000
-0.497009 -0.604935 159.331958
-0.635708 -0.740459 401.034272
-0.001343 -0.001322 1.000000
-1.554549 -2.279557 663.585199
-0.596297 -2.999712 550.285008
-0.001717 -0.004018 1.000000
-0.365840 -0.204230 -3.940846
-0.604393 -0.395842 332.066267
-0.001484 -0.000781 1.000000
-0.013603 -0.493337 36.206269
-0.392096 -0.490691 347.783180
-0.000923 -0.001128 1.000000
-0.258143 -1.162313 139.154789
-0.326703 -0.962154 246.386835
-0.000928 -0.001923 1.000000
1.126872 -0.672977 10.617016
0.204491 0.105379 257.070273
0.000361 -0.001393 1.000000
1.002564 -0.191139 47.715441
0.230307 0.420490 222.736582
0.000426 -0.000662 1.000000
0.830305 -0.712483 160.220079
0.170903 -0.072886 271.826655
0.000269 -0.001315 1.000000
1.000000 -0.000000 0.000000
-0.000000 1.000000 0.000000
-0.000000 -0.000000 1.000000
1.029853 -0.108177 -109.135084
0.038027 1.113173 69.868499
0.000102 -0.000063 1.000000
1.055480 -0.360269 7.963073
0.194399 0.571623 189.295015
0.000276 -0.000782 1.000000
0.425243 -0.588135 151.490136
-0.160280 -0.144973 389.057679
-0.000286 -0.001189 1.000000
0.570462 -0.054327 173.114652
-0.124521 0.849290 32.427590
-0.000355 -0.000013 1.000000
0.181593 -0.608048 195.028416
-0.146712 -0.297670 311.193923
-0.000402 -0.001355 1.000000
0.687892 0.054557 95.538540
-0.104218 1.361832 -50.149427
-0.000373 0.000500 1.000000
0.646892 -0.240061 106.402481
-0.037116 0.435023 277.061455
-0.000065 -0.000505 1.000000
0.974411 0.011717 35.624063
-0.022043 1.096540 -10.421429
0.000096 0.000152 1.000000
-3.401290 -14.412804 4275.626383
2.068274 -26.459464 1074.301941
0.004890 -0.035905 1.000000
0.098243 -1.328845 480.107183
-0.002648 -1.347864 269.581023
-0.000022 -0.002712 1.000000
-0.260772 -0.874379 282.277588
-0.265315 -0.523113 124.343354
-0.000624 -0.001622 1.000000
0.397581 -1.298143 514.843311
0.159497 -0.664062 -30.629097
0.000371 -0.002553 1.000000
-0.426871 -1.062501 325.581993
-0.250203 -0.629608 192.344927
-0.000706 -0.001727 1.000000
-0.039148 -1.716327 868.208938
0.087958 -2.085390 136.986190
0.000204 -0.003723 1.000000
0.857014 -1.882502 754.035863
0.538605 -1.491716 8.921861
0.001117 -0.003590 1.000000
0.094872 -0.870832 332.448110
-0.082793 -0.306910 82.464780
-0.000187 -0.001723 1.000000
0.845667 -2.378483 1542.566797
0.324327 -1.654646 -526.952548
0.001455 -0.004630 1.000000
-0.547431 -1.289990 253.822115
-0.316096 -1.452996 267.340487
-0.001011 -0.002536 1.000000
0.000084 -1.625502 478.590700
-0.062379 -1.553022 165.401989
-0.000036 -0.002915 1.000000
0.645600 -2.218015 818.413226
0.351321 -2.044163 -112.919646
0.001076 -0.004598 1.000000
-0.128377 -1.283036 794.708120
-0.000154 -0.749330 11.226730
-0.000028 -0.002403 1.000000
-0.260469 -1.307543 169.955092
-0.068067 -0.768175 -267.526643
-0.000498 -0.002400 1.000000
-0.211578 -1.275809 798.021271
-0.103435 -1.493688 276.731766
-0.000227 -0.002735 1.000000
0.310802 -1.414146 607.462974
0.136773 -1.374104 -17.204694
0.000278 -0.003097 1.000000
-0.027136 -1.288325 724.548678
0.026259 -1.290496 -82.645423
-0.000131 -0.002716 1.000000
0.687603 -2.542361 1226.847474
0.523979 -2.519798 -174.078256
0.001318 -0.004866 1.000000
-0.655649 -0.898978 812.338114
-0.414631 -0.560915 -489.091860
-0.001038 -0.001425 1.000000
-0.107446 -1.391408 365.508611
-0.012474 -1.012739 -210.318604
-0.000067 -0.002983 1.000000
1.414570 -5.032546 1795.642177
1.375681 -3.502280 -1868.457572
0.003136 -0.009471 1.000000
-0.785493 -0.908462 1004.847053
-0.574061 -0.578070 198.635465
-0.001202 -0.001410 1.000000
-0.693458 -0.931669 1495.758330
-0.553369 -0.816598 114.025807
-0.001277 -0.001935 1.000000
1.050513 -2.710465 1630.133250
0.755396 -2.459606 -544.123073
0.002205 -0.006271 1.000000
-0.416867 -1.034657 769.115090
-0.261034 -0.805061 276.479099
-0.000637 -0.001814 1.000000
-0.397965 -1.091333 730.046194
-0.235502 -0.996166 234.450830
-0.000528 -0.002019 1.000000
-0.430712 -1.115354 936.487911
-0.264098 -0.929084 274.049516
-0.000608 -0.001996 1.000000
-0.806215 -0.899687 1079.245822
-0.389778 -0.420617 285.191541
-0.001025 -0.001198 1.000000
-0.162738 -1.269235 -31.420858
-0.006589 -0.821577 -404.592380
-0.000331 -0.002562 1.000000
-0.603297 -0.781778 1206.619009
-0.266159 -0.690608 118.890695
-0.000803 -0.001602 1.000000
-1.100000 -0.125919 1200.747319
-1.208142 -0.319826 -1014.475910
-0.002269 0.000162 1.000000
3.508825 -4.879554 -2707.687958
2.211199 -4.000720 -3091.363109
0.006193 -0.011295 1.000000
-0.557312 -1.023663 1116.189877
-0.372586 -0.888719 160.772549
-0.000715 -0.001834 1.000000
-0.358558 -1.177150 921.579905
-0.180213 -1.060187 235.611369
-0.000395 -0.002210 1.000000
-0.371358 -1.158506 891.530725
-0.208722 -1.133194 259.720493
-0.000545 -0.002343 1.000000
0.771700 -3.054808 347.719396
0.483702 -2.641472 -414.187531
0.000943 -0.005054 1.000000
-0.199463 -1.964149 881.783416
0.321740 -3.196016 34.533354
0.000466 -0.005213 1.000000
-0.006211 -1.923037 457.780757
0.049990 -2.292348 -3.020963
0.000215 -0.003804 1.000000
-0.056108 -1.864256 1161.336868
0.264989 -1.987496 69.958461
0.000591 -0.003793 1.000000
1.256714 -4.371138 1588.644877
1.402933 -4.253023 -1352.470062
0.002603 -0.007845 1.000000
-0.387378 -0.829735 1236.817841
-0.441502 -0.914413 90.923066
-0.000850 -0.001891 1.000000
-0.436022 -0.857362 976.321166
-0.404049 -0.737348 362.885840
-0.001002 -0.001769 1.000000
-2.150418 2.079689 2232.846097
-2.052803 1.819667 1868.216161
-0.003855 0.003635 1.000000
-0.537802 -0.876710 713.788550
-0.367666 -0.752557 43.879433
-0.000861 -0.001544 1.000000
-0.771259 -0.983149 1100.266772
-0.421357 -0.782759 252.268411
-0.001020 -0.001580 1.000000
-10.504635 10.282021 -5559.929167
-6.051630 9.050636 6909.646038
-0.017996 0.021052 1.000000
-27.971309 32.712686 -14481.263592
-21.170028 38.308958 15174.660673
-0.051301 0.077484 1.000000
-0.195308 -1.417256 733.357976
-0.091244 -1.456868 -41.961644
-0.000314 -0.003016 1.000000
0.140637 -1.889064 498.697644
0.064952 -1.911325 163.873379
0.000314 -0.004098 1.000000
-0.844279 -4.550138 1452.249512
0.386277 -5.740264 200.393248
0.001002 -0.010076 1.000000
-0.790450 -1.051261 1235.197669
-0.408858 -0.649782 -33.336404
-0.001107 -0.001345 1.000000
-3.969547 2.765098 2734.799491
-3.728798 3.285772 2144.358458
-0.007280 0.006878 1.000000
-0.464240 -0.858952 700.509329
-0.595967 -0.887361 244.329713
-0.001141 -0.001512 1.000000
-0.455127 -1.043516 910.025847
-0.386262 -0.711338 -31.002982
-0.000829 -0.001771 1.000000
-0.318249 -1.487519 1263.386235
-0.007664 -1.432899 -144.470009
-0.000368 -0.003039 1.000000
-0.324182 -0.726817 728.018760
-0.377148 -0.685574 25.380030
-0.000940 -0.001553 1.000000
-0.284006 -1.237150 841.160429
-0.358560 -1.143295 116.682486
-0.000543 -0.002288 1.000000
-0.374260 -1.112487 756.569349
-0.329801 -1.057439 -135.794384
-0.000670 -0.002147 1.000000
0.002597 -1.436838 208.950727
-0.083830 -1.085562 -358.339059
-0.000364 -0.002449 1.000000
-0.145895 -1.192218 309.994978
-0.171379 -1.156425 -103.385653
-0.000297 -0.002332 1.000000
-0.209714 -1.268832 1152.085982
-0.459480 -1.151777 -337.719866
-0.000662 -0.002335 1.000000
62.498807 -68.185211 35421.427591
35.398119 -56.223704 -31665.263425
0.092104 -0.118501 1.000000
-0.021990 -1.468881 908.197679
-0.109141 -1.648092 116.285891
-0.000253 -0.003020 1.000000
-20.319316 30.437459 -8699.851505
-14.080289 20.098255 17060.202352
-0.030937 0.044623 1.000000
1.446325 -3.573266 963.712376
1.203348 -3.422805 -989.597735
0.001977 -0.006556 1.000000
-0.492143 -1.123444 1454.102796
-0.466618 -1.046015 49.810967
-0.000749 -0.001883 1.000000
-0.039874 -1.128353 1166.109036
-0.044608 -1.213846 -197.568589
-0.000230 -0.002838 1.000000
-7.170280 12.034064 1523.528532
-8.455141 10.589037 13542.593202
-0.016072 0.022010 1.000000
-0.654578 -0.904278 -268.481048
-0.471031 -0.628538 848.698415
-0.001021 -0.001413 1.000000
0.700867 -3.489984 -23.774759
0.082390 -2.403357 -397.606565
0.000872 -0.005141 1.000000
0.211373 -2.489756 125.548396
0.284946 -1.860095 -726.580994
0.000649 -0.004342 1.000000
-0.747952 -0.978564 1022.794603
-0.327573 -0.542964 243.667811
-0.000812 -0.001354 1.000000
-5.661832 6.860910 8115.228910
-4.115810 6.145749 1295.283016
-0.009822 0.012740 1.000000
0.336771 -2.104960 1352.886000
0.003613 -1.434973 -655.921426
0.000473 -0.003929 1.000000
-0.941578 0.056834 630.695644
-0.710578 -0.084321 1193.769539
-0.001897 -0.000397 1.000000
-0.608899 -0.528686 1379.058932
-0.328123 -0.365900 310.350538
-0.001241 -0.001234 1.000000
0.227138 -1.538853 559.918716
-0.019835 -0.947901 -299.871055
-0.000134 -0.002761 1.000000
-0.108314 -1.286309 249.280473
-0.276084 -0.949584 -432.667421
-0.000463 -0.002382 1.000000
0.442979 -2.256246 619.866688
-0.033785 -1.191096 -481.594208
0.000484 -0.003938 1.000000
-0.493883 -1.068764 919.840867
-0.409865 -0.812023 137.545179
-0.000853 -0.001899 1.000000
1.316002 -2.860413 2325.242543
1.316262 -2.570056 -892.307478
0.002444 -0.005558 1.000000
1.881426 -3.711442 4170.871378
0.968741 -3.226114 -1352.347232
0.003036 -0.007323 1.000000
-0.924491 -0.387092 -93.146183
-0.712382 -0.347964 207.162529
-0.001555 -0.000724 1.000000
2.720655 -7.528329 -7004.904032
2.175638 -6.109630 -524.024373
0.005292 -0.012445 1.000000
-6.875649 8.611724 4812.270497
-7.313939 10.000337 3698.006593
-0.013263 0.016280 1.000000
-2.899853 3.175748 -3065.469270
-1.888364 1.286699 -2502.563694
-0.004465 0.003774 1.000000
0.191622 -1.997346 2354.888290
0.064514 -1.167062 1099.487417
0.000217 -0.003265 1.000000
9.498714 -22.747474 -24167.336735
5.205623 -13.603408 -3095.372996
0.015666 -0.034496 1.000000
-0.263749 -1.427056 1612.909208
-0.019838 -0.576841 413.154489
-0.000324 -0.002288 1.000000
-1.130550 -0.022282 1124.542534
-0.855721 -0.086357 -459.023555
-0.002076 -0.000200 1.000000
1.844874 -4.604249 3800.556411
1.353038 -3.493207 -689.327546
0.003579 -0.008819 1.000000
-4.407030 5.069567 -7659.808248
-3.705570 3.803361 4098.240903
-0.009086 0.010909 1.000000
-2.195166 0.829393 1813.834106
-1.133137 0.744174 2639.996525
-0.003652 0.001912 1.000000
22.221818 -45.060604 -11848.474709
22.087695 -37.907276 -19704.499020
0.048522 -0.070933 1.000000
-1.564277 0.561100 -691.007707
-1.392369 0.366571 805.690400
-0.002677 0.001002 1.000000
3.694961 -4.844433 2500.870805
2.918365 -5.329698 -1980.404542
0.006169 -0.010728 1.000000
3.525376 -6.179383 1655.818860
1.598722 -3.315210 -3300.932417
0.005478 -0.011501 1.000000
0.233416 -2.372827 1026.541672
0.091979 -1.597687 -351.689042
0.000453 -0.003941 1.000000
1.974875 -4.805155 1151.892553
1.532852 -3.591063 -2540.149174
0.003554 -0.008907 1.000000
2.532819 -7.095574 -17.431949
2.254750 -8.512804 -1773.259467
0.005152 -0.014616 1.000000
0.590876 -2.785820 -826.695096
1.004150 -2.736606 -1591.113762
0.002210 -0.005783 1.000000
0.577194 -2.059397 -549.526913
0.181811 -1.845759 -231.490036
0.001031 -0.004188 1.000000
-0.102664 -1.060682 -73.318954
-0.174007 -1.033709 211.752991
-0.000367 -0.002384 1.000000
1.869072 -3.569847 1156.134974
1.477925 -3.200599 -855.765056
0.003756 -0.008132 1.000000
-0.049825 -2.126795 889.483970
0.150698 -2.176534 87.333573
0.000255 -0.004206 1.000000
3.490424 -6.373003 -1365.046704
2.654658 -5.950172 -1556.345414
0.004973 -0.011069 1.000000
0.850139 -2.276869 652.213654
0.110410 -1.763511 -465.313207
0.000515 -0.003769 1.000000
0.408825 -1.986688 70.232178
-0.077367 -2.537836 -441.520950
0.000013 -0.004620 1.000000
-0.029582 -0.952894 -163.540096
-0.139057 -0.987235 -61.815184
-0.000285 -0.002306 1.000000
-1.116512 0.263086 2756.395846
-0.952787 0.339595 67.323988
-0.002515 0.001049 1.000000
-1.402247 0.416488 1721.631812
-0.964241 0.380370 823.778181
-0.002376 0.000793 1.000000
7.563017 -12.748438 -11158.090834
3.682298 -13.681566 -3856.616419
0.010804 -0.025979 1.000000
-15.772938 15.750642 14704.029266
-11.422778 20.745327 16134.735512
-0.036288 0.041146 1.000000
-0.417048 -0.831142 615.472796
-0.331266 -0.782164 -272.680908
-0.000770 -0.001805 1.000000
-0.081875 -1.671083 953.676038
-0.168682 -1.795513 -492.991597
-0.000196 -0.003531 1.000000
-0.215575 -1.948541 -1117.674118
-0.215071 -1.788030 -452.031272
-0.000292 -0.003480 1.000000
0.089921 -3.115890 706.355885
0.347762 -2.952403 -1009.366338
0.001116 -0.005895 1.000000
0.133441 -1.823441 942.949963
0.242250 -1.489393 -281.062431
0.000536 -0.003541 1.000000
0.390246 -2.477232 154.018582
0.038347 -1.942050 -207.933673
0.000447 -0.004111 1.000000
0.022405 -2.371975 868.718206
0.251528 -1.879557 -116.320504
0.000524 -0.004264 1.000000
0.721296 -2.694121 -888.565026
0.836284 -1.934325 -1125.907958
0.001903 -0.005718 1.000000
0.059950 -1.080532 -113.436681
0.058529 -1.057962 -472.489642
-0.000086 -0.003087 1.000000
-1.305159 0.122495 -321.086869
-1.342554 0.546547 841.327489
-0.002472 0.000703 1.000000
-1.905104 1.751207 -777.906309
-1.559287 2.170745 3855.102051
-0.004743 0.004398 1.000000
0.460442 -2.139657 -696.248041
0.022605 -2.202290 -317.180040
0.000282 -0.004076 1.000000
4.312110 -10.806709 -18706.361293
4.790932 -10.283915 -17189.464874
0.014186 -0.025093 1.000000
-0.098477 -1.432463 34.589677
-0.348825 -1.584748 40.650212
-0.000238 -0.003400 1.000000
-5.855003 11.614621 6846.526815
-4.915601 7.322763 6157.008809
-0.014589 0.021639 1.000000
-1.474072 1.219969 1919.619012
-0.871400 0.763893 863.948469
-0.002498 0.001870 1.000000
-0.686826 0.080426 846.401986
-1.034475 -0.225804 516.424160
-0.002571 -0.000107 1.000000
0.371106 -2.305985 -1436.156593
0.003790 -1.919193 532.340137
0.000280 -0.004158 1.000000
1.756014 -4.776946 -830.835975
1.717734 -4.475038 -3020.660596
0.004290 -0.009829 1.000000
14.418904 -27.763766 -14012.752254
10.580920 -19.367358 -18350.342208
0.024235 -0.045902 1.000000
-1.221991 0.266271 919.022099
-0.893685 -0.087987 1336.762707
-0.002266 0.000289 1.000000
-0.700566 -0.376132 1815.273706
-0.817201 -0.405259 -973.815231
-0.001683 -0.000729 1.000000
-1.527183 0.076924 543.988827
-1.204258 -0.077379 -699.018016
-0.002555 0.000280 1.000000
-0.725700 -0.105961 -1082.911504
-0.559220 -0.307477 -924.136641
-0.001739 -0.000405 1.000000
-0.362869 -2.262579 1378.685058
0.239055 -1.285887 -874.506311
-0.000010 -0.003417 1.000000
-0.382800 -1.145094 2206.819697
-0.284615 -0.867990 -646.052505
-0.000656 -0.001967 1.000000
-0.262075 -1.285858 879.042559
-0.103729 -1.073739 -117.022257
-0.000402 -0.002356 1.000000
-0.519126 -1.668119 472.132712
0.023046 -0.839868 -1180.604423
-0.000275 -0.002594 1.000000
-0.056694 -1.146861 785.070134
-0.279010 -0.834884 -90.241678
-0.000321 -0.002347 1.000000
0.193833 -2.604258 1154.046753
0.084926 -1.510943 -918.709432
0.000486 -0.004195 1.000000
-0.644591 -1.052323 1007.833272
-0.453848 -0.728597 -501.586488
-0.001027 -0.001613 1.000000
-0.585591 -0.976060 1037.167516
-0.525144 -0.934910 71.315015
-0.001120 -0.001767 1.000000
-0.531682 -0.902860 100.472025
-0.544947 -0.958138 1128.712208
-0.001132 -0.001646 1.000000
0.254973 -1.745608 1207.188782
0.031436 -1.133874 -1037.548099
0.000537 -0.003556 1.000000
-0.539087 -0.976587 5838.990304
-0.296030 -0.799032 253.041730
-0.000908 -0.001862 1.000000
0.486460 -2.104063 288.468210
0.471110 -2.302925 -2270.876221
0.001124 -0.004775 1.000000
-0.740697 -0.274893 942.914880
-0.619996 -0.569169 1113.682113
-0.001346 -0.000928 1.000000
-0.981734 0.033951 1237.015613
-0.712475 0.207335 -112.719973
-0.002005 0.000194 1.000000
-0.866117 -0.292455 1051.510662
-0.514545 -0.130065 909.456172
-0.001504 -0.000776 1.000000
-0.760303 -0.294241 397.684945
-0.456462 -0.240287 -99.347427
-0.001264 -0.000727 1.000000
-0.165354 -1.962124 668.777545
-0.000982 -1.858513 -1776.546545
0.000389 -0.003980 1.000000
-0.206544 -1.764973 -2059.963805
-0.230318 -1.550582 2636.122381
-0.000235 -0.003056 1.000000
0.048610 -1.720422 577.612839
-0.172762 -1.253839 -131.286253
-0.000069 -0.002830 1.000000
4.241393 -7.479416 4412.671096
3.822226 -7.568515 -4872.524721
0.007603 -0.015128 1.000000
-0.060214 -1.657216 1963.166513
-0.236530 -1.393216 -200.277504
-0.000412 -0.003471 1.000000
1.285719 -4.251024 -876.900876
0.951015 -2.977699 -2136.988630
0.003044 -0.007940 1.000000
-1.005478 -0.387419 314.875014
-0.512535 -0.175853 -84.695462
-0.001633 -0.000625 1.000000
-4.138029 5.817295 -9188.381591
-4.524714 4.917599 2787.339714
-0.012218 0.013766 1.000000
-5.215094 3.870960 -7054.327164
-3.951173 3.017025 -2529.012456
-0.009249 0.008012 1.000000
-0.574706 -0.861624 1265.636843
-0.538010 -0.601092 -76.237989
-0.001202 -0.001313 1.000000
-0.121336 -1.390795 314.192616
-0.065631 -1.370358 -61.635476
-0.000265 -0.002655 1.000000
0.481731 -3.615379 -182.311661
0.824131 -3.585380 -543.655367
0.001501 -0.006909 1.000000
-0.614008 -1.020732 -1275.717938
-0.435536 -0.677890 214.046761
-0.001044 -0.001771 1.000000
-0.493084 -1.207500 541.034052
-0.210961 -0.878809 -112.756350
-0.000639 -0.002066 1.000000
91.305609 -147.712104 15026.983079
118.294556 -182.063417 -76118.698768
0.188070 -0.306224 1.000000
-1.936894 0.883463 -1680.052585
-1.958622 1.481567 1026.449302
-0.003832 0.002306 1.000000
-1.407694 0.115185 -1081.240246
-1.126309 0.012284 -15.691378
-0.002698 0.000892 1.000000
-1.348560 1.104379 -1078.771056
-0.853893 0.567573 1209.881502
-0.002867 0.002012 1.000000
-0.838848 -0.331683 -709.277585
-0.656639 -0.301339 -227.261170
-0.001538 -0.000780 1.000000
-0.859691 -0.450432 1200.093705
-0.660058 -0.400926 209.834808
-0.001600 -0.001232 1.000000
-0.516735 -1.084010 331.918988
-0.411318 -0.672858 -81.801389
-0.000927 -0.001715 1.000000
8.966321 -15.847261 3799.339712
5.451900 -8.482625 4654.096935
0.013295 -0.023690 1.000000
0.258118 -2.339004 724.132011
0.365698 -2.378331 -822.964135
0.001318 -0.005058 1.000000
0.476512 -2.961326 519.379442
0.282519 -2.331493 -1083.292311
0.001316 -0.005677 1.000000
4.591252 -7.815999 1992.262795
2.424926 -4.466189 -2412.556605
0.006655 -0.012648 1.000000
1.697726 -4.630433 633.730140
0.885600 -4.326663 -2515.246180
0.002283 -0.007624 1.000000
0.094975 -2.821048 1713.281691
0.786050 -2.827873 -575.763710
0.001515 -0.005622 1.000000
-0.281081 -0.744568 113.864526
-0.474293 -0.946213 56.147795
-0.000734 -0.001855 1.000000
-0.550963 -1.429285 676.662565
-0.407867 -1.069360 -283.484219
-0.000803 -0.002185 1.000000
-0.248908 -1.106412 280.090469
-0.198410 -1.026621 18.353635
-0.000512 -0.002115 1.000000
0.206079 -1.261415 -255.524503
0.029487 -1.578074 -616.326408
-0.000125 -0.002975 1.000000
3.227869 -4.636346 -7847.436434
5.421496 -8.284725 -1887.296681
0.010521 -0.015141 1.000000
0.090533 -1.071453 -280.146513
0.027480 -1.048950 -85.522532
-0.000016 -0.002572 1.000000
-0.352823 -0.517346 75.816355
-0.592089 -0.747279 983.068507
-0.000986 -0.001420 1.000000
-2.768958 3.083816 3599.507762
-2.125503 1.886273 1962.030507
-0.006067 0.005716 1.000000
-0.189675 -0.945629 -278.082637
-0.131764 -0.789625 73.998791
-0.000434 -0.002207 1.000000
0.163414 -1.239294 -1366.507266
0.197873 -1.562978 68.180223
0.000458 -0.003226 1.000000
0.312356 -1.820512 -4487.578274
0.426530 -2.236144 -536.999199
0.000807 -0.004363 1.000000
-0.990631 0.175101 -26.852342
-1.067456 0.017912 1248.625604
-0.001929 -0.000114 1.000000
-0.259368 -1.031063 -213.609173
-0.112168 -0.993042 -20.009490
-0.000518 -0.002198 1.000000
0.000563 -1.411111 1235.566782
-0.087894 -0.822293 -269.735587
-0.000162 -0.002377 1.000000
0.271418 -2.036731 106.975458
0.185459 -1.397215 -679.392441
0.000575 -0.004031 1.000000
-0.423979 -1.299731 281.546275
-0.137705 -0.810751 -316.925961
-0.000666 -0.002061 1.000000
4.468691 -9.130529 3710.922464
2.235050 -6.021685 -7520.821672
0.007535 -0.015097 1.000000
-12.035132 15.802614 5750.780679
-11.484619 14.555630 11019.531103
-0.026637 0.032774 1.000000
1.277727 -4.062140 335.772231
0.895019 -3.082901 -1281.442490
0.001972 -0.006306 1.000000
-0.072682 -1.167167 -377.246080
-0.408082 -1.403546 227.472573
-0.000575 -0.002342 1.000000
0.413724 -2.374291 277.255376
0.376690 -2.290051 -845.855262
0.000734 -0.004610 1.000000
5.229964 -8.205604 -622.826510
5.366726 -8.291986 -2715.975513
0.010375 -0.016206 1.000000
0.236307 -2.324821 405.034343
0.544357 -2.266522 -182.183917
0.000952 -0.004202 1.000000
-0.359236 -1.265547 -94.046105
-0.318887 -1.310650 -173.850500
-0.000759 -0.002449 1.000000
-0.185937 -1.210465 799.319036
-0.030970 -0.584703 -72.379035
-0.000268 -0.001880 1.000000
3.913928 -7.775380 -3121.444684
2.498203 -6.851570 -3589.971618
0.006099 -0.013584 1.000000
-1.175762 0.084108 1322.509499
-0.864266 0.099255 1280.951552
-0.002000 0.000117 1.000000
-2.107879 0.465743 1687.526227
-0.882818 0.621800 1061.067971
-0.002951 0.001733 1.000000
-0.307111 -1.458678 781.214505
-0.353046 -1.783693 176.625940
-0.000511 -0.002942 1.000000
0.405675 -1.930741 637.827785
0.416860 -2.010896 -587.143440
0.000883 -0.003964 1.000000
2.420844 -6.061121 -2309.059799
2.578143 -5.194487 -3148.192943
0.004459 -0.010933 1.000000
-0.456548 -0.881183 1188.470375
-0.482472 -0.831600 -51.533780
-0.000933 -0.001570 1.000000
-0.244637 -0.786801 624.719402
-0.465945 -0.839145 -148.240995
-0.000962 -0.001692 1.000000
-4.385658 5.585265 1388.071793
-3.342198 5.753070 2728.948846
-0.007246 0.010474 1.000000
0.115010 -1.718553 367.318123
0.035437 -1.607684 -423.723179
0.000068 -0.003314 1.000000
0.702386 -2.253974 1103.738934
0.746459 -2.370400 -646.059360
0.001361 -0.005202 1.000000
6.759242 -11.250453 6222.242263
6.525561 -9.993707 -5603.231677
0.012929 -0.021224 1.000000
-0.040172 -2.319290 -163.388369
0.016389 -2.096291 -19.619170
0.000384 -0.003767 1.000000
0.805460 -3.036561 -2788.854328
0.610198 -2.517948 -2262.861092
0.001966 -0.005504 1.000000
0.132616 -1.791779 319.432841
-0.080241 -1.771005 -2152.100236
0.000245 -0.003928 1.000000
