0.236997 -1.371618 535.449998
0.031973 -0.839479 -47.811473
0.000133 -0.002589 1.000000
-0.172812 -0.683759 490.211098
-0.236531 -0.378028 89.922039
-0.000852 -0.001372 1.000000
0.253377 -1.564260 311.954367
0.014501 -1.138485 -107.485352
0.000236 -0.003323 1.000000
-0.144592 -1.221399 200.741448
0.007095 -1.094577 62.150164
-0.000136 -0.002893 1.000000
0.092321 -1.418976 49.385359
0.134845 -1.533003 86.459537
0.000228 -0.003410 1.000000
-0.215425 -0.300269 355.629731
-0.427055 -0.136040 125.145219
-0.001010 -0.000865 1.000000
0.201007 -0.912954 -27.598195
0.110273 -0.652720 -41.622971
0.000385 -0.002705 1.000000
0.094152 -0.690542 108.569666
-0.005981 -0.499911 -51.122910
-0.000254 -0.001994 1.000000
-0.444690 -0.549580 592.694657
-0.907671 -0.425237 266.034098
-0.001942 -0.000697 1.000000
1.453519 -4.132895 2022.047334
0.908339 -2.656938 -3708.972431
0.002597 -0.008133 1.000000
0.566421 -2.148108 156.206855
0.397055 -1.439163 -681.713227
0.000951 -0.004232 1.000000
0.040626 -1.081575 62.587957
0.047194 -0.962209 -334.296033
-0.000035 -0.002938 1.000000
-1.022179 1.804484 1119.380099
-1.126490 1.184987 867.153360
-0.004142 0.003373 1.000000
3.068081 -10.949165 45.815162
3.175894 -6.045666 -3235.772382
0.009867 -0.018658 1.000000
0.110573 -1.390766 286.581660
0.147368 -1.113172 10.961258
-0.000043 -0.002863 1.000000
1.295431 -3.600443 -420.363833
1.312143 -2.032666 -923.937632
0.003674 -0.007580 1.000000
0.230838 -1.442182 132.644715
0.317851 -0.840918 -339.281157
0.000608 -0.003371 1.000000
0.894643 -2.540450 -209.103781
0.837996 -2.143217 -420.446115
0.001540 -0.004926 1.000000
0.424812 -1.904532 205.047352
0.414226 -1.578300 -369.744035
0.000538 -0.003806 1.000000
0.233845 -1.313657 269.367300
0.141496 -0.963985 -173.540492
0.000326 -0.003089 1.000000
0.185251 -1.120486 72.728657
0.233574 -0.902215 -187.604232
0.000286 -0.002949 1.000000
-1.744319 0.879387 2871.548765
-1.405202 0.509231 1250.256922
-0.003220 0.001993 1.000000
228.148385 -346.965820 782417.381528
241.626406 -389.190235 -180369.362337
0.549934 -0.922014 1.000000
-0.189518 -0.910923 419.593727
-0.037043 -0.708747 -93.795706
-0.000337 -0.002141 1.000000
0.013500 -1.441253 370.196884
0.165138 -1.171699 -230.122619
0.000190 -0.002926 1.000000
0.136625 -1.295357 559.978065
-0.022524 -0.861796 -86.525641
-0.000172 -0.002396 1.000000
0.038777 -1.125067 182.336953
-0.008151 -0.863295 25.406880
0.000090 -0.002704 1.000000
0.789572 -2.136682 -828.930225
0.386972 -1.034774 -222.592984
0.001998 -0.005190 1.000000
0.447983 -1.907550 106.704472
0.181017 -1.247773 -631.861450
0.000436 -0.003385 1.000000
-0.093370 -1.348056 385.427563
-0.004918 -0.929307 -25.039652
-0.000171 -0.002562 1.000000
-0.012651 -1.474988 575.959324
0.081527 -0.757544 -38.851923
0.000007 -0.002485 1.000000
-0.224103 -0.593846 -144.502672
-0.159984 -0.396831 93.989865
-0.000828 -0.001468 1.000000
-0.217272 -1.005239 31.291672
-0.094527 -0.427302 -161.685247
-0.000535 -0.001772 1.000000
-0.131617 -1.427279 555.111129
0.078363 -0.643980 -109.538640
0.000048 -0.002571 1.000000
0.584237 -1.816100 338.065761
0.289130 -1.341966 -526.605865
0.001366 -0.004441 1.000000
-0.030856 -1.116113 41.190702
0.120373 -0.769143 -129.089814
-0.000112 -0.002674 1.000000
0.045696 -1.071928 504.002887
0.010105 -0.292712 -11.556126
-0.000180 -0.001847 1.000000
-0.231192 -0.703489 69.155203
-0.076195 -0.448065 10.125413
-0.000608 -0.001742 1.000000
-0.930678 -2.224703 876.804916
-0.163081 -2.065024 290.312679
-0.000461 -0.003771 1.000000
0.088551 -0.727659 325.275235
-0.043320 -0.149706 20.499273
-0.000328 -0.001502 1.000000
-0.670604 -1.723103 654.152547
-0.304272 -1.466544 305.927034
-0.000654 -0.002999 1.000000
-0.343635 -1.378802 599.921743
-0.174581 -0.983288 236.467501
-0.000406 -0.002355 1.000000
1.217737 -0.127752 -31.530110
0.198351 1.038171 -119.126734
0.000355 -0.000357 1.000000
-0.176432 -0.210450 15.985487
-0.297142 -0.087825 179.226765
-0.001124 -0.000728 1.000000
2.351904 1.891243 -992.954549
-0.078647 2.620241 -570.248113
-0.000040 0.002443 1.000000
1.000000 -0.000000 0.000000
-0.000000 1.000000 -0.000000
-0.000000 0.000000 1.000000
0.962394 0.062793 -64.558907
-0.029141 1.061982 -32.388597
-0.000082 0.000077 1.000000
1.110150 0.238877 -76.044116
0.052042 1.206003 -32.155990
0.000279 0.000354 1.000000
0.816959 0.022960 71.816470
0.007282 0.920663 53.149311
0.000049 0.000070 1.000000
-0.985794 -1.203365 520.516119
-0.432329 -1.209889 413.347574
-0.001287 -0.002135 1.000000
0.620788 -0.215277 109.380886
-0.120233 0.565536 128.840448
-0.000274 -0.000256 1.000000
0.631454 -0.078507 32.525256
-0.109110 0.669139 76.991401
-0.000343 -0.000116 1.000000
0.333733 -1.254106 352.504346
-0.113868 -0.320848 75.507010
0.000067 -0.002121 1.000000
0.627909 -0.075912 108.012103
-0.084144 0.922266 8.647502
-0.000205 -0.000096 1.000000
0.651408 0.082055 42.420963
-0.110378 0.855892 57.707979
-0.000277 0.000145 1.000000
0.891149 0.178904 31.767281
-0.007651 0.987677 34.379519
-0.000040 0.000215 1.000000
0.341170 0.479034 -83.254006
-0.528100 1.469419 -113.283355
-0.001807 0.002023 1.000000
-3.210291 -9.749917 4189.718404
1.555388 -12.582951 820.271406
0.005361 -0.022227 1.000000
0.853542 -0.068880 47.908274
-0.014860 1.398761 -162.890672
-0.000038 0.000111 1.000000
1.588329 1.334364 -430.310270
-0.286211 4.088721 -308.682820
-0.000370 0.003286 1.000000
-0.957197 -1.232326 436.997715
-0.071260 -1.159889 209.403323
-0.000457 -0.003009 1.000000
-0.112947 -1.007532 453.924874
-0.112651 -0.817796 50.993041
-0.000194 -0.002243 1.000000
-0.516010 -0.686443 206.476676
-0.159460 -0.494256 119.653956
-0.000746 -0.001820 1.000000
-0.600096 -1.794731 720.946844
-0.136325 -1.670870 267.460582
-0.000316 -0.003162 1.000000
-0.595638 -0.613897 200.296938
-0.272175 -0.328263 163.914855
-0.001091 -0.001039 1.000000
0.270500 -2.066527 933.054605
0.355655 -1.316846 -240.858546
0.000763 -0.003742 1.000000
0.283345 -1.555773 615.512598
0.216985 -0.823161 -92.164422
0.000477 -0.002943 1.000000
-0.105048 -0.722648 204.786501
-0.166769 -0.600624 77.995174
-0.000366 -0.001944 1.000000
-0.095654 -1.082995 361.621842
0.156470 -0.663810 -315.257578
0.000100 -0.003049 1.000000
-0.044289 -1.181245 432.156100
-0.012969 -1.012872 -31.414131
0.000037 -0.002611 1.000000
1.232492 -2.522280 464.694615
0.904553 -1.680071 -834.326797
0.002193 -0.004988 1.000000
-0.225486 -1.230464 466.266590
-0.015945 -0.983533 -32.950404
-0.000220 -0.002498 1.000000
-0.070016 -1.034805 48.156616
-0.006297 -0.599306 -40.831994
-0.000332 -0.002214 1.000000
-0.172808 -1.635323 647.684254
0.092791 -0.823657 -114.153286
0.000032 -0.002825 1.000000
-0.083939 -0.925879 339.111304
-0.133419 -0.570286 152.060710
-0.000409 -0.001865 1.000000
-0.193872 -1.350475 595.489811
-0.080892 -1.023345 188.392199
-0.000251 -0.002413 1.000000
0.130821 -0.977463 -82.155395
0.206199 -0.851296 -105.099927
0.000191 -0.002687 1.000000
-0.183994 -1.497026 -85.621914
0.101289 -0.818572 -80.297281
-0.000203 -0.002726 1.000000
-0.004193 -0.753797 261.202561
-0.236786 -0.687697 -21.923887
-0.000471 -0.002020 1.000000
0.379024 -2.116768 349.835187
0.226967 -0.934894 -422.443340
0.000666 -0.003902 1.000000
0.209597 -1.302271 599.519226
0.174929 -0.871961 -354.174248
0.000371 -0.002807 1.000000
-0.207710 -1.114310 445.905620
-0.130675 -0.688120 -52.955885
-0.000552 -0.002191 1.000000
-0.093834 -1.285718 214.011560
-0.240238 -0.952896 24.463559
-0.000460 -0.002436 1.000000
0.282376 -2.108344 42.840601
-0.068546 -1.170407 -254.792251
0.000250 -0.003959 1.000000
-0.103926 -0.659599 158.082973
-0.009924 -0.438315 8.904876
-0.000249 -0.002175 1.000000
-0.080199 -0.740558 17.545919
-0.064795 -0.466371 -71.712543
-0.000391 -0.002230 1.000000
1.338320 -3.318539 -196.490924
0.429210 -2.065133 -146.123538
0.001129 -0.005042 1.000000
0.084153 -1.372238 326.664197
0.037841 -1.334558 -56.923262
-0.000043 -0.003005 1.000000
-0.028595 -0.533431 77.324839
-0.083505 -0.458634 -132.586094
-0.000274 -0.002171 1.000000
-0.203303 -1.177766 692.522893
-0.124195 -0.735276 58.423497
-0.000321 -0.002188 1.000000
3.209526 -6.399603 -1401.755830
1.071960 -5.277387 -184.992315
0.002878 -0.011002 1.000000
1.196556 -4.007849 -353.633866
0.478377 -2.858302 67.691748
0.001253 -0.006227 1.000000
0.624828 -1.956023 288.838013
0.327680 -0.967555 -114.105451
0.000905 -0.003304 1.000000
0.022754 -0.938617 99.118783
0.100694 -0.641075 -264.228390
0.000039 -0.002636 1.000000
-0.160801 -0.947936 148.783784
-0.061059 -0.403737 -24.380802
-0.000362 -0.002128 1.000000
0.207355 -2.094663 329.132176
0.165074 -1.172737 -340.835335
0.000361 -0.003434 1.000000
-0.008488 -0.565511 47.478887
-0.083747 -0.348761 -23.966839
-0.000252 -0.001890 1.000000
0.107511 -1.082171 436.344144
0.040882 -0.739834 -549.290205
-0.000003 -0.002627 1.000000
0.173775 -1.782097 554.038260
-0.011430 -0.786479 -61.102137
-0.000057 -0.002555 1.000000
-0.015345 -1.463244 162.583319
0.067812 -1.177219 -59.983036
0.000221 -0.002877 1.000000
0.198606 -1.254858 365.374672
0.050011 -0.914992 29.795500
-0.000005 -0.002575 1.000000
0.716378 -2.233931 261.342793
0.680768 -1.475746 -785.946515
0.001141 -0.004334 1.000000
0.653064 -2.009859 718.794300
0.349992 -1.451506 -340.337603
0.001133 -0.004163 1.000000
-0.235496 -1.178733 716.183582
0.035867 -0.492284 -126.179482
-0.000140 -0.002112 1.000000
0.041951 -1.020430 426.751003
-0.170416 -0.826471 -34.399349
-0.000304 -0.002301 1.000000
0.166609 -1.557729 590.603952
0.022807 -1.367198 -75.570905
0.000056 -0.003078 1.000000
-0.017974 -1.412459 304.281721
-0.055223 -0.982268 73.218073
-0.000277 -0.002591 1.000000
-0.262256 -1.269188 575.066981
-0.174146 -0.905765 -16.932846
-0.000411 -0.002329 1.000000
-0.129836 -1.134664 634.077794
-0.098195 -0.880317 34.703451
-0.000272 -0.002284 1.000000
-0.094392 -1.219047 339.371082
-0.127375 -1.132222 -84.060364
-0.000402 -0.002737 1.000000
0.161970 -1.249860 219.709062
0.020541 -0.937329 -127.235572
0.000019 -0.002820 1.000000
0.403799 -1.757472 561.230672
0.291232 -1.693922 -262.147362
0.000604 -0.003920 1.000000
0.037228 -1.014913 412.517070
-0.145524 -0.930369 53.288261
-0.000067 -0.002783 1.000000
-1.165444 0.142765 70.706776
-0.606025 -0.073576 408.820745
-0.001860 -0.000031 1.000000
-5.764695 7.652021 -2947.583974
-4.954137 6.589161 3188.789206
-0.014348 0.018752 1.000000
-0.228202 -0.976520 -119.604819
-0.219442 -0.707482 21.571192
-0.000573 -0.001931 1.000000
-0.223096 -0.790217 487.175225
-0.346045 -0.935965 182.536366
-0.000773 -0.001903 1.000000
0.059327 -1.387960 930.936338
-0.064687 -0.812060 -213.282461
0.000083 -0.002415 1.000000
-0.285330 -1.183787 351.318763
-0.173234 -0.696525 -33.074706
-0.000672 -0.002007 1.000000
0.390540 -1.658865 314.837997
0.424973 -1.388741 -377.095965
0.000732 -0.003820 1.000000
0.060603 -1.197718 336.750579
0.117864 -0.755209 -343.570647
-0.000031 -0.002764 1.000000
-0.035091 -1.102437 -175.268507
0.173924 -0.633044 -406.359235
-0.000030 -0.002486 1.000000
-0.021945 -1.457751 844.308392
0.169177 -0.930764 -494.409396
0.000061 -0.002757 1.000000
-0.033098 -1.239713 593.892445
-0.062113 -0.802750 -414.563704
-0.000224 -0.002546 1.000000
-0.117716 -1.175448 559.662084
-0.047626 -0.734567 -438.404000
-0.000417 -0.002420 1.000000
-0.113624 -0.891560 323.012365
-0.103300 -0.697208 -87.408465
-0.000469 -0.002380 1.000000
-0.204748 -0.850664 606.971509
-0.144583 -0.659621 -39.438817
-0.000410 -0.002077 1.000000
-0.263557 -1.060520 618.927267
-0.204773 -0.883997 15.744658
-0.000445 -0.002130 1.000000
-0.027613 -1.403986 518.683197
0.184265 -1.028150 -399.979051
0.000199 -0.003031 1.000000
-0.286788 -1.087490 344.645087
-0.140750 -0.838257 -98.548134
-0.000391 -0.002178 1.000000
-0.191555 -0.657663 116.046562
-0.170734 -0.565231 -75.375971
-0.000547 -0.001909 1.000000
0.623139 -3.412226 1359.847102
0.690676 -1.754634 -1747.942614
0.001583 -0.005718 1.000000
-0.082460 -1.275580 81.057747
-0.109939 -0.882857 -17.685011
-0.000341 -0.002452 1.000000
-0.091830 -1.355738 298.940342
-0.152946 -0.953946 -316.807329
-0.000431 -0.002573 1.000000
-0.136040 -0.990503 192.058587
-0.082896 -0.625011 20.928107
-0.000310 -0.002067 1.000000
-1.814814 1.336208 -2338.570159
-1.601991 1.235328 1922.987094
-0.003620 0.002305 1.000000
-0.197641 -0.901041 420.733338
-0.082196 -0.597400 28.713069
-0.000310 -0.002025 1.000000
0.106315 -1.274861 547.022047
0.057098 -0.934227 -48.532505
0.000120 -0.002631 1.000000
-0.180181 -0.903399 427.353273
-0.214502 -0.600637 -132.524740
-0.000306 -0.002198 1.000000
-0.307765 -1.210504 877.667899
0.038979 -0.627895 -250.816606
-0.000443 -0.002422 1.000000
-0.149898 -1.556520 1078.469553
-0.003256 -0.724891 -4.256807
-0.000255 -0.002492 1.000000
-0.229293 -1.110014 1039.045145
-0.045819 -0.523644 -165.804385
-0.000457 -0.002197 1.000000
1.406322 -2.433961 1863.436819
0.549248 -1.779402 -374.850133
0.002018 -0.005806 1.000000
-0.193260 -1.616391 1127.518788
-0.018407 -1.088502 -256.187122
-0.000081 -0.002832 1.000000
-0.320414 -1.270515 1139.822761
-0.101241 -0.529326 -56.873404
-0.000435 -0.001907 1.000000
-0.161761 -1.295178 364.037197
0.037996 -0.897504 -256.405715
-0.000228 -0.002578 1.000000
-0.048140 -1.149508 274.612952
-0.103533 -0.807213 -61.839376
-0.000361 -0.002330 1.000000
-0.175989 -1.236241 160.485725
-0.156893 -0.615434 -189.959234
-0.000338 -0.002175 1.000000
0.881011 -3.066478 506.304669
0.586178 -2.072039 -683.344016
0.001948 -0.005356 1.000000
0.554654 -2.918682 -100.904906
0.759659 -2.066094 -468.773824
0.000793 -0.004708 1.000000
2.714869 -6.624772 279.020794
1.571288 -4.098065 -3908.417926
0.005031 -0.011201 1.000000
-0.422787 -1.553805 545.653600
0.052877 -0.771246 -251.057866
-0.000355 -0.002532 1.000000
-0.174837 -1.510078 488.346304
0.055244 -0.652149 -203.004251
0.000000 -0.002520 1.000000
0.138912 -1.744314 844.195764
0.291139 -0.891541 -541.241805
0.000323 -0.003097 1.000000
0.147949 -2.244677 445.990502
0.077941 -1.601009 -222.379058
0.000204 -0.003592 1.000000
-0.651684 -1.237627 1123.879013
-0.187733 -0.253971 11.139651
-0.000821 -0.001524 1.000000
0.268817 -1.332743 65.016507
0.088537 -1.076835 -224.426964
0.000191 -0.003133 1.000000
-0.111512 -1.883506 1092.122161
0.254287 -1.398577 -127.771918
0.000184 -0.003318 1.000000
-0.310388 -1.496040 1319.302177
-0.026034 -0.588135 -265.794350
-0.000326 -0.002273 1.000000
-0.122416 -1.440012 288.768062
0.088954 -1.022216 -244.939184
-0.000019 -0.002912 1.000000
-0.256042 -1.429835 444.927704
-0.021368 -0.929891 -96.565287
-0.000260 -0.002591 1.000000
0.408324 -1.973555 1089.866830
0.185397 -0.794268 -462.183672
0.000793 -0.003811 1.000000
4.071832 -7.294094 -3020.270450
2.979905 -4.062030 -3541.748402
0.010129 -0.015247 1.000000
-0.148349 -0.798173 207.231661
-0.116851 -0.563135 -145.942200
-0.000393 -0.001904 1.000000
-0.045493 -0.765376 189.859546
-0.083252 -0.744162 3.720255
-0.000311 -0.002146 1.000000
0.173376 -1.021240 -384.331133
-0.018244 -0.796469 -482.955370
-0.000191 -0.002665 1.000000
-0.256439 -0.614434 -151.769281
-0.326133 -0.691083 1504.071389
-0.000784 -0.001757 1.000000
-0.204425 -0.629438 74.796147
-0.186434 -0.657222 81.345926
-0.000597 -0.001881 1.000000
3.236820 -5.466650 -2309.551074
1.338529 -3.301794 -2072.585498
0.005909 -0.011384 1.000000
-0.161333 -1.249574 138.161720
-0.099396 -0.937380 -355.662432
-0.000318 -0.002574 1.000000
0.503807 -2.129430 592.503125
0.460702 -1.591263 -331.195332
0.001037 -0.004416 1.000000
-0.071142 -1.304237 596.801165
0.041935 -0.952166 -49.302990
0.000046 -0.002567 1.000000
-0.163665 -0.245948 -186.950508
-0.143398 -0.293568 31.182943
-0.000778 -0.001633 1.000000
-0.068482 -0.524893 -51.021710
-0.143590 -0.480549 160.285930
-0.000484 -0.001704 1.000000
0.017199 -0.441197 -146.898996
-0.097077 -0.585640 137.800647
-0.000261 -0.001841 1.000000
-0.049560 -0.720484 3.545422
-0.008193 -0.760160 41.671042
-0.000250 -0.002294 1.000000
0.374861 -1.676515 417.763383
0.241719 -1.449722 -230.327247
0.000771 -0.003728 1.000000
-0.021721 -0.611037 -94.270167
0.059199 -0.564894 -23.857274
0.000106 -0.002429 1.000000
0.208432 -1.658246 -58.255155
0.234762 -1.510611 8.703501
0.000442 -0.003544 1.000000
0.127054 -1.219389 -267.380193
0.026004 -0.849820 -237.492231
-0.000042 -0.002618 1.000000
0.177487 -1.022788 -123.098357
0.270076 -1.135201 -87.515246
0.000391 -0.003482 1.000000
0.289055 -1.060146 112.182116
0.295257 -1.067795 -181.096136
0.000328 -0.002962 1.000000
0.056265 -1.960347 908.112564
0.201558 -1.474816 -160.404306
0.000391 -0.003602 1.000000
-2.220567 1.715901 -2266.646239
-1.363215 0.801762 946.926941
-0.004042 0.002242 1.000000
-0.007133 -1.443033 604.657088
-0.086616 -0.903896 -54.797358
-0.000475 -0.002826 1.000000
0.126243 -1.295222 -352.305705
0.075565 -1.212192 -160.149114
0.000142 -0.003163 1.000000
-0.190198 -0.636683 91.733092
-0.026183 -0.582070 61.247831
-0.000386 -0.001912 1.000000
0.063204 -1.823447 -197.360537
-0.077507 -1.547876 -2.923218
-0.000083 -0.003598 1.000000
0.204389 -1.731843 439.856085
0.080682 -1.529923 -134.180312
0.000116 -0.003301 1.000000
0.207807 -1.174824 -422.270665
-0.293437 -1.149307 775.956695
-0.000126 -0.002637 1.000000
-0.707286 -0.408867 1896.717003
-0.467597 -0.521426 288.732013
-0.001173 -0.000989 1.000000
0.675096 -1.892742 -1285.347564
0.402590 -1.743613 -1035.628127
0.001320 -0.005085 1.000000
-0.092735 -0.776914 216.179810
-0.081085 -0.919891 -263.383806
-0.000286 -0.002656 1.000000
0.168605 -1.720780 -147.294448
0.249517 -1.057182 -406.456969
0.000796 -0.003693 1.000000
-6.689550 7.661709 17092.136414
-5.275259 8.030662 18268.261513
-0.014050 0.015947 1.000000
0.099904 -1.668244 -427.893528
-0.044095 -1.368883 616.328855
-0.000019 -0.002919 1.000000
80.899601 -101.169997 25646.525412
41.633393 -69.346292 -93891.706608
0.142263 -0.189139 1.000000
-0.765098 -0.400268 1054.762720
-0.622480 -0.180411 1072.381853
-0.001429 -0.000633 1.000000
-0.923109 -0.121861 1791.028575
-0.681559 -0.036130 -49.032223
-0.001874 -0.000025 1.000000
0.119451 -0.613200 -425.505194
0.192479 -0.987807 174.222980
0.000510 -0.002958 1.000000
-0.845255 -0.538779 486.777125
-0.433797 -0.279341 881.035651
-0.001358 -0.000766 1.000000
-0.340877 -0.752377 206.297543
-0.208226 -0.770990 1457.760392
-0.000524 -0.001664 1.000000
-0.397038 -1.197873 1021.842933
-0.155416 -0.474070 -39.693754
-0.000560 -0.001876 1.000000
-0.544221 -1.267160 1487.201330
-0.172413 -0.694589 -61.067248
-0.000648 -0.002019 1.000000
0.279046 -2.272749 1216.073358
0.061702 -0.816612 -136.258360
0.000426 -0.003147 1.000000
-0.487313 -1.203021 1125.717958
-0.146172 -0.668673 -69.740443
-0.000586 -0.001956 1.000000
-0.097563 -1.679756 1705.500913
0.103620 -0.511923 -985.242787
-0.000282 -0.002409 1.000000
-0.109136 -2.057084 1010.893835
0.100080 -0.884206 -290.129427
-0.000024 -0.003003 1.000000
-0.408459 -1.222164 1087.977923
-0.206384 -0.566883 86.958028
-0.000543 -0.001829 1.000000
0.275208 -1.968153 2177.073357
-0.008833 -0.683743 -231.270256
0.000353 -0.002954 1.000000
-0.279445 -0.987687 205.080281
-0.243411 -0.757413 907.610772
-0.000504 -0.001852 1.000000
0.453502 -1.681654 1933.471936
0.296726 -1.093570 -1097.696049
0.000847 -0.003586 1.000000
0.313162 -1.873459 1579.699001
0.070061 -1.438511 1330.731114
0.000470 -0.003870 1.000000
-1.007202 0.168576 -575.296466
-0.756910 0.150079 -24.610875
-0.001877 0.000290 1.000000
-0.212717 -1.889949 1073.193962
-0.000066 -0.787585 -113.233254
-0.000175 -0.002314 1.000000
-0.277688 -1.370208 1012.320144
-0.113974 -0.516254 -58.920932
-0.000247 -0.002226 1.000000
0.106904 -1.478118 1048.983686
-0.119972 -0.733395 -626.788538
-0.000031 -0.002464 1.000000
2.056877 -3.717155 -1524.474984
0.457824 -1.493920 -3206.678185
0.002447 -0.006463 1.000000
19.320186 -33.834246 -49870.648571
12.489919 -24.052781 52012.206096
0.037184 -0.056867 1.000000
-0.515202 -1.049545 719.571325
-0.289035 -0.631843 926.520936
-0.000818 -0.001424 1.000000
0.154063 -2.045627 1066.671475
-0.015875 -0.738339 53.602761
0.000198 -0.002788 1.000000
-0.114068 -1.741949 -211.435213
-0.205406 -1.281305 1072.943787
-0.000380 -0.002819 1.000000
-0.143452 -2.385938 635.331830
0.266653 -1.186252 -920.747072
0.000418 -0.003806 1.000000
-55.757987 90.056131 -33818.792175
-30.838725 48.801989 38577.472825
-0.121198 0.144171 1.000000
0.128261 -1.102549 133.687955
0.002359 -0.509868 16.570830
0.000085 -0.002635 1.000000
-0.088733 -1.916274 1083.605332
0.127850 -0.786243 -140.220686
0.000062 -0.002704 1.000000
-0.224078 -1.572117 1007.964184
0.047816 -0.869839 -18.902562
-0.000172 -0.002598 1.000000
0.209537 -1.919334 1010.704978
0.328077 -1.163711 -994.063513
0.000640 -0.003686 1.000000
-0.215971 -1.469826 1014.467341
0.013478 -0.717753 -169.313787
-0.000162 -0.002420 1.000000
0.119284 -2.144003 574.941108
0.304194 -1.004193 -503.387106
0.000706 -0.003589 1.000000
-0.248708 -1.100968 588.178725
-0.147378 -0.444353 -203.641753
-0.000534 -0.001786 1.000000
-0.550289 -0.759177 549.194682
-0.396234 -0.395551 -309.846708
-0.001202 -0.001612 1.000000
-0.387770 -1.589396 854.201604
-0.088245 -0.632512 -133.393646
-0.000347 -0.002173 1.000000
-0.406890 -1.107977 1204.449072
-0.276605 -0.592371 -133.390474
-0.000780 -0.001743 1.000000
-0.409868 -1.341557 1025.106338
-0.166821 -0.682975 4.645814
-0.000740 -0.001907 1.000000
-0.281333 -1.505714 1119.123210
0.064421 -0.574427 -108.931858
-0.000248 -0.002384 1.000000
0.132932 -1.647962 917.996080
0.172953 -1.042392 -143.646970
0.000205 -0.003140 1.000000
0.136736 -1.908815 880.533611
0.100216 -1.020913 -5.715877
0.000139 -0.003172 1.000000
-3.219403 2.165475 5661.274365
-2.431886 2.439046 829.990804
-0.006510 0.006159 1.000000
-0.390640 -1.634031 669.519285
0.071997 -1.018368 -492.800924
-0.000208 -0.002824 1.000000
-0.056991 -2.378251 848.571867
0.181893 -1.520183 -103.754673
0.000282 -0.003408 1.000000
-0.239859 -1.693668 1127.856630
0.146492 -0.550232 -179.703968
-0.000094 -0.002456 1.000000
-0.196053 -1.420296 193.510889
-0.124093 -0.572346 -26.071944
-0.000418 -0.002378 1.000000
0.068492 -1.563505 1152.564290
0.023592 -0.748538 -147.789342
0.000400 -0.002896 1.000000
-0.520354 -0.995157 1274.243819
-0.244669 -0.507370 41.139095
-0.000810 -0.001690 1.000000
0.483588 -2.454128 1048.820845
0.410479 -1.334015 -606.846470
0.001281 -0.004868 1.000000
-0.002583 -1.249066 798.436994
-0.069062 -0.781018 -51.400483
-0.000189 -0.002197 1.000000
0.449198 -1.707162 -146.411430
0.291461 -1.408989 -459.589833
0.000745 -0.003788 1.000000
0.152360 -1.429340 691.062042
0.205955 -1.019572 -309.651407
0.000398 -0.003182 1.000000
-0.269376 -1.065698 713.158709
-0.090043 -0.480584 -150.308423
-0.000226 -0.002207 1.000000
0.126525 -1.288637 511.431677
0.095890 -0.760740 -116.564779
0.000123 -0.002515 1.000000
-0.186251 -0.997961 322.894907
-0.124894 -0.840431 42.421188
-0.000381 -0.002105 1.000000
-0.313642 -0.920163 718.182850
-0.165458 -0.553769 -163.217298
-0.000581 -0.002075 1.000000
0.028254 -1.024288 562.932580
0.000145 -0.918909 -56.717627
-0.000179 -0.002676 1.000000
0.003905 -1.226142 445.551119
-0.102577 -1.031801 117.470599
-0.000159 -0.002299 1.000000
0.355263 -1.562185 367.700477
0.213014 -1.289670 -200.771733
0.000355 -0.003442 1.000000
-0.353112 -0.723513 359.340077
-0.343889 -0.513911 -96.095471
-0.001013 -0.001653 1.000000
-0.165843 -1.014772 561.189399
-0.133832 -0.817438 -139.958449
-0.000677 -0.002350 1.000000
-0.175338 -1.504259 2167.901916
-0.118512 -0.829388 -193.635749
-0.000174 -0.002466 1.000000
0.108991 -1.025286 745.232051
-0.005607 -0.562157 -411.372766
-0.000056 -0.002235 1.000000
-0.608347 -0.851756 1006.202683
-0.231721 -0.438441 -95.257855
-0.000812 -0.001677 1.000000
0.125817 -1.527371 527.630065
0.076416 -0.776697 -391.052230
0.000066 -0.002696 1.000000
-0.217035 -1.621307 720.270667
0.009979 -0.866984 -324.501487
-0.000129 -0.003112 1.000000
0.304301 -1.550490 454.890032
0.172213 -0.873250 -364.920881
0.000057 -0.003226 1.000000
0.402609 -2.294583 1347.175104
0.489996 -1.613660 -350.154741
0.000675 -0.003905 1.000000
-0.090139 -1.392370 623.309044
0.126777 -1.293467 26.596736
-0.000037 -0.003068 1.000000
-0.084557 -0.939182 469.756676
-0.015357 -1.242969 -194.522239
-0.000236 -0.002898 1.000000
0.128923 -1.176618 141.053169
-0.089029 -1.148854 -89.782956
-0.000402 -0.002593 1.000000
-0.298675 -1.052495 587.840236
-0.199165 -1.079051 124.970247
-0.000466 -0.002404 1.000000
-0.278554 -0.697239 257.072688
-0.091104 -0.228920 -59.542744
-0.000548 -0.001562 1.000000
0.296337 -1.655389 -51.326796
0.287217 -1.004746 -129.153306
0.000387 -0.003239 1.000000
0.179533 -1.406431 66.253025
0.224602 -1.067568 -192.992694
0.000207 -0.003115 1.000000
-0.062616 -1.231310 430.877437
-0.050346 -0.610774 -229.228996
-0.000150 -0.002455 1.000000
-0.003923 -2.275503 724.678368
0.093575 -1.636570 -96.286951
0.000186 -0.003774 1.000000
0.184042 -1.260721 186.225228
-0.081505 -0.562958 -188.056999
0.000050 -0.002762 1.000000
-0.427547 -1.563118 298.433107
-0.078918 -0.969451 -49.655518
-0.000438 -0.002848 1.000000
-0.282827 -1.009021 210.272391
-0.193191 -0.537780 -200.191689
-0.000474 -0.001895 1.000000
-0.118356 -1.685093 911.792764
0.183910 -0.849855 -293.800476
0.000113 -0.003052 1.000000
-0.154386 -0.662930 168.852865
-0.185068 -0.515145 -162.833055
-0.000652 -0.001716 1.000000
0.240084 -1.519017 390.052868
0.199661 -1.032843 -404.245841
0.000220 -0.003382 1.000000
-0.113540 -0.994373 503.133730
-0.031800 -0.603715 -286.384748
-0.000311 -0.002149 1.000000
0.060129 -1.007206 386.876863
0.026823 -0.938711 -296.957765
-0.000159 -0.002682 1.000000
0.006310 -1.345256 605.287085
0.100315 -1.226423 -134.925987
0.000103 -0.003199 1.000000
0.247693 -1.103444 -22.657724
-0.002158 -1.011573 -21.935073
0.000032 -0.002824 1.000000
0.234554 -1.582147 -50.116679
0.169976 -0.940535 -478.155170
0.000458 -0.003038 1.000000
