-0.166046 -1.157734 565.859412
-0.052288 -0.389323 -36.443600
-0.000318 -0.001939 1.000000
-0.052361 -0.527850 181.285492
-0.121809 -0.505846 31.734929
-0.000536 -0.001861 1.000000
-0.141162 -0.602219 251.748398
-0.028525 -0.322987 12.058435
-0.000329 -0.001670 1.000000
-0.021044 -0.492826 91.731308
-0.053862 -0.478455 137.640017
-0.000227 -0.001874 1.000000
-0.023216 -0.711023 118.240465
-0.086437 -0.599544 147.227853
-0.000226 -0.002052 1.000000
-0.205170 -0.304403 184.320430
-0.094935 -0.256089 110.613699
-0.000451 -0.001541 1.000000
0.006650 -0.626935 82.151549
0.041257 -0.541118 36.461092
-0.000179 -0.002073 1.000000
-0.042124 -0.721816 151.855926
0.049944 -0.487848 -17.654690
-0.000163 -0.002152 1.000000
-0.096069 -0.393291 119.498315
-0.038559 -0.601137 83.041888
-0.000355 -0.001933 1.000000
-0.165718 -1.177027 742.015279
-0.075543 -0.402075 -222.592184
-0.000337 -0.001852 1.000000
-0.133908 -1.105407 468.882075
-0.091994 -0.583074 -8.921493
-0.000193 -0.002146 1.000000
0.039910 -1.040696 74.121202
-0.087199 -0.574838 50.555789
0.000001 -0.002533 1.000000
-0.053481 -0.783567 332.194148
-0.000293 -0.645071 -146.897677
-0.000190 -0.002194 1.000000
-0.023138 -1.171939 417.920076
0.061297 -0.621083 -71.703214
-0.000244 -0.002055 1.000000
-0.385813 -0.329383 503.871949
-0.353176 -0.244804 117.357709
-0.000910 -0.001044 1.000000
-0.008793 -0.595866 212.216374
-0.101810 -0.437053 43.411171
-0.000304 -0.001827 1.000000
-0.037411 -0.665283 240.374356
0.077751 -0.317116 -84.075148
-0.000067 -0.002001 1.000000
-0.166338 -0.856267 224.126945
-0.070030 -0.779789 94.973243
-0.000337 -0.002078 1.000000
-0.200295 -0.598037 244.660386
-0.185841 -0.411375 36.847180
-0.000597 -0.001495 1.000000
-0.043201 -0.978551 208.303241
-0.004332 -0.574888 -41.410478
-0.000178 -0.002251 1.000000
-0.067730 -0.767105 239.551298
-0.070813 -0.439348 27.765594
-0.000136 -0.001977 1.000000
0.385099 -1.380254 -198.395722
0.177124 -1.292617 41.191911
0.000504 -0.002802 1.000000
-0.141790 -0.431154 -150.388814
-0.396426 -0.794265 1016.195777
-0.000624 -0.001570 1.000000
-0.277223 -0.785334 409.655796
-0.122606 -0.517165 -34.311477
-0.000439 -0.001879 1.000000
-0.038267 -0.829979 310.062337
-0.098565 -0.724866 31.157835
-0.000379 -0.002098 1.000000
-0.116203 -0.791105 317.077090
-0.036936 -0.491822 -86.723260
-0.000255 -0.002010 1.000000
-0.113484 -0.671627 154.631362
-0.078979 -0.727596 178.616524
-0.000224 -0.002042 1.000000
-0.061867 -0.689607 130.766841
-0.058580 -0.520793 22.723208
0.000015 -0.002071 1.000000
-0.159005 -0.619121 265.016029
-0.060974 -0.512659 72.865905
-0.000359 -0.001704 1.000000
-0.125663 -0.497540 222.052254
-0.150449 -0.510551 93.480966
-0.000524 -0.001627 1.000000
-0.042478 -0.453798 175.291785
-0.052867 -0.368136 6.707039
-0.000490 -0.001731 1.000000
0.423294 -1.485247 411.371366
0.245315 -0.890457 -706.934498
0.000556 -0.003283 1.000000
0.074113 -1.018298 297.201527
-0.039295 -0.517612 -138.265492
-0.000038 -0.002442 1.000000
-0.050678 -1.007199 481.935238
0.000286 -0.649438 -175.355422
-0.000211 -0.002219 1.000000
-0.185818 -0.529741 188.086074
-0.197331 -0.522427 109.969521
-0.000581 -0.001648 1.000000
-0.061869 -0.555395 304.349129
-0.232733 -0.339489 -17.814059
-0.000439 -0.001746 1.000000
0.230683 -0.977140 46.314272
0.134236 -0.758665 0.757687
0.000491 -0.002768 1.000000
-0.041219 -0.594668 181.214208
-0.081061 -0.451444 -78.741671
-0.000274 -0.001929 1.000000
-0.064760 -0.485462 45.159643
-0.066483 -0.519695 7.049379
-0.000346 -0.001900 1.000000
0.003933 -0.533544 112.025080
-0.063652 -0.589163 71.276290
-0.000280 -0.001894 1.000000
-0.022631 -0.467103 118.528467
-0.052253 -0.466260 18.158265
-0.000296 -0.001882 1.000000
-0.100440 -0.507982 171.020611
-0.094484 -0.537675 78.747452
-0.000445 -0.001836 1.000000
0.061993 -0.584957 150.969758
-0.092385 -0.362049 40.112261
-0.000229 -0.001883 1.000000
0.052778 -0.377200 94.318328
0.025650 -0.177602 -14.564166
-0.000234 -0.001639 1.000000
-0.020440 -0.520933 208.442674
-0.023498 -0.306701 -37.257267
-0.000063 -0.001937 1.000000
-0.020466 -0.525025 160.564520
0.042499 -0.305802 -36.962289
-0.000175 -0.001912 1.000000
-0.041169 -0.640974 216.419414
0.042096 -0.394262 -5.926239
-0.000019 -0.002009 1.000000
0.228774 -1.346311 312.109319
0.144971 -0.525428 -230.639991
0.000244 -0.002708 1.000000
0.166204 -1.129450 361.228255
0.195579 -0.823908 -4.323729
-0.000006 -0.002372 1.000000
0.039161 -1.050977 247.475001
0.008678 -0.683528 -39.983432
-0.000175 -0.002375 1.000000
0.206323 -0.929165 321.645004
0.072350 -0.539091 -98.409267
-0.000060 -0.002389 1.000000
-0.113265 -0.670928 422.421086
-0.045322 -0.242932 26.765992
-0.000503 -0.001531 1.000000
0.005734 -1.083990 300.509931
-0.006019 -0.513173 -35.505156
-0.000091 -0.002116 1.000000
-0.137346 -0.570492 289.233886
-0.082694 -0.269686 -31.326130
-0.000452 -0.001495 1.000000
0.022817 -0.649544 190.408567
0.091111 -0.322624 -24.234518
-0.000131 -0.001803 1.000000
0.095786 -1.260391 382.417714
0.026448 -0.612771 -71.745662
-0.000218 -0.002108 1.000000
-0.015578 -0.883519 380.658719
0.011806 -0.394952 -51.156818
-0.000242 -0.001881 1.000000
-0.360864 -1.093595 685.065720
-0.118496 -0.412657 -24.281903
-0.000461 -0.001675 1.000000
-0.042982 -0.861043 339.250123
-0.078121 -0.552442 18.324128
-0.000391 -0.001768 1.000000
-0.032699 -0.537061 291.802701
-0.273397 -0.472959 125.470980
-0.000673 -0.001546 1.000000
0.410208 -1.432630 -31.971442
0.286073 -0.717854 -165.528808
0.000926 -0.003185 1.000000
-0.020420 -0.819348 321.235964
0.120208 -0.511912 -61.073505
0.000126 -0.002407 1.000000
0.022676 -0.360265 113.118030
0.025280 -0.217307 5.879226
-0.000112 -0.001708 1.000000
0.023367 -1.203765 475.336484
0.026569 -0.774198 3.800202
-0.000229 -0.002318 1.000000
0.092251 -1.482913 478.977737
0.039878 -0.788917 -104.741041
-0.000127 -0.002520 1.000000
-0.014161 -1.235109 498.023700
-0.091560 -0.816098 82.762593
-0.000255 -0.002269 1.000000
0.128339 -1.474848 482.833572
0.101911 -0.863020 -43.333626
-0.000052 -0.002565 1.000000
-0.062913 -0.930861 352.060905
-0.025718 -0.453143 1.749675
-0.000198 -0.001991 1.000000
0.234200 -1.723711 178.991859
0.110153 -0.951165 -100.032575
0.000204 -0.003092 1.000000
-0.069323 -1.225973 544.358789
0.040386 -0.424042 -29.226531
-0.000152 -0.002042 1.000000
-0.046176 -1.094004 364.995094
-0.061484 -0.707422 50.051791
-0.000254 -0.002084 1.000000
0.005406 -1.037822 302.205000
-0.049849 -0.595707 34.493726
-0.000278 -0.002023 1.000000
0.015015 -0.329898 -2.707881
-0.034874 -0.258796 47.973394
-0.000277 -0.001685 1.000000
-0.178775 -0.949738 876.829389
-0.125918 -0.635792 -48.673491
-0.000428 -0.001964 1.000000
-0.007362 -1.104157 421.080874
-0.094194 -1.151813 129.689761
-0.000087 -0.002652 1.000000
0.216330 -0.915322 134.903521
0.024834 -0.775395 -32.490308
-0.000089 -0.002384 1.000000
-0.022311 -0.469343 148.038862
-0.026397 -0.257768 11.240229
-0.000308 -0.001606 1.000000
-0.058690 -0.514712 191.865833
-0.076221 -0.364620 55.945516
-0.000445 -0.001533 1.000000
-0.073553 -1.079580 421.457701
0.051251 -0.415586 -75.259605
-0.000332 -0.002046 1.000000
0.020749 -0.742573 340.662190
-0.107554 -0.256608 58.391846
-0.000226 -0.001545 1.000000
-0.134617 -0.983002 403.673929
-0.199487 -0.589959 160.673246
-0.000462 -0.001701 1.000000
-0.168532 -1.259992 584.797050
-0.180439 -0.692831 160.087909
-0.000316 -0.001912 1.000000
-0.079184 -1.321149 516.008633
0.025264 -0.808349 37.662985
-0.000135 -0.002212 1.000000
0.215933 -1.395968 563.921205
0.037447 -0.396801 -60.464267
0.000073 -0.002328 1.000000
-0.073581 -0.209583 165.291404
-0.027491 -0.094869 44.452818
-0.000394 -0.001322 1.000000
-0.051619 -0.387610 241.667128
-0.015498 -0.111953 14.980519
-0.000291 -0.001463 1.000000
0.193497 -0.921577 343.657521
-0.044880 -0.163322 24.883009
-0.000233 -0.001653 1.000000
0.294175 -0.924567 306.194002
0.055894 -0.113627 5.722519
-0.000105 -0.001829 1.000000
-0.079458 -0.580676 293.519617
-0.062497 -0.405400 108.954423
-0.000346 -0.001545 1.000000
2.212368 0.777299 -409.410445
0.456944 2.802039 -642.757818
0.001014 0.000585 1.000000
0.931318 -0.406582 141.699679
0.210996 0.674022 -103.614523
0.000336 -0.000939 1.000000
1.489985 0.292956 -212.869277
0.217792 1.536757 -264.064846
0.000383 0.000161 1.000000
1.171132 -0.307638 66.723779
0.223299 0.851992 -94.483758
0.000433 -0.000614 1.000000
-0.122800 -0.956602 401.396622
0.023613 -0.749332 101.967260
-0.000069 -0.002029 1.000000
-0.867716 -2.326299 1032.383103
0.120940 -3.259439 668.862723
0.000564 -0.004803 1.000000
-0.134393 -1.235620 561.606270
-0.015677 -0.709198 119.764341
-0.000183 -0.002248 1.000000
-0.159651 -0.575392 302.264835
-0.115745 -0.274379 50.259505
-0.000521 -0.001339 1.000000
0.400551 -0.360667 221.315062
-0.051881 0.540918 -55.314074
-0.000308 -0.000731 1.000000
0.537051 0.034939 72.031328
-0.072625 0.951696 -94.701103
-0.000325 -0.000326 1.000000
1.545727 0.180727 -164.574002
0.312697 1.440471 -274.422740
0.000623 -0.000101 1.000000
2.010589 0.722920 -434.309382
0.451475 2.166500 -385.382988
0.000878 0.000429 1.000000
-0.036200 -0.956052 325.530996
-0.060537 -0.582109 38.044807
-0.000243 -0.001937 1.000000
-0.040130 -1.248848 604.748421
-0.018605 -0.763065 13.780902
-0.000150 -0.002206 1.000000
-0.313232 -1.187037 480.134953
-0.289058 -0.928760 215.734757
-0.000497 -0.002036 1.000000
-0.168702 -0.776091 450.454277
-0.134350 -0.292629 94.147123
-0.000411 -0.001403 1.000000
0.046048 -1.371576 390.229184
0.070018 -0.984170 -157.930169
-0.000119 -0.002818 1.000000
-0.117521 -0.704914 222.376677
-0.115056 -0.520974 78.418660
-0.000551 -0.001838 1.000000
-0.223485 -1.319307 564.917280
-0.185040 -0.858536 201.355168
-0.000337 -0.002063 1.000000
-0.013531 -0.512910 350.396869
-0.080605 -0.014137 64.335593
-0.000427 -0.001165 1.000000
0.543763 0.581996 45.746227
-0.014434 1.300219 -158.609773
-0.000407 0.000488 1.000000
-0.284041 -1.522206 587.512995
-0.031838 -0.959178 151.808832
-0.000154 -0.002463 1.000000
-0.178149 -2.049159 522.376957
0.064220 -1.763903 132.894975
0.000001 -0.003532 1.000000
-0.385444 -1.529389 685.913676
-0.133136 -1.063315 217.417349
-0.000309 -0.002435 1.000000
-0.078729 -1.166877 571.500225
-0.086233 -0.480616 -7.319013
-0.000180 -0.002004 1.000000
-0.200347 -1.042016 390.567503
-0.208604 -0.676031 136.119811
-0.000511 -0.001935 1.000000
-0.743107 -1.201476 628.358939
-0.295177 -1.156223 371.467325
-0.000803 -0.001959 1.000000
-0.003805 -0.285536 200.964803
-0.144305 0.057335 108.260677
-0.000567 -0.001038 1.000000
-0.624738 -1.081628 654.086371
-0.388209 -0.962378 369.212032
-0.000678 -0.001776 1.000000
0.232979 -0.675576 315.349625
-0.097159 0.095584 15.544793
-0.000211 -0.001274 1.000000
0.162273 -1.236650 510.985784
-0.069052 -0.551862 39.434115
0.000030 -0.002087 1.000000
-0.120784 -0.726476 382.957320
-0.055343 -0.151486 -3.125917
-0.000347 -0.001446 1.000000
-0.241209 -1.029234 542.054971
-0.185495 -0.443579 95.618787
-0.000372 -0.001759 1.000000
-0.279045 -1.340183 514.731958
-0.089309 -0.871619 23.008066
-0.000376 -0.002145 1.000000
-0.368451 -0.763849 480.723306
-0.238986 -0.292311 72.703611
-0.000686 -0.001366 1.000000
-0.257069 -1.155936 713.800516
-0.124372 -0.649360 -5.450584
-0.000368 -0.002035 1.000000
-0.128026 -1.105750 481.690453
-0.070096 -0.659975 -18.877051
-0.000275 -0.002045 1.000000
-0.421787 -0.919874 534.656904
-0.348940 -0.511294 244.929087
-0.000611 -0.001507 1.000000
-0.544803 -1.067505 613.555413
-0.471888 -0.830193 369.027481
-0.000658 -0.001761 1.000000
0.019271 -1.207418 429.646469
-0.123355 -0.959063 196.378146
-0.000117 -0.002256 1.000000
-0.267160 -1.106002 497.392462
-0.226619 -0.876863 176.713137
-0.000459 -0.002149 1.000000
-0.225026 -0.614954 219.888688
-0.273445 -0.543031 165.465724
-0.000599 -0.001625 1.000000
-0.089971 -0.965533 599.068115
-0.050380 -0.515897 -60.612519
-0.000040 -0.002250 1.000000
-0.169541 -0.760080 257.734838
-0.109149 -0.738380 139.849558
-0.000422 -0.001930 1.000000
-0.281040 -0.914679 504.261842
-0.068314 -0.676768 -29.812977
-0.000295 -0.001988 1.000000
0.855717 -0.043303 73.754094
0.076341 0.938007 -64.889468
0.000151 -0.000406 1.000000
1.545789 1.426401 -427.847032
0.050472 2.867723 -441.012887
0.000006 0.001664 1.000000
1.000000 0.000000 -0.000000
-0.000000 1.000000 -0.000000
-0.000000 0.000000 1.000000
1.133025 0.168974 -72.395652
0.030772 1.253394 -118.830587
0.000004 0.000302 1.000000
0.210259 -1.273020 609.555536
0.019748 -0.340208 -44.648372
0.000078 -0.002084 1.000000
-0.312726 -1.096534 786.590862
-0.170627 -0.521682 31.438858
-0.000393 -0.001861 1.000000
-0.403965 -1.519724 1061.898801
-0.075258 -0.314349 41.733835
-0.000354 -0.001797 1.000000
-0.132288 -1.148783 528.788213
-0.072359 -0.423344 -97.994375
-0.000323 -0.002241 1.000000
-0.091802 -1.242185 1022.464125
0.041592 -0.617576 -106.908981
-0.000031 -0.002178 1.000000
-0.204943 -1.439791 1108.875917
-0.015296 -0.565691 129.225287
-0.000142 -0.002038 1.000000
-0.232190 -1.550175 976.612291
-0.050553 -0.342145 51.853738
-0.000204 -0.001932 1.000000
-0.195129 -0.792826 568.365460
-0.067782 -0.485573 4.664552
-0.000225 -0.001944 1.000000
-0.073870 -0.634234 434.197845
-0.098511 -0.524117 38.768956
-0.000382 -0.001733 1.000000
-0.347262 -1.111460 610.048645
-0.087648 -0.689913 4.440277
-0.000216 -0.002389 1.000000
-0.069504 -0.557566 278.629506
-0.137796 -0.478714 104.678766
-0.000386 -0.001630 1.000000
-0.237833 -0.501744 150.333198
-0.166693 -0.468898 77.395248
-0.000609 -0.001620 1.000000
-0.932062 0.104087 -55.893857
-0.561072 -0.082489 86.259240
-0.001616 -0.000211 1.000000
-0.243830 -1.069889 732.428205
-0.174271 -0.581641 39.864979
-0.000536 -0.001741 1.000000
-0.487173 -0.910579 534.575011
-0.212645 -0.318422 -116.642493
-0.000704 -0.001585 1.000000
-0.470366 -1.659938 909.235068
-0.012792 -0.789735 -38.434610
-0.000378 -0.002407 1.000000
-0.644958 -0.956200 974.623001
-0.126248 -0.153288 55.334284
-0.000757 -0.001186 1.000000
0.118280 -1.892198 1068.906065
0.018070 -0.341097 46.418221
0.000160 -0.002149 1.000000
0.588894 -1.949358 926.513685
0.552272 -1.819407 -317.727730
0.001199 -0.004607 1.000000
-0.200800 -1.644610 1050.497762
-0.062911 -0.453184 113.011360
-0.000215 -0.002047 1.000000
0.051339 -2.468969 1351.707111
0.216911 -0.784841 -107.439403
0.000534 -0.002922 1.000000
-0.175290 -0.794088 427.495698
-0.148035 -0.475767 59.550503
-0.000417 -0.001725 1.000000
-0.154726 -1.059635 546.840801
-0.205258 -0.562982 58.609158
-0.000368 -0.001921 1.000000
-0.647288 -1.172041 703.497355
-0.057407 -0.910603 107.308412
-0.000423 -0.002360 1.000000
-0.220234 -0.805657 447.907388
-0.093144 -0.356502 83.349765
-0.000383 -0.001576 1.000000
-0.109243 -0.298738 130.759657
-0.124189 -0.457280 168.595472
-0.000449 -0.001510 1.000000
-0.007051 -0.556596 132.811931
-0.060474 -0.404217 123.925213
-0.000239 -0.001789 1.000000
-0.102164 -0.370013 92.534408
-0.016360 -0.479284 91.000147
-0.000276 -0.001858 1.000000
0.315893 -0.804795 -304.473986
0.078747 -1.433146 634.487566
0.000358 -0.002469 1.000000
-0.050452 -0.444616 121.685887
-0.009278 -0.334522 -1.736643
-0.000282 -0.001743 1.000000
-0.100946 -0.973938 447.415684
0.024082 -0.534285 -41.363844
-0.000025 -0.002200 1.000000
-0.026156 -0.939683 251.031662
-0.136440 -0.724985 107.952662
-0.000390 -0.002112 1.000000
0.011832 -1.084191 470.572774
-0.090959 -0.552224 9.791090
-0.000198 -0.002020 1.000000
-0.042915 -0.831543 269.540206
-0.203434 -0.824029 79.856236
-0.000440 -0.002152 1.000000
-0.004116 -0.323927 15.132030
-0.118462 -0.370185 94.799320
-0.000475 -0.001652 1.000000
0.075265 -0.413699 -93.484926
-0.021541 -0.741002 123.679828
0.000045 -0.002238 1.000000
-0.021922 -0.202412 30.574533
-0.114372 -0.283400 132.851473
-0.000474 -0.001482 1.000000
0.028014 -0.358557 93.505574
-0.015671 -0.416008 105.003735
-0.000048 -0.001888 1.000000
0.021458 -1.198867 277.593363
0.052573 -1.015358 96.728667
0.000004 -0.002472 1.000000
-0.118840 -0.365860 66.264504
-0.012418 -0.370580 -29.543407
-0.000330 -0.001740 1.000000
-0.113945 -0.420062 36.977692
-0.128969 -0.525839 231.091862
-0.000398 -0.001653 1.000000
-0.046348 -0.324398 21.674733
-0.035901 -0.277091 75.671567
-0.000413 -0.001620 1.000000
-0.022156 -0.523322 45.731122
-0.048248 -0.397667 62.175034
-0.000299 -0.001882 1.000000
-0.004803 -0.448281 55.731447
0.054964 -0.487788 87.980427
-0.000095 -0.001921 1.000000
-0.017541 -1.271789 350.493440
-0.112611 -0.853453 78.342101
-0.000204 -0.002545 1.000000
-0.730462 -1.394089 731.716426
-0.338710 -0.784395 294.531704
-0.000703 -0.001952 1.000000
-156.540005 -191.849315 69263.290271
-43.682797 -224.138491 59014.534305
-0.081353 -0.224952 1.000000
-0.067897 -0.382605 49.347950
-0.005506 -0.656200 149.070604
-0.000015 -0.002145 1.000000
-0.009087 -0.514722 -11.798863
-0.060592 -0.461129 61.441271
-0.000078 -0.002223 1.000000
0.031793 -0.292212 17.890565
-0.031918 -0.424143 77.776190
-0.000205 -0.001928 1.000000
-0.103549 -0.756187 261.932592
0.026666 -0.420267 -51.929377
-0.000094 -0.002146 1.000000
-0.292489 -0.345790 -39.490683
-0.381804 -0.842598 641.597179
-0.000688 -0.001455 1.000000
-0.697541 -0.377913 627.109222
-0.660048 -0.568730 77.797084
-0.001258 -0.000731 1.000000
0.009276 -0.946074 216.207384
0.043987 -0.651247 -155.388296
0.000085 -0.002422 1.000000
-0.116654 -0.495789 111.564593
-0.071633 -0.324832 51.223868
-0.000433 -0.001665 1.000000
-0.159486 -1.181398 616.566559
-0.048051 -0.595600 -231.902011
-0.000265 -0.002278 1.000000
0.101508 -1.310194 -132.103109
0.067213 -1.783220 620.609891
0.000264 -0.002890 1.000000
0.180854 -0.859845 -166.860120
-0.054500 -1.299673 773.794352
-0.000028 -0.002359 1.000000
-0.755441 -0.253005 1794.563932
-0.454339 -0.198267 -258.233125
-0.001367 -0.000640 1.000000
0.611582 -1.771277 890.627497
0.252655 -1.768717 -143.694907
0.000857 -0.003599 1.000000
-0.328998 -0.478135 -266.197391
-0.349708 -0.498376 -189.543089
-0.000842 -0.001173 1.000000
-0.231342 -0.300576 161.023784
-0.288697 -0.384099 148.746933
-0.000745 -0.001254 1.000000
0.210009 -1.555655 501.103596
0.066647 -1.426422 1177.327775
0.000321 -0.002452 1.000000
-0.589463 -0.684443 131.869879
-0.505690 -0.587089 591.829432
-0.001098 -0.000930 1.000000
-0.278608 -1.593381 1047.787507
-0.050477 -0.303409 35.875659
-0.000288 -0.001858 1.000000
-0.569860 -1.114552 1538.834652
-0.474659 -0.759172 205.914149
-0.000904 -0.001387 1.000000
-0.225371 -1.497253 945.252864
-0.080698 -0.425528 65.321422
-0.000287 -0.001864 1.000000
-0.023374 -1.833357 996.903149
-0.049714 -0.402180 48.175297
-0.000050 -0.002113 1.000000
-0.184041 -0.775529 674.849708
-0.163441 -0.405566 74.353540
-0.000482 -0.001452 1.000000
-0.348296 -1.470640 929.395666
-0.065973 -0.338257 51.348140
-0.000437 -0.001728 1.000000
-0.300121 -1.478118 1031.242110
-0.077354 -0.502011 164.536050
-0.000273 -0.001803 1.000000
-0.135019 -1.523949 1012.859242
-0.174278 -0.524422 180.658212
-0.000329 -0.001958 1.000000
-0.793206 -0.211561 -42.655858
-0.634837 -0.327442 92.456518
-0.001587 -0.000249 1.000000
-0.130725 -0.753659 381.372343
-0.013027 -0.328434 -66.669959
-0.000295 -0.001778 1.000000
-0.335783 -0.920550 1055.524086
-0.270557 -0.826683 697.524047
-0.000703 -0.001627 1.000000
-0.401181 -0.507166 199.569666
-0.535437 -0.749856 211.220066
-0.000825 -0.001367 1.000000
-0.381489 -1.485512 1021.972528
-0.130209 -0.530968 201.478097
-0.000383 -0.001767 1.000000
-0.297173 -1.415638 1027.143071
-0.001480 -0.294779 16.733635
-0.000335 -0.001702 1.000000
-0.114948 -1.763079 1006.410037
0.096868 -0.525920 -43.724794
0.000036 -0.002182 1.000000
-0.223477 -0.214358 213.924187
-0.197818 -0.302202 169.312178
-0.000806 -0.000904 1.000000
-0.349711 -0.917393 -5.904555
-0.426801 -0.650844 -223.764116
-0.000753 -0.001589 1.000000
-0.078062 -1.420694 1037.855811
-0.242373 -1.081896 804.600143
-0.000202 -0.001988 1.000000
-0.076385 -1.786106 960.526036
0.054431 -0.619613 60.648988
-0.000080 -0.002062 1.000000
-0.818420 -0.190987 933.587273
-0.695285 -0.177178 156.227355
-0.001447 -0.000235 1.000000
-0.081840 -1.212250 653.664492
0.031341 -0.460025 -228.212953
-0.000230 -0.002043 1.000000
-0.758776 -0.640434 1168.889389
-0.221153 -0.154390 -14.418209
-0.001028 -0.000933 1.000000
-0.223775 -0.658093 366.284337
-0.096025 -0.308708 79.022952
-0.000501 -0.001529 1.000000
-0.227710 -1.448002 912.826565
-0.073196 -0.315979 62.074401
-0.000300 -0.001745 1.000000
-0.109458 -1.385371 920.888660
-0.089946 -0.304293 67.606353
-0.000284 -0.001755 1.000000
-0.480198 -0.723263 726.501640
-0.183618 -0.327613 -201.823473
-0.000715 -0.001387 1.000000
-0.252740 -1.440473 918.618912
-0.039821 -0.342467 39.446522
-0.000240 -0.001776 1.000000
-0.431930 -0.929459 700.107179
-0.237743 -0.530471 51.801918
-0.000727 -0.001617 1.000000
-0.348369 -1.110248 722.688071
-0.118199 -0.434276 -2.963811
-0.000419 -0.001818 1.000000
-0.031700 -0.749442 168.968272
-0.237457 -0.845666 137.583616
-0.000367 -0.002082 1.000000
-0.100003 -1.341085 799.592710
-0.116126 -0.391944 31.033426
-0.000378 -0.001834 1.000000
-0.207363 -1.241016 750.294582
-0.082442 -0.663947 20.154887
-0.000373 -0.002196 1.000000
-0.236587 -1.477730 921.369101
-0.053623 -0.301598 72.247666
-0.000357 -0.001756 1.000000
-0.354419 -1.243146 955.991842
-0.098053 -0.517963 21.161709
-0.000454 -0.001816 1.000000
0.390958 -2.462723 3271.936585
0.484715 -1.606190 -4.128530
0.001786 -0.004733 1.000000
-0.144746 -1.303556 946.580425
-0.123565 -0.556996 146.935122
-0.000264 -0.002077 1.000000
-0.150953 -0.790482 -18.114709
-0.187220 -0.746156 193.624705
-0.000421 -0.001686 1.000000
-0.259902 -1.385463 1000.948958
-0.004227 -0.678294 -11.029787
-0.000246 -0.002409 1.000000
-0.271006 -1.397505 1060.141347
-0.095260 -0.500282 113.213278
-0.000301 -0.001903 1.000000
-0.433906 -1.179700 873.764366
-0.102997 -0.318171 80.797748
-0.000463 -0.001528 1.000000
-0.111893 -0.643583 356.822242
0.014431 -0.073179 -89.842602
-0.000343 -0.001559 1.000000
-0.199801 -1.141143 795.283068
-0.061027 -0.385615 65.756190
-0.000328 -0.001745 1.000000
-0.315244 -1.310950 924.550943
-0.028999 -0.251777 1.530477
-0.000415 -0.001493 1.000000
-0.136246 -1.014225 720.306261
0.061276 -0.565872 77.171693
-0.000210 -0.001774 1.000000
-0.244586 -0.999095 651.944974
-0.043434 -0.414429 49.887609
-0.000312 -0.001657 1.000000
-0.221583 -0.809767 618.091480
-0.071952 -0.527357 58.610183
-0.000396 -0.001654 1.000000
-0.060559 -1.751836 759.831542
-0.004653 -0.905451 -65.101890
-0.000127 -0.002779 1.000000
-0.134389 -1.354098 739.069749
-0.160640 -0.577463 2.358831
-0.000304 -0.002157 1.000000
-0.361412 -0.786799 587.922234
-0.139918 -0.298749 -18.896774
-0.000605 -0.001553 1.000000
-0.269625 -0.964768 697.668114
-0.102316 -0.501508 132.900355
-0.000392 -0.001713 1.000000
-0.350447 -0.874594 553.995739
-0.177054 -0.518986 23.092617
-0.000650 -0.001860 1.000000
-0.209289 -1.003782 547.002349
-0.048416 -0.420138 1.853284
-0.000331 -0.001777 1.000000
-0.307162 -1.048816 584.891980
-0.118652 -0.439453 31.437474
-0.000414 -0.001788 1.000000
-0.363686 -0.677630 519.873360
-0.421942 -0.536777 191.001636
-0.000824 -0.001306 1.000000
0.084081 -1.059656 300.673667
-0.011044 -0.496583 -80.789140
-0.000065 -0.002266 1.000000
0.324764 -1.491128 468.625275
-0.040055 -0.881852 33.849772
0.000026 -0.002722 1.000000
-0.009401 -1.880893 1231.791033
0.131453 -0.505991 -74.002651
0.000143 -0.002339 1.000000
-0.222581 -0.726917 454.275829
-0.002365 -0.121516 -17.185291
-0.000383 -0.001533 1.000000
0.096775 -1.379499 719.182125
0.083340 -0.623044 -117.617094
0.000182 -0.002839 1.000000
-0.511114 -1.145542 607.403366
-0.286941 -0.712491 155.858597
-0.000690 -0.001998 1.000000
-0.313148 -0.996055 710.815289
-0.108356 -0.386597 5.643585
-0.000526 -0.001645 1.000000
-0.210905 -1.251750 703.161298
-0.051057 -0.573356 -10.686306
-0.000238 -0.002232 1.000000
-0.089987 -0.831823 346.583851
-0.075183 -0.407593 -34.653174
-0.000498 -0.001777 1.000000
-0.068435 -0.822412 498.859887
-0.115990 -0.539288 9.171299
-0.000461 -0.001816 1.000000
-0.079049 -0.584660 253.212305
-0.166938 -0.413253 71.204182
-0.000568 -0.001587 1.000000
-0.168879 -1.106614 454.106907
-0.156268 -0.920270 100.310309
-0.000356 -0.002287 1.000000
-0.143674 -1.190178 486.433349
-0.261242 -1.053417 267.700509
-0.000396 -0.002227 1.000000
-0.109134 -0.746060 429.100069
-0.065684 -0.137686 -21.442989
-0.000327 -0.001608 1.000000
-0.197599 -0.581333 241.354957
-0.069879 -0.416473 54.515540
-0.000293 -0.001805 1.000000
-0.166680 -0.585066 218.983348
-0.120640 -0.349020 73.636930
-0.000496 -0.001591 1.000000
1.767094 1.284703 -429.879582
0.227682 2.306340 -532.054072
0.000090 0.001532 1.000000
-0.319041 -1.144827 754.340822
-0.203612 -0.645511 124.226996
-0.000379 -0.001903 1.000000
-0.195965 -0.806634 316.652698
-0.168628 -0.483554 -24.164605
-0.000552 -0.001673 1.000000
-0.202325 -0.975571 269.669504
-0.054031 -0.895155 54.288178
-0.000371 -0.002361 1.000000
-0.163628 -0.529407 111.747453
-0.209077 -0.416247 131.274573
-0.000544 -0.001609 1.000000
-0.474277 -1.154057 726.184280
-0.166619 -0.642846 65.563811
-0.000543 -0.001859 1.000000
-0.038212 -0.639511 235.940842
-0.107025 -0.600019 118.935916
-0.000033 -0.002179 1.000000
-0.174055 -0.767281 424.117379
-0.054576 -0.426837 -40.371143
-0.000447 -0.001704 1.000000
-0.178903 -0.771346 409.405206
-0.249274 -0.566454 63.818071
-0.000509 -0.001698 1.000000
-0.018983 -0.434895 88.673400
-0.110708 -0.331812 -0.766636
-0.000493 -0.001652 1.000000
-0.246736 -1.218656 704.998239
-0.107000 -0.530025 120.026923
-0.000325 -0.001799 1.000000
0.150206 -1.516880 33.145939
0.196950 -1.133710 -66.738722
0.000262 -0.003072 1.000000
-0.308834 -0.827068 496.887612
-0.213782 -0.511659 36.689409
-0.000533 -0.001677 1.000000
