-0.889778 0.233082 -84.294233
-1.080636 0.262857 569.487487
-0.002249 0.000753 1.000000
-1.480806 1.259004 -2129.634802
-1.239953 0.617040 711.973121
-0.003108 0.001812 1.000000
0.504626 -0.940301 324.222890
-0.163380 -0.288544 355.374632
-0.000211 -0.001451 1.000000
0.728651 -1.203012 339.466549
0.002414 -0.573273 404.734303
0.000107 -0.001876 1.000000
2.203657 -2.828114 791.756338
1.120671 -1.905677 189.699491
0.002605 -0.004746 1.000000
-8.656146 9.564650 -2664.014172
-6.135295 6.426898 2757.142205
-0.014603 0.016983 1.000000
0.260609 -0.421631 285.338738
-0.258393 0.280815 231.175178
-0.000462 -0.000609 1.000000
0.393680 -1.314340 502.958895
0.096938 -0.652731 17.245739
0.000279 -0.002402 1.000000
-16.045891 16.646418 -8866.421969
-9.832892 8.975657 4382.493296
-0.025558 0.028561 1.000000
1.261934 -0.092854 -1.574169
0.025621 1.540616 -95.817529
0.000223 0.000230 1.000000
0.854128 0.005019 58.425287
-0.072593 1.097304 -0.574013
-0.000236 0.000234 1.000000
1.000000 0.000000 -0.000000
0.000000 1.000000 0.000000
0.000000 0.000000 1.000000
0.198817 -1.177081 523.245615
0.090371 -0.800524 63.728316
0.000180 -0.002462 1.000000
-0.015534 -1.258159 551.427316
-0.001622 -1.002618 -29.142379
-0.000043 -0.002518 1.000000
1.415404 -2.027929 1495.034035
0.607963 -1.596332 -10.075031
0.001598 -0.003882 1.000000
0.149422 -1.053058 465.617457
-0.155788 -0.638992 283.078987
-0.000113 -0.001807 1.000000
0.094213 -0.796605 386.109249
-0.191481 -0.408837 276.855495
-0.000370 -0.001349 1.000000
0.059676 -1.303838 591.415172
-0.002793 -1.066852 146.337236
0.000168 -0.002528 1.000000
-0.280975 -0.662945 453.948828
-0.238252 -0.524676 128.984589
-0.000609 -0.001340 1.000000
1.160376 -0.993099 306.816414
0.210262 -0.102100 208.715777
0.000688 -0.001590 1.000000
0.761314 -0.719738 303.723027
0.087582 -0.016648 241.935582
0.000251 -0.001131 1.000000
1.397103 -0.043440 -119.111516
0.198957 1.071546 -123.555190
0.000589 -0.000381 1.000000
0.847314 -0.224346 61.640969
0.065056 0.570382 5.988359
0.000224 -0.000781 1.000000
-0.819943 -0.107969 175.155420
-0.647653 -0.085984 342.799550
-0.001433 -0.000386 1.000000
-0.044991 -1.064793 647.442071
-0.169373 -0.919799 51.997805
-0.000215 -0.002187 1.000000
-0.163487 -0.984278 427.298074
-0.248586 -1.042576 49.988862
-0.000222 -0.002207 1.000000
-0.074212 -0.633131 352.151186
-0.401932 -0.230804 358.910667
-0.000747 -0.001088 1.000000
0.278822 -0.647647 366.673658
-0.156978 0.117594 134.967522
-0.000319 -0.001091 1.000000
-0.195744 -0.597319 350.993281
-0.263320 -0.324649 223.032578
-0.000712 -0.001112 1.000000
0.034868 -0.757589 601.325743
-0.305925 -0.871798 374.854703
-0.000320 -0.001848 1.000000
-12.208904 13.813390 -8483.788261
-8.368945 8.838475 6201.585419
-0.023439 0.025720 1.000000
-0.126750 -1.404192 574.634799
0.075649 -1.882733 4.403677
-0.000022 -0.003376 1.000000
-0.055282 -0.732891 588.203892
-0.153352 -0.769897 2.593939
-0.000330 -0.001972 1.000000
-5.824414 5.325511 -15001.258805
-3.903228 4.787673 4174.717953
-0.012854 0.014428 1.000000
0.073947 -0.997025 488.834608
-0.197674 -0.674067 129.374647
-0.000162 -0.001857 1.000000
0.113540 -1.222758 737.558498
-0.249938 -0.634715 -68.454212
-0.000214 -0.002121 1.000000
-0.484295 -0.960292 1229.496286
-0.293822 -0.613132 -864.430499
-0.000682 -0.001671 1.000000
0.917235 -1.967770 968.836571
0.345303 -1.045082 -440.528491
0.001024 -0.003138 1.000000
-0.119557 -0.901139 1707.768338
-0.159908 -0.625510 1276.486289
-0.000451 -0.001803 1.000000
-0.195712 -0.727609 1212.277319
-0.268785 -0.610947 220.741841
-0.000487 -0.001652 1.000000
-0.086776 -1.057256 1246.099645
-0.066074 -0.688463 -339.561157
-0.000198 -0.002057 1.000000
-0.897115 -0.017809 -787.873075
-0.747199 -0.183930 197.011368
-0.001695 -0.000226 1.000000
0.008552 -0.933181 1188.349003
-0.121855 -0.789694 263.098300
-0.000178 -0.002190 1.000000
0.913562 -2.081162 -1727.041723
0.515513 -1.327794 -1461.437158
0.001684 -0.003989 1.000000
-0.198778 -0.665066 1086.344870
-0.061278 -0.460584 -21.300637
-0.000505 -0.001469 1.000000
-0.153413 -1.285611 1550.417180
-0.046350 -1.163602 -91.200882
0.000003 -0.002665 1.000000
-0.489655 -0.788094 1107.655990
-0.299668 -0.544699 79.249915
-0.000778 -0.001434 1.000000
-10.294972 17.440160 -33739.637204
-8.358225 9.344603 -13871.328582
-0.020079 0.026169 1.000000
-0.159862 -1.076416 1718.025364
-0.097845 -0.819041 72.370595
-0.000322 -0.002032 1.000000
-0.031914 -1.115537 1582.464266
0.039288 -0.901375 180.149878
-0.000165 -0.002365 1.000000
-0.264270 -0.857348 1036.898318
-0.301272 -0.670065 549.287529
-0.000759 -0.001946 1.000000
-0.700572 0.200162 1287.395948
-0.744665 -0.091867 914.810179
-0.001908 -0.000250 1.000000
2.939380 -4.905041 4225.323212
1.738245 -2.399233 -1582.335451
0.004819 -0.007387 1.000000
-0.509951 -0.499825 2295.617472
-0.425273 -0.421593 427.045989
-0.001249 -0.001019 1.000000
0.023854 -1.203176 1045.727921
0.004273 -0.826180 -174.331206
-0.000009 -0.002186 1.000000
-0.553446 -0.465121 -308.630465
-0.476362 -0.465085 2045.419347
-0.001079 -0.001075 1.000000
0.252977 -1.511223 1469.411641
0.115611 -0.944783 -957.924209
0.000635 -0.003075 1.000000
-0.144673 -0.713628 2313.709022
-0.199023 -0.750761 477.782085
-0.000448 -0.001891 1.000000
0.437195 -1.470471 -1249.174791
0.325059 -1.337076 51.376677
0.000885 -0.003342 1.000000
8.236537 -11.795889 -6956.290524
8.038605 -11.338447 -10434.576771
0.016550 -0.024882 1.000000
-0.483937 -0.450245 176.541421
-0.323926 -0.360530 852.289072
-0.001064 -0.000990 1.000000
-0.419638 -0.538886 890.728246
-0.328253 -0.485693 -18.436936
-0.000905 -0.001173 1.000000
-0.506052 -0.484504 1453.552261
-0.461778 -0.494525 660.961904
-0.001137 -0.001128 1.000000
-1.791564 1.260751 828.386496
-1.416590 0.845380 2007.309572
-0.003833 0.001855 1.000000
-1.035272 0.245690 4669.778675
-0.664517 0.122032 -791.723772
-0.002050 0.000019 1.000000
0.500524 -1.793948 397.605425
0.735043 -2.004512 -1783.216469
0.001357 -0.004320 1.000000
-0.087994 -1.042225 -89.509751
-0.161735 -0.902839 317.036551
-0.000304 -0.001982 1.000000
-0.148508 -0.988355 1287.023459
-0.265026 -0.577906 -177.303296
-0.000433 -0.001759 1.000000
-0.105678 -0.549928 332.019345
-0.293510 -0.489990 -278.425311
-0.000729 -0.001538 1.000000
-0.546001 -0.760249 827.514543
-0.490949 -0.585882 84.095258
-0.001077 -0.001226 1.000000
-0.108332 -1.258997 2326.975069
-0.106441 -1.113848 96.760035
-0.000068 -0.002451 1.000000
-0.232116 -0.856927 -283.260418
-0.104233 -0.662916 129.105465
-0.000262 -0.001744 1.000000
-0.316914 -0.836008 138.951377
-0.164632 -0.610318 -40.979605
-0.000533 -0.001751 1.000000
-0.448681 -0.537924 970.165401
-0.379712 -0.441170 15.477901
-0.000990 -0.001178 1.000000
-0.175392 -1.319129 1089.021112
0.029978 -0.798312 -22.860534
-0.000103 -0.002130 1.000000
-0.632773 -0.298634 2176.993415
-0.591644 -0.341979 -138.779693
-0.001352 -0.000794 1.000000
-0.105445 -1.313131 442.408351
-0.019912 -0.969669 -332.576693
0.000212 -0.002716 1.000000
-0.128816 -1.059648 -526.258164
-0.314376 -0.837294 257.450438
-0.000487 -0.002184 1.000000
-0.603481 -0.426791 111.333547
-0.512384 -0.359066 -763.053052
-0.001288 -0.000785 1.000000
-2.275393 1.968089 4715.174061
-2.295647 1.491021 2058.011519
-0.005666 0.004140 1.000000
-0.157127 -1.163968 172.557359
-0.096015 -1.001751 142.220685
0.000009 -0.002253 1.000000
-0.196049 -0.649841 368.697136
-0.290790 -0.810758 100.466402
-0.000475 -0.001629 1.000000
-0.119923 -1.285706 167.554121
-0.057358 -1.076525 23.518785
-0.000054 -0.002263 1.000000
-0.392181 -0.589465 36.260427
-0.252908 -0.588437 230.297558
-0.000701 -0.001391 1.000000
8.319987 -13.063859 -11192.088414
3.873745 -6.953030 -3428.599794
0.014991 -0.022572 1.000000
-0.207459 -0.910538 376.315447
-0.162791 -0.656108 -327.156623
-0.000351 -0.001962 1.000000
0.372618 -1.651830 -794.769049
0.349959 -1.474757 -732.061740
0.000730 -0.003247 1.000000
-2.802439 3.537187 3127.334410
-2.742949 2.124968 3320.811554
-0.005538 0.004735 1.000000
0.372993 -1.284144 297.274404
0.248046 -0.601769 -356.388234
0.000636 -0.002545 1.000000
-1.011181 -0.658270 111.159500
-0.453386 -0.358696 532.931088
-0.001507 -0.000925 1.000000
-0.102624 -1.443771 1525.738222
0.016967 -1.427956 -28.419833
0.000001 -0.002935 1.000000
-0.470065 -0.736859 -599.982471
-0.335356 -0.596983 429.127445
-0.000907 -0.001384 1.000000
-0.344371 -0.564002 52.877704
-0.430263 -0.585464 -67.660745
-0.000884 -0.001308 1.000000
-2.169428 1.958877 -5099.132560
-2.791938 1.952141 7399.618442
-0.006276 0.005313 1.000000
-0.526763 -0.771694 943.361423
-0.266644 -0.380181 -123.273568
-0.000883 -0.001341 1.000000
-0.468777 -0.834704 961.598646
-0.539415 -0.827471 309.902641
-0.000771 -0.001452 1.000000
-0.904132 0.149683 1427.624406
-0.655226 0.043747 814.682424
-0.001907 0.000012 1.000000
-0.153133 -1.418615 224.908283
-0.033308 -0.803701 -163.766749
-0.000110 -0.002222 1.000000
-0.146384 -1.347126 736.387346
-0.101414 -1.026683 -1060.548898
-0.000106 -0.002275 1.000000
-1.850556 0.663835 -2405.241339
-1.966658 1.114341 803.307532
-0.004043 0.002052 1.000000
-0.041601 -1.357121 -746.752692
-0.151363 -0.987079 387.033054
-0.000099 -0.002273 1.000000
0.915590 -2.458373 355.990896
0.546518 -1.867224 -707.009037
0.001338 -0.003988 1.000000
0.747118 -2.110168 2323.324555
0.655138 -2.025465 -1388.402641
0.001328 -0.004142 1.000000
-24.311914 20.435633 28344.455661
-20.069106 18.018047 7096.104287
-0.041346 0.042225 1.000000
0.192950 -1.460683 97.964518
0.121123 -1.418881 -780.470792
0.000399 -0.002766 1.000000
-0.028057 -1.090084 1156.702257
-0.037645 -0.909979 -175.410103
-0.000201 -0.002264 1.000000
-0.471931 -0.905704 -10.233719
-0.321131 -0.658492 119.434277
-0.000794 -0.001625 1.000000
-0.327298 -0.781553 -65.501245
-0.342473 -0.768164 350.233018
-0.000569 -0.001635 1.000000
-2.840948 2.414313 -2379.794942
-2.835475 2.728992 8508.231472
-0.006601 0.006219 1.000000
16.708670 -21.224604 3743.192242
12.970083 -15.153834 -40781.924872
0.033101 -0.043071 1.000000
0.267258 -1.441403 323.721281
0.049117 -0.843156 -146.748715
0.000416 -0.002673 1.000000
-0.208218 -1.013356 231.903938
-0.198981 -1.011845 -124.317250
-0.000262 -0.002129 1.000000
-0.145336 -1.010107 294.297640
-0.075010 -0.678235 -106.841196
-0.000288 -0.001991 1.000000
-0.151999 -1.184874 686.135834
0.090275 -0.982446 -564.327117
-0.000006 -0.002406 1.000000
0.472394 -2.052299 -56.479241
0.379687 -1.569617 -1461.833080
0.001065 -0.003854 1.000000
-0.577735 -0.657426 1413.676588
-0.485256 -0.522072 101.023706
-0.001033 -0.000982 1.000000
-2.187897 0.960812 2891.957323
-2.261664 1.172120 -712.239197
-0.004025 0.002332 1.000000
0.081929 -1.737061 99.651914
-0.016703 -1.309658 38.821619
0.000148 -0.002990 1.000000
-0.737386 -0.645880 136.148846
-0.547719 -0.484495 77.910392
-0.001161 -0.001050 1.000000
-0.439526 -0.630090 301.674847
-0.465023 -0.673789 168.922364
-0.000851 -0.001280 1.000000
-0.014758 -1.241327 -247.395651
-0.128413 -0.852794 -526.866010
-0.000174 -0.002107 1.000000
0.653435 -1.507038 -78.691638
0.383227 -1.143176 -162.117483
0.000768 -0.002940 1.000000
-0.282237 -0.924084 -386.692509
-0.258671 -0.802018 -109.719956
-0.000429 -0.001939 1.000000
-0.169688 -1.286728 149.545131
-0.109723 -0.936514 -11.503869
-0.000294 -0.002128 1.000000
-0.241272 -1.084342 -286.618854
-0.208378 -0.727670 78.417359
-0.000381 -0.002009 1.000000
-0.251882 -0.894459 1113.692330
-0.327144 -0.639351 201.309234
-0.000373 -0.001569 1.000000
1.866625 -3.979620 -685.721567
1.965196 -3.133097 -1905.521211
0.004348 -0.007134 1.000000
0.036733 -1.275110 1026.675052
0.113150 -1.241097 -660.549179
0.000142 -0.002525 1.000000
-0.289657 -0.948290 1166.516008
-0.338940 -0.844625 -1118.534968
-0.000701 -0.001724 1.000000
0.092656 -1.412592 8.147840
0.074855 -1.411963 -592.181874
0.000221 -0.002803 1.000000
23.540291 -23.705645 1217.733077
26.658303 -25.579746 -52831.622095
0.058737 -0.057934 1.000000
0.194543 -1.409395 74.557056
0.018385 -0.958951 -140.184246
0.000157 -0.002390 1.000000
-0.502363 -0.623448 874.369417
-0.366726 -0.412083 -9.884975
-0.000917 -0.001037 1.000000
4.878618 -15.983336 -265.070582
9.050852 -14.520324 -10593.566921
0.014857 -0.028768 1.000000
-0.457798 -1.139631 1764.629085
-0.292562 -0.943113 -324.039152
-0.000668 -0.001983 1.000000
-0.538544 -0.915380 -57.960670
-0.443440 -0.720129 8.514946
-0.000984 -0.001604 1.000000
-1210.150422 1532.290321 1189276.448742
-814.183443 992.410517 281367.646283
-1.796161 2.288788 1.000000
-0.752036 -0.521240 230.098420
-0.776302 -0.407676 -232.905384
-0.001481 -0.000814 1.000000
-0.462579 -0.601031 75.523354
-0.360976 -0.302874 -31.238939
-0.001025 -0.001000 1.000000
1.215438 -3.381109 15107.525752
1.131458 -1.918016 -1512.953272
0.002888 -0.006396 1.000000
0.111157 -1.197954 1468.709024
0.093136 -0.956577 -694.525702
0.000329 -0.002618 1.000000
-0.313425 -1.162985 753.873082
-0.177012 -0.860566 -257.262270
-0.000621 -0.001908 1.000000
-0.087256 -1.521690 841.395259
0.114560 -0.912889 -474.188186
0.000038 -0.002473 1.000000
-0.959795 -0.194921 -237.822487
-0.656991 -0.013315 1683.272532
-0.001845 -0.000231 1.000000
0.202581 -1.481373 -1721.569947
-0.006982 -0.956953 2187.900375
0.000486 -0.002784 1.000000
-0.376103 -0.762410 373.932109
-0.426886 -0.648394 -12.570631
-0.000827 -0.001431 1.000000
-0.157912 -0.984760 341.579791
-0.136182 -0.830202 -419.887615
-0.000303 -0.001891 1.000000
-0.357779 -0.996610 892.515564
-0.199769 -0.580896 -266.750007
-0.000615 -0.001648 1.000000
-0.220071 -1.340556 504.589680
0.019305 -0.806763 -272.121759
-0.000169 -0.002150 1.000000
-1.173779 0.061088 2485.292087
-1.058856 0.216112 63.235308
-0.002557 0.000592 1.000000
-1.177037 1.212904 -2374.870107
-1.216086 0.899379 779.646880
-0.003634 0.003495 1.000000
-0.104684 -0.984619 -138.461659
-0.111278 -0.714547 921.196929
-0.000249 -0.001953 1.000000
-0.383202 -1.154300 -399.758148
-0.211511 -0.704205 386.855318
-0.000496 -0.001917 1.000000
-0.727437 -0.696605 720.787530
-0.375770 -0.440736 1293.233648
-0.001102 -0.001255 1.000000
-1.840385 0.229695 2068.117561
-0.938291 0.123971 1866.729162
-0.002795 0.000736 1.000000
1.301060 -2.824515 -982.114247
0.482262 -1.478465 -1343.023677
0.001740 -0.004400 1.000000
-0.088617 -1.198003 -1208.441906
0.046947 -0.978652 -688.483746
-0.000141 -0.002529 1.000000
-2.852199 2.055126 4755.100326
-2.182205 1.559190 653.370949
-0.005542 0.003826 1.000000
-0.331451 -0.658757 517.561308
-0.237365 -0.474839 -134.271389
-0.000654 -0.001504 1.000000
0.019080 -1.000379 325.516718
0.122867 -1.086403 -41.460324
0.000105 -0.002447 1.000000
-0.002148 -0.964562 -150.760596
-0.110853 -0.994493 14.855929
-0.000075 -0.002230 1.000000
-0.428401 -0.654139 576.884621
-0.292248 -0.391106 -109.848747
-0.000850 -0.001318 1.000000
-0.387752 -0.789804 -345.042243
-0.305581 -0.664019 74.843606
-0.000699 -0.001756 1.000000
-5.975154 5.352385 -1189.593937
-3.703369 2.937517 1120.797903
-0.007753 0.007108 1.000000
0.446295 -1.441451 529.668133
0.077398 -0.835008 252.344779
0.000340 -0.002230 1.000000
0.254645 -1.095085 445.873739
-0.018618 -0.821580 194.852016
-0.000002 -0.002142 1.000000
0.914853 0.030834 3.315038
-0.122772 1.278549 -116.400829
0.000026 -0.000100 1.000000
0.350376 -1.410998 992.709063
0.034392 -1.088958 -337.388920
0.000283 -0.002846 1.000000
-0.445592 -0.509428 730.835208
-0.323414 -0.291069 69.052904
-0.000969 -0.000914 1.000000
3.541404 -5.315422 -5007.171647
2.675705 -4.209230 -2452.590352
0.006282 -0.010592 1.000000
-0.067047 -1.702260 -107.250715
-0.054549 -1.396006 288.058570
0.000106 -0.003163 1.000000
-0.172094 -1.275313 173.425063
-0.075515 -1.174431 66.725616
0.000105 -0.002560 1.000000
0.010658 -0.946339 431.607826
-0.097031 -0.389954 17.201742
-0.000296 -0.001793 1.000000
1.832701 -3.166206 1152.850195
1.378528 -2.229875 -1280.265698
0.003470 -0.006370 1.000000
0.234126 -1.605923 1452.119828
-0.022789 -0.949577 -62.646984
0.000448 -0.003053 1.000000
0.318589 -1.495536 462.008629
0.089459 -1.004962 71.008711
0.000290 -0.002571 1.000000
0.101642 -1.466354 547.844109
0.036136 -1.101176 30.828077
0.000218 -0.002553 1.000000
0.037674 -0.946712 477.402105
-0.132756 -0.851135 57.300197
-0.000229 -0.002050 1.000000
-4.091759 4.299397 -2938.218972
-4.253002 3.144178 2804.115110
-0.008591 0.008497 1.000000
-0.320889 -0.700858 -1193.652485
-0.198626 -0.398729 -685.881047
-0.000553 -0.001737 1.000000
0.650108 -2.109836 326.817089
0.278055 -1.734012 -372.236613
0.001172 -0.004059 1.000000
-0.165801 -1.098834 405.262990
-0.294341 -0.911657 123.585500
-0.000420 -0.002014 1.000000
-0.210765 -0.934218 995.976518
-0.193169 -0.787755 -274.157853
-0.000297 -0.001973 1.000000
-0.811827 -0.212874 1049.405123
-0.754543 -0.210317 -142.696778
-0.002041 -0.000468 1.000000
-0.370562 -1.010025 1875.098424
-0.189565 -0.630965 -272.705223
-0.000635 -0.001719 1.000000
-0.870594 -0.248807 -307.416127
-0.605279 -0.239306 466.225848
-0.001537 -0.000487 1.000000
-0.190156 -1.195418 -364.787366
-0.197772 -0.890138 -311.986472
-0.000246 -0.002420 1.000000
0.336395 -1.788956 235.898092
0.243056 -1.305052 -301.563463
0.000836 -0.003489 1.000000
0.201346 -2.393510 1332.574270
0.546868 -1.898573 -575.553655
0.001260 -0.004172 1.000000
-0.448233 -1.003996 369.773355
-0.278879 -0.616583 -181.671721
-0.000707 -0.001597 1.000000
-0.133450 -1.319959 200.244569
-0.249322 -1.191841 -397.527563
-0.000452 -0.002268 1.000000
-1.382218 1.627027 3982.691512
-2.838495 2.663581 340.668116
-0.006155 0.006203 1.000000
3.452854 -7.152725 -8725.430527
4.703218 -5.906786 -510.177229
0.010817 -0.018450 1.000000
15.260740 -32.045662 -43379.172979
19.108026 -23.723230 -10435.257231
0.043301 -0.067325 1.000000
-0.169024 -0.590837 -129.220624
-0.226052 -0.492052 9.610298
-0.000527 -0.001583 1.000000
-0.732805 -0.372583 1126.541916
-0.629486 -0.285176 -158.573275
-0.001525 -0.000466 1.000000
-0.465299 -0.422077 781.528823
-0.432246 -0.361792 24.022320
-0.001109 -0.000854 1.000000
-0.706393 -0.969087 775.030705
-0.465340 -0.579413 -0.952086
-0.001010 -0.001243 1.000000
-0.089270 -0.989300 -616.529236
-0.083657 -1.165411 -241.267211
-0.000196 -0.002419 1.000000
-0.247228 -0.886236 -91.780410
-0.270876 -0.632094 -54.234167
-0.000582 -0.001743 1.000000
-0.256661 -0.787795 529.946832
-0.286704 -0.852424 -101.195366
-0.000517 -0.001920 1.000000
-0.481988 -0.893165 1007.778756
-0.425670 -0.554821 17.384112
-0.001020 -0.001304 1.000000
-0.596469 -0.763406 987.087000
-0.327267 -0.443840 -470.746167
-0.000879 -0.001358 1.000000
0.232124 -1.871358 -309.121701
0.056350 -1.208882 -471.689042
0.000257 -0.003155 1.000000
-0.402082 -0.911118 1179.982929
-0.288762 -0.553216 85.421491
-0.000760 -0.001507 1.000000
-0.058869 -1.327527 -401.650718
-0.063909 -0.972754 -195.236185
-0.000135 -0.002521 1.000000
-0.902676 0.185205 451.270860
-0.755137 -0.008586 -691.191125
-0.001977 0.000367 1.000000
-1.002319 0.036401 1385.924253
-0.834301 -0.168300 736.111658
-0.001893 0.000165 1.000000
24.092734 -25.050883 24261.417959
11.772082 -14.197235 -18970.577957
0.034846 -0.039779 1.000000
-0.297305 -0.645391 779.939651
-0.263271 -0.692599 -48.251547
-0.000655 -0.001626 1.000000
-0.089948 -1.095471 442.584950
-0.148227 -0.916083 -309.891174
-0.000117 -0.002377 1.000000
0.036006 -1.254878 498.020221
-0.169531 -1.027550 -141.667580
-0.000319 -0.002312 1.000000
-0.337638 -0.700877 503.168035
-0.159940 -0.528556 -190.092213
-0.000560 -0.001596 1.000000
-0.022092 -1.423517 719.186524
-0.199044 -1.284430 -69.282878
-0.000020 -0.002921 1.000000
0.357050 -1.722956 -156.328864
0.142392 -1.265502 -351.760504
0.000938 -0.003319 1.000000
-47.558864 63.539488 -8579.634079
-31.084957 34.506135 60586.466572
-0.100488 0.114637 1.000000
0.918993 -3.091080 -3729.105498
0.219244 -1.346100 285.703950
0.001530 -0.005488 1.000000
-0.007008 -1.335518 717.320505
0.038822 -0.512925 -149.396822
0.000090 -0.002479 1.000000
-0.151964 -0.716948 -250.602520
-0.178463 -0.712424 -29.761199
-0.000489 -0.001747 1.000000
0.117501 -2.170431 343.975814
0.061383 -1.794666 -188.599683
0.000177 -0.003296 1.000000
-0.561082 -0.806685 -532.972256
-0.355789 -0.452210 69.932428
-0.000847 -0.001464 1.000000
-0.966245 -0.166442 1743.330338
-0.798757 -0.028274 -28.997188
-0.001681 -0.000122 1.000000
0.321810 -1.385789 770.608426
0.003917 -1.100625 -1002.743551
0.000155 -0.002854 1.000000
-0.135258 -1.022158 337.456366
-0.112819 -0.850619 -46.582196
0.000032 -0.002518 1.000000
-0.242572 -1.378786 -530.475464
-0.132168 -0.712843 367.051592
-0.000608 -0.002105 1.000000
-3.349798 2.373728 1761.979644
-1.631846 1.126224 2589.815107
-0.006691 0.003992 1.000000
-0.377137 -0.844321 341.175556
-0.363080 -0.499500 1203.676956
-0.000842 -0.001557 1.000000
-0.279689 -0.767662 451.630451
-0.266778 -0.633411 -112.400867
-0.000667 -0.001594 1.000000
1.140075 -2.428637 -1343.358050
0.960208 -2.598002 -1820.364966
0.002137 -0.005729 1.000000
-0.427006 -0.567691 936.816121
-0.415368 -0.582458 116.835808
-0.000997 -0.001205 1.000000
-2.302175 3.689189 3787.656464
-3.867484 3.541330 3629.113461
-0.007509 0.008716 1.000000
-0.303461 -1.031160 286.313865
-0.261502 -0.787837 87.528749
-0.000382 -0.001925 1.000000
0.361807 -1.780630 -217.558144
0.458930 -1.622220 -635.337409
0.001161 -0.003605 1.000000
-0.420885 -0.852264 902.732891
-0.277995 -0.629504 -15.561183
-0.000648 -0.001441 1.000000
-17.667204 19.760801 -516.944104
-9.072957 11.032784 14414.394080
-0.034376 0.040419 1.000000
1.065073 -2.456756 1255.686380
0.482651 -1.064356 -966.911702
0.001520 -0.003788 1.000000
-2.124204 1.716579 -3952.238519
-1.894408 1.321534 3501.732312
-0.005338 0.005345 1.000000
-1.545966 0.268191 718.927604
-1.066862 0.151429 -1009.670599
-0.002560 0.000667 1.000000
1.679924 -3.272877 1763.067878
0.864663 -1.365126 -1084.236102
0.002489 -0.004914 1.000000
-0.144233 -1.258173 -29.189193
-0.070268 -0.741580 -98.676158
-0.000175 -0.002055 1.000000
-1.313050 -0.339719 424.176500
-0.726703 -0.195564 869.952918
-0.001931 -0.000380 1.000000
-388.203833 731.465604 -1413696.486068
-253.355964 286.789526 1448326.768834
-0.638986 1.053467 1.000000
-0.405477 -1.117742 734.522687
-0.255143 -0.614905 -265.130451
-0.000699 -0.001819 1.000000
-0.293963 -0.923030 337.011163
-0.272308 -0.780859 131.516284
-0.000521 -0.001704 1.000000
0.377459 -1.761846 622.544672
0.232801 -1.287530 -202.401335
0.000400 -0.002850 1.000000
-0.258057 -0.746173 258.657204
-0.248464 -0.737782 234.654814
-0.000569 -0.001537 1.000000
-0.226848 -0.889159 186.080933
-0.311086 -0.816492 176.923662
-0.000639 -0.001691 1.000000
0.931133 -1.943319 -1826.731964
0.534008 -1.696145 -1154.158287
0.001561 -0.004192 1.000000
-0.430664 -0.607326 190.736776
-0.380692 -0.587582 -227.125576
-0.000936 -0.001303 1.000000
-0.346975 -0.362918 373.895966
-0.454869 -0.558075 215.362550
-0.000933 -0.001213 1.000000
0.157655 -1.209481 96.651117
0.130968 -1.291336 -91.633884
0.000645 -0.003128 1.000000
0.045279 -0.409867 -677.316614
-0.415458 -0.857843 -80.874036
-0.000639 -0.001590 1.000000
-0.299214 -0.697036 526.445836
-0.347131 -0.596753 5.033729
-0.000654 -0.001548 1.000000
-0.250044 -0.740185 352.100724
-0.296034 -0.793944 43.476678
-0.000498 -0.001794 1.000000
-0.246407 -0.772200 773.007241
-0.261258 -1.094637 112.663083
-0.000414 -0.002053 1.000000
-0.354532 -0.732030 292.054111
-0.365333 -0.931897 275.141505
-0.000705 -0.001736 1.000000
0.059641 -0.944761 352.129182
-0.053599 -0.973321 273.181328
-0.000119 -0.001938 1.000000
-0.145470 -0.719793 82.192942
-0.195108 -0.740198 125.133617
-0.000375 -0.001725 1.000000
1.814344 -4.635612 -1796.693752
0.817719 -2.341556 -1515.552753
0.002863 -0.006229 1.000000
-10.812115 13.191081 4998.459468
-4.279659 6.718017 5439.097258
-0.012688 0.016850 1.000000
-1.155117 -0.026592 -536.709735
-0.577160 -0.130848 930.937484
-0.001747 -0.000149 1.000000
0.058247 -1.661340 588.276965
0.004232 -1.026216 -146.869797
0.000304 -0.002981 1.000000
-0.396485 -1.028122 324.300242
-0.288310 -0.540418 43.398959
-0.000678 -0.001489 1.000000
-0.595164 -0.797914 394.533987
-0.412486 -0.429250 95.446355
-0.001003 -0.001202 1.000000
0.209470 -1.456234 372.687141
0.146808 -1.761099 44.979954
0.000477 -0.003181 1.000000
0.064107 -0.845552 520.976817
-0.187578 -0.926690 195.787828
-0.000205 -0.001989 1.000000
0.030748 -1.260998 181.139718
-0.170139 -1.198748 152.996383
-0.000294 -0.002201 1.000000
-0.019190 -1.196063 -230.236833
0.077731 -1.310882 215.869556
0.000115 -0.002422 1.000000
-0.316461 -0.586197 159.585433
-0.423383 -0.667530 396.856127
-0.000737 -0.001271 1.000000
-0.162251 -1.271031 -587.832325
0.010095 -0.585201 81.285054
-0.000162 -0.002033 1.000000
0.196519 -1.455721 632.142717
0.065761 -0.992519 13.261608
0.000037 -0.002454 1.000000
-0.137416 -1.417220 577.002533
-0.034791 -0.934111 -408.522839
-0.000261 -0.002229 1.000000
-0.727287 -0.432318 -217.412259
-0.585840 -0.250328 -253.651445
-0.001486 -0.000605 1.000000
-0.306496 -0.876373 240.335224
-0.310737 -0.887536 263.834868
-0.000622 -0.001729 1.000000
-0.079487 -0.987310 504.620305
-0.249063 -0.642786 156.400373
-0.000300 -0.001809 1.000000
-0.203807 -0.950104 615.613626
-0.108859 -0.809909 121.382420
-0.000305 -0.001793 1.000000
0.036120 -1.288088 223.914774
-0.004170 -0.906773 -54.450176
0.000080 -0.002399 1.000000
-0.347113 -0.505821 325.977528
-0.312988 -0.561531 132.796549
-0.000721 -0.001345 1.000000
0.004734 -1.142781 504.956696
-0.127014 -0.832866 10.132172
-0.000195 -0.001961 1.000000
-0.457193 -0.859256 423.870263
-0.369646 -0.535048 146.800501
-0.000741 -0.001365 1.000000
0.232304 -1.592121 827.924393
0.179525 -1.347154 -317.125727
0.000478 -0.003038 1.000000
-0.197869 -0.903217 924.443575
-0.244843 -0.688487 114.451061
-0.000441 -0.001672 1.000000
-1.002257 -0.890599 280.824309
-0.605758 -0.566287 135.827530
-0.001195 -0.001175 1.000000
-0.027635 -1.428005 676.908867
0.001590 -1.068093 45.447489
-0.000079 -0.002298 1.000000
-0.165949 -0.732446 586.468942
-0.127756 -0.930261 24.606507
-0.000430 -0.002052 1.000000
