0.144885 -2.265468 215.303475
0.122845 -2.531426 -362.901883
0.000845 -0.005460 1.000000
9.790424 -15.891403 6403.233527
5.260277 -8.364417 -793.290591
0.015861 -0.026050 1.000000
-0.128564 -2.034443 836.839725
0.185934 -1.856766 -407.819734
0.000767 -0.004567 1.000000
1.003926 -4.027147 6179.439302
1.094737 -4.059541 -709.983363
0.002104 -0.008514 1.000000
0.117475 -1.912729 103.702471
0.488962 -2.057611 -767.346328
0.000864 -0.004200 1.000000
0.543790 -2.407253 3613.559069
0.164465 -2.087289 116.042044
0.000676 -0.004767 1.000000
-0.311972 -1.472193 155.282681
-0.023631 -1.004184 -367.478234
-0.000343 -0.002682 1.000000
-0.665909 -0.317271 -74.738167
-0.393932 -0.243292 -304.943070
-0.001405 -0.000654 1.000000
-0.451069 -0.777994 614.677534
-0.371563 -0.789912 -128.442455
-0.000968 -0.001691 1.000000
-0.005399 -2.551584 602.108416
0.215486 -1.505104 -602.131864
0.000492 -0.004222 1.000000
-0.292240 -1.644270 1094.038912
0.052346 -1.262739 -156.923166
0.000141 -0.003354 1.000000
-0.043440 -1.918597 867.394881
0.041141 -0.861215 -437.289876
0.000253 -0.003459 1.000000
-0.245018 -2.350933 -766.561253
0.006945 -1.779831 -645.478783
-0.000268 -0.004036 1.000000
-0.250887 -1.646967 16.298802
-0.376588 -1.612140 -122.614249
-0.000567 -0.003091 1.000000
0.242267 -1.124059 900.695635
-0.065893 -2.074258 221.411640
0.000072 -0.003580 1.000000
0.309687 -2.434020 2954.796624
0.510834 -2.273211 585.049021
0.001043 -0.005178 1.000000
1.783024 -6.551635 8437.060946
3.806030 -7.084240 -449.516101
0.007503 -0.015661 1.000000
-0.012061 -1.754558 -374.077902
-0.034895 -1.168416 843.540803
-0.000202 -0.002980 1.000000
1.003061 -3.244587 -3174.864947
0.416438 -2.439944 -1602.707417
0.000701 -0.005124 1.000000
-0.215017 -2.125189 1442.437343
0.059754 -1.431585 -1729.069897
0.000012 -0.003831 1.000000
0.197184 -2.253293 294.923297
0.119428 -1.518393 -275.258968
0.000217 -0.003591 1.000000
0.297601 -2.547145 234.728443
0.430049 -2.018655 2339.692988
0.000330 -0.004399 1.000000
-0.189018 -1.467082 1269.643597
0.083940 -1.098873 -437.817465
-0.000475 -0.002815 1.000000
0.039395 -2.183607 1315.963182
0.422075 -2.267076 -824.517601
0.001212 -0.005534 1.000000
352.325381 -753.409703 -133390.290496
288.865344 -587.651867 -381754.340256
0.680130 -1.264152 1.000000
-0.316088 -1.697177 1190.771086
-0.005390 -1.750556 -254.118856
-0.000263 -0.003594 1.000000
0.501012 -2.675859 567.472352
0.371202 -2.525115 -1059.713383
0.000685 -0.005311 1.000000
3.311165 -7.003716 -1499.590834
2.541834 -5.815313 -4102.640065
0.007141 -0.017958 1.000000
-1.188074 -0.263732 261.592349
-0.950988 -0.356403 -201.700441
-0.001986 -0.000347 1.000000
-0.454254 -0.495855 7.642500
-0.488935 -0.617627 73.408353
-0.001059 -0.001292 1.000000
0.145007 -1.542902 533.873531
0.218339 -1.349195 -624.102392
0.000090 -0.003072 1.000000
-1.629051 1.394364 2095.883933
-1.625870 1.699341 393.686606
-0.003768 0.003300 1.000000
-0.924793 0.382212 840.546439
-1.007267 0.531643 1311.163989
-0.002237 0.001062 1.000000
-0.870282 -0.002410 -1094.051505
-0.717619 -0.148717 -108.366976
-0.001585 -0.000461 1.000000
-0.647951 -0.664632 1393.306483
-0.477818 -0.324915 -470.205877
-0.001133 -0.001132 1.000000
-0.780468 -0.582580 2305.604941
-0.612169 -0.361373 -173.251462
-0.001606 -0.000777 1.000000
-0.217424 -1.612969 1645.021054
0.002881 -1.405209 149.979179
-0.000128 -0.003504 1.000000
0.214136 -2.460784 373.055626
0.182638 -1.740304 -697.634635
0.000263 -0.004201 1.000000
-49.565280 74.540205 -38913.593821
-36.377635 52.794644 31408.903830
-0.091800 0.138519 1.000000
0.249529 -2.395637 928.047864
0.132666 -1.621192 -343.764682
0.000660 -0.004441 1.000000
-1.659735 0.935035 -1430.761520
-1.136317 0.913101 -5622.039721
-0.002942 0.002367 1.000000
0.790351 -3.368357 766.782435
0.176194 -1.745464 -907.120547
0.001061 -0.005199 1.000000
0.092242 -1.885773 917.021457
-0.081209 -1.566525 -122.416848
-0.000066 -0.003673 1.000000
-0.464554 -0.615194 668.599471
-0.302599 -0.316480 -2.346235
-0.000956 -0.001408 1.000000
85.400468 -156.737675 134253.391375
66.186818 -128.643847 -58029.696374
0.204099 -0.371622 1.000000
3.568606 -7.032729 5436.076487
2.377529 -4.257671 -639.508820
0.005587 -0.011055 1.000000
0.073819 -1.323458 993.358733
-0.129398 -1.254145 -136.360011
-0.000227 -0.002543 1.000000
0.572733 -2.694875 -808.369885
0.165534 -2.582259 -536.857889
0.000959 -0.005688 1.000000
-0.141521 -1.375963 520.844389
-0.093652 -1.069575 -453.735304
-0.000319 -0.002551 1.000000
-0.567816 -0.798447 -247.186379
-0.431979 -0.609973 54.907157
-0.001044 -0.001384 1.000000
-0.688886 -0.704067 1520.808269
-0.483903 -0.569953 0.820444
-0.001199 -0.001323 1.000000
1.976458 -4.120811 -1266.988201
2.042545 -4.198460 -6107.938847
0.005965 -0.011469 1.000000
-2.031512 1.806857 -3091.539094
-1.828780 1.899738 1835.808660
-0.004135 0.004083 1.000000
-0.228681 -1.000203 263.107607
-0.201976 -0.903913 -111.236334
-0.000522 -0.002145 1.000000
-0.284942 -1.716321 886.877786
-0.149793 -1.482574 -189.703252
-0.000226 -0.003259 1.000000
-0.570992 -1.340374 1055.433721
-0.238318 -0.757224 109.699605
-0.000697 -0.001983 1.000000
-0.479806 -0.762249 369.877604
-0.254090 -0.412656 -418.917988
-0.001029 -0.001469 1.000000
-0.617731 -0.737040 879.126552
-0.414150 -0.367624 -161.474333
-0.001159 -0.000973 1.000000
-0.573986 -0.964331 571.825880
-0.533249 -0.768385 -1.528261
-0.001212 -0.001543 1.000000
1.464944 -4.443725 -1840.023094
0.941948 -3.537027 -672.878247
0.003074 -0.008320 1.000000
-0.023242 -1.980640 -961.177494
0.170750 -1.077967 -75.653541
0.000215 -0.003816 1.000000
-0.367730 -0.976899 -275.780231
-0.265320 -1.061530 246.563706
-0.000157 -0.002283 1.000000
-146.244725 331.412519 -532854.681878
-185.300264 355.461593 254966.734114
-0.475445 0.904099 1.000000
-0.901012 0.109971 1133.621523
-0.767780 -0.016792 -117.705781
-0.001967 0.000528 1.000000
-0.427785 -1.420972 283.953585
-0.294216 -0.890641 -206.670306
-0.000773 -0.002284 1.000000
-3.110050 3.399151 4172.729802
-1.944018 1.816738 -539.521025
-0.005525 0.006374 1.000000
-0.169139 -2.973887 -971.712910
1.206877 -3.440848 235.389718
0.001516 -0.006464 1.000000
1.532324 -5.340539 43.838201
0.818301 -3.562409 -1321.040700
0.004148 -0.010659 1.000000
0.207227 -2.007991 -723.105977
0.240269 -1.190931 -18.998990
0.000944 -0.004422 1.000000
-0.257320 -1.048454 113.175280
-0.034373 -1.457841 -44.621946
-0.000102 -0.002881 1.000000
-0.419501 -0.829695 1269.203653
-0.404300 -0.835623 693.412130
-0.000935 -0.001873 1.000000
-1.627670 0.544387 1363.060497
-1.182037 0.544875 -1158.701880
-0.002834 0.001402 1.000000
-0.492655 -0.967917 254.260658
-0.406225 -0.568000 -84.573659
-0.000965 -0.001555 1.000000
4.944925 -10.064856 5704.152688
5.324575 -10.088600 -6194.239420
0.011990 -0.022695 1.000000
-0.110187 -2.385178 2838.570356
0.098362 -1.409802 117.928256
0.000116 -0.004307 1.000000
-0.386913 -0.873978 944.791890
-0.286765 -0.678088 158.928036
-0.000672 -0.001688 1.000000
-0.753397 -0.791079 1146.767035
-0.455034 -0.456510 142.831825
-0.001159 -0.001061 1.000000
-0.285956 -1.085474 679.524738
-0.232607 -0.815198 -287.396009
-0.000491 -0.001990 1.000000
-0.347749 -1.117608 494.402203
-0.278743 -0.882154 -91.068191
-0.000655 -0.001941 1.000000
-0.710940 -0.898853 1460.246449
-0.580004 -0.636399 585.411176
-0.001163 -0.001281 1.000000
-0.717388 -0.941014 2040.856890
-0.564742 -0.634009 1100.868548
-0.001243 -0.001394 1.000000
-1.125645 -0.213726 1606.750473
-0.652407 -0.220071 124.967971
-0.001820 -0.000408 1.000000
-0.388294 -1.095594 455.893716
-0.216918 -0.855366 1284.095211
-0.000549 -0.002026 1.000000
-1.126165 0.036130 652.290641
-0.875484 0.008619 -1102.449900
-0.002183 0.000173 1.000000
-0.708725 -0.300961 1077.119989
-0.519467 -0.155422 65.243172
-0.001574 -0.000367 1.000000
-1.213783 0.769107 1247.889857
-0.755472 0.362845 444.116655
-0.002089 0.001076 1.000000
0.230114 -2.081449 1749.080150
-0.060692 -1.218038 -294.523533
-0.000111 -0.003340 1.000000
-1.230997 0.402224 -656.521384
-0.939659 -0.026817 555.320247
-0.002093 0.000050 1.000000
-0.614212 -0.340364 652.798548
-0.445078 -0.179698 -268.127999
-0.001370 -0.000672 1.000000
1.742363 -4.692081 -8103.821418
2.124355 -3.992943 1561.490269
0.003981 -0.008512 1.000000
-0.639273 -0.637173 -228.023992
-0.533903 -0.530454 603.212211
-0.001253 -0.001211 1.000000
-0.302262 -0.867346 1111.348405
-0.154154 -1.041536 182.293180
-0.000305 -0.002326 1.000000
-0.482712 -1.050918 187.082975
-0.176539 -0.652212 129.111400
-0.000652 -0.001649 1.000000
-0.731218 -0.401198 -170.996679
-0.609574 0.017520 520.321554
-0.001688 -0.000587 1.000000
-0.238620 -2.706746 -267.437657
0.044830 -1.377619 342.721473
-0.000137 -0.003686 1.000000
-0.473130 -0.870871 1642.439208
-0.404354 -0.788635 -701.022608
-0.000898 -0.001646 1.000000
-0.445494 -1.100130 -16.133505
-0.108813 -0.755201 -89.346889
-0.000586 -0.002113 1.000000
-1.514486 0.306679 -849.505894
-1.037738 0.145942 192.912430
-0.002402 0.000228 1.000000
-0.493543 -1.328046 437.095332
-0.361699 -0.919136 -35.181849
-0.000708 -0.002167 1.000000
0.006495 -2.008094 1340.205899
0.296441 -1.812870 -262.678198
0.000641 -0.003772 1.000000
0.654032 -3.376695 -1056.149294
0.947480 -3.385168 -774.841120
0.002038 -0.006910 1.000000
-0.671568 -1.035228 1343.203834
-0.472477 -0.725670 558.722826
-0.001008 -0.001595 1.000000
-0.680529 -0.964307 2741.082877
-0.540210 -0.766268 237.765379
-0.001201 -0.001717 1.000000
-0.008860 -1.605196 118.471359
0.000953 -1.333447 1.953782
-0.000018 -0.002989 1.000000
0.754059 -3.656475 6464.330066
1.300940 -3.889483 5210.328547
0.002419 -0.007497 1.000000
-0.248712 -1.469520 932.390576
-0.145390 -1.431704 201.101806
-0.000060 -0.003348 1.000000
-1.011208 -0.068945 -118.452356
-1.044946 -0.060517 840.669470
-0.002294 0.000132 1.000000
-0.497518 -0.923334 719.401884
-0.414493 -0.674755 -49.774104
-0.000906 -0.001615 1.000000
-1.273349 -0.171455 -156.152436
-1.202476 0.430094 123.591767
-0.002238 0.000597 1.000000
-1.435098 0.759413 1829.948528
-0.875251 0.352675 -62.536944
-0.002301 0.000841 1.000000
-0.319002 -0.972025 -159.052807
-0.188092 -0.987691 236.258810
-0.000535 -0.001995 1.000000
-0.586609 -0.775478 64.060783
-0.473318 -0.596124 77.630421
-0.001053 -0.001305 1.000000
-0.297103 -1.429175 245.071460
-0.268933 -1.141851 -42.256148
-0.000840 -0.002714 1.000000
-0.221581 -1.017890 5217.320764
-0.150171 -0.956072 -2076.265038
-0.000387 -0.002643 1.000000
-0.456649 -1.254043 1301.648019
-0.198615 -0.934081 76.370390
-0.000573 -0.002690 1.000000
-0.619804 -0.889044 333.352590
-0.540438 -0.464968 26.454669
-0.001320 -0.001238 1.000000
1.472633 -6.728066 -2036.886138
0.856836 -5.556666 1806.441610
0.002766 -0.011581 1.000000
-1.129922 -0.314540 437.829943
-0.932689 -0.556537 -4.541652
-0.002038 -0.001165 1.000000
18.446182 -32.453441 14849.094425
11.739864 -20.763129 1240.838276
0.029116 -0.045863 1.000000
-0.565828 -0.601556 180.324446
-0.597874 -0.710582 -593.999633
-0.001448 -0.001266 1.000000
-0.264145 -1.008820 324.302943
-0.210499 -0.906094 40.511878
-0.000375 -0.002354 1.000000
-0.426473 -0.869354 634.851869
-0.447866 -0.723737 152.159874
-0.001017 -0.001411 1.000000
-0.457850 -0.996781 1720.401423
-0.360447 -0.440153 -841.923106
-0.000868 -0.001585 1.000000
-0.253120 -1.433570 739.918713
-0.092445 -1.136950 -222.972558
-0.000344 -0.002529 1.000000
-0.377116 -0.954300 731.299899
-0.376860 -1.006330 134.011951
-0.000819 -0.002050 1.000000
-0.187370 -1.283090 958.116852
-0.196578 -1.018669 207.332971
-0.000514 -0.002201 1.000000
0.531564 -2.313585 1436.359500
0.242403 -1.524019 -80.016694
0.000469 -0.003666 1.000000
-0.764166 0.110454 -1976.939362
-1.012366 0.158711 -118.245511
-0.002012 0.000362 1.000000
0.773207 -2.216178 2100.522359
0.696101 -2.268057 -274.676305
0.001127 -0.004502 1.000000
0.169919 -1.601335 1095.545804
0.121031 -1.362821 233.807338
0.000231 -0.003386 1.000000
-0.238321 -1.186715 841.162685
-0.275545 -0.623167 171.506312
-0.000378 -0.001858 1.000000
-0.063115 -0.620617 453.994257
-0.388230 -0.947837 256.838385
-0.000670 -0.001959 1.000000
-0.407504 -1.356542 794.206507
-0.051770 -0.852813 19.971400
-0.000464 -0.002148 1.000000
-0.242647 -1.357010 805.959054
-0.204646 -1.385453 -49.692810
-0.000539 -0.002431 1.000000
-0.738944 -0.514297 -368.187003
-0.738344 -0.525239 573.566498
-0.001542 -0.000732 1.000000
-3.301289 7.917500 -15189.834375
-5.261449 5.813132 -3517.054868
-0.009902 0.012522 1.000000
-0.478623 -0.526612 778.683913
-0.473922 -0.394408 -142.569690
-0.001019 -0.000970 1.000000
1.162607 -3.278210 3495.981576
0.728048 -2.222533 -397.071695
0.001787 -0.005533 1.000000
-0.014624 -1.540002 22.810614
0.151871 -1.174212 -220.236831
0.000513 -0.003491 1.000000
1.502237 -5.910631 -782.951982
1.454995 -5.655215 -769.393786
0.003060 -0.011098 1.000000
-1.897371 1.652826 1930.869056
-0.893577 0.547347 -195.878937
-0.003314 0.001846 1.000000
-0.013428 -1.820555 370.170402
-0.008709 -0.975268 -425.393354
-0.000195 -0.003164 1.000000
-0.071042 -2.259397 690.653711
0.044886 -1.984398 -171.807227
-0.000151 -0.004132 1.000000
-0.450892 -1.566252 802.369803
0.030597 -1.467861 -118.930543
-0.000199 -0.003293 1.000000
-1.393255 0.423329 1576.326801
-0.657154 0.149933 219.724436
-0.002585 0.001034 1.000000
-0.603591 -0.846439 1077.271470
-0.497427 -0.279175 477.163235
-0.001079 -0.000872 1.000000
-0.578029 -0.830591 1181.904318
-0.509102 -0.196026 405.263319
-0.001281 -0.000889 1.000000
0.185141 -2.459795 1746.050832
-0.102549 -0.831817 -672.806106
-0.000368 -0.003491 1.000000
-0.699812 -0.261852 1005.446246
-1.203676 0.338855 277.278993
-0.002463 0.000625 1.000000
-0.674132 0.041660 1135.352398
-0.947148 -0.091930 365.839773
-0.002096 0.000079 1.000000
-1.370139 0.567126 2859.373309
-1.937883 1.582992 844.514641
-0.004548 0.004415 1.000000
-0.233381 -2.758340 -225.783446
0.767736 -1.910364 -50.010071
0.001827 -0.005677 1.000000
-0.927786 -0.035500 -438.525825
-0.888336 0.333025 1294.578391
-0.002573 0.000494 1.000000
-0.254361 -2.746277 -562.189773
-0.139164 -1.449946 96.940516
-0.000247 -0.003780 1.000000
-0.205592 -1.193339 -30.920881
-0.017993 -0.878119 -386.037929
-0.000047 -0.002848 1.000000
-0.917182 -0.935105 1038.697156
-0.464627 -0.662695 831.736882
-0.001256 -0.001247 1.000000
-0.009385 -1.508835 268.748268
0.093895 -1.074288 -393.284412
0.000027 -0.003144 1.000000
1.064281 -3.582304 937.753584
0.592074 -1.884640 -610.643789
0.001892 -0.006270 1.000000
-1.900716 2.655707 1707.913309
-1.060571 1.524370 924.054502
-0.004711 0.004758 1.000000
1.548687 -5.900025 -546.395494
3.390257 -6.710410 -1779.850262
0.006322 -0.013971 1.000000
-0.642637 -0.454532 1342.341781
-0.499881 -0.300756 280.222304
-0.001368 -0.000722 1.000000
-1.853570 1.468131 1805.055053
-1.003021 1.155563 490.907554
-0.003387 0.002794 1.000000
-0.184831 -1.572654 -304.320628
-0.066345 -1.072635 210.312448
-0.000227 -0.002869 1.000000
1.106213 -3.012236 2560.069891
0.707806 -3.008125 -1524.281746
0.002214 -0.007439 1.000000
0.366279 -2.741875 -333.150697
0.375641 -2.272447 -398.808864
0.001009 -0.005152 1.000000
-0.463489 -0.904280 -104.788565
-0.401584 -0.852016 206.500133
-0.000904 -0.001728 1.000000
0.924412 -3.332602 2539.515752
0.693115 -2.987255 -1423.125400
0.001933 -0.007918 1.000000
-19.494360 58.238720 -13983.705910
-16.892801 48.264911 19289.602616
-0.049723 0.106667 1.000000
-0.128695 -1.554715 756.191511
-0.082305 -1.373599 -106.036544
-0.000039 -0.003282 1.000000
4.574332 -8.315620 -151.090427
4.411581 -10.108617 -3436.049725
0.009143 -0.019678 1.000000
-1.627933 1.110433 1452.857707
-1.275045 0.734568 864.756059
-0.002888 0.002453 1.000000
-0.882330 0.253447 1133.286336
-1.099018 0.617684 649.459536
-0.002424 0.000812 1.000000
-0.267515 -1.663618 951.559969
0.008129 -1.457161 -338.100245
-0.000090 -0.003961 1.000000
-0.366702 -1.243182 701.397914
-0.156156 -1.471234 -29.270887
-0.000672 -0.002893 1.000000
0.945124 -3.447234 -1230.963044
0.770070 -2.455839 -2787.249779
0.002257 -0.007507 1.000000
-0.801609 -0.223408 1314.581285
-0.743511 -0.259322 -339.333549
-0.001562 -0.000873 1.000000
-0.337550 -1.177637 771.241753
-0.246522 -1.228931 166.814226
-0.000620 -0.002418 1.000000
-0.021882 -0.861271 802.671574
-0.250052 -1.341892 52.632449
-0.000310 -0.003323 1.000000
-0.442366 -1.358713 400.622481
-0.348660 -1.347081 -29.751830
-0.000523 -0.002567 1.000000
-0.011842 -1.181767 521.355061
-0.169509 -0.995395 -28.461411
-0.000112 -0.002969 1.000000
-0.514623 -0.994318 1016.054517
-0.295411 -0.947795 97.993499
-0.000653 -0.002104 1.000000
-0.805748 -0.595977 1137.870318
-0.455862 -0.582269 15.235713
-0.001140 -0.001356 1.000000
0.640040 -2.661318 303.327975
0.157388 -1.978733 -277.665530
0.000437 -0.004534 1.000000
-0.739912 -0.595043 1182.782241
-0.513152 -0.372422 399.659442
-0.001301 -0.000799 1.000000
-1.186914 0.437220 -1170.922339
-1.257582 0.857831 542.341224
-0.002860 0.002142 1.000000
-0.331773 -0.953850 599.397474
-0.321020 -1.130161 150.115746
-0.000714 -0.002481 1.000000
-2.005417 0.783078 3728.688774
-1.713330 0.978257 2235.399292
-0.006267 0.005606 1.000000
-0.137456 -1.472112 870.869305
-0.026628 -1.300388 -5.475455
-0.000043 -0.002828 1.000000
-0.647344 -0.935449 802.404230
-0.387989 -0.695239 51.540190
-0.001045 -0.001645 1.000000
-0.732402 -1.007613 953.868143
-0.231797 -0.412939 12.268554
-0.000996 -0.001385 1.000000
-0.184522 -1.638176 541.925360
0.071025 -1.609871 -329.967292
-0.000084 -0.003720 1.000000
-1.227568 0.417006 1708.161893
-0.721998 -0.214643 -145.893246
-0.002399 0.000441 1.000000
-0.703556 -0.776184 1142.567046
-0.330595 -0.412270 13.268273
-0.000936 -0.001283 1.000000
-0.023610 -1.805375 885.456863
-0.145537 -1.317045 -15.613883
-0.000258 -0.003239 1.000000
-0.050356 -1.690835 919.357918
-0.227287 -1.427101 -424.071070
-0.000237 -0.003515 1.000000
-0.552477 -0.992237 676.107130
-0.302568 -0.439611 -113.549488
-0.000802 -0.001664 1.000000
-0.233733 -1.368774 441.971515
-0.179240 -1.231712 -18.893123
-0.000472 -0.002732 1.000000
-0.098722 -2.094764 473.351852
0.028569 -1.943802 4.391673
-0.000268 -0.003754 1.000000
-0.577740 -1.143118 684.379995
-0.196253 -0.788698 -800.038044
-0.000752 -0.002216 1.000000
-2.414685 1.736214 2189.277544
-1.604136 1.641240 1403.792847
-0.004218 0.004197 1.000000
-0.071064 -1.428266 727.447898
0.043380 -1.320716 -319.866604
-0.000150 -0.003208 1.000000
0.363310 -2.546009 812.551004
0.138242 -1.489624 -292.551296
0.000216 -0.004542 1.000000
0.271375 -1.785239 568.496186
-0.061845 -0.839865 -89.760027
0.000251 -0.003018 1.000000
-0.039508 -1.438309 233.317031
-0.161463 -0.820921 -97.448835
-0.000228 -0.002501 1.000000
-0.199911 -1.187733 487.873222
-0.160172 -1.152465 111.250015
-0.000407 -0.002502 1.000000
0.598721 -2.543675 794.454315
0.116578 -1.719018 -152.743948
0.000921 -0.004701 1.000000
-0.608477 -0.898519 496.658205
-0.279478 -0.799275 106.207168
-0.000906 -0.001722 1.000000
-0.263693 -1.295691 554.262089
-0.180832 -0.962911 251.660928
-0.000484 -0.002091 1.000000
-0.397484 -1.314738 598.039968
-0.331428 -1.274978 350.694352
-0.000524 -0.002410 1.000000
0.530485 1.471075 -502.308421
-0.933586 2.525709 342.029626
-0.002100 0.004226 1.000000
-0.319304 -1.707428 326.769101
-0.151522 -1.846540 47.493778
-0.000593 -0.003764 1.000000
0.969907 0.447070 39.399324
-0.121904 2.007579 -33.012477
-0.000303 0.001697 1.000000
1.125655 0.780313 -205.118372
-0.159096 2.429031 -70.861261
-0.000466 0.002298 1.000000
1.008628 0.343769 -28.019080
-0.029755 1.416853 -62.885273
-0.000035 0.000844 1.000000
-6.317169 1.403087 -473.595848
-4.771708 0.506785 990.452449
-0.009339 0.004478 1.000000
0.114505 -0.622559 185.139805
-0.228239 -0.192982 262.913830
-0.000598 -0.001224 1.000000
1.031937 -0.809362 44.337528
0.097296 0.208667 141.467985
0.000338 -0.001475 1.000000
6.232152 5.119174 -2830.147626
-0.235092 8.769687 -1406.860714
0.000245 0.011462 1.000000
10.045781 7.116100 -3048.663888
1.091495 12.655408 -1140.600116
0.005484 0.013899 1.000000
-2.868260 -8.769208 2647.939696
1.050562 -11.134153 -250.101568
0.002314 -0.020821 1.000000
-0.533077 -1.334560 551.714114
-0.122443 -1.688017 247.094364
-0.000380 -0.002966 1.000000
-1.200102 -2.383471 1154.994836
-0.057743 -2.539789 156.240394
-0.000113 -0.005187 1.000000
-0.675550 -0.567207 284.112596
-0.520768 -0.606416 33.704924
-0.001257 -0.001233 1.000000
1.000000 -0.000000 0.000000
-0.000000 1.000000 0.000000
-0.000000 0.000000 1.000000
2.234605 0.991755 -553.335803
0.016793 2.455917 -529.441248
0.000241 0.002076 1.000000
0.603442 -0.262192 103.754151
-0.072839 0.194791 286.615519
-0.000247 -0.000910 1.000000
0.644063 -0.664896 181.816323
-0.086007 -0.045544 380.184996
-0.000151 -0.001207 1.000000
-0.625008 -0.919750 -467.337409
-0.339068 -0.661219 -191.109646
-0.001090 -0.001861 1.000000
-4.109590 7.406287 -2558.468548
-3.373204 5.618109 5017.961686
-0.009199 0.014115 1.000000
-1.757842 0.943831 382.214518
-0.972910 0.386415 1223.261993
-0.002372 0.000979 1.000000
-0.595489 -0.473799 -719.407386
-0.526546 -0.399603 -65.489647
-0.001196 -0.000928 1.000000
-0.607413 -1.048905 1339.060529
-0.387633 -0.642716 410.857235
-0.000858 -0.001623 1.000000
0.369954 -1.795798 912.365573
0.105815 -1.612515 -730.261826
0.000435 -0.003910 1.000000
2.268185 -4.633018 1829.716803
1.336828 -4.899556 -375.506865
0.003903 -0.011304 1.000000
0.385486 -1.184185 427.694275
0.063540 -0.465609 143.821301
0.000043 -0.002083 1.000000
0.705629 -0.451806 206.359938
-0.013194 0.490729 120.241806
0.000187 -0.000924 1.000000
12.360023 -17.868543 4238.017577
7.876870 -13.341283 -2607.583028
0.018677 -0.031854 1.000000
3.563413 -7.466470 777.024850
1.691109 -5.598593 -1853.896371
0.005226 -0.013958 1.000000
0.663906 -0.009499 91.467006
-0.066732 0.933208 31.265738
-0.000134 -0.000112 1.000000
0.005943 -1.355421 642.072578
0.117890 -1.173189 -409.499022
0.000016 -0.003167 1.000000
-0.026944 -1.300423 392.975414
-0.062120 -1.082387 109.468435
-0.000211 -0.002617 1.000000
1.368518 0.071399 -114.646315
0.163032 1.383016 -131.654644
0.000279 0.000134 1.000000
-2.252332 -1.838601 1254.850402
-0.462428 -1.834453 689.362141
-0.001368 -0.003082 1.000000
-0.643849 -0.001464 79.739055
-0.473306 -0.028381 340.040327
-0.001351 -0.000397 1.000000
-0.727503 0.158812 -9.432184
-0.555615 0.235884 322.014047
-0.001554 0.000220 1.000000
0.759487 -2.456807 730.009547
0.473009 -2.304533 82.923949
0.001013 -0.004949 1.000000
0.875425 -3.345516 817.266927
0.749535 -3.200598 79.565351
0.001674 -0.007000 1.000000
-0.775387 -0.365671 -140.750657
-0.672656 -0.571203 317.869786
-0.001735 -0.000900 1.000000
-0.422662 -0.195474 -92.828665
-0.488810 -0.271914 290.388107
-0.001352 -0.000813 1.000000
-1.535304 1.538227 -338.327154
-0.963744 0.950535 438.593466
-0.003198 0.002274 1.000000
-0.387542 -0.188892 -219.040098
-0.487306 -0.201115 162.311299
-0.001513 -0.000660 1.000000
0.096352 -0.906294 134.055237
-0.126855 -1.118948 177.006789
-0.000430 -0.002306 1.000000
1.224255 -2.249218 578.364496
0.339917 -0.912994 57.552756
0.001235 -0.003771 1.000000
-0.111402 -0.652247 98.118827
-0.129260 -0.995832 156.128382
-0.000459 -0.001952 1.000000
-0.505408 -1.422603 375.344157
-0.180567 -1.097233 39.321087
-0.000445 -0.002515 1.000000
-0.093611 -1.691724 329.818500
0.105776 -2.081389 233.329208
0.000104 -0.003564 1.000000
-14.443959 24.940291 -4133.564504
-12.792815 25.447154 14353.200598
-0.028946 0.052986 1.000000
-0.107075 -1.511697 -50.261157
-0.172885 -1.572859 285.040475
-0.000248 -0.003052 1.000000
-0.192509 -1.842904 496.250896
0.045747 -1.316005 -95.105568
-0.000089 -0.003511 1.000000
-3.602241 -15.381030 9217.887513
0.282893 -16.038824 1825.478817
0.007268 -0.028614 1.000000
-0.186149 -1.412721 251.787390
-0.114321 -1.325405 -426.663662
-0.000396 -0.002950 1.000000
-0.539730 -1.624453 1391.682683
-0.025890 -1.623435 115.441444
-0.000126 -0.003316 1.000000
-0.364161 -0.296158 75.530823
-0.326461 -0.258608 235.869562
-0.001092 -0.000979 1.000000
0.593116 -5.453331 1159.269578
0.387779 -3.815797 -261.465032
0.001369 -0.010448 1.000000
-0.168632 -0.993062 -247.918324
-0.538549 -1.065703 852.749383
-0.000839 -0.001839 1.000000
-37.798351 77.465585 15750.226931
-24.771497 70.255376 25135.374629
-0.080586 0.164655 1.000000
0.140071 -2.071570 609.959742
0.318932 -2.081024 -96.055512
0.000681 -0.004035 1.000000
-1.723282 1.286846 1069.802967
-1.650990 0.830626 -662.696464
-0.003413 0.001741 1.000000
0.184271 -1.945376 17.473669
0.178398 -1.849931 -81.863199
0.000396 -0.003727 1.000000
-0.412018 -1.193353 622.717953
-0.247476 -0.482915 -272.694469
-0.000791 -0.001778 1.000000
0.560816 -3.290850 987.612432
0.191154 -1.935889 -582.003638
0.000869 -0.004668 1.000000
-1.019190 -0.328413 -600.986527
-0.584487 -0.273826 1557.693958
-0.001824 -0.000540 1.000000
-1.215367 0.837978 -1598.006319
-1.275091 1.305753 1039.327697
-0.003271 0.002740 1.000000
-1.396817 0.375834 106.029342
-0.870028 0.037665 454.660146
-0.002063 0.000309 1.000000
-1.679786 0.310426 2238.343216
-1.559523 1.403445 1078.656552
-0.004457 0.002815 1.000000
-0.583578 -0.971768 1143.617852
-0.299297 -0.782615 105.848049
-0.000743 -0.001627 1.000000
-0.312853 -1.273575 1234.705508
-0.330179 -0.737537 377.445585
-0.000538 -0.001935 1.000000
-0.052222 -1.176430 186.516892
-0.213293 -1.026979 50.013139
-0.000434 -0.002215 1.000000
-0.138957 -1.137870 202.032701
-0.314997 -1.057370 102.480290
-0.000620 -0.002222 1.000000
-0.510563 -0.633188 440.914461
-0.290787 -0.428627 -339.269948
-0.000938 -0.001415 1.000000
0.496589 -2.867872 1550.228286
0.521315 -1.636916 2296.068716
0.001306 -0.005973 1.000000
0.767917 -4.260302 1256.454929
0.697861 -3.338957 -760.679638
0.001644 -0.006859 1.000000
-1.286216 0.015365 -261.875581
-0.945638 -0.049443 391.643123
-0.002426 0.000431 1.000000
-1.116212 -0.290814 1887.338652
-0.849008 -0.140926 -559.972829
-0.001806 -0.000328 1.000000
-0.079104 -1.327487 216.968550
-0.054164 -1.654437 -23.819276
-0.000208 -0.003011 1.000000
