0.569898 -0.833982 150.829112
-0.195492 -0.284004 375.333253
-0.000247 -0.001471 1.000000
0.078743 -0.601173 227.189181
-0.350066 -0.274883 392.161580
-0.000740 -0.001171 1.000000
-2.764296 2.465297 -796.936641
-1.813431 1.233341 945.558025
-0.004949 0.003531 1.000000
-0.370570 -0.956508 98.919905
-0.469103 -0.514737 297.786124
-0.000779 -0.001493 1.000000
-0.256042 -0.006455 -187.650004
-0.814065 -0.425968 614.252052
-0.001406 -0.000735 1.000000
-0.311677 -0.024021 38.115038
-0.795647 -0.083425 579.850038
-0.001411 -0.000327 1.000000
0.757981 -1.209610 204.273927
-0.034631 -0.605913 133.367151
0.000350 -0.002365 1.000000
0.290371 -0.336540 183.521491
-0.340940 0.181791 260.699712
-0.000583 -0.000679 1.000000
1.133184 -1.692814 567.878652
0.309387 -0.782233 133.423767
0.000900 -0.002817 1.000000
1.000000 -0.000000 -0.000000
0.000000 1.000000 0.000000
0.000000 -0.000000 1.000000
0.542882 -0.090019 117.618655
-0.082885 0.710092 19.397335
-0.000287 -0.000342 1.000000
0.406956 0.126381 100.524902
-0.316110 1.029767 58.962421
-0.000548 0.000096 1.000000
0.300845 -0.200311 238.930767
-0.224081 0.680373 120.942872
-0.000559 -0.000167 1.000000
0.162059 -0.482319 316.828517
-0.160181 0.183782 104.172224
-0.000424 -0.000866 1.000000
-1.621832 1.006629 -249.796095
-1.171161 0.486572 535.882889
-0.003006 0.001612 1.000000
-0.040225 -0.447758 311.206616
-0.285977 -0.211448 320.277198
-0.000580 -0.000974 1.000000
0.366458 -0.980464 325.085395
-0.027614 -0.691377 210.702991
0.000027 -0.002021 1.000000
-0.000194 -0.637318 335.349056
-0.221079 -0.399197 291.241921
-0.000467 -0.001284 1.000000
-0.280800 -0.573023 392.829818
-0.331372 -0.376523 294.317655
-0.000741 -0.001103 1.000000
0.325557 -1.033445 211.620337
-0.111380 -0.658970 153.863297
-0.000075 -0.001960 1.000000
-0.161312 -0.549719 81.216934
-0.393898 -0.515057 187.865933
-0.000857 -0.001385 1.000000
-0.336102 -1.103560 368.367742
-0.143827 -0.743026 52.464319
-0.000617 -0.001963 1.000000
0.197918 -1.016400 393.311694
0.153307 -0.656430 -165.637252
0.000110 -0.002197 1.000000
0.240547 -1.351252 607.073893
-0.050725 -0.732106 47.533406
0.000023 -0.002248 1.000000
0.033984 -1.539574 653.110621
-0.168960 -2.017443 197.088563
-0.000014 -0.003628 1.000000
-0.215798 -0.758555 370.937983
-0.237485 -0.867001 232.988831
-0.000565 -0.001719 1.000000
-0.266882 -0.904831 576.684590
-0.260619 -0.663968 117.760173
-0.000502 -0.001726 1.000000
0.186293 -2.044720 902.045729
0.421743 -1.979257 -503.196368
0.000913 -0.004876 1.000000
0.181910 -1.017867 103.327474
-0.204936 -0.944781 168.031684
-0.000212 -0.002222 1.000000
-1.209182 0.786611 -546.493318
-1.170672 0.632700 767.101683
-0.002469 0.001152 1.000000
-1.023863 0.608426 -182.216148
-1.029859 0.501330 575.944839
-0.002387 0.001153 1.000000
0.162207 -1.355007 537.740876
0.001266 -0.937335 54.936927
0.000034 -0.002488 1.000000
0.471754 -1.303290 458.092685
-0.001485 -1.257970 128.799143
0.000282 -0.002884 1.000000
0.243706 -1.061118 1026.400998
-0.098000 -1.171615 87.129408
0.000165 -0.002679 1.000000
-0.732212 -0.537602 130.020450
-0.606859 -0.354870 301.344825
-0.001259 -0.000763 1.000000
0.170165 -1.480302 838.790492
-0.127082 -1.166789 1.633391
0.000219 -0.002828 1.000000
1.353741 -2.671649 2410.665612
0.534778 -1.765207 -499.129615
0.001837 -0.004687 1.000000
-0.164769 -1.361021 960.882038
-0.061996 -0.767730 -33.168219
-0.000149 -0.002139 1.000000
-0.130976 -2.002060 1562.715477
-0.071911 -1.198287 -751.760143
0.000416 -0.003592 1.000000
-0.875702 -0.795842 1130.195502
-0.374788 -0.433821 235.556607
-0.001028 -0.001165 1.000000
-0.382898 -1.035533 1232.704778
-0.251416 -0.867180 368.637845
-0.000364 -0.002016 1.000000
-0.955126 -0.691919 1219.116535
-0.360639 -0.586610 247.311191
-0.001032 -0.001328 1.000000
-0.914499 -0.726632 1227.632103
-0.395556 -0.544242 374.340578
-0.000857 -0.001339 1.000000
-0.800932 -0.872649 1061.089461
-0.263499 -0.715518 10.944182
-0.000923 -0.001692 1.000000
1.151535 -2.518414 191.717912
1.168383 -2.148031 -2318.084557
0.002907 -0.005857 1.000000
-1.794386 0.806921 -4208.676512
-1.054829 0.208006 -121.753225
-0.002875 0.001141 1.000000
-1.279648 -0.057817 3153.053961
-0.779090 0.004144 1388.360669
-0.002010 -0.000031 1.000000
-0.901759 -0.678738 1424.997027
-0.461841 -0.294169 265.712830
-0.001239 -0.000781 1.000000
-0.504965 -1.015261 1616.557516
-0.392006 -0.472432 413.469885
-0.000915 -0.001296 1.000000
-0.826375 -0.664071 1084.775726
-0.455741 -0.476452 230.455712
-0.001217 -0.000982 1.000000
-0.634624 -1.033922 2185.994678
-0.359658 -0.517765 177.759705
-0.000755 -0.001491 1.000000
-2.162076 0.937813 -837.163233
-1.263342 0.653063 -709.888195
-0.003707 0.002478 1.000000
-0.677905 -0.844534 1068.264633
-0.376292 -0.525796 -1.551723
-0.000864 -0.001313 1.000000
-0.144304 -0.964338 730.616784
-0.296566 -1.050995 -92.267115
-0.000350 -0.002307 1.000000
-1.000907 -0.013940 316.382878
-0.674013 -0.245462 1028.772181
-0.001555 -0.000294 1.000000
-2.518832 1.758613 7374.768762
-1.497817 1.017746 1153.403280
-0.004271 0.003485 1.000000
0.100993 -1.152830 713.435280
-0.093056 -0.748066 9.550379
-0.000016 -0.002199 1.000000
-0.229769 -1.029216 1482.762730
-0.282418 -0.857671 358.919270
-0.000481 -0.001931 1.000000
-0.441797 -0.537686 1331.042108
-0.449782 -0.633375 437.078558
-0.001002 -0.001237 1.000000
-0.405636 -0.571712 1029.266242
-0.425826 -0.631939 1003.730243
-0.000887 -0.001268 1.000000
-0.259079 -1.094420 666.289217
-0.026747 -0.844500 -694.189938
-0.000391 -0.002184 1.000000
-0.281684 -0.711039 952.204836
-0.368664 -0.688320 5.410496
-0.000619 -0.001539 1.000000
-0.064159 -1.219464 -110.429187
0.047853 -0.761028 -290.375673
0.000307 -0.002651 1.000000
-0.482433 -0.574821 1186.937478
-0.433603 -0.675583 657.180652
-0.000922 -0.001320 1.000000
-3.433396 2.996379 4448.280860
-2.027031 1.691456 3524.827823
-0.007080 0.005994 1.000000
0.013675 -0.689070 1071.354627
-0.158767 -0.952936 92.640090
-0.000326 -0.002186 1.000000
0.098195 -1.576851 -257.083583
0.164368 -1.116520 -438.509007
0.000102 -0.002697 1.000000
-0.017802 -1.012572 1262.776258
0.030056 -0.886201 -202.841648
0.000073 -0.002478 1.000000
-0.274926 -1.351686 467.046924
-0.053010 -0.813583 -439.176105
-0.000218 -0.002376 1.000000
-1.883167 1.518249 165.797544
-1.726820 0.873477 1774.235471
-0.003856 0.002381 1.000000
-0.192145 -1.980027 340.966256
-0.103823 -1.872286 -77.571959
0.000059 -0.003302 1.000000
0.603204 -1.789200 -579.905225
0.541474 -1.727600 -963.860982
0.001086 -0.004003 1.000000
-0.815662 0.045756 1053.638322
-0.760860 0.093859 836.369561
-0.001941 -0.000077 1.000000
-0.448508 -0.843525 551.347025
-0.427971 -0.915143 5.524220
-0.000856 -0.001826 1.000000
-0.437671 -1.093104 1224.880708
-0.268676 -0.830544 223.530763
-0.000534 -0.001875 1.000000
0.263891 -1.316794 1273.475330
0.176581 -1.110513 101.283072
0.000384 -0.002591 1.000000
0.139538 -2.302198 -1905.547640
0.467907 -1.620076 -1430.276436
0.001386 -0.004782 1.000000
-0.922649 -0.402845 1898.057901
-0.479159 -0.189444 720.516156
-0.001560 -0.000279 1.000000
-0.508446 -0.831196 -722.029430
-0.424334 -0.541633 427.384536
-0.000852 -0.001373 1.000000
1.105209 -2.152897 1546.884241
0.999973 -2.055030 -876.089078
0.002532 -0.004927 1.000000
19.058547 -48.360140 6044.462884
22.702358 -41.546708 -22941.443523
0.044368 -0.085377 1.000000
0.545101 -1.983692 1492.591913
0.591687 -1.904335 -324.601523
0.001337 -0.003933 1.000000
2.956728 -4.525579 -2070.336157
2.816973 -4.507801 -3613.006145
0.004946 -0.008729 1.000000
-0.114248 -1.680911 -1858.613319
-0.153384 -1.268542 -230.062675
0.000200 -0.002966 1.000000
0.172314 -1.731228 793.345393
0.251894 -1.075369 -1453.598023
0.000632 -0.003698 1.000000
-0.422037 -0.761870 1083.480309
-0.216193 -0.435270 68.514374
-0.000691 -0.001285 1.000000
0.719544 -3.027341 5740.645878
0.767575 -2.728260 -992.812557
0.002087 -0.006403 1.000000
-0.598384 -0.443332 1027.374426
-0.702875 -0.660713 81.868068
-0.001183 -0.000949 1.000000
-0.212345 -0.662692 1097.597477
-0.223383 -0.454895 -98.470837
-0.000595 -0.001414 1.000000
-0.723034 -0.864748 -126.961603
-0.523638 -0.629879 161.660435
-0.000995 -0.001271 1.000000
-0.333563 -0.940983 240.273644
-0.288678 -0.833936 -183.419294
-0.000461 -0.002009 1.000000
4.603116 -8.026847 5209.922670
3.212603 -5.916062 -3290.874737
0.008632 -0.015043 1.000000
0.460301 -2.463209 290.853004
0.138767 -1.565927 -468.998811
0.000603 -0.003697 1.000000
-0.196631 -1.279888 2028.982210
-0.091632 -0.800782 453.255262
-0.000168 -0.002188 1.000000
-53.117671 70.466175 -5358.040924
-22.083976 26.681879 36660.172201
-0.065010 0.093042 1.000000
-7.391118 6.041820 593.079773
-4.898079 5.575898 5708.981176
-0.011484 0.011629 1.000000
-0.554456 -0.593601 959.583614
-0.237119 -0.375018 953.615605
-0.000900 -0.001277 1.000000
0.034061 -1.663844 418.615037
-0.049286 -0.995253 -164.412528
0.000091 -0.002734 1.000000
-7.246928 7.190919 -3586.581330
-4.834060 4.762478 5951.132053
-0.009835 0.010507 1.000000
0.470362 -1.971915 423.723596
0.494351 -2.048762 -536.224839
0.001010 -0.004128 1.000000
2.536535 -5.843678 -3667.206516
2.128285 -4.286134 558.680681
0.004381 -0.009307 1.000000
0.432601 -3.001185 985.482963
0.650396 -2.480926 -1208.065512
0.001140 -0.004943 1.000000
0.689071 -1.625295 478.534526
0.314467 -1.874930 -659.312725
0.000718 -0.003405 1.000000
-0.064320 -1.938853 -52.854646
-0.047517 -1.273976 -777.765588
-0.000095 -0.003063 1.000000
-0.295552 -0.756949 -408.623092
-0.370111 -0.964786 -40.510510
-0.000640 -0.001574 1.000000
-0.298801 -0.716515 320.481444
-0.400464 -0.780198 151.392998
-0.000733 -0.001711 1.000000
-2.474200 1.980530 -1169.472294
-1.582648 1.231637 1641.368928
-0.003933 0.003362 1.000000
-0.517221 -0.826124 -434.564201
-0.510785 -0.614601 458.794949
-0.000932 -0.001188 1.000000
-0.661187 -0.873921 -117.905121
-0.475621 -0.590008 399.820962
-0.001031 -0.001388 1.000000
0.318339 -1.989915 1441.779982
0.230780 -1.697766 -255.269464
0.000516 -0.003466 1.000000
-0.370286 -1.003275 1022.423496
-0.173874 -0.694075 -84.304996
-0.000561 -0.001746 1.000000
-0.625869 -0.551025 -184.435985
-0.559359 -0.457796 661.569253
-0.001252 -0.000854 1.000000
-1.496882 0.650336 1976.481094
-0.966569 0.304432 1758.957637
-0.002582 0.001138 1.000000
-7.782662 7.259844 7773.301389
-3.495680 4.088756 2504.373022
-0.011053 0.011944 1.000000
-0.196366 -1.241801 1873.791152
-0.123878 -0.715221 150.489283
-0.000198 -0.002275 1.000000
-0.235519 -0.794323 1015.070280
-0.217599 -0.878598 -442.173016
-0.000499 -0.001920 1.000000
-1.077097 -0.296930 775.872800
-0.923882 -0.088841 -165.657236
-0.001730 -0.000275 1.000000
-6.746351 9.757136 6260.666678
-5.932511 8.792755 2374.098643
-0.013702 0.018801 1.000000
5.725995 -13.560953 -7850.260616
4.409025 -8.895808 -8917.852392
0.012466 -0.022739 1.000000
-0.311438 -0.632666 458.105539
-0.281687 -0.777824 -922.062360
-0.000705 -0.001554 1.000000
6.304080 -10.222005 -4889.275301
5.545207 -7.186637 -7458.572530
0.012960 -0.017185 1.000000
1.026268 -4.577881 -262.366613
0.925594 -3.462061 -2286.586143
0.002284 -0.006490 1.000000
-0.059554 -1.265864 647.434913
-0.070790 -1.025662 -322.999571
-0.000162 -0.002203 1.000000
-0.400217 -1.159137 454.172482
-0.453862 -1.063880 21.150984
-0.000729 -0.001927 1.000000
-0.218335 -0.742113 786.452492
-0.417204 -0.842100 -43.674277
-0.000698 -0.001675 1.000000
2.783190 -5.999202 257.047708
1.817652 -4.733459 -3742.265097
0.005558 -0.011338 1.000000
-0.224943 -0.855231 1059.056254
-0.289138 -0.749427 240.292996
-0.000675 -0.001639 1.000000
-0.318931 -0.783971 1772.383246
-0.414589 -0.870575 696.715403
-0.000759 -0.001521 1.000000
-0.045234 -0.826837 828.018768
-0.277904 -1.351241 -75.783914
-0.000354 -0.002387 1.000000
-2.475074 2.076693 3514.182045
-3.298079 3.173948 2519.648136
-0.006504 0.006019 1.000000
-0.395711 -0.462840 1040.084154
-0.576600 -0.609306 619.189892
-0.001081 -0.001061 1.000000
0.186454 -1.263759 4393.977050
-0.156103 -1.029266 1729.213134
0.000031 -0.002507 1.000000
-0.501450 -0.882327 1027.050619
-0.375340 -0.648679 20.021269
-0.000840 -0.001249 1.000000
-0.215499 -1.510409 1219.053109
-0.135934 -1.236255 -1067.720597
-0.000159 -0.002458 1.000000
-0.125932 -1.903612 572.679330
0.361495 -1.729561 -599.853264
0.000435 -0.003326 1.000000
-0.456470 -1.044039 1136.273436
-0.268915 -0.704621 -5.299600
-0.000629 -0.001702 1.000000
-0.372849 -1.216552 333.833371
-0.358431 -0.824560 -198.778154
-0.000570 -0.001794 1.000000
-0.284702 -1.049359 420.615081
-0.439667 -1.041171 331.255057
-0.000595 -0.001849 1.000000
-0.556567 -0.376696 1661.055245
-0.413340 -0.347866 217.934583
-0.001320 -0.000772 1.000000
-0.868343 0.331850 2026.549681
-0.629319 0.099752 -435.752013
-0.001802 0.000300 1.000000
0.092739 -0.780074 893.767197
-0.212347 -0.783084 -67.923753
-0.000421 -0.001974 1.000000
-0.712384 0.201737 1773.443216
-0.504513 -0.113580 754.983742
-0.001620 0.000005 1.000000
-0.724851 -0.347661 827.336692
-0.471194 -0.486615 -208.061423
-0.001283 -0.000862 1.000000
-0.960114 0.508330 1294.588332
-0.755457 0.254568 1251.743988
-0.001894 0.000355 1.000000
4.754940 -7.909259 2308.325333
0.908348 -2.241609 -1468.153547
0.006232 -0.010093 1.000000
-0.644022 -0.646390 -83.382190
-0.448530 -0.513974 282.774780
-0.001040 -0.001098 1.000000
-0.201168 -0.904482 488.823261
-0.230049 -0.988309 17.808573
-0.000425 -0.002042 1.000000
-0.700405 -0.341952 233.757964
-0.532608 -0.504834 -29.458382
-0.001290 -0.000832 1.000000
-0.317401 -1.440730 17.307704
-0.188224 -1.231825 -308.710882
-0.000234 -0.002425 1.000000
-18.656392 24.946739 32235.212130
-11.685463 21.267556 6778.740282
-0.032554 0.045611 1.000000
-0.408715 -0.866841 2562.575145
-0.393945 -0.571346 903.890942
-0.000754 -0.001498 1.000000
-0.477545 -0.640060 272.105926
-0.340133 -0.502551 1057.753394
-0.000868 -0.001224 1.000000
0.293644 -1.760172 -204.351428
0.068786 -1.203648 760.597367
0.000270 -0.002965 1.000000
-0.384882 -0.794512 520.644432
-0.422930 -0.765584 1099.504006
-0.000709 -0.001603 1.000000
-2.986425 3.010105 6731.488634
-2.837849 2.562515 2882.641178
-0.006938 0.007907 1.000000
-8.004690 7.901705 -1380.695320
-4.710946 4.339509 5007.404946
-0.011235 0.012403 1.000000
-1.169660 0.498670 1537.472729
-0.713991 0.123938 1130.990795
-0.002535 0.000987 1.000000
-1.879447 1.023603 -1497.440968
-1.147641 0.785669 1213.372225
-0.002972 0.001798 1.000000
-0.146087 -0.727944 378.498934
-0.244973 -0.519668 -140.484890
-0.000589 -0.001575 1.000000
-0.006294 -1.097246 529.814867
-0.142998 -1.329215 91.083482
-0.000093 -0.002457 1.000000
1.392066 -2.884769 915.501163
0.770561 -2.405802 -1349.281162
0.002180 -0.005600 1.000000
0.910908 -2.684897 -328.311657
0.744605 -2.004254 -1259.452485
0.002177 -0.005710 1.000000
3.475180 -6.528673 1967.691371
2.231653 -3.954237 -4748.157999
0.007515 -0.012925 1.000000
-1.028051 0.059310 170.518769
-0.835055 -0.125407 926.833775
-0.001906 -0.000016 1.000000
0.494034 -1.891583 531.036394
0.309856 -1.688947 -263.740696
0.000819 -0.003449 1.000000
-0.158575 -1.019049 448.181679
-0.166103 -0.793950 79.213449
-0.000268 -0.002021 1.000000
-0.122569 -1.153312 352.920016
0.165055 -0.966936 -164.263445
-0.000055 -0.002387 1.000000
0.636594 -2.331053 3788.229007
1.122358 -2.287254 1841.144414
0.002036 -0.005566 1.000000
-1.055844 -0.116326 1382.829368
-0.688153 -0.115123 747.105641
-0.001702 -0.000121 1.000000
0.026708 -1.821150 -1.114531
0.126128 -1.356620 -523.022658
0.000606 -0.003514 1.000000
0.141845 -1.786681 418.528499
0.040859 -1.654382 -705.205616
0.000385 -0.003346 1.000000
0.200217 -1.662406 1287.967050
0.082151 -1.575508 -418.728702
0.000030 -0.002905 1.000000
-0.320627 -0.799248 478.638492
-0.204005 -0.546797 -15.398737
-0.000558 -0.001599 1.000000
0.447639 -1.647974 1944.198474
0.292056 -1.420362 -956.343784
0.000792 -0.004002 1.000000
-2.039326 2.210100 216.035293
-2.934506 2.565952 6804.333556
-0.006089 0.007134 1.000000
-0.003177 -1.248258 217.024696
0.030035 -0.989710 -171.553523
0.000199 -0.002612 1.000000
-3.597453 2.136067 13777.274020
-3.382722 2.318098 5057.451924
-0.007575 0.005955 1.000000
0.600433 -1.820656 1205.124849
0.228155 -1.405123 -1292.529317
0.000874 -0.003499 1.000000
-0.333608 -0.756856 1507.053741
-0.249093 -0.747558 -371.169957
-0.000420 -0.001768 1.000000
-1.340828 0.422899 2807.145450
-1.236017 0.481559 1094.526156
-0.002646 0.001450 1.000000
-0.076428 -1.336787 -448.044169
-0.064467 -1.395606 130.479238
-0.000005 -0.002691 1.000000
0.408878 -1.472374 295.946993
0.351245 -1.258364 -407.034736
0.000727 -0.003361 1.000000
1.969205 -4.084551 31.732366
1.418144 -3.170083 -2336.070723
0.003796 -0.007908 1.000000
0.434002 -2.711640 91.437299
0.350961 -1.862968 -861.951162
0.001233 -0.004499 1.000000
-0.154434 -0.835027 1263.120177
-0.370201 -0.878856 220.980346
-0.000556 -0.001965 1.000000
2.865425 -6.365401 -5362.370608
2.749096 -5.859866 6815.121556
0.007127 -0.015025 1.000000
-1.017772 0.570504 1323.465730
-0.993868 0.319252 916.416164
-0.002111 0.001034 1.000000
-0.442135 -0.793774 490.935825
-0.305160 -0.602730 -118.283523
-0.000696 -0.001390 1.000000
-1.250597 0.781953 2146.102952
-1.311559 0.472880 1126.885713
-0.002988 0.001656 1.000000
-0.297670 -1.185356 116.425471
-0.190261 -0.883928 104.887494
-0.000386 -0.002018 1.000000
-0.356527 -1.078014 88.407209
-0.433647 -1.007146 -258.049365
-0.000621 -0.001789 1.000000
-2.130038 1.499468 2892.860007
-1.921082 1.356585 2086.200632
-0.004690 0.003973 1.000000
0.598995 -1.455593 -1344.241424
0.380351 -1.191888 84.166804
0.000812 -0.003803 1.000000
0.104470 -1.850938 -585.121282
0.058566 -1.223456 -719.363157
0.000395 -0.003490 1.000000
-2.468794 1.683858 3516.313721
-1.899783 1.506872 -929.962225
-0.005047 0.004143 1.000000
-0.685699 -0.163183 1499.714059
-0.492491 -0.269039 1375.196391
-0.001388 -0.000652 1.000000
-0.360822 -0.441586 1443.779492
-0.386320 -0.425336 281.302308
-0.001011 -0.001105 1.000000
-0.574043 -0.398825 919.202649
-0.391631 -0.432135 107.040362
-0.001076 -0.000840 1.000000
-0.454706 -0.418038 934.178734
-0.399982 -0.470289 -536.678779
-0.001044 -0.000997 1.000000
2.675049 -5.978207 -6220.247301
3.887718 -5.922490 -1377.469680
0.008392 -0.015090 1.000000
0.496052 -2.570137 655.467213
0.341315 -2.207332 -1543.477900
0.001619 -0.005122 1.000000
0.114655 -1.380668 -137.100410
0.132125 -0.912298 -593.152040
0.000088 -0.002666 1.000000
-2.361115 2.432452 -541.215659
-1.731721 1.620668 3545.735107
-0.004115 0.003960 1.000000
-0.758487 -0.958433 216.419853
-0.410995 -0.625182 2954.909388
-0.000968 -0.001308 1.000000
1.344436 -3.354347 2104.266756
0.775970 -2.227453 -2189.017103
0.002660 -0.005995 1.000000
-0.305325 -0.767024 1698.054846
-0.418662 -0.571283 272.975675
-0.000754 -0.001372 1.000000
-0.748767 -0.749765 424.871236
-0.522751 -0.510425 793.739849
-0.001153 -0.000992 1.000000
6.300009 -10.484633 3094.001420
2.114430 -5.745266 -4792.103034
0.007809 -0.014821 1.000000
-1.078152 0.875433 -882.118626
-1.007449 0.480139 2267.378122
-0.002717 0.001761 1.000000
-0.709514 -0.096291 -449.822286
-0.568810 -0.247594 705.056742
-0.001567 -0.000433 1.000000
-0.931092 -0.868622 178.320755
-0.539627 -0.478545 396.212949
-0.001264 -0.001071 1.000000
-0.350205 -1.793754 521.050808
-0.283531 -1.430283 -310.972801
-0.000375 -0.002660 1.000000
-0.219146 -1.334756 670.959531
-0.151911 -1.157753 -457.064096
-0.000213 -0.002660 1.000000
-0.086518 -1.400675 190.652335
-0.008032 -1.168699 -419.812767
0.000188 -0.002873 1.000000
-1.343115 0.214754 -34.168636
-0.973132 0.043560 1697.028840
-0.002392 0.000754 1.000000
-0.890372 -0.413087 1749.899578
-0.757128 -0.370302 1495.692896
-0.001501 -0.000552 1.000000
2.084508 -5.176127 -5404.004637
0.795588 -3.503859 -2250.446491
0.003294 -0.009967 1.000000
1.555546 -2.836677 307.028589
0.540682 -1.323266 -1242.156881
0.001642 -0.004267 1.000000
0.371184 -1.545206 1622.001783
0.326962 -1.558360 -1319.340077
0.001237 -0.004069 1.000000
0.632205 -2.292196 -381.006802
0.588051 -2.371045 -898.068365
0.001220 -0.004231 1.000000
-0.797495 -0.592112 1015.682825
-0.427836 -0.225673 960.611890
-0.001259 -0.000775 1.000000
-12.711419 17.810995 -11734.467485
-8.894287 13.785367 8300.344342
-0.021464 0.030574 1.000000
0.339726 -1.544270 -67.899098
-0.162952 -1.131815 -703.976694
0.000316 -0.003066 1.000000
-1.823078 1.630558 -580.804501
-0.919989 0.753402 1627.337935
-0.003509 0.002268 1.000000
0.618747 -2.603606 1676.935392
0.457256 -1.616602 -840.348697
0.001199 -0.004307 1.000000
0.163835 -1.638874 1749.432739
0.082428 -1.019267 -775.485373
0.000366 -0.002962 1.000000
-0.546871 -0.624004 888.955687
-0.355775 -0.394689 662.939814
-0.000917 -0.001217 1.000000
0.442615 -1.840276 -1341.340800
0.563403 -1.447412 -746.832552
0.001120 -0.003915 1.000000
0.571749 -1.891957 123.980159
0.648942 -1.990700 -539.470690
0.001603 -0.004853 1.000000
-0.463787 -0.157880 1148.049154
-0.681806 -0.243364 628.353791
-0.001507 -0.000485 1.000000
0.770065 -1.877076 1284.222382
0.240163 -1.590382 -517.313797
0.000496 -0.003949 1.000000
-0.386693 -0.203563 964.420521
-0.775418 -0.325638 -307.698161
-0.001355 -0.000669 1.000000
0.009393 -1.353902 496.506895
0.072638 -1.231499 -373.494024
0.000240 -0.002762 1.000000
-0.089840 -0.902928 -18.683304
-0.253142 -0.938756 -20.491450
-0.000318 -0.002106 1.000000
-0.875484 -0.307839 1856.396173
-0.539608 -0.226383 1131.681558
-0.001500 -0.000403 1.000000
-0.234536 -1.329741 -1103.663294
-0.396217 -0.965969 -848.974028
-0.000556 -0.002134 1.000000
-1.521692 0.587062 2329.780460
-0.697806 0.075379 781.594219
-0.002060 0.000723 1.000000
-1.231003 0.438307 120.589036
-1.025570 0.342983 1375.685596
-0.002453 0.001052 1.000000
0.380381 -2.476601 293.627986
0.145907 -1.310811 -1319.647502
0.000726 -0.003487 1.000000
-0.640834 -0.053379 338.722402
-0.584538 -0.147108 1215.484433
-0.001457 -0.000363 1.000000
-0.514277 -0.923735 -234.446988
-0.465900 -0.812043 -301.478241
-0.000825 -0.001463 1.000000
0.097104 -1.374276 408.113117
-0.344689 -1.052105 -393.141433
-0.000235 -0.002461 1.000000
-0.790251 -0.542750 -385.013243
-0.356833 -0.434697 110.158535
-0.001267 -0.000852 1.000000
0.578386 -2.140400 532.380291
0.332196 -1.515943 -852.626794
0.001399 -0.004041 1.000000
0.152995 -1.692453 622.331545
0.060589 -1.709310 -262.116962
0.000473 -0.003509 1.000000
0.087507 -1.252546 337.357953
-0.070187 -1.158324 92.109384
0.000037 -0.002410 1.000000
-0.270735 -0.861938 148.984530
-0.314990 -1.034087 252.184723
-0.000360 -0.001992 1.000000
1.143055 -2.689768 -1912.471367
0.928950 -2.750724 -1755.209380
0.002513 -0.006273 1.000000
-0.258619 -1.084319 313.260099
-0.302946 -0.995044 146.061914
-0.000331 -0.002051 1.000000
-5.191855 9.934419 -848.754589
-4.248767 7.866485 8569.643678
-0.011461 0.018885 1.000000
-0.436457 -0.735832 410.353747
-0.450551 -0.988308 206.648250
-0.000774 -0.001765 1.000000
-0.078832 -0.582775 241.805196
-0.213344 -0.960739 33.545384
-0.000271 -0.001816 1.000000
1.275104 -2.167970 -263.342224
0.615437 -1.811741 -1480.028704
0.002043 -0.004730 1.000000
2.230572 -4.395048 -2832.442400
2.614670 -4.841040 -2078.412637
0.006746 -0.011146 1.000000
0.002645 -1.071399 794.776288
-0.177040 -1.517791 137.564113
-0.000155 -0.002548 1.000000
-0.233144 -0.843772 668.030272
-0.337275 -0.887192 350.291113
-0.000583 -0.001657 1.000000
-0.290869 -1.189098 841.814670
-0.135838 -1.143484 180.529574
-0.000045 -0.002217 1.000000
-0.003885 -1.367090 2389.789698
-0.014716 -2.152782 165.917692
0.000343 -0.003828 1.000000
0.341408 -2.204238 417.016028
0.080307 -0.973562 -444.126582
0.000276 -0.003186 1.000000
-1.588260 0.203087 613.527385
-0.500614 0.183180 1186.801344
-0.002268 0.000380 1.000000
0.168076 -1.528478 -541.697435
0.010763 -0.894768 -54.284827
0.000257 -0.002706 1.000000
0.302585 -2.796409 826.095402
0.435310 -2.156746 -362.394500
0.001250 -0.004428 1.000000
2.522029 -4.886840 -1728.726313
1.219619 -2.892809 -3147.019032
0.005230 -0.009940 1.000000
0.320375 -1.592839 50.236189
0.133795 -1.142553 -235.615456
0.000562 -0.003308 1.000000
1.272673 -2.966502 -142.404676
1.392635 -3.370745 -470.847701
0.002563 -0.006259 1.000000
-4.302263 6.031595 4308.859420
-5.125614 5.582106 4754.677406
-0.011631 0.012662 1.000000
-0.381608 -0.662380 647.290656
-0.528732 -0.937115 396.329885
-0.000835 -0.001515 1.000000
-0.652894 -0.300348 1182.907102
-0.808234 -0.345852 575.983423
-0.001431 -0.000556 1.000000
-1.006262 -0.321072 679.224255
-0.913322 -0.180787 866.617669
-0.001787 -0.000388 1.000000
-0.255490 -0.895630 853.021362
-0.302489 -0.655050 -356.947391
-0.000685 -0.001648 1.000000
2.753432 -4.727559 1550.386571
1.331851 -3.153299 -1240.403512
0.003698 -0.007324 1.000000
0.589719 -1.958190 -1396.073586
0.048802 -1.479119 -906.226572
0.000964 -0.003457 1.000000
-0.149483 -1.369564 485.906534
-0.204979 -0.795454 -164.809790
-0.000306 -0.002390 1.000000
-0.684035 -0.570212 -764.680425
-0.604870 -0.681570 813.755175
-0.001124 -0.001140 1.000000
0.034672 -1.181363 418.701633
-0.158306 -0.761940 171.536125
-0.000154 -0.002086 1.000000
-0.202997 -0.981330 712.186984
-0.290594 -0.960013 -285.072012
-0.000464 -0.001968 1.000000
-0.376156 -0.977647 366.914184
-0.402811 -0.953166 209.404379
-0.000690 -0.001843 1.000000
0.034397 -1.398336 2.948301
0.056018 -1.273311 -240.869048
0.000126 -0.002955 1.000000
-1.787395 1.037884 -562.785752
-1.588922 1.252183 1641.595858
-0.003570 0.002703 1.000000
-0.585041 -0.961783 649.715324
-0.441828 -0.685699 138.326255
-0.000831 -0.001520 1.000000
-0.002497 -1.275947 425.353550
0.010753 -1.036458 -125.558464
-0.000009 -0.002411 1.000000
479.922255 -628.202427 883302.560839
393.045720 -609.579627 -398582.605024
0.931052 -1.268665 1.000000
-0.384110 -0.110970 781.938686
-0.495420 -0.281492 737.437495
-0.001139 -0.000812 1.000000
-2.609836 1.869646 2262.566631
-1.801816 1.417902 1513.784703
-0.003674 0.003268 1.000000
0.258258 -1.392749 83.404320
0.294779 -1.605345 -719.794474
0.000773 -0.003361 1.000000
