-0.152197 -1.191751 645.128245
-0.016877 -0.456661 -143.307579
-0.000130 -0.002266 1.000000
-0.085294 -0.421018 184.100277
-0.114913 -0.454760 32.598601
-0.000511 -0.001724 1.000000
-0.057282 -0.669121 220.657882
-0.064883 -0.446868 30.623001
-0.000137 -0.001891 1.000000
-0.028685 -0.437993 113.284254
-0.087742 -0.326054 87.796101
-0.000538 -0.001461 1.000000
-0.054692 -0.382570 126.002232
-0.096252 -0.424937 80.116274
-0.000469 -0.001638 1.000000
-0.123824 -1.421134 95.988256
-0.044474 -0.905851 101.301490
0.000050 -0.003050 1.000000
0.028148 -0.664589 83.740871
-0.056220 -0.467791 40.963119
0.000012 -0.002167 1.000000
-0.068890 -0.522370 42.850837
-0.101266 -0.378299 -58.126093
-0.000318 -0.001915 1.000000
0.027014 -0.466682 60.360694
-0.030878 -0.527847 54.308105
-0.000059 -0.002049 1.000000
-0.072235 -1.194778 754.745219
-0.056349 -0.617833 54.978999
-0.000186 -0.002155 1.000000
-0.299362 -0.923962 532.387463
-0.070009 -0.517819 -1.570311
-0.000492 -0.001776 1.000000
-0.093289 -0.530287 52.225000
-0.134102 -0.379561 8.480796
-0.000470 -0.001846 1.000000
0.124191 -0.703988 277.986120
-0.112196 -0.458033 -70.309312
-0.000369 -0.001855 1.000000
-0.201506 -0.917242 244.862818
-0.038011 -0.551583 -140.674055
-0.000302 -0.002112 1.000000
-0.092461 -0.648249 417.288556
-0.231067 -0.465408 92.016546
-0.000400 -0.001563 1.000000
-0.118701 -0.599807 209.696169
-0.156810 -0.654284 107.138638
-0.000381 -0.001938 1.000000
0.109523 -0.606016 146.504158
-0.063651 -0.572420 11.372106
-0.000378 -0.001819 1.000000
-0.182083 -0.562305 132.288193
-0.159223 -0.447762 41.234809
-0.000592 -0.001584 1.000000
-0.088219 -0.596008 150.105025
-0.099091 -0.434844 36.029125
-0.000581 -0.001645 1.000000
-0.171280 -0.529553 189.026463
-0.106871 -0.464049 38.845515
-0.000655 -0.001656 1.000000
-0.052930 -0.590227 214.595733
-0.004912 -0.369306 -5.906731
-0.000415 -0.001725 1.000000
2.864519 -4.033527 -2459.718496
1.699231 -1.890035 -1623.763383
0.004911 -0.008510 1.000000
-2.967725 3.113291 6107.335795
-1.872917 1.515619 -1659.379614
-0.005097 0.004242 1.000000
-0.199229 -0.737211 314.808935
-0.029637 -0.444343 -117.553651
0.000027 -0.002168 1.000000
0.002714 -0.467719 76.687663
-0.075369 -0.318275 -36.893997
-0.000401 -0.001731 1.000000
-0.078413 -1.031954 338.519770
-0.173666 -0.927263 94.071388
-0.000449 -0.002213 1.000000
-0.158466 -0.504397 181.585174
-0.120356 -0.418863 73.034313
-0.000476 -0.001570 1.000000
-0.029142 -0.651961 121.260939
-0.116586 -0.638487 156.659856
-0.000260 -0.001919 1.000000
-0.034469 -0.609933 172.278371
-0.043208 -0.581899 88.581146
-0.000043 -0.002158 1.000000
-0.029702 -0.597404 293.477795
-0.169034 -0.493235 65.447940
-0.000447 -0.001559 1.000000
-0.315392 -0.211459 -391.005301
-0.395545 -0.314487 232.764819
-0.000990 -0.001005 1.000000
0.178063 -1.348904 384.391768
0.043373 -0.809052 -276.308738
0.000144 -0.003021 1.000000
0.043744 -0.671385 283.120311
-0.038950 -0.480771 -252.134749
-0.000102 -0.002116 1.000000
-0.195921 -0.408834 88.487414
-0.192985 -0.421928 60.391285
-0.000618 -0.001512 1.000000
-0.075510 -0.322980 76.193801
-0.183059 -0.440947 188.527900
-0.000660 -0.001364 1.000000
-0.168744 -0.364518 225.617864
-0.160914 -0.531598 30.775364
-0.000666 -0.001567 1.000000
-0.121683 -0.527484 77.465911
-0.107062 -0.397188 26.370303
-0.000682 -0.001479 1.000000
0.082690 -0.710039 94.079285
-0.025162 -0.371623 -120.100631
-0.000301 -0.001861 1.000000
0.001645 -0.707430 213.388841
-0.029745 -0.476865 -152.232027
-0.000338 -0.001995 1.000000
-0.058267 -0.192448 54.511630
-0.133696 -0.150504 96.321629
-0.000711 -0.001089 1.000000
0.240640 -1.003474 328.308691
0.068237 -0.535684 -155.086426
-0.000067 -0.002290 1.000000
0.001435 -0.689216 112.072177
0.042098 -0.419172 -49.638293
-0.000123 -0.002026 1.000000
-0.043204 -0.832122 299.740816
-0.078401 -0.444365 31.432451
-0.000558 -0.001575 1.000000
-0.006256 -0.394535 125.970525
-0.038395 -0.261921 -11.676243
-0.000063 -0.001882 1.000000
-0.064300 -0.277863 167.059787
0.031091 -0.155111 8.943537
-0.000224 -0.001450 1.000000
-0.047360 -0.808723 269.449669
0.079273 -0.397593 -42.868523
-0.000130 -0.001921 1.000000
0.030568 -0.992207 362.729947
0.053703 -0.790703 76.256204
0.000035 -0.002126 1.000000
0.010399 -0.801019 275.489092
-0.012549 -0.495211 -44.859098
-0.000350 -0.001877 1.000000
0.035048 -0.713156 318.994078
-0.032948 -0.442729 -23.072605
-0.000233 -0.001981 1.000000
-0.043351 -1.099359 404.048082
0.042191 -0.680230 -24.427317
-0.000188 -0.002133 1.000000
-0.123911 -0.455085 396.644027
-0.161845 -0.315414 33.020824
-0.000622 -0.001442 1.000000
-0.009225 -0.533317 331.159360
0.026523 -0.293721 -101.706434
-0.000352 -0.001746 1.000000
0.035653 -0.407546 61.843598
-0.072455 -0.332171 2.314380
-0.000520 -0.001619 1.000000
0.109558 -0.892504 207.572983
0.027513 -0.585235 -25.657907
-0.000219 -0.002074 1.000000
0.217303 -1.624567 266.611596
-0.064042 -1.081323 99.751516
-0.000039 -0.002848 1.000000
0.223593 -1.499634 377.896851
-0.023144 -0.835110 89.860111
-0.000066 -0.002271 1.000000
0.143448 -1.367737 482.447766
0.037308 -0.693221 -88.831622
0.000059 -0.002466 1.000000
-0.091706 -1.296703 727.777988
-0.066452 -0.598840 51.788095
-0.000063 -0.002010 1.000000
0.054228 -0.873176 208.961384
-0.026139 -0.697332 79.081362
-0.000054 -0.002178 1.000000
0.066520 -0.515572 238.895598
-0.107956 -0.319702 83.529731
-0.000399 -0.001452 1.000000
-0.183717 -0.866106 272.318830
0.041064 -0.690956 108.194256
0.000062 -0.002176 1.000000
-0.032719 -0.633323 303.497674
-0.034222 -0.252583 28.541733
-0.000404 -0.001479 1.000000
-0.079837 -0.255971 112.074917
-0.014596 -0.194239 42.402165
-0.000496 -0.001286 1.000000
0.239980 -1.318647 377.941291
-0.021569 -0.860004 28.153418
-0.000086 -0.002292 1.000000
0.109138 -0.995610 176.983115
0.118393 -0.711425 -85.730408
0.000006 -0.002388 1.000000
-0.060461 -0.949329 358.359327
0.010963 -1.032679 75.101543
-0.000267 -0.002386 1.000000
-0.064358 -0.852661 320.027114
0.062462 -0.624180 -3.010060
-0.000338 -0.001953 1.000000
0.337912 -0.552722 188.604118
-0.028667 0.129574 -17.902563
-0.000217 -0.001265 1.000000
0.746929 0.145116 -156.119389
0.005353 0.760804 -246.609789
-0.000077 -0.000608 1.000000
0.223764 -0.919511 415.701673
0.049888 -0.059111 -23.129623
-0.000050 -0.001651 1.000000
2.172976 0.755785 -346.026868
0.316981 3.547923 -722.412844
0.000724 0.001851 1.000000
0.158872 -0.480578 273.341536
0.039679 0.021841 0.259928
-0.000363 -0.001181 1.000000
0.123517 -0.264410 104.571927
0.009431 -0.068057 -33.528341
-0.000034 -0.001503 1.000000
-0.003181 -0.955592 458.345591
-0.058528 -0.353831 -72.092544
-0.000263 -0.001949 1.000000
0.213077 -1.366687 320.430001
-0.002914 -0.904330 97.624250
-0.000258 -0.002311 1.000000
0.074503 -0.914658 338.991512
-0.024997 -0.626742 -28.375234
-0.000369 -0.002052 1.000000
1.774049 1.708681 -1053.392746
-0.804227 3.523121 -553.709906
-0.001572 0.002942 1.000000
1.003480 -0.024779 -118.798638
-0.124001 1.083109 -226.518548
-0.000221 -0.000180 1.000000
1.556727 -0.200046 -217.015517
0.300891 1.581854 -400.324379
0.000507 -0.000520 1.000000
1.182098 -0.050557 -68.098050
0.116812 1.169916 -154.750723
0.000265 -0.000124 1.000000
1.314098 0.023732 -97.765242
0.185990 1.364228 -230.959575
0.000290 0.000047 1.000000
1.379830 0.044458 -135.098653
0.172326 1.312548 -205.755181
0.000337 0.000101 1.000000
1.000000 -0.000000 0.000000
-0.000000 1.000000 -0.000000
-0.000000 -0.000000 1.000000
1.052748 -0.249181 -111.984547
0.202341 1.145906 -270.123523
0.000073 -0.000523 1.000000
0.288013 -0.037104 67.926632
-0.233645 0.558139 -41.271797
-0.000758 -0.000141 1.000000
0.045170 0.022676 107.827150
-0.203220 0.321022 30.432556
-0.000795 -0.000302 1.000000
0.448118 -0.523035 156.156861
-0.078839 0.504260 -10.431783
-0.000266 -0.000888 1.000000
-0.013811 -1.091911 364.287129
-0.063380 -0.764274 125.884087
-0.000312 -0.002214 1.000000
-0.020895 -0.020301 72.553832
-0.255037 0.329598 33.063338
-0.000990 -0.000185 1.000000
1.046609 0.141058 -120.903313
0.049142 1.500033 -193.834298
-0.000013 0.000344 1.000000
0.594144 -0.301775 163.298104
0.049976 0.656491 -15.339826
-0.000080 -0.000486 1.000000
6.402373 7.901609 -3446.371592
-1.182203 17.400570 -2391.221649
-0.002498 0.019863 1.000000
1.490866 0.597231 -302.191164
0.066679 2.633100 -361.055641
0.000025 0.001575 1.000000
-0.294350 -0.747389 361.849914
-0.002575 -0.654384 80.213002
-0.000167 -0.001971 1.000000
-0.188869 -0.533365 258.126171
-0.087497 -0.415892 49.131504
-0.000417 -0.001585 1.000000
-0.115654 -1.212237 621.528534
0.030931 -0.751551 23.893287
-0.000090 -0.002299 1.000000
-0.124536 -0.631563 247.831850
-0.121135 -0.512232 114.222063
-0.000331 -0.001646 1.000000
-0.116035 -1.245803 580.255491
0.049562 -1.101278 37.083338
0.000019 -0.002625 1.000000
0.085773 -1.051061 475.062064
0.095482 -0.697836 -38.203910
-0.000000 -0.002217 1.000000
2.054109 0.930250 -462.342949
0.245679 3.402781 -664.562293
0.000637 0.001899 1.000000
1.631647 1.394915 -525.052028
0.113924 3.550247 -525.359426
-0.000117 0.002614 1.000000
0.980631 -0.432866 123.741606
0.193184 0.847813 -178.938280
0.000551 -0.000906 1.000000
2.542977 -0.420048 -202.179843
0.718795 2.345534 -638.283669
0.001828 -0.000387 1.000000
1.215954 -0.121045 -99.442671
0.251139 1.084317 -145.652866
0.000440 -0.000360 1.000000
1.477599 -0.143945 -133.281721
0.345838 1.278486 -164.969788
0.000702 -0.000316 1.000000
-0.096805 -0.613753 271.447206
-0.125885 -0.521132 14.264511
-0.000459 -0.001824 1.000000
-0.065572 -0.881715 337.920856
-0.038047 -0.571482 9.271003
-0.000309 -0.002136 1.000000
2.114416 0.649162 -577.529772
0.393082 2.442929 -464.778239
0.000701 0.001072 1.000000
0.929219 -0.075565 -15.140029
0.147102 0.919018 -69.428266
0.000130 -0.000291 1.000000
-1.329844 -2.522109 1261.890323
0.082835 -3.078291 446.398061
-0.000070 -0.004666 1.000000
1.436071 0.228868 -205.764590
0.192643 1.538777 -394.555759
0.000283 0.000351 1.000000
1.642712 0.240017 -187.085856
0.081753 1.976460 -390.723691
0.000456 0.000631 1.000000
1.526078 1.392062 -587.936708
-0.177900 2.834100 -441.532755
-0.000652 0.002901 1.000000
-0.007894 -1.048587 564.675532
-0.077132 -0.470987 9.665181
-0.000170 -0.001913 1.000000
-0.309723 -1.375240 483.293518
-0.019995 -1.164727 135.870042
-0.000066 -0.002790 1.000000
-0.330505 -1.209482 589.646087
-0.007928 -1.217992 154.923209
0.000004 -0.002694 1.000000
0.068295 -1.380361 443.936596
-0.017045 -1.147845 119.816809
-0.000050 -0.002628 1.000000
-0.218943 -1.214316 540.560181
-0.262681 -0.889089 185.008841
-0.000314 -0.002187 1.000000
-0.126998 -1.222583 573.602704
-0.022655 -0.887306 42.307021
-0.000159 -0.002320 1.000000
0.219339 -1.530928 448.555812
0.057048 -1.074395 -37.482728
0.000265 -0.002914 1.000000
0.060090 -0.993787 319.422344
-0.103192 -0.547487 19.981945
-0.000080 -0.002171 1.000000
-0.237576 -1.087680 615.403693
-0.293939 -0.859742 259.873603
-0.000466 -0.001888 1.000000
-0.123705 -0.755568 251.194389
-0.176360 -0.629859 120.630328
-0.000522 -0.001619 1.000000
0.105935 -1.244332 282.953919
-0.118020 -0.900756 15.115496
-0.000117 -0.002507 1.000000
0.211061 -1.574010 594.537114
0.019733 -0.696155 -91.649924
0.000077 -0.002565 1.000000
-0.118117 -1.067224 401.494014
-0.068977 -1.003271 86.967319
-0.000075 -0.002549 1.000000
0.002737 -1.597786 523.308538
-0.150041 -0.973603 104.574923
-0.000166 -0.002543 1.000000
0.165972 -1.527432 538.187104
-0.040389 -0.853286 80.601422
0.000072 -0.002470 1.000000
-0.116811 -1.335458 516.386619
-0.226924 -0.994354 173.739736
-0.000409 -0.002291 1.000000
-0.109990 -0.985579 368.983900
-0.216569 -0.824621 171.845984
-0.000425 -0.002076 1.000000
-0.299905 -0.864751 372.913402
-0.339339 -0.719565 133.991576
-0.000501 -0.001878 1.000000
-0.326298 -0.925760 728.889501
-0.069394 -0.787078 -14.920007
-0.000391 -0.002065 1.000000
-0.116332 -0.442154 181.119881
-0.195549 -0.401010 174.877050
-0.000471 -0.001467 1.000000
-0.177497 -1.062797 457.595217
-0.267561 -0.812031 99.045439
-0.000472 -0.002080 1.000000
-0.104231 -1.207338 536.068272
-0.063451 -0.599901 35.438569
-0.000244 -0.002060 1.000000
-0.143048 -1.205546 416.434361
-0.112882 -0.947553 117.689903
-0.000345 -0.002285 1.000000
-0.045812 -1.143652 457.692026
-0.076192 -0.813629 123.025647
-0.000220 -0.002048 1.000000
0.057485 -1.555230 420.760561
0.171638 -1.260466 87.805102
0.000076 -0.002864 1.000000
-0.115086 -0.986564 397.673538
-0.179690 -0.564875 75.921137
-0.000346 -0.001910 1.000000
-0.271859 -0.732137 686.289655
-0.177494 -0.507724 19.630098
-0.000654 -0.001761 1.000000
-0.621503 -1.202371 1015.632074
-0.106713 -0.124396 33.449145
-0.000610 -0.001310 1.000000
-0.205506 -1.289822 625.853331
-0.136662 -0.961584 -9.436929
-0.000166 -0.003094 1.000000
-0.207073 -0.919729 614.989454
-0.200763 -0.565780 88.566510
-0.000640 -0.001714 1.000000
0.445778 -1.562371 -128.933211
0.583069 -1.532337 -655.533388
0.001131 -0.003944 1.000000
-0.457359 -1.065389 861.153798
-0.168152 -0.351521 71.454659
-0.000527 -0.001537 1.000000
0.038277 -0.853443 406.239207
-0.200994 -0.842128 59.390605
-0.000366 -0.002180 1.000000
-0.199700 -0.517025 357.683981
-0.158991 -0.443962 43.575877
-0.000442 -0.001627 1.000000
-0.326214 -1.062582 451.353793
-0.104207 -0.852846 -44.423471
-0.000486 -0.002207 1.000000
-0.153239 -0.622142 256.038425
-0.106297 -0.334534 48.509929
-0.000591 -0.001427 1.000000
-0.363000 -1.355108 297.024080
-0.202014 -0.836761 97.892066
-0.000591 -0.002110 1.000000
-0.562775 -0.767372 440.374662
-0.223907 -0.409921 -142.782488
-0.000849 -0.001638 1.000000
0.196651 -1.895413 942.219606
0.027529 -0.482096 -8.578272
0.000116 -0.002398 1.000000
1.098709 -2.624433 944.645537
0.259188 -1.333883 -147.744136
0.000841 -0.004012 1.000000
-0.842000 -1.176125 934.398081
-0.100184 -0.512776 -100.190275
-0.000980 -0.001459 1.000000
-0.721900 -0.978086 919.008770
-0.245812 -0.434847 46.599185
-0.000973 -0.001345 1.000000
0.042673 -1.748023 961.218307
-0.012245 -0.420765 34.140590
-0.000011 -0.002235 1.000000
0.097216 -1.707987 841.976455
0.286585 -0.977619 -174.349807
0.000598 -0.003281 1.000000
-0.279395 -1.173103 702.393502
-0.149459 -0.599609 -78.479150
-0.000543 -0.001989 1.000000
-0.302605 -1.643125 935.340684
-0.122315 -0.503146 -8.459626
-0.000328 -0.001942 1.000000
-0.084797 -0.931117 290.364588
-0.165360 -0.701205 72.144457
-0.000454 -0.001995 1.000000
-0.068457 -1.015872 417.431336
-0.145285 -0.660748 11.985042
-0.000387 -0.002096 1.000000
-0.010623 -1.011818 343.649034
-0.118500 -0.546170 48.654724
-0.000271 -0.002093 1.000000
7.550606 4.110635 -2605.112258
1.619138 9.165540 -2528.166137
0.004340 0.006728 1.000000
-0.034153 -0.470483 65.611219
-0.104783 -0.378596 91.509945
-0.000439 -0.001693 1.000000
-0.023480 -0.555217 137.631539
-0.074734 -0.645810 180.220590
-0.000109 -0.001992 1.000000
-0.127900 -0.574559 196.840253
-0.095201 -0.495415 72.488589
-0.000219 -0.001944 1.000000
0.234924 -0.754602 -736.272471
0.073802 -1.419859 923.818638
0.000270 -0.002450 1.000000
0.040110 -0.551619 38.016085
-0.045670 -0.445637 108.293843
-0.000175 -0.002066 1.000000
-0.079948 -0.972441 353.449448
-0.039498 -0.641048 48.085904
-0.000284 -0.002055 1.000000
-0.616787 -2.087525 759.045544
-0.024968 -2.174886 358.037493
-0.000220 -0.003809 1.000000
-0.335259 -0.928509 466.143036
-0.243903 -0.683974 64.243613
-0.000714 -0.001742 1.000000
-0.082447 -1.203888 591.623309
-0.093377 -0.759662 32.786743
-0.000305 -0.002041 1.000000
-0.017193 -0.496208 96.652114
-0.113836 -0.398469 108.259918
-0.000345 -0.001659 1.000000
-0.054489 -0.349314 11.672526
-0.113036 -0.573635 110.192107
-0.000402 -0.001877 1.000000
-0.081448 -0.461201 77.630828
-0.064496 -0.456910 112.545111
-0.000491 -0.001670 1.000000
-0.016533 -0.363885 1.860404
-0.107737 -0.523072 129.433034
-0.000403 -0.001754 1.000000
-0.140944 -1.121038 435.977293
-0.218850 -1.037955 131.579368
-0.000584 -0.002030 1.000000
0.107432 -0.620680 69.200807
0.020678 -0.733498 29.360906
0.000256 -0.002470 1.000000
-0.027825 -0.111640 -24.816576
-0.053962 -0.343099 116.312263
-0.000511 -0.001385 1.000000
-0.036353 -0.862499 95.676394
-0.026552 -0.936626 118.903739
-0.000250 -0.002612 1.000000
-0.083097 -0.271014 63.335508
-0.078689 -0.452495 50.403085
-0.000489 -0.001735 1.000000
-0.244590 -1.047868 324.927945
-0.046411 -1.084151 26.706741
-0.000204 -0.002659 1.000000
0.104276 -1.751691 613.495696
0.227352 -1.641875 29.480920
0.000436 -0.003661 1.000000
0.130861 -1.764643 528.350836
-0.046201 -0.878861 21.886839
-0.000111 -0.002613 1.000000
-0.739786 -1.740201 720.026629
-0.128260 -1.752322 382.695662
-0.000714 -0.002791 1.000000
-0.034507 -0.265447 -37.642995
-0.112590 -0.462203 200.784404
-0.000428 -0.001593 1.000000
-0.018480 -0.284442 45.707484
-0.069344 -0.293275 105.188504
-0.000243 -0.001637 1.000000
-0.156324 -0.394808 105.676016
-0.214312 -0.491356 68.377394
-0.000765 -0.001418 1.000000
-0.174108 -0.802378 193.980128
-0.229053 -0.779687 168.316420
-0.000243 -0.002290 1.000000
-0.111805 -0.581401 34.102793
-0.200871 -1.032814 640.773739
-0.000341 -0.001908 1.000000
0.111432 -1.169808 -134.610874
0.245968 -1.485366 1120.963796
0.000494 -0.002502 1.000000
0.182846 -1.292898 188.013564
0.108280 -1.140995 56.448186
0.000375 -0.003054 1.000000
-0.056591 -0.435199 7.262021
-0.103959 -0.412369 46.352304
-0.000407 -0.001728 1.000000
-0.160028 -0.990849 322.382466
-0.159133 -0.738681 97.113522
-0.000482 -0.001901 1.000000
-0.130665 -1.021138 688.061361
-0.065306 -1.172995 976.187845
-0.000101 -0.001927 1.000000
-0.130809 -0.456057 10.732848
-0.241732 -0.851708 633.281417
-0.000492 -0.001518 1.000000
-1.595219 0.554319 -411.795717
-1.294659 0.348674 1088.480421
-0.002662 0.000567 1.000000
-0.430212 -1.267142 1150.190989
-0.311950 -0.824605 640.059665
-0.000352 -0.001522 1.000000
-0.809841 -0.090284 -989.033808
-0.875410 0.071782 5.694906
-0.002281 0.000160 1.000000
-0.081146 -0.325759 -94.936854
-0.081735 -0.575745 175.573850
-0.000381 -0.001627 1.000000
-0.501699 -0.646157 657.797320
-0.579933 -0.847697 940.548187
-0.000774 -0.001177 1.000000
-0.082469 -1.031583 720.318244
-0.349296 -1.025387 953.655574
-0.000381 -0.001832 1.000000
-0.428445 -1.578868 978.397650
-0.036990 -0.722190 91.085195
-0.000455 -0.002133 1.000000
-0.549779 -1.097198 1206.477318
-0.642744 -0.905545 641.682387
-0.001054 -0.001653 1.000000
-0.113308 -1.186608 800.253569
-0.084730 -0.840554 152.995796
-0.000296 -0.002069 1.000000
-0.433476 -1.534124 1028.046610
-0.078372 -0.366505 95.431679
-0.000436 -0.001727 1.000000
-0.299171 -1.205339 992.614671
-0.215445 -0.646712 34.604750
-0.000555 -0.001870 1.000000
-0.336300 -1.422494 910.183527
-0.066486 -0.361903 0.363906
-0.000407 -0.001836 1.000000
-0.337422 -1.396154 979.124321
-0.137853 -0.377006 175.608742
-0.000426 -0.001603 1.000000
-0.377254 -1.308968 1006.952478
-0.102277 -0.637160 37.971687
-0.000535 -0.001841 1.000000
0.174989 -1.181119 -545.302490
0.249821 -1.603841 2036.686148
0.000715 -0.002983 1.000000
-0.272717 -0.711445 404.774666
-0.093305 -0.395584 -48.121100
-0.000614 -0.001479 1.000000
-0.024639 -1.250158 1024.695763
-0.081817 -1.089141 657.779669
0.000002 -0.002521 1.000000
344.767870 -451.858636 -870079.648413
264.655172 -352.495569 139703.767503
0.598151 -0.823499 1.000000
-0.375809 -1.361906 926.285821
-0.166810 -0.561424 190.886644
-0.000586 -0.001848 1.000000
-0.436802 -1.112088 899.557359
-0.182691 -0.270920 79.612687
-0.000735 -0.001406 1.000000
-0.802471 -1.097208 916.490499
-0.241731 -0.476611 0.929426
-0.001018 -0.001283 1.000000
-0.553390 -0.677415 535.651109
-0.363884 -0.547590 97.069844
-0.000957 -0.001280 1.000000
-0.866581 0.015084 756.920472
-0.775234 -0.463492 -76.765769
-0.001591 -0.000646 1.000000
-0.651300 -0.849871 1195.120532
-0.541815 -0.804242 960.632924
-0.000877 -0.001427 1.000000
-0.390844 -1.257192 975.357893
-0.067152 -0.267937 130.179250
-0.000446 -0.001374 1.000000
-0.707818 -0.651232 781.105780
-0.499748 -0.508465 735.336765
-0.001007 -0.000809 1.000000
-0.658167 -1.016203 1000.013588
-0.335787 -0.374635 -8.929416
-0.000997 -0.001188 1.000000
-0.220144 -1.009391 1081.855955
-0.138812 -0.379740 164.013418
-0.000407 -0.001624 1.000000
-0.154262 -0.599013 327.987907
-0.056801 -0.303666 90.909445
-0.000318 -0.001657 1.000000
-0.615041 -1.100541 918.562089
-0.086261 -0.232704 53.218967
-0.000746 -0.001336 1.000000
-0.399958 -1.163008 872.666691
-0.055640 -0.138102 42.073504
-0.000529 -0.001430 1.000000
-0.286540 -0.848445 473.335238
-0.220383 -0.872009 38.796710
-0.000402 -0.002176 1.000000
-0.308751 -1.300142 750.765933
-0.044077 -1.025987 20.641654
-0.000458 -0.002393 1.000000
-0.477805 -1.139309 612.809182
-0.291077 -0.782133 80.758493
-0.000804 -0.001956 1.000000
-0.283782 -1.161088 857.455577
-0.138416 -0.331016 7.595706
-0.000454 -0.001601 1.000000
-0.224781 -1.095887 219.228581
-0.182596 -0.952831 98.280593
-0.000472 -0.002253 1.000000
-0.316670 -1.434049 870.757806
-0.044659 -0.786288 88.936437
-0.000448 -0.002120 1.000000
-0.301772 -1.351631 831.020187
0.027459 -0.839265 28.740849
-0.000337 -0.002329 1.000000
-0.403136 -1.248688 982.864307
-0.062499 -0.250548 75.348273
-0.000440 -0.001503 1.000000
-0.435206 -1.241327 948.773150
-0.077200 -0.632969 6.896932
-0.000609 -0.001990 1.000000
-0.510323 -0.921346 1004.145636
-0.286327 -0.592609 148.369784
-0.000813 -0.001536 1.000000
-0.552145 -0.727849 883.575359
-0.241804 -0.363978 165.727742
-0.000798 -0.001191 1.000000
-0.086568 -0.574127 161.293509
-0.191505 -0.557295 319.974252
-0.000413 -0.001463 1.000000
-0.566564 -1.062183 835.481510
-0.110777 -0.586263 -31.500814
-0.000710 -0.001986 1.000000
-0.346808 -1.457312 980.805304
-0.091424 -0.542887 108.281569
-0.000292 -0.001802 1.000000
-0.625901 -1.030812 976.029458
-0.100664 -0.087287 48.598570
-0.000735 -0.001146 1.000000
-0.141918 -0.647489 308.377868
-0.051549 -0.157663 -28.141442
-0.000450 -0.001543 1.000000
-0.388472 -0.860160 731.770737
-0.233208 -0.590280 121.037126
-0.000605 -0.001712 1.000000
-0.429735 -1.295675 999.013084
-0.137077 -0.405874 63.973653
-0.000394 -0.001579 1.000000
0.018398 -1.028265 543.927892
-0.050971 -0.859404 -20.519259
-0.000343 -0.002227 1.000000
-0.122841 -1.207242 443.114765
-0.065946 -0.701908 -35.560860
-0.000264 -0.002132 1.000000
-0.283180 -0.513977 545.831636
-0.200784 -0.514432 88.080588
-0.000761 -0.001290 1.000000
0.303250 -1.376262 446.924660
-0.016760 -0.811344 -77.088192
-0.000078 -0.002661 1.000000
0.058034 -1.271481 498.319919
0.019903 -0.695981 -141.131358
0.000063 -0.002420 1.000000
-0.076609 -1.104404 627.756927
0.034293 -0.579005 -152.963199
-0.000014 -0.002294 1.000000
-0.054033 -0.574173 361.407817
-0.130368 -0.471766 11.151953
-0.000336 -0.001758 1.000000
-0.156257 -1.302213 680.052591
0.036678 -0.583823 -195.353813
-0.000313 -0.002400 1.000000
-0.431054 -0.954086 635.539345
-0.087566 -0.303444 -135.358420
-0.000476 -0.001911 1.000000
-0.068825 -0.589770 188.774588
-0.026853 -0.373998 25.877388
-0.000238 -0.001754 1.000000
-0.257973 -1.004891 382.162143
-0.269126 -0.789261 141.725497
-0.000584 -0.001850 1.000000
-0.123433 -0.907397 507.976131
-0.120466 -0.525886 -10.982531
-0.000368 -0.001872 1.000000
0.136938 -0.828239 333.117481
0.024487 -0.503949 -63.116021
-0.000171 -0.002135 1.000000
-0.223365 -1.259787 933.723331
-0.058751 -0.345299 81.318734
-0.000230 -0.001753 1.000000
-0.062062 -1.028607 485.468429
-0.052167 -0.249665 -43.667062
-0.000105 -0.001827 1.000000
-0.354256 -1.217569 934.159285
0.083485 -0.520859 -85.227579
-0.000115 -0.002199 1.000000
-0.559204 -0.775927 596.144306
-0.252140 -0.652045 92.669938
-0.000817 -0.001674 1.000000
0.028465 -1.138129 583.013178
-0.001010 -0.544301 -60.035219
-0.000229 -0.002053 1.000000
-0.063191 -1.134207 378.935708
-0.048836 -0.566335 -83.926402
-0.000342 -0.001939 1.000000
0.162325 -0.957424 313.821161
0.072811 -0.518282 -14.062310
-0.000171 -0.001896 1.000000
0.369146 -0.793324 101.845212
-0.207056 -1.103279 180.163760
-0.000327 -0.002428 1.000000
-0.120595 -1.234110 547.150937
-0.016653 -0.866343 -34.491115
-0.000253 -0.002191 1.000000
0.259019 -1.046741 204.759734
-0.054974 -0.824052 70.576443
-0.000280 -0.002100 1.000000
-0.252090 -1.412835 634.617407
-0.141081 -1.271281 144.522880
-0.000402 -0.002433 1.000000
-0.062104 -0.689215 280.531248
-0.091282 -0.263718 -47.569077
-0.000392 -0.001732 1.000000
0.109234 -1.336975 309.442405
-0.051892 -0.895842 -71.148516
0.000108 -0.002626 1.000000
0.346912 -0.738736 256.625217
-0.039158 -0.151131 37.573784
0.000008 -0.001622 1.000000
0.046892 -1.240314 481.198247
-0.067173 -0.511133 16.847654
-0.000090 -0.002166 1.000000
-0.229881 -1.343899 789.221173
-0.177053 -0.661090 25.988828
-0.000291 -0.002009 1.000000
-0.094949 -0.887462 204.836021
-0.185037 -0.815579 127.744391
-0.000554 -0.002048 1.000000
-0.264130 -1.177881 404.262350
-0.109669 -0.905356 99.240083
-0.000420 -0.002192 1.000000
-0.023829 -0.696320 131.365663
-0.130607 -0.582821 57.924807
-0.000480 -0.001811 1.000000
-0.079378 -1.432179 783.457329
-0.101805 -0.596278 -21.157479
-0.000175 -0.002107 1.000000
0.070903 -0.575265 47.489655
-0.010338 -0.455679 34.945377
-0.000196 -0.001885 1.000000
-0.237295 -0.382419 126.274240
-0.149314 -0.458446 -25.073557
-0.000691 -0.001606 1.000000
-0.238599 -0.604552 260.833906
-0.082266 -0.146541 -106.866436
-0.000774 -0.001361 1.000000
-0.101246 -0.757338 187.618786
-0.096288 -0.608030 -56.859451
-0.000551 -0.001834 1.000000
-0.369861 -0.994547 592.860171
-0.110379 -0.338305 -64.091629
-0.000679 -0.001552 1.000000
-0.013052 -1.098353 113.882925
-0.093725 -0.571287 -9.199832
-0.000182 -0.002073 1.000000
-0.403218 -1.176043 807.960180
-0.077661 -0.522951 -42.820474
-0.000367 -0.001931 1.000000
