-0.443144 -1.381497 774.053161
-0.110303 -0.791643 -127.003328
-0.000590 -0.002251 1.000000
0.001465 -1.138796 1100.762668
0.052289 -1.043359 143.625893
0.000025 -0.002917 1.000000
-0.663423 -0.292031 517.213637
-0.587374 -0.124264 -332.067167
-0.001449 -0.000354 1.000000
-0.521903 -0.656182 85.234137
-0.419675 -0.780470 68.338788
-0.001053 -0.001916 1.000000
-0.374893 -0.071419 187.096338
-0.562698 -0.519332 50.636799
-0.001264 -0.001262 1.000000
-0.947482 -0.148496 629.146468
-0.779264 -0.325443 47.366579
-0.001903 -0.000310 1.000000
0.001580 -0.975797 -60.813336
-0.083883 -0.989455 41.192216
-0.000382 -0.002306 1.000000
0.017196 -1.080738 470.012200
-0.114637 -1.120727 -155.857724
-0.000382 -0.002496 1.000000
-0.653822 -0.166667 145.332683
-0.493891 -0.386043 80.279084
-0.001403 -0.000831 1.000000
-0.521535 -1.313847 827.586818
-0.260711 -0.743320 -41.860758
-0.000860 -0.002002 1.000000
-0.063555 -1.008009 86.300290
-0.017620 -1.000542 -146.418227
-0.000425 -0.002350 1.000000
-0.288387 -1.046248 136.142882
-0.013669 -0.936079 -81.210249
-0.000557 -0.002357 1.000000
-15.776081 24.526543 -7831.472402
-17.095647 19.926384 13303.048752
-0.030430 0.044298 1.000000
-0.405069 -1.126083 763.672403
-0.112214 -0.820527 -331.081003
-0.000595 -0.002138 1.000000
0.032114 -1.034734 739.316792
0.307879 -1.319345 88.499181
0.000384 -0.002703 1.000000
-0.424252 -0.413495 466.138270
-0.392825 -0.590318 12.607674
-0.001007 -0.001403 1.000000
-0.429759 -0.512435 869.075760
-0.431782 -0.617347 229.481403
-0.000999 -0.001372 1.000000
-0.287737 -1.041980 314.590113
-0.166765 -0.729514 -119.789532
-0.000614 -0.001900 1.000000
-0.594503 -0.497629 68.596543
-0.456438 -0.327289 -108.684080
-0.001214 -0.001000 1.000000
-0.625382 -0.125827 298.415770
-0.729868 -0.392698 -125.635897
-0.001605 -0.000899 1.000000
-0.017854 -0.976896 107.578794
-0.009377 -1.112239 70.955892
-0.000304 -0.002345 1.000000
-0.748314 -0.933222 105.326936
-0.567661 -0.627824 678.136689
-0.001129 -0.001133 1.000000
-1.765055 1.329518 3382.446254
-1.064289 0.578954 884.964393
-0.003603 0.002060 1.000000
-0.609512 -0.735376 415.233901
-0.371112 -0.560110 39.664353
-0.000992 -0.001398 1.000000
-0.352424 -0.732238 559.888061
-0.350600 -0.643835 -183.399947
-0.001001 -0.001519 1.000000
-0.276031 -1.045590 518.464236
-0.097240 -1.624940 35.854329
-0.000418 -0.002995 1.000000
-0.394888 -0.780690 455.518156
-0.290741 -0.680361 -218.484783
-0.000872 -0.001631 1.000000
0.109368 -1.519075 289.082406
-0.120708 -2.052364 -73.670543
-0.000000 -0.003458 1.000000
-0.394169 -0.919803 487.728507
-0.116542 -0.493782 -118.189768
-0.000694 -0.001604 1.000000
-0.178304 -0.542102 409.205561
-0.419843 -0.767325 29.188327
-0.000829 -0.001699 1.000000
-0.945749 0.118331 267.298218
-0.708807 0.387030 -525.392174
-0.001975 0.000345 1.000000
-0.419005 -0.737538 303.701912
-0.324334 -0.775924 -33.970572
-0.000935 -0.001805 1.000000
-0.133148 -0.514905 351.045622
0.039022 -0.859167 -109.092612
-0.000546 -0.002247 1.000000
-0.247639 -0.537693 502.759711
-0.240746 -0.547868 -137.318801
-0.000939 -0.001567 1.000000
-0.254801 -0.807243 512.445596
-0.327735 -1.085109 149.680301
-0.000594 -0.001850 1.000000
-0.078202 -0.934967 428.397097
0.044338 -1.333355 -338.093644
-0.000202 -0.002620 1.000000
-0.024682 -1.454513 389.083217
0.156919 -1.276000 -127.785618
-0.000026 -0.002998 1.000000
-0.175973 -0.904438 767.912267
-0.041983 -0.517514 -894.350598
-0.000595 -0.001696 1.000000
-0.484952 -0.334661 -80.693869
-0.399800 -0.199009 -170.428523
-0.001289 -0.001060 1.000000
-0.802709 -0.210471 887.627138
-0.700441 -0.103901 -168.539940
-0.001736 -0.000796 1.000000
1.140350 -2.657959 4340.179342
1.230053 -3.452959 -4635.563397
0.002021 -0.006526 1.000000
-0.352809 -0.638390 37.264253
-0.255782 -0.453006 -133.500959
-0.000941 -0.001624 1.000000
-0.286499 -0.709063 321.803806
-0.141565 -0.551551 -391.002928
-0.000842 -0.001819 1.000000
0.076837 -0.706314 809.288038
0.108782 -0.994341 -283.810334
-0.000127 -0.002546 1.000000
-0.205257 -0.720631 -217.900928
-0.040540 -0.499872 -132.847933
-0.000603 -0.001840 1.000000
-0.865826 0.149735 841.116899
-0.628663 0.079101 -402.536086
-0.002073 -0.000242 1.000000
-0.142789 -1.110706 795.961050
0.075216 -1.153898 -193.703921
-0.000042 -0.002707 1.000000
-0.585944 -0.725281 1287.193064
-0.455467 -0.376118 213.793805
-0.001209 -0.001300 1.000000
-0.378477 -0.382361 1269.051149
-0.364783 -0.226579 -47.649607
-0.001255 -0.001318 1.000000
-0.207155 -0.876001 1104.643466
-0.314840 -0.672030 797.312010
-0.000732 -0.002274 1.000000
-0.519259 -0.105544 788.174272
-0.540307 -0.020864 175.799705
-0.001930 -0.000735 1.000000
-4.100396 3.956553 5736.828188
-3.164753 3.941163 -3496.096743
-0.007637 0.008561 1.000000
-0.293648 -1.117780 219.586831
-0.125474 -0.761837 -193.149033
-0.000607 -0.001930 1.000000
-0.851397 -0.092223 830.036877
-0.627104 0.121753 -389.710387
-0.001770 -0.000239 1.000000
-0.567845 -0.403941 905.890661
-0.448018 -0.215228 -236.272250
-0.001269 -0.001068 1.000000
-0.577942 -0.831725 401.708401
-0.298208 -0.480486 -36.106397
-0.000926 -0.001424 1.000000
-0.612270 -0.676782 241.421621
-0.302308 -0.350792 -125.953057
-0.001054 -0.001087 1.000000
-0.471479 -1.238394 502.743500
-0.378989 -0.996441 159.092323
-0.000586 -0.002108 1.000000
-0.181073 -0.589964 -326.020879
-0.185913 -0.643301 -680.703472
-0.000751 -0.001920 1.000000
-0.279992 -0.083652 562.258582
-0.622703 -0.434604 124.034703
-0.001376 -0.001178 1.000000
0.511756 -2.277562 475.200935
0.394265 -1.601665 -221.985092
0.000933 -0.004271 1.000000
-0.620077 -0.280560 8.549718
-0.567863 -0.262162 156.772861
-0.001314 -0.000843 1.000000
-0.245366 -1.212819 551.323185
-0.115526 -0.972970 33.301025
-0.000376 -0.002412 1.000000
-0.165931 -1.057896 735.674571
-0.152625 -1.092681 -10.402758
-0.000410 -0.002263 1.000000
-0.076404 -1.104094 269.535757
-0.265933 -1.008000 108.086299
-0.000449 -0.002205 1.000000
-0.028956 -1.690577 375.577977
0.422431 -1.731238 -214.084081
0.000062 -0.003448 1.000000
-0.333414 -1.306412 363.211646
-0.197930 -1.114979 122.195775
-0.000433 -0.002255 1.000000
-0.974642 -0.666222 229.770641
-0.603860 -0.166715 182.535072
-0.001510 -0.000853 1.000000
-2.337333 -3.853815 1436.938375
-0.450493 -4.121942 547.851028
-0.001224 -0.005579 1.000000
-1.348001 0.267109 -182.057051
-0.895753 0.196962 30.930011
-0.002137 0.000220 1.000000
0.008380 -1.818789 863.274156
0.075183 -1.786439 81.940553
0.000008 -0.003229 1.000000
-0.327143 -0.883179 225.564324
-0.253725 -0.670757 -60.308534
-0.000761 -0.001658 1.000000
0.051665 -1.359598 481.870695
0.001459 -0.621024 -45.091068
-0.000091 -0.002309 1.000000
-0.613010 -0.191794 91.974774
-0.367082 -0.088252 -285.823309
-0.001410 -0.000653 1.000000
-0.457450 -0.511233 1086.948903
-0.325096 -0.484815 -129.049625
-0.001053 -0.001370 1.000000
0.018888 -1.165538 1259.428756
0.370036 -1.236998 -405.191047
0.000315 -0.003088 1.000000
1.483005 -0.513237 30.645440
0.178548 1.053060 -97.575597
0.000588 -0.000833 1.000000
1.632539 0.210796 -186.269587
0.279874 1.510614 -120.226124
0.000550 0.000010 1.000000
2.817191 -1.729700 -279.482087
1.642937 -0.730299 -265.173351
0.002308 -0.004103 1.000000
-0.042332 -1.502505 547.782985
-0.024506 -1.356403 271.308712
-0.000055 -0.002656 1.000000
-1.566081 -2.427589 926.508972
-0.822354 -2.953708 482.298920
-0.001390 -0.003866 1.000000
-1.125579 -2.094297 960.420616
-0.595783 -2.158799 580.236266
-0.000968 -0.003086 1.000000
-0.752926 -1.639279 644.843959
-0.598584 -1.570243 517.804771
-0.000933 -0.002300 1.000000
1.455259 -1.427337 -95.614180
0.724935 -0.909483 168.222858
0.001008 -0.003216 1.000000
1.446991 0.224233 -209.176386
0.082807 1.393316 -112.207826
0.000259 0.000286 1.000000
1.000000 0.000000 0.000000
-0.000000 1.000000 0.000000
-0.000000 0.000000 1.000000
2.252711 -2.090741 -216.326351
1.254409 -1.296556 131.023565
0.001926 -0.004401 1.000000
-7.607055 4.625310 -630.649491
-7.319947 2.822784 1363.549310
-0.011951 0.009906 1.000000
0.833391 -0.090879 54.754046
-0.016365 0.919059 16.914247
-0.000024 -0.000104 1.000000
2.384180 -0.384712 -134.973538
1.310831 1.410875 -112.782083
0.002261 -0.000636 1.000000
1.093369 -1.396865 323.506439
0.690988 -0.689109 168.179684
0.001121 -0.002598 1.000000
0.851582 -0.196711 70.142055
0.294137 0.441451 138.720248
0.000416 -0.000703 1.000000
0.957778 -1.021078 302.068589
0.639613 -0.440581 125.191963
0.001045 -0.002122 1.000000
1.248416 -0.142019 -81.385785
0.245447 1.177350 -151.420045
0.000595 -0.000439 1.000000
2.184144 -0.342748 -414.175935
0.775331 1.906804 -510.734735
0.001883 -0.000899 1.000000
-0.700530 -0.631053 351.037542
-0.550174 -0.556470 230.056142
-0.001186 -0.001203 1.000000
1.441225 -1.154000 134.183704
0.660556 0.574289 -376.280652
0.001598 -0.002452 1.000000
0.300161 -1.468851 435.094333
0.277134 -1.219394 64.525106
0.000350 -0.002982 1.000000
0.419387 -1.640539 471.754329
0.458825 -1.109521 -25.184466
0.000592 -0.003088 1.000000
1.142623 -1.580509 253.529134
0.585792 -0.816444 122.977603
0.001229 -0.002967 1.000000
0.844811 -1.236903 259.012798
0.461847 -0.859466 189.947837
0.000748 -0.002527 1.000000
-0.190766 -1.131816 536.562454
-0.094479 -1.004219 -0.775820
-0.000463 -0.002224 1.000000
-0.368015 -1.035414 410.733881
-0.378083 -0.896172 73.888535
-0.000758 -0.001760 1.000000
-0.038439 -1.174336 438.438390
-0.044039 -1.044006 177.833171
-0.000092 -0.002236 1.000000
-0.778782 -0.630130 290.795634
-0.689106 -0.522242 305.640291
-0.001349 -0.001073 1.000000
-0.848421 -0.433959 969.907356
-0.645007 -0.160017 85.898483
-0.001483 -0.000639 1.000000
-0.556732 -0.716970 270.460491
-0.385955 -0.346185 148.348661
-0.001185 -0.001353 1.000000
0.585207 -1.675524 372.393319
0.427705 -1.215841 28.515655
0.000659 -0.003065 1.000000
-0.926791 -0.807253 431.244175
-0.807639 -0.918418 340.647699
-0.001473 -0.001360 1.000000
-0.583721 -2.110641 775.494426
-0.269644 -2.090114 352.038473
-0.000494 -0.003677 1.000000
0.178779 -1.253667 488.108024
0.154787 -0.600935 -4.295748
0.000104 -0.002308 1.000000
0.458813 -1.755478 634.458255
0.295534 -1.052573 17.014879
0.000506 -0.002998 1.000000
0.179353 -1.584479 505.974601
0.131368 -1.007655 104.877584
0.000272 -0.003081 1.000000
0.033476 -1.237531 1632.271176
0.111017 -1.128705 -751.098910
-0.000058 -0.002726 1.000000
-0.469701 -0.537838 72.647958
-0.349568 -0.435320 -136.880218
-0.001165 -0.001239 1.000000
-0.362150 -1.018353 493.699679
-0.249630 -1.016153 227.566455
-0.000559 -0.002101 1.000000
-0.382468 -1.267926 474.425900
-0.330978 -1.093351 250.468750
-0.000639 -0.002112 1.000000
-0.323550 -0.930614 487.585428
-0.360125 -1.073532 302.609530
-0.000688 -0.001929 1.000000
-0.051784 -1.165359 501.473636
0.038747 -0.901182 42.782967
-0.000167 -0.002217 1.000000
-0.519099 -0.986147 470.837474
-0.467797 -1.242401 355.543906
-0.000973 -0.001970 1.000000
-0.387463 -0.613052 454.607787
-0.341261 -0.579193 -64.382846
-0.000887 -0.001702 1.000000
-0.415831 -0.917399 618.037187
-0.309817 -0.878992 152.579406
-0.000641 -0.001852 1.000000
-0.493132 -0.872341 681.517944
-0.501549 -1.033670 324.389084
-0.000906 -0.001671 1.000000
-0.956140 -0.649605 875.131067
-0.674542 -0.583547 158.794881
-0.001398 -0.001230 1.000000
-0.674611 -0.771298 862.954287
-0.517875 -0.631644 43.132292
-0.001184 -0.001717 1.000000
-0.380305 -0.400004 373.873218
-0.356425 -0.542523 39.630756
-0.000964 -0.001408 1.000000
-0.710560 -0.874923 692.230495
-0.460538 -0.559120 74.617997
-0.001104 -0.001453 1.000000
-0.821530 -0.674084 986.917053
-0.526447 -0.357983 267.207247
-0.001153 -0.000922 1.000000
-0.432255 -1.325223 749.131440
-0.127958 -1.610828 129.213494
-0.000506 -0.002855 1.000000
-0.569150 -1.319162 890.444286
-0.180274 -1.327430 270.719267
-0.000508 -0.002332 1.000000
-0.506242 -0.814351 171.563618
-0.411269 -0.773117 39.673108
-0.000997 -0.001743 1.000000
-0.490182 -0.801705 426.259543
-0.532872 -1.778353 121.211489
-0.001093 -0.003039 1.000000
-0.164715 -0.824625 465.045015
-0.253659 -0.994218 115.735454
-0.000594 -0.001955 1.000000
-0.623722 -0.629527 169.939175
-0.623749 -0.534637 51.192621
-0.001308 -0.001208 1.000000
-0.272358 -1.440353 390.246702
-0.052976 -1.018797 72.544906
-0.000368 -0.002429 1.000000
-0.675802 -1.484160 601.392638
-0.516044 -1.441172 314.426857
-0.000896 -0.002443 1.000000
0.048954 -1.464126 481.290308
-0.068242 -1.492548 332.455431
-0.000025 -0.002822 1.000000
0.451150 -2.118258 295.499462
0.411520 -2.084438 -44.741581
0.000538 -0.004322 1.000000
-0.373601 -1.328701 821.356348
-0.096826 -0.832580 -145.733036
-0.000470 -0.002227 1.000000
-2.248945 0.712285 3127.649849
-1.576345 1.503366 153.446012
-0.003753 0.002646 1.000000
-0.513258 -0.955554 789.720460
-0.064409 -0.436299 -170.734925
-0.000838 -0.001786 1.000000
-0.360104 -0.782062 438.009229
-0.301702 -0.737790 -13.609172
-0.000845 -0.001813 1.000000
-0.681290 -0.481446 737.484906
-0.466103 -0.120082 -57.717597
-0.001445 -0.000884 1.000000
-0.071339 -1.892471 -146.239386
-0.054393 -1.146950 -24.039348
-0.000339 -0.002953 1.000000
-0.737687 -0.906200 610.848461
-0.401354 -0.684985 166.901045
-0.001012 -0.001590 1.000000
0.012750 -0.695893 551.081780
-0.032576 -1.126260 111.528065
-0.000503 -0.002421 1.000000
-0.024565 -1.218195 856.270813
0.074971 -1.191005 -101.016902
-0.000143 -0.002720 1.000000
-0.640455 -1.233408 491.979753
-0.450259 -0.877420 93.596414
-0.001040 -0.001888 1.000000
0.003395 -0.938070 789.262077
-0.202166 -0.889607 21.720901
-0.000448 -0.001902 1.000000
-0.224519 -0.749498 95.367221
-0.058380 -0.244378 21.380476
-0.000719 -0.001688 1.000000
-4.065782 6.903555 -4810.835485
-3.287580 4.510767 -2179.194283
-0.009997 0.012609 1.000000
-0.780100 -0.535787 937.490916
-0.390783 -0.307130 -80.651937
-0.001393 -0.000980 1.000000
-0.360895 -1.468970 -230.277148
-0.186555 -0.949605 481.419060
-0.000514 -0.002318 1.000000
-0.541930 -1.700650 410.432001
-0.181939 -0.776910 788.188578
-0.000702 -0.002489 1.000000
-0.666095 -1.132434 1064.102056
-0.247049 -0.539578 100.958365
-0.000832 -0.001578 1.000000
-0.368614 -1.437591 739.935924
-0.192904 -1.289001 170.654225
-0.000429 -0.002835 1.000000
-0.737804 -0.363571 650.358136
-0.680052 -0.581893 58.833372
-0.001657 -0.001032 1.000000
-0.491576 -1.413340 1519.924903
-0.143364 -0.626628 262.959597
-0.000590 -0.002071 1.000000
-0.857193 -0.395944 1168.488212
-0.495302 -0.356199 183.113596
-0.001249 -0.000727 1.000000
-0.445907 -1.757159 405.628173
-0.102158 -1.350330 38.689352
-0.000458 -0.002651 1.000000
-0.399389 -0.920516 685.931642
-0.271567 -0.710740 -19.777692
-0.000730 -0.001758 1.000000
0.604955 -3.081610 112.590438
0.638352 -2.465709 -398.443481
0.000944 -0.005709 1.000000
0.006002 -1.532236 455.127442
0.083884 -1.080428 69.354210
0.000037 -0.002801 1.000000
-0.480431 -0.365594 408.617626
-0.574650 -0.556779 64.669776
-0.001240 -0.001371 1.000000
-0.347222 -0.626335 217.292003
-0.355778 -0.572041 119.785694
-0.000806 -0.001654 1.000000
0.275121 -1.074267 162.301118
0.217318 -1.171154 -145.880347
-0.000227 -0.002828 1.000000
0.027244 -1.231126 127.014624
-0.397742 -1.651237 158.130526
-0.000236 -0.002982 1.000000
-0.101482 -0.854278 179.728833
-0.121119 -0.720559 -186.308831
-0.000585 -0.002240 1.000000
-0.177288 -1.420610 723.363833
0.007771 -0.807164 -61.174914
-0.000133 -0.002431 1.000000
-0.397985 -0.980094 338.334115
-0.302135 -0.966102 197.614040
-0.000767 -0.002059 1.000000
-0.183811 -1.254855 412.271624
-0.185241 -1.182667 175.775688
-0.000524 -0.002154 1.000000
-0.473196 -0.978244 437.072961
-0.477829 -1.238838 203.491203
-0.000947 -0.002165 1.000000
-0.081141 -0.580519 -24.841927
-0.286748 -1.005779 42.331013
-0.000671 -0.002083 1.000000
-0.489834 -0.187317 983.345447
-0.479710 -0.271714 -570.084992
-0.001335 -0.001085 1.000000
-0.142852 -0.688461 65.625003
-0.103215 -0.457969 -0.911555
-0.000678 -0.001966 1.000000
-0.266681 -0.371761 -40.022488
-0.349558 -0.532949 108.006688
-0.000945 -0.001413 1.000000
-0.105664 -1.475344 272.365379
-0.218914 -1.438093 65.315035
-0.000573 -0.002923 1.000000
0.113463 -1.413930 85.894703
0.198011 -1.663490 -19.662540
0.000033 -0.003099 1.000000
-0.745478 0.074950 1049.350947
-0.747335 -0.400383 149.584382
-0.001724 -0.000644 1.000000
0.347333 -1.566044 -461.508489
0.262754 -1.009601 -339.896283
0.000180 -0.003488 1.000000
-0.100665 -0.862346 -117.928005
-0.268937 -1.042306 147.885354
-0.000648 -0.002074 1.000000
-0.330504 -0.562775 96.988592
-0.210296 -0.327524 -2.648017
-0.000854 -0.001602 1.000000
-0.370680 -1.041475 638.406855
-0.266416 -0.923800 75.994537
-0.000686 -0.002064 1.000000
-0.381687 -1.283002 444.010920
-0.307833 -0.870954 217.163714
-0.000618 -0.002075 1.000000
-0.061473 -1.460833 439.520290
-0.173943 -1.000624 233.894181
-0.000260 -0.002489 1.000000
-0.254207 -0.545862 -702.841874
-0.399843 -0.665743 63.974601
-0.000922 -0.001529 1.000000
-0.191418 -0.492582 143.697703
-0.235950 -0.553610 102.959204
-0.000692 -0.001569 1.000000
-0.817436 -0.124410 155.880953
-0.921224 -0.258569 -58.387948
-0.001770 -0.000760 1.000000
-0.275940 -0.966030 189.895863
-0.214775 -0.967223 -93.977223
-0.000748 -0.002092 1.000000
2.677029 -3.922885 -2897.759292
1.552060 -3.870328 -945.202662
0.002883 -0.007943 1.000000
0.037993 -2.326318 617.340995
0.154802 -1.978809 -476.656392
0.000380 -0.003860 1.000000
-0.368608 -0.433058 254.220076
-0.448931 -0.600422 -65.226422
-0.001067 -0.001521 1.000000
-0.123084 -1.166519 -159.063100
-0.303086 -0.869907 -285.127936
-0.000648 -0.002320 1.000000
-1.069915 0.079467 555.446953
-0.934136 -0.141743 29.995254
-0.001985 -0.000122 1.000000
-0.437816 -0.750394 613.717888
-0.498587 -0.995212 185.251019
-0.000873 -0.001741 1.000000
-0.254196 -0.904180 591.746445
-0.236459 -1.041081 -424.843635
-0.000477 -0.002222 1.000000
-0.370583 -1.170372 680.468829
-0.286488 -1.073220 96.864567
-0.000613 -0.002146 1.000000
1.450388 -3.003484 1411.357446
1.371234 -3.069365 -1139.404329
0.002590 -0.006389 1.000000
-0.498049 -0.603962 1040.919915
-0.515935 -0.706234 -81.636006
-0.001014 -0.001576 1.000000
-0.467883 -1.129758 34.560717
-0.364458 -0.864759 -73.521824
-0.000934 -0.002059 1.000000
-0.470487 -0.877813 550.134048
-0.515311 -0.901639 -130.025300
-0.001045 -0.001517 1.000000
-0.583765 -0.702501 1108.581973
-0.478998 -0.704082 487.637478
-0.001034 -0.001237 1.000000
-0.796332 -0.819196 975.129987
-0.326044 -0.258366 78.922812
-0.001194 -0.001014 1.000000
-0.013401 -2.174788 1281.627500
0.200220 -1.108372 -449.803465
0.000261 -0.003120 1.000000
-0.691047 -1.067149 967.820603
-0.327254 -0.711293 79.258081
-0.000921 -0.001705 1.000000
-0.517189 -1.481190 931.285557
0.017553 -1.060451 -77.544513
-0.000369 -0.002597 1.000000
-0.699585 -0.319951 870.762986
-0.596178 -0.419848 -183.189290
-0.001214 -0.000792 1.000000
-0.860907 -1.024096 840.949252
-0.582568 -0.267195 -57.517298
-0.001269 -0.001259 1.000000
-0.718737 -0.953693 1084.691088
-0.345858 -0.334116 -10.180333
-0.001065 -0.001318 1.000000
-0.691628 -0.928234 1582.524962
-0.496960 -0.613780 350.428598
-0.001170 -0.001536 1.000000
-0.495681 -0.525771 276.531058
-0.435196 -0.696583 -174.783123
-0.001139 -0.000989 1.000000
0.081516 -1.630016 361.387430
0.139336 -1.294313 -586.380262
-0.000014 -0.003074 1.000000
-0.192972 -0.831342 1146.088141
-0.168635 -0.968520 393.125475
-0.000473 -0.002246 1.000000
-0.113050 -0.891100 574.044733
-0.177902 -1.089983 225.114054
-0.000360 -0.002201 1.000000
-0.750419 -1.079611 784.247262
-0.575352 -0.871756 -30.728203
-0.001248 -0.001700 1.000000
-0.676991 -0.626284 966.675792
-0.373568 -0.269737 -8.207012
-0.001267 -0.001249 1.000000
0.003420 -2.000126 -959.682594
-0.037193 -0.733673 1722.057671
0.000104 -0.003293 1.000000
-0.588628 -0.894789 924.279144
-0.447012 -0.584900 -18.842328
-0.000999 -0.001495 1.000000
-1.596945 0.845668 2679.274204
-1.697714 0.943071 -304.899573
-0.003570 0.002279 1.000000
64.606075 -100.277456 -176771.365795
68.651041 -106.536546 -81577.471615
0.208290 -0.316120 1.000000
-0.991867 -0.474649 617.294768
-0.547774 -0.287140 -304.670560
-0.001552 -0.000456 1.000000
-0.697623 -0.982036 217.394088
-0.498598 -1.006826 1316.834447
-0.001007 -0.001599 1.000000
-0.642346 -0.698825 588.868914
-0.408495 -0.541673 -250.596021
-0.001141 -0.001273 1.000000
-0.222425 -0.970543 521.119087
-0.052808 -0.483073 -225.729927
-0.000592 -0.001798 1.000000
-0.253337 -0.662344 190.982372
-0.093032 -0.245183 -17.022029
-0.000738 -0.001461 1.000000
-1.068676 -0.344634 953.040425
-0.491785 0.030420 -88.869456
-0.001656 -0.000285 1.000000
-1.025270 -0.314565 750.402438
-0.545667 0.105690 -413.783410
-0.001742 -0.000277 1.000000
-0.804248 -0.586406 707.443917
-0.756484 -0.233534 -256.732699
-0.001744 -0.001069 1.000000
-0.470705 -0.948260 798.318821
-0.237492 -0.748051 44.029575
-0.000726 -0.002053 1.000000
-0.687007 -0.517373 716.801356
-0.531637 -0.273211 27.807053
-0.001486 -0.000791 1.000000
-0.624699 -1.081250 865.838670
-0.285993 -0.645684 54.089580
-0.000912 -0.001711 1.000000
-0.760988 -0.791177 861.073154
-0.430594 -0.460795 -219.497587
-0.001173 -0.001290 1.000000
-0.523706 -1.177486 878.238934
-0.199463 -0.726934 101.106871
-0.000755 -0.001915 1.000000
-0.256346 -1.194613 871.450254
0.040295 -0.702905 -109.110067
-0.000356 -0.002270 1.000000
-0.972027 -0.624317 940.552055
-0.482046 -0.162503 44.023681
-0.001378 -0.000682 1.000000
-4.450668 6.027033 4904.479495
-3.131511 3.999852 709.037509
-0.007520 0.008728 1.000000
-0.853500 -0.556796 1072.870118
-0.478521 -0.003631 18.391555
-0.001420 -0.000759 1.000000
-0.672057 -0.121823 -18.294833
-0.573539 -0.149139 -373.557510
-0.001638 -0.000353 1.000000
-0.080164 -1.042838 71.308613
-0.142779 -0.865412 24.367789
-0.000372 -0.002112 1.000000
-0.626587 -0.220928 -130.410335
-0.468297 0.048075 -72.029235
-0.001510 -0.000189 1.000000
-0.569902 -0.719333 384.379352
-0.312456 -0.263885 -79.037958
-0.001053 -0.001175 1.000000
-0.775595 -1.121846 912.514290
-0.258699 -0.407785 -28.445994
-0.001100 -0.001291 1.000000
2.331560 -5.276368 158.341472
1.198874 -2.717435 -3197.985261
0.002795 -0.007593 1.000000
-0.364173 -1.651198 630.326899
0.062576 -1.307857 -401.479685
-0.000301 -0.002701 1.000000
-0.374709 -1.541542 366.178424
-0.087912 -1.104039 38.970245
-0.000378 -0.002360 1.000000
-0.225610 -0.945534 722.402461
-0.252487 -1.323045 186.699797
-0.000723 -0.002548 1.000000
-0.329779 -1.386402 575.563214
-0.163717 -1.062843 46.159169
-0.000523 -0.002105 1.000000
-0.240174 -0.640562 518.291904
-0.318108 -0.994475 192.630530
-0.000772 -0.001798 1.000000
-0.323417 -0.819417 268.825725
-0.180580 -0.842995 -25.490305
-0.000658 -0.001973 1.000000
-0.172414 -0.666747 165.385980
-0.023662 -0.509457 -9.439949
-0.000515 -0.001695 1.000000
-0.817349 -1.031829 839.632819
-0.446306 -0.482122 -46.881082
-0.001281 -0.001467 1.000000
-0.298257 -0.280667 569.204227
-0.559371 -0.767244 165.681786
-0.001126 -0.001529 1.000000
-0.390590 -1.190117 821.741892
-0.246196 -0.859981 -22.605734
-0.000799 -0.002118 1.000000
-0.570910 -1.110040 707.138905
-0.438734 -0.700364 29.174971
-0.001012 -0.001657 1.000000
-0.467177 -0.365049 922.049492
-0.495040 -0.268002 29.809632
-0.001274 -0.001272 1.000000
-0.609584 -0.989670 391.578904
-0.711035 -1.093874 257.649607
-0.001150 -0.001869 1.000000
-0.033353 -1.091175 257.228297
-0.194297 -1.436993 -42.403695
-0.000561 -0.002695 1.000000
-0.410378 -1.183891 344.038430
-0.344712 -1.053402 313.145826
-0.000592 -0.001981 1.000000
-3.195739 5.113822 2695.106065
-1.977992 3.163942 2031.536733
-0.007268 0.009974 1.000000
-0.039769 -1.377520 172.767869
-0.057002 -0.617155 -11.397200
-0.000207 -0.002455 1.000000
0.292483 -1.794932 -114.915025
0.237321 -0.933466 -351.733793
0.000278 -0.003129 1.000000
-0.656312 -1.000964 567.070851
-0.318368 -0.734914 -191.496771
-0.001051 -0.001753 1.000000
-0.507665 -0.816527 610.206250
-0.320611 -0.819634 44.036532
-0.000892 -0.001990 1.000000
-0.901422 -0.794719 767.966559
-0.473630 -0.548130 80.135269
-0.001295 -0.001160 1.000000
-0.195564 -1.125763 784.336683
-0.094871 -0.988878 113.409485
-0.000474 -0.002124 1.000000
0.282937 -1.206658 641.573021
0.259524 -1.988579 130.103994
0.000188 -0.003447 1.000000
-0.724922 -0.521283 406.019701
-0.731360 -0.284451 -142.023996
-0.001477 -0.000977 1.000000
-0.543120 -0.632511 211.222143
-0.503239 -0.515549 99.076704
-0.001155 -0.001252 1.000000
-0.460825 -1.330558 480.309930
-0.252311 -1.460867 56.003894
-0.000529 -0.002515 1.000000
1.068560 -2.764233 859.567308
0.703679 -1.574810 -744.812505
0.001509 -0.005041 1.000000
-0.740144 -0.337857 531.131548
-0.618495 -0.457745 -0.074032
-0.001475 -0.001043 1.000000
-0.364282 -0.551789 193.122402
-0.375224 -0.754281 117.740561
-0.000976 -0.001708 1.000000
0.121405 -2.082491 648.274381
0.048047 -1.073234 51.130710
0.000250 -0.003272 1.000000
-0.342078 -1.127972 446.014860
-0.316802 -1.314841 182.215724
-0.000656 -0.002319 1.000000
-0.463642 -0.886896 990.348169
-0.365047 -0.727869 -32.942291
-0.000803 -0.001537 1.000000
0.306925 -2.100632 1483.911789
0.614354 -1.808807 -790.098529
0.000818 -0.003947 1.000000
-0.641321 -0.855355 641.738740
-0.614395 -0.903438 300.471779
-0.001010 -0.001588 1.000000
-0.375460 -0.905614 415.086676
-0.233567 -0.624755 18.349196
-0.000730 -0.001651 1.000000
-0.281734 -0.554912 126.866312
-0.280140 -0.589829 -89.654101
-0.000812 -0.001587 1.000000
-0.238752 -0.448335 232.683654
-0.207876 -0.444497 157.258853
-0.000760 -0.001306 1.000000
-0.191147 -1.168699 359.186412
0.047404 -0.888052 -202.819121
-0.000481 -0.002160 1.000000
-0.442161 -0.833709 899.624001
-0.156515 -0.409675 -215.408475
-0.000770 -0.001452 1.000000
-0.401097 -0.713946 555.920505
-0.385135 -0.670705 71.274994
-0.000858 -0.001545 1.000000
-0.051715 -0.987909 321.337040
-0.133964 -1.014616 -122.296298
-0.000372 -0.002241 1.000000
-0.544630 -0.681927 714.670561
-0.299205 -0.839839 81.215998
-0.000900 -0.001845 1.000000
