35.859303 282.305298 162.006577 283.107727 47611.000000
52.245621 225.667694 176.936203 230.142441 46889.000000
51.971100 358.641510 173.765976 355.164948 10831.000000
59.852760 216.812195 183.918259 221.681992 7981.000000
63.753391 271.975403 185.784302 273.527344 9214.000000
79.024017 336.192993 198.429718 333.953339 18117.000000
79.024017 336.192993 198.429718 333.953339 987.000000
78.627106 367.254150 189.148743 363.369385 9094.000000
96.080757 319.722229 213.552597 318.181946 768.000000
104.488533 266.821381 222.268616 268.131287 4116.000000
105.791504 328.426392 222.677704 326.451233 9821.000000
105.791504 328.426392 222.677704 326.451233 34809.000000
106.594696 340.054565 223.093094 336.763031 3982.000000
110.843697 187.755386 228.866959 193.022018 4023.000000
111.947914 274.318970 228.857056 274.815002 27380.000000
137.157654 201.797714 252.246201 205.413605 32466.000000
153.794693 207.864151 267.425110 211.104202 13005.000000
157.514801 190.777908 270.817841 194.861069 61244.000000
163.312729 269.627472 277.140900 269.063965 13286.000000
163.162796 336.503326 274.382935 333.678894 20574.000000
171.399948 251.064926 282.593842 251.967728 8096.000000
178.787704 185.234192 290.175385 189.058975 2310.000000
184.766800 380.540070 294.891113 375.539520 11617.000000
188.672623 190.125336 299.876312 193.400711 16929.000000
191.523468 254.291687 301.539764 254.693573 94572.000000
197.867661 320.585297 306.606720 318.240723 4274.000000
197.867661 320.585297 306.606720 318.240723 32913.000000
209.750381 276.693329 318.186707 275.976044 2076.000000
209.750381 276.693329 318.186707 275.976044 1183.000000
342.208191 337.908508 333.562256 342.271942 42397.000000
350.961182 270.134827 342.791107 275.582367 3299.000000
354.559235 356.169067 341.090271 360.217865 29919.000000
387.183929 609.243103 351.146515 608.554932 9094.000000
417.181000 347.039307 386.647614 352.004303 14680.000000
417.181000 347.039307 386.647614 352.004303 8771.000000
416.580505 399.990021 378.139771 404.755219 12969.000000
424.330780 529.660522 393.822815 531.183655 12156.000000
427.382874 366.858063 394.583740 371.682678 24702.000000
427.641571 648.600220 377.702972 648.984436 6058.000000
430.158966 502.962189 394.084229 505.767487 7973.000000
430.330841 543.205078 395.903412 545.159424 8480.000000
430.330841 543.205078 395.903412 545.159424 60318.000000
429.770538 553.068298 394.716125 554.418884 49185.000000
439.781555 665.831909 387.695038 666.864990 72233.000000
446.396027 349.610718 415.309845 354.261322 36220.000000
446.884827 543.944458 412.915558 546.198853 12276.000000
450.752594 539.626343 417.261108 542.044067 78000.000000
452.931396 459.515503 420.416290 463.015259 77210.000000
459.126953 329.790497 427.793854 334.775726 82810.000000
465.623169 348.817871 433.757629 353.764343 37154.000000
465.623169 348.817871 433.757629 353.764343 55876.000000
482.889130 400.038727 444.505524 404.776855 28974.000000
484.604523 386.262085 444.385864 391.122711 36338.000000
495.444611 409.454712 455.885040 414.365112 15393.000000
495.652344 720.992065 399.317841 725.934692 35347.000000
495.652344 720.992065 399.317841 725.934692 15518.000000
509.403625 399.396301 473.057983 404.230469 52608.000000
538.952271 559.240723 466.930817 566.181458 12745.000000
549.800781 372.828461 513.133484 377.732056 51450.000000
558.309509 419.013458 528.958435 423.963654 21320.000000
572.280212 393.371948 538.151672 398.376160 18260.000000
571.778015 429.206207 542.266052 434.070038 7109.000000
573.230713 386.839081 537.749695 391.834930 7172.000000
584.652100 602.398438 507.632996 610.968933 1156.000000
588.018494 376.667328 552.435669 381.398224 5522.000000
592.514893 740.687500 477.096252 752.245056 45481.000000
593.751465 251.622910 580.407898 253.940308 39109.000000
593.620483 599.485046 520.694092 608.776978 3423.000000
593.620483 599.485046 520.694092 608.776978 7129.000000
601.143066 736.011353 488.404724 747.840332 32598.000000
601.143066 736.011353 488.404724 747.840332 17857.000000
608.057007 641.853455 514.935974 652.820740 6967.000000
611.060730 595.454834 558.742676 604.095093 63061.000000
616.687622 548.104370 570.992065 555.927124 49418.000000
618.132812 373.448639 587.873413 378.195618 30174.000000
620.778625 385.624969 589.823486 390.467834 13754.000000
622.810791 332.022552 604.106201 335.306274 28729.000000
622.708740 378.863312 592.358948 383.719269 24860.000000
623.583435 182.941147 601.368774 184.101578 5837.000000
627.896667 204.568008 607.623962 205.435867 49621.000000
629.974487 396.320465 603.645935 401.268066 10030.000000
630.856567 598.062195 580.702820 607.531250 17173.000000
633.167847 327.500641 616.045288 330.420563 9018.000000
648.433289 392.042969 625.356445 396.908081 14883.000000
649.254089 590.176086 601.582275 600.110596 64540.000000
739.846069 408.942657 856.290283 406.137909 14429.000000
749.295837 408.037659 866.848450 405.057434 19169.000000
756.748413 522.366516 709.605347 534.322754 42668.000000
778.434875 363.830933 917.990845 357.507111 31100.000000
783.806824 428.059784 903.035400 427.027130 10183.000000
805.795715 388.178406 929.856995 384.903412 33519.000000
806.609985 382.553650 931.815125 378.577850 24218.000000
836.981628 395.811462 961.379456 393.039734 14687.000000
20.934336 455.711456 146.692139 445.556061 14523.000000
24.946253 335.892548 152.663696 333.788483 6540.000000
43.340446 263.174805 169.185013 265.551453 86298.000000
63.669060 318.360840 184.802292 316.893158 55741.000000
64.366440 330.344177 185.614731 328.526398 52570.000000
68.837654 188.431946 191.814514 194.696991 2204.000000
79.193817 183.926300 201.096466 190.034500 16549.000000
85.005508 332.240967 203.964676 329.276062 20391.000000
93.072990 206.345444 212.076492 211.347748 2582.000000
96.168320 302.043793 214.566406 301.535614 50627.000000
114.294319 444.179901 229.196716 435.765350 55607.000000
114.294319 444.179901 229.196716 435.765350 15693.000000
115.651756 205.801483 233.423767 209.614182 2784.000000
124.409866 263.213440 239.921143 264.089600 6015.000000
125.346146 202.217087 241.514191 206.433533 61422.000000
125.854477 341.454254 240.529724 338.671387 44699.000000
138.219635 304.973877 251.672470 303.865692 41772.000000
151.563339 364.889221 263.657593 360.630463 48140.000000
163.559647 180.484222 276.404358 185.009460 41396.000000
167.335083 314.331421 278.613098 312.522797 20997.000000
171.965927 276.557678 282.853455 276.468842 12644.000000
173.017639 218.908264 285.131653 220.913574 36307.000000
187.977539 282.409088 297.744690 281.199341 23143.000000
353.290649 356.659363 341.090271 360.217865 11978.000000
353.290649 356.659363 341.090271 360.217865 5916.000000
366.811218 294.911743 358.689728 299.562805 5439.000000
384.793213 654.057495 333.503357 652.946716 4147.000000
395.891754 431.717773 353.051910 435.902679 53739.000000
403.042664 335.848816 373.944214 340.757690 13275.000000
403.042664 335.848816 373.944214 340.757690 25712.000000
415.263245 312.025543 385.446625 317.439178 13463.000000
416.516785 431.121368 374.067993 435.427673 8787.000000
421.646301 509.860565 386.085785 512.230469 15493.000000
425.490845 685.506592 362.448822 686.045715 32553.000000
437.194458 508.200226 402.155182 511.012329 3865.000000
437.194458 508.200226 402.155182 511.012329 21002.000000
438.403473 193.121140 411.843353 200.351944 18056.000000
440.505890 575.412659 405.872131 576.885132 5873.000000
449.704376 665.094482 397.666107 666.672729 10419.000000
449.704376 665.094482 397.666107 666.672729 46301.000000
450.668030 507.693024 416.104248 510.679413 67373.000000
451.992737 603.995056 414.773834 605.627686 11791.000000
456.355042 647.518738 407.975891 649.355713 46582.000000
456.355042 647.518738 407.975891 649.355713 5807.000000
461.516632 355.357727 429.516541 360.086029 53537.000000
462.105927 340.728394 430.627594 345.555878 42665.000000
472.691864 368.488831 440.276886 372.813354 13001.000000
479.882385 355.826660 446.768219 360.503082 67452.000000
491.828796 386.993896 452.065125 392.081116 13289.000000
499.532715 459.876282 469.369629 463.953186 3531.000000
502.787537 416.097015 462.571625 421.212982 45393.000000
505.363983 409.862579 465.497833 414.675995 4479.000000
529.142822 189.065277 507.391754 192.543015 8043.000000
531.698425 386.470795 493.802826 390.915375 4119.000000
535.206177 183.994614 512.788208 187.376007 51399.000000
545.100647 520.353455 469.792145 527.433228 40366.000000
548.636841 385.334442 510.909821 390.473938 16665.000000
553.157959 191.211533 531.861755 193.996719 23775.000000
562.661011 386.084564 526.062744 390.993896 69641.000000
572.660522 193.779449 554.158081 195.756027 91203.000000
582.840881 397.953705 546.379883 402.870728 37522.000000
591.859619 317.953644 577.478333 321.122986 39157.000000
595.519653 195.162415 579.292908 196.716095 40829.000000
601.630981 637.437134 508.828583 648.038208 41983.000000
601.630981 637.437134 508.828583 648.038208 27253.000000
605.194824 441.196228 577.105713 446.568573 26773.000000
605.596436 479.153625 568.181396 485.733215 87467.000000
610.479370 420.199585 583.716125 425.129181 55957.000000
624.562805 655.818481 528.629517 668.206543 31954.000000
632.095947 181.421677 611.254761 181.721146 13807.000000
632.019714 413.894531 606.177124 418.923218 48279.000000
632.747375 441.560272 608.174500 447.072815 9251.000000
634.919128 347.199127 615.350281 350.851593 43648.000000
640.932556 575.615417 594.701843 584.879028 56161.000000
640.932556 575.615417 594.701843 584.879028 41818.000000
642.379456 183.377182 623.168274 183.637741 16619.000000
649.829529 385.785187 626.042969 390.771362 40751.000000
654.843994 446.860657 634.751831 452.715027 2698.000000
659.271667 325.940155 646.969604 328.545868 29809.000000
659.271667 325.940155 646.969604 328.545868 7189.000000
662.252502 448.428192 642.728638 454.636017 47813.000000
664.880737 455.130249 648.803284 460.769287 9918.000000
666.803284 309.030975 658.180542 310.918091 45407.000000
667.935852 407.274200 647.308533 412.806641 9482.000000
670.281921 174.623642 663.583618 172.587128 9217.000000
670.968872 499.168762 639.218933 507.184723 43577.000000
673.001038 315.518280 664.681763 317.532013 10663.000000
673.001038 315.518280 664.681763 317.532013 15746.000000
683.839478 390.968597 661.669067 395.632416 1613.000000
703.704285 405.696594 688.350098 410.603943 2337.000000
705.626587 426.710571 689.265808 432.420074 3084.000000
705.626587 426.710571 689.265808 432.420074 1923.000000
735.902954 570.032043 688.922913 583.845886 1973.000000
750.275391 503.119110 703.273987 514.564697 7545.000000
761.891113 358.934448 900.143616 352.145111 7389.000000
782.358276 410.365814 901.477905 407.913177 8385.000000
790.602600 390.404297 913.056885 386.845001 5722.000000
790.870667 431.169250 910.593506 429.982483 10659.000000
826.591370 419.238281 949.142334 418.006500 5030.000000
834.980591 367.514862 981.939941 361.447479 7754.000000
841.993103 365.447723 989.510620 359.510925 2691.000000
45.562141 252.829315 170.873260 255.679291 6544.000000
66.268440 210.519913 189.281113 216.153564 48522.000000
99.864555 185.234360 219.102997 190.869354 3817.000000
99.864555 185.234360 219.102997 190.869354 4740.000000
147.852661 331.406464 260.525574 329.020172 5239.000000
157.295303 219.236633 270.480438 222.003876 16022.000000
162.796646 195.671661 275.988647 198.680359 66275.000000
182.186340 245.339508 293.414398 245.576874 20456.000000
205.068344 157.884918 315.748535 161.404221 28388.000000
355.352631 417.889984 331.551971 419.915894 8940.000000
367.156525 275.431274 358.573883 280.640717 52600.000000
373.642731 668.595520 320.845947 666.633118 8401.000000
413.242920 495.380127 376.001617 497.371399 1197.000000
430.609741 691.504333 364.871796 692.327393 12818.000000
435.166992 548.063477 400.640411 549.981628 4703.000000
445.216003 483.162506 407.330170 486.218262 4932.000000
455.835693 223.858795 426.637482 230.197464 11094.000000
457.119598 557.338806 422.062286 559.934570 22010.000000
461.455017 603.553345 423.872131 605.845703 5351.000000
466.516479 506.203125 432.294373 509.744354 3473.000000
467.627167 302.178833 439.495544 306.634674 10515.000000
489.374207 394.694397 451.122955 399.445374 27687.000000
496.587250 173.612518 467.182159 178.931564 24975.000000
499.958679 194.447021 468.905609 199.880417 25674.000000
513.589600 418.306763 474.360046 423.289948 25021.000000
513.589600 418.306763 474.360046 423.289948 25223.000000
556.182556 571.755981 484.001709 579.454224 62189.000000
580.571533 212.306519 567.852783 213.756683 71514.000000
587.303772 381.451294 551.969360 386.737366 14235.000000
588.817688 607.005188 514.509338 615.744385 54577.000000
611.146790 474.205536 574.442383 481.102142 56106.000000
617.371643 494.696747 578.672791 501.767456 38953.000000
617.371643 494.696747 578.672791 501.767456 27197.000000
620.644531 472.097198 584.656616 479.085022 3521.000000
632.831787 511.529663 593.031921 519.078857 53772.000000
649.041809 439.989929 625.828857 445.421509 20518.000000
659.910950 427.708130 637.484985 433.316040 45433.000000
677.663757 414.800812 657.304077 420.375031 66359.000000
833.491455 412.445007 957.877869 411.032227 54029.000000
836.098755 404.377960 959.493774 402.210327 39777.000000
843.182861 424.395477 967.618530 423.931885 10232.000000
95.546417 311.230957 214.156250 310.241089 16894.000000
95.546417 311.230957 214.156250 310.241089 13985.000000
98.982590 377.877289 216.226440 372.990417 34108.000000
143.888031 269.629822 256.836182 270.016083 13600.000000
152.282181 287.462891 264.825928 286.655670 14410.000000
154.523544 186.655807 268.102966 190.905777 11518.000000
198.083023 309.342590 306.352844 307.566376 58252.000000
353.109497 427.676025 329.009247 429.923828 17006.000000
385.439056 585.007935 352.381439 584.534302 15144.000000
410.027039 322.037811 379.597504 327.402069 13203.000000
410.546173 561.133179 378.478851 561.971008 12367.000000
410.546173 561.133179 378.478851 561.971008 23338.000000
431.280090 642.670715 382.345764 643.070862 10569.000000
438.538055 310.883331 408.964325 316.111206 9616.000000
444.683289 422.381653 399.430695 426.633545 7423.000000
450.466431 493.517670 414.705841 496.589508 4472.000000
498.855499 419.244598 458.654694 424.272186 6911.000000
519.091003 430.933136 479.361908 435.858978 15355.000000
592.500427 477.006622 553.466858 483.427429 77112.000000
600.424744 463.654999 562.891174 469.956024 35005.000000
600.424744 463.654999 562.891174 469.956024 49543.000000
603.953796 515.037842 562.761658 521.754211 21496.000000
615.820435 555.569336 567.697632 563.959717 41496.000000
615.820435 555.569336 567.697632 563.959717 60817.000000
649.073914 439.683838 625.828857 445.421509 9580.000000
671.126465 427.276764 649.625122 432.491486 22404.000000
680.256531 449.060699 664.610291 454.857422 4160.000000
704.793030 536.075378 663.985718 547.304199 12409.000000
842.688904 407.725830 966.386963 405.604462 32666.000000
127.510674 178.736084 243.738281 184.485718 17356.000000
127.510674 178.736084 243.738281 184.485718 15485.000000
128.296967 353.606934 238.676224 349.940155 43205.000000
165.599487 228.042053 278.352936 230.072861 11415.000000
185.161896 264.267487 295.356598 263.946747 14692.000000
395.259613 495.632721 362.522186 497.603455 25746.000000
395.259613 495.632721 362.522186 497.603455 59523.000000
401.308655 483.159424 370.144409 485.445801 27436.000000
443.065857 573.117432 407.786469 574.868469 14974.000000
445.424194 558.090515 412.405426 560.338501 50397.000000
459.056519 529.042114 424.972321 531.633728 18260.000000
458.515076 726.335205 359.042023 729.103333 14386.000000
471.154205 366.036652 438.173981 370.832977 33195.000000
483.139374 723.901123 385.404572 727.637573 60771.000000
516.291565 212.042404 498.022552 215.718552 27513.000000
537.230713 395.727142 502.444305 400.577209 5494.000000
557.796631 414.175964 528.195435 418.753967 10796.000000
566.684204 394.393158 531.843872 399.540222 32446.000000
581.862793 465.641022 542.632202 471.347412 15428.000000
619.120850 423.170380 592.555786 428.189880 18882.000000
626.436096 501.952942 588.515076 509.267548 27096.000000
626.644531 567.004456 580.183838 576.417847 68849.000000
670.668701 395.828461 651.349060 400.842712 8002.000000
670.668701 395.828461 651.349060 400.842712 9822.000000
162.975555 204.524384 276.123016 207.989655 4419.000000
162.975555 204.524384 276.123016 207.989655 65534.000000
167.522873 367.671326 278.608307 363.442993 35985.000000
405.079834 399.647491 368.502930 404.256287 12615.000000
441.914734 399.328918 405.443268 403.870056 3207.000000
539.307495 214.814865 521.630432 218.176102 15483.000000
558.914429 214.895081 543.819397 217.204758 18885.000000
602.349365 433.927643 575.054138 438.818878 19307.000000
652.751465 153.526611 647.242737 151.613602 12562.000000
683.417114 197.576523 676.469971 196.179657 52750.000000
683.417114 197.576523 676.469971 196.179657 29421.000000
143.972839 278.493530 256.749908 278.425598 51203.000000
367.104645 602.942566 334.761963 601.217224 54630.000000
443.423431 440.476837 402.846100 444.735474 7519.000000
452.708588 198.056976 423.664612 204.538696 34245.000000
453.712189 600.062805 417.445374 602.182617 29478.000000
487.608215 435.846283 447.729858 440.508057 39830.000000
533.201660 615.971619 459.954224 621.996216 10294.000000
560.238525 430.874725 530.387024 435.160309 56974.000000
560.238525 430.874725 530.387024 435.160309 2769.000000
596.455200 701.179626 485.917297 712.161011 36216.000000
600.502258 301.415710 584.707458 303.480835 14300.000000
607.225830 141.892944 589.436462 142.122894 38607.000000
105.662651 162.215912 224.705154 168.778152 2336.000000
105.662651 162.215912 224.705154 168.778152 4536.000000
597.505371 382.534943 562.200256 387.141388 31744.000000
680.514465 166.923782 673.941101 164.437805 18564.000000
389.777954 560.395386 357.314545 560.633667 39434.000000
458.589020 469.009827 415.988342 472.643555 59669.000000
603.748596 197.194626 585.460693 198.142838 27170.000000
648.206726 426.086853 618.735596 432.246002 39996.000000
555.888672 710.938416 453.901978 720.063782 41833.000000
